row_index,label,algorithm,feature_space
0,42,minibatch_k64,text_pca256_lexical_w005
1,4,minibatch_k64,text_pca256_lexical_w005
2,50,minibatch_k64,text_pca256_lexical_w005
3,5,minibatch_k64,text_pca256_lexical_w005
4,8,minibatch_k64,text_pca256_lexical_w005
5,62,minibatch_k64,text_pca256_lexical_w005
6,62,minibatch_k64,text_pca256_lexical_w005
7,5,minibatch_k64,text_pca256_lexical_w005
8,5,minibatch_k64,text_pca256_lexical_w005
9,5,minibatch_k64,text_pca256_lexical_w005
10,5,minibatch_k64,text_pca256_lexical_w005
11,62,minibatch_k64,text_pca256_lexical_w005
12,62,minibatch_k64,text_pca256_lexical_w005
13,5,minibatch_k64,text_pca256_lexical_w005
14,45,minibatch_k64,text_pca256_lexical_w005
15,42,minibatch_k64,text_pca256_lexical_w005
16,62,minibatch_k64,text_pca256_lexical_w005
17,0,minibatch_k64,text_pca256_lexical_w005
18,62,minibatch_k64,text_pca256_lexical_w005
19,5,minibatch_k64,text_pca256_lexical_w005
20,5,minibatch_k64,text_pca256_lexical_w005
21,5,minibatch_k64,text_pca256_lexical_w005
22,62,minibatch_k64,text_pca256_lexical_w005
23,8,minibatch_k64,text_pca256_lexical_w005
24,0,minibatch_k64,text_pca256_lexical_w005
25,62,minibatch_k64,text_pca256_lexical_w005
26,0,minibatch_k64,text_pca256_lexical_w005
27,0,minibatch_k64,text_pca256_lexical_w005
28,8,minibatch_k64,text_pca256_lexical_w005
29,8,minibatch_k64,text_pca256_lexical_w005
30,23,minibatch_k64,text_pca256_lexical_w005
31,8,minibatch_k64,text_pca256_lexical_w005
32,0,minibatch_k64,text_pca256_lexical_w005
33,45,minibatch_k64,text_pca256_lexical_w005
34,0,minibatch_k64,text_pca256_lexical_w005
35,10,minibatch_k64,text_pca256_lexical_w005
36,45,minibatch_k64,text_pca256_lexical_w005
37,0,minibatch_k64,text_pca256_lexical_w005
38,23,minibatch_k64,text_pca256_lexical_w005
39,5,minibatch_k64,text_pca256_lexical_w005
40,5,minibatch_k64,text_pca256_lexical_w005
41,0,minibatch_k64,text_pca256_lexical_w005
42,45,minibatch_k64,text_pca256_lexical_w005
43,5,minibatch_k64,text_pca256_lexical_w005
44,5,minibatch_k64,text_pca256_lexical_w005
45,4,minibatch_k64,text_pca256_lexical_w005
46,5,minibatch_k64,text_pca256_lexical_w005
47,0,minibatch_k64,text_pca256_lexical_w005
48,45,minibatch_k64,text_pca256_lexical_w005
49,10,minibatch_k64,text_pca256_lexical_w005
50,42,minibatch_k64,text_pca256_lexical_w005
51,5,minibatch_k64,text_pca256_lexical_w005
52,23,minibatch_k64,text_pca256_lexical_w005
53,0,minibatch_k64,text_pca256_lexical_w005
54,62,minibatch_k64,text_pca256_lexical_w005
55,0,minibatch_k64,text_pca256_lexical_w005
56,8,minibatch_k64,text_pca256_lexical_w005
57,62,minibatch_k64,text_pca256_lexical_w005
58,62,minibatch_k64,text_pca256_lexical_w005
59,2,minibatch_k64,text_pca256_lexical_w005
60,0,minibatch_k64,text_pca256_lexical_w005
61,8,minibatch_k64,text_pca256_lexical_w005
62,5,minibatch_k64,text_pca256_lexical_w005
63,15,minibatch_k64,text_pca256_lexical_w005
64,39,minibatch_k64,text_pca256_lexical_w005
65,62,minibatch_k64,text_pca256_lexical_w005
66,0,minibatch_k64,text_pca256_lexical_w005
67,45,minibatch_k64,text_pca256_lexical_w005
68,38,minibatch_k64,text_pca256_lexical_w005
69,15,minibatch_k64,text_pca256_lexical_w005
70,45,minibatch_k64,text_pca256_lexical_w005
71,58,minibatch_k64,text_pca256_lexical_w005
72,55,minibatch_k64,text_pca256_lexical_w005
73,45,minibatch_k64,text_pca256_lexical_w005
74,35,minibatch_k64,text_pca256_lexical_w005
75,8,minibatch_k64,text_pca256_lexical_w005
76,15,minibatch_k64,text_pca256_lexical_w005
77,52,minibatch_k64,text_pca256_lexical_w005
78,15,minibatch_k64,text_pca256_lexical_w005
79,0,minibatch_k64,text_pca256_lexical_w005
80,23,minibatch_k64,text_pca256_lexical_w005
81,0,minibatch_k64,text_pca256_lexical_w005
82,62,minibatch_k64,text_pca256_lexical_w005
83,39,minibatch_k64,text_pca256_lexical_w005
84,25,minibatch_k64,text_pca256_lexical_w005
85,62,minibatch_k64,text_pca256_lexical_w005
86,15,minibatch_k64,text_pca256_lexical_w005
87,15,minibatch_k64,text_pca256_lexical_w005
88,5,minibatch_k64,text_pca256_lexical_w005
89,8,minibatch_k64,text_pca256_lexical_w005
90,15,minibatch_k64,text_pca256_lexical_w005
91,42,minibatch_k64,text_pca256_lexical_w005
92,46,minibatch_k64,text_pca256_lexical_w005
93,0,minibatch_k64,text_pca256_lexical_w005
94,5,minibatch_k64,text_pca256_lexical_w005
95,0,minibatch_k64,text_pca256_lexical_w005
96,5,minibatch_k64,text_pca256_lexical_w005
97,42,minibatch_k64,text_pca256_lexical_w005
98,5,minibatch_k64,text_pca256_lexical_w005
99,14,minibatch_k64,text_pca256_lexical_w005
100,62,minibatch_k64,text_pca256_lexical_w005
101,0,minibatch_k64,text_pca256_lexical_w005
102,5,minibatch_k64,text_pca256_lexical_w005
103,0,minibatch_k64,text_pca256_lexical_w005
104,23,minibatch_k64,text_pca256_lexical_w005
105,5,minibatch_k64,text_pca256_lexical_w005
106,23,minibatch_k64,text_pca256_lexical_w005
107,52,minibatch_k64,text_pca256_lexical_w005
108,8,minibatch_k64,text_pca256_lexical_w005
109,5,minibatch_k64,text_pca256_lexical_w005
110,62,minibatch_k64,text_pca256_lexical_w005
111,0,minibatch_k64,text_pca256_lexical_w005
112,23,minibatch_k64,text_pca256_lexical_w005
113,0,minibatch_k64,text_pca256_lexical_w005
114,0,minibatch_k64,text_pca256_lexical_w005
115,5,minibatch_k64,text_pca256_lexical_w005
116,0,minibatch_k64,text_pca256_lexical_w005
117,8,minibatch_k64,text_pca256_lexical_w005
118,52,minibatch_k64,text_pca256_lexical_w005
119,0,minibatch_k64,text_pca256_lexical_w005
120,0,minibatch_k64,text_pca256_lexical_w005
121,25,minibatch_k64,text_pca256_lexical_w005
122,8,minibatch_k64,text_pca256_lexical_w005
123,4,minibatch_k64,text_pca256_lexical_w005
124,0,minibatch_k64,text_pca256_lexical_w005
125,0,minibatch_k64,text_pca256_lexical_w005
126,10,minibatch_k64,text_pca256_lexical_w005
127,62,minibatch_k64,text_pca256_lexical_w005
128,42,minibatch_k64,text_pca256_lexical_w005
129,0,minibatch_k64,text_pca256_lexical_w005
130,62,minibatch_k64,text_pca256_lexical_w005
131,42,minibatch_k64,text_pca256_lexical_w005
132,42,minibatch_k64,text_pca256_lexical_w005
133,23,minibatch_k64,text_pca256_lexical_w005
134,15,minibatch_k64,text_pca256_lexical_w005
135,5,minibatch_k64,text_pca256_lexical_w005
136,5,minibatch_k64,text_pca256_lexical_w005
137,5,minibatch_k64,text_pca256_lexical_w005
138,0,minibatch_k64,text_pca256_lexical_w005
139,5,minibatch_k64,text_pca256_lexical_w005
140,45,minibatch_k64,text_pca256_lexical_w005
141,38,minibatch_k64,text_pca256_lexical_w005
142,15,minibatch_k64,text_pca256_lexical_w005
143,45,minibatch_k64,text_pca256_lexical_w005
144,45,minibatch_k64,text_pca256_lexical_w005
145,55,minibatch_k64,text_pca256_lexical_w005
146,8,minibatch_k64,text_pca256_lexical_w005
147,0,minibatch_k64,text_pca256_lexical_w005
148,0,minibatch_k64,text_pca256_lexical_w005
149,5,minibatch_k64,text_pca256_lexical_w005
150,45,minibatch_k64,text_pca256_lexical_w005
151,60,minibatch_k64,text_pca256_lexical_w005
152,4,minibatch_k64,text_pca256_lexical_w005
153,15,minibatch_k64,text_pca256_lexical_w005
154,15,minibatch_k64,text_pca256_lexical_w005
155,0,minibatch_k64,text_pca256_lexical_w005
156,62,minibatch_k64,text_pca256_lexical_w005
157,62,minibatch_k64,text_pca256_lexical_w005
158,33,minibatch_k64,text_pca256_lexical_w005
159,14,minibatch_k64,text_pca256_lexical_w005
160,0,minibatch_k64,text_pca256_lexical_w005
161,52,minibatch_k64,text_pca256_lexical_w005
162,5,minibatch_k64,text_pca256_lexical_w005
163,15,minibatch_k64,text_pca256_lexical_w005
164,15,minibatch_k64,text_pca256_lexical_w005
165,45,minibatch_k64,text_pca256_lexical_w005
166,0,minibatch_k64,text_pca256_lexical_w005
167,56,minibatch_k64,text_pca256_lexical_w005
168,0,minibatch_k64,text_pca256_lexical_w005
169,5,minibatch_k64,text_pca256_lexical_w005
170,0,minibatch_k64,text_pca256_lexical_w005
171,2,minibatch_k64,text_pca256_lexical_w005
172,62,minibatch_k64,text_pca256_lexical_w005
173,52,minibatch_k64,text_pca256_lexical_w005
174,59,minibatch_k64,text_pca256_lexical_w005
175,23,minibatch_k64,text_pca256_lexical_w005
176,0,minibatch_k64,text_pca256_lexical_w005
177,23,minibatch_k64,text_pca256_lexical_w005
178,0,minibatch_k64,text_pca256_lexical_w005
179,8,minibatch_k64,text_pca256_lexical_w005
180,25,minibatch_k64,text_pca256_lexical_w005
181,5,minibatch_k64,text_pca256_lexical_w005
182,15,minibatch_k64,text_pca256_lexical_w005
183,0,minibatch_k64,text_pca256_lexical_w005
184,15,minibatch_k64,text_pca256_lexical_w005
185,58,minibatch_k64,text_pca256_lexical_w005
186,38,minibatch_k64,text_pca256_lexical_w005
187,15,minibatch_k64,text_pca256_lexical_w005
188,23,minibatch_k64,text_pca256_lexical_w005
189,0,minibatch_k64,text_pca256_lexical_w005
190,55,minibatch_k64,text_pca256_lexical_w005
191,4,minibatch_k64,text_pca256_lexical_w005
192,45,minibatch_k64,text_pca256_lexical_w005
193,54,minibatch_k64,text_pca256_lexical_w005
194,14,minibatch_k64,text_pca256_lexical_w005
195,0,minibatch_k64,text_pca256_lexical_w005
196,45,minibatch_k64,text_pca256_lexical_w005
197,8,minibatch_k64,text_pca256_lexical_w005
198,4,minibatch_k64,text_pca256_lexical_w005
199,45,minibatch_k64,text_pca256_lexical_w005
200,45,minibatch_k64,text_pca256_lexical_w005
201,5,minibatch_k64,text_pca256_lexical_w005
202,4,minibatch_k64,text_pca256_lexical_w005
203,45,minibatch_k64,text_pca256_lexical_w005
204,23,minibatch_k64,text_pca256_lexical_w005
205,4,minibatch_k64,text_pca256_lexical_w005
206,4,minibatch_k64,text_pca256_lexical_w005
207,4,minibatch_k64,text_pca256_lexical_w005
208,23,minibatch_k64,text_pca256_lexical_w005
209,4,minibatch_k64,text_pca256_lexical_w005
210,5,minibatch_k64,text_pca256_lexical_w005
211,5,minibatch_k64,text_pca256_lexical_w005
212,23,minibatch_k64,text_pca256_lexical_w005
213,4,minibatch_k64,text_pca256_lexical_w005
214,4,minibatch_k64,text_pca256_lexical_w005
215,4,minibatch_k64,text_pca256_lexical_w005
216,4,minibatch_k64,text_pca256_lexical_w005
217,2,minibatch_k64,text_pca256_lexical_w005
218,4,minibatch_k64,text_pca256_lexical_w005
219,4,minibatch_k64,text_pca256_lexical_w005
220,4,minibatch_k64,text_pca256_lexical_w005
221,4,minibatch_k64,text_pca256_lexical_w005
222,5,minibatch_k64,text_pca256_lexical_w005
223,5,minibatch_k64,text_pca256_lexical_w005
224,45,minibatch_k64,text_pca256_lexical_w005
225,23,minibatch_k64,text_pca256_lexical_w005
226,4,minibatch_k64,text_pca256_lexical_w005
227,45,minibatch_k64,text_pca256_lexical_w005
228,0,minibatch_k64,text_pca256_lexical_w005
229,23,minibatch_k64,text_pca256_lexical_w005
230,4,minibatch_k64,text_pca256_lexical_w005
231,4,minibatch_k64,text_pca256_lexical_w005
232,45,minibatch_k64,text_pca256_lexical_w005
233,0,minibatch_k64,text_pca256_lexical_w005
234,10,minibatch_k64,text_pca256_lexical_w005
235,5,minibatch_k64,text_pca256_lexical_w005
236,23,minibatch_k64,text_pca256_lexical_w005
237,0,minibatch_k64,text_pca256_lexical_w005
238,2,minibatch_k64,text_pca256_lexical_w005
239,62,minibatch_k64,text_pca256_lexical_w005
240,0,minibatch_k64,text_pca256_lexical_w005
241,25,minibatch_k64,text_pca256_lexical_w005
242,4,minibatch_k64,text_pca256_lexical_w005
243,15,minibatch_k64,text_pca256_lexical_w005
244,62,minibatch_k64,text_pca256_lexical_w005
245,45,minibatch_k64,text_pca256_lexical_w005
246,45,minibatch_k64,text_pca256_lexical_w005
247,5,minibatch_k64,text_pca256_lexical_w005
248,29,minibatch_k64,text_pca256_lexical_w005
249,15,minibatch_k64,text_pca256_lexical_w005
250,29,minibatch_k64,text_pca256_lexical_w005
251,59,minibatch_k64,text_pca256_lexical_w005
252,8,minibatch_k64,text_pca256_lexical_w005
253,45,minibatch_k64,text_pca256_lexical_w005
254,38,minibatch_k64,text_pca256_lexical_w005
255,58,minibatch_k64,text_pca256_lexical_w005
256,10,minibatch_k64,text_pca256_lexical_w005
257,0,minibatch_k64,text_pca256_lexical_w005
258,33,minibatch_k64,text_pca256_lexical_w005
259,62,minibatch_k64,text_pca256_lexical_w005
260,15,minibatch_k64,text_pca256_lexical_w005
261,15,minibatch_k64,text_pca256_lexical_w005
262,4,minibatch_k64,text_pca256_lexical_w005
263,4,minibatch_k64,text_pca256_lexical_w005
264,14,minibatch_k64,text_pca256_lexical_w005
265,21,minibatch_k64,text_pca256_lexical_w005
266,62,minibatch_k64,text_pca256_lexical_w005
267,62,minibatch_k64,text_pca256_lexical_w005
268,23,minibatch_k64,text_pca256_lexical_w005
269,4,minibatch_k64,text_pca256_lexical_w005
270,0,minibatch_k64,text_pca256_lexical_w005
271,0,minibatch_k64,text_pca256_lexical_w005
272,0,minibatch_k64,text_pca256_lexical_w005
273,8,minibatch_k64,text_pca256_lexical_w005
274,59,minibatch_k64,text_pca256_lexical_w005
275,61,minibatch_k64,text_pca256_lexical_w005
276,39,minibatch_k64,text_pca256_lexical_w005
277,0,minibatch_k64,text_pca256_lexical_w005
278,15,minibatch_k64,text_pca256_lexical_w005
279,15,minibatch_k64,text_pca256_lexical_w005
280,0,minibatch_k64,text_pca256_lexical_w005
281,45,minibatch_k64,text_pca256_lexical_w005
282,62,minibatch_k64,text_pca256_lexical_w005
283,38,minibatch_k64,text_pca256_lexical_w005
284,8,minibatch_k64,text_pca256_lexical_w005
285,58,minibatch_k64,text_pca256_lexical_w005
286,23,minibatch_k64,text_pca256_lexical_w005
287,55,minibatch_k64,text_pca256_lexical_w005
288,8,minibatch_k64,text_pca256_lexical_w005
289,35,minibatch_k64,text_pca256_lexical_w005
290,15,minibatch_k64,text_pca256_lexical_w005
291,2,minibatch_k64,text_pca256_lexical_w005
292,15,minibatch_k64,text_pca256_lexical_w005
293,62,minibatch_k64,text_pca256_lexical_w005
294,25,minibatch_k64,text_pca256_lexical_w005
295,2,minibatch_k64,text_pca256_lexical_w005
296,62,minibatch_k64,text_pca256_lexical_w005
297,14,minibatch_k64,text_pca256_lexical_w005
298,14,minibatch_k64,text_pca256_lexical_w005
299,23,minibatch_k64,text_pca256_lexical_w005
300,21,minibatch_k64,text_pca256_lexical_w005
301,33,minibatch_k64,text_pca256_lexical_w005
302,5,minibatch_k64,text_pca256_lexical_w005
303,45,minibatch_k64,text_pca256_lexical_w005
304,0,minibatch_k64,text_pca256_lexical_w005
305,23,minibatch_k64,text_pca256_lexical_w005
306,5,minibatch_k64,text_pca256_lexical_w005
307,0,minibatch_k64,text_pca256_lexical_w005
308,23,minibatch_k64,text_pca256_lexical_w005
309,3,minibatch_k64,text_pca256_lexical_w005
310,23,minibatch_k64,text_pca256_lexical_w005
311,0,minibatch_k64,text_pca256_lexical_w005
312,62,minibatch_k64,text_pca256_lexical_w005
313,25,minibatch_k64,text_pca256_lexical_w005
314,0,minibatch_k64,text_pca256_lexical_w005
315,0,minibatch_k64,text_pca256_lexical_w005
316,8,minibatch_k64,text_pca256_lexical_w005
317,33,minibatch_k64,text_pca256_lexical_w005
318,62,minibatch_k64,text_pca256_lexical_w005
319,0,minibatch_k64,text_pca256_lexical_w005
320,23,minibatch_k64,text_pca256_lexical_w005
321,2,minibatch_k64,text_pca256_lexical_w005
322,10,minibatch_k64,text_pca256_lexical_w005
323,58,minibatch_k64,text_pca256_lexical_w005
324,15,minibatch_k64,text_pca256_lexical_w005
325,15,minibatch_k64,text_pca256_lexical_w005
326,38,minibatch_k64,text_pca256_lexical_w005
327,23,minibatch_k64,text_pca256_lexical_w005
328,55,minibatch_k64,text_pca256_lexical_w005
329,39,minibatch_k64,text_pca256_lexical_w005
330,54,minibatch_k64,text_pca256_lexical_w005
331,2,minibatch_k64,text_pca256_lexical_w005
332,14,minibatch_k64,text_pca256_lexical_w005
333,15,minibatch_k64,text_pca256_lexical_w005
334,62,minibatch_k64,text_pca256_lexical_w005
335,62,minibatch_k64,text_pca256_lexical_w005
336,14,minibatch_k64,text_pca256_lexical_w005
337,26,minibatch_k64,text_pca256_lexical_w005
338,4,minibatch_k64,text_pca256_lexical_w005
339,62,minibatch_k64,text_pca256_lexical_w005
340,42,minibatch_k64,text_pca256_lexical_w005
341,4,minibatch_k64,text_pca256_lexical_w005
342,59,minibatch_k64,text_pca256_lexical_w005
343,45,minibatch_k64,text_pca256_lexical_w005
344,4,minibatch_k64,text_pca256_lexical_w005
345,62,minibatch_k64,text_pca256_lexical_w005
346,23,minibatch_k64,text_pca256_lexical_w005
347,45,minibatch_k64,text_pca256_lexical_w005
348,4,minibatch_k64,text_pca256_lexical_w005
349,0,minibatch_k64,text_pca256_lexical_w005
350,62,minibatch_k64,text_pca256_lexical_w005
351,62,minibatch_k64,text_pca256_lexical_w005
352,4,minibatch_k64,text_pca256_lexical_w005
353,4,minibatch_k64,text_pca256_lexical_w005
354,4,minibatch_k64,text_pca256_lexical_w005
355,5,minibatch_k64,text_pca256_lexical_w005
356,62,minibatch_k64,text_pca256_lexical_w005
357,23,minibatch_k64,text_pca256_lexical_w005
358,2,minibatch_k64,text_pca256_lexical_w005
359,23,minibatch_k64,text_pca256_lexical_w005
360,62,minibatch_k64,text_pca256_lexical_w005
361,59,minibatch_k64,text_pca256_lexical_w005
362,10,minibatch_k64,text_pca256_lexical_w005
363,50,minibatch_k64,text_pca256_lexical_w005
364,33,minibatch_k64,text_pca256_lexical_w005
365,0,minibatch_k64,text_pca256_lexical_w005
366,2,minibatch_k64,text_pca256_lexical_w005
367,23,minibatch_k64,text_pca256_lexical_w005
368,25,minibatch_k64,text_pca256_lexical_w005
369,10,minibatch_k64,text_pca256_lexical_w005
370,45,minibatch_k64,text_pca256_lexical_w005
371,0,minibatch_k64,text_pca256_lexical_w005
372,40,minibatch_k64,text_pca256_lexical_w005
373,45,minibatch_k64,text_pca256_lexical_w005
374,38,minibatch_k64,text_pca256_lexical_w005
375,12,minibatch_k64,text_pca256_lexical_w005
376,58,minibatch_k64,text_pca256_lexical_w005
377,8,minibatch_k64,text_pca256_lexical_w005
378,39,minibatch_k64,text_pca256_lexical_w005
379,0,minibatch_k64,text_pca256_lexical_w005
380,35,minibatch_k64,text_pca256_lexical_w005
381,15,minibatch_k64,text_pca256_lexical_w005
382,5,minibatch_k64,text_pca256_lexical_w005
383,62,minibatch_k64,text_pca256_lexical_w005
384,45,minibatch_k64,text_pca256_lexical_w005
385,23,minibatch_k64,text_pca256_lexical_w005
386,23,minibatch_k64,text_pca256_lexical_w005
387,4,minibatch_k64,text_pca256_lexical_w005
388,45,minibatch_k64,text_pca256_lexical_w005
389,45,minibatch_k64,text_pca256_lexical_w005
390,62,minibatch_k64,text_pca256_lexical_w005
391,45,minibatch_k64,text_pca256_lexical_w005
392,23,minibatch_k64,text_pca256_lexical_w005
393,4,minibatch_k64,text_pca256_lexical_w005
394,45,minibatch_k64,text_pca256_lexical_w005
395,45,minibatch_k64,text_pca256_lexical_w005
396,45,minibatch_k64,text_pca256_lexical_w005
397,8,minibatch_k64,text_pca256_lexical_w005
398,23,minibatch_k64,text_pca256_lexical_w005
399,59,minibatch_k64,text_pca256_lexical_w005
400,0,minibatch_k64,text_pca256_lexical_w005
401,23,minibatch_k64,text_pca256_lexical_w005
402,33,minibatch_k64,text_pca256_lexical_w005
403,8,minibatch_k64,text_pca256_lexical_w005
404,0,minibatch_k64,text_pca256_lexical_w005
405,25,minibatch_k64,text_pca256_lexical_w005
406,23,minibatch_k64,text_pca256_lexical_w005
407,8,minibatch_k64,text_pca256_lexical_w005
408,0,minibatch_k64,text_pca256_lexical_w005
409,33,minibatch_k64,text_pca256_lexical_w005
410,23,minibatch_k64,text_pca256_lexical_w005
411,0,minibatch_k64,text_pca256_lexical_w005
412,15,minibatch_k64,text_pca256_lexical_w005
413,23,minibatch_k64,text_pca256_lexical_w005
414,14,minibatch_k64,text_pca256_lexical_w005
415,62,minibatch_k64,text_pca256_lexical_w005
416,23,minibatch_k64,text_pca256_lexical_w005
417,56,minibatch_k64,text_pca256_lexical_w005
418,0,minibatch_k64,text_pca256_lexical_w005
419,45,minibatch_k64,text_pca256_lexical_w005
420,38,minibatch_k64,text_pca256_lexical_w005
421,58,minibatch_k64,text_pca256_lexical_w005
422,8,minibatch_k64,text_pca256_lexical_w005
423,55,minibatch_k64,text_pca256_lexical_w005
424,14,minibatch_k64,text_pca256_lexical_w005
425,60,minibatch_k64,text_pca256_lexical_w005
426,62,minibatch_k64,text_pca256_lexical_w005
427,4,minibatch_k64,text_pca256_lexical_w005
428,0,minibatch_k64,text_pca256_lexical_w005
429,23,minibatch_k64,text_pca256_lexical_w005
430,23,minibatch_k64,text_pca256_lexical_w005
431,4,minibatch_k64,text_pca256_lexical_w005
432,0,minibatch_k64,text_pca256_lexical_w005
433,4,minibatch_k64,text_pca256_lexical_w005
434,0,minibatch_k64,text_pca256_lexical_w005
435,5,minibatch_k64,text_pca256_lexical_w005
436,0,minibatch_k64,text_pca256_lexical_w005
437,0,minibatch_k64,text_pca256_lexical_w005
438,21,minibatch_k64,text_pca256_lexical_w005
439,50,minibatch_k64,text_pca256_lexical_w005
440,0,minibatch_k64,text_pca256_lexical_w005
441,46,minibatch_k64,text_pca256_lexical_w005
442,0,minibatch_k64,text_pca256_lexical_w005
443,62,minibatch_k64,text_pca256_lexical_w005
444,8,minibatch_k64,text_pca256_lexical_w005
445,0,minibatch_k64,text_pca256_lexical_w005
446,62,minibatch_k64,text_pca256_lexical_w005
447,33,minibatch_k64,text_pca256_lexical_w005
448,8,minibatch_k64,text_pca256_lexical_w005
449,62,minibatch_k64,text_pca256_lexical_w005
450,39,minibatch_k64,text_pca256_lexical_w005
451,58,minibatch_k64,text_pca256_lexical_w005
452,15,minibatch_k64,text_pca256_lexical_w005
453,45,minibatch_k64,text_pca256_lexical_w005
454,38,minibatch_k64,text_pca256_lexical_w005
455,12,minibatch_k64,text_pca256_lexical_w005
456,45,minibatch_k64,text_pca256_lexical_w005
457,55,minibatch_k64,text_pca256_lexical_w005
458,0,minibatch_k64,text_pca256_lexical_w005
459,35,minibatch_k64,text_pca256_lexical_w005
460,8,minibatch_k64,text_pca256_lexical_w005
461,4,minibatch_k64,text_pca256_lexical_w005
462,59,minibatch_k64,text_pca256_lexical_w005
463,8,minibatch_k64,text_pca256_lexical_w005
464,28,minibatch_k64,text_pca256_lexical_w005
465,21,minibatch_k64,text_pca256_lexical_w005
466,45,minibatch_k64,text_pca256_lexical_w005
467,2,minibatch_k64,text_pca256_lexical_w005
468,45,minibatch_k64,text_pca256_lexical_w005
469,5,minibatch_k64,text_pca256_lexical_w005
470,62,minibatch_k64,text_pca256_lexical_w005
471,0,minibatch_k64,text_pca256_lexical_w005
472,0,minibatch_k64,text_pca256_lexical_w005
473,23,minibatch_k64,text_pca256_lexical_w005
474,62,minibatch_k64,text_pca256_lexical_w005
475,23,minibatch_k64,text_pca256_lexical_w005
476,62,minibatch_k64,text_pca256_lexical_w005
477,0,minibatch_k64,text_pca256_lexical_w005
478,15,minibatch_k64,text_pca256_lexical_w005
479,8,minibatch_k64,text_pca256_lexical_w005
480,47,minibatch_k64,text_pca256_lexical_w005
481,29,minibatch_k64,text_pca256_lexical_w005
482,42,minibatch_k64,text_pca256_lexical_w005
483,18,minibatch_k64,text_pca256_lexical_w005
484,62,minibatch_k64,text_pca256_lexical_w005
485,23,minibatch_k64,text_pca256_lexical_w005
486,2,minibatch_k64,text_pca256_lexical_w005
487,28,minibatch_k64,text_pca256_lexical_w005
488,47,minibatch_k64,text_pca256_lexical_w005
489,0,minibatch_k64,text_pca256_lexical_w005
490,0,minibatch_k64,text_pca256_lexical_w005
491,0,minibatch_k64,text_pca256_lexical_w005
492,45,minibatch_k64,text_pca256_lexical_w005
493,2,minibatch_k64,text_pca256_lexical_w005
494,15,minibatch_k64,text_pca256_lexical_w005
495,5,minibatch_k64,text_pca256_lexical_w005
496,5,minibatch_k64,text_pca256_lexical_w005
497,5,minibatch_k64,text_pca256_lexical_w005
498,0,minibatch_k64,text_pca256_lexical_w005
499,39,minibatch_k64,text_pca256_lexical_w005
500,25,minibatch_k64,text_pca256_lexical_w005
501,42,minibatch_k64,text_pca256_lexical_w005
502,0,minibatch_k64,text_pca256_lexical_w005
503,33,minibatch_k64,text_pca256_lexical_w005
504,33,minibatch_k64,text_pca256_lexical_w005
505,0,minibatch_k64,text_pca256_lexical_w005
506,0,minibatch_k64,text_pca256_lexical_w005
507,38,minibatch_k64,text_pca256_lexical_w005
508,58,minibatch_k64,text_pca256_lexical_w005
509,55,minibatch_k64,text_pca256_lexical_w005
510,54,minibatch_k64,text_pca256_lexical_w005
511,21,minibatch_k64,text_pca256_lexical_w005
512,14,minibatch_k64,text_pca256_lexical_w005
513,0,minibatch_k64,text_pca256_lexical_w005
514,21,minibatch_k64,text_pca256_lexical_w005
515,8,minibatch_k64,text_pca256_lexical_w005
516,33,minibatch_k64,text_pca256_lexical_w005
517,25,minibatch_k64,text_pca256_lexical_w005
518,38,minibatch_k64,text_pca256_lexical_w005
519,58,minibatch_k64,text_pca256_lexical_w005
520,23,minibatch_k64,text_pca256_lexical_w005
521,55,minibatch_k64,text_pca256_lexical_w005
522,23,minibatch_k64,text_pca256_lexical_w005
523,13,minibatch_k64,text_pca256_lexical_w005
524,14,minibatch_k64,text_pca256_lexical_w005
525,0,minibatch_k64,text_pca256_lexical_w005
526,23,minibatch_k64,text_pca256_lexical_w005
527,8,minibatch_k64,text_pca256_lexical_w005
528,62,minibatch_k64,text_pca256_lexical_w005
529,25,minibatch_k64,text_pca256_lexical_w005
530,42,minibatch_k64,text_pca256_lexical_w005
531,56,minibatch_k64,text_pca256_lexical_w005
532,45,minibatch_k64,text_pca256_lexical_w005
533,58,minibatch_k64,text_pca256_lexical_w005
534,38,minibatch_k64,text_pca256_lexical_w005
535,0,minibatch_k64,text_pca256_lexical_w005
536,55,minibatch_k64,text_pca256_lexical_w005
537,62,minibatch_k64,text_pca256_lexical_w005
538,60,minibatch_k64,text_pca256_lexical_w005
539,33,minibatch_k64,text_pca256_lexical_w005
540,15,minibatch_k64,text_pca256_lexical_w005
541,14,minibatch_k64,text_pca256_lexical_w005
542,8,minibatch_k64,text_pca256_lexical_w005
543,4,minibatch_k64,text_pca256_lexical_w005
544,53,minibatch_k64,text_pca256_lexical_w005
545,33,minibatch_k64,text_pca256_lexical_w005
546,62,minibatch_k64,text_pca256_lexical_w005
547,23,minibatch_k64,text_pca256_lexical_w005
548,8,minibatch_k64,text_pca256_lexical_w005
549,15,minibatch_k64,text_pca256_lexical_w005
550,62,minibatch_k64,text_pca256_lexical_w005
551,8,minibatch_k64,text_pca256_lexical_w005
552,62,minibatch_k64,text_pca256_lexical_w005
553,25,minibatch_k64,text_pca256_lexical_w005
554,15,minibatch_k64,text_pca256_lexical_w005
555,62,minibatch_k64,text_pca256_lexical_w005
556,45,minibatch_k64,text_pca256_lexical_w005
557,8,minibatch_k64,text_pca256_lexical_w005
558,38,minibatch_k64,text_pca256_lexical_w005
559,62,minibatch_k64,text_pca256_lexical_w005
560,35,minibatch_k64,text_pca256_lexical_w005
561,0,minibatch_k64,text_pca256_lexical_w005
562,14,minibatch_k64,text_pca256_lexical_w005
563,62,minibatch_k64,text_pca256_lexical_w005
564,10,minibatch_k64,text_pca256_lexical_w005
565,56,minibatch_k64,text_pca256_lexical_w005
566,4,minibatch_k64,text_pca256_lexical_w005
567,14,minibatch_k64,text_pca256_lexical_w005
568,38,minibatch_k64,text_pca256_lexical_w005
569,36,minibatch_k64,text_pca256_lexical_w005
570,54,minibatch_k64,text_pca256_lexical_w005
571,39,minibatch_k64,text_pca256_lexical_w005
572,14,minibatch_k64,text_pca256_lexical_w005
573,8,minibatch_k64,text_pca256_lexical_w005
574,23,minibatch_k64,text_pca256_lexical_w005
575,15,minibatch_k64,text_pca256_lexical_w005
576,62,minibatch_k64,text_pca256_lexical_w005
577,62,minibatch_k64,text_pca256_lexical_w005
578,15,minibatch_k64,text_pca256_lexical_w005
579,10,minibatch_k64,text_pca256_lexical_w005
580,15,minibatch_k64,text_pca256_lexical_w005
581,8,minibatch_k64,text_pca256_lexical_w005
582,59,minibatch_k64,text_pca256_lexical_w005
583,8,minibatch_k64,text_pca256_lexical_w005
584,23,minibatch_k64,text_pca256_lexical_w005
585,14,minibatch_k64,text_pca256_lexical_w005
586,57,minibatch_k64,text_pca256_lexical_w005
587,57,minibatch_k64,text_pca256_lexical_w005
588,57,minibatch_k64,text_pca256_lexical_w005
589,57,minibatch_k64,text_pca256_lexical_w005
590,57,minibatch_k64,text_pca256_lexical_w005
591,57,minibatch_k64,text_pca256_lexical_w005
592,57,minibatch_k64,text_pca256_lexical_w005
593,57,minibatch_k64,text_pca256_lexical_w005
594,57,minibatch_k64,text_pca256_lexical_w005
595,57,minibatch_k64,text_pca256_lexical_w005
596,57,minibatch_k64,text_pca256_lexical_w005
597,57,minibatch_k64,text_pca256_lexical_w005
598,57,minibatch_k64,text_pca256_lexical_w005
599,57,minibatch_k64,text_pca256_lexical_w005
600,57,minibatch_k64,text_pca256_lexical_w005
601,57,minibatch_k64,text_pca256_lexical_w005
602,57,minibatch_k64,text_pca256_lexical_w005
603,57,minibatch_k64,text_pca256_lexical_w005
604,57,minibatch_k64,text_pca256_lexical_w005
605,57,minibatch_k64,text_pca256_lexical_w005
606,57,minibatch_k64,text_pca256_lexical_w005
607,4,minibatch_k64,text_pca256_lexical_w005
608,4,minibatch_k64,text_pca256_lexical_w005
609,4,minibatch_k64,text_pca256_lexical_w005
610,45,minibatch_k64,text_pca256_lexical_w005
611,23,minibatch_k64,text_pca256_lexical_w005
612,23,minibatch_k64,text_pca256_lexical_w005
613,25,minibatch_k64,text_pca256_lexical_w005
614,62,minibatch_k64,text_pca256_lexical_w005
615,62,minibatch_k64,text_pca256_lexical_w005
616,8,minibatch_k64,text_pca256_lexical_w005
617,8,minibatch_k64,text_pca256_lexical_w005
618,45,minibatch_k64,text_pca256_lexical_w005
619,0,minibatch_k64,text_pca256_lexical_w005
620,23,minibatch_k64,text_pca256_lexical_w005
621,36,minibatch_k64,text_pca256_lexical_w005
622,55,minibatch_k64,text_pca256_lexical_w005
623,50,minibatch_k64,text_pca256_lexical_w005
624,4,minibatch_k64,text_pca256_lexical_w005
625,23,minibatch_k64,text_pca256_lexical_w005
626,11,minibatch_k64,text_pca256_lexical_w005
627,57,minibatch_k64,text_pca256_lexical_w005
628,11,minibatch_k64,text_pca256_lexical_w005
629,62,minibatch_k64,text_pca256_lexical_w005
630,57,minibatch_k64,text_pca256_lexical_w005
631,11,minibatch_k64,text_pca256_lexical_w005
632,57,minibatch_k64,text_pca256_lexical_w005
633,45,minibatch_k64,text_pca256_lexical_w005
634,11,minibatch_k64,text_pca256_lexical_w005
635,15,minibatch_k64,text_pca256_lexical_w005
636,57,minibatch_k64,text_pca256_lexical_w005
637,8,minibatch_k64,text_pca256_lexical_w005
638,11,minibatch_k64,text_pca256_lexical_w005
639,0,minibatch_k64,text_pca256_lexical_w005
640,23,minibatch_k64,text_pca256_lexical_w005
641,62,minibatch_k64,text_pca256_lexical_w005
642,33,minibatch_k64,text_pca256_lexical_w005
643,23,minibatch_k64,text_pca256_lexical_w005
644,62,minibatch_k64,text_pca256_lexical_w005
645,59,minibatch_k64,text_pca256_lexical_w005
646,11,minibatch_k64,text_pca256_lexical_w005
647,33,minibatch_k64,text_pca256_lexical_w005
648,42,minibatch_k64,text_pca256_lexical_w005
649,57,minibatch_k64,text_pca256_lexical_w005
650,11,minibatch_k64,text_pca256_lexical_w005
651,21,minibatch_k64,text_pca256_lexical_w005
652,21,minibatch_k64,text_pca256_lexical_w005
653,25,minibatch_k64,text_pca256_lexical_w005
654,21,minibatch_k64,text_pca256_lexical_w005
655,38,minibatch_k64,text_pca256_lexical_w005
656,45,minibatch_k64,text_pca256_lexical_w005
657,42,minibatch_k64,text_pca256_lexical_w005
658,23,minibatch_k64,text_pca256_lexical_w005
659,23,minibatch_k64,text_pca256_lexical_w005
660,36,minibatch_k64,text_pca256_lexical_w005
661,55,minibatch_k64,text_pca256_lexical_w005
662,57,minibatch_k64,text_pca256_lexical_w005
663,23,minibatch_k64,text_pca256_lexical_w005
664,35,minibatch_k64,text_pca256_lexical_w005
665,21,minibatch_k64,text_pca256_lexical_w005
666,4,minibatch_k64,text_pca256_lexical_w005
667,0,minibatch_k64,text_pca256_lexical_w005
668,11,minibatch_k64,text_pca256_lexical_w005
669,57,minibatch_k64,text_pca256_lexical_w005
670,8,minibatch_k64,text_pca256_lexical_w005
671,23,minibatch_k64,text_pca256_lexical_w005
672,0,minibatch_k64,text_pca256_lexical_w005
673,2,minibatch_k64,text_pca256_lexical_w005
674,33,minibatch_k64,text_pca256_lexical_w005
675,45,minibatch_k64,text_pca256_lexical_w005
676,11,minibatch_k64,text_pca256_lexical_w005
677,0,minibatch_k64,text_pca256_lexical_w005
678,57,minibatch_k64,text_pca256_lexical_w005
679,59,minibatch_k64,text_pca256_lexical_w005
680,11,minibatch_k64,text_pca256_lexical_w005
681,8,minibatch_k64,text_pca256_lexical_w005
682,23,minibatch_k64,text_pca256_lexical_w005
683,2,minibatch_k64,text_pca256_lexical_w005
684,21,minibatch_k64,text_pca256_lexical_w005
685,0,minibatch_k64,text_pca256_lexical_w005
686,62,minibatch_k64,text_pca256_lexical_w005
687,33,minibatch_k64,text_pca256_lexical_w005
688,59,minibatch_k64,text_pca256_lexical_w005
689,0,minibatch_k64,text_pca256_lexical_w005
690,25,minibatch_k64,text_pca256_lexical_w005
691,62,minibatch_k64,text_pca256_lexical_w005
692,59,minibatch_k64,text_pca256_lexical_w005
693,0,minibatch_k64,text_pca256_lexical_w005
694,48,minibatch_k64,text_pca256_lexical_w005
695,45,minibatch_k64,text_pca256_lexical_w005
696,38,minibatch_k64,text_pca256_lexical_w005
697,45,minibatch_k64,text_pca256_lexical_w005
698,36,minibatch_k64,text_pca256_lexical_w005
699,45,minibatch_k64,text_pca256_lexical_w005
700,0,minibatch_k64,text_pca256_lexical_w005
701,0,minibatch_k64,text_pca256_lexical_w005
702,54,minibatch_k64,text_pca256_lexical_w005
703,45,minibatch_k64,text_pca256_lexical_w005
704,62,minibatch_k64,text_pca256_lexical_w005
705,30,minibatch_k64,text_pca256_lexical_w005
706,59,minibatch_k64,text_pca256_lexical_w005
707,45,minibatch_k64,text_pca256_lexical_w005
708,62,minibatch_k64,text_pca256_lexical_w005
709,62,minibatch_k64,text_pca256_lexical_w005
710,45,minibatch_k64,text_pca256_lexical_w005
711,18,minibatch_k64,text_pca256_lexical_w005
712,45,minibatch_k64,text_pca256_lexical_w005
713,23,minibatch_k64,text_pca256_lexical_w005
714,45,minibatch_k64,text_pca256_lexical_w005
715,30,minibatch_k64,text_pca256_lexical_w005
716,59,minibatch_k64,text_pca256_lexical_w005
717,30,minibatch_k64,text_pca256_lexical_w005
718,15,minibatch_k64,text_pca256_lexical_w005
719,42,minibatch_k64,text_pca256_lexical_w005
720,23,minibatch_k64,text_pca256_lexical_w005
721,59,minibatch_k64,text_pca256_lexical_w005
722,10,minibatch_k64,text_pca256_lexical_w005
723,8,minibatch_k64,text_pca256_lexical_w005
724,23,minibatch_k64,text_pca256_lexical_w005
725,45,minibatch_k64,text_pca256_lexical_w005
726,23,minibatch_k64,text_pca256_lexical_w005
727,45,minibatch_k64,text_pca256_lexical_w005
728,45,minibatch_k64,text_pca256_lexical_w005
729,45,minibatch_k64,text_pca256_lexical_w005
730,45,minibatch_k64,text_pca256_lexical_w005
731,45,minibatch_k64,text_pca256_lexical_w005
732,45,minibatch_k64,text_pca256_lexical_w005
733,45,minibatch_k64,text_pca256_lexical_w005
734,45,minibatch_k64,text_pca256_lexical_w005
735,45,minibatch_k64,text_pca256_lexical_w005
736,45,minibatch_k64,text_pca256_lexical_w005
737,45,minibatch_k64,text_pca256_lexical_w005
738,23,minibatch_k64,text_pca256_lexical_w005
739,18,minibatch_k64,text_pca256_lexical_w005
740,45,minibatch_k64,text_pca256_lexical_w005
741,18,minibatch_k64,text_pca256_lexical_w005
742,23,minibatch_k64,text_pca256_lexical_w005
743,59,minibatch_k64,text_pca256_lexical_w005
744,8,minibatch_k64,text_pca256_lexical_w005
745,45,minibatch_k64,text_pca256_lexical_w005
746,45,minibatch_k64,text_pca256_lexical_w005
747,62,minibatch_k64,text_pca256_lexical_w005
748,21,minibatch_k64,text_pca256_lexical_w005
749,45,minibatch_k64,text_pca256_lexical_w005
750,23,minibatch_k64,text_pca256_lexical_w005
751,8,minibatch_k64,text_pca256_lexical_w005
752,21,minibatch_k64,text_pca256_lexical_w005
753,23,minibatch_k64,text_pca256_lexical_w005
754,23,minibatch_k64,text_pca256_lexical_w005
755,59,minibatch_k64,text_pca256_lexical_w005
756,61,minibatch_k64,text_pca256_lexical_w005
757,59,minibatch_k64,text_pca256_lexical_w005
758,48,minibatch_k64,text_pca256_lexical_w005
759,18,minibatch_k64,text_pca256_lexical_w005
760,10,minibatch_k64,text_pca256_lexical_w005
761,45,minibatch_k64,text_pca256_lexical_w005
762,59,minibatch_k64,text_pca256_lexical_w005
763,23,minibatch_k64,text_pca256_lexical_w005
764,10,minibatch_k64,text_pca256_lexical_w005
765,45,minibatch_k64,text_pca256_lexical_w005
766,59,minibatch_k64,text_pca256_lexical_w005
767,50,minibatch_k64,text_pca256_lexical_w005
768,45,minibatch_k64,text_pca256_lexical_w005
769,33,minibatch_k64,text_pca256_lexical_w005
770,8,minibatch_k64,text_pca256_lexical_w005
771,59,minibatch_k64,text_pca256_lexical_w005
772,48,minibatch_k64,text_pca256_lexical_w005
773,18,minibatch_k64,text_pca256_lexical_w005
774,45,minibatch_k64,text_pca256_lexical_w005
775,23,minibatch_k64,text_pca256_lexical_w005
776,45,minibatch_k64,text_pca256_lexical_w005
777,45,minibatch_k64,text_pca256_lexical_w005
778,59,minibatch_k64,text_pca256_lexical_w005
779,59,minibatch_k64,text_pca256_lexical_w005
780,59,minibatch_k64,text_pca256_lexical_w005
781,59,minibatch_k64,text_pca256_lexical_w005
782,59,minibatch_k64,text_pca256_lexical_w005
783,59,minibatch_k64,text_pca256_lexical_w005
784,23,minibatch_k64,text_pca256_lexical_w005
785,8,minibatch_k64,text_pca256_lexical_w005
786,8,minibatch_k64,text_pca256_lexical_w005
787,48,minibatch_k64,text_pca256_lexical_w005
788,0,minibatch_k64,text_pca256_lexical_w005
789,15,minibatch_k64,text_pca256_lexical_w005
790,0,minibatch_k64,text_pca256_lexical_w005
791,0,minibatch_k64,text_pca256_lexical_w005
792,0,minibatch_k64,text_pca256_lexical_w005
793,59,minibatch_k64,text_pca256_lexical_w005
794,59,minibatch_k64,text_pca256_lexical_w005
795,23,minibatch_k64,text_pca256_lexical_w005
796,59,minibatch_k64,text_pca256_lexical_w005
797,59,minibatch_k64,text_pca256_lexical_w005
798,59,minibatch_k64,text_pca256_lexical_w005
799,59,minibatch_k64,text_pca256_lexical_w005
800,59,minibatch_k64,text_pca256_lexical_w005
801,59,minibatch_k64,text_pca256_lexical_w005
802,8,minibatch_k64,text_pca256_lexical_w005
803,59,minibatch_k64,text_pca256_lexical_w005
804,23,minibatch_k64,text_pca256_lexical_w005
805,45,minibatch_k64,text_pca256_lexical_w005
806,33,minibatch_k64,text_pca256_lexical_w005
807,45,minibatch_k64,text_pca256_lexical_w005
808,2,minibatch_k64,text_pca256_lexical_w005
809,45,minibatch_k64,text_pca256_lexical_w005
810,23,minibatch_k64,text_pca256_lexical_w005
811,33,minibatch_k64,text_pca256_lexical_w005
812,59,minibatch_k64,text_pca256_lexical_w005
813,59,minibatch_k64,text_pca256_lexical_w005
814,8,minibatch_k64,text_pca256_lexical_w005
815,59,minibatch_k64,text_pca256_lexical_w005
816,15,minibatch_k64,text_pca256_lexical_w005
817,45,minibatch_k64,text_pca256_lexical_w005
818,0,minibatch_k64,text_pca256_lexical_w005
819,0,minibatch_k64,text_pca256_lexical_w005
820,59,minibatch_k64,text_pca256_lexical_w005
821,59,minibatch_k64,text_pca256_lexical_w005
822,15,minibatch_k64,text_pca256_lexical_w005
823,45,minibatch_k64,text_pca256_lexical_w005
824,62,minibatch_k64,text_pca256_lexical_w005
825,21,minibatch_k64,text_pca256_lexical_w005
826,45,minibatch_k64,text_pca256_lexical_w005
827,45,minibatch_k64,text_pca256_lexical_w005
828,59,minibatch_k64,text_pca256_lexical_w005
829,59,minibatch_k64,text_pca256_lexical_w005
830,23,minibatch_k64,text_pca256_lexical_w005
831,59,minibatch_k64,text_pca256_lexical_w005
832,23,minibatch_k64,text_pca256_lexical_w005
833,42,minibatch_k64,text_pca256_lexical_w005
834,59,minibatch_k64,text_pca256_lexical_w005
835,62,minibatch_k64,text_pca256_lexical_w005
836,59,minibatch_k64,text_pca256_lexical_w005
837,23,minibatch_k64,text_pca256_lexical_w005
838,23,minibatch_k64,text_pca256_lexical_w005
839,23,minibatch_k64,text_pca256_lexical_w005
840,59,minibatch_k64,text_pca256_lexical_w005
841,23,minibatch_k64,text_pca256_lexical_w005
842,59,minibatch_k64,text_pca256_lexical_w005
843,62,minibatch_k64,text_pca256_lexical_w005
844,59,minibatch_k64,text_pca256_lexical_w005
845,59,minibatch_k64,text_pca256_lexical_w005
846,39,minibatch_k64,text_pca256_lexical_w005
847,45,minibatch_k64,text_pca256_lexical_w005
848,59,minibatch_k64,text_pca256_lexical_w005
849,0,minibatch_k64,text_pca256_lexical_w005
850,62,minibatch_k64,text_pca256_lexical_w005
851,59,minibatch_k64,text_pca256_lexical_w005
852,39,minibatch_k64,text_pca256_lexical_w005
853,41,minibatch_k64,text_pca256_lexical_w005
854,59,minibatch_k64,text_pca256_lexical_w005
855,41,minibatch_k64,text_pca256_lexical_w005
856,8,minibatch_k64,text_pca256_lexical_w005
857,41,minibatch_k64,text_pca256_lexical_w005
858,15,minibatch_k64,text_pca256_lexical_w005
859,62,minibatch_k64,text_pca256_lexical_w005
860,6,minibatch_k64,text_pca256_lexical_w005
861,41,minibatch_k64,text_pca256_lexical_w005
862,33,minibatch_k64,text_pca256_lexical_w005
863,41,minibatch_k64,text_pca256_lexical_w005
864,15,minibatch_k64,text_pca256_lexical_w005
865,41,minibatch_k64,text_pca256_lexical_w005
866,62,minibatch_k64,text_pca256_lexical_w005
867,62,minibatch_k64,text_pca256_lexical_w005
868,10,minibatch_k64,text_pca256_lexical_w005
869,10,minibatch_k64,text_pca256_lexical_w005
870,45,minibatch_k64,text_pca256_lexical_w005
871,10,minibatch_k64,text_pca256_lexical_w005
872,10,minibatch_k64,text_pca256_lexical_w005
873,59,minibatch_k64,text_pca256_lexical_w005
874,59,minibatch_k64,text_pca256_lexical_w005
875,8,minibatch_k64,text_pca256_lexical_w005
876,62,minibatch_k64,text_pca256_lexical_w005
877,59,minibatch_k64,text_pca256_lexical_w005
878,23,minibatch_k64,text_pca256_lexical_w005
879,45,minibatch_k64,text_pca256_lexical_w005
880,10,minibatch_k64,text_pca256_lexical_w005
881,59,minibatch_k64,text_pca256_lexical_w005
882,41,minibatch_k64,text_pca256_lexical_w005
883,59,minibatch_k64,text_pca256_lexical_w005
884,59,minibatch_k64,text_pca256_lexical_w005
885,59,minibatch_k64,text_pca256_lexical_w005
886,41,minibatch_k64,text_pca256_lexical_w005
887,23,minibatch_k64,text_pca256_lexical_w005
888,41,minibatch_k64,text_pca256_lexical_w005
889,15,minibatch_k64,text_pca256_lexical_w005
890,33,minibatch_k64,text_pca256_lexical_w005
891,59,minibatch_k64,text_pca256_lexical_w005
892,59,minibatch_k64,text_pca256_lexical_w005
893,59,minibatch_k64,text_pca256_lexical_w005
894,45,minibatch_k64,text_pca256_lexical_w005
895,10,minibatch_k64,text_pca256_lexical_w005
896,21,minibatch_k64,text_pca256_lexical_w005
897,10,minibatch_k64,text_pca256_lexical_w005
898,23,minibatch_k64,text_pca256_lexical_w005
899,23,minibatch_k64,text_pca256_lexical_w005
900,62,minibatch_k64,text_pca256_lexical_w005
901,15,minibatch_k64,text_pca256_lexical_w005
902,0,minibatch_k64,text_pca256_lexical_w005
903,59,minibatch_k64,text_pca256_lexical_w005
904,10,minibatch_k64,text_pca256_lexical_w005
905,59,minibatch_k64,text_pca256_lexical_w005
906,23,minibatch_k64,text_pca256_lexical_w005
907,53,minibatch_k64,text_pca256_lexical_w005
908,34,minibatch_k64,text_pca256_lexical_w005
909,10,minibatch_k64,text_pca256_lexical_w005
910,59,minibatch_k64,text_pca256_lexical_w005
911,23,minibatch_k64,text_pca256_lexical_w005
912,10,minibatch_k64,text_pca256_lexical_w005
913,10,minibatch_k64,text_pca256_lexical_w005
914,59,minibatch_k64,text_pca256_lexical_w005
915,59,minibatch_k64,text_pca256_lexical_w005
916,59,minibatch_k64,text_pca256_lexical_w005
917,10,minibatch_k64,text_pca256_lexical_w005
918,10,minibatch_k64,text_pca256_lexical_w005
919,10,minibatch_k64,text_pca256_lexical_w005
920,59,minibatch_k64,text_pca256_lexical_w005
921,6,minibatch_k64,text_pca256_lexical_w005
922,59,minibatch_k64,text_pca256_lexical_w005
923,8,minibatch_k64,text_pca256_lexical_w005
924,33,minibatch_k64,text_pca256_lexical_w005
925,15,minibatch_k64,text_pca256_lexical_w005
926,33,minibatch_k64,text_pca256_lexical_w005
927,0,minibatch_k64,text_pca256_lexical_w005
928,59,minibatch_k64,text_pca256_lexical_w005
929,15,minibatch_k64,text_pca256_lexical_w005
930,59,minibatch_k64,text_pca256_lexical_w005
931,10,minibatch_k64,text_pca256_lexical_w005
932,45,minibatch_k64,text_pca256_lexical_w005
933,23,minibatch_k64,text_pca256_lexical_w005
934,15,minibatch_k64,text_pca256_lexical_w005
935,15,minibatch_k64,text_pca256_lexical_w005
936,4,minibatch_k64,text_pca256_lexical_w005
937,62,minibatch_k64,text_pca256_lexical_w005
938,5,minibatch_k64,text_pca256_lexical_w005
939,5,minibatch_k64,text_pca256_lexical_w005
940,5,minibatch_k64,text_pca256_lexical_w005
941,62,minibatch_k64,text_pca256_lexical_w005
942,62,minibatch_k64,text_pca256_lexical_w005
943,48,minibatch_k64,text_pca256_lexical_w005
944,42,minibatch_k64,text_pca256_lexical_w005
945,23,minibatch_k64,text_pca256_lexical_w005
946,15,minibatch_k64,text_pca256_lexical_w005
947,23,minibatch_k64,text_pca256_lexical_w005
948,0,minibatch_k64,text_pca256_lexical_w005
949,8,minibatch_k64,text_pca256_lexical_w005
950,23,minibatch_k64,text_pca256_lexical_w005
951,62,minibatch_k64,text_pca256_lexical_w005
952,0,minibatch_k64,text_pca256_lexical_w005
953,21,minibatch_k64,text_pca256_lexical_w005
954,62,minibatch_k64,text_pca256_lexical_w005
955,5,minibatch_k64,text_pca256_lexical_w005
956,5,minibatch_k64,text_pca256_lexical_w005
957,5,minibatch_k64,text_pca256_lexical_w005
958,5,minibatch_k64,text_pca256_lexical_w005
959,21,minibatch_k64,text_pca256_lexical_w005
960,10,minibatch_k64,text_pca256_lexical_w005
961,62,minibatch_k64,text_pca256_lexical_w005
962,62,minibatch_k64,text_pca256_lexical_w005
963,48,minibatch_k64,text_pca256_lexical_w005
964,8,minibatch_k64,text_pca256_lexical_w005
965,23,minibatch_k64,text_pca256_lexical_w005
966,45,minibatch_k64,text_pca256_lexical_w005
967,47,minibatch_k64,text_pca256_lexical_w005
968,8,minibatch_k64,text_pca256_lexical_w005
969,0,minibatch_k64,text_pca256_lexical_w005
970,15,minibatch_k64,text_pca256_lexical_w005
971,47,minibatch_k64,text_pca256_lexical_w005
972,8,minibatch_k64,text_pca256_lexical_w005
973,8,minibatch_k64,text_pca256_lexical_w005
974,15,minibatch_k64,text_pca256_lexical_w005
975,15,minibatch_k64,text_pca256_lexical_w005
976,8,minibatch_k64,text_pca256_lexical_w005
977,33,minibatch_k64,text_pca256_lexical_w005
978,50,minibatch_k64,text_pca256_lexical_w005
979,62,minibatch_k64,text_pca256_lexical_w005
980,62,minibatch_k64,text_pca256_lexical_w005
981,5,minibatch_k64,text_pca256_lexical_w005
982,5,minibatch_k64,text_pca256_lexical_w005
983,53,minibatch_k64,text_pca256_lexical_w005
984,56,minibatch_k64,text_pca256_lexical_w005
985,10,minibatch_k64,text_pca256_lexical_w005
986,0,minibatch_k64,text_pca256_lexical_w005
987,33,minibatch_k64,text_pca256_lexical_w005
988,8,minibatch_k64,text_pca256_lexical_w005
989,15,minibatch_k64,text_pca256_lexical_w005
990,2,minibatch_k64,text_pca256_lexical_w005
991,15,minibatch_k64,text_pca256_lexical_w005
992,50,minibatch_k64,text_pca256_lexical_w005
993,58,minibatch_k64,text_pca256_lexical_w005
994,15,minibatch_k64,text_pca256_lexical_w005
995,8,minibatch_k64,text_pca256_lexical_w005
996,38,minibatch_k64,text_pca256_lexical_w005
997,0,minibatch_k64,text_pca256_lexical_w005
998,23,minibatch_k64,text_pca256_lexical_w005
999,23,minibatch_k64,text_pca256_lexical_w005
1000,8,minibatch_k64,text_pca256_lexical_w005
1001,55,minibatch_k64,text_pca256_lexical_w005
1002,0,minibatch_k64,text_pca256_lexical_w005
1003,60,minibatch_k64,text_pca256_lexical_w005
1004,23,minibatch_k64,text_pca256_lexical_w005
1005,62,minibatch_k64,text_pca256_lexical_w005
1006,0,minibatch_k64,text_pca256_lexical_w005
1007,15,minibatch_k64,text_pca256_lexical_w005
1008,8,minibatch_k64,text_pca256_lexical_w005
1009,8,minibatch_k64,text_pca256_lexical_w005
1010,62,minibatch_k64,text_pca256_lexical_w005
1011,8,minibatch_k64,text_pca256_lexical_w005
1012,8,minibatch_k64,text_pca256_lexical_w005
1013,62,minibatch_k64,text_pca256_lexical_w005
1014,8,minibatch_k64,text_pca256_lexical_w005
1015,0,minibatch_k64,text_pca256_lexical_w005
1016,0,minibatch_k64,text_pca256_lexical_w005
1017,0,minibatch_k64,text_pca256_lexical_w005
1018,8,minibatch_k64,text_pca256_lexical_w005
1019,8,minibatch_k64,text_pca256_lexical_w005
1020,5,minibatch_k64,text_pca256_lexical_w005
1021,50,minibatch_k64,text_pca256_lexical_w005
1022,62,minibatch_k64,text_pca256_lexical_w005
1023,0,minibatch_k64,text_pca256_lexical_w005
1024,62,minibatch_k64,text_pca256_lexical_w005
1025,8,minibatch_k64,text_pca256_lexical_w005
1026,53,minibatch_k64,text_pca256_lexical_w005
1027,0,minibatch_k64,text_pca256_lexical_w005
1028,0,minibatch_k64,text_pca256_lexical_w005
1029,58,minibatch_k64,text_pca256_lexical_w005
1030,38,minibatch_k64,text_pca256_lexical_w005
1031,15,minibatch_k64,text_pca256_lexical_w005
1032,23,minibatch_k64,text_pca256_lexical_w005
1033,8,minibatch_k64,text_pca256_lexical_w005
1034,55,minibatch_k64,text_pca256_lexical_w005
1035,23,minibatch_k64,text_pca256_lexical_w005
1036,60,minibatch_k64,text_pca256_lexical_w005
1037,10,minibatch_k64,text_pca256_lexical_w005
1038,5,minibatch_k64,text_pca256_lexical_w005
1039,53,minibatch_k64,text_pca256_lexical_w005
1040,0,minibatch_k64,text_pca256_lexical_w005
1041,8,minibatch_k64,text_pca256_lexical_w005
1042,2,minibatch_k64,text_pca256_lexical_w005
1043,8,minibatch_k64,text_pca256_lexical_w005
1044,0,minibatch_k64,text_pca256_lexical_w005
1045,8,minibatch_k64,text_pca256_lexical_w005
1046,2,minibatch_k64,text_pca256_lexical_w005
1047,39,minibatch_k64,text_pca256_lexical_w005
1048,62,minibatch_k64,text_pca256_lexical_w005
1049,50,minibatch_k64,text_pca256_lexical_w005
1050,21,minibatch_k64,text_pca256_lexical_w005
1051,33,minibatch_k64,text_pca256_lexical_w005
1052,61,minibatch_k64,text_pca256_lexical_w005
1053,50,minibatch_k64,text_pca256_lexical_w005
1054,50,minibatch_k64,text_pca256_lexical_w005
1055,8,minibatch_k64,text_pca256_lexical_w005
1056,59,minibatch_k64,text_pca256_lexical_w005
1057,62,minibatch_k64,text_pca256_lexical_w005
1058,5,minibatch_k64,text_pca256_lexical_w005
1059,0,minibatch_k64,text_pca256_lexical_w005
1060,5,minibatch_k64,text_pca256_lexical_w005
1061,0,minibatch_k64,text_pca256_lexical_w005
1062,15,minibatch_k64,text_pca256_lexical_w005
1063,15,minibatch_k64,text_pca256_lexical_w005
1064,5,minibatch_k64,text_pca256_lexical_w005
1065,48,minibatch_k64,text_pca256_lexical_w005
1066,45,minibatch_k64,text_pca256_lexical_w005
1067,15,minibatch_k64,text_pca256_lexical_w005
1068,15,minibatch_k64,text_pca256_lexical_w005
1069,38,minibatch_k64,text_pca256_lexical_w005
1070,58,minibatch_k64,text_pca256_lexical_w005
1071,23,minibatch_k64,text_pca256_lexical_w005
1072,23,minibatch_k64,text_pca256_lexical_w005
1073,55,minibatch_k64,text_pca256_lexical_w005
1074,45,minibatch_k64,text_pca256_lexical_w005
1075,23,minibatch_k64,text_pca256_lexical_w005
1076,60,minibatch_k64,text_pca256_lexical_w005
1077,4,minibatch_k64,text_pca256_lexical_w005
1078,8,minibatch_k64,text_pca256_lexical_w005
1079,0,minibatch_k64,text_pca256_lexical_w005
1080,59,minibatch_k64,text_pca256_lexical_w005
1081,4,minibatch_k64,text_pca256_lexical_w005
1082,53,minibatch_k64,text_pca256_lexical_w005
1083,8,minibatch_k64,text_pca256_lexical_w005
1084,8,minibatch_k64,text_pca256_lexical_w005
1085,8,minibatch_k64,text_pca256_lexical_w005
1086,8,minibatch_k64,text_pca256_lexical_w005
1087,62,minibatch_k64,text_pca256_lexical_w005
1088,15,minibatch_k64,text_pca256_lexical_w005
1089,23,minibatch_k64,text_pca256_lexical_w005
1090,0,minibatch_k64,text_pca256_lexical_w005
1091,21,minibatch_k64,text_pca256_lexical_w005
1092,59,minibatch_k64,text_pca256_lexical_w005
1093,33,minibatch_k64,text_pca256_lexical_w005
1094,8,minibatch_k64,text_pca256_lexical_w005
1095,15,minibatch_k64,text_pca256_lexical_w005
1096,33,minibatch_k64,text_pca256_lexical_w005
1097,15,minibatch_k64,text_pca256_lexical_w005
1098,10,minibatch_k64,text_pca256_lexical_w005
1099,50,minibatch_k64,text_pca256_lexical_w005
1100,56,minibatch_k64,text_pca256_lexical_w005
1101,15,minibatch_k64,text_pca256_lexical_w005
1102,62,minibatch_k64,text_pca256_lexical_w005
1103,47,minibatch_k64,text_pca256_lexical_w005
1104,0,minibatch_k64,text_pca256_lexical_w005
1105,62,minibatch_k64,text_pca256_lexical_w005
1106,15,minibatch_k64,text_pca256_lexical_w005
1107,38,minibatch_k64,text_pca256_lexical_w005
1108,58,minibatch_k64,text_pca256_lexical_w005
1109,45,minibatch_k64,text_pca256_lexical_w005
1110,55,minibatch_k64,text_pca256_lexical_w005
1111,0,minibatch_k64,text_pca256_lexical_w005
1112,0,minibatch_k64,text_pca256_lexical_w005
1113,60,minibatch_k64,text_pca256_lexical_w005
1114,23,minibatch_k64,text_pca256_lexical_w005
1115,21,minibatch_k64,text_pca256_lexical_w005
1116,4,minibatch_k64,text_pca256_lexical_w005
1117,0,minibatch_k64,text_pca256_lexical_w005
1118,62,minibatch_k64,text_pca256_lexical_w005
1119,15,minibatch_k64,text_pca256_lexical_w005
1120,15,minibatch_k64,text_pca256_lexical_w005
1121,8,minibatch_k64,text_pca256_lexical_w005
1122,0,minibatch_k64,text_pca256_lexical_w005
1123,50,minibatch_k64,text_pca256_lexical_w005
1124,62,minibatch_k64,text_pca256_lexical_w005
1125,47,minibatch_k64,text_pca256_lexical_w005
1126,5,minibatch_k64,text_pca256_lexical_w005
1127,39,minibatch_k64,text_pca256_lexical_w005
1128,0,minibatch_k64,text_pca256_lexical_w005
1129,21,minibatch_k64,text_pca256_lexical_w005
1130,2,minibatch_k64,text_pca256_lexical_w005
1131,15,minibatch_k64,text_pca256_lexical_w005
1132,0,minibatch_k64,text_pca256_lexical_w005
1133,15,minibatch_k64,text_pca256_lexical_w005
1134,8,minibatch_k64,text_pca256_lexical_w005
1135,62,minibatch_k64,text_pca256_lexical_w005
1136,21,minibatch_k64,text_pca256_lexical_w005
1137,0,minibatch_k64,text_pca256_lexical_w005
1138,15,minibatch_k64,text_pca256_lexical_w005
1139,62,minibatch_k64,text_pca256_lexical_w005
1140,0,minibatch_k64,text_pca256_lexical_w005
1141,50,minibatch_k64,text_pca256_lexical_w005
1142,62,minibatch_k64,text_pca256_lexical_w005
1143,8,minibatch_k64,text_pca256_lexical_w005
1144,10,minibatch_k64,text_pca256_lexical_w005
1145,50,minibatch_k64,text_pca256_lexical_w005
1146,62,minibatch_k64,text_pca256_lexical_w005
1147,15,minibatch_k64,text_pca256_lexical_w005
1148,48,minibatch_k64,text_pca256_lexical_w005
1149,33,minibatch_k64,text_pca256_lexical_w005
1150,0,minibatch_k64,text_pca256_lexical_w005
1151,8,minibatch_k64,text_pca256_lexical_w005
1152,21,minibatch_k64,text_pca256_lexical_w005
1153,8,minibatch_k64,text_pca256_lexical_w005
1154,42,minibatch_k64,text_pca256_lexical_w005
1155,8,minibatch_k64,text_pca256_lexical_w005
1156,0,minibatch_k64,text_pca256_lexical_w005
1157,0,minibatch_k64,text_pca256_lexical_w005
1158,10,minibatch_k64,text_pca256_lexical_w005
1159,62,minibatch_k64,text_pca256_lexical_w005
1160,38,minibatch_k64,text_pca256_lexical_w005
1161,23,minibatch_k64,text_pca256_lexical_w005
1162,55,minibatch_k64,text_pca256_lexical_w005
1163,55,minibatch_k64,text_pca256_lexical_w005
1164,0,minibatch_k64,text_pca256_lexical_w005
1165,0,minibatch_k64,text_pca256_lexical_w005
1166,23,minibatch_k64,text_pca256_lexical_w005
1167,62,minibatch_k64,text_pca256_lexical_w005
1168,0,minibatch_k64,text_pca256_lexical_w005
1169,61,minibatch_k64,text_pca256_lexical_w005
1170,61,minibatch_k64,text_pca256_lexical_w005
1171,0,minibatch_k64,text_pca256_lexical_w005
1172,61,minibatch_k64,text_pca256_lexical_w005
1173,62,minibatch_k64,text_pca256_lexical_w005
1174,61,minibatch_k64,text_pca256_lexical_w005
1175,61,minibatch_k64,text_pca256_lexical_w005
1176,61,minibatch_k64,text_pca256_lexical_w005
1177,61,minibatch_k64,text_pca256_lexical_w005
1178,61,minibatch_k64,text_pca256_lexical_w005
1179,61,minibatch_k64,text_pca256_lexical_w005
1180,61,minibatch_k64,text_pca256_lexical_w005
1181,61,minibatch_k64,text_pca256_lexical_w005
1182,0,minibatch_k64,text_pca256_lexical_w005
1183,61,minibatch_k64,text_pca256_lexical_w005
1184,61,minibatch_k64,text_pca256_lexical_w005
1185,61,minibatch_k64,text_pca256_lexical_w005
1186,61,minibatch_k64,text_pca256_lexical_w005
1187,5,minibatch_k64,text_pca256_lexical_w005
1188,5,minibatch_k64,text_pca256_lexical_w005
1189,15,minibatch_k64,text_pca256_lexical_w005
1190,2,minibatch_k64,text_pca256_lexical_w005
1191,15,minibatch_k64,text_pca256_lexical_w005
1192,15,minibatch_k64,text_pca256_lexical_w005
1193,42,minibatch_k64,text_pca256_lexical_w005
1194,61,minibatch_k64,text_pca256_lexical_w005
1195,0,minibatch_k64,text_pca256_lexical_w005
1196,15,minibatch_k64,text_pca256_lexical_w005
1197,38,minibatch_k64,text_pca256_lexical_w005
1198,55,minibatch_k64,text_pca256_lexical_w005
1199,15,minibatch_k64,text_pca256_lexical_w005
1200,15,minibatch_k64,text_pca256_lexical_w005
1201,61,minibatch_k64,text_pca256_lexical_w005
1202,15,minibatch_k64,text_pca256_lexical_w005
1203,50,minibatch_k64,text_pca256_lexical_w005
1204,47,minibatch_k64,text_pca256_lexical_w005
1205,15,minibatch_k64,text_pca256_lexical_w005
1206,50,minibatch_k64,text_pca256_lexical_w005
1207,38,minibatch_k64,text_pca256_lexical_w005
1208,32,minibatch_k64,text_pca256_lexical_w005
1209,15,minibatch_k64,text_pca256_lexical_w005
1210,55,minibatch_k64,text_pca256_lexical_w005
1211,0,minibatch_k64,text_pca256_lexical_w005
1212,8,minibatch_k64,text_pca256_lexical_w005
1213,8,minibatch_k64,text_pca256_lexical_w005
1214,15,minibatch_k64,text_pca256_lexical_w005
1215,61,minibatch_k64,text_pca256_lexical_w005
1216,21,minibatch_k64,text_pca256_lexical_w005
1217,33,minibatch_k64,text_pca256_lexical_w005
1218,47,minibatch_k64,text_pca256_lexical_w005
1219,23,minibatch_k64,text_pca256_lexical_w005
1220,8,minibatch_k64,text_pca256_lexical_w005
1221,59,minibatch_k64,text_pca256_lexical_w005
1222,10,minibatch_k64,text_pca256_lexical_w005
1223,15,minibatch_k64,text_pca256_lexical_w005
1224,8,minibatch_k64,text_pca256_lexical_w005
1225,15,minibatch_k64,text_pca256_lexical_w005
1226,15,minibatch_k64,text_pca256_lexical_w005
1227,38,minibatch_k64,text_pca256_lexical_w005
1228,15,minibatch_k64,text_pca256_lexical_w005
1229,45,minibatch_k64,text_pca256_lexical_w005
1230,0,minibatch_k64,text_pca256_lexical_w005
1231,15,minibatch_k64,text_pca256_lexical_w005
1232,23,minibatch_k64,text_pca256_lexical_w005
1233,55,minibatch_k64,text_pca256_lexical_w005
1234,13,minibatch_k64,text_pca256_lexical_w005
1235,15,minibatch_k64,text_pca256_lexical_w005
1236,15,minibatch_k64,text_pca256_lexical_w005
1237,23,minibatch_k64,text_pca256_lexical_w005
1238,38,minibatch_k64,text_pca256_lexical_w005
1239,23,minibatch_k64,text_pca256_lexical_w005
1240,55,minibatch_k64,text_pca256_lexical_w005
1241,60,minibatch_k64,text_pca256_lexical_w005
1242,0,minibatch_k64,text_pca256_lexical_w005
1243,8,minibatch_k64,text_pca256_lexical_w005
1244,53,minibatch_k64,text_pca256_lexical_w005
1245,59,minibatch_k64,text_pca256_lexical_w005
1246,0,minibatch_k64,text_pca256_lexical_w005
1247,21,minibatch_k64,text_pca256_lexical_w005
1248,38,minibatch_k64,text_pca256_lexical_w005
1249,55,minibatch_k64,text_pca256_lexical_w005
1250,60,minibatch_k64,text_pca256_lexical_w005
1251,33,minibatch_k64,text_pca256_lexical_w005
1252,0,minibatch_k64,text_pca256_lexical_w005
1253,0,minibatch_k64,text_pca256_lexical_w005
1254,38,minibatch_k64,text_pca256_lexical_w005
1255,12,minibatch_k64,text_pca256_lexical_w005
1256,40,minibatch_k64,text_pca256_lexical_w005
1257,55,minibatch_k64,text_pca256_lexical_w005
1258,60,minibatch_k64,text_pca256_lexical_w005
1259,40,minibatch_k64,text_pca256_lexical_w005
1260,0,minibatch_k64,text_pca256_lexical_w005
1261,38,minibatch_k64,text_pca256_lexical_w005
1262,59,minibatch_k64,text_pca256_lexical_w005
1263,35,minibatch_k64,text_pca256_lexical_w005
1264,5,minibatch_k64,text_pca256_lexical_w005
1265,8,minibatch_k64,text_pca256_lexical_w005
1266,38,minibatch_k64,text_pca256_lexical_w005
1267,62,minibatch_k64,text_pca256_lexical_w005
1268,45,minibatch_k64,text_pca256_lexical_w005
1269,55,minibatch_k64,text_pca256_lexical_w005
1270,63,minibatch_k64,text_pca256_lexical_w005
1271,10,minibatch_k64,text_pca256_lexical_w005
1272,62,minibatch_k64,text_pca256_lexical_w005
1273,42,minibatch_k64,text_pca256_lexical_w005
1274,40,minibatch_k64,text_pca256_lexical_w005
1275,38,minibatch_k64,text_pca256_lexical_w005
1276,55,minibatch_k64,text_pca256_lexical_w005
1277,63,minibatch_k64,text_pca256_lexical_w005
1278,20,minibatch_k64,text_pca256_lexical_w005
1279,38,minibatch_k64,text_pca256_lexical_w005
1280,63,minibatch_k64,text_pca256_lexical_w005
1281,20,minibatch_k64,text_pca256_lexical_w005
1282,38,minibatch_k64,text_pca256_lexical_w005
1283,55,minibatch_k64,text_pca256_lexical_w005
1284,13,minibatch_k64,text_pca256_lexical_w005
1285,59,minibatch_k64,text_pca256_lexical_w005
1286,59,minibatch_k64,text_pca256_lexical_w005
1287,59,minibatch_k64,text_pca256_lexical_w005
1288,20,minibatch_k64,text_pca256_lexical_w005
1289,20,minibatch_k64,text_pca256_lexical_w005
1290,61,minibatch_k64,text_pca256_lexical_w005
1291,59,minibatch_k64,text_pca256_lexical_w005
1292,59,minibatch_k64,text_pca256_lexical_w005
1293,59,minibatch_k64,text_pca256_lexical_w005
1294,59,minibatch_k64,text_pca256_lexical_w005
1295,59,minibatch_k64,text_pca256_lexical_w005
1296,59,minibatch_k64,text_pca256_lexical_w005
1297,59,minibatch_k64,text_pca256_lexical_w005
1298,59,minibatch_k64,text_pca256_lexical_w005
1299,59,minibatch_k64,text_pca256_lexical_w005
1300,59,minibatch_k64,text_pca256_lexical_w005
1301,39,minibatch_k64,text_pca256_lexical_w005
1302,62,minibatch_k64,text_pca256_lexical_w005
1303,47,minibatch_k64,text_pca256_lexical_w005
1304,62,minibatch_k64,text_pca256_lexical_w005
1305,62,minibatch_k64,text_pca256_lexical_w005
1306,61,minibatch_k64,text_pca256_lexical_w005
1307,21,minibatch_k64,text_pca256_lexical_w005
1308,62,minibatch_k64,text_pca256_lexical_w005
1309,0,minibatch_k64,text_pca256_lexical_w005
1310,10,minibatch_k64,text_pca256_lexical_w005
1311,47,minibatch_k64,text_pca256_lexical_w005
1312,23,minibatch_k64,text_pca256_lexical_w005
1313,47,minibatch_k64,text_pca256_lexical_w005
1314,0,minibatch_k64,text_pca256_lexical_w005
1315,47,minibatch_k64,text_pca256_lexical_w005
1316,2,minibatch_k64,text_pca256_lexical_w005
1317,10,minibatch_k64,text_pca256_lexical_w005
1318,18,minibatch_k64,text_pca256_lexical_w005
1319,62,minibatch_k64,text_pca256_lexical_w005
1320,62,minibatch_k64,text_pca256_lexical_w005
1321,45,minibatch_k64,text_pca256_lexical_w005
1322,20,minibatch_k64,text_pca256_lexical_w005
1323,32,minibatch_k64,text_pca256_lexical_w005
1324,0,minibatch_k64,text_pca256_lexical_w005
1325,33,minibatch_k64,text_pca256_lexical_w005
1326,45,minibatch_k64,text_pca256_lexical_w005
1327,47,minibatch_k64,text_pca256_lexical_w005
1328,8,minibatch_k64,text_pca256_lexical_w005
1329,38,minibatch_k64,text_pca256_lexical_w005
1330,8,minibatch_k64,text_pca256_lexical_w005
1331,8,minibatch_k64,text_pca256_lexical_w005
1332,33,minibatch_k64,text_pca256_lexical_w005
1333,0,minibatch_k64,text_pca256_lexical_w005
1334,0,minibatch_k64,text_pca256_lexical_w005
1335,0,minibatch_k64,text_pca256_lexical_w005
1336,18,minibatch_k64,text_pca256_lexical_w005
1337,0,minibatch_k64,text_pca256_lexical_w005
1338,33,minibatch_k64,text_pca256_lexical_w005
1339,0,minibatch_k64,text_pca256_lexical_w005
1340,45,minibatch_k64,text_pca256_lexical_w005
1341,33,minibatch_k64,text_pca256_lexical_w005
1342,45,minibatch_k64,text_pca256_lexical_w005
1343,39,minibatch_k64,text_pca256_lexical_w005
1344,8,minibatch_k64,text_pca256_lexical_w005
1345,10,minibatch_k64,text_pca256_lexical_w005
1346,55,minibatch_k64,text_pca256_lexical_w005
1347,8,minibatch_k64,text_pca256_lexical_w005
1348,0,minibatch_k64,text_pca256_lexical_w005
1349,0,minibatch_k64,text_pca256_lexical_w005
1350,8,minibatch_k64,text_pca256_lexical_w005
1351,10,minibatch_k64,text_pca256_lexical_w005
1352,18,minibatch_k64,text_pca256_lexical_w005
1353,59,minibatch_k64,text_pca256_lexical_w005
1354,8,minibatch_k64,text_pca256_lexical_w005
1355,33,minibatch_k64,text_pca256_lexical_w005
1356,0,minibatch_k64,text_pca256_lexical_w005
1357,0,minibatch_k64,text_pca256_lexical_w005
1358,18,minibatch_k64,text_pca256_lexical_w005
1359,55,minibatch_k64,text_pca256_lexical_w005
1360,27,minibatch_k64,text_pca256_lexical_w005
1361,45,minibatch_k64,text_pca256_lexical_w005
1362,62,minibatch_k64,text_pca256_lexical_w005
1363,0,minibatch_k64,text_pca256_lexical_w005
1364,8,minibatch_k64,text_pca256_lexical_w005
1365,15,minibatch_k64,text_pca256_lexical_w005
1366,8,minibatch_k64,text_pca256_lexical_w005
1367,42,minibatch_k64,text_pca256_lexical_w005
1368,5,minibatch_k64,text_pca256_lexical_w005
1369,62,minibatch_k64,text_pca256_lexical_w005
1370,8,minibatch_k64,text_pca256_lexical_w005
1371,0,minibatch_k64,text_pca256_lexical_w005
1372,8,minibatch_k64,text_pca256_lexical_w005
1373,0,minibatch_k64,text_pca256_lexical_w005
1374,42,minibatch_k64,text_pca256_lexical_w005
1375,0,minibatch_k64,text_pca256_lexical_w005
1376,62,minibatch_k64,text_pca256_lexical_w005
1377,59,minibatch_k64,text_pca256_lexical_w005
1378,39,minibatch_k64,text_pca256_lexical_w005
1379,21,minibatch_k64,text_pca256_lexical_w005
1380,62,minibatch_k64,text_pca256_lexical_w005
1381,15,minibatch_k64,text_pca256_lexical_w005
1382,0,minibatch_k64,text_pca256_lexical_w005
1383,23,minibatch_k64,text_pca256_lexical_w005
1384,8,minibatch_k64,text_pca256_lexical_w005
1385,10,minibatch_k64,text_pca256_lexical_w005
1386,45,minibatch_k64,text_pca256_lexical_w005
1387,33,minibatch_k64,text_pca256_lexical_w005
1388,33,minibatch_k64,text_pca256_lexical_w005
1389,21,minibatch_k64,text_pca256_lexical_w005
1390,33,minibatch_k64,text_pca256_lexical_w005
1391,62,minibatch_k64,text_pca256_lexical_w005
1392,0,minibatch_k64,text_pca256_lexical_w005
1393,10,minibatch_k64,text_pca256_lexical_w005
1394,21,minibatch_k64,text_pca256_lexical_w005
1395,62,minibatch_k64,text_pca256_lexical_w005
1396,42,minibatch_k64,text_pca256_lexical_w005
1397,62,minibatch_k64,text_pca256_lexical_w005
1398,8,minibatch_k64,text_pca256_lexical_w005
1399,15,minibatch_k64,text_pca256_lexical_w005
1400,21,minibatch_k64,text_pca256_lexical_w005
1401,8,minibatch_k64,text_pca256_lexical_w005
1402,8,minibatch_k64,text_pca256_lexical_w005
1403,0,minibatch_k64,text_pca256_lexical_w005
1404,23,minibatch_k64,text_pca256_lexical_w005
1405,10,minibatch_k64,text_pca256_lexical_w005
1406,15,minibatch_k64,text_pca256_lexical_w005
1407,0,minibatch_k64,text_pca256_lexical_w005
1408,5,minibatch_k64,text_pca256_lexical_w005
1409,62,minibatch_k64,text_pca256_lexical_w005
1410,23,minibatch_k64,text_pca256_lexical_w005
1411,10,minibatch_k64,text_pca256_lexical_w005
1412,33,minibatch_k64,text_pca256_lexical_w005
1413,62,minibatch_k64,text_pca256_lexical_w005
1414,8,minibatch_k64,text_pca256_lexical_w005
1415,45,minibatch_k64,text_pca256_lexical_w005
1416,33,minibatch_k64,text_pca256_lexical_w005
1417,62,minibatch_k64,text_pca256_lexical_w005
1418,59,minibatch_k64,text_pca256_lexical_w005
1419,5,minibatch_k64,text_pca256_lexical_w005
1420,15,minibatch_k64,text_pca256_lexical_w005
1421,5,minibatch_k64,text_pca256_lexical_w005
1422,8,minibatch_k64,text_pca256_lexical_w005
1423,33,minibatch_k64,text_pca256_lexical_w005
1424,62,minibatch_k64,text_pca256_lexical_w005
1425,10,minibatch_k64,text_pca256_lexical_w005
1426,33,minibatch_k64,text_pca256_lexical_w005
1427,62,minibatch_k64,text_pca256_lexical_w005
1428,33,minibatch_k64,text_pca256_lexical_w005
1429,48,minibatch_k64,text_pca256_lexical_w005
1430,62,minibatch_k64,text_pca256_lexical_w005
1431,5,minibatch_k64,text_pca256_lexical_w005
1432,0,minibatch_k64,text_pca256_lexical_w005
1433,15,minibatch_k64,text_pca256_lexical_w005
1434,2,minibatch_k64,text_pca256_lexical_w005
1435,2,minibatch_k64,text_pca256_lexical_w005
1436,0,minibatch_k64,text_pca256_lexical_w005
1437,15,minibatch_k64,text_pca256_lexical_w005
1438,56,minibatch_k64,text_pca256_lexical_w005
1439,0,minibatch_k64,text_pca256_lexical_w005
1440,2,minibatch_k64,text_pca256_lexical_w005
1441,0,minibatch_k64,text_pca256_lexical_w005
1442,50,minibatch_k64,text_pca256_lexical_w005
1443,8,minibatch_k64,text_pca256_lexical_w005
1444,62,minibatch_k64,text_pca256_lexical_w005
1445,0,minibatch_k64,text_pca256_lexical_w005
1446,0,minibatch_k64,text_pca256_lexical_w005
1447,61,minibatch_k64,text_pca256_lexical_w005
1448,56,minibatch_k64,text_pca256_lexical_w005
1449,0,minibatch_k64,text_pca256_lexical_w005
1450,0,minibatch_k64,text_pca256_lexical_w005
1451,0,minibatch_k64,text_pca256_lexical_w005
1452,0,minibatch_k64,text_pca256_lexical_w005
1453,40,minibatch_k64,text_pca256_lexical_w005
1454,32,minibatch_k64,text_pca256_lexical_w005
1455,40,minibatch_k64,text_pca256_lexical_w005
1456,0,minibatch_k64,text_pca256_lexical_w005
1457,40,minibatch_k64,text_pca256_lexical_w005
1458,40,minibatch_k64,text_pca256_lexical_w005
1459,40,minibatch_k64,text_pca256_lexical_w005
1460,56,minibatch_k64,text_pca256_lexical_w005
1461,40,minibatch_k64,text_pca256_lexical_w005
1462,15,minibatch_k64,text_pca256_lexical_w005
1463,0,minibatch_k64,text_pca256_lexical_w005
1464,40,minibatch_k64,text_pca256_lexical_w005
1465,10,minibatch_k64,text_pca256_lexical_w005
1466,40,minibatch_k64,text_pca256_lexical_w005
1467,32,minibatch_k64,text_pca256_lexical_w005
1468,8,minibatch_k64,text_pca256_lexical_w005
1469,40,minibatch_k64,text_pca256_lexical_w005
1470,32,minibatch_k64,text_pca256_lexical_w005
1471,38,minibatch_k64,text_pca256_lexical_w005
1472,32,minibatch_k64,text_pca256_lexical_w005
1473,32,minibatch_k64,text_pca256_lexical_w005
1474,38,minibatch_k64,text_pca256_lexical_w005
1475,0,minibatch_k64,text_pca256_lexical_w005
1476,56,minibatch_k64,text_pca256_lexical_w005
1477,20,minibatch_k64,text_pca256_lexical_w005
1478,10,minibatch_k64,text_pca256_lexical_w005
1479,32,minibatch_k64,text_pca256_lexical_w005
1480,32,minibatch_k64,text_pca256_lexical_w005
1481,32,minibatch_k64,text_pca256_lexical_w005
1482,15,minibatch_k64,text_pca256_lexical_w005
1483,0,minibatch_k64,text_pca256_lexical_w005
1484,0,minibatch_k64,text_pca256_lexical_w005
1485,56,minibatch_k64,text_pca256_lexical_w005
1486,32,minibatch_k64,text_pca256_lexical_w005
1487,32,minibatch_k64,text_pca256_lexical_w005
1488,32,minibatch_k64,text_pca256_lexical_w005
1489,38,minibatch_k64,text_pca256_lexical_w005
1490,0,minibatch_k64,text_pca256_lexical_w005
1491,56,minibatch_k64,text_pca256_lexical_w005
1492,0,minibatch_k64,text_pca256_lexical_w005
1493,56,minibatch_k64,text_pca256_lexical_w005
1494,15,minibatch_k64,text_pca256_lexical_w005
1495,8,minibatch_k64,text_pca256_lexical_w005
1496,32,minibatch_k64,text_pca256_lexical_w005
1497,0,minibatch_k64,text_pca256_lexical_w005
1498,0,minibatch_k64,text_pca256_lexical_w005
1499,15,minibatch_k64,text_pca256_lexical_w005
1500,10,minibatch_k64,text_pca256_lexical_w005
1501,62,minibatch_k64,text_pca256_lexical_w005
1502,10,minibatch_k64,text_pca256_lexical_w005
1503,15,minibatch_k64,text_pca256_lexical_w005
1504,0,minibatch_k64,text_pca256_lexical_w005
1505,10,minibatch_k64,text_pca256_lexical_w005
1506,0,minibatch_k64,text_pca256_lexical_w005
1507,61,minibatch_k64,text_pca256_lexical_w005
1508,42,minibatch_k64,text_pca256_lexical_w005
1509,8,minibatch_k64,text_pca256_lexical_w005
1510,32,minibatch_k64,text_pca256_lexical_w005
1511,15,minibatch_k64,text_pca256_lexical_w005
1512,10,minibatch_k64,text_pca256_lexical_w005
1513,10,minibatch_k64,text_pca256_lexical_w005
1514,32,minibatch_k64,text_pca256_lexical_w005
1515,10,minibatch_k64,text_pca256_lexical_w005
1516,15,minibatch_k64,text_pca256_lexical_w005
1517,15,minibatch_k64,text_pca256_lexical_w005
1518,0,minibatch_k64,text_pca256_lexical_w005
1519,8,minibatch_k64,text_pca256_lexical_w005
1520,32,minibatch_k64,text_pca256_lexical_w005
1521,42,minibatch_k64,text_pca256_lexical_w005
1522,15,minibatch_k64,text_pca256_lexical_w005
1523,15,minibatch_k64,text_pca256_lexical_w005
1524,23,minibatch_k64,text_pca256_lexical_w005
1525,53,minibatch_k64,text_pca256_lexical_w005
1526,15,minibatch_k64,text_pca256_lexical_w005
1527,23,minibatch_k64,text_pca256_lexical_w005
1528,0,minibatch_k64,text_pca256_lexical_w005
1529,0,minibatch_k64,text_pca256_lexical_w005
1530,0,minibatch_k64,text_pca256_lexical_w005
1531,25,minibatch_k64,text_pca256_lexical_w005
1532,0,minibatch_k64,text_pca256_lexical_w005
1533,0,minibatch_k64,text_pca256_lexical_w005
1534,40,minibatch_k64,text_pca256_lexical_w005
1535,40,minibatch_k64,text_pca256_lexical_w005
1536,0,minibatch_k64,text_pca256_lexical_w005
1537,62,minibatch_k64,text_pca256_lexical_w005
1538,62,minibatch_k64,text_pca256_lexical_w005
1539,0,minibatch_k64,text_pca256_lexical_w005
1540,25,minibatch_k64,text_pca256_lexical_w005
1541,0,minibatch_k64,text_pca256_lexical_w005
1542,40,minibatch_k64,text_pca256_lexical_w005
1543,25,minibatch_k64,text_pca256_lexical_w005
1544,0,minibatch_k64,text_pca256_lexical_w005
1545,33,minibatch_k64,text_pca256_lexical_w005
1546,42,minibatch_k64,text_pca256_lexical_w005
1547,40,minibatch_k64,text_pca256_lexical_w005
1548,42,minibatch_k64,text_pca256_lexical_w005
1549,0,minibatch_k64,text_pca256_lexical_w005
1550,0,minibatch_k64,text_pca256_lexical_w005
1551,0,minibatch_k64,text_pca256_lexical_w005
1552,0,minibatch_k64,text_pca256_lexical_w005
1553,25,minibatch_k64,text_pca256_lexical_w005
1554,0,minibatch_k64,text_pca256_lexical_w005
1555,0,minibatch_k64,text_pca256_lexical_w005
1556,0,minibatch_k64,text_pca256_lexical_w005
1557,25,minibatch_k64,text_pca256_lexical_w005
1558,62,minibatch_k64,text_pca256_lexical_w005
1559,10,minibatch_k64,text_pca256_lexical_w005
1560,23,minibatch_k64,text_pca256_lexical_w005
1561,33,minibatch_k64,text_pca256_lexical_w005
1562,5,minibatch_k64,text_pca256_lexical_w005
1563,8,minibatch_k64,text_pca256_lexical_w005
1564,45,minibatch_k64,text_pca256_lexical_w005
1565,4,minibatch_k64,text_pca256_lexical_w005
1566,4,minibatch_k64,text_pca256_lexical_w005
1567,23,minibatch_k64,text_pca256_lexical_w005
1568,23,minibatch_k64,text_pca256_lexical_w005
1569,62,minibatch_k64,text_pca256_lexical_w005
1570,61,minibatch_k64,text_pca256_lexical_w005
1571,61,minibatch_k64,text_pca256_lexical_w005
1572,2,minibatch_k64,text_pca256_lexical_w005
1573,62,minibatch_k64,text_pca256_lexical_w005
1574,62,minibatch_k64,text_pca256_lexical_w005
1575,62,minibatch_k64,text_pca256_lexical_w005
1576,10,minibatch_k64,text_pca256_lexical_w005
1577,61,minibatch_k64,text_pca256_lexical_w005
1578,61,minibatch_k64,text_pca256_lexical_w005
1579,61,minibatch_k64,text_pca256_lexical_w005
1580,8,minibatch_k64,text_pca256_lexical_w005
1581,15,minibatch_k64,text_pca256_lexical_w005
1582,10,minibatch_k64,text_pca256_lexical_w005
1583,8,minibatch_k64,text_pca256_lexical_w005
1584,59,minibatch_k64,text_pca256_lexical_w005
1585,10,minibatch_k64,text_pca256_lexical_w005
1586,23,minibatch_k64,text_pca256_lexical_w005
1587,23,minibatch_k64,text_pca256_lexical_w005
1588,10,minibatch_k64,text_pca256_lexical_w005
1589,8,minibatch_k64,text_pca256_lexical_w005
1590,61,minibatch_k64,text_pca256_lexical_w005
1591,62,minibatch_k64,text_pca256_lexical_w005
1592,61,minibatch_k64,text_pca256_lexical_w005
1593,10,minibatch_k64,text_pca256_lexical_w005
1594,10,minibatch_k64,text_pca256_lexical_w005
1595,10,minibatch_k64,text_pca256_lexical_w005
1596,10,minibatch_k64,text_pca256_lexical_w005
1597,61,minibatch_k64,text_pca256_lexical_w005
1598,45,minibatch_k64,text_pca256_lexical_w005
1599,61,minibatch_k64,text_pca256_lexical_w005
1600,61,minibatch_k64,text_pca256_lexical_w005
1601,23,minibatch_k64,text_pca256_lexical_w005
1602,61,minibatch_k64,text_pca256_lexical_w005
1603,10,minibatch_k64,text_pca256_lexical_w005
1604,23,minibatch_k64,text_pca256_lexical_w005
1605,10,minibatch_k64,text_pca256_lexical_w005
1606,10,minibatch_k64,text_pca256_lexical_w005
1607,10,minibatch_k64,text_pca256_lexical_w005
1608,10,minibatch_k64,text_pca256_lexical_w005
1609,61,minibatch_k64,text_pca256_lexical_w005
1610,47,minibatch_k64,text_pca256_lexical_w005
1611,10,minibatch_k64,text_pca256_lexical_w005
1612,61,minibatch_k64,text_pca256_lexical_w005
1613,10,minibatch_k64,text_pca256_lexical_w005
1614,8,minibatch_k64,text_pca256_lexical_w005
1615,61,minibatch_k64,text_pca256_lexical_w005
1616,61,minibatch_k64,text_pca256_lexical_w005
1617,23,minibatch_k64,text_pca256_lexical_w005
1618,0,minibatch_k64,text_pca256_lexical_w005
1619,10,minibatch_k64,text_pca256_lexical_w005
1620,23,minibatch_k64,text_pca256_lexical_w005
1621,2,minibatch_k64,text_pca256_lexical_w005
1622,10,minibatch_k64,text_pca256_lexical_w005
1623,10,minibatch_k64,text_pca256_lexical_w005
1624,8,minibatch_k64,text_pca256_lexical_w005
1625,61,minibatch_k64,text_pca256_lexical_w005
1626,61,minibatch_k64,text_pca256_lexical_w005
1627,61,minibatch_k64,text_pca256_lexical_w005
1628,10,minibatch_k64,text_pca256_lexical_w005
1629,61,minibatch_k64,text_pca256_lexical_w005
1630,61,minibatch_k64,text_pca256_lexical_w005
1631,10,minibatch_k64,text_pca256_lexical_w005
1632,61,minibatch_k64,text_pca256_lexical_w005
1633,61,minibatch_k64,text_pca256_lexical_w005
1634,61,minibatch_k64,text_pca256_lexical_w005
1635,8,minibatch_k64,text_pca256_lexical_w005
1636,0,minibatch_k64,text_pca256_lexical_w005
1637,61,minibatch_k64,text_pca256_lexical_w005
1638,61,minibatch_k64,text_pca256_lexical_w005
1639,61,minibatch_k64,text_pca256_lexical_w005
1640,8,minibatch_k64,text_pca256_lexical_w005
1641,61,minibatch_k64,text_pca256_lexical_w005
1642,61,minibatch_k64,text_pca256_lexical_w005
1643,61,minibatch_k64,text_pca256_lexical_w005
1644,61,minibatch_k64,text_pca256_lexical_w005
1645,61,minibatch_k64,text_pca256_lexical_w005
1646,61,minibatch_k64,text_pca256_lexical_w005
1647,61,minibatch_k64,text_pca256_lexical_w005
1648,61,minibatch_k64,text_pca256_lexical_w005
1649,61,minibatch_k64,text_pca256_lexical_w005
1650,8,minibatch_k64,text_pca256_lexical_w005
1651,61,minibatch_k64,text_pca256_lexical_w005
1652,61,minibatch_k64,text_pca256_lexical_w005
1653,61,minibatch_k64,text_pca256_lexical_w005
1654,61,minibatch_k64,text_pca256_lexical_w005
1655,8,minibatch_k64,text_pca256_lexical_w005
1656,0,minibatch_k64,text_pca256_lexical_w005
1657,62,minibatch_k64,text_pca256_lexical_w005
1658,8,minibatch_k64,text_pca256_lexical_w005
1659,10,minibatch_k64,text_pca256_lexical_w005
1660,0,minibatch_k64,text_pca256_lexical_w005
1661,4,minibatch_k64,text_pca256_lexical_w005
1662,5,minibatch_k64,text_pca256_lexical_w005
1663,15,minibatch_k64,text_pca256_lexical_w005
1664,5,minibatch_k64,text_pca256_lexical_w005
1665,5,minibatch_k64,text_pca256_lexical_w005
1666,33,minibatch_k64,text_pca256_lexical_w005
1667,62,minibatch_k64,text_pca256_lexical_w005
1668,53,minibatch_k64,text_pca256_lexical_w005
1669,52,minibatch_k64,text_pca256_lexical_w005
1670,8,minibatch_k64,text_pca256_lexical_w005
1671,62,minibatch_k64,text_pca256_lexical_w005
1672,5,minibatch_k64,text_pca256_lexical_w005
1673,8,minibatch_k64,text_pca256_lexical_w005
1674,10,minibatch_k64,text_pca256_lexical_w005
1675,52,minibatch_k64,text_pca256_lexical_w005
1676,62,minibatch_k64,text_pca256_lexical_w005
1677,25,minibatch_k64,text_pca256_lexical_w005
1678,58,minibatch_k64,text_pca256_lexical_w005
1679,45,minibatch_k64,text_pca256_lexical_w005
1680,45,minibatch_k64,text_pca256_lexical_w005
1681,38,minibatch_k64,text_pca256_lexical_w005
1682,45,minibatch_k64,text_pca256_lexical_w005
1683,15,minibatch_k64,text_pca256_lexical_w005
1684,55,minibatch_k64,text_pca256_lexical_w005
1685,35,minibatch_k64,text_pca256_lexical_w005
1686,39,minibatch_k64,text_pca256_lexical_w005
1687,39,minibatch_k64,text_pca256_lexical_w005
1688,4,minibatch_k64,text_pca256_lexical_w005
1689,23,minibatch_k64,text_pca256_lexical_w005
1690,45,minibatch_k64,text_pca256_lexical_w005
1691,45,minibatch_k64,text_pca256_lexical_w005
1692,10,minibatch_k64,text_pca256_lexical_w005
1693,42,minibatch_k64,text_pca256_lexical_w005
1694,23,minibatch_k64,text_pca256_lexical_w005
1695,45,minibatch_k64,text_pca256_lexical_w005
1696,0,minibatch_k64,text_pca256_lexical_w005
1697,45,minibatch_k64,text_pca256_lexical_w005
1698,45,minibatch_k64,text_pca256_lexical_w005
1699,15,minibatch_k64,text_pca256_lexical_w005
1700,0,minibatch_k64,text_pca256_lexical_w005
1701,8,minibatch_k64,text_pca256_lexical_w005
1702,62,minibatch_k64,text_pca256_lexical_w005
1703,62,minibatch_k64,text_pca256_lexical_w005
1704,15,minibatch_k64,text_pca256_lexical_w005
1705,47,minibatch_k64,text_pca256_lexical_w005
1706,62,minibatch_k64,text_pca256_lexical_w005
1707,4,minibatch_k64,text_pca256_lexical_w005
1708,0,minibatch_k64,text_pca256_lexical_w005
1709,10,minibatch_k64,text_pca256_lexical_w005
1710,0,minibatch_k64,text_pca256_lexical_w005
1711,23,minibatch_k64,text_pca256_lexical_w005
1712,45,minibatch_k64,text_pca256_lexical_w005
1713,39,minibatch_k64,text_pca256_lexical_w005
1714,39,minibatch_k64,text_pca256_lexical_w005
1715,52,minibatch_k64,text_pca256_lexical_w005
1716,23,minibatch_k64,text_pca256_lexical_w005
1717,10,minibatch_k64,text_pca256_lexical_w005
1718,0,minibatch_k64,text_pca256_lexical_w005
1719,62,minibatch_k64,text_pca256_lexical_w005
1720,52,minibatch_k64,text_pca256_lexical_w005
1721,62,minibatch_k64,text_pca256_lexical_w005
1722,0,minibatch_k64,text_pca256_lexical_w005
1723,62,minibatch_k64,text_pca256_lexical_w005
1724,0,minibatch_k64,text_pca256_lexical_w005
1725,4,minibatch_k64,text_pca256_lexical_w005
1726,33,minibatch_k64,text_pca256_lexical_w005
1727,59,minibatch_k64,text_pca256_lexical_w005
1728,8,minibatch_k64,text_pca256_lexical_w005
1729,0,minibatch_k64,text_pca256_lexical_w005
1730,62,minibatch_k64,text_pca256_lexical_w005
1731,8,minibatch_k64,text_pca256_lexical_w005
1732,10,minibatch_k64,text_pca256_lexical_w005
1733,25,minibatch_k64,text_pca256_lexical_w005
1734,62,minibatch_k64,text_pca256_lexical_w005
1735,62,minibatch_k64,text_pca256_lexical_w005
1736,15,minibatch_k64,text_pca256_lexical_w005
1737,0,minibatch_k64,text_pca256_lexical_w005
1738,42,minibatch_k64,text_pca256_lexical_w005
1739,38,minibatch_k64,text_pca256_lexical_w005
1740,45,minibatch_k64,text_pca256_lexical_w005
1741,10,minibatch_k64,text_pca256_lexical_w005
1742,55,minibatch_k64,text_pca256_lexical_w005
1743,62,minibatch_k64,text_pca256_lexical_w005
1744,15,minibatch_k64,text_pca256_lexical_w005
1745,62,minibatch_k64,text_pca256_lexical_w005
1746,45,minibatch_k64,text_pca256_lexical_w005
1747,4,minibatch_k64,text_pca256_lexical_w005
1748,42,minibatch_k64,text_pca256_lexical_w005
1749,0,minibatch_k64,text_pca256_lexical_w005
1750,62,minibatch_k64,text_pca256_lexical_w005
1751,62,minibatch_k64,text_pca256_lexical_w005
1752,0,minibatch_k64,text_pca256_lexical_w005
1753,62,minibatch_k64,text_pca256_lexical_w005
1754,62,minibatch_k64,text_pca256_lexical_w005
1755,59,minibatch_k64,text_pca256_lexical_w005
1756,50,minibatch_k64,text_pca256_lexical_w005
1757,62,minibatch_k64,text_pca256_lexical_w005
1758,52,minibatch_k64,text_pca256_lexical_w005
1759,8,minibatch_k64,text_pca256_lexical_w005
1760,56,minibatch_k64,text_pca256_lexical_w005
1761,47,minibatch_k64,text_pca256_lexical_w005
1762,47,minibatch_k64,text_pca256_lexical_w005
1763,0,minibatch_k64,text_pca256_lexical_w005
1764,23,minibatch_k64,text_pca256_lexical_w005
1765,29,minibatch_k64,text_pca256_lexical_w005
1766,62,minibatch_k64,text_pca256_lexical_w005
1767,29,minibatch_k64,text_pca256_lexical_w005
1768,15,minibatch_k64,text_pca256_lexical_w005
1769,39,minibatch_k64,text_pca256_lexical_w005
1770,56,minibatch_k64,text_pca256_lexical_w005
1771,62,minibatch_k64,text_pca256_lexical_w005
1772,0,minibatch_k64,text_pca256_lexical_w005
1773,0,minibatch_k64,text_pca256_lexical_w005
1774,0,minibatch_k64,text_pca256_lexical_w005
1775,52,minibatch_k64,text_pca256_lexical_w005
1776,23,minibatch_k64,text_pca256_lexical_w005
1777,42,minibatch_k64,text_pca256_lexical_w005
1778,0,minibatch_k64,text_pca256_lexical_w005
1779,5,minibatch_k64,text_pca256_lexical_w005
1780,5,minibatch_k64,text_pca256_lexical_w005
1781,25,minibatch_k64,text_pca256_lexical_w005
1782,45,minibatch_k64,text_pca256_lexical_w005
1783,10,minibatch_k64,text_pca256_lexical_w005
1784,23,minibatch_k64,text_pca256_lexical_w005
1785,45,minibatch_k64,text_pca256_lexical_w005
1786,0,minibatch_k64,text_pca256_lexical_w005
1787,38,minibatch_k64,text_pca256_lexical_w005
1788,45,minibatch_k64,text_pca256_lexical_w005
1789,55,minibatch_k64,text_pca256_lexical_w005
1790,63,minibatch_k64,text_pca256_lexical_w005
1791,0,minibatch_k64,text_pca256_lexical_w005
1792,21,minibatch_k64,text_pca256_lexical_w005
1793,10,minibatch_k64,text_pca256_lexical_w005
1794,10,minibatch_k64,text_pca256_lexical_w005
1795,8,minibatch_k64,text_pca256_lexical_w005
1796,56,minibatch_k64,text_pca256_lexical_w005
1797,25,minibatch_k64,text_pca256_lexical_w005
1798,62,minibatch_k64,text_pca256_lexical_w005
1799,0,minibatch_k64,text_pca256_lexical_w005
1800,45,minibatch_k64,text_pca256_lexical_w005
1801,38,minibatch_k64,text_pca256_lexical_w005
1802,10,minibatch_k64,text_pca256_lexical_w005
1803,23,minibatch_k64,text_pca256_lexical_w005
1804,62,minibatch_k64,text_pca256_lexical_w005
1805,10,minibatch_k64,text_pca256_lexical_w005
1806,45,minibatch_k64,text_pca256_lexical_w005
1807,63,minibatch_k64,text_pca256_lexical_w005
1808,45,minibatch_k64,text_pca256_lexical_w005
1809,4,minibatch_k64,text_pca256_lexical_w005
1810,29,minibatch_k64,text_pca256_lexical_w005
1811,0,minibatch_k64,text_pca256_lexical_w005
1812,23,minibatch_k64,text_pca256_lexical_w005
1813,0,minibatch_k64,text_pca256_lexical_w005
1814,0,minibatch_k64,text_pca256_lexical_w005
1815,0,minibatch_k64,text_pca256_lexical_w005
1816,0,minibatch_k64,text_pca256_lexical_w005
1817,0,minibatch_k64,text_pca256_lexical_w005
1818,15,minibatch_k64,text_pca256_lexical_w005
1819,0,minibatch_k64,text_pca256_lexical_w005
1820,8,minibatch_k64,text_pca256_lexical_w005
1821,0,minibatch_k64,text_pca256_lexical_w005
1822,62,minibatch_k64,text_pca256_lexical_w005
1823,21,minibatch_k64,text_pca256_lexical_w005
1824,15,minibatch_k64,text_pca256_lexical_w005
1825,25,minibatch_k64,text_pca256_lexical_w005
1826,56,minibatch_k64,text_pca256_lexical_w005
1827,5,minibatch_k64,text_pca256_lexical_w005
1828,62,minibatch_k64,text_pca256_lexical_w005
1829,0,minibatch_k64,text_pca256_lexical_w005
1830,58,minibatch_k64,text_pca256_lexical_w005
1831,45,minibatch_k64,text_pca256_lexical_w005
1832,23,minibatch_k64,text_pca256_lexical_w005
1833,55,minibatch_k64,text_pca256_lexical_w005
1834,63,minibatch_k64,text_pca256_lexical_w005
1835,8,minibatch_k64,text_pca256_lexical_w005
1836,4,minibatch_k64,text_pca256_lexical_w005
1837,0,minibatch_k64,text_pca256_lexical_w005
1838,0,minibatch_k64,text_pca256_lexical_w005
1839,0,minibatch_k64,text_pca256_lexical_w005
1840,33,minibatch_k64,text_pca256_lexical_w005
1841,8,minibatch_k64,text_pca256_lexical_w005
1842,0,minibatch_k64,text_pca256_lexical_w005
1843,0,minibatch_k64,text_pca256_lexical_w005
1844,15,minibatch_k64,text_pca256_lexical_w005
1845,8,minibatch_k64,text_pca256_lexical_w005
1846,25,minibatch_k64,text_pca256_lexical_w005
1847,0,minibatch_k64,text_pca256_lexical_w005
1848,15,minibatch_k64,text_pca256_lexical_w005
1849,0,minibatch_k64,text_pca256_lexical_w005
1850,56,minibatch_k64,text_pca256_lexical_w005
1851,45,minibatch_k64,text_pca256_lexical_w005
1852,58,minibatch_k64,text_pca256_lexical_w005
1853,53,minibatch_k64,text_pca256_lexical_w005
1854,55,minibatch_k64,text_pca256_lexical_w005
1855,63,minibatch_k64,text_pca256_lexical_w005
1856,21,minibatch_k64,text_pca256_lexical_w005
1857,0,minibatch_k64,text_pca256_lexical_w005
1858,62,minibatch_k64,text_pca256_lexical_w005
1859,0,minibatch_k64,text_pca256_lexical_w005
1860,0,minibatch_k64,text_pca256_lexical_w005
1861,15,minibatch_k64,text_pca256_lexical_w005
1862,10,minibatch_k64,text_pca256_lexical_w005
1863,25,minibatch_k64,text_pca256_lexical_w005
1864,0,minibatch_k64,text_pca256_lexical_w005
1865,62,minibatch_k64,text_pca256_lexical_w005
1866,56,minibatch_k64,text_pca256_lexical_w005
1867,15,minibatch_k64,text_pca256_lexical_w005
1868,58,minibatch_k64,text_pca256_lexical_w005
1869,53,minibatch_k64,text_pca256_lexical_w005
1870,55,minibatch_k64,text_pca256_lexical_w005
1871,63,minibatch_k64,text_pca256_lexical_w005
1872,4,minibatch_k64,text_pca256_lexical_w005
1873,62,minibatch_k64,text_pca256_lexical_w005
1874,0,minibatch_k64,text_pca256_lexical_w005
1875,0,minibatch_k64,text_pca256_lexical_w005
1876,8,minibatch_k64,text_pca256_lexical_w005
1877,39,minibatch_k64,text_pca256_lexical_w005
1878,25,minibatch_k64,text_pca256_lexical_w005
1879,33,minibatch_k64,text_pca256_lexical_w005
1880,62,minibatch_k64,text_pca256_lexical_w005
1881,0,minibatch_k64,text_pca256_lexical_w005
1882,56,minibatch_k64,text_pca256_lexical_w005
1883,15,minibatch_k64,text_pca256_lexical_w005
1884,15,minibatch_k64,text_pca256_lexical_w005
1885,42,minibatch_k64,text_pca256_lexical_w005
1886,45,minibatch_k64,text_pca256_lexical_w005
1887,38,minibatch_k64,text_pca256_lexical_w005
1888,45,minibatch_k64,text_pca256_lexical_w005
1889,55,minibatch_k64,text_pca256_lexical_w005
1890,42,minibatch_k64,text_pca256_lexical_w005
1891,63,minibatch_k64,text_pca256_lexical_w005
1892,4,minibatch_k64,text_pca256_lexical_w005
1893,45,minibatch_k64,text_pca256_lexical_w005
1894,45,minibatch_k64,text_pca256_lexical_w005
1895,45,minibatch_k64,text_pca256_lexical_w005
1896,0,minibatch_k64,text_pca256_lexical_w005
1897,23,minibatch_k64,text_pca256_lexical_w005
1898,0,minibatch_k64,text_pca256_lexical_w005
1899,62,minibatch_k64,text_pca256_lexical_w005
1900,0,minibatch_k64,text_pca256_lexical_w005
1901,23,minibatch_k64,text_pca256_lexical_w005
1902,45,minibatch_k64,text_pca256_lexical_w005
1903,0,minibatch_k64,text_pca256_lexical_w005
1904,0,minibatch_k64,text_pca256_lexical_w005
1905,23,minibatch_k64,text_pca256_lexical_w005
1906,56,minibatch_k64,text_pca256_lexical_w005
1907,8,minibatch_k64,text_pca256_lexical_w005
1908,56,minibatch_k64,text_pca256_lexical_w005
1909,33,minibatch_k64,text_pca256_lexical_w005
1910,48,minibatch_k64,text_pca256_lexical_w005
1911,45,minibatch_k64,text_pca256_lexical_w005
1912,4,minibatch_k64,text_pca256_lexical_w005
1913,10,minibatch_k64,text_pca256_lexical_w005
1914,42,minibatch_k64,text_pca256_lexical_w005
1915,5,minibatch_k64,text_pca256_lexical_w005
1916,0,minibatch_k64,text_pca256_lexical_w005
1917,42,minibatch_k64,text_pca256_lexical_w005
1918,62,minibatch_k64,text_pca256_lexical_w005
1919,15,minibatch_k64,text_pca256_lexical_w005
1920,0,minibatch_k64,text_pca256_lexical_w005
1921,8,minibatch_k64,text_pca256_lexical_w005
1922,8,minibatch_k64,text_pca256_lexical_w005
1923,0,minibatch_k64,text_pca256_lexical_w005
1924,62,minibatch_k64,text_pca256_lexical_w005
1925,18,minibatch_k64,text_pca256_lexical_w005
1926,0,minibatch_k64,text_pca256_lexical_w005
1927,45,minibatch_k64,text_pca256_lexical_w005
1928,0,minibatch_k64,text_pca256_lexical_w005
1929,53,minibatch_k64,text_pca256_lexical_w005
1930,23,minibatch_k64,text_pca256_lexical_w005
1931,4,minibatch_k64,text_pca256_lexical_w005
1932,18,minibatch_k64,text_pca256_lexical_w005
1933,10,minibatch_k64,text_pca256_lexical_w005
1934,59,minibatch_k64,text_pca256_lexical_w005
1935,15,minibatch_k64,text_pca256_lexical_w005
1936,15,minibatch_k64,text_pca256_lexical_w005
1937,0,minibatch_k64,text_pca256_lexical_w005
1938,62,minibatch_k64,text_pca256_lexical_w005
1939,33,minibatch_k64,text_pca256_lexical_w005
1940,59,minibatch_k64,text_pca256_lexical_w005
1941,18,minibatch_k64,text_pca256_lexical_w005
1942,62,minibatch_k64,text_pca256_lexical_w005
1943,8,minibatch_k64,text_pca256_lexical_w005
1944,2,minibatch_k64,text_pca256_lexical_w005
1945,62,minibatch_k64,text_pca256_lexical_w005
1946,33,minibatch_k64,text_pca256_lexical_w005
1947,23,minibatch_k64,text_pca256_lexical_w005
1948,8,minibatch_k64,text_pca256_lexical_w005
1949,61,minibatch_k64,text_pca256_lexical_w005
1950,5,minibatch_k64,text_pca256_lexical_w005
1951,15,minibatch_k64,text_pca256_lexical_w005
1952,61,minibatch_k64,text_pca256_lexical_w005
1953,0,minibatch_k64,text_pca256_lexical_w005
1954,59,minibatch_k64,text_pca256_lexical_w005
1955,23,minibatch_k64,text_pca256_lexical_w005
1956,0,minibatch_k64,text_pca256_lexical_w005
1957,45,minibatch_k64,text_pca256_lexical_w005
1958,10,minibatch_k64,text_pca256_lexical_w005
1959,33,minibatch_k64,text_pca256_lexical_w005
1960,61,minibatch_k64,text_pca256_lexical_w005
1961,59,minibatch_k64,text_pca256_lexical_w005
1962,8,minibatch_k64,text_pca256_lexical_w005
1963,0,minibatch_k64,text_pca256_lexical_w005
1964,8,minibatch_k64,text_pca256_lexical_w005
1965,56,minibatch_k64,text_pca256_lexical_w005
1966,59,minibatch_k64,text_pca256_lexical_w005
1967,18,minibatch_k64,text_pca256_lexical_w005
1968,15,minibatch_k64,text_pca256_lexical_w005
1969,45,minibatch_k64,text_pca256_lexical_w005
1970,15,minibatch_k64,text_pca256_lexical_w005
1971,61,minibatch_k64,text_pca256_lexical_w005
1972,8,minibatch_k64,text_pca256_lexical_w005
1973,43,minibatch_k64,text_pca256_lexical_w005
1974,43,minibatch_k64,text_pca256_lexical_w005
1975,8,minibatch_k64,text_pca256_lexical_w005
1976,5,minibatch_k64,text_pca256_lexical_w005
1977,45,minibatch_k64,text_pca256_lexical_w005
1978,0,minibatch_k64,text_pca256_lexical_w005
1979,2,minibatch_k64,text_pca256_lexical_w005
1980,2,minibatch_k64,text_pca256_lexical_w005
1981,39,minibatch_k64,text_pca256_lexical_w005
1982,15,minibatch_k64,text_pca256_lexical_w005
1983,39,minibatch_k64,text_pca256_lexical_w005
1984,10,minibatch_k64,text_pca256_lexical_w005
1985,8,minibatch_k64,text_pca256_lexical_w005
1986,10,minibatch_k64,text_pca256_lexical_w005
1987,62,minibatch_k64,text_pca256_lexical_w005
1988,45,minibatch_k64,text_pca256_lexical_w005
1989,4,minibatch_k64,text_pca256_lexical_w005
1990,56,minibatch_k64,text_pca256_lexical_w005
1991,39,minibatch_k64,text_pca256_lexical_w005
1992,33,minibatch_k64,text_pca256_lexical_w005
1993,5,minibatch_k64,text_pca256_lexical_w005
1994,10,minibatch_k64,text_pca256_lexical_w005
1995,2,minibatch_k64,text_pca256_lexical_w005
1996,25,minibatch_k64,text_pca256_lexical_w005
1997,10,minibatch_k64,text_pca256_lexical_w005
1998,15,minibatch_k64,text_pca256_lexical_w005
1999,0,minibatch_k64,text_pca256_lexical_w005
2000,58,minibatch_k64,text_pca256_lexical_w005
2001,59,minibatch_k64,text_pca256_lexical_w005
2002,22,minibatch_k64,text_pca256_lexical_w005
2003,42,minibatch_k64,text_pca256_lexical_w005
2004,8,minibatch_k64,text_pca256_lexical_w005
2005,33,minibatch_k64,text_pca256_lexical_w005
2006,62,minibatch_k64,text_pca256_lexical_w005
2007,8,minibatch_k64,text_pca256_lexical_w005
2008,10,minibatch_k64,text_pca256_lexical_w005
2009,0,minibatch_k64,text_pca256_lexical_w005
2010,0,minibatch_k64,text_pca256_lexical_w005
2011,42,minibatch_k64,text_pca256_lexical_w005
2012,42,minibatch_k64,text_pca256_lexical_w005
2013,33,minibatch_k64,text_pca256_lexical_w005
2014,25,minibatch_k64,text_pca256_lexical_w005
2015,38,minibatch_k64,text_pca256_lexical_w005
2016,23,minibatch_k64,text_pca256_lexical_w005
2017,55,minibatch_k64,text_pca256_lexical_w005
2018,8,minibatch_k64,text_pca256_lexical_w005
2019,10,minibatch_k64,text_pca256_lexical_w005
2020,8,minibatch_k64,text_pca256_lexical_w005
2021,62,minibatch_k64,text_pca256_lexical_w005
2022,20,minibatch_k64,text_pca256_lexical_w005
2023,39,minibatch_k64,text_pca256_lexical_w005
2024,25,minibatch_k64,text_pca256_lexical_w005
2025,42,minibatch_k64,text_pca256_lexical_w005
2026,38,minibatch_k64,text_pca256_lexical_w005
2027,10,minibatch_k64,text_pca256_lexical_w005
2028,55,minibatch_k64,text_pca256_lexical_w005
2029,22,minibatch_k64,text_pca256_lexical_w005
2030,62,minibatch_k64,text_pca256_lexical_w005
2031,62,minibatch_k64,text_pca256_lexical_w005
2032,42,minibatch_k64,text_pca256_lexical_w005
2033,42,minibatch_k64,text_pca256_lexical_w005
2034,42,minibatch_k64,text_pca256_lexical_w005
2035,56,minibatch_k64,text_pca256_lexical_w005
2036,62,minibatch_k64,text_pca256_lexical_w005
2037,42,minibatch_k64,text_pca256_lexical_w005
2038,8,minibatch_k64,text_pca256_lexical_w005
2039,0,minibatch_k64,text_pca256_lexical_w005
2040,25,minibatch_k64,text_pca256_lexical_w005
2041,15,minibatch_k64,text_pca256_lexical_w005
2042,8,minibatch_k64,text_pca256_lexical_w005
2043,38,minibatch_k64,text_pca256_lexical_w005
2044,62,minibatch_k64,text_pca256_lexical_w005
2045,10,minibatch_k64,text_pca256_lexical_w005
2046,10,minibatch_k64,text_pca256_lexical_w005
2047,8,minibatch_k64,text_pca256_lexical_w005
2048,2,minibatch_k64,text_pca256_lexical_w005
2049,0,minibatch_k64,text_pca256_lexical_w005
2050,62,minibatch_k64,text_pca256_lexical_w005
2051,56,minibatch_k64,text_pca256_lexical_w005
2052,25,minibatch_k64,text_pca256_lexical_w005
2053,38,minibatch_k64,text_pca256_lexical_w005
2054,59,minibatch_k64,text_pca256_lexical_w005
2055,36,minibatch_k64,text_pca256_lexical_w005
2056,55,minibatch_k64,text_pca256_lexical_w005
2057,63,minibatch_k64,text_pca256_lexical_w005
2058,42,minibatch_k64,text_pca256_lexical_w005
2059,33,minibatch_k64,text_pca256_lexical_w005
2060,33,minibatch_k64,text_pca256_lexical_w005
2061,62,minibatch_k64,text_pca256_lexical_w005
2062,33,minibatch_k64,text_pca256_lexical_w005
2063,23,minibatch_k64,text_pca256_lexical_w005
2064,39,minibatch_k64,text_pca256_lexical_w005
2065,42,minibatch_k64,text_pca256_lexical_w005
2066,2,minibatch_k64,text_pca256_lexical_w005
2067,10,minibatch_k64,text_pca256_lexical_w005
2068,56,minibatch_k64,text_pca256_lexical_w005
2069,8,minibatch_k64,text_pca256_lexical_w005
2070,8,minibatch_k64,text_pca256_lexical_w005
2071,0,minibatch_k64,text_pca256_lexical_w005
2072,42,minibatch_k64,text_pca256_lexical_w005
2073,62,minibatch_k64,text_pca256_lexical_w005
2074,0,minibatch_k64,text_pca256_lexical_w005
2075,0,minibatch_k64,text_pca256_lexical_w005
2076,4,minibatch_k64,text_pca256_lexical_w005
2077,59,minibatch_k64,text_pca256_lexical_w005
2078,59,minibatch_k64,text_pca256_lexical_w005
2079,47,minibatch_k64,text_pca256_lexical_w005
2080,8,minibatch_k64,text_pca256_lexical_w005
2081,21,minibatch_k64,text_pca256_lexical_w005
2082,10,minibatch_k64,text_pca256_lexical_w005
2083,8,minibatch_k64,text_pca256_lexical_w005
2084,15,minibatch_k64,text_pca256_lexical_w005
2085,53,minibatch_k64,text_pca256_lexical_w005
2086,23,minibatch_k64,text_pca256_lexical_w005
2087,45,minibatch_k64,text_pca256_lexical_w005
2088,18,minibatch_k64,text_pca256_lexical_w005
2089,62,minibatch_k64,text_pca256_lexical_w005
2090,59,minibatch_k64,text_pca256_lexical_w005
2091,33,minibatch_k64,text_pca256_lexical_w005
2092,50,minibatch_k64,text_pca256_lexical_w005
2093,45,minibatch_k64,text_pca256_lexical_w005
2094,23,minibatch_k64,text_pca256_lexical_w005
2095,62,minibatch_k64,text_pca256_lexical_w005
2096,23,minibatch_k64,text_pca256_lexical_w005
2097,18,minibatch_k64,text_pca256_lexical_w005
2098,23,minibatch_k64,text_pca256_lexical_w005
2099,39,minibatch_k64,text_pca256_lexical_w005
2100,15,minibatch_k64,text_pca256_lexical_w005
2101,45,minibatch_k64,text_pca256_lexical_w005
2102,45,minibatch_k64,text_pca256_lexical_w005
2103,45,minibatch_k64,text_pca256_lexical_w005
2104,25,minibatch_k64,text_pca256_lexical_w005
2105,33,minibatch_k64,text_pca256_lexical_w005
2106,33,minibatch_k64,text_pca256_lexical_w005
2107,59,minibatch_k64,text_pca256_lexical_w005
2108,62,minibatch_k64,text_pca256_lexical_w005
2109,0,minibatch_k64,text_pca256_lexical_w005
2110,0,minibatch_k64,text_pca256_lexical_w005
2111,56,minibatch_k64,text_pca256_lexical_w005
2112,33,minibatch_k64,text_pca256_lexical_w005
2113,56,minibatch_k64,text_pca256_lexical_w005
2114,39,minibatch_k64,text_pca256_lexical_w005
2115,59,minibatch_k64,text_pca256_lexical_w005
2116,0,minibatch_k64,text_pca256_lexical_w005
2117,45,minibatch_k64,text_pca256_lexical_w005
2118,0,minibatch_k64,text_pca256_lexical_w005
2119,0,minibatch_k64,text_pca256_lexical_w005
2120,0,minibatch_k64,text_pca256_lexical_w005
2121,55,minibatch_k64,text_pca256_lexical_w005
2122,22,minibatch_k64,text_pca256_lexical_w005
2123,59,minibatch_k64,text_pca256_lexical_w005
2124,45,minibatch_k64,text_pca256_lexical_w005
2125,15,minibatch_k64,text_pca256_lexical_w005
2126,0,minibatch_k64,text_pca256_lexical_w005
2127,62,minibatch_k64,text_pca256_lexical_w005
2128,47,minibatch_k64,text_pca256_lexical_w005
2129,56,minibatch_k64,text_pca256_lexical_w005
2130,47,minibatch_k64,text_pca256_lexical_w005
2131,45,minibatch_k64,text_pca256_lexical_w005
2132,45,minibatch_k64,text_pca256_lexical_w005
2133,47,minibatch_k64,text_pca256_lexical_w005
2134,0,minibatch_k64,text_pca256_lexical_w005
2135,59,minibatch_k64,text_pca256_lexical_w005
2136,10,minibatch_k64,text_pca256_lexical_w005
2137,39,minibatch_k64,text_pca256_lexical_w005
2138,23,minibatch_k64,text_pca256_lexical_w005
2139,15,minibatch_k64,text_pca256_lexical_w005
2140,45,minibatch_k64,text_pca256_lexical_w005
2141,45,minibatch_k64,text_pca256_lexical_w005
2142,33,minibatch_k64,text_pca256_lexical_w005
2143,59,minibatch_k64,text_pca256_lexical_w005
2144,59,minibatch_k64,text_pca256_lexical_w005
2145,62,minibatch_k64,text_pca256_lexical_w005
2146,59,minibatch_k64,text_pca256_lexical_w005
2147,8,minibatch_k64,text_pca256_lexical_w005
2148,10,minibatch_k64,text_pca256_lexical_w005
2149,45,minibatch_k64,text_pca256_lexical_w005
2150,42,minibatch_k64,text_pca256_lexical_w005
2151,18,minibatch_k64,text_pca256_lexical_w005
2152,45,minibatch_k64,text_pca256_lexical_w005
2153,18,minibatch_k64,text_pca256_lexical_w005
2154,45,minibatch_k64,text_pca256_lexical_w005
2155,45,minibatch_k64,text_pca256_lexical_w005
2156,45,minibatch_k64,text_pca256_lexical_w005
2157,4,minibatch_k64,text_pca256_lexical_w005
2158,45,minibatch_k64,text_pca256_lexical_w005
2159,45,minibatch_k64,text_pca256_lexical_w005
2160,59,minibatch_k64,text_pca256_lexical_w005
2161,45,minibatch_k64,text_pca256_lexical_w005
2162,62,minibatch_k64,text_pca256_lexical_w005
2163,25,minibatch_k64,text_pca256_lexical_w005
2164,59,minibatch_k64,text_pca256_lexical_w005
2165,39,minibatch_k64,text_pca256_lexical_w005
2166,27,minibatch_k64,text_pca256_lexical_w005
2167,62,minibatch_k64,text_pca256_lexical_w005
2168,56,minibatch_k64,text_pca256_lexical_w005
2169,56,minibatch_k64,text_pca256_lexical_w005
2170,27,minibatch_k64,text_pca256_lexical_w005
2171,10,minibatch_k64,text_pca256_lexical_w005
2172,45,minibatch_k64,text_pca256_lexical_w005
2173,39,minibatch_k64,text_pca256_lexical_w005
2174,10,minibatch_k64,text_pca256_lexical_w005
2175,45,minibatch_k64,text_pca256_lexical_w005
2176,38,minibatch_k64,text_pca256_lexical_w005
2177,45,minibatch_k64,text_pca256_lexical_w005
2178,36,minibatch_k64,text_pca256_lexical_w005
2179,59,minibatch_k64,text_pca256_lexical_w005
2180,55,minibatch_k64,text_pca256_lexical_w005
2181,59,minibatch_k64,text_pca256_lexical_w005
2182,22,minibatch_k64,text_pca256_lexical_w005
2183,45,minibatch_k64,text_pca256_lexical_w005
2184,45,minibatch_k64,text_pca256_lexical_w005
2185,56,minibatch_k64,text_pca256_lexical_w005
2186,39,minibatch_k64,text_pca256_lexical_w005
2187,15,minibatch_k64,text_pca256_lexical_w005
2188,62,minibatch_k64,text_pca256_lexical_w005
2189,45,minibatch_k64,text_pca256_lexical_w005
2190,38,minibatch_k64,text_pca256_lexical_w005
2191,36,minibatch_k64,text_pca256_lexical_w005
2192,59,minibatch_k64,text_pca256_lexical_w005
2193,55,minibatch_k64,text_pca256_lexical_w005
2194,22,minibatch_k64,text_pca256_lexical_w005
2195,45,minibatch_k64,text_pca256_lexical_w005
2196,50,minibatch_k64,text_pca256_lexical_w005
2197,0,minibatch_k64,text_pca256_lexical_w005
2198,59,minibatch_k64,text_pca256_lexical_w005
2199,59,minibatch_k64,text_pca256_lexical_w005
2200,56,minibatch_k64,text_pca256_lexical_w005
2201,10,minibatch_k64,text_pca256_lexical_w005
2202,62,minibatch_k64,text_pca256_lexical_w005
2203,10,minibatch_k64,text_pca256_lexical_w005
2204,10,minibatch_k64,text_pca256_lexical_w005
2205,10,minibatch_k64,text_pca256_lexical_w005
2206,0,minibatch_k64,text_pca256_lexical_w005
2207,45,minibatch_k64,text_pca256_lexical_w005
2208,45,minibatch_k64,text_pca256_lexical_w005
2209,59,minibatch_k64,text_pca256_lexical_w005
2210,8,minibatch_k64,text_pca256_lexical_w005
2211,45,minibatch_k64,text_pca256_lexical_w005
2212,59,minibatch_k64,text_pca256_lexical_w005
2213,10,minibatch_k64,text_pca256_lexical_w005
2214,10,minibatch_k64,text_pca256_lexical_w005
2215,45,minibatch_k64,text_pca256_lexical_w005
2216,39,minibatch_k64,text_pca256_lexical_w005
2217,15,minibatch_k64,text_pca256_lexical_w005
2218,33,minibatch_k64,text_pca256_lexical_w005
2219,45,minibatch_k64,text_pca256_lexical_w005
2220,45,minibatch_k64,text_pca256_lexical_w005
2221,45,minibatch_k64,text_pca256_lexical_w005
2222,30,minibatch_k64,text_pca256_lexical_w005
2223,45,minibatch_k64,text_pca256_lexical_w005
2224,48,minibatch_k64,text_pca256_lexical_w005
2225,56,minibatch_k64,text_pca256_lexical_w005
2226,18,minibatch_k64,text_pca256_lexical_w005
2227,56,minibatch_k64,text_pca256_lexical_w005
2228,50,minibatch_k64,text_pca256_lexical_w005
2229,45,minibatch_k64,text_pca256_lexical_w005
2230,0,minibatch_k64,text_pca256_lexical_w005
2231,59,minibatch_k64,text_pca256_lexical_w005
2232,59,minibatch_k64,text_pca256_lexical_w005
2233,45,minibatch_k64,text_pca256_lexical_w005
2234,45,minibatch_k64,text_pca256_lexical_w005
2235,59,minibatch_k64,text_pca256_lexical_w005
2236,59,minibatch_k64,text_pca256_lexical_w005
2237,18,minibatch_k64,text_pca256_lexical_w005
2238,59,minibatch_k64,text_pca256_lexical_w005
2239,18,minibatch_k64,text_pca256_lexical_w005
2240,18,minibatch_k64,text_pca256_lexical_w005
2241,45,minibatch_k64,text_pca256_lexical_w005
2242,10,minibatch_k64,text_pca256_lexical_w005
2243,23,minibatch_k64,text_pca256_lexical_w005
2244,27,minibatch_k64,text_pca256_lexical_w005
2245,18,minibatch_k64,text_pca256_lexical_w005
2246,27,minibatch_k64,text_pca256_lexical_w005
2247,45,minibatch_k64,text_pca256_lexical_w005
2248,23,minibatch_k64,text_pca256_lexical_w005
2249,27,minibatch_k64,text_pca256_lexical_w005
2250,18,minibatch_k64,text_pca256_lexical_w005
2251,59,minibatch_k64,text_pca256_lexical_w005
2252,27,minibatch_k64,text_pca256_lexical_w005
2253,33,minibatch_k64,text_pca256_lexical_w005
2254,45,minibatch_k64,text_pca256_lexical_w005
2255,45,minibatch_k64,text_pca256_lexical_w005
2256,45,minibatch_k64,text_pca256_lexical_w005
2257,45,minibatch_k64,text_pca256_lexical_w005
2258,45,minibatch_k64,text_pca256_lexical_w005
2259,27,minibatch_k64,text_pca256_lexical_w005
2260,18,minibatch_k64,text_pca256_lexical_w005
2261,62,minibatch_k64,text_pca256_lexical_w005
2262,27,minibatch_k64,text_pca256_lexical_w005
2263,18,minibatch_k64,text_pca256_lexical_w005
2264,33,minibatch_k64,text_pca256_lexical_w005
2265,59,minibatch_k64,text_pca256_lexical_w005
2266,45,minibatch_k64,text_pca256_lexical_w005
2267,62,minibatch_k64,text_pca256_lexical_w005
2268,27,minibatch_k64,text_pca256_lexical_w005
2269,45,minibatch_k64,text_pca256_lexical_w005
2270,45,minibatch_k64,text_pca256_lexical_w005
2271,18,minibatch_k64,text_pca256_lexical_w005
2272,61,minibatch_k64,text_pca256_lexical_w005
2273,15,minibatch_k64,text_pca256_lexical_w005
2274,15,minibatch_k64,text_pca256_lexical_w005
2275,8,minibatch_k64,text_pca256_lexical_w005
2276,59,minibatch_k64,text_pca256_lexical_w005
2277,62,minibatch_k64,text_pca256_lexical_w005
2278,10,minibatch_k64,text_pca256_lexical_w005
2279,15,minibatch_k64,text_pca256_lexical_w005
2280,62,minibatch_k64,text_pca256_lexical_w005
2281,0,minibatch_k64,text_pca256_lexical_w005
2282,59,minibatch_k64,text_pca256_lexical_w005
2283,62,minibatch_k64,text_pca256_lexical_w005
2284,56,minibatch_k64,text_pca256_lexical_w005
2285,30,minibatch_k64,text_pca256_lexical_w005
2286,45,minibatch_k64,text_pca256_lexical_w005
2287,10,minibatch_k64,text_pca256_lexical_w005
2288,56,minibatch_k64,text_pca256_lexical_w005
2289,59,minibatch_k64,text_pca256_lexical_w005
2290,53,minibatch_k64,text_pca256_lexical_w005
2291,41,minibatch_k64,text_pca256_lexical_w005
2292,45,minibatch_k64,text_pca256_lexical_w005
2293,48,minibatch_k64,text_pca256_lexical_w005
2294,33,minibatch_k64,text_pca256_lexical_w005
2295,45,minibatch_k64,text_pca256_lexical_w005
2296,33,minibatch_k64,text_pca256_lexical_w005
2297,62,minibatch_k64,text_pca256_lexical_w005
2298,41,minibatch_k64,text_pca256_lexical_w005
2299,41,minibatch_k64,text_pca256_lexical_w005
2300,56,minibatch_k64,text_pca256_lexical_w005
2301,0,minibatch_k64,text_pca256_lexical_w005
2302,59,minibatch_k64,text_pca256_lexical_w005
2303,56,minibatch_k64,text_pca256_lexical_w005
2304,33,minibatch_k64,text_pca256_lexical_w005
2305,8,minibatch_k64,text_pca256_lexical_w005
2306,41,minibatch_k64,text_pca256_lexical_w005
2307,56,minibatch_k64,text_pca256_lexical_w005
2308,45,minibatch_k64,text_pca256_lexical_w005
2309,41,minibatch_k64,text_pca256_lexical_w005
2310,56,minibatch_k64,text_pca256_lexical_w005
2311,41,minibatch_k64,text_pca256_lexical_w005
2312,45,minibatch_k64,text_pca256_lexical_w005
2313,0,minibatch_k64,text_pca256_lexical_w005
2314,56,minibatch_k64,text_pca256_lexical_w005
2315,56,minibatch_k64,text_pca256_lexical_w005
2316,56,minibatch_k64,text_pca256_lexical_w005
2317,8,minibatch_k64,text_pca256_lexical_w005
2318,56,minibatch_k64,text_pca256_lexical_w005
2319,56,minibatch_k64,text_pca256_lexical_w005
2320,59,minibatch_k64,text_pca256_lexical_w005
2321,56,minibatch_k64,text_pca256_lexical_w005
2322,56,minibatch_k64,text_pca256_lexical_w005
2323,10,minibatch_k64,text_pca256_lexical_w005
2324,56,minibatch_k64,text_pca256_lexical_w005
2325,59,minibatch_k64,text_pca256_lexical_w005
2326,39,minibatch_k64,text_pca256_lexical_w005
2327,8,minibatch_k64,text_pca256_lexical_w005
2328,56,minibatch_k64,text_pca256_lexical_w005
2329,59,minibatch_k64,text_pca256_lexical_w005
2330,56,minibatch_k64,text_pca256_lexical_w005
2331,45,minibatch_k64,text_pca256_lexical_w005
2332,8,minibatch_k64,text_pca256_lexical_w005
2333,59,minibatch_k64,text_pca256_lexical_w005
2334,59,minibatch_k64,text_pca256_lexical_w005
2335,56,minibatch_k64,text_pca256_lexical_w005
2336,56,minibatch_k64,text_pca256_lexical_w005
2337,8,minibatch_k64,text_pca256_lexical_w005
2338,53,minibatch_k64,text_pca256_lexical_w005
2339,45,minibatch_k64,text_pca256_lexical_w005
2340,56,minibatch_k64,text_pca256_lexical_w005
2341,2,minibatch_k64,text_pca256_lexical_w005
2342,10,minibatch_k64,text_pca256_lexical_w005
2343,33,minibatch_k64,text_pca256_lexical_w005
2344,56,minibatch_k64,text_pca256_lexical_w005
2345,59,minibatch_k64,text_pca256_lexical_w005
2346,59,minibatch_k64,text_pca256_lexical_w005
2347,33,minibatch_k64,text_pca256_lexical_w005
2348,39,minibatch_k64,text_pca256_lexical_w005
2349,10,minibatch_k64,text_pca256_lexical_w005
2350,56,minibatch_k64,text_pca256_lexical_w005
2351,56,minibatch_k64,text_pca256_lexical_w005
2352,0,minibatch_k64,text_pca256_lexical_w005
2353,56,minibatch_k64,text_pca256_lexical_w005
2354,59,minibatch_k64,text_pca256_lexical_w005
2355,34,minibatch_k64,text_pca256_lexical_w005
2356,56,minibatch_k64,text_pca256_lexical_w005
2357,56,minibatch_k64,text_pca256_lexical_w005
2358,59,minibatch_k64,text_pca256_lexical_w005
2359,59,minibatch_k64,text_pca256_lexical_w005
2360,56,minibatch_k64,text_pca256_lexical_w005
2361,56,minibatch_k64,text_pca256_lexical_w005
2362,56,minibatch_k64,text_pca256_lexical_w005
2363,59,minibatch_k64,text_pca256_lexical_w005
2364,56,minibatch_k64,text_pca256_lexical_w005
2365,56,minibatch_k64,text_pca256_lexical_w005
2366,62,minibatch_k64,text_pca256_lexical_w005
2367,62,minibatch_k64,text_pca256_lexical_w005
2368,56,minibatch_k64,text_pca256_lexical_w005
2369,56,minibatch_k64,text_pca256_lexical_w005
2370,62,minibatch_k64,text_pca256_lexical_w005
2371,56,minibatch_k64,text_pca256_lexical_w005
2372,62,minibatch_k64,text_pca256_lexical_w005
2373,45,minibatch_k64,text_pca256_lexical_w005
2374,45,minibatch_k64,text_pca256_lexical_w005
2375,23,minibatch_k64,text_pca256_lexical_w005
2376,59,minibatch_k64,text_pca256_lexical_w005
2377,59,minibatch_k64,text_pca256_lexical_w005
2378,39,minibatch_k64,text_pca256_lexical_w005
2379,62,minibatch_k64,text_pca256_lexical_w005
2380,56,minibatch_k64,text_pca256_lexical_w005
2381,62,minibatch_k64,text_pca256_lexical_w005
2382,62,minibatch_k64,text_pca256_lexical_w005
2383,10,minibatch_k64,text_pca256_lexical_w005
2384,62,minibatch_k64,text_pca256_lexical_w005
2385,62,minibatch_k64,text_pca256_lexical_w005
2386,56,minibatch_k64,text_pca256_lexical_w005
2387,62,minibatch_k64,text_pca256_lexical_w005
2388,56,minibatch_k64,text_pca256_lexical_w005
2389,45,minibatch_k64,text_pca256_lexical_w005
2390,59,minibatch_k64,text_pca256_lexical_w005
2391,59,minibatch_k64,text_pca256_lexical_w005
2392,56,minibatch_k64,text_pca256_lexical_w005
2393,62,minibatch_k64,text_pca256_lexical_w005
2394,62,minibatch_k64,text_pca256_lexical_w005
2395,62,minibatch_k64,text_pca256_lexical_w005
2396,33,minibatch_k64,text_pca256_lexical_w005
2397,0,minibatch_k64,text_pca256_lexical_w005
2398,59,minibatch_k64,text_pca256_lexical_w005
2399,56,minibatch_k64,text_pca256_lexical_w005
2400,56,minibatch_k64,text_pca256_lexical_w005
2401,56,minibatch_k64,text_pca256_lexical_w005
2402,56,minibatch_k64,text_pca256_lexical_w005
2403,2,minibatch_k64,text_pca256_lexical_w005
2404,56,minibatch_k64,text_pca256_lexical_w005
2405,56,minibatch_k64,text_pca256_lexical_w005
2406,56,minibatch_k64,text_pca256_lexical_w005
2407,56,minibatch_k64,text_pca256_lexical_w005
2408,62,minibatch_k64,text_pca256_lexical_w005
2409,56,minibatch_k64,text_pca256_lexical_w005
2410,59,minibatch_k64,text_pca256_lexical_w005
2411,59,minibatch_k64,text_pca256_lexical_w005
2412,56,minibatch_k64,text_pca256_lexical_w005
2413,56,minibatch_k64,text_pca256_lexical_w005
2414,56,minibatch_k64,text_pca256_lexical_w005
2415,56,minibatch_k64,text_pca256_lexical_w005
2416,59,minibatch_k64,text_pca256_lexical_w005
2417,56,minibatch_k64,text_pca256_lexical_w005
2418,56,minibatch_k64,text_pca256_lexical_w005
2419,59,minibatch_k64,text_pca256_lexical_w005
2420,56,minibatch_k64,text_pca256_lexical_w005
2421,59,minibatch_k64,text_pca256_lexical_w005
2422,59,minibatch_k64,text_pca256_lexical_w005
2423,2,minibatch_k64,text_pca256_lexical_w005
2424,56,minibatch_k64,text_pca256_lexical_w005
2425,21,minibatch_k64,text_pca256_lexical_w005
2426,56,minibatch_k64,text_pca256_lexical_w005
2427,59,minibatch_k64,text_pca256_lexical_w005
2428,10,minibatch_k64,text_pca256_lexical_w005
2429,33,minibatch_k64,text_pca256_lexical_w005
2430,56,minibatch_k64,text_pca256_lexical_w005
2431,59,minibatch_k64,text_pca256_lexical_w005
2432,56,minibatch_k64,text_pca256_lexical_w005
2433,45,minibatch_k64,text_pca256_lexical_w005
2434,59,minibatch_k64,text_pca256_lexical_w005
2435,59,minibatch_k64,text_pca256_lexical_w005
2436,56,minibatch_k64,text_pca256_lexical_w005
2437,45,minibatch_k64,text_pca256_lexical_w005
2438,39,minibatch_k64,text_pca256_lexical_w005
2439,10,minibatch_k64,text_pca256_lexical_w005
2440,10,minibatch_k64,text_pca256_lexical_w005
2441,8,minibatch_k64,text_pca256_lexical_w005
2442,56,minibatch_k64,text_pca256_lexical_w005
2443,23,minibatch_k64,text_pca256_lexical_w005
2444,0,minibatch_k64,text_pca256_lexical_w005
2445,0,minibatch_k64,text_pca256_lexical_w005
2446,23,minibatch_k64,text_pca256_lexical_w005
2447,62,minibatch_k64,text_pca256_lexical_w005
2448,23,minibatch_k64,text_pca256_lexical_w005
2449,62,minibatch_k64,text_pca256_lexical_w005
2450,23,minibatch_k64,text_pca256_lexical_w005
2451,23,minibatch_k64,text_pca256_lexical_w005
2452,23,minibatch_k64,text_pca256_lexical_w005
2453,23,minibatch_k64,text_pca256_lexical_w005
2454,4,minibatch_k64,text_pca256_lexical_w005
2455,26,minibatch_k64,text_pca256_lexical_w005
2456,26,minibatch_k64,text_pca256_lexical_w005
2457,4,minibatch_k64,text_pca256_lexical_w005
2458,0,minibatch_k64,text_pca256_lexical_w005
2459,4,minibatch_k64,text_pca256_lexical_w005
2460,4,minibatch_k64,text_pca256_lexical_w005
2461,4,minibatch_k64,text_pca256_lexical_w005
2462,4,minibatch_k64,text_pca256_lexical_w005
2463,4,minibatch_k64,text_pca256_lexical_w005
2464,4,minibatch_k64,text_pca256_lexical_w005
2465,4,minibatch_k64,text_pca256_lexical_w005
2466,4,minibatch_k64,text_pca256_lexical_w005
2467,4,minibatch_k64,text_pca256_lexical_w005
2468,23,minibatch_k64,text_pca256_lexical_w005
2469,4,minibatch_k64,text_pca256_lexical_w005
2470,4,minibatch_k64,text_pca256_lexical_w005
2471,4,minibatch_k64,text_pca256_lexical_w005
2472,4,minibatch_k64,text_pca256_lexical_w005
2473,8,minibatch_k64,text_pca256_lexical_w005
2474,0,minibatch_k64,text_pca256_lexical_w005
2475,0,minibatch_k64,text_pca256_lexical_w005
2476,62,minibatch_k64,text_pca256_lexical_w005
2477,62,minibatch_k64,text_pca256_lexical_w005
2478,0,minibatch_k64,text_pca256_lexical_w005
2479,0,minibatch_k64,text_pca256_lexical_w005
2480,62,minibatch_k64,text_pca256_lexical_w005
2481,5,minibatch_k64,text_pca256_lexical_w005
2482,62,minibatch_k64,text_pca256_lexical_w005
2483,8,minibatch_k64,text_pca256_lexical_w005
2484,62,minibatch_k64,text_pca256_lexical_w005
2485,2,minibatch_k64,text_pca256_lexical_w005
2486,0,minibatch_k64,text_pca256_lexical_w005
2487,62,minibatch_k64,text_pca256_lexical_w005
2488,8,minibatch_k64,text_pca256_lexical_w005
2489,0,minibatch_k64,text_pca256_lexical_w005
2490,42,minibatch_k64,text_pca256_lexical_w005
2491,10,minibatch_k64,text_pca256_lexical_w005
2492,10,minibatch_k64,text_pca256_lexical_w005
2493,50,minibatch_k64,text_pca256_lexical_w005
2494,29,minibatch_k64,text_pca256_lexical_w005
2495,59,minibatch_k64,text_pca256_lexical_w005
2496,33,minibatch_k64,text_pca256_lexical_w005
2497,10,minibatch_k64,text_pca256_lexical_w005
2498,8,minibatch_k64,text_pca256_lexical_w005
2499,62,minibatch_k64,text_pca256_lexical_w005
2500,0,minibatch_k64,text_pca256_lexical_w005
2501,8,minibatch_k64,text_pca256_lexical_w005
2502,62,minibatch_k64,text_pca256_lexical_w005
2503,2,minibatch_k64,text_pca256_lexical_w005
2504,59,minibatch_k64,text_pca256_lexical_w005
2505,47,minibatch_k64,text_pca256_lexical_w005
2506,2,minibatch_k64,text_pca256_lexical_w005
2507,39,minibatch_k64,text_pca256_lexical_w005
2508,62,minibatch_k64,text_pca256_lexical_w005
2509,50,minibatch_k64,text_pca256_lexical_w005
2510,62,minibatch_k64,text_pca256_lexical_w005
2511,10,minibatch_k64,text_pca256_lexical_w005
2512,5,minibatch_k64,text_pca256_lexical_w005
2513,8,minibatch_k64,text_pca256_lexical_w005
2514,25,minibatch_k64,text_pca256_lexical_w005
2515,38,minibatch_k64,text_pca256_lexical_w005
2516,39,minibatch_k64,text_pca256_lexical_w005
2517,39,minibatch_k64,text_pca256_lexical_w005
2518,55,minibatch_k64,text_pca256_lexical_w005
2519,62,minibatch_k64,text_pca256_lexical_w005
2520,62,minibatch_k64,text_pca256_lexical_w005
2521,50,minibatch_k64,text_pca256_lexical_w005
2522,62,minibatch_k64,text_pca256_lexical_w005
2523,0,minibatch_k64,text_pca256_lexical_w005
2524,8,minibatch_k64,text_pca256_lexical_w005
2525,8,minibatch_k64,text_pca256_lexical_w005
2526,38,minibatch_k64,text_pca256_lexical_w005
2527,15,minibatch_k64,text_pca256_lexical_w005
2528,8,minibatch_k64,text_pca256_lexical_w005
2529,23,minibatch_k64,text_pca256_lexical_w005
2530,55,minibatch_k64,text_pca256_lexical_w005
2531,63,minibatch_k64,text_pca256_lexical_w005
2532,4,minibatch_k64,text_pca256_lexical_w005
2533,62,minibatch_k64,text_pca256_lexical_w005
2534,23,minibatch_k64,text_pca256_lexical_w005
2535,10,minibatch_k64,text_pca256_lexical_w005
2536,23,minibatch_k64,text_pca256_lexical_w005
2537,25,minibatch_k64,text_pca256_lexical_w005
2538,62,minibatch_k64,text_pca256_lexical_w005
2539,33,minibatch_k64,text_pca256_lexical_w005
2540,62,minibatch_k64,text_pca256_lexical_w005
2541,38,minibatch_k64,text_pca256_lexical_w005
2542,23,minibatch_k64,text_pca256_lexical_w005
2543,55,minibatch_k64,text_pca256_lexical_w005
2544,23,minibatch_k64,text_pca256_lexical_w005
2545,29,minibatch_k64,text_pca256_lexical_w005
2546,29,minibatch_k64,text_pca256_lexical_w005
2547,15,minibatch_k64,text_pca256_lexical_w005
2548,21,minibatch_k64,text_pca256_lexical_w005
2549,50,minibatch_k64,text_pca256_lexical_w005
2550,33,minibatch_k64,text_pca256_lexical_w005
2551,39,minibatch_k64,text_pca256_lexical_w005
2552,62,minibatch_k64,text_pca256_lexical_w005
2553,29,minibatch_k64,text_pca256_lexical_w005
2554,62,minibatch_k64,text_pca256_lexical_w005
2555,38,minibatch_k64,text_pca256_lexical_w005
2556,55,minibatch_k64,text_pca256_lexical_w005
2557,10,minibatch_k64,text_pca256_lexical_w005
2558,0,minibatch_k64,text_pca256_lexical_w005
2559,25,minibatch_k64,text_pca256_lexical_w005
2560,58,minibatch_k64,text_pca256_lexical_w005
2561,45,minibatch_k64,text_pca256_lexical_w005
2562,55,minibatch_k64,text_pca256_lexical_w005
2563,63,minibatch_k64,text_pca256_lexical_w005
2564,4,minibatch_k64,text_pca256_lexical_w005
2565,62,minibatch_k64,text_pca256_lexical_w005
2566,10,minibatch_k64,text_pca256_lexical_w005
2567,23,minibatch_k64,text_pca256_lexical_w005
2568,0,minibatch_k64,text_pca256_lexical_w005
2569,0,minibatch_k64,text_pca256_lexical_w005
2570,0,minibatch_k64,text_pca256_lexical_w005
2571,38,minibatch_k64,text_pca256_lexical_w005
2572,45,minibatch_k64,text_pca256_lexical_w005
2573,10,minibatch_k64,text_pca256_lexical_w005
2574,63,minibatch_k64,text_pca256_lexical_w005
2575,5,minibatch_k64,text_pca256_lexical_w005
2576,62,minibatch_k64,text_pca256_lexical_w005
2577,21,minibatch_k64,text_pca256_lexical_w005
2578,8,minibatch_k64,text_pca256_lexical_w005
2579,21,minibatch_k64,text_pca256_lexical_w005
2580,8,minibatch_k64,text_pca256_lexical_w005
2581,25,minibatch_k64,text_pca256_lexical_w005
2582,0,minibatch_k64,text_pca256_lexical_w005
2583,12,minibatch_k64,text_pca256_lexical_w005
2584,38,minibatch_k64,text_pca256_lexical_w005
2585,55,minibatch_k64,text_pca256_lexical_w005
2586,63,minibatch_k64,text_pca256_lexical_w005
2587,0,minibatch_k64,text_pca256_lexical_w005
2588,8,minibatch_k64,text_pca256_lexical_w005
2589,56,minibatch_k64,text_pca256_lexical_w005
2590,21,minibatch_k64,text_pca256_lexical_w005
2591,10,minibatch_k64,text_pca256_lexical_w005
2592,38,minibatch_k64,text_pca256_lexical_w005
2593,55,minibatch_k64,text_pca256_lexical_w005
2594,13,minibatch_k64,text_pca256_lexical_w005
2595,47,minibatch_k64,text_pca256_lexical_w005
2596,47,minibatch_k64,text_pca256_lexical_w005
2597,62,minibatch_k64,text_pca256_lexical_w005
2598,10,minibatch_k64,text_pca256_lexical_w005
2599,5,minibatch_k64,text_pca256_lexical_w005
2600,38,minibatch_k64,text_pca256_lexical_w005
2601,55,minibatch_k64,text_pca256_lexical_w005
2602,63,minibatch_k64,text_pca256_lexical_w005
2603,0,minibatch_k64,text_pca256_lexical_w005
2604,56,minibatch_k64,text_pca256_lexical_w005
2605,62,minibatch_k64,text_pca256_lexical_w005
2606,62,minibatch_k64,text_pca256_lexical_w005
2607,33,minibatch_k64,text_pca256_lexical_w005
2608,25,minibatch_k64,text_pca256_lexical_w005
2609,38,minibatch_k64,text_pca256_lexical_w005
2610,55,minibatch_k64,text_pca256_lexical_w005
2611,63,minibatch_k64,text_pca256_lexical_w005
2612,15,minibatch_k64,text_pca256_lexical_w005
2613,15,minibatch_k64,text_pca256_lexical_w005
2614,38,minibatch_k64,text_pca256_lexical_w005
2615,55,minibatch_k64,text_pca256_lexical_w005
2616,63,minibatch_k64,text_pca256_lexical_w005
2617,2,minibatch_k64,text_pca256_lexical_w005
2618,25,minibatch_k64,text_pca256_lexical_w005
2619,0,minibatch_k64,text_pca256_lexical_w005
2620,38,minibatch_k64,text_pca256_lexical_w005
2621,55,minibatch_k64,text_pca256_lexical_w005
2622,63,minibatch_k64,text_pca256_lexical_w005
2623,38,minibatch_k64,text_pca256_lexical_w005
2624,55,minibatch_k64,text_pca256_lexical_w005
2625,63,minibatch_k64,text_pca256_lexical_w005
2626,33,minibatch_k64,text_pca256_lexical_w005
2627,38,minibatch_k64,text_pca256_lexical_w005
2628,0,minibatch_k64,text_pca256_lexical_w005
2629,55,minibatch_k64,text_pca256_lexical_w005
2630,63,minibatch_k64,text_pca256_lexical_w005
2631,47,minibatch_k64,text_pca256_lexical_w005
2632,47,minibatch_k64,text_pca256_lexical_w005
2633,47,minibatch_k64,text_pca256_lexical_w005
2634,47,minibatch_k64,text_pca256_lexical_w005
2635,10,minibatch_k64,text_pca256_lexical_w005
2636,47,minibatch_k64,text_pca256_lexical_w005
2637,25,minibatch_k64,text_pca256_lexical_w005
2638,38,minibatch_k64,text_pca256_lexical_w005
2639,55,minibatch_k64,text_pca256_lexical_w005
2640,63,minibatch_k64,text_pca256_lexical_w005
2641,38,minibatch_k64,text_pca256_lexical_w005
2642,59,minibatch_k64,text_pca256_lexical_w005
2643,22,minibatch_k64,text_pca256_lexical_w005
2644,2,minibatch_k64,text_pca256_lexical_w005
2645,39,minibatch_k64,text_pca256_lexical_w005
2646,8,minibatch_k64,text_pca256_lexical_w005
2647,62,minibatch_k64,text_pca256_lexical_w005
2648,2,minibatch_k64,text_pca256_lexical_w005
2649,2,minibatch_k64,text_pca256_lexical_w005
2650,0,minibatch_k64,text_pca256_lexical_w005
2651,39,minibatch_k64,text_pca256_lexical_w005
2652,45,minibatch_k64,text_pca256_lexical_w005
2653,2,minibatch_k64,text_pca256_lexical_w005
2654,6,minibatch_k64,text_pca256_lexical_w005
2655,34,minibatch_k64,text_pca256_lexical_w005
2656,6,minibatch_k64,text_pca256_lexical_w005
2657,21,minibatch_k64,text_pca256_lexical_w005
2658,21,minibatch_k64,text_pca256_lexical_w005
2659,2,minibatch_k64,text_pca256_lexical_w005
2660,8,minibatch_k64,text_pca256_lexical_w005
2661,21,minibatch_k64,text_pca256_lexical_w005
2662,6,minibatch_k64,text_pca256_lexical_w005
2663,21,minibatch_k64,text_pca256_lexical_w005
2664,41,minibatch_k64,text_pca256_lexical_w005
2665,41,minibatch_k64,text_pca256_lexical_w005
2666,41,minibatch_k64,text_pca256_lexical_w005
2667,41,minibatch_k64,text_pca256_lexical_w005
2668,6,minibatch_k64,text_pca256_lexical_w005
2669,41,minibatch_k64,text_pca256_lexical_w005
2670,41,minibatch_k64,text_pca256_lexical_w005
2671,41,minibatch_k64,text_pca256_lexical_w005
2672,41,minibatch_k64,text_pca256_lexical_w005
2673,56,minibatch_k64,text_pca256_lexical_w005
2674,41,minibatch_k64,text_pca256_lexical_w005
2675,41,minibatch_k64,text_pca256_lexical_w005
2676,42,minibatch_k64,text_pca256_lexical_w005
2677,10,minibatch_k64,text_pca256_lexical_w005
2678,61,minibatch_k64,text_pca256_lexical_w005
2679,0,minibatch_k64,text_pca256_lexical_w005
2680,45,minibatch_k64,text_pca256_lexical_w005
2681,62,minibatch_k64,text_pca256_lexical_w005
2682,4,minibatch_k64,text_pca256_lexical_w005
2683,0,minibatch_k64,text_pca256_lexical_w005
2684,5,minibatch_k64,text_pca256_lexical_w005
2685,61,minibatch_k64,text_pca256_lexical_w005
2686,5,minibatch_k64,text_pca256_lexical_w005
2687,0,minibatch_k64,text_pca256_lexical_w005
2688,5,minibatch_k64,text_pca256_lexical_w005
2689,5,minibatch_k64,text_pca256_lexical_w005
2690,62,minibatch_k64,text_pca256_lexical_w005
2691,42,minibatch_k64,text_pca256_lexical_w005
2692,21,minibatch_k64,text_pca256_lexical_w005
2693,0,minibatch_k64,text_pca256_lexical_w005
2694,23,minibatch_k64,text_pca256_lexical_w005
2695,0,minibatch_k64,text_pca256_lexical_w005
2696,59,minibatch_k64,text_pca256_lexical_w005
2697,62,minibatch_k64,text_pca256_lexical_w005
2698,0,minibatch_k64,text_pca256_lexical_w005
2699,62,minibatch_k64,text_pca256_lexical_w005
2700,15,minibatch_k64,text_pca256_lexical_w005
2701,8,minibatch_k64,text_pca256_lexical_w005
2702,8,minibatch_k64,text_pca256_lexical_w005
2703,5,minibatch_k64,text_pca256_lexical_w005
2704,4,minibatch_k64,text_pca256_lexical_w005
2705,0,minibatch_k64,text_pca256_lexical_w005
2706,61,minibatch_k64,text_pca256_lexical_w005
2707,42,minibatch_k64,text_pca256_lexical_w005
2708,62,minibatch_k64,text_pca256_lexical_w005
2709,62,minibatch_k64,text_pca256_lexical_w005
2710,2,minibatch_k64,text_pca256_lexical_w005
2711,0,minibatch_k64,text_pca256_lexical_w005
2712,0,minibatch_k64,text_pca256_lexical_w005
2713,62,minibatch_k64,text_pca256_lexical_w005
2714,0,minibatch_k64,text_pca256_lexical_w005
2715,0,minibatch_k64,text_pca256_lexical_w005
2716,62,minibatch_k64,text_pca256_lexical_w005
2717,39,minibatch_k64,text_pca256_lexical_w005
2718,62,minibatch_k64,text_pca256_lexical_w005
2719,15,minibatch_k64,text_pca256_lexical_w005
2720,2,minibatch_k64,text_pca256_lexical_w005
2721,5,minibatch_k64,text_pca256_lexical_w005
2722,5,minibatch_k64,text_pca256_lexical_w005
2723,5,minibatch_k64,text_pca256_lexical_w005
2724,5,minibatch_k64,text_pca256_lexical_w005
2725,21,minibatch_k64,text_pca256_lexical_w005
2726,10,minibatch_k64,text_pca256_lexical_w005
2727,5,minibatch_k64,text_pca256_lexical_w005
2728,42,minibatch_k64,text_pca256_lexical_w005
2729,2,minibatch_k64,text_pca256_lexical_w005
2730,33,minibatch_k64,text_pca256_lexical_w005
2731,10,minibatch_k64,text_pca256_lexical_w005
2732,38,minibatch_k64,text_pca256_lexical_w005
2733,46,minibatch_k64,text_pca256_lexical_w005
2734,0,minibatch_k64,text_pca256_lexical_w005
2735,15,minibatch_k64,text_pca256_lexical_w005
2736,23,minibatch_k64,text_pca256_lexical_w005
2737,45,minibatch_k64,text_pca256_lexical_w005
2738,25,minibatch_k64,text_pca256_lexical_w005
2739,55,minibatch_k64,text_pca256_lexical_w005
2740,13,minibatch_k64,text_pca256_lexical_w005
2741,23,minibatch_k64,text_pca256_lexical_w005
2742,0,minibatch_k64,text_pca256_lexical_w005
2743,4,minibatch_k64,text_pca256_lexical_w005
2744,8,minibatch_k64,text_pca256_lexical_w005
2745,62,minibatch_k64,text_pca256_lexical_w005
2746,2,minibatch_k64,text_pca256_lexical_w005
2747,4,minibatch_k64,text_pca256_lexical_w005
2748,59,minibatch_k64,text_pca256_lexical_w005
2749,59,minibatch_k64,text_pca256_lexical_w005
2750,0,minibatch_k64,text_pca256_lexical_w005
2751,45,minibatch_k64,text_pca256_lexical_w005
2752,56,minibatch_k64,text_pca256_lexical_w005
2753,15,minibatch_k64,text_pca256_lexical_w005
2754,0,minibatch_k64,text_pca256_lexical_w005
2755,62,minibatch_k64,text_pca256_lexical_w005
2756,62,minibatch_k64,text_pca256_lexical_w005
2757,10,minibatch_k64,text_pca256_lexical_w005
2758,33,minibatch_k64,text_pca256_lexical_w005
2759,23,minibatch_k64,text_pca256_lexical_w005
2760,53,minibatch_k64,text_pca256_lexical_w005
2761,0,minibatch_k64,text_pca256_lexical_w005
2762,8,minibatch_k64,text_pca256_lexical_w005
2763,21,minibatch_k64,text_pca256_lexical_w005
2764,39,minibatch_k64,text_pca256_lexical_w005
2765,5,minibatch_k64,text_pca256_lexical_w005
2766,10,minibatch_k64,text_pca256_lexical_w005
2767,62,minibatch_k64,text_pca256_lexical_w005
2768,0,minibatch_k64,text_pca256_lexical_w005
2769,23,minibatch_k64,text_pca256_lexical_w005
2770,59,minibatch_k64,text_pca256_lexical_w005
2771,38,minibatch_k64,text_pca256_lexical_w005
2772,0,minibatch_k64,text_pca256_lexical_w005
2773,15,minibatch_k64,text_pca256_lexical_w005
2774,45,minibatch_k64,text_pca256_lexical_w005
2775,23,minibatch_k64,text_pca256_lexical_w005
2776,25,minibatch_k64,text_pca256_lexical_w005
2777,55,minibatch_k64,text_pca256_lexical_w005
2778,13,minibatch_k64,text_pca256_lexical_w005
2779,23,minibatch_k64,text_pca256_lexical_w005
2780,33,minibatch_k64,text_pca256_lexical_w005
2781,0,minibatch_k64,text_pca256_lexical_w005
2782,42,minibatch_k64,text_pca256_lexical_w005
2783,62,minibatch_k64,text_pca256_lexical_w005
2784,10,minibatch_k64,text_pca256_lexical_w005
2785,8,minibatch_k64,text_pca256_lexical_w005
2786,45,minibatch_k64,text_pca256_lexical_w005
2787,45,minibatch_k64,text_pca256_lexical_w005
2788,45,minibatch_k64,text_pca256_lexical_w005
2789,15,minibatch_k64,text_pca256_lexical_w005
2790,45,minibatch_k64,text_pca256_lexical_w005
2791,45,minibatch_k64,text_pca256_lexical_w005
2792,45,minibatch_k64,text_pca256_lexical_w005
2793,23,minibatch_k64,text_pca256_lexical_w005
2794,62,minibatch_k64,text_pca256_lexical_w005
2795,45,minibatch_k64,text_pca256_lexical_w005
2796,45,minibatch_k64,text_pca256_lexical_w005
2797,8,minibatch_k64,text_pca256_lexical_w005
2798,10,minibatch_k64,text_pca256_lexical_w005
2799,45,minibatch_k64,text_pca256_lexical_w005
2800,8,minibatch_k64,text_pca256_lexical_w005
2801,8,minibatch_k64,text_pca256_lexical_w005
2802,0,minibatch_k64,text_pca256_lexical_w005
2803,62,minibatch_k64,text_pca256_lexical_w005
2804,5,minibatch_k64,text_pca256_lexical_w005
2805,5,minibatch_k64,text_pca256_lexical_w005
2806,0,minibatch_k64,text_pca256_lexical_w005
2807,42,minibatch_k64,text_pca256_lexical_w005
2808,5,minibatch_k64,text_pca256_lexical_w005
2809,39,minibatch_k64,text_pca256_lexical_w005
2810,5,minibatch_k64,text_pca256_lexical_w005
2811,0,minibatch_k64,text_pca256_lexical_w005
2812,62,minibatch_k64,text_pca256_lexical_w005
2813,62,minibatch_k64,text_pca256_lexical_w005
2814,0,minibatch_k64,text_pca256_lexical_w005
2815,23,minibatch_k64,text_pca256_lexical_w005
2816,15,minibatch_k64,text_pca256_lexical_w005
2817,5,minibatch_k64,text_pca256_lexical_w005
2818,0,minibatch_k64,text_pca256_lexical_w005
2819,10,minibatch_k64,text_pca256_lexical_w005
2820,62,minibatch_k64,text_pca256_lexical_w005
2821,38,minibatch_k64,text_pca256_lexical_w005
2822,0,minibatch_k64,text_pca256_lexical_w005
2823,8,minibatch_k64,text_pca256_lexical_w005
2824,8,minibatch_k64,text_pca256_lexical_w005
2825,0,minibatch_k64,text_pca256_lexical_w005
2826,23,minibatch_k64,text_pca256_lexical_w005
2827,45,minibatch_k64,text_pca256_lexical_w005
2828,45,minibatch_k64,text_pca256_lexical_w005
2829,25,minibatch_k64,text_pca256_lexical_w005
2830,55,minibatch_k64,text_pca256_lexical_w005
2831,5,minibatch_k64,text_pca256_lexical_w005
2832,22,minibatch_k64,text_pca256_lexical_w005
2833,23,minibatch_k64,text_pca256_lexical_w005
2834,23,minibatch_k64,text_pca256_lexical_w005
2835,4,minibatch_k64,text_pca256_lexical_w005
2836,0,minibatch_k64,text_pca256_lexical_w005
2837,0,minibatch_k64,text_pca256_lexical_w005
2838,5,minibatch_k64,text_pca256_lexical_w005
2839,21,minibatch_k64,text_pca256_lexical_w005
2840,50,minibatch_k64,text_pca256_lexical_w005
2841,42,minibatch_k64,text_pca256_lexical_w005
2842,23,minibatch_k64,text_pca256_lexical_w005
2843,23,minibatch_k64,text_pca256_lexical_w005
2844,62,minibatch_k64,text_pca256_lexical_w005
2845,62,minibatch_k64,text_pca256_lexical_w005
2846,5,minibatch_k64,text_pca256_lexical_w005
2847,50,minibatch_k64,text_pca256_lexical_w005
2848,21,minibatch_k64,text_pca256_lexical_w005
2849,45,minibatch_k64,text_pca256_lexical_w005
2850,15,minibatch_k64,text_pca256_lexical_w005
2851,10,minibatch_k64,text_pca256_lexical_w005
2852,62,minibatch_k64,text_pca256_lexical_w005
2853,59,minibatch_k64,text_pca256_lexical_w005
2854,0,minibatch_k64,text_pca256_lexical_w005
2855,0,minibatch_k64,text_pca256_lexical_w005
2856,0,minibatch_k64,text_pca256_lexical_w005
2857,0,minibatch_k64,text_pca256_lexical_w005
2858,23,minibatch_k64,text_pca256_lexical_w005
2859,0,minibatch_k64,text_pca256_lexical_w005
2860,10,minibatch_k64,text_pca256_lexical_w005
2861,50,minibatch_k64,text_pca256_lexical_w005
2862,0,minibatch_k64,text_pca256_lexical_w005
2863,10,minibatch_k64,text_pca256_lexical_w005
2864,48,minibatch_k64,text_pca256_lexical_w005
2865,38,minibatch_k64,text_pca256_lexical_w005
2866,10,minibatch_k64,text_pca256_lexical_w005
2867,45,minibatch_k64,text_pca256_lexical_w005
2868,25,minibatch_k64,text_pca256_lexical_w005
2869,55,minibatch_k64,text_pca256_lexical_w005
2870,13,minibatch_k64,text_pca256_lexical_w005
2871,23,minibatch_k64,text_pca256_lexical_w005
2872,4,minibatch_k64,text_pca256_lexical_w005
2873,10,minibatch_k64,text_pca256_lexical_w005
2874,8,minibatch_k64,text_pca256_lexical_w005
2875,21,minibatch_k64,text_pca256_lexical_w005
2876,2,minibatch_k64,text_pca256_lexical_w005
2877,8,minibatch_k64,text_pca256_lexical_w005
2878,8,minibatch_k64,text_pca256_lexical_w005
2879,0,minibatch_k64,text_pca256_lexical_w005
2880,2,minibatch_k64,text_pca256_lexical_w005
2881,2,minibatch_k64,text_pca256_lexical_w005
2882,0,minibatch_k64,text_pca256_lexical_w005
2883,2,minibatch_k64,text_pca256_lexical_w005
2884,8,minibatch_k64,text_pca256_lexical_w005
2885,10,minibatch_k64,text_pca256_lexical_w005
2886,2,minibatch_k64,text_pca256_lexical_w005
2887,33,minibatch_k64,text_pca256_lexical_w005
2888,10,minibatch_k64,text_pca256_lexical_w005
2889,33,minibatch_k64,text_pca256_lexical_w005
2890,0,minibatch_k64,text_pca256_lexical_w005
2891,8,minibatch_k64,text_pca256_lexical_w005
2892,59,minibatch_k64,text_pca256_lexical_w005
2893,39,minibatch_k64,text_pca256_lexical_w005
2894,0,minibatch_k64,text_pca256_lexical_w005
2895,21,minibatch_k64,text_pca256_lexical_w005
2896,62,minibatch_k64,text_pca256_lexical_w005
2897,18,minibatch_k64,text_pca256_lexical_w005
2898,42,minibatch_k64,text_pca256_lexical_w005
2899,2,minibatch_k64,text_pca256_lexical_w005
2900,0,minibatch_k64,text_pca256_lexical_w005
2901,0,minibatch_k64,text_pca256_lexical_w005
2902,0,minibatch_k64,text_pca256_lexical_w005
2903,62,minibatch_k64,text_pca256_lexical_w005
2904,8,minibatch_k64,text_pca256_lexical_w005
2905,2,minibatch_k64,text_pca256_lexical_w005
2906,0,minibatch_k64,text_pca256_lexical_w005
2907,62,minibatch_k64,text_pca256_lexical_w005
2908,8,minibatch_k64,text_pca256_lexical_w005
2909,62,minibatch_k64,text_pca256_lexical_w005
2910,23,minibatch_k64,text_pca256_lexical_w005
2911,21,minibatch_k64,text_pca256_lexical_w005
2912,8,minibatch_k64,text_pca256_lexical_w005
2913,14,minibatch_k64,text_pca256_lexical_w005
2914,48,minibatch_k64,text_pca256_lexical_w005
2915,8,minibatch_k64,text_pca256_lexical_w005
2916,8,minibatch_k64,text_pca256_lexical_w005
2917,38,minibatch_k64,text_pca256_lexical_w005
2918,21,minibatch_k64,text_pca256_lexical_w005
2919,0,minibatch_k64,text_pca256_lexical_w005
2920,15,minibatch_k64,text_pca256_lexical_w005
2921,45,minibatch_k64,text_pca256_lexical_w005
2922,8,minibatch_k64,text_pca256_lexical_w005
2923,45,minibatch_k64,text_pca256_lexical_w005
2924,45,minibatch_k64,text_pca256_lexical_w005
2925,0,minibatch_k64,text_pca256_lexical_w005
2926,25,minibatch_k64,text_pca256_lexical_w005
2927,55,minibatch_k64,text_pca256_lexical_w005
2928,13,minibatch_k64,text_pca256_lexical_w005
2929,0,minibatch_k64,text_pca256_lexical_w005
2930,0,minibatch_k64,text_pca256_lexical_w005
2931,62,minibatch_k64,text_pca256_lexical_w005
2932,8,minibatch_k64,text_pca256_lexical_w005
2933,0,minibatch_k64,text_pca256_lexical_w005
2934,45,minibatch_k64,text_pca256_lexical_w005
2935,45,minibatch_k64,text_pca256_lexical_w005
2936,0,minibatch_k64,text_pca256_lexical_w005
2937,62,minibatch_k64,text_pca256_lexical_w005
2938,4,minibatch_k64,text_pca256_lexical_w005
2939,33,minibatch_k64,text_pca256_lexical_w005
2940,45,minibatch_k64,text_pca256_lexical_w005
2941,45,minibatch_k64,text_pca256_lexical_w005
2942,23,minibatch_k64,text_pca256_lexical_w005
2943,2,minibatch_k64,text_pca256_lexical_w005
2944,45,minibatch_k64,text_pca256_lexical_w005
2945,45,minibatch_k64,text_pca256_lexical_w005
2946,23,minibatch_k64,text_pca256_lexical_w005
2947,45,minibatch_k64,text_pca256_lexical_w005
2948,45,minibatch_k64,text_pca256_lexical_w005
2949,45,minibatch_k64,text_pca256_lexical_w005
2950,45,minibatch_k64,text_pca256_lexical_w005
2951,45,minibatch_k64,text_pca256_lexical_w005
2952,45,minibatch_k64,text_pca256_lexical_w005
2953,45,minibatch_k64,text_pca256_lexical_w005
2954,15,minibatch_k64,text_pca256_lexical_w005
2955,21,minibatch_k64,text_pca256_lexical_w005
2956,45,minibatch_k64,text_pca256_lexical_w005
2957,45,minibatch_k64,text_pca256_lexical_w005
2958,45,minibatch_k64,text_pca256_lexical_w005
2959,45,minibatch_k64,text_pca256_lexical_w005
2960,8,minibatch_k64,text_pca256_lexical_w005
2961,21,minibatch_k64,text_pca256_lexical_w005
2962,23,minibatch_k64,text_pca256_lexical_w005
2963,0,minibatch_k64,text_pca256_lexical_w005
2964,0,minibatch_k64,text_pca256_lexical_w005
2965,59,minibatch_k64,text_pca256_lexical_w005
2966,2,minibatch_k64,text_pca256_lexical_w005
2967,0,minibatch_k64,text_pca256_lexical_w005
2968,4,minibatch_k64,text_pca256_lexical_w005
2969,59,minibatch_k64,text_pca256_lexical_w005
2970,39,minibatch_k64,text_pca256_lexical_w005
2971,45,minibatch_k64,text_pca256_lexical_w005
2972,5,minibatch_k64,text_pca256_lexical_w005
2973,2,minibatch_k64,text_pca256_lexical_w005
2974,39,minibatch_k64,text_pca256_lexical_w005
2975,0,minibatch_k64,text_pca256_lexical_w005
2976,10,minibatch_k64,text_pca256_lexical_w005
2977,2,minibatch_k64,text_pca256_lexical_w005
2978,4,minibatch_k64,text_pca256_lexical_w005
2979,2,minibatch_k64,text_pca256_lexical_w005
2980,59,minibatch_k64,text_pca256_lexical_w005
2981,0,minibatch_k64,text_pca256_lexical_w005
2982,2,minibatch_k64,text_pca256_lexical_w005
2983,2,minibatch_k64,text_pca256_lexical_w005
2984,2,minibatch_k64,text_pca256_lexical_w005
2985,0,minibatch_k64,text_pca256_lexical_w005
2986,45,minibatch_k64,text_pca256_lexical_w005
2987,0,minibatch_k64,text_pca256_lexical_w005
2988,21,minibatch_k64,text_pca256_lexical_w005
2989,8,minibatch_k64,text_pca256_lexical_w005
2990,47,minibatch_k64,text_pca256_lexical_w005
2991,45,minibatch_k64,text_pca256_lexical_w005
2992,21,minibatch_k64,text_pca256_lexical_w005
2993,0,minibatch_k64,text_pca256_lexical_w005
2994,0,minibatch_k64,text_pca256_lexical_w005
2995,42,minibatch_k64,text_pca256_lexical_w005
2996,5,minibatch_k64,text_pca256_lexical_w005
2997,62,minibatch_k64,text_pca256_lexical_w005
2998,0,minibatch_k64,text_pca256_lexical_w005
2999,0,minibatch_k64,text_pca256_lexical_w005
3000,15,minibatch_k64,text_pca256_lexical_w005
3001,39,minibatch_k64,text_pca256_lexical_w005
3002,59,minibatch_k64,text_pca256_lexical_w005
3003,10,minibatch_k64,text_pca256_lexical_w005
3004,62,minibatch_k64,text_pca256_lexical_w005
3005,62,minibatch_k64,text_pca256_lexical_w005
3006,8,minibatch_k64,text_pca256_lexical_w005
3007,10,minibatch_k64,text_pca256_lexical_w005
3008,59,minibatch_k64,text_pca256_lexical_w005
3009,50,minibatch_k64,text_pca256_lexical_w005
3010,0,minibatch_k64,text_pca256_lexical_w005
3011,5,minibatch_k64,text_pca256_lexical_w005
3012,48,minibatch_k64,text_pca256_lexical_w005
3013,33,minibatch_k64,text_pca256_lexical_w005
3014,15,minibatch_k64,text_pca256_lexical_w005
3015,38,minibatch_k64,text_pca256_lexical_w005
3016,5,minibatch_k64,text_pca256_lexical_w005
3017,10,minibatch_k64,text_pca256_lexical_w005
3018,0,minibatch_k64,text_pca256_lexical_w005
3019,39,minibatch_k64,text_pca256_lexical_w005
3020,0,minibatch_k64,text_pca256_lexical_w005
3021,40,minibatch_k64,text_pca256_lexical_w005
3022,25,minibatch_k64,text_pca256_lexical_w005
3023,45,minibatch_k64,text_pca256_lexical_w005
3024,45,minibatch_k64,text_pca256_lexical_w005
3025,55,minibatch_k64,text_pca256_lexical_w005
3026,14,minibatch_k64,text_pca256_lexical_w005
3027,10,minibatch_k64,text_pca256_lexical_w005
3028,13,minibatch_k64,text_pca256_lexical_w005
3029,23,minibatch_k64,text_pca256_lexical_w005
3030,8,minibatch_k64,text_pca256_lexical_w005
3031,50,minibatch_k64,text_pca256_lexical_w005
3032,50,minibatch_k64,text_pca256_lexical_w005
3033,33,minibatch_k64,text_pca256_lexical_w005
3034,0,minibatch_k64,text_pca256_lexical_w005
3035,0,minibatch_k64,text_pca256_lexical_w005
3036,4,minibatch_k64,text_pca256_lexical_w005
3037,2,minibatch_k64,text_pca256_lexical_w005
3038,8,minibatch_k64,text_pca256_lexical_w005
3039,0,minibatch_k64,text_pca256_lexical_w005
3040,2,minibatch_k64,text_pca256_lexical_w005
3041,2,minibatch_k64,text_pca256_lexical_w005
3042,8,minibatch_k64,text_pca256_lexical_w005
3043,33,minibatch_k64,text_pca256_lexical_w005
3044,0,minibatch_k64,text_pca256_lexical_w005
3045,10,minibatch_k64,text_pca256_lexical_w005
3046,0,minibatch_k64,text_pca256_lexical_w005
3047,5,minibatch_k64,text_pca256_lexical_w005
3048,2,minibatch_k64,text_pca256_lexical_w005
3049,33,minibatch_k64,text_pca256_lexical_w005
3050,8,minibatch_k64,text_pca256_lexical_w005
3051,14,minibatch_k64,text_pca256_lexical_w005
3052,33,minibatch_k64,text_pca256_lexical_w005
3053,5,minibatch_k64,text_pca256_lexical_w005
3054,8,minibatch_k64,text_pca256_lexical_w005
3055,0,minibatch_k64,text_pca256_lexical_w005
3056,10,minibatch_k64,text_pca256_lexical_w005
3057,42,minibatch_k64,text_pca256_lexical_w005
3058,48,minibatch_k64,text_pca256_lexical_w005
3059,38,minibatch_k64,text_pca256_lexical_w005
3060,23,minibatch_k64,text_pca256_lexical_w005
3061,25,minibatch_k64,text_pca256_lexical_w005
3062,45,minibatch_k64,text_pca256_lexical_w005
3063,55,minibatch_k64,text_pca256_lexical_w005
3064,13,minibatch_k64,text_pca256_lexical_w005
3065,53,minibatch_k64,text_pca256_lexical_w005
3066,21,minibatch_k64,text_pca256_lexical_w005
3067,62,minibatch_k64,text_pca256_lexical_w005
3068,5,minibatch_k64,text_pca256_lexical_w005
3069,5,minibatch_k64,text_pca256_lexical_w005
3070,45,minibatch_k64,text_pca256_lexical_w005
3071,5,minibatch_k64,text_pca256_lexical_w005
3072,10,minibatch_k64,text_pca256_lexical_w005
3073,62,minibatch_k64,text_pca256_lexical_w005
3074,15,minibatch_k64,text_pca256_lexical_w005
3075,62,minibatch_k64,text_pca256_lexical_w005
3076,50,minibatch_k64,text_pca256_lexical_w005
3077,5,minibatch_k64,text_pca256_lexical_w005
3078,2,minibatch_k64,text_pca256_lexical_w005
3079,5,minibatch_k64,text_pca256_lexical_w005
3080,2,minibatch_k64,text_pca256_lexical_w005
3081,0,minibatch_k64,text_pca256_lexical_w005
3082,62,minibatch_k64,text_pca256_lexical_w005
3083,0,minibatch_k64,text_pca256_lexical_w005
3084,8,minibatch_k64,text_pca256_lexical_w005
3085,10,minibatch_k64,text_pca256_lexical_w005
3086,61,minibatch_k64,text_pca256_lexical_w005
3087,33,minibatch_k64,text_pca256_lexical_w005
3088,8,minibatch_k64,text_pca256_lexical_w005
3089,2,minibatch_k64,text_pca256_lexical_w005
3090,0,minibatch_k64,text_pca256_lexical_w005
3091,14,minibatch_k64,text_pca256_lexical_w005
3092,10,minibatch_k64,text_pca256_lexical_w005
3093,33,minibatch_k64,text_pca256_lexical_w005
3094,8,minibatch_k64,text_pca256_lexical_w005
3095,10,minibatch_k64,text_pca256_lexical_w005
3096,18,minibatch_k64,text_pca256_lexical_w005
3097,38,minibatch_k64,text_pca256_lexical_w005
3098,0,minibatch_k64,text_pca256_lexical_w005
3099,62,minibatch_k64,text_pca256_lexical_w005
3100,45,minibatch_k64,text_pca256_lexical_w005
3101,40,minibatch_k64,text_pca256_lexical_w005
3102,23,minibatch_k64,text_pca256_lexical_w005
3103,45,minibatch_k64,text_pca256_lexical_w005
3104,55,minibatch_k64,text_pca256_lexical_w005
3105,22,minibatch_k64,text_pca256_lexical_w005
3106,61,minibatch_k64,text_pca256_lexical_w005
3107,4,minibatch_k64,text_pca256_lexical_w005
3108,15,minibatch_k64,text_pca256_lexical_w005
3109,14,minibatch_k64,text_pca256_lexical_w005
3110,61,minibatch_k64,text_pca256_lexical_w005
3111,2,minibatch_k64,text_pca256_lexical_w005
3112,25,minibatch_k64,text_pca256_lexical_w005
3113,42,minibatch_k64,text_pca256_lexical_w005
3114,59,minibatch_k64,text_pca256_lexical_w005
3115,59,minibatch_k64,text_pca256_lexical_w005
3116,39,minibatch_k64,text_pca256_lexical_w005
3117,39,minibatch_k64,text_pca256_lexical_w005
3118,23,minibatch_k64,text_pca256_lexical_w005
3119,10,minibatch_k64,text_pca256_lexical_w005
3120,21,minibatch_k64,text_pca256_lexical_w005
3121,23,minibatch_k64,text_pca256_lexical_w005
3122,62,minibatch_k64,text_pca256_lexical_w005
3123,56,minibatch_k64,text_pca256_lexical_w005
3124,62,minibatch_k64,text_pca256_lexical_w005
3125,0,minibatch_k64,text_pca256_lexical_w005
3126,23,minibatch_k64,text_pca256_lexical_w005
3127,39,minibatch_k64,text_pca256_lexical_w005
3128,62,minibatch_k64,text_pca256_lexical_w005
3129,23,minibatch_k64,text_pca256_lexical_w005
3130,2,minibatch_k64,text_pca256_lexical_w005
3131,0,minibatch_k64,text_pca256_lexical_w005
3132,33,minibatch_k64,text_pca256_lexical_w005
3133,0,minibatch_k64,text_pca256_lexical_w005
3134,2,minibatch_k64,text_pca256_lexical_w005
3135,3,minibatch_k64,text_pca256_lexical_w005
3136,33,minibatch_k64,text_pca256_lexical_w005
3137,8,minibatch_k64,text_pca256_lexical_w005
3138,0,minibatch_k64,text_pca256_lexical_w005
3139,0,minibatch_k64,text_pca256_lexical_w005
3140,2,minibatch_k64,text_pca256_lexical_w005
3141,33,minibatch_k64,text_pca256_lexical_w005
3142,14,minibatch_k64,text_pca256_lexical_w005
3143,14,minibatch_k64,text_pca256_lexical_w005
3144,10,minibatch_k64,text_pca256_lexical_w005
3145,8,minibatch_k64,text_pca256_lexical_w005
3146,62,minibatch_k64,text_pca256_lexical_w005
3147,2,minibatch_k64,text_pca256_lexical_w005
3148,48,minibatch_k64,text_pca256_lexical_w005
3149,21,minibatch_k64,text_pca256_lexical_w005
3150,5,minibatch_k64,text_pca256_lexical_w005
3151,45,minibatch_k64,text_pca256_lexical_w005
3152,0,minibatch_k64,text_pca256_lexical_w005
3153,10,minibatch_k64,text_pca256_lexical_w005
3154,45,minibatch_k64,text_pca256_lexical_w005
3155,4,minibatch_k64,text_pca256_lexical_w005
3156,5,minibatch_k64,text_pca256_lexical_w005
3157,42,minibatch_k64,text_pca256_lexical_w005
3158,5,minibatch_k64,text_pca256_lexical_w005
3159,8,minibatch_k64,text_pca256_lexical_w005
3160,23,minibatch_k64,text_pca256_lexical_w005
3161,2,minibatch_k64,text_pca256_lexical_w005
3162,2,minibatch_k64,text_pca256_lexical_w005
3163,33,minibatch_k64,text_pca256_lexical_w005
3164,5,minibatch_k64,text_pca256_lexical_w005
3165,2,minibatch_k64,text_pca256_lexical_w005
3166,5,minibatch_k64,text_pca256_lexical_w005
3167,15,minibatch_k64,text_pca256_lexical_w005
3168,5,minibatch_k64,text_pca256_lexical_w005
3169,59,minibatch_k64,text_pca256_lexical_w005
3170,0,minibatch_k64,text_pca256_lexical_w005
3171,2,minibatch_k64,text_pca256_lexical_w005
3172,18,minibatch_k64,text_pca256_lexical_w005
3173,48,minibatch_k64,text_pca256_lexical_w005
3174,2,minibatch_k64,text_pca256_lexical_w005
3175,0,minibatch_k64,text_pca256_lexical_w005
3176,23,minibatch_k64,text_pca256_lexical_w005
3177,2,minibatch_k64,text_pca256_lexical_w005
3178,5,minibatch_k64,text_pca256_lexical_w005
3179,50,minibatch_k64,text_pca256_lexical_w005
3180,2,minibatch_k64,text_pca256_lexical_w005
3181,45,minibatch_k64,text_pca256_lexical_w005
3182,2,minibatch_k64,text_pca256_lexical_w005
3183,0,minibatch_k64,text_pca256_lexical_w005
3184,56,minibatch_k64,text_pca256_lexical_w005
3185,33,minibatch_k64,text_pca256_lexical_w005
3186,0,minibatch_k64,text_pca256_lexical_w005
3187,15,minibatch_k64,text_pca256_lexical_w005
3188,15,minibatch_k64,text_pca256_lexical_w005
3189,2,minibatch_k64,text_pca256_lexical_w005
3190,8,minibatch_k64,text_pca256_lexical_w005
3191,0,minibatch_k64,text_pca256_lexical_w005
3192,2,minibatch_k64,text_pca256_lexical_w005
3193,62,minibatch_k64,text_pca256_lexical_w005
3194,10,minibatch_k64,text_pca256_lexical_w005
3195,0,minibatch_k64,text_pca256_lexical_w005
3196,8,minibatch_k64,text_pca256_lexical_w005
3197,23,minibatch_k64,text_pca256_lexical_w005
3198,0,minibatch_k64,text_pca256_lexical_w005
3199,0,minibatch_k64,text_pca256_lexical_w005
3200,0,minibatch_k64,text_pca256_lexical_w005
3201,33,minibatch_k64,text_pca256_lexical_w005
3202,8,minibatch_k64,text_pca256_lexical_w005
3203,62,minibatch_k64,text_pca256_lexical_w005
3204,20,minibatch_k64,text_pca256_lexical_w005
3205,10,minibatch_k64,text_pca256_lexical_w005
3206,56,minibatch_k64,text_pca256_lexical_w005
3207,8,minibatch_k64,text_pca256_lexical_w005
3208,58,minibatch_k64,text_pca256_lexical_w005
3209,59,minibatch_k64,text_pca256_lexical_w005
3210,25,minibatch_k64,text_pca256_lexical_w005
3211,55,minibatch_k64,text_pca256_lexical_w005
3212,13,minibatch_k64,text_pca256_lexical_w005
3213,5,minibatch_k64,text_pca256_lexical_w005
3214,21,minibatch_k64,text_pca256_lexical_w005
3215,8,minibatch_k64,text_pca256_lexical_w005
3216,42,minibatch_k64,text_pca256_lexical_w005
3217,2,minibatch_k64,text_pca256_lexical_w005
3218,0,minibatch_k64,text_pca256_lexical_w005
3219,5,minibatch_k64,text_pca256_lexical_w005
3220,0,minibatch_k64,text_pca256_lexical_w005
3221,33,minibatch_k64,text_pca256_lexical_w005
3222,15,minibatch_k64,text_pca256_lexical_w005
3223,8,minibatch_k64,text_pca256_lexical_w005
3224,23,minibatch_k64,text_pca256_lexical_w005
3225,33,minibatch_k64,text_pca256_lexical_w005
3226,8,minibatch_k64,text_pca256_lexical_w005
3227,21,minibatch_k64,text_pca256_lexical_w005
3228,0,minibatch_k64,text_pca256_lexical_w005
3229,0,minibatch_k64,text_pca256_lexical_w005
3230,42,minibatch_k64,text_pca256_lexical_w005
3231,62,minibatch_k64,text_pca256_lexical_w005
3232,33,minibatch_k64,text_pca256_lexical_w005
3233,3,minibatch_k64,text_pca256_lexical_w005
3234,62,minibatch_k64,text_pca256_lexical_w005
3235,39,minibatch_k64,text_pca256_lexical_w005
3236,33,minibatch_k64,text_pca256_lexical_w005
3237,62,minibatch_k64,text_pca256_lexical_w005
3238,23,minibatch_k64,text_pca256_lexical_w005
3239,0,minibatch_k64,text_pca256_lexical_w005
3240,0,minibatch_k64,text_pca256_lexical_w005
3241,38,minibatch_k64,text_pca256_lexical_w005
3242,8,minibatch_k64,text_pca256_lexical_w005
3243,42,minibatch_k64,text_pca256_lexical_w005
3244,45,minibatch_k64,text_pca256_lexical_w005
3245,10,minibatch_k64,text_pca256_lexical_w005
3246,12,minibatch_k64,text_pca256_lexical_w005
3247,55,minibatch_k64,text_pca256_lexical_w005
3248,10,minibatch_k64,text_pca256_lexical_w005
3249,35,minibatch_k64,text_pca256_lexical_w005
3250,0,minibatch_k64,text_pca256_lexical_w005
3251,10,minibatch_k64,text_pca256_lexical_w005
3252,23,minibatch_k64,text_pca256_lexical_w005
3253,33,minibatch_k64,text_pca256_lexical_w005
3254,20,minibatch_k64,text_pca256_lexical_w005
3255,20,minibatch_k64,text_pca256_lexical_w005
3256,59,minibatch_k64,text_pca256_lexical_w005
3257,62,minibatch_k64,text_pca256_lexical_w005
3258,20,minibatch_k64,text_pca256_lexical_w005
3259,14,minibatch_k64,text_pca256_lexical_w005
3260,62,minibatch_k64,text_pca256_lexical_w005
3261,62,minibatch_k64,text_pca256_lexical_w005
3262,38,minibatch_k64,text_pca256_lexical_w005
3263,10,minibatch_k64,text_pca256_lexical_w005
3264,2,minibatch_k64,text_pca256_lexical_w005
3265,25,minibatch_k64,text_pca256_lexical_w005
3266,59,minibatch_k64,text_pca256_lexical_w005
3267,55,minibatch_k64,text_pca256_lexical_w005
3268,13,minibatch_k64,text_pca256_lexical_w005
3269,62,minibatch_k64,text_pca256_lexical_w005
3270,8,minibatch_k64,text_pca256_lexical_w005
3271,11,minibatch_k64,text_pca256_lexical_w005
3272,61,minibatch_k64,text_pca256_lexical_w005
3273,33,minibatch_k64,text_pca256_lexical_w005
3274,57,minibatch_k64,text_pca256_lexical_w005
3275,8,minibatch_k64,text_pca256_lexical_w005
3276,11,minibatch_k64,text_pca256_lexical_w005
3277,57,minibatch_k64,text_pca256_lexical_w005
3278,23,minibatch_k64,text_pca256_lexical_w005
3279,57,minibatch_k64,text_pca256_lexical_w005
3280,15,minibatch_k64,text_pca256_lexical_w005
3281,62,minibatch_k64,text_pca256_lexical_w005
3282,20,minibatch_k64,text_pca256_lexical_w005
3283,10,minibatch_k64,text_pca256_lexical_w005
3284,20,minibatch_k64,text_pca256_lexical_w005
3285,20,minibatch_k64,text_pca256_lexical_w005
3286,62,minibatch_k64,text_pca256_lexical_w005
3287,20,minibatch_k64,text_pca256_lexical_w005
3288,15,minibatch_k64,text_pca256_lexical_w005
3289,57,minibatch_k64,text_pca256_lexical_w005
3290,14,minibatch_k64,text_pca256_lexical_w005
3291,62,minibatch_k64,text_pca256_lexical_w005
3292,33,minibatch_k64,text_pca256_lexical_w005
3293,59,minibatch_k64,text_pca256_lexical_w005
3294,38,minibatch_k64,text_pca256_lexical_w005
3295,23,minibatch_k64,text_pca256_lexical_w005
3296,45,minibatch_k64,text_pca256_lexical_w005
3297,45,minibatch_k64,text_pca256_lexical_w005
3298,62,minibatch_k64,text_pca256_lexical_w005
3299,10,minibatch_k64,text_pca256_lexical_w005
3300,25,minibatch_k64,text_pca256_lexical_w005
3301,63,minibatch_k64,text_pca256_lexical_w005
3302,23,minibatch_k64,text_pca256_lexical_w005
3303,15,minibatch_k64,text_pca256_lexical_w005
3304,57,minibatch_k64,text_pca256_lexical_w005
3305,11,minibatch_k64,text_pca256_lexical_w005
3306,23,minibatch_k64,text_pca256_lexical_w005
3307,11,minibatch_k64,text_pca256_lexical_w005
3308,57,minibatch_k64,text_pca256_lexical_w005
3309,33,minibatch_k64,text_pca256_lexical_w005
3310,62,minibatch_k64,text_pca256_lexical_w005
3311,62,minibatch_k64,text_pca256_lexical_w005
3312,0,minibatch_k64,text_pca256_lexical_w005
3313,11,minibatch_k64,text_pca256_lexical_w005
3314,21,minibatch_k64,text_pca256_lexical_w005
3315,23,minibatch_k64,text_pca256_lexical_w005
3316,15,minibatch_k64,text_pca256_lexical_w005
3317,15,minibatch_k64,text_pca256_lexical_w005
3318,5,minibatch_k64,text_pca256_lexical_w005
3319,57,minibatch_k64,text_pca256_lexical_w005
3320,11,minibatch_k64,text_pca256_lexical_w005
3321,59,minibatch_k64,text_pca256_lexical_w005
3322,10,minibatch_k64,text_pca256_lexical_w005
3323,21,minibatch_k64,text_pca256_lexical_w005
3324,57,minibatch_k64,text_pca256_lexical_w005
3325,62,minibatch_k64,text_pca256_lexical_w005
3326,0,minibatch_k64,text_pca256_lexical_w005
3327,23,minibatch_k64,text_pca256_lexical_w005
3328,62,minibatch_k64,text_pca256_lexical_w005
3329,15,minibatch_k64,text_pca256_lexical_w005
3330,62,minibatch_k64,text_pca256_lexical_w005
3331,0,minibatch_k64,text_pca256_lexical_w005
3332,39,minibatch_k64,text_pca256_lexical_w005
3333,0,minibatch_k64,text_pca256_lexical_w005
3334,11,minibatch_k64,text_pca256_lexical_w005
3335,62,minibatch_k64,text_pca256_lexical_w005
3336,38,minibatch_k64,text_pca256_lexical_w005
3337,45,minibatch_k64,text_pca256_lexical_w005
3338,36,minibatch_k64,text_pca256_lexical_w005
3339,59,minibatch_k64,text_pca256_lexical_w005
3340,55,minibatch_k64,text_pca256_lexical_w005
3341,0,minibatch_k64,text_pca256_lexical_w005
3342,63,minibatch_k64,text_pca256_lexical_w005
3343,8,minibatch_k64,text_pca256_lexical_w005
3344,11,minibatch_k64,text_pca256_lexical_w005
3345,57,minibatch_k64,text_pca256_lexical_w005
3346,21,minibatch_k64,text_pca256_lexical_w005
3347,11,minibatch_k64,text_pca256_lexical_w005
3348,62,minibatch_k64,text_pca256_lexical_w005
3349,15,minibatch_k64,text_pca256_lexical_w005
3350,57,minibatch_k64,text_pca256_lexical_w005
3351,23,minibatch_k64,text_pca256_lexical_w005
3352,23,minibatch_k64,text_pca256_lexical_w005
3353,4,minibatch_k64,text_pca256_lexical_w005
3354,10,minibatch_k64,text_pca256_lexical_w005
3355,33,minibatch_k64,text_pca256_lexical_w005
3356,33,minibatch_k64,text_pca256_lexical_w005
3357,39,minibatch_k64,text_pca256_lexical_w005
3358,62,minibatch_k64,text_pca256_lexical_w005
3359,62,minibatch_k64,text_pca256_lexical_w005
3360,8,minibatch_k64,text_pca256_lexical_w005
3361,62,minibatch_k64,text_pca256_lexical_w005
3362,33,minibatch_k64,text_pca256_lexical_w005
3363,33,minibatch_k64,text_pca256_lexical_w005
3364,33,minibatch_k64,text_pca256_lexical_w005
3365,45,minibatch_k64,text_pca256_lexical_w005
3366,0,minibatch_k64,text_pca256_lexical_w005
3367,62,minibatch_k64,text_pca256_lexical_w005
3368,14,minibatch_k64,text_pca256_lexical_w005
3369,33,minibatch_k64,text_pca256_lexical_w005
3370,57,minibatch_k64,text_pca256_lexical_w005
3371,15,minibatch_k64,text_pca256_lexical_w005
3372,8,minibatch_k64,text_pca256_lexical_w005
3373,23,minibatch_k64,text_pca256_lexical_w005
3374,4,minibatch_k64,text_pca256_lexical_w005
3375,2,minibatch_k64,text_pca256_lexical_w005
3376,23,minibatch_k64,text_pca256_lexical_w005
3377,15,minibatch_k64,text_pca256_lexical_w005
3378,62,minibatch_k64,text_pca256_lexical_w005
3379,8,minibatch_k64,text_pca256_lexical_w005
3380,62,minibatch_k64,text_pca256_lexical_w005
3381,50,minibatch_k64,text_pca256_lexical_w005
3382,8,minibatch_k64,text_pca256_lexical_w005
3383,45,minibatch_k64,text_pca256_lexical_w005
3384,0,minibatch_k64,text_pca256_lexical_w005
3385,0,minibatch_k64,text_pca256_lexical_w005
3386,62,minibatch_k64,text_pca256_lexical_w005
3387,8,minibatch_k64,text_pca256_lexical_w005
3388,15,minibatch_k64,text_pca256_lexical_w005
3389,48,minibatch_k64,text_pca256_lexical_w005
3390,0,minibatch_k64,text_pca256_lexical_w005
3391,8,minibatch_k64,text_pca256_lexical_w005
3392,57,minibatch_k64,text_pca256_lexical_w005
3393,8,minibatch_k64,text_pca256_lexical_w005
3394,8,minibatch_k64,text_pca256_lexical_w005
3395,10,minibatch_k64,text_pca256_lexical_w005
3396,0,minibatch_k64,text_pca256_lexical_w005
3397,62,minibatch_k64,text_pca256_lexical_w005
3398,15,minibatch_k64,text_pca256_lexical_w005
3399,0,minibatch_k64,text_pca256_lexical_w005
3400,16,minibatch_k64,text_pca256_lexical_w005
3401,0,minibatch_k64,text_pca256_lexical_w005
3402,0,minibatch_k64,text_pca256_lexical_w005
3403,33,minibatch_k64,text_pca256_lexical_w005
3404,10,minibatch_k64,text_pca256_lexical_w005
3405,62,minibatch_k64,text_pca256_lexical_w005
3406,45,minibatch_k64,text_pca256_lexical_w005
3407,57,minibatch_k64,text_pca256_lexical_w005
3408,10,minibatch_k64,text_pca256_lexical_w005
3409,21,minibatch_k64,text_pca256_lexical_w005
3410,0,minibatch_k64,text_pca256_lexical_w005
3411,11,minibatch_k64,text_pca256_lexical_w005
3412,42,minibatch_k64,text_pca256_lexical_w005
3413,57,minibatch_k64,text_pca256_lexical_w005
3414,33,minibatch_k64,text_pca256_lexical_w005
3415,62,minibatch_k64,text_pca256_lexical_w005
3416,21,minibatch_k64,text_pca256_lexical_w005
3417,15,minibatch_k64,text_pca256_lexical_w005
3418,23,minibatch_k64,text_pca256_lexical_w005
3419,50,minibatch_k64,text_pca256_lexical_w005
3420,42,minibatch_k64,text_pca256_lexical_w005
3421,0,minibatch_k64,text_pca256_lexical_w005
3422,8,minibatch_k64,text_pca256_lexical_w005
3423,0,minibatch_k64,text_pca256_lexical_w005
3424,11,minibatch_k64,text_pca256_lexical_w005
3425,18,minibatch_k64,text_pca256_lexical_w005
3426,59,minibatch_k64,text_pca256_lexical_w005
3427,62,minibatch_k64,text_pca256_lexical_w005
3428,2,minibatch_k64,text_pca256_lexical_w005
3429,8,minibatch_k64,text_pca256_lexical_w005
3430,23,minibatch_k64,text_pca256_lexical_w005
3431,0,minibatch_k64,text_pca256_lexical_w005
3432,53,minibatch_k64,text_pca256_lexical_w005
3433,48,minibatch_k64,text_pca256_lexical_w005
3434,2,minibatch_k64,text_pca256_lexical_w005
3435,18,minibatch_k64,text_pca256_lexical_w005
3436,8,minibatch_k64,text_pca256_lexical_w005
3437,45,minibatch_k64,text_pca256_lexical_w005
3438,8,minibatch_k64,text_pca256_lexical_w005
3439,38,minibatch_k64,text_pca256_lexical_w005
3440,45,minibatch_k64,text_pca256_lexical_w005
3441,2,minibatch_k64,text_pca256_lexical_w005
3442,0,minibatch_k64,text_pca256_lexical_w005
3443,23,minibatch_k64,text_pca256_lexical_w005
3444,36,minibatch_k64,text_pca256_lexical_w005
3445,55,minibatch_k64,text_pca256_lexical_w005
3446,63,minibatch_k64,text_pca256_lexical_w005
3447,23,minibatch_k64,text_pca256_lexical_w005
3448,23,minibatch_k64,text_pca256_lexical_w005
3449,0,minibatch_k64,text_pca256_lexical_w005
3450,39,minibatch_k64,text_pca256_lexical_w005
3451,0,minibatch_k64,text_pca256_lexical_w005
3452,0,minibatch_k64,text_pca256_lexical_w005
3453,15,minibatch_k64,text_pca256_lexical_w005
3454,62,minibatch_k64,text_pca256_lexical_w005
3455,0,minibatch_k64,text_pca256_lexical_w005
3456,10,minibatch_k64,text_pca256_lexical_w005
3457,33,minibatch_k64,text_pca256_lexical_w005
3458,0,minibatch_k64,text_pca256_lexical_w005
3459,61,minibatch_k64,text_pca256_lexical_w005
3460,62,minibatch_k64,text_pca256_lexical_w005
3461,21,minibatch_k64,text_pca256_lexical_w005
3462,2,minibatch_k64,text_pca256_lexical_w005
3463,50,minibatch_k64,text_pca256_lexical_w005
3464,2,minibatch_k64,text_pca256_lexical_w005
3465,45,minibatch_k64,text_pca256_lexical_w005
3466,57,minibatch_k64,text_pca256_lexical_w005
3467,10,minibatch_k64,text_pca256_lexical_w005
3468,23,minibatch_k64,text_pca256_lexical_w005
3469,23,minibatch_k64,text_pca256_lexical_w005
3470,8,minibatch_k64,text_pca256_lexical_w005
3471,11,minibatch_k64,text_pca256_lexical_w005
3472,8,minibatch_k64,text_pca256_lexical_w005
3473,45,minibatch_k64,text_pca256_lexical_w005
3474,39,minibatch_k64,text_pca256_lexical_w005
3475,11,minibatch_k64,text_pca256_lexical_w005
3476,57,minibatch_k64,text_pca256_lexical_w005
3477,11,minibatch_k64,text_pca256_lexical_w005
3478,57,minibatch_k64,text_pca256_lexical_w005
3479,62,minibatch_k64,text_pca256_lexical_w005
3480,23,minibatch_k64,text_pca256_lexical_w005
3481,39,minibatch_k64,text_pca256_lexical_w005
3482,15,minibatch_k64,text_pca256_lexical_w005
3483,15,minibatch_k64,text_pca256_lexical_w005
3484,0,minibatch_k64,text_pca256_lexical_w005
3485,21,minibatch_k64,text_pca256_lexical_w005
3486,59,minibatch_k64,text_pca256_lexical_w005
3487,45,minibatch_k64,text_pca256_lexical_w005
3488,2,minibatch_k64,text_pca256_lexical_w005
3489,11,minibatch_k64,text_pca256_lexical_w005
3490,20,minibatch_k64,text_pca256_lexical_w005
3491,45,minibatch_k64,text_pca256_lexical_w005
3492,45,minibatch_k64,text_pca256_lexical_w005
3493,45,minibatch_k64,text_pca256_lexical_w005
3494,57,minibatch_k64,text_pca256_lexical_w005
3495,45,minibatch_k64,text_pca256_lexical_w005
3496,18,minibatch_k64,text_pca256_lexical_w005
3497,15,minibatch_k64,text_pca256_lexical_w005
3498,0,minibatch_k64,text_pca256_lexical_w005
3499,2,minibatch_k64,text_pca256_lexical_w005
3500,38,minibatch_k64,text_pca256_lexical_w005
3501,15,minibatch_k64,text_pca256_lexical_w005
3502,0,minibatch_k64,text_pca256_lexical_w005
3503,36,minibatch_k64,text_pca256_lexical_w005
3504,45,minibatch_k64,text_pca256_lexical_w005
3505,59,minibatch_k64,text_pca256_lexical_w005
3506,23,minibatch_k64,text_pca256_lexical_w005
3507,63,minibatch_k64,text_pca256_lexical_w005
3508,8,minibatch_k64,text_pca256_lexical_w005
3509,4,minibatch_k64,text_pca256_lexical_w005
3510,23,minibatch_k64,text_pca256_lexical_w005
3511,0,minibatch_k64,text_pca256_lexical_w005
3512,2,minibatch_k64,text_pca256_lexical_w005
3513,15,minibatch_k64,text_pca256_lexical_w005
3514,0,minibatch_k64,text_pca256_lexical_w005
3515,10,minibatch_k64,text_pca256_lexical_w005
3516,0,minibatch_k64,text_pca256_lexical_w005
3517,0,minibatch_k64,text_pca256_lexical_w005
3518,62,minibatch_k64,text_pca256_lexical_w005
3519,8,minibatch_k64,text_pca256_lexical_w005
3520,62,minibatch_k64,text_pca256_lexical_w005
3521,62,minibatch_k64,text_pca256_lexical_w005
3522,14,minibatch_k64,text_pca256_lexical_w005
3523,23,minibatch_k64,text_pca256_lexical_w005
3524,62,minibatch_k64,text_pca256_lexical_w005
3525,39,minibatch_k64,text_pca256_lexical_w005
3526,15,minibatch_k64,text_pca256_lexical_w005
3527,2,minibatch_k64,text_pca256_lexical_w005
3528,15,minibatch_k64,text_pca256_lexical_w005
3529,15,minibatch_k64,text_pca256_lexical_w005
3530,45,minibatch_k64,text_pca256_lexical_w005
3531,62,minibatch_k64,text_pca256_lexical_w005
3532,23,minibatch_k64,text_pca256_lexical_w005
3533,0,minibatch_k64,text_pca256_lexical_w005
3534,58,minibatch_k64,text_pca256_lexical_w005
3535,0,minibatch_k64,text_pca256_lexical_w005
3536,45,minibatch_k64,text_pca256_lexical_w005
3537,23,minibatch_k64,text_pca256_lexical_w005
3538,33,minibatch_k64,text_pca256_lexical_w005
3539,36,minibatch_k64,text_pca256_lexical_w005
3540,59,minibatch_k64,text_pca256_lexical_w005
3541,55,minibatch_k64,text_pca256_lexical_w005
3542,0,minibatch_k64,text_pca256_lexical_w005
3543,63,minibatch_k64,text_pca256_lexical_w005
3544,62,minibatch_k64,text_pca256_lexical_w005
3545,8,minibatch_k64,text_pca256_lexical_w005
3546,0,minibatch_k64,text_pca256_lexical_w005
3547,45,minibatch_k64,text_pca256_lexical_w005
3548,50,minibatch_k64,text_pca256_lexical_w005
3549,45,minibatch_k64,text_pca256_lexical_w005
3550,0,minibatch_k64,text_pca256_lexical_w005
3551,2,minibatch_k64,text_pca256_lexical_w005
3552,0,minibatch_k64,text_pca256_lexical_w005
3553,2,minibatch_k64,text_pca256_lexical_w005
3554,8,minibatch_k64,text_pca256_lexical_w005
3555,0,minibatch_k64,text_pca256_lexical_w005
3556,45,minibatch_k64,text_pca256_lexical_w005
3557,0,minibatch_k64,text_pca256_lexical_w005
3558,59,minibatch_k64,text_pca256_lexical_w005
3559,59,minibatch_k64,text_pca256_lexical_w005
3560,45,minibatch_k64,text_pca256_lexical_w005
3561,2,minibatch_k64,text_pca256_lexical_w005
3562,59,minibatch_k64,text_pca256_lexical_w005
3563,15,minibatch_k64,text_pca256_lexical_w005
3564,27,minibatch_k64,text_pca256_lexical_w005
3565,14,minibatch_k64,text_pca256_lexical_w005
3566,8,minibatch_k64,text_pca256_lexical_w005
3567,0,minibatch_k64,text_pca256_lexical_w005
3568,0,minibatch_k64,text_pca256_lexical_w005
3569,2,minibatch_k64,text_pca256_lexical_w005
3570,0,minibatch_k64,text_pca256_lexical_w005
3571,45,minibatch_k64,text_pca256_lexical_w005
3572,2,minibatch_k64,text_pca256_lexical_w005
3573,0,minibatch_k64,text_pca256_lexical_w005
3574,0,minibatch_k64,text_pca256_lexical_w005
3575,0,minibatch_k64,text_pca256_lexical_w005
3576,45,minibatch_k64,text_pca256_lexical_w005
3577,62,minibatch_k64,text_pca256_lexical_w005
3578,0,minibatch_k64,text_pca256_lexical_w005
3579,62,minibatch_k64,text_pca256_lexical_w005
3580,0,minibatch_k64,text_pca256_lexical_w005
3581,2,minibatch_k64,text_pca256_lexical_w005
3582,59,minibatch_k64,text_pca256_lexical_w005
3583,21,minibatch_k64,text_pca256_lexical_w005
3584,23,minibatch_k64,text_pca256_lexical_w005
3585,15,minibatch_k64,text_pca256_lexical_w005
3586,8,minibatch_k64,text_pca256_lexical_w005
3587,2,minibatch_k64,text_pca256_lexical_w005
3588,62,minibatch_k64,text_pca256_lexical_w005
3589,62,minibatch_k64,text_pca256_lexical_w005
3590,62,minibatch_k64,text_pca256_lexical_w005
3591,62,minibatch_k64,text_pca256_lexical_w005
3592,45,minibatch_k64,text_pca256_lexical_w005
3593,0,minibatch_k64,text_pca256_lexical_w005
3594,62,minibatch_k64,text_pca256_lexical_w005
3595,0,minibatch_k64,text_pca256_lexical_w005
3596,0,minibatch_k64,text_pca256_lexical_w005
3597,10,minibatch_k64,text_pca256_lexical_w005
3598,45,minibatch_k64,text_pca256_lexical_w005
3599,10,minibatch_k64,text_pca256_lexical_w005
3600,0,minibatch_k64,text_pca256_lexical_w005
3601,2,minibatch_k64,text_pca256_lexical_w005
3602,56,minibatch_k64,text_pca256_lexical_w005
3603,45,minibatch_k64,text_pca256_lexical_w005
3604,45,minibatch_k64,text_pca256_lexical_w005
3605,45,minibatch_k64,text_pca256_lexical_w005
3606,0,minibatch_k64,text_pca256_lexical_w005
3607,0,minibatch_k64,text_pca256_lexical_w005
3608,0,minibatch_k64,text_pca256_lexical_w005
3609,45,minibatch_k64,text_pca256_lexical_w005
3610,15,minibatch_k64,text_pca256_lexical_w005
3611,45,minibatch_k64,text_pca256_lexical_w005
3612,56,minibatch_k64,text_pca256_lexical_w005
3613,45,minibatch_k64,text_pca256_lexical_w005
3614,8,minibatch_k64,text_pca256_lexical_w005
3615,45,minibatch_k64,text_pca256_lexical_w005
3616,45,minibatch_k64,text_pca256_lexical_w005
3617,59,minibatch_k64,text_pca256_lexical_w005
3618,10,minibatch_k64,text_pca256_lexical_w005
3619,15,minibatch_k64,text_pca256_lexical_w005
3620,0,minibatch_k64,text_pca256_lexical_w005
3621,23,minibatch_k64,text_pca256_lexical_w005
3622,2,minibatch_k64,text_pca256_lexical_w005
3623,18,minibatch_k64,text_pca256_lexical_w005
3624,45,minibatch_k64,text_pca256_lexical_w005
3625,45,minibatch_k64,text_pca256_lexical_w005
3626,23,minibatch_k64,text_pca256_lexical_w005
3627,33,minibatch_k64,text_pca256_lexical_w005
3628,33,minibatch_k64,text_pca256_lexical_w005
3629,23,minibatch_k64,text_pca256_lexical_w005
3630,2,minibatch_k64,text_pca256_lexical_w005
3631,61,minibatch_k64,text_pca256_lexical_w005
3632,59,minibatch_k64,text_pca256_lexical_w005
3633,59,minibatch_k64,text_pca256_lexical_w005
3634,8,minibatch_k64,text_pca256_lexical_w005
3635,0,minibatch_k64,text_pca256_lexical_w005
3636,15,minibatch_k64,text_pca256_lexical_w005
3637,62,minibatch_k64,text_pca256_lexical_w005
3638,21,minibatch_k64,text_pca256_lexical_w005
3639,15,minibatch_k64,text_pca256_lexical_w005
3640,45,minibatch_k64,text_pca256_lexical_w005
3641,18,minibatch_k64,text_pca256_lexical_w005
3642,48,minibatch_k64,text_pca256_lexical_w005
3643,0,minibatch_k64,text_pca256_lexical_w005
3644,0,minibatch_k64,text_pca256_lexical_w005
3645,23,minibatch_k64,text_pca256_lexical_w005
3646,0,minibatch_k64,text_pca256_lexical_w005
3647,62,minibatch_k64,text_pca256_lexical_w005
3648,45,minibatch_k64,text_pca256_lexical_w005
3649,45,minibatch_k64,text_pca256_lexical_w005
3650,56,minibatch_k64,text_pca256_lexical_w005
3651,45,minibatch_k64,text_pca256_lexical_w005
3652,45,minibatch_k64,text_pca256_lexical_w005
3653,0,minibatch_k64,text_pca256_lexical_w005
3654,62,minibatch_k64,text_pca256_lexical_w005
3655,15,minibatch_k64,text_pca256_lexical_w005
3656,15,minibatch_k64,text_pca256_lexical_w005
3657,59,minibatch_k64,text_pca256_lexical_w005
3658,33,minibatch_k64,text_pca256_lexical_w005
3659,56,minibatch_k64,text_pca256_lexical_w005
3660,18,minibatch_k64,text_pca256_lexical_w005
3661,0,minibatch_k64,text_pca256_lexical_w005
3662,39,minibatch_k64,text_pca256_lexical_w005
3663,62,minibatch_k64,text_pca256_lexical_w005
3664,15,minibatch_k64,text_pca256_lexical_w005
3665,23,minibatch_k64,text_pca256_lexical_w005
3666,8,minibatch_k64,text_pca256_lexical_w005
3667,15,minibatch_k64,text_pca256_lexical_w005
3668,8,minibatch_k64,text_pca256_lexical_w005
3669,62,minibatch_k64,text_pca256_lexical_w005
3670,45,minibatch_k64,text_pca256_lexical_w005
3671,15,minibatch_k64,text_pca256_lexical_w005
3672,0,minibatch_k64,text_pca256_lexical_w005
3673,45,minibatch_k64,text_pca256_lexical_w005
3674,8,minibatch_k64,text_pca256_lexical_w005
3675,10,minibatch_k64,text_pca256_lexical_w005
3676,0,minibatch_k64,text_pca256_lexical_w005
3677,45,minibatch_k64,text_pca256_lexical_w005
3678,62,minibatch_k64,text_pca256_lexical_w005
3679,48,minibatch_k64,text_pca256_lexical_w005
3680,59,minibatch_k64,text_pca256_lexical_w005
3681,45,minibatch_k64,text_pca256_lexical_w005
3682,8,minibatch_k64,text_pca256_lexical_w005
3683,45,minibatch_k64,text_pca256_lexical_w005
3684,45,minibatch_k64,text_pca256_lexical_w005
3685,33,minibatch_k64,text_pca256_lexical_w005
3686,33,minibatch_k64,text_pca256_lexical_w005
3687,15,minibatch_k64,text_pca256_lexical_w005
3688,56,minibatch_k64,text_pca256_lexical_w005
3689,21,minibatch_k64,text_pca256_lexical_w005
3690,23,minibatch_k64,text_pca256_lexical_w005
3691,45,minibatch_k64,text_pca256_lexical_w005
3692,10,minibatch_k64,text_pca256_lexical_w005
3693,62,minibatch_k64,text_pca256_lexical_w005
3694,45,minibatch_k64,text_pca256_lexical_w005
3695,45,minibatch_k64,text_pca256_lexical_w005
3696,62,minibatch_k64,text_pca256_lexical_w005
3697,23,minibatch_k64,text_pca256_lexical_w005
3698,45,minibatch_k64,text_pca256_lexical_w005
3699,56,minibatch_k64,text_pca256_lexical_w005
3700,62,minibatch_k64,text_pca256_lexical_w005
3701,45,minibatch_k64,text_pca256_lexical_w005
3702,18,minibatch_k64,text_pca256_lexical_w005
3703,0,minibatch_k64,text_pca256_lexical_w005
3704,18,minibatch_k64,text_pca256_lexical_w005
3705,33,minibatch_k64,text_pca256_lexical_w005
3706,0,minibatch_k64,text_pca256_lexical_w005
3707,18,minibatch_k64,text_pca256_lexical_w005
3708,0,minibatch_k64,text_pca256_lexical_w005
3709,0,minibatch_k64,text_pca256_lexical_w005
3710,59,minibatch_k64,text_pca256_lexical_w005
3711,62,minibatch_k64,text_pca256_lexical_w005
3712,62,minibatch_k64,text_pca256_lexical_w005
3713,59,minibatch_k64,text_pca256_lexical_w005
3714,18,minibatch_k64,text_pca256_lexical_w005
3715,10,minibatch_k64,text_pca256_lexical_w005
3716,59,minibatch_k64,text_pca256_lexical_w005
3717,45,minibatch_k64,text_pca256_lexical_w005
3718,33,minibatch_k64,text_pca256_lexical_w005
3719,39,minibatch_k64,text_pca256_lexical_w005
3720,62,minibatch_k64,text_pca256_lexical_w005
3721,18,minibatch_k64,text_pca256_lexical_w005
3722,18,minibatch_k64,text_pca256_lexical_w005
3723,18,minibatch_k64,text_pca256_lexical_w005
3724,18,minibatch_k64,text_pca256_lexical_w005
3725,21,minibatch_k64,text_pca256_lexical_w005
3726,59,minibatch_k64,text_pca256_lexical_w005
3727,59,minibatch_k64,text_pca256_lexical_w005
3728,0,minibatch_k64,text_pca256_lexical_w005
3729,18,minibatch_k64,text_pca256_lexical_w005
3730,56,minibatch_k64,text_pca256_lexical_w005
3731,27,minibatch_k64,text_pca256_lexical_w005
3732,10,minibatch_k64,text_pca256_lexical_w005
3733,45,minibatch_k64,text_pca256_lexical_w005
3734,0,minibatch_k64,text_pca256_lexical_w005
3735,8,minibatch_k64,text_pca256_lexical_w005
3736,45,minibatch_k64,text_pca256_lexical_w005
3737,59,minibatch_k64,text_pca256_lexical_w005
3738,18,minibatch_k64,text_pca256_lexical_w005
3739,18,minibatch_k64,text_pca256_lexical_w005
3740,45,minibatch_k64,text_pca256_lexical_w005
3741,21,minibatch_k64,text_pca256_lexical_w005
3742,18,minibatch_k64,text_pca256_lexical_w005
3743,15,minibatch_k64,text_pca256_lexical_w005
3744,7,minibatch_k64,text_pca256_lexical_w005
3745,59,minibatch_k64,text_pca256_lexical_w005
3746,59,minibatch_k64,text_pca256_lexical_w005
3747,45,minibatch_k64,text_pca256_lexical_w005
3748,21,minibatch_k64,text_pca256_lexical_w005
3749,8,minibatch_k64,text_pca256_lexical_w005
3750,59,minibatch_k64,text_pca256_lexical_w005
3751,45,minibatch_k64,text_pca256_lexical_w005
3752,23,minibatch_k64,text_pca256_lexical_w005
3753,10,minibatch_k64,text_pca256_lexical_w005
3754,45,minibatch_k64,text_pca256_lexical_w005
3755,62,minibatch_k64,text_pca256_lexical_w005
3756,59,minibatch_k64,text_pca256_lexical_w005
3757,59,minibatch_k64,text_pca256_lexical_w005
3758,18,minibatch_k64,text_pca256_lexical_w005
3759,10,minibatch_k64,text_pca256_lexical_w005
3760,15,minibatch_k64,text_pca256_lexical_w005
3761,10,minibatch_k64,text_pca256_lexical_w005
3762,33,minibatch_k64,text_pca256_lexical_w005
3763,0,minibatch_k64,text_pca256_lexical_w005
3764,62,minibatch_k64,text_pca256_lexical_w005
3765,33,minibatch_k64,text_pca256_lexical_w005
3766,59,minibatch_k64,text_pca256_lexical_w005
3767,59,minibatch_k64,text_pca256_lexical_w005
3768,0,minibatch_k64,text_pca256_lexical_w005
3769,15,minibatch_k64,text_pca256_lexical_w005
3770,8,minibatch_k64,text_pca256_lexical_w005
3771,45,minibatch_k64,text_pca256_lexical_w005
3772,45,minibatch_k64,text_pca256_lexical_w005
3773,50,minibatch_k64,text_pca256_lexical_w005
3774,45,minibatch_k64,text_pca256_lexical_w005
3775,39,minibatch_k64,text_pca256_lexical_w005
3776,45,minibatch_k64,text_pca256_lexical_w005
3777,59,minibatch_k64,text_pca256_lexical_w005
3778,21,minibatch_k64,text_pca256_lexical_w005
3779,45,minibatch_k64,text_pca256_lexical_w005
3780,45,minibatch_k64,text_pca256_lexical_w005
3781,45,minibatch_k64,text_pca256_lexical_w005
3782,15,minibatch_k64,text_pca256_lexical_w005
3783,59,minibatch_k64,text_pca256_lexical_w005
3784,45,minibatch_k64,text_pca256_lexical_w005
3785,45,minibatch_k64,text_pca256_lexical_w005
3786,48,minibatch_k64,text_pca256_lexical_w005
3787,59,minibatch_k64,text_pca256_lexical_w005
3788,62,minibatch_k64,text_pca256_lexical_w005
3789,15,minibatch_k64,text_pca256_lexical_w005
3790,15,minibatch_k64,text_pca256_lexical_w005
3791,45,minibatch_k64,text_pca256_lexical_w005
3792,45,minibatch_k64,text_pca256_lexical_w005
3793,23,minibatch_k64,text_pca256_lexical_w005
3794,59,minibatch_k64,text_pca256_lexical_w005
3795,59,minibatch_k64,text_pca256_lexical_w005
3796,45,minibatch_k64,text_pca256_lexical_w005
3797,33,minibatch_k64,text_pca256_lexical_w005
3798,42,minibatch_k64,text_pca256_lexical_w005
3799,59,minibatch_k64,text_pca256_lexical_w005
3800,33,minibatch_k64,text_pca256_lexical_w005
3801,45,minibatch_k64,text_pca256_lexical_w005
3802,10,minibatch_k64,text_pca256_lexical_w005
3803,33,minibatch_k64,text_pca256_lexical_w005
3804,33,minibatch_k64,text_pca256_lexical_w005
3805,33,minibatch_k64,text_pca256_lexical_w005
3806,62,minibatch_k64,text_pca256_lexical_w005
3807,62,minibatch_k64,text_pca256_lexical_w005
3808,62,minibatch_k64,text_pca256_lexical_w005
3809,62,minibatch_k64,text_pca256_lexical_w005
3810,62,minibatch_k64,text_pca256_lexical_w005
3811,45,minibatch_k64,text_pca256_lexical_w005
3812,10,minibatch_k64,text_pca256_lexical_w005
3813,0,minibatch_k64,text_pca256_lexical_w005
3814,45,minibatch_k64,text_pca256_lexical_w005
3815,56,minibatch_k64,text_pca256_lexical_w005
3816,21,minibatch_k64,text_pca256_lexical_w005
3817,56,minibatch_k64,text_pca256_lexical_w005
3818,50,minibatch_k64,text_pca256_lexical_w005
3819,41,minibatch_k64,text_pca256_lexical_w005
3820,39,minibatch_k64,text_pca256_lexical_w005
3821,41,minibatch_k64,text_pca256_lexical_w005
3822,41,minibatch_k64,text_pca256_lexical_w005
3823,10,minibatch_k64,text_pca256_lexical_w005
3824,41,minibatch_k64,text_pca256_lexical_w005
3825,45,minibatch_k64,text_pca256_lexical_w005
3826,45,minibatch_k64,text_pca256_lexical_w005
3827,23,minibatch_k64,text_pca256_lexical_w005
3828,39,minibatch_k64,text_pca256_lexical_w005
3829,41,minibatch_k64,text_pca256_lexical_w005
3830,59,minibatch_k64,text_pca256_lexical_w005
3831,6,minibatch_k64,text_pca256_lexical_w005
3832,41,minibatch_k64,text_pca256_lexical_w005
3833,59,minibatch_k64,text_pca256_lexical_w005
3834,45,minibatch_k64,text_pca256_lexical_w005
3835,53,minibatch_k64,text_pca256_lexical_w005
3836,45,minibatch_k64,text_pca256_lexical_w005
3837,41,minibatch_k64,text_pca256_lexical_w005
3838,15,minibatch_k64,text_pca256_lexical_w005
3839,59,minibatch_k64,text_pca256_lexical_w005
3840,41,minibatch_k64,text_pca256_lexical_w005
3841,10,minibatch_k64,text_pca256_lexical_w005
3842,15,minibatch_k64,text_pca256_lexical_w005
3843,23,minibatch_k64,text_pca256_lexical_w005
3844,59,minibatch_k64,text_pca256_lexical_w005
3845,23,minibatch_k64,text_pca256_lexical_w005
3846,0,minibatch_k64,text_pca256_lexical_w005
3847,33,minibatch_k64,text_pca256_lexical_w005
3848,59,minibatch_k64,text_pca256_lexical_w005
3849,41,minibatch_k64,text_pca256_lexical_w005
3850,41,minibatch_k64,text_pca256_lexical_w005
3851,59,minibatch_k64,text_pca256_lexical_w005
3852,0,minibatch_k64,text_pca256_lexical_w005
3853,45,minibatch_k64,text_pca256_lexical_w005
3854,10,minibatch_k64,text_pca256_lexical_w005
3855,59,minibatch_k64,text_pca256_lexical_w005
3856,39,minibatch_k64,text_pca256_lexical_w005
3857,59,minibatch_k64,text_pca256_lexical_w005
3858,39,minibatch_k64,text_pca256_lexical_w005
3859,45,minibatch_k64,text_pca256_lexical_w005
3860,59,minibatch_k64,text_pca256_lexical_w005
3861,6,minibatch_k64,text_pca256_lexical_w005
3862,59,minibatch_k64,text_pca256_lexical_w005
3863,0,minibatch_k64,text_pca256_lexical_w005
3864,45,minibatch_k64,text_pca256_lexical_w005
3865,41,minibatch_k64,text_pca256_lexical_w005
3866,10,minibatch_k64,text_pca256_lexical_w005
3867,10,minibatch_k64,text_pca256_lexical_w005
3868,53,minibatch_k64,text_pca256_lexical_w005
3869,0,minibatch_k64,text_pca256_lexical_w005
3870,0,minibatch_k64,text_pca256_lexical_w005
3871,0,minibatch_k64,text_pca256_lexical_w005
3872,10,minibatch_k64,text_pca256_lexical_w005
3873,15,minibatch_k64,text_pca256_lexical_w005
3874,33,minibatch_k64,text_pca256_lexical_w005
3875,10,minibatch_k64,text_pca256_lexical_w005
3876,59,minibatch_k64,text_pca256_lexical_w005
3877,23,minibatch_k64,text_pca256_lexical_w005
3878,33,minibatch_k64,text_pca256_lexical_w005
3879,62,minibatch_k64,text_pca256_lexical_w005
3880,0,minibatch_k64,text_pca256_lexical_w005
3881,59,minibatch_k64,text_pca256_lexical_w005
3882,59,minibatch_k64,text_pca256_lexical_w005
3883,0,minibatch_k64,text_pca256_lexical_w005
3884,0,minibatch_k64,text_pca256_lexical_w005
3885,0,minibatch_k64,text_pca256_lexical_w005
3886,10,minibatch_k64,text_pca256_lexical_w005
3887,10,minibatch_k64,text_pca256_lexical_w005
3888,10,minibatch_k64,text_pca256_lexical_w005
3889,45,minibatch_k64,text_pca256_lexical_w005
3890,0,minibatch_k64,text_pca256_lexical_w005
3891,62,minibatch_k64,text_pca256_lexical_w005
3892,0,minibatch_k64,text_pca256_lexical_w005
3893,15,minibatch_k64,text_pca256_lexical_w005
3894,0,minibatch_k64,text_pca256_lexical_w005
3895,33,minibatch_k64,text_pca256_lexical_w005
3896,33,minibatch_k64,text_pca256_lexical_w005
3897,10,minibatch_k64,text_pca256_lexical_w005
3898,10,minibatch_k64,text_pca256_lexical_w005
3899,10,minibatch_k64,text_pca256_lexical_w005
3900,15,minibatch_k64,text_pca256_lexical_w005
3901,59,minibatch_k64,text_pca256_lexical_w005
3902,15,minibatch_k64,text_pca256_lexical_w005
3903,15,minibatch_k64,text_pca256_lexical_w005
3904,50,minibatch_k64,text_pca256_lexical_w005
3905,6,minibatch_k64,text_pca256_lexical_w005
3906,10,minibatch_k64,text_pca256_lexical_w005
3907,15,minibatch_k64,text_pca256_lexical_w005
3908,23,minibatch_k64,text_pca256_lexical_w005
3909,10,minibatch_k64,text_pca256_lexical_w005
3910,45,minibatch_k64,text_pca256_lexical_w005
3911,0,minibatch_k64,text_pca256_lexical_w005
3912,10,minibatch_k64,text_pca256_lexical_w005
3913,0,minibatch_k64,text_pca256_lexical_w005
3914,62,minibatch_k64,text_pca256_lexical_w005
3915,0,minibatch_k64,text_pca256_lexical_w005
3916,0,minibatch_k64,text_pca256_lexical_w005
3917,59,minibatch_k64,text_pca256_lexical_w005
3918,10,minibatch_k64,text_pca256_lexical_w005
3919,21,minibatch_k64,text_pca256_lexical_w005
3920,8,minibatch_k64,text_pca256_lexical_w005
3921,0,minibatch_k64,text_pca256_lexical_w005
3922,15,minibatch_k64,text_pca256_lexical_w005
3923,0,minibatch_k64,text_pca256_lexical_w005
3924,15,minibatch_k64,text_pca256_lexical_w005
3925,15,minibatch_k64,text_pca256_lexical_w005
3926,8,minibatch_k64,text_pca256_lexical_w005
3927,10,minibatch_k64,text_pca256_lexical_w005
3928,21,minibatch_k64,text_pca256_lexical_w005
3929,0,minibatch_k64,text_pca256_lexical_w005
3930,59,minibatch_k64,text_pca256_lexical_w005
3931,10,minibatch_k64,text_pca256_lexical_w005
3932,0,minibatch_k64,text_pca256_lexical_w005
3933,15,minibatch_k64,text_pca256_lexical_w005
3934,10,minibatch_k64,text_pca256_lexical_w005
3935,50,minibatch_k64,text_pca256_lexical_w005
3936,0,minibatch_k64,text_pca256_lexical_w005
3937,62,minibatch_k64,text_pca256_lexical_w005
3938,23,minibatch_k64,text_pca256_lexical_w005
3939,23,minibatch_k64,text_pca256_lexical_w005
3940,45,minibatch_k64,text_pca256_lexical_w005
3941,45,minibatch_k64,text_pca256_lexical_w005
3942,59,minibatch_k64,text_pca256_lexical_w005
3943,59,minibatch_k64,text_pca256_lexical_w005
3944,39,minibatch_k64,text_pca256_lexical_w005
3945,39,minibatch_k64,text_pca256_lexical_w005
3946,59,minibatch_k64,text_pca256_lexical_w005
3947,62,minibatch_k64,text_pca256_lexical_w005
3948,10,minibatch_k64,text_pca256_lexical_w005
3949,42,minibatch_k64,text_pca256_lexical_w005
3950,42,minibatch_k64,text_pca256_lexical_w005
3951,23,minibatch_k64,text_pca256_lexical_w005
3952,62,minibatch_k64,text_pca256_lexical_w005
3953,59,minibatch_k64,text_pca256_lexical_w005
3954,8,minibatch_k64,text_pca256_lexical_w005
3955,8,minibatch_k64,text_pca256_lexical_w005
3956,0,minibatch_k64,text_pca256_lexical_w005
3957,10,minibatch_k64,text_pca256_lexical_w005
3958,62,minibatch_k64,text_pca256_lexical_w005
3959,0,minibatch_k64,text_pca256_lexical_w005
3960,10,minibatch_k64,text_pca256_lexical_w005
3961,62,minibatch_k64,text_pca256_lexical_w005
3962,10,minibatch_k64,text_pca256_lexical_w005
3963,6,minibatch_k64,text_pca256_lexical_w005
3964,45,minibatch_k64,text_pca256_lexical_w005
3965,62,minibatch_k64,text_pca256_lexical_w005
3966,15,minibatch_k64,text_pca256_lexical_w005
3967,45,minibatch_k64,text_pca256_lexical_w005
3968,0,minibatch_k64,text_pca256_lexical_w005
3969,45,minibatch_k64,text_pca256_lexical_w005
3970,10,minibatch_k64,text_pca256_lexical_w005
3971,0,minibatch_k64,text_pca256_lexical_w005
3972,10,minibatch_k64,text_pca256_lexical_w005
3973,15,minibatch_k64,text_pca256_lexical_w005
3974,2,minibatch_k64,text_pca256_lexical_w005
3975,8,minibatch_k64,text_pca256_lexical_w005
3976,15,minibatch_k64,text_pca256_lexical_w005
3977,23,minibatch_k64,text_pca256_lexical_w005
3978,0,minibatch_k64,text_pca256_lexical_w005
3979,0,minibatch_k64,text_pca256_lexical_w005
3980,2,minibatch_k64,text_pca256_lexical_w005
3981,10,minibatch_k64,text_pca256_lexical_w005
3982,33,minibatch_k64,text_pca256_lexical_w005
3983,15,minibatch_k64,text_pca256_lexical_w005
3984,21,minibatch_k64,text_pca256_lexical_w005
3985,10,minibatch_k64,text_pca256_lexical_w005
3986,10,minibatch_k64,text_pca256_lexical_w005
3987,0,minibatch_k64,text_pca256_lexical_w005
3988,62,minibatch_k64,text_pca256_lexical_w005
3989,10,minibatch_k64,text_pca256_lexical_w005
3990,10,minibatch_k64,text_pca256_lexical_w005
3991,62,minibatch_k64,text_pca256_lexical_w005
3992,33,minibatch_k64,text_pca256_lexical_w005
3993,39,minibatch_k64,text_pca256_lexical_w005
3994,10,minibatch_k64,text_pca256_lexical_w005
3995,10,minibatch_k64,text_pca256_lexical_w005
3996,8,minibatch_k64,text_pca256_lexical_w005
3997,33,minibatch_k64,text_pca256_lexical_w005
3998,33,minibatch_k64,text_pca256_lexical_w005
3999,10,minibatch_k64,text_pca256_lexical_w005
4000,45,minibatch_k64,text_pca256_lexical_w005
4001,10,minibatch_k64,text_pca256_lexical_w005
4002,15,minibatch_k64,text_pca256_lexical_w005
4003,45,minibatch_k64,text_pca256_lexical_w005
4004,59,minibatch_k64,text_pca256_lexical_w005
4005,62,minibatch_k64,text_pca256_lexical_w005
4006,62,minibatch_k64,text_pca256_lexical_w005
4007,6,minibatch_k64,text_pca256_lexical_w005
4008,0,minibatch_k64,text_pca256_lexical_w005
4009,50,minibatch_k64,text_pca256_lexical_w005
4010,33,minibatch_k64,text_pca256_lexical_w005
4011,7,minibatch_k64,text_pca256_lexical_w005
4012,8,minibatch_k64,text_pca256_lexical_w005
4013,50,minibatch_k64,text_pca256_lexical_w005
4014,50,minibatch_k64,text_pca256_lexical_w005
4015,45,minibatch_k64,text_pca256_lexical_w005
4016,62,minibatch_k64,text_pca256_lexical_w005
4017,62,minibatch_k64,text_pca256_lexical_w005
4018,62,minibatch_k64,text_pca256_lexical_w005
4019,59,minibatch_k64,text_pca256_lexical_w005
4020,62,minibatch_k64,text_pca256_lexical_w005
4021,15,minibatch_k64,text_pca256_lexical_w005
4022,45,minibatch_k64,text_pca256_lexical_w005
4023,50,minibatch_k64,text_pca256_lexical_w005
4024,59,minibatch_k64,text_pca256_lexical_w005
4025,23,minibatch_k64,text_pca256_lexical_w005
4026,34,minibatch_k64,text_pca256_lexical_w005
4027,59,minibatch_k64,text_pca256_lexical_w005
4028,45,minibatch_k64,text_pca256_lexical_w005
4029,33,minibatch_k64,text_pca256_lexical_w005
4030,59,minibatch_k64,text_pca256_lexical_w005
4031,59,minibatch_k64,text_pca256_lexical_w005
4032,59,minibatch_k64,text_pca256_lexical_w005
4033,62,minibatch_k64,text_pca256_lexical_w005
4034,48,minibatch_k64,text_pca256_lexical_w005
4035,2,minibatch_k64,text_pca256_lexical_w005
4036,59,minibatch_k64,text_pca256_lexical_w005
4037,0,minibatch_k64,text_pca256_lexical_w005
4038,45,minibatch_k64,text_pca256_lexical_w005
4039,59,minibatch_k64,text_pca256_lexical_w005
4040,45,minibatch_k64,text_pca256_lexical_w005
4041,59,minibatch_k64,text_pca256_lexical_w005
4042,59,minibatch_k64,text_pca256_lexical_w005
4043,59,minibatch_k64,text_pca256_lexical_w005
4044,59,minibatch_k64,text_pca256_lexical_w005
4045,59,minibatch_k64,text_pca256_lexical_w005
4046,59,minibatch_k64,text_pca256_lexical_w005
4047,45,minibatch_k64,text_pca256_lexical_w005
4048,45,minibatch_k64,text_pca256_lexical_w005
4049,59,minibatch_k64,text_pca256_lexical_w005
4050,59,minibatch_k64,text_pca256_lexical_w005
4051,62,minibatch_k64,text_pca256_lexical_w005
4052,45,minibatch_k64,text_pca256_lexical_w005
4053,59,minibatch_k64,text_pca256_lexical_w005
4054,0,minibatch_k64,text_pca256_lexical_w005
4055,59,minibatch_k64,text_pca256_lexical_w005
4056,53,minibatch_k64,text_pca256_lexical_w005
4057,8,minibatch_k64,text_pca256_lexical_w005
4058,53,minibatch_k64,text_pca256_lexical_w005
4059,53,minibatch_k64,text_pca256_lexical_w005
4060,53,minibatch_k64,text_pca256_lexical_w005
4061,10,minibatch_k64,text_pca256_lexical_w005
4062,42,minibatch_k64,text_pca256_lexical_w005
4063,39,minibatch_k64,text_pca256_lexical_w005
4064,39,minibatch_k64,text_pca256_lexical_w005
4065,10,minibatch_k64,text_pca256_lexical_w005
4066,59,minibatch_k64,text_pca256_lexical_w005
4067,23,minibatch_k64,text_pca256_lexical_w005
4068,33,minibatch_k64,text_pca256_lexical_w005
4069,0,minibatch_k64,text_pca256_lexical_w005
4070,8,minibatch_k64,text_pca256_lexical_w005
4071,62,minibatch_k64,text_pca256_lexical_w005
4072,23,minibatch_k64,text_pca256_lexical_w005
4073,33,minibatch_k64,text_pca256_lexical_w005
4074,33,minibatch_k64,text_pca256_lexical_w005
4075,62,minibatch_k64,text_pca256_lexical_w005
4076,62,minibatch_k64,text_pca256_lexical_w005
4077,4,minibatch_k64,text_pca256_lexical_w005
4078,53,minibatch_k64,text_pca256_lexical_w005
4079,8,minibatch_k64,text_pca256_lexical_w005
4080,8,minibatch_k64,text_pca256_lexical_w005
4081,0,minibatch_k64,text_pca256_lexical_w005
4082,33,minibatch_k64,text_pca256_lexical_w005
4083,56,minibatch_k64,text_pca256_lexical_w005
4084,10,minibatch_k64,text_pca256_lexical_w005
4085,23,minibatch_k64,text_pca256_lexical_w005
4086,45,minibatch_k64,text_pca256_lexical_w005
4087,23,minibatch_k64,text_pca256_lexical_w005
4088,23,minibatch_k64,text_pca256_lexical_w005
4089,62,minibatch_k64,text_pca256_lexical_w005
4090,15,minibatch_k64,text_pca256_lexical_w005
4091,8,minibatch_k64,text_pca256_lexical_w005
4092,8,minibatch_k64,text_pca256_lexical_w005
4093,5,minibatch_k64,text_pca256_lexical_w005
4094,59,minibatch_k64,text_pca256_lexical_w005
4095,8,minibatch_k64,text_pca256_lexical_w005
4096,8,minibatch_k64,text_pca256_lexical_w005
4097,42,minibatch_k64,text_pca256_lexical_w005
4098,33,minibatch_k64,text_pca256_lexical_w005
4099,46,minibatch_k64,text_pca256_lexical_w005
4100,2,minibatch_k64,text_pca256_lexical_w005
4101,59,minibatch_k64,text_pca256_lexical_w005
4102,10,minibatch_k64,text_pca256_lexical_w005
4103,0,minibatch_k64,text_pca256_lexical_w005
4104,15,minibatch_k64,text_pca256_lexical_w005
4105,8,minibatch_k64,text_pca256_lexical_w005
4106,0,minibatch_k64,text_pca256_lexical_w005
4107,56,minibatch_k64,text_pca256_lexical_w005
4108,8,minibatch_k64,text_pca256_lexical_w005
4109,0,minibatch_k64,text_pca256_lexical_w005
4110,10,minibatch_k64,text_pca256_lexical_w005
4111,39,minibatch_k64,text_pca256_lexical_w005
4112,39,minibatch_k64,text_pca256_lexical_w005
4113,40,minibatch_k64,text_pca256_lexical_w005
4114,0,minibatch_k64,text_pca256_lexical_w005
4115,15,minibatch_k64,text_pca256_lexical_w005
4116,59,minibatch_k64,text_pca256_lexical_w005
4117,21,minibatch_k64,text_pca256_lexical_w005
4118,0,minibatch_k64,text_pca256_lexical_w005
4119,40,minibatch_k64,text_pca256_lexical_w005
4120,15,minibatch_k64,text_pca256_lexical_w005
4121,33,minibatch_k64,text_pca256_lexical_w005
4122,0,minibatch_k64,text_pca256_lexical_w005
4123,4,minibatch_k64,text_pca256_lexical_w005
4124,8,minibatch_k64,text_pca256_lexical_w005
4125,10,minibatch_k64,text_pca256_lexical_w005
4126,15,minibatch_k64,text_pca256_lexical_w005
4127,21,minibatch_k64,text_pca256_lexical_w005
4128,33,minibatch_k64,text_pca256_lexical_w005
4129,33,minibatch_k64,text_pca256_lexical_w005
4130,21,minibatch_k64,text_pca256_lexical_w005
4131,15,minibatch_k64,text_pca256_lexical_w005
4132,33,minibatch_k64,text_pca256_lexical_w005
4133,42,minibatch_k64,text_pca256_lexical_w005
4134,42,minibatch_k64,text_pca256_lexical_w005
4135,33,minibatch_k64,text_pca256_lexical_w005
4136,15,minibatch_k64,text_pca256_lexical_w005
4137,42,minibatch_k64,text_pca256_lexical_w005
4138,15,minibatch_k64,text_pca256_lexical_w005
4139,62,minibatch_k64,text_pca256_lexical_w005
4140,8,minibatch_k64,text_pca256_lexical_w005
4141,8,minibatch_k64,text_pca256_lexical_w005
4142,8,minibatch_k64,text_pca256_lexical_w005
4143,10,minibatch_k64,text_pca256_lexical_w005
4144,8,minibatch_k64,text_pca256_lexical_w005
4145,8,minibatch_k64,text_pca256_lexical_w005
4146,0,minibatch_k64,text_pca256_lexical_w005
4147,15,minibatch_k64,text_pca256_lexical_w005
4148,21,minibatch_k64,text_pca256_lexical_w005
4149,21,minibatch_k64,text_pca256_lexical_w005
4150,23,minibatch_k64,text_pca256_lexical_w005
4151,0,minibatch_k64,text_pca256_lexical_w005
4152,23,minibatch_k64,text_pca256_lexical_w005
4153,15,minibatch_k64,text_pca256_lexical_w005
4154,8,minibatch_k64,text_pca256_lexical_w005
4155,21,minibatch_k64,text_pca256_lexical_w005
4156,23,minibatch_k64,text_pca256_lexical_w005
4157,21,minibatch_k64,text_pca256_lexical_w005
4158,2,minibatch_k64,text_pca256_lexical_w005
4159,40,minibatch_k64,text_pca256_lexical_w005
4160,47,minibatch_k64,text_pca256_lexical_w005
4161,23,minibatch_k64,text_pca256_lexical_w005
4162,0,minibatch_k64,text_pca256_lexical_w005
4163,21,minibatch_k64,text_pca256_lexical_w005
4164,62,minibatch_k64,text_pca256_lexical_w005
4165,33,minibatch_k64,text_pca256_lexical_w005
4166,39,minibatch_k64,text_pca256_lexical_w005
4167,8,minibatch_k64,text_pca256_lexical_w005
4168,15,minibatch_k64,text_pca256_lexical_w005
4169,23,minibatch_k64,text_pca256_lexical_w005
4170,0,minibatch_k64,text_pca256_lexical_w005
4171,33,minibatch_k64,text_pca256_lexical_w005
4172,8,minibatch_k64,text_pca256_lexical_w005
4173,8,minibatch_k64,text_pca256_lexical_w005
4174,8,minibatch_k64,text_pca256_lexical_w005
4175,33,minibatch_k64,text_pca256_lexical_w005
4176,23,minibatch_k64,text_pca256_lexical_w005
4177,45,minibatch_k64,text_pca256_lexical_w005
4178,0,minibatch_k64,text_pca256_lexical_w005
4179,8,minibatch_k64,text_pca256_lexical_w005
4180,0,minibatch_k64,text_pca256_lexical_w005
4181,23,minibatch_k64,text_pca256_lexical_w005
4182,62,minibatch_k64,text_pca256_lexical_w005
4183,0,minibatch_k64,text_pca256_lexical_w005
4184,15,minibatch_k64,text_pca256_lexical_w005
4185,8,minibatch_k64,text_pca256_lexical_w005
4186,45,minibatch_k64,text_pca256_lexical_w005
4187,62,minibatch_k64,text_pca256_lexical_w005
4188,8,minibatch_k64,text_pca256_lexical_w005
4189,62,minibatch_k64,text_pca256_lexical_w005
4190,23,minibatch_k64,text_pca256_lexical_w005
4191,15,minibatch_k64,text_pca256_lexical_w005
4192,21,minibatch_k64,text_pca256_lexical_w005
4193,39,minibatch_k64,text_pca256_lexical_w005
4194,15,minibatch_k64,text_pca256_lexical_w005
4195,37,minibatch_k64,text_pca256_lexical_w005
4196,21,minibatch_k64,text_pca256_lexical_w005
4197,15,minibatch_k64,text_pca256_lexical_w005
4198,10,minibatch_k64,text_pca256_lexical_w005
4199,60,minibatch_k64,text_pca256_lexical_w005
4200,39,minibatch_k64,text_pca256_lexical_w005
4201,8,minibatch_k64,text_pca256_lexical_w005
4202,8,minibatch_k64,text_pca256_lexical_w005
4203,8,minibatch_k64,text_pca256_lexical_w005
4204,33,minibatch_k64,text_pca256_lexical_w005
4205,23,minibatch_k64,text_pca256_lexical_w005
4206,33,minibatch_k64,text_pca256_lexical_w005
4207,23,minibatch_k64,text_pca256_lexical_w005
4208,62,minibatch_k64,text_pca256_lexical_w005
4209,23,minibatch_k64,text_pca256_lexical_w005
4210,23,minibatch_k64,text_pca256_lexical_w005
4211,33,minibatch_k64,text_pca256_lexical_w005
4212,8,minibatch_k64,text_pca256_lexical_w005
4213,62,minibatch_k64,text_pca256_lexical_w005
4214,8,minibatch_k64,text_pca256_lexical_w005
4215,62,minibatch_k64,text_pca256_lexical_w005
4216,10,minibatch_k64,text_pca256_lexical_w005
4217,8,minibatch_k64,text_pca256_lexical_w005
4218,8,minibatch_k64,text_pca256_lexical_w005
4219,21,minibatch_k64,text_pca256_lexical_w005
4220,2,minibatch_k64,text_pca256_lexical_w005
4221,62,minibatch_k64,text_pca256_lexical_w005
4222,21,minibatch_k64,text_pca256_lexical_w005
4223,10,minibatch_k64,text_pca256_lexical_w005
4224,8,minibatch_k64,text_pca256_lexical_w005
4225,39,minibatch_k64,text_pca256_lexical_w005
4226,8,minibatch_k64,text_pca256_lexical_w005
4227,8,minibatch_k64,text_pca256_lexical_w005
4228,8,minibatch_k64,text_pca256_lexical_w005
4229,8,minibatch_k64,text_pca256_lexical_w005
4230,39,minibatch_k64,text_pca256_lexical_w005
4231,42,minibatch_k64,text_pca256_lexical_w005
4232,2,minibatch_k64,text_pca256_lexical_w005
4233,33,minibatch_k64,text_pca256_lexical_w005
4234,8,minibatch_k64,text_pca256_lexical_w005
4235,50,minibatch_k64,text_pca256_lexical_w005
4236,23,minibatch_k64,text_pca256_lexical_w005
4237,55,minibatch_k64,text_pca256_lexical_w005
4238,21,minibatch_k64,text_pca256_lexical_w005
4239,8,minibatch_k64,text_pca256_lexical_w005
4240,39,minibatch_k64,text_pca256_lexical_w005
4241,0,minibatch_k64,text_pca256_lexical_w005
4242,23,minibatch_k64,text_pca256_lexical_w005
4243,10,minibatch_k64,text_pca256_lexical_w005
4244,15,minibatch_k64,text_pca256_lexical_w005
4245,33,minibatch_k64,text_pca256_lexical_w005
4246,62,minibatch_k64,text_pca256_lexical_w005
4247,62,minibatch_k64,text_pca256_lexical_w005
4248,23,minibatch_k64,text_pca256_lexical_w005
4249,62,minibatch_k64,text_pca256_lexical_w005
4250,10,minibatch_k64,text_pca256_lexical_w005
4251,8,minibatch_k64,text_pca256_lexical_w005
4252,61,minibatch_k64,text_pca256_lexical_w005
4253,15,minibatch_k64,text_pca256_lexical_w005
4254,59,minibatch_k64,text_pca256_lexical_w005
4255,23,minibatch_k64,text_pca256_lexical_w005
4256,32,minibatch_k64,text_pca256_lexical_w005
4257,45,minibatch_k64,text_pca256_lexical_w005
4258,16,minibatch_k64,text_pca256_lexical_w005
4259,12,minibatch_k64,text_pca256_lexical_w005
4260,0,minibatch_k64,text_pca256_lexical_w005
4261,62,minibatch_k64,text_pca256_lexical_w005
4262,61,minibatch_k64,text_pca256_lexical_w005
4263,62,minibatch_k64,text_pca256_lexical_w005
4264,61,minibatch_k64,text_pca256_lexical_w005
4265,23,minibatch_k64,text_pca256_lexical_w005
4266,59,minibatch_k64,text_pca256_lexical_w005
4267,23,minibatch_k64,text_pca256_lexical_w005
4268,23,minibatch_k64,text_pca256_lexical_w005
4269,2,minibatch_k64,text_pca256_lexical_w005
4270,62,minibatch_k64,text_pca256_lexical_w005
4271,59,minibatch_k64,text_pca256_lexical_w005
4272,23,minibatch_k64,text_pca256_lexical_w005
4273,0,minibatch_k64,text_pca256_lexical_w005
4274,59,minibatch_k64,text_pca256_lexical_w005
4275,23,minibatch_k64,text_pca256_lexical_w005
4276,23,minibatch_k64,text_pca256_lexical_w005
4277,59,minibatch_k64,text_pca256_lexical_w005
4278,15,minibatch_k64,text_pca256_lexical_w005
4279,23,minibatch_k64,text_pca256_lexical_w005
4280,48,minibatch_k64,text_pca256_lexical_w005
4281,21,minibatch_k64,text_pca256_lexical_w005
4282,12,minibatch_k64,text_pca256_lexical_w005
4283,53,minibatch_k64,text_pca256_lexical_w005
4284,45,minibatch_k64,text_pca256_lexical_w005
4285,0,minibatch_k64,text_pca256_lexical_w005
4286,53,minibatch_k64,text_pca256_lexical_w005
4287,10,minibatch_k64,text_pca256_lexical_w005
4288,16,minibatch_k64,text_pca256_lexical_w005
4289,18,minibatch_k64,text_pca256_lexical_w005
4290,11,minibatch_k64,text_pca256_lexical_w005
4291,0,minibatch_k64,text_pca256_lexical_w005
4292,62,minibatch_k64,text_pca256_lexical_w005
4293,12,minibatch_k64,text_pca256_lexical_w005
4294,57,minibatch_k64,text_pca256_lexical_w005
4295,11,minibatch_k64,text_pca256_lexical_w005
4296,57,minibatch_k64,text_pca256_lexical_w005
4297,0,minibatch_k64,text_pca256_lexical_w005
4298,23,minibatch_k64,text_pca256_lexical_w005
4299,8,minibatch_k64,text_pca256_lexical_w005
4300,23,minibatch_k64,text_pca256_lexical_w005
4301,57,minibatch_k64,text_pca256_lexical_w005
4302,48,minibatch_k64,text_pca256_lexical_w005
4303,23,minibatch_k64,text_pca256_lexical_w005
4304,0,minibatch_k64,text_pca256_lexical_w005
4305,55,minibatch_k64,text_pca256_lexical_w005
4306,62,minibatch_k64,text_pca256_lexical_w005
4307,33,minibatch_k64,text_pca256_lexical_w005
4308,11,minibatch_k64,text_pca256_lexical_w005
4309,23,minibatch_k64,text_pca256_lexical_w005
4310,15,minibatch_k64,text_pca256_lexical_w005
4311,11,minibatch_k64,text_pca256_lexical_w005
4312,11,minibatch_k64,text_pca256_lexical_w005
4313,57,minibatch_k64,text_pca256_lexical_w005
4314,57,minibatch_k64,text_pca256_lexical_w005
4315,33,minibatch_k64,text_pca256_lexical_w005
4316,11,minibatch_k64,text_pca256_lexical_w005
4317,57,minibatch_k64,text_pca256_lexical_w005
4318,11,minibatch_k64,text_pca256_lexical_w005
4319,57,minibatch_k64,text_pca256_lexical_w005
4320,11,minibatch_k64,text_pca256_lexical_w005
4321,57,minibatch_k64,text_pca256_lexical_w005
4322,18,minibatch_k64,text_pca256_lexical_w005
4323,23,minibatch_k64,text_pca256_lexical_w005
4324,55,minibatch_k64,text_pca256_lexical_w005
4325,18,minibatch_k64,text_pca256_lexical_w005
4326,10,minibatch_k64,text_pca256_lexical_w005
4327,39,minibatch_k64,text_pca256_lexical_w005
4328,33,minibatch_k64,text_pca256_lexical_w005
4329,20,minibatch_k64,text_pca256_lexical_w005
4330,8,minibatch_k64,text_pca256_lexical_w005
4331,18,minibatch_k64,text_pca256_lexical_w005
4332,23,minibatch_k64,text_pca256_lexical_w005
4333,0,minibatch_k64,text_pca256_lexical_w005
4334,15,minibatch_k64,text_pca256_lexical_w005
4335,0,minibatch_k64,text_pca256_lexical_w005
4336,18,minibatch_k64,text_pca256_lexical_w005
4337,0,minibatch_k64,text_pca256_lexical_w005
4338,62,minibatch_k64,text_pca256_lexical_w005
4339,39,minibatch_k64,text_pca256_lexical_w005
4340,45,minibatch_k64,text_pca256_lexical_w005
4341,8,minibatch_k64,text_pca256_lexical_w005
4342,8,minibatch_k64,text_pca256_lexical_w005
4343,8,minibatch_k64,text_pca256_lexical_w005
4344,0,minibatch_k64,text_pca256_lexical_w005
4345,62,minibatch_k64,text_pca256_lexical_w005
4346,40,minibatch_k64,text_pca256_lexical_w005
4347,50,minibatch_k64,text_pca256_lexical_w005
4348,29,minibatch_k64,text_pca256_lexical_w005
4349,29,minibatch_k64,text_pca256_lexical_w005
4350,5,minibatch_k64,text_pca256_lexical_w005
4351,8,minibatch_k64,text_pca256_lexical_w005
4352,62,minibatch_k64,text_pca256_lexical_w005
4353,0,minibatch_k64,text_pca256_lexical_w005
4354,15,minibatch_k64,text_pca256_lexical_w005
4355,23,minibatch_k64,text_pca256_lexical_w005
4356,62,minibatch_k64,text_pca256_lexical_w005
4357,62,minibatch_k64,text_pca256_lexical_w005
4358,62,minibatch_k64,text_pca256_lexical_w005
4359,62,minibatch_k64,text_pca256_lexical_w005
4360,0,minibatch_k64,text_pca256_lexical_w005
4361,62,minibatch_k64,text_pca256_lexical_w005
4362,62,minibatch_k64,text_pca256_lexical_w005
4363,62,minibatch_k64,text_pca256_lexical_w005
4364,62,minibatch_k64,text_pca256_lexical_w005
4365,62,minibatch_k64,text_pca256_lexical_w005
4366,62,minibatch_k64,text_pca256_lexical_w005
4367,5,minibatch_k64,text_pca256_lexical_w005
4368,62,minibatch_k64,text_pca256_lexical_w005
4369,10,minibatch_k64,text_pca256_lexical_w005
4370,62,minibatch_k64,text_pca256_lexical_w005
4371,62,minibatch_k64,text_pca256_lexical_w005
4372,62,minibatch_k64,text_pca256_lexical_w005
4373,2,minibatch_k64,text_pca256_lexical_w005
4374,46,minibatch_k64,text_pca256_lexical_w005
4375,42,minibatch_k64,text_pca256_lexical_w005
4376,62,minibatch_k64,text_pca256_lexical_w005
4377,62,minibatch_k64,text_pca256_lexical_w005
4378,62,minibatch_k64,text_pca256_lexical_w005
4379,62,minibatch_k64,text_pca256_lexical_w005
4380,5,minibatch_k64,text_pca256_lexical_w005
4381,62,minibatch_k64,text_pca256_lexical_w005
4382,46,minibatch_k64,text_pca256_lexical_w005
4383,62,minibatch_k64,text_pca256_lexical_w005
4384,62,minibatch_k64,text_pca256_lexical_w005
4385,62,minibatch_k64,text_pca256_lexical_w005
4386,62,minibatch_k64,text_pca256_lexical_w005
4387,62,minibatch_k64,text_pca256_lexical_w005
4388,62,minibatch_k64,text_pca256_lexical_w005
4389,62,minibatch_k64,text_pca256_lexical_w005
4390,62,minibatch_k64,text_pca256_lexical_w005
4391,62,minibatch_k64,text_pca256_lexical_w005
4392,62,minibatch_k64,text_pca256_lexical_w005
4393,62,minibatch_k64,text_pca256_lexical_w005
4394,62,minibatch_k64,text_pca256_lexical_w005
4395,62,minibatch_k64,text_pca256_lexical_w005
4396,62,minibatch_k64,text_pca256_lexical_w005
4397,62,minibatch_k64,text_pca256_lexical_w005
4398,62,minibatch_k64,text_pca256_lexical_w005
4399,62,minibatch_k64,text_pca256_lexical_w005
4400,62,minibatch_k64,text_pca256_lexical_w005
4401,62,minibatch_k64,text_pca256_lexical_w005
4402,62,minibatch_k64,text_pca256_lexical_w005
4403,62,minibatch_k64,text_pca256_lexical_w005
4404,62,minibatch_k64,text_pca256_lexical_w005
4405,62,minibatch_k64,text_pca256_lexical_w005
4406,62,minibatch_k64,text_pca256_lexical_w005
4407,62,minibatch_k64,text_pca256_lexical_w005
4408,62,minibatch_k64,text_pca256_lexical_w005
4409,62,minibatch_k64,text_pca256_lexical_w005
4410,62,minibatch_k64,text_pca256_lexical_w005
4411,62,minibatch_k64,text_pca256_lexical_w005
4412,62,minibatch_k64,text_pca256_lexical_w005
4413,62,minibatch_k64,text_pca256_lexical_w005
4414,62,minibatch_k64,text_pca256_lexical_w005
4415,62,minibatch_k64,text_pca256_lexical_w005
4416,62,minibatch_k64,text_pca256_lexical_w005
4417,62,minibatch_k64,text_pca256_lexical_w005
4418,62,minibatch_k64,text_pca256_lexical_w005
4419,62,minibatch_k64,text_pca256_lexical_w005
4420,62,minibatch_k64,text_pca256_lexical_w005
4421,62,minibatch_k64,text_pca256_lexical_w005
4422,62,minibatch_k64,text_pca256_lexical_w005
4423,62,minibatch_k64,text_pca256_lexical_w005
4424,62,minibatch_k64,text_pca256_lexical_w005
4425,21,minibatch_k64,text_pca256_lexical_w005
4426,21,minibatch_k64,text_pca256_lexical_w005
4427,21,minibatch_k64,text_pca256_lexical_w005
4428,0,minibatch_k64,text_pca256_lexical_w005
4429,10,minibatch_k64,text_pca256_lexical_w005
4430,10,minibatch_k64,text_pca256_lexical_w005
4431,10,minibatch_k64,text_pca256_lexical_w005
4432,15,minibatch_k64,text_pca256_lexical_w005
4433,5,minibatch_k64,text_pca256_lexical_w005
4434,5,minibatch_k64,text_pca256_lexical_w005
4435,62,minibatch_k64,text_pca256_lexical_w005
4436,0,minibatch_k64,text_pca256_lexical_w005
4437,10,minibatch_k64,text_pca256_lexical_w005
4438,0,minibatch_k64,text_pca256_lexical_w005
4439,21,minibatch_k64,text_pca256_lexical_w005
4440,10,minibatch_k64,text_pca256_lexical_w005
4441,10,minibatch_k64,text_pca256_lexical_w005
4442,62,minibatch_k64,text_pca256_lexical_w005
4443,21,minibatch_k64,text_pca256_lexical_w005
4444,62,minibatch_k64,text_pca256_lexical_w005
4445,21,minibatch_k64,text_pca256_lexical_w005
4446,0,minibatch_k64,text_pca256_lexical_w005
4447,0,minibatch_k64,text_pca256_lexical_w005
4448,21,minibatch_k64,text_pca256_lexical_w005
4449,0,minibatch_k64,text_pca256_lexical_w005
4450,21,minibatch_k64,text_pca256_lexical_w005
4451,0,minibatch_k64,text_pca256_lexical_w005
4452,21,minibatch_k64,text_pca256_lexical_w005
4453,0,minibatch_k64,text_pca256_lexical_w005
4454,21,minibatch_k64,text_pca256_lexical_w005
4455,21,minibatch_k64,text_pca256_lexical_w005
4456,0,minibatch_k64,text_pca256_lexical_w005
4457,21,minibatch_k64,text_pca256_lexical_w005
4458,21,minibatch_k64,text_pca256_lexical_w005
4459,0,minibatch_k64,text_pca256_lexical_w005
4460,21,minibatch_k64,text_pca256_lexical_w005
4461,0,minibatch_k64,text_pca256_lexical_w005
4462,0,minibatch_k64,text_pca256_lexical_w005
4463,62,minibatch_k64,text_pca256_lexical_w005
4464,0,minibatch_k64,text_pca256_lexical_w005
4465,33,minibatch_k64,text_pca256_lexical_w005
4466,21,minibatch_k64,text_pca256_lexical_w005
4467,0,minibatch_k64,text_pca256_lexical_w005
4468,62,minibatch_k64,text_pca256_lexical_w005
4469,21,minibatch_k64,text_pca256_lexical_w005
4470,29,minibatch_k64,text_pca256_lexical_w005
4471,10,minibatch_k64,text_pca256_lexical_w005
4472,62,minibatch_k64,text_pca256_lexical_w005
4473,21,minibatch_k64,text_pca256_lexical_w005
4474,42,minibatch_k64,text_pca256_lexical_w005
4475,62,minibatch_k64,text_pca256_lexical_w005
4476,8,minibatch_k64,text_pca256_lexical_w005
4477,62,minibatch_k64,text_pca256_lexical_w005
4478,21,minibatch_k64,text_pca256_lexical_w005
4479,21,minibatch_k64,text_pca256_lexical_w005
4480,21,minibatch_k64,text_pca256_lexical_w005
4481,21,minibatch_k64,text_pca256_lexical_w005
4482,21,minibatch_k64,text_pca256_lexical_w005
4483,21,minibatch_k64,text_pca256_lexical_w005
4484,21,minibatch_k64,text_pca256_lexical_w005
4485,0,minibatch_k64,text_pca256_lexical_w005
4486,29,minibatch_k64,text_pca256_lexical_w005
4487,21,minibatch_k64,text_pca256_lexical_w005
4488,21,minibatch_k64,text_pca256_lexical_w005
4489,33,minibatch_k64,text_pca256_lexical_w005
4490,62,minibatch_k64,text_pca256_lexical_w005
4491,62,minibatch_k64,text_pca256_lexical_w005
4492,4,minibatch_k64,text_pca256_lexical_w005
4493,0,minibatch_k64,text_pca256_lexical_w005
4494,62,minibatch_k64,text_pca256_lexical_w005
4495,21,minibatch_k64,text_pca256_lexical_w005
4496,0,minibatch_k64,text_pca256_lexical_w005
4497,0,minibatch_k64,text_pca256_lexical_w005
4498,21,minibatch_k64,text_pca256_lexical_w005
4499,21,minibatch_k64,text_pca256_lexical_w005
4500,62,minibatch_k64,text_pca256_lexical_w005
4501,21,minibatch_k64,text_pca256_lexical_w005
4502,21,minibatch_k64,text_pca256_lexical_w005
4503,29,minibatch_k64,text_pca256_lexical_w005
4504,21,minibatch_k64,text_pca256_lexical_w005
4505,21,minibatch_k64,text_pca256_lexical_w005
4506,0,minibatch_k64,text_pca256_lexical_w005
4507,0,minibatch_k64,text_pca256_lexical_w005
4508,10,minibatch_k64,text_pca256_lexical_w005
4509,0,minibatch_k64,text_pca256_lexical_w005
4510,23,minibatch_k64,text_pca256_lexical_w005
4511,21,minibatch_k64,text_pca256_lexical_w005
4512,21,minibatch_k64,text_pca256_lexical_w005
4513,21,minibatch_k64,text_pca256_lexical_w005
4514,21,minibatch_k64,text_pca256_lexical_w005
4515,15,minibatch_k64,text_pca256_lexical_w005
4516,29,minibatch_k64,text_pca256_lexical_w005
4517,29,minibatch_k64,text_pca256_lexical_w005
4518,21,minibatch_k64,text_pca256_lexical_w005
4519,62,minibatch_k64,text_pca256_lexical_w005
4520,21,minibatch_k64,text_pca256_lexical_w005
4521,0,minibatch_k64,text_pca256_lexical_w005
4522,47,minibatch_k64,text_pca256_lexical_w005
4523,39,minibatch_k64,text_pca256_lexical_w005
4524,21,minibatch_k64,text_pca256_lexical_w005
4525,21,minibatch_k64,text_pca256_lexical_w005
4526,21,minibatch_k64,text_pca256_lexical_w005
4527,21,minibatch_k64,text_pca256_lexical_w005
4528,21,minibatch_k64,text_pca256_lexical_w005
4529,33,minibatch_k64,text_pca256_lexical_w005
4530,29,minibatch_k64,text_pca256_lexical_w005
4531,21,minibatch_k64,text_pca256_lexical_w005
4532,21,minibatch_k64,text_pca256_lexical_w005
4533,21,minibatch_k64,text_pca256_lexical_w005
4534,0,minibatch_k64,text_pca256_lexical_w005
4535,21,minibatch_k64,text_pca256_lexical_w005
4536,29,minibatch_k64,text_pca256_lexical_w005
4537,42,minibatch_k64,text_pca256_lexical_w005
4538,0,minibatch_k64,text_pca256_lexical_w005
4539,29,minibatch_k64,text_pca256_lexical_w005
4540,59,minibatch_k64,text_pca256_lexical_w005
4541,21,minibatch_k64,text_pca256_lexical_w005
4542,29,minibatch_k64,text_pca256_lexical_w005
4543,39,minibatch_k64,text_pca256_lexical_w005
4544,10,minibatch_k64,text_pca256_lexical_w005
4545,0,minibatch_k64,text_pca256_lexical_w005
4546,21,minibatch_k64,text_pca256_lexical_w005
4547,10,minibatch_k64,text_pca256_lexical_w005
4548,21,minibatch_k64,text_pca256_lexical_w005
4549,0,minibatch_k64,text_pca256_lexical_w005
4550,0,minibatch_k64,text_pca256_lexical_w005
4551,21,minibatch_k64,text_pca256_lexical_w005
4552,21,minibatch_k64,text_pca256_lexical_w005
4553,0,minibatch_k64,text_pca256_lexical_w005
4554,21,minibatch_k64,text_pca256_lexical_w005
4555,21,minibatch_k64,text_pca256_lexical_w005
4556,0,minibatch_k64,text_pca256_lexical_w005
4557,23,minibatch_k64,text_pca256_lexical_w005
4558,62,minibatch_k64,text_pca256_lexical_w005
4559,23,minibatch_k64,text_pca256_lexical_w005
4560,23,minibatch_k64,text_pca256_lexical_w005
4561,0,minibatch_k64,text_pca256_lexical_w005
4562,0,minibatch_k64,text_pca256_lexical_w005
4563,62,minibatch_k64,text_pca256_lexical_w005
4564,29,minibatch_k64,text_pca256_lexical_w005
4565,29,minibatch_k64,text_pca256_lexical_w005
4566,10,minibatch_k64,text_pca256_lexical_w005
4567,0,minibatch_k64,text_pca256_lexical_w005
4568,21,minibatch_k64,text_pca256_lexical_w005
4569,15,minibatch_k64,text_pca256_lexical_w005
4570,29,minibatch_k64,text_pca256_lexical_w005
4571,39,minibatch_k64,text_pca256_lexical_w005
4572,23,minibatch_k64,text_pca256_lexical_w005
4573,0,minibatch_k64,text_pca256_lexical_w005
4574,33,minibatch_k64,text_pca256_lexical_w005
4575,62,minibatch_k64,text_pca256_lexical_w005
4576,39,minibatch_k64,text_pca256_lexical_w005
4577,62,minibatch_k64,text_pca256_lexical_w005
4578,62,minibatch_k64,text_pca256_lexical_w005
4579,10,minibatch_k64,text_pca256_lexical_w005
4580,62,minibatch_k64,text_pca256_lexical_w005
4581,0,minibatch_k64,text_pca256_lexical_w005
4582,33,minibatch_k64,text_pca256_lexical_w005
4583,45,minibatch_k64,text_pca256_lexical_w005
4584,59,minibatch_k64,text_pca256_lexical_w005
4585,0,minibatch_k64,text_pca256_lexical_w005
4586,21,minibatch_k64,text_pca256_lexical_w005
4587,0,minibatch_k64,text_pca256_lexical_w005
4588,0,minibatch_k64,text_pca256_lexical_w005
4589,23,minibatch_k64,text_pca256_lexical_w005
4590,21,minibatch_k64,text_pca256_lexical_w005
4591,0,minibatch_k64,text_pca256_lexical_w005
4592,33,minibatch_k64,text_pca256_lexical_w005
4593,2,minibatch_k64,text_pca256_lexical_w005
4594,0,minibatch_k64,text_pca256_lexical_w005
4595,8,minibatch_k64,text_pca256_lexical_w005
4596,33,minibatch_k64,text_pca256_lexical_w005
4597,8,minibatch_k64,text_pca256_lexical_w005
4598,21,minibatch_k64,text_pca256_lexical_w005
4599,58,minibatch_k64,text_pca256_lexical_w005
4600,38,minibatch_k64,text_pca256_lexical_w005
4601,25,minibatch_k64,text_pca256_lexical_w005
4602,45,minibatch_k64,text_pca256_lexical_w005
4603,10,minibatch_k64,text_pca256_lexical_w005
4604,23,minibatch_k64,text_pca256_lexical_w005
4605,21,minibatch_k64,text_pca256_lexical_w005
4606,21,minibatch_k64,text_pca256_lexical_w005
4607,21,minibatch_k64,text_pca256_lexical_w005
4608,21,minibatch_k64,text_pca256_lexical_w005
4609,21,minibatch_k64,text_pca256_lexical_w005
4610,21,minibatch_k64,text_pca256_lexical_w005
4611,21,minibatch_k64,text_pca256_lexical_w005
4612,0,minibatch_k64,text_pca256_lexical_w005
4613,21,minibatch_k64,text_pca256_lexical_w005
4614,21,minibatch_k64,text_pca256_lexical_w005
4615,21,minibatch_k64,text_pca256_lexical_w005
4616,21,minibatch_k64,text_pca256_lexical_w005
4617,0,minibatch_k64,text_pca256_lexical_w005
4618,21,minibatch_k64,text_pca256_lexical_w005
4619,0,minibatch_k64,text_pca256_lexical_w005
4620,8,minibatch_k64,text_pca256_lexical_w005
4621,0,minibatch_k64,text_pca256_lexical_w005
4622,56,minibatch_k64,text_pca256_lexical_w005
4623,56,minibatch_k64,text_pca256_lexical_w005
4624,0,minibatch_k64,text_pca256_lexical_w005
4625,62,minibatch_k64,text_pca256_lexical_w005
4626,0,minibatch_k64,text_pca256_lexical_w005
4627,0,minibatch_k64,text_pca256_lexical_w005
4628,33,minibatch_k64,text_pca256_lexical_w005
4629,0,minibatch_k64,text_pca256_lexical_w005
4630,62,minibatch_k64,text_pca256_lexical_w005
4631,21,minibatch_k64,text_pca256_lexical_w005
4632,0,minibatch_k64,text_pca256_lexical_w005
4633,8,minibatch_k64,text_pca256_lexical_w005
4634,8,minibatch_k64,text_pca256_lexical_w005
4635,0,minibatch_k64,text_pca256_lexical_w005
4636,0,minibatch_k64,text_pca256_lexical_w005
4637,0,minibatch_k64,text_pca256_lexical_w005
4638,8,minibatch_k64,text_pca256_lexical_w005
4639,0,minibatch_k64,text_pca256_lexical_w005
4640,45,minibatch_k64,text_pca256_lexical_w005
4641,0,minibatch_k64,text_pca256_lexical_w005
4642,2,minibatch_k64,text_pca256_lexical_w005
4643,15,minibatch_k64,text_pca256_lexical_w005
4644,21,minibatch_k64,text_pca256_lexical_w005
4645,21,minibatch_k64,text_pca256_lexical_w005
4646,39,minibatch_k64,text_pca256_lexical_w005
4647,15,minibatch_k64,text_pca256_lexical_w005
4648,4,minibatch_k64,text_pca256_lexical_w005
4649,2,minibatch_k64,text_pca256_lexical_w005
4650,0,minibatch_k64,text_pca256_lexical_w005
4651,29,minibatch_k64,text_pca256_lexical_w005
4652,62,minibatch_k64,text_pca256_lexical_w005
4653,42,minibatch_k64,text_pca256_lexical_w005
4654,21,minibatch_k64,text_pca256_lexical_w005
4655,29,minibatch_k64,text_pca256_lexical_w005
4656,21,minibatch_k64,text_pca256_lexical_w005
4657,0,minibatch_k64,text_pca256_lexical_w005
4658,42,minibatch_k64,text_pca256_lexical_w005
4659,21,minibatch_k64,text_pca256_lexical_w005
4660,0,minibatch_k64,text_pca256_lexical_w005
4661,0,minibatch_k64,text_pca256_lexical_w005
4662,21,minibatch_k64,text_pca256_lexical_w005
4663,21,minibatch_k64,text_pca256_lexical_w005
4664,21,minibatch_k64,text_pca256_lexical_w005
4665,21,minibatch_k64,text_pca256_lexical_w005
4666,29,minibatch_k64,text_pca256_lexical_w005
4667,0,minibatch_k64,text_pca256_lexical_w005
4668,42,minibatch_k64,text_pca256_lexical_w005
4669,0,minibatch_k64,text_pca256_lexical_w005
4670,10,minibatch_k64,text_pca256_lexical_w005
4671,62,minibatch_k64,text_pca256_lexical_w005
4672,0,minibatch_k64,text_pca256_lexical_w005
4673,8,minibatch_k64,text_pca256_lexical_w005
4674,62,minibatch_k64,text_pca256_lexical_w005
4675,8,minibatch_k64,text_pca256_lexical_w005
4676,62,minibatch_k64,text_pca256_lexical_w005
4677,39,minibatch_k64,text_pca256_lexical_w005
4678,29,minibatch_k64,text_pca256_lexical_w005
4679,23,minibatch_k64,text_pca256_lexical_w005
4680,0,minibatch_k64,text_pca256_lexical_w005
4681,0,minibatch_k64,text_pca256_lexical_w005
4682,38,minibatch_k64,text_pca256_lexical_w005
4683,55,minibatch_k64,text_pca256_lexical_w005
4684,23,minibatch_k64,text_pca256_lexical_w005
4685,47,minibatch_k64,text_pca256_lexical_w005
4686,23,minibatch_k64,text_pca256_lexical_w005
4687,21,minibatch_k64,text_pca256_lexical_w005
4688,21,minibatch_k64,text_pca256_lexical_w005
4689,21,minibatch_k64,text_pca256_lexical_w005
4690,29,minibatch_k64,text_pca256_lexical_w005
4691,29,minibatch_k64,text_pca256_lexical_w005
4692,29,minibatch_k64,text_pca256_lexical_w005
4693,23,minibatch_k64,text_pca256_lexical_w005
4694,10,minibatch_k64,text_pca256_lexical_w005
4695,0,minibatch_k64,text_pca256_lexical_w005
4696,8,minibatch_k64,text_pca256_lexical_w005
4697,62,minibatch_k64,text_pca256_lexical_w005
4698,42,minibatch_k64,text_pca256_lexical_w005
4699,21,minibatch_k64,text_pca256_lexical_w005
4700,21,minibatch_k64,text_pca256_lexical_w005
4701,0,minibatch_k64,text_pca256_lexical_w005
4702,0,minibatch_k64,text_pca256_lexical_w005
4703,0,minibatch_k64,text_pca256_lexical_w005
4704,10,minibatch_k64,text_pca256_lexical_w005
4705,0,minibatch_k64,text_pca256_lexical_w005
4706,62,minibatch_k64,text_pca256_lexical_w005
4707,62,minibatch_k64,text_pca256_lexical_w005
4708,10,minibatch_k64,text_pca256_lexical_w005
4709,42,minibatch_k64,text_pca256_lexical_w005
4710,0,minibatch_k64,text_pca256_lexical_w005
4711,59,minibatch_k64,text_pca256_lexical_w005
4712,0,minibatch_k64,text_pca256_lexical_w005
4713,21,minibatch_k64,text_pca256_lexical_w005
4714,0,minibatch_k64,text_pca256_lexical_w005
4715,21,minibatch_k64,text_pca256_lexical_w005
4716,0,minibatch_k64,text_pca256_lexical_w005
4717,8,minibatch_k64,text_pca256_lexical_w005
4718,21,minibatch_k64,text_pca256_lexical_w005
4719,45,minibatch_k64,text_pca256_lexical_w005
4720,10,minibatch_k64,text_pca256_lexical_w005
4721,23,minibatch_k64,text_pca256_lexical_w005
4722,8,minibatch_k64,text_pca256_lexical_w005
4723,10,minibatch_k64,text_pca256_lexical_w005
4724,0,minibatch_k64,text_pca256_lexical_w005
4725,45,minibatch_k64,text_pca256_lexical_w005
4726,5,minibatch_k64,text_pca256_lexical_w005
4727,42,minibatch_k64,text_pca256_lexical_w005
4728,38,minibatch_k64,text_pca256_lexical_w005
4729,45,minibatch_k64,text_pca256_lexical_w005
4730,58,minibatch_k64,text_pca256_lexical_w005
4731,55,minibatch_k64,text_pca256_lexical_w005
4732,63,minibatch_k64,text_pca256_lexical_w005
4733,21,minibatch_k64,text_pca256_lexical_w005
4734,0,minibatch_k64,text_pca256_lexical_w005
4735,29,minibatch_k64,text_pca256_lexical_w005
4736,42,minibatch_k64,text_pca256_lexical_w005
4737,62,minibatch_k64,text_pca256_lexical_w005
4738,62,minibatch_k64,text_pca256_lexical_w005
4739,10,minibatch_k64,text_pca256_lexical_w005
4740,18,minibatch_k64,text_pca256_lexical_w005
4741,0,minibatch_k64,text_pca256_lexical_w005
4742,10,minibatch_k64,text_pca256_lexical_w005
4743,0,minibatch_k64,text_pca256_lexical_w005
4744,0,minibatch_k64,text_pca256_lexical_w005
4745,8,minibatch_k64,text_pca256_lexical_w005
4746,8,minibatch_k64,text_pca256_lexical_w005
4747,23,minibatch_k64,text_pca256_lexical_w005
4748,10,minibatch_k64,text_pca256_lexical_w005
4749,38,minibatch_k64,text_pca256_lexical_w005
4750,0,minibatch_k64,text_pca256_lexical_w005
4751,23,minibatch_k64,text_pca256_lexical_w005
4752,59,minibatch_k64,text_pca256_lexical_w005
4753,21,minibatch_k64,text_pca256_lexical_w005
4754,10,minibatch_k64,text_pca256_lexical_w005
4755,47,minibatch_k64,text_pca256_lexical_w005
4756,0,minibatch_k64,text_pca256_lexical_w005
4757,0,minibatch_k64,text_pca256_lexical_w005
4758,0,minibatch_k64,text_pca256_lexical_w005
4759,0,minibatch_k64,text_pca256_lexical_w005
4760,0,minibatch_k64,text_pca256_lexical_w005
4761,0,minibatch_k64,text_pca256_lexical_w005
4762,0,minibatch_k64,text_pca256_lexical_w005
4763,0,minibatch_k64,text_pca256_lexical_w005
4764,0,minibatch_k64,text_pca256_lexical_w005
4765,0,minibatch_k64,text_pca256_lexical_w005
4766,53,minibatch_k64,text_pca256_lexical_w005
4767,15,minibatch_k64,text_pca256_lexical_w005
4768,8,minibatch_k64,text_pca256_lexical_w005
4769,15,minibatch_k64,text_pca256_lexical_w005
4770,62,minibatch_k64,text_pca256_lexical_w005
4771,62,minibatch_k64,text_pca256_lexical_w005
4772,50,minibatch_k64,text_pca256_lexical_w005
4773,8,minibatch_k64,text_pca256_lexical_w005
4774,0,minibatch_k64,text_pca256_lexical_w005
4775,21,minibatch_k64,text_pca256_lexical_w005
4776,0,minibatch_k64,text_pca256_lexical_w005
4777,10,minibatch_k64,text_pca256_lexical_w005
4778,10,minibatch_k64,text_pca256_lexical_w005
4779,45,minibatch_k64,text_pca256_lexical_w005
4780,58,minibatch_k64,text_pca256_lexical_w005
4781,38,minibatch_k64,text_pca256_lexical_w005
4782,55,minibatch_k64,text_pca256_lexical_w005
4783,22,minibatch_k64,text_pca256_lexical_w005
4784,4,minibatch_k64,text_pca256_lexical_w005
4785,8,minibatch_k64,text_pca256_lexical_w005
4786,8,minibatch_k64,text_pca256_lexical_w005
4787,8,minibatch_k64,text_pca256_lexical_w005
4788,15,minibatch_k64,text_pca256_lexical_w005
4789,29,minibatch_k64,text_pca256_lexical_w005
4790,62,minibatch_k64,text_pca256_lexical_w005
4791,62,minibatch_k64,text_pca256_lexical_w005
4792,0,minibatch_k64,text_pca256_lexical_w005
4793,0,minibatch_k64,text_pca256_lexical_w005
4794,33,minibatch_k64,text_pca256_lexical_w005
4795,15,minibatch_k64,text_pca256_lexical_w005
4796,0,minibatch_k64,text_pca256_lexical_w005
4797,10,minibatch_k64,text_pca256_lexical_w005
4798,0,minibatch_k64,text_pca256_lexical_w005
4799,62,minibatch_k64,text_pca256_lexical_w005
4800,8,minibatch_k64,text_pca256_lexical_w005
4801,62,minibatch_k64,text_pca256_lexical_w005
4802,8,minibatch_k64,text_pca256_lexical_w005
4803,23,minibatch_k64,text_pca256_lexical_w005
4804,10,minibatch_k64,text_pca256_lexical_w005
4805,15,minibatch_k64,text_pca256_lexical_w005
4806,0,minibatch_k64,text_pca256_lexical_w005
4807,0,minibatch_k64,text_pca256_lexical_w005
4808,29,minibatch_k64,text_pca256_lexical_w005
4809,62,minibatch_k64,text_pca256_lexical_w005
4810,62,minibatch_k64,text_pca256_lexical_w005
4811,10,minibatch_k64,text_pca256_lexical_w005
4812,62,minibatch_k64,text_pca256_lexical_w005
4813,0,minibatch_k64,text_pca256_lexical_w005
4814,8,minibatch_k64,text_pca256_lexical_w005
4815,0,minibatch_k64,text_pca256_lexical_w005
4816,42,minibatch_k64,text_pca256_lexical_w005
4817,25,minibatch_k64,text_pca256_lexical_w005
4818,45,minibatch_k64,text_pca256_lexical_w005
4819,58,minibatch_k64,text_pca256_lexical_w005
4820,63,minibatch_k64,text_pca256_lexical_w005
4821,62,minibatch_k64,text_pca256_lexical_w005
4822,8,minibatch_k64,text_pca256_lexical_w005
4823,0,minibatch_k64,text_pca256_lexical_w005
4824,0,minibatch_k64,text_pca256_lexical_w005
4825,10,minibatch_k64,text_pca256_lexical_w005
4826,42,minibatch_k64,text_pca256_lexical_w005
4827,42,minibatch_k64,text_pca256_lexical_w005
4828,0,minibatch_k64,text_pca256_lexical_w005
4829,62,minibatch_k64,text_pca256_lexical_w005
4830,21,minibatch_k64,text_pca256_lexical_w005
4831,0,minibatch_k64,text_pca256_lexical_w005
4832,10,minibatch_k64,text_pca256_lexical_w005
4833,10,minibatch_k64,text_pca256_lexical_w005
4834,5,minibatch_k64,text_pca256_lexical_w005
4835,38,minibatch_k64,text_pca256_lexical_w005
4836,58,minibatch_k64,text_pca256_lexical_w005
4837,55,minibatch_k64,text_pca256_lexical_w005
4838,63,minibatch_k64,text_pca256_lexical_w005
4839,0,minibatch_k64,text_pca256_lexical_w005
4840,62,minibatch_k64,text_pca256_lexical_w005
4841,8,minibatch_k64,text_pca256_lexical_w005
4842,0,minibatch_k64,text_pca256_lexical_w005
4843,21,minibatch_k64,text_pca256_lexical_w005
4844,42,minibatch_k64,text_pca256_lexical_w005
4845,0,minibatch_k64,text_pca256_lexical_w005
4846,8,minibatch_k64,text_pca256_lexical_w005
4847,15,minibatch_k64,text_pca256_lexical_w005
4848,8,minibatch_k64,text_pca256_lexical_w005
4849,42,minibatch_k64,text_pca256_lexical_w005
4850,62,minibatch_k64,text_pca256_lexical_w005
4851,10,minibatch_k64,text_pca256_lexical_w005
4852,8,minibatch_k64,text_pca256_lexical_w005
4853,42,minibatch_k64,text_pca256_lexical_w005
4854,62,minibatch_k64,text_pca256_lexical_w005
4855,47,minibatch_k64,text_pca256_lexical_w005
4856,15,minibatch_k64,text_pca256_lexical_w005
4857,39,minibatch_k64,text_pca256_lexical_w005
4858,47,minibatch_k64,text_pca256_lexical_w005
4859,62,minibatch_k64,text_pca256_lexical_w005
4860,2,minibatch_k64,text_pca256_lexical_w005
4861,8,minibatch_k64,text_pca256_lexical_w005
4862,33,minibatch_k64,text_pca256_lexical_w005
4863,15,minibatch_k64,text_pca256_lexical_w005
4864,47,minibatch_k64,text_pca256_lexical_w005
4865,0,minibatch_k64,text_pca256_lexical_w005
4866,38,minibatch_k64,text_pca256_lexical_w005
4867,58,minibatch_k64,text_pca256_lexical_w005
4868,25,minibatch_k64,text_pca256_lexical_w005
4869,55,minibatch_k64,text_pca256_lexical_w005
4870,13,minibatch_k64,text_pca256_lexical_w005
4871,10,minibatch_k64,text_pca256_lexical_w005
4872,0,minibatch_k64,text_pca256_lexical_w005
4873,29,minibatch_k64,text_pca256_lexical_w005
4874,2,minibatch_k64,text_pca256_lexical_w005
4875,8,minibatch_k64,text_pca256_lexical_w005
4876,62,minibatch_k64,text_pca256_lexical_w005
4877,62,minibatch_k64,text_pca256_lexical_w005
4878,10,minibatch_k64,text_pca256_lexical_w005
4879,15,minibatch_k64,text_pca256_lexical_w005
4880,0,minibatch_k64,text_pca256_lexical_w005
4881,15,minibatch_k64,text_pca256_lexical_w005
4882,62,minibatch_k64,text_pca256_lexical_w005
4883,47,minibatch_k64,text_pca256_lexical_w005
4884,5,minibatch_k64,text_pca256_lexical_w005
4885,15,minibatch_k64,text_pca256_lexical_w005
4886,62,minibatch_k64,text_pca256_lexical_w005
4887,62,minibatch_k64,text_pca256_lexical_w005
4888,62,minibatch_k64,text_pca256_lexical_w005
4889,2,minibatch_k64,text_pca256_lexical_w005
4890,8,minibatch_k64,text_pca256_lexical_w005
4891,45,minibatch_k64,text_pca256_lexical_w005
4892,2,minibatch_k64,text_pca256_lexical_w005
4893,2,minibatch_k64,text_pca256_lexical_w005
4894,0,minibatch_k64,text_pca256_lexical_w005
4895,15,minibatch_k64,text_pca256_lexical_w005
4896,62,minibatch_k64,text_pca256_lexical_w005
4897,8,minibatch_k64,text_pca256_lexical_w005
4898,2,minibatch_k64,text_pca256_lexical_w005
4899,18,minibatch_k64,text_pca256_lexical_w005
4900,15,minibatch_k64,text_pca256_lexical_w005
4901,0,minibatch_k64,text_pca256_lexical_w005
4902,10,minibatch_k64,text_pca256_lexical_w005
4903,38,minibatch_k64,text_pca256_lexical_w005
4904,55,minibatch_k64,text_pca256_lexical_w005
4905,13,minibatch_k64,text_pca256_lexical_w005
4906,18,minibatch_k64,text_pca256_lexical_w005
4907,45,minibatch_k64,text_pca256_lexical_w005
4908,15,minibatch_k64,text_pca256_lexical_w005
4909,0,minibatch_k64,text_pca256_lexical_w005
4910,33,minibatch_k64,text_pca256_lexical_w005
4911,5,minibatch_k64,text_pca256_lexical_w005
4912,0,minibatch_k64,text_pca256_lexical_w005
4913,33,minibatch_k64,text_pca256_lexical_w005
4914,21,minibatch_k64,text_pca256_lexical_w005
4915,8,minibatch_k64,text_pca256_lexical_w005
4916,53,minibatch_k64,text_pca256_lexical_w005
4917,42,minibatch_k64,text_pca256_lexical_w005
4918,42,minibatch_k64,text_pca256_lexical_w005
4919,0,minibatch_k64,text_pca256_lexical_w005
4920,3,minibatch_k64,text_pca256_lexical_w005
4921,42,minibatch_k64,text_pca256_lexical_w005
4922,38,minibatch_k64,text_pca256_lexical_w005
4923,0,minibatch_k64,text_pca256_lexical_w005
4924,58,minibatch_k64,text_pca256_lexical_w005
4925,55,minibatch_k64,text_pca256_lexical_w005
4926,22,minibatch_k64,text_pca256_lexical_w005
4927,0,minibatch_k64,text_pca256_lexical_w005
4928,21,minibatch_k64,text_pca256_lexical_w005
4929,0,minibatch_k64,text_pca256_lexical_w005
4930,21,minibatch_k64,text_pca256_lexical_w005
4931,42,minibatch_k64,text_pca256_lexical_w005
4932,8,minibatch_k64,text_pca256_lexical_w005
4933,62,minibatch_k64,text_pca256_lexical_w005
4934,10,minibatch_k64,text_pca256_lexical_w005
4935,8,minibatch_k64,text_pca256_lexical_w005
4936,8,minibatch_k64,text_pca256_lexical_w005
4937,59,minibatch_k64,text_pca256_lexical_w005
4938,33,minibatch_k64,text_pca256_lexical_w005
4939,0,minibatch_k64,text_pca256_lexical_w005
4940,33,minibatch_k64,text_pca256_lexical_w005
4941,33,minibatch_k64,text_pca256_lexical_w005
4942,38,minibatch_k64,text_pca256_lexical_w005
4943,63,minibatch_k64,text_pca256_lexical_w005
4944,33,minibatch_k64,text_pca256_lexical_w005
4945,45,minibatch_k64,text_pca256_lexical_w005
4946,45,minibatch_k64,text_pca256_lexical_w005
4947,8,minibatch_k64,text_pca256_lexical_w005
4948,59,minibatch_k64,text_pca256_lexical_w005
4949,0,minibatch_k64,text_pca256_lexical_w005
4950,23,minibatch_k64,text_pca256_lexical_w005
4951,42,minibatch_k64,text_pca256_lexical_w005
4952,62,minibatch_k64,text_pca256_lexical_w005
4953,0,minibatch_k64,text_pca256_lexical_w005
4954,10,minibatch_k64,text_pca256_lexical_w005
4955,8,minibatch_k64,text_pca256_lexical_w005
4956,0,minibatch_k64,text_pca256_lexical_w005
4957,0,minibatch_k64,text_pca256_lexical_w005
4958,62,minibatch_k64,text_pca256_lexical_w005
4959,0,minibatch_k64,text_pca256_lexical_w005
4960,42,minibatch_k64,text_pca256_lexical_w005
4961,38,minibatch_k64,text_pca256_lexical_w005
4962,36,minibatch_k64,text_pca256_lexical_w005
4963,55,minibatch_k64,text_pca256_lexical_w005
4964,63,minibatch_k64,text_pca256_lexical_w005
4965,0,minibatch_k64,text_pca256_lexical_w005
4966,8,minibatch_k64,text_pca256_lexical_w005
4967,42,minibatch_k64,text_pca256_lexical_w005
4968,10,minibatch_k64,text_pca256_lexical_w005
4969,10,minibatch_k64,text_pca256_lexical_w005
4970,15,minibatch_k64,text_pca256_lexical_w005
4971,42,minibatch_k64,text_pca256_lexical_w005
4972,42,minibatch_k64,text_pca256_lexical_w005
4973,15,minibatch_k64,text_pca256_lexical_w005
4974,38,minibatch_k64,text_pca256_lexical_w005
4975,10,minibatch_k64,text_pca256_lexical_w005
4976,63,minibatch_k64,text_pca256_lexical_w005
4977,47,minibatch_k64,text_pca256_lexical_w005
4978,15,minibatch_k64,text_pca256_lexical_w005
4979,10,minibatch_k64,text_pca256_lexical_w005
4980,47,minibatch_k64,text_pca256_lexical_w005
4981,10,minibatch_k64,text_pca256_lexical_w005
4982,21,minibatch_k64,text_pca256_lexical_w005
4983,0,minibatch_k64,text_pca256_lexical_w005
4984,10,minibatch_k64,text_pca256_lexical_w005
4985,42,minibatch_k64,text_pca256_lexical_w005
4986,0,minibatch_k64,text_pca256_lexical_w005
4987,47,minibatch_k64,text_pca256_lexical_w005
4988,47,minibatch_k64,text_pca256_lexical_w005
4989,47,minibatch_k64,text_pca256_lexical_w005
4990,38,minibatch_k64,text_pca256_lexical_w005
4991,36,minibatch_k64,text_pca256_lexical_w005
4992,55,minibatch_k64,text_pca256_lexical_w005
4993,8,minibatch_k64,text_pca256_lexical_w005
4994,59,minibatch_k64,text_pca256_lexical_w005
4995,0,minibatch_k64,text_pca256_lexical_w005
4996,10,minibatch_k64,text_pca256_lexical_w005
4997,59,minibatch_k64,text_pca256_lexical_w005
4998,0,minibatch_k64,text_pca256_lexical_w005
4999,18,minibatch_k64,text_pca256_lexical_w005
5000,62,minibatch_k64,text_pca256_lexical_w005
5001,33,minibatch_k64,text_pca256_lexical_w005
5002,8,minibatch_k64,text_pca256_lexical_w005
5003,18,minibatch_k64,text_pca256_lexical_w005
5004,18,minibatch_k64,text_pca256_lexical_w005
5005,62,minibatch_k64,text_pca256_lexical_w005
5006,10,minibatch_k64,text_pca256_lexical_w005
5007,45,minibatch_k64,text_pca256_lexical_w005
5008,42,minibatch_k64,text_pca256_lexical_w005
5009,38,minibatch_k64,text_pca256_lexical_w005
5010,36,minibatch_k64,text_pca256_lexical_w005
5011,55,minibatch_k64,text_pca256_lexical_w005
5012,59,minibatch_k64,text_pca256_lexical_w005
5013,63,minibatch_k64,text_pca256_lexical_w005
5014,27,minibatch_k64,text_pca256_lexical_w005
5015,62,minibatch_k64,text_pca256_lexical_w005
5016,45,minibatch_k64,text_pca256_lexical_w005
5017,45,minibatch_k64,text_pca256_lexical_w005
5018,27,minibatch_k64,text_pca256_lexical_w005
5019,27,minibatch_k64,text_pca256_lexical_w005
5020,18,minibatch_k64,text_pca256_lexical_w005
5021,53,minibatch_k64,text_pca256_lexical_w005
5022,0,minibatch_k64,text_pca256_lexical_w005
5023,2,minibatch_k64,text_pca256_lexical_w005
5024,15,minibatch_k64,text_pca256_lexical_w005
5025,27,minibatch_k64,text_pca256_lexical_w005
5026,27,minibatch_k64,text_pca256_lexical_w005
5027,8,minibatch_k64,text_pca256_lexical_w005
5028,62,minibatch_k64,text_pca256_lexical_w005
5029,33,minibatch_k64,text_pca256_lexical_w005
5030,56,minibatch_k64,text_pca256_lexical_w005
5031,62,minibatch_k64,text_pca256_lexical_w005
5032,45,minibatch_k64,text_pca256_lexical_w005
5033,62,minibatch_k64,text_pca256_lexical_w005
5034,33,minibatch_k64,text_pca256_lexical_w005
5035,0,minibatch_k64,text_pca256_lexical_w005
5036,59,minibatch_k64,text_pca256_lexical_w005
5037,62,minibatch_k64,text_pca256_lexical_w005
5038,45,minibatch_k64,text_pca256_lexical_w005
5039,38,minibatch_k64,text_pca256_lexical_w005
5040,59,minibatch_k64,text_pca256_lexical_w005
5041,55,minibatch_k64,text_pca256_lexical_w005
5042,63,minibatch_k64,text_pca256_lexical_w005
5043,45,minibatch_k64,text_pca256_lexical_w005
5044,10,minibatch_k64,text_pca256_lexical_w005
5045,39,minibatch_k64,text_pca256_lexical_w005
5046,50,minibatch_k64,text_pca256_lexical_w005
5047,21,minibatch_k64,text_pca256_lexical_w005
5048,59,minibatch_k64,text_pca256_lexical_w005
5049,53,minibatch_k64,text_pca256_lexical_w005
5050,0,minibatch_k64,text_pca256_lexical_w005
5051,59,minibatch_k64,text_pca256_lexical_w005
5052,59,minibatch_k64,text_pca256_lexical_w005
5053,62,minibatch_k64,text_pca256_lexical_w005
5054,18,minibatch_k64,text_pca256_lexical_w005
5055,10,minibatch_k64,text_pca256_lexical_w005
5056,62,minibatch_k64,text_pca256_lexical_w005
5057,0,minibatch_k64,text_pca256_lexical_w005
5058,62,minibatch_k64,text_pca256_lexical_w005
5059,0,minibatch_k64,text_pca256_lexical_w005
5060,0,minibatch_k64,text_pca256_lexical_w005
5061,59,minibatch_k64,text_pca256_lexical_w005
5062,59,minibatch_k64,text_pca256_lexical_w005
5063,62,minibatch_k64,text_pca256_lexical_w005
5064,0,minibatch_k64,text_pca256_lexical_w005
5065,45,minibatch_k64,text_pca256_lexical_w005
5066,59,minibatch_k64,text_pca256_lexical_w005
5067,10,minibatch_k64,text_pca256_lexical_w005
5068,23,minibatch_k64,text_pca256_lexical_w005
5069,0,minibatch_k64,text_pca256_lexical_w005
5070,45,minibatch_k64,text_pca256_lexical_w005
5071,33,minibatch_k64,text_pca256_lexical_w005
5072,59,minibatch_k64,text_pca256_lexical_w005
5073,18,minibatch_k64,text_pca256_lexical_w005
5074,18,minibatch_k64,text_pca256_lexical_w005
5075,45,minibatch_k64,text_pca256_lexical_w005
5076,45,minibatch_k64,text_pca256_lexical_w005
5077,45,minibatch_k64,text_pca256_lexical_w005
5078,45,minibatch_k64,text_pca256_lexical_w005
5079,53,minibatch_k64,text_pca256_lexical_w005
5080,45,minibatch_k64,text_pca256_lexical_w005
5081,53,minibatch_k64,text_pca256_lexical_w005
5082,10,minibatch_k64,text_pca256_lexical_w005
5083,0,minibatch_k64,text_pca256_lexical_w005
5084,59,minibatch_k64,text_pca256_lexical_w005
5085,61,minibatch_k64,text_pca256_lexical_w005
5086,23,minibatch_k64,text_pca256_lexical_w005
5087,27,minibatch_k64,text_pca256_lexical_w005
5088,0,minibatch_k64,text_pca256_lexical_w005
5089,33,minibatch_k64,text_pca256_lexical_w005
5090,21,minibatch_k64,text_pca256_lexical_w005
5091,62,minibatch_k64,text_pca256_lexical_w005
5092,62,minibatch_k64,text_pca256_lexical_w005
5093,45,minibatch_k64,text_pca256_lexical_w005
5094,59,minibatch_k64,text_pca256_lexical_w005
5095,59,minibatch_k64,text_pca256_lexical_w005
5096,45,minibatch_k64,text_pca256_lexical_w005
5097,2,minibatch_k64,text_pca256_lexical_w005
5098,10,minibatch_k64,text_pca256_lexical_w005
5099,45,minibatch_k64,text_pca256_lexical_w005
5100,18,minibatch_k64,text_pca256_lexical_w005
5101,2,minibatch_k64,text_pca256_lexical_w005
5102,0,minibatch_k64,text_pca256_lexical_w005
5103,27,minibatch_k64,text_pca256_lexical_w005
5104,62,minibatch_k64,text_pca256_lexical_w005
5105,18,minibatch_k64,text_pca256_lexical_w005
5106,45,minibatch_k64,text_pca256_lexical_w005
5107,48,minibatch_k64,text_pca256_lexical_w005
5108,39,minibatch_k64,text_pca256_lexical_w005
5109,48,minibatch_k64,text_pca256_lexical_w005
5110,59,minibatch_k64,text_pca256_lexical_w005
5111,59,minibatch_k64,text_pca256_lexical_w005
5112,45,minibatch_k64,text_pca256_lexical_w005
5113,33,minibatch_k64,text_pca256_lexical_w005
5114,0,minibatch_k64,text_pca256_lexical_w005
5115,45,minibatch_k64,text_pca256_lexical_w005
5116,45,minibatch_k64,text_pca256_lexical_w005
5117,21,minibatch_k64,text_pca256_lexical_w005
5118,45,minibatch_k64,text_pca256_lexical_w005
5119,45,minibatch_k64,text_pca256_lexical_w005
5120,45,minibatch_k64,text_pca256_lexical_w005
5121,45,minibatch_k64,text_pca256_lexical_w005
5122,34,minibatch_k64,text_pca256_lexical_w005
5123,59,minibatch_k64,text_pca256_lexical_w005
5124,45,minibatch_k64,text_pca256_lexical_w005
5125,45,minibatch_k64,text_pca256_lexical_w005
5126,34,minibatch_k64,text_pca256_lexical_w005
5127,56,minibatch_k64,text_pca256_lexical_w005
5128,59,minibatch_k64,text_pca256_lexical_w005
5129,42,minibatch_k64,text_pca256_lexical_w005
5130,59,minibatch_k64,text_pca256_lexical_w005
5131,59,minibatch_k64,text_pca256_lexical_w005
5132,59,minibatch_k64,text_pca256_lexical_w005
5133,39,minibatch_k64,text_pca256_lexical_w005
5134,59,minibatch_k64,text_pca256_lexical_w005
5135,8,minibatch_k64,text_pca256_lexical_w005
5136,27,minibatch_k64,text_pca256_lexical_w005
5137,61,minibatch_k64,text_pca256_lexical_w005
5138,61,minibatch_k64,text_pca256_lexical_w005
5139,45,minibatch_k64,text_pca256_lexical_w005
5140,59,minibatch_k64,text_pca256_lexical_w005
5141,10,minibatch_k64,text_pca256_lexical_w005
5142,59,minibatch_k64,text_pca256_lexical_w005
5143,59,minibatch_k64,text_pca256_lexical_w005
5144,0,minibatch_k64,text_pca256_lexical_w005
5145,34,minibatch_k64,text_pca256_lexical_w005
5146,50,minibatch_k64,text_pca256_lexical_w005
5147,0,minibatch_k64,text_pca256_lexical_w005
5148,0,minibatch_k64,text_pca256_lexical_w005
5149,33,minibatch_k64,text_pca256_lexical_w005
5150,39,minibatch_k64,text_pca256_lexical_w005
5151,39,minibatch_k64,text_pca256_lexical_w005
5152,53,minibatch_k64,text_pca256_lexical_w005
5153,0,minibatch_k64,text_pca256_lexical_w005
5154,34,minibatch_k64,text_pca256_lexical_w005
5155,34,minibatch_k64,text_pca256_lexical_w005
5156,59,minibatch_k64,text_pca256_lexical_w005
5157,53,minibatch_k64,text_pca256_lexical_w005
5158,10,minibatch_k64,text_pca256_lexical_w005
5159,21,minibatch_k64,text_pca256_lexical_w005
5160,53,minibatch_k64,text_pca256_lexical_w005
5161,53,minibatch_k64,text_pca256_lexical_w005
5162,53,minibatch_k64,text_pca256_lexical_w005
5163,10,minibatch_k64,text_pca256_lexical_w005
5164,0,minibatch_k64,text_pca256_lexical_w005
5165,62,minibatch_k64,text_pca256_lexical_w005
5166,15,minibatch_k64,text_pca256_lexical_w005
5167,59,minibatch_k64,text_pca256_lexical_w005
5168,10,minibatch_k64,text_pca256_lexical_w005
5169,41,minibatch_k64,text_pca256_lexical_w005
5170,10,minibatch_k64,text_pca256_lexical_w005
5171,8,minibatch_k64,text_pca256_lexical_w005
5172,0,minibatch_k64,text_pca256_lexical_w005
5173,6,minibatch_k64,text_pca256_lexical_w005
5174,41,minibatch_k64,text_pca256_lexical_w005
5175,41,minibatch_k64,text_pca256_lexical_w005
5176,41,minibatch_k64,text_pca256_lexical_w005
5177,41,minibatch_k64,text_pca256_lexical_w005
5178,33,minibatch_k64,text_pca256_lexical_w005
5179,39,minibatch_k64,text_pca256_lexical_w005
5180,8,minibatch_k64,text_pca256_lexical_w005
5181,21,minibatch_k64,text_pca256_lexical_w005
5182,62,minibatch_k64,text_pca256_lexical_w005
5183,15,minibatch_k64,text_pca256_lexical_w005
5184,62,minibatch_k64,text_pca256_lexical_w005
5185,2,minibatch_k64,text_pca256_lexical_w005
5186,10,minibatch_k64,text_pca256_lexical_w005
5187,15,minibatch_k64,text_pca256_lexical_w005
5188,8,minibatch_k64,text_pca256_lexical_w005
5189,15,minibatch_k64,text_pca256_lexical_w005
5190,2,minibatch_k64,text_pca256_lexical_w005
5191,40,minibatch_k64,text_pca256_lexical_w005
5192,12,minibatch_k64,text_pca256_lexical_w005
5193,40,minibatch_k64,text_pca256_lexical_w005
5194,40,minibatch_k64,text_pca256_lexical_w005
5195,8,minibatch_k64,text_pca256_lexical_w005
5196,62,minibatch_k64,text_pca256_lexical_w005
5197,39,minibatch_k64,text_pca256_lexical_w005
5198,0,minibatch_k64,text_pca256_lexical_w005
5199,62,minibatch_k64,text_pca256_lexical_w005
5200,62,minibatch_k64,text_pca256_lexical_w005
5201,0,minibatch_k64,text_pca256_lexical_w005
5202,0,minibatch_k64,text_pca256_lexical_w005
5203,62,minibatch_k64,text_pca256_lexical_w005
5204,10,minibatch_k64,text_pca256_lexical_w005
5205,62,minibatch_k64,text_pca256_lexical_w005
5206,62,minibatch_k64,text_pca256_lexical_w005
5207,0,minibatch_k64,text_pca256_lexical_w005
5208,0,minibatch_k64,text_pca256_lexical_w005
5209,5,minibatch_k64,text_pca256_lexical_w005
5210,5,minibatch_k64,text_pca256_lexical_w005
5211,62,minibatch_k64,text_pca256_lexical_w005
5212,62,minibatch_k64,text_pca256_lexical_w005
5213,5,minibatch_k64,text_pca256_lexical_w005
5214,45,minibatch_k64,text_pca256_lexical_w005
5215,23,minibatch_k64,text_pca256_lexical_w005
5216,5,minibatch_k64,text_pca256_lexical_w005
5217,62,minibatch_k64,text_pca256_lexical_w005
5218,0,minibatch_k64,text_pca256_lexical_w005
5219,21,minibatch_k64,text_pca256_lexical_w005
5220,62,minibatch_k64,text_pca256_lexical_w005
5221,21,minibatch_k64,text_pca256_lexical_w005
5222,0,minibatch_k64,text_pca256_lexical_w005
5223,21,minibatch_k64,text_pca256_lexical_w005
5224,21,minibatch_k64,text_pca256_lexical_w005
5225,62,minibatch_k64,text_pca256_lexical_w005
5226,21,minibatch_k64,text_pca256_lexical_w005
5227,62,minibatch_k64,text_pca256_lexical_w005
5228,0,minibatch_k64,text_pca256_lexical_w005
5229,21,minibatch_k64,text_pca256_lexical_w005
5230,21,minibatch_k64,text_pca256_lexical_w005
5231,21,minibatch_k64,text_pca256_lexical_w005
5232,0,minibatch_k64,text_pca256_lexical_w005
5233,21,minibatch_k64,text_pca256_lexical_w005
5234,0,minibatch_k64,text_pca256_lexical_w005
5235,62,minibatch_k64,text_pca256_lexical_w005
5236,21,minibatch_k64,text_pca256_lexical_w005
5237,0,minibatch_k64,text_pca256_lexical_w005
5238,0,minibatch_k64,text_pca256_lexical_w005
5239,0,minibatch_k64,text_pca256_lexical_w005
5240,21,minibatch_k64,text_pca256_lexical_w005
5241,0,minibatch_k64,text_pca256_lexical_w005
5242,21,minibatch_k64,text_pca256_lexical_w005
5243,0,minibatch_k64,text_pca256_lexical_w005
5244,21,minibatch_k64,text_pca256_lexical_w005
5245,0,minibatch_k64,text_pca256_lexical_w005
5246,0,minibatch_k64,text_pca256_lexical_w005
5247,62,minibatch_k64,text_pca256_lexical_w005
5248,0,minibatch_k64,text_pca256_lexical_w005
5249,0,minibatch_k64,text_pca256_lexical_w005
5250,21,minibatch_k64,text_pca256_lexical_w005
5251,21,minibatch_k64,text_pca256_lexical_w005
5252,21,minibatch_k64,text_pca256_lexical_w005
5253,42,minibatch_k64,text_pca256_lexical_w005
5254,21,minibatch_k64,text_pca256_lexical_w005
5255,21,minibatch_k64,text_pca256_lexical_w005
5256,21,minibatch_k64,text_pca256_lexical_w005
5257,21,minibatch_k64,text_pca256_lexical_w005
5258,21,minibatch_k64,text_pca256_lexical_w005
5259,21,minibatch_k64,text_pca256_lexical_w005
5260,21,minibatch_k64,text_pca256_lexical_w005
5261,21,minibatch_k64,text_pca256_lexical_w005
5262,21,minibatch_k64,text_pca256_lexical_w005
5263,21,minibatch_k64,text_pca256_lexical_w005
5264,21,minibatch_k64,text_pca256_lexical_w005
5265,21,minibatch_k64,text_pca256_lexical_w005
5266,21,minibatch_k64,text_pca256_lexical_w005
5267,21,minibatch_k64,text_pca256_lexical_w005
5268,21,minibatch_k64,text_pca256_lexical_w005
5269,23,minibatch_k64,text_pca256_lexical_w005
5270,0,minibatch_k64,text_pca256_lexical_w005
5271,21,minibatch_k64,text_pca256_lexical_w005
5272,4,minibatch_k64,text_pca256_lexical_w005
5273,62,minibatch_k64,text_pca256_lexical_w005
5274,62,minibatch_k64,text_pca256_lexical_w005
5275,4,minibatch_k64,text_pca256_lexical_w005
5276,4,minibatch_k64,text_pca256_lexical_w005
5277,21,minibatch_k64,text_pca256_lexical_w005
5278,21,minibatch_k64,text_pca256_lexical_w005
5279,21,minibatch_k64,text_pca256_lexical_w005
5280,0,minibatch_k64,text_pca256_lexical_w005
5281,0,minibatch_k64,text_pca256_lexical_w005
5282,0,minibatch_k64,text_pca256_lexical_w005
5283,21,minibatch_k64,text_pca256_lexical_w005
5284,0,minibatch_k64,text_pca256_lexical_w005
5285,21,minibatch_k64,text_pca256_lexical_w005
5286,0,minibatch_k64,text_pca256_lexical_w005
5287,21,minibatch_k64,text_pca256_lexical_w005
5288,21,minibatch_k64,text_pca256_lexical_w005
5289,21,minibatch_k64,text_pca256_lexical_w005
5290,21,minibatch_k64,text_pca256_lexical_w005
5291,21,minibatch_k64,text_pca256_lexical_w005
5292,21,minibatch_k64,text_pca256_lexical_w005
5293,21,minibatch_k64,text_pca256_lexical_w005
5294,21,minibatch_k64,text_pca256_lexical_w005
5295,0,minibatch_k64,text_pca256_lexical_w005
5296,21,minibatch_k64,text_pca256_lexical_w005
5297,21,minibatch_k64,text_pca256_lexical_w005
5298,0,minibatch_k64,text_pca256_lexical_w005
5299,21,minibatch_k64,text_pca256_lexical_w005
5300,21,minibatch_k64,text_pca256_lexical_w005
5301,21,minibatch_k64,text_pca256_lexical_w005
5302,0,minibatch_k64,text_pca256_lexical_w005
5303,21,minibatch_k64,text_pca256_lexical_w005
5304,21,minibatch_k64,text_pca256_lexical_w005
5305,21,minibatch_k64,text_pca256_lexical_w005
5306,21,minibatch_k64,text_pca256_lexical_w005
5307,21,minibatch_k64,text_pca256_lexical_w005
5308,21,minibatch_k64,text_pca256_lexical_w005
5309,21,minibatch_k64,text_pca256_lexical_w005
5310,21,minibatch_k64,text_pca256_lexical_w005
5311,21,minibatch_k64,text_pca256_lexical_w005
5312,5,minibatch_k64,text_pca256_lexical_w005
5313,5,minibatch_k64,text_pca256_lexical_w005
5314,21,minibatch_k64,text_pca256_lexical_w005
5315,62,minibatch_k64,text_pca256_lexical_w005
5316,21,minibatch_k64,text_pca256_lexical_w005
5317,2,minibatch_k64,text_pca256_lexical_w005
5318,21,minibatch_k64,text_pca256_lexical_w005
5319,21,minibatch_k64,text_pca256_lexical_w005
5320,21,minibatch_k64,text_pca256_lexical_w005
5321,21,minibatch_k64,text_pca256_lexical_w005
5322,5,minibatch_k64,text_pca256_lexical_w005
5323,5,minibatch_k64,text_pca256_lexical_w005
5324,21,minibatch_k64,text_pca256_lexical_w005
5325,21,minibatch_k64,text_pca256_lexical_w005
5326,21,minibatch_k64,text_pca256_lexical_w005
5327,8,minibatch_k64,text_pca256_lexical_w005
5328,21,minibatch_k64,text_pca256_lexical_w005
5329,21,minibatch_k64,text_pca256_lexical_w005
5330,21,minibatch_k64,text_pca256_lexical_w005
5331,21,minibatch_k64,text_pca256_lexical_w005
5332,21,minibatch_k64,text_pca256_lexical_w005
5333,21,minibatch_k64,text_pca256_lexical_w005
5334,21,minibatch_k64,text_pca256_lexical_w005
5335,21,minibatch_k64,text_pca256_lexical_w005
5336,21,minibatch_k64,text_pca256_lexical_w005
5337,21,minibatch_k64,text_pca256_lexical_w005
5338,21,minibatch_k64,text_pca256_lexical_w005
5339,21,minibatch_k64,text_pca256_lexical_w005
5340,21,minibatch_k64,text_pca256_lexical_w005
5341,21,minibatch_k64,text_pca256_lexical_w005
5342,21,minibatch_k64,text_pca256_lexical_w005
5343,21,minibatch_k64,text_pca256_lexical_w005
5344,45,minibatch_k64,text_pca256_lexical_w005
5345,23,minibatch_k64,text_pca256_lexical_w005
5346,2,minibatch_k64,text_pca256_lexical_w005
5347,21,minibatch_k64,text_pca256_lexical_w005
5348,62,minibatch_k64,text_pca256_lexical_w005
5349,21,minibatch_k64,text_pca256_lexical_w005
5350,21,minibatch_k64,text_pca256_lexical_w005
5351,56,minibatch_k64,text_pca256_lexical_w005
5352,23,minibatch_k64,text_pca256_lexical_w005
5353,21,minibatch_k64,text_pca256_lexical_w005
5354,2,minibatch_k64,text_pca256_lexical_w005
5355,0,minibatch_k64,text_pca256_lexical_w005
5356,62,minibatch_k64,text_pca256_lexical_w005
5357,0,minibatch_k64,text_pca256_lexical_w005
5358,0,minibatch_k64,text_pca256_lexical_w005
5359,21,minibatch_k64,text_pca256_lexical_w005
5360,8,minibatch_k64,text_pca256_lexical_w005
5361,0,minibatch_k64,text_pca256_lexical_w005
5362,56,minibatch_k64,text_pca256_lexical_w005
5363,21,minibatch_k64,text_pca256_lexical_w005
5364,62,minibatch_k64,text_pca256_lexical_w005
5365,23,minibatch_k64,text_pca256_lexical_w005
5366,23,minibatch_k64,text_pca256_lexical_w005
5367,8,minibatch_k64,text_pca256_lexical_w005
5368,39,minibatch_k64,text_pca256_lexical_w005
5369,8,minibatch_k64,text_pca256_lexical_w005
5370,59,minibatch_k64,text_pca256_lexical_w005
5371,0,minibatch_k64,text_pca256_lexical_w005
5372,0,minibatch_k64,text_pca256_lexical_w005
5373,33,minibatch_k64,text_pca256_lexical_w005
5374,62,minibatch_k64,text_pca256_lexical_w005
5375,0,minibatch_k64,text_pca256_lexical_w005
5376,23,minibatch_k64,text_pca256_lexical_w005
5377,0,minibatch_k64,text_pca256_lexical_w005
5378,50,minibatch_k64,text_pca256_lexical_w005
5379,42,minibatch_k64,text_pca256_lexical_w005
5380,8,minibatch_k64,text_pca256_lexical_w005
5381,2,minibatch_k64,text_pca256_lexical_w005
5382,62,minibatch_k64,text_pca256_lexical_w005
5383,0,minibatch_k64,text_pca256_lexical_w005
5384,0,minibatch_k64,text_pca256_lexical_w005
5385,21,minibatch_k64,text_pca256_lexical_w005
5386,2,minibatch_k64,text_pca256_lexical_w005
5387,21,minibatch_k64,text_pca256_lexical_w005
5388,21,minibatch_k64,text_pca256_lexical_w005
5389,2,minibatch_k64,text_pca256_lexical_w005
5390,21,minibatch_k64,text_pca256_lexical_w005
5391,0,minibatch_k64,text_pca256_lexical_w005
5392,21,minibatch_k64,text_pca256_lexical_w005
5393,62,minibatch_k64,text_pca256_lexical_w005
5394,10,minibatch_k64,text_pca256_lexical_w005
5395,21,minibatch_k64,text_pca256_lexical_w005
5396,5,minibatch_k64,text_pca256_lexical_w005
5397,0,minibatch_k64,text_pca256_lexical_w005
5398,21,minibatch_k64,text_pca256_lexical_w005
5399,21,minibatch_k64,text_pca256_lexical_w005
5400,21,minibatch_k64,text_pca256_lexical_w005
5401,23,minibatch_k64,text_pca256_lexical_w005
5402,14,minibatch_k64,text_pca256_lexical_w005
5403,8,minibatch_k64,text_pca256_lexical_w005
5404,2,minibatch_k64,text_pca256_lexical_w005
5405,33,minibatch_k64,text_pca256_lexical_w005
5406,33,minibatch_k64,text_pca256_lexical_w005
5407,2,minibatch_k64,text_pca256_lexical_w005
5408,0,minibatch_k64,text_pca256_lexical_w005
5409,21,minibatch_k64,text_pca256_lexical_w005
5410,0,minibatch_k64,text_pca256_lexical_w005
5411,8,minibatch_k64,text_pca256_lexical_w005
5412,38,minibatch_k64,text_pca256_lexical_w005
5413,50,minibatch_k64,text_pca256_lexical_w005
5414,58,minibatch_k64,text_pca256_lexical_w005
5415,55,minibatch_k64,text_pca256_lexical_w005
5416,22,minibatch_k64,text_pca256_lexical_w005
5417,2,minibatch_k64,text_pca256_lexical_w005
5418,23,minibatch_k64,text_pca256_lexical_w005
5419,0,minibatch_k64,text_pca256_lexical_w005
5420,21,minibatch_k64,text_pca256_lexical_w005
5421,5,minibatch_k64,text_pca256_lexical_w005
5422,0,minibatch_k64,text_pca256_lexical_w005
5423,2,minibatch_k64,text_pca256_lexical_w005
5424,0,minibatch_k64,text_pca256_lexical_w005
5425,21,minibatch_k64,text_pca256_lexical_w005
5426,8,minibatch_k64,text_pca256_lexical_w005
5427,21,minibatch_k64,text_pca256_lexical_w005
5428,0,minibatch_k64,text_pca256_lexical_w005
5429,0,minibatch_k64,text_pca256_lexical_w005
5430,62,minibatch_k64,text_pca256_lexical_w005
5431,21,minibatch_k64,text_pca256_lexical_w005
5432,21,minibatch_k64,text_pca256_lexical_w005
5433,8,minibatch_k64,text_pca256_lexical_w005
5434,21,minibatch_k64,text_pca256_lexical_w005
5435,21,minibatch_k64,text_pca256_lexical_w005
5436,0,minibatch_k64,text_pca256_lexical_w005
5437,0,minibatch_k64,text_pca256_lexical_w005
5438,33,minibatch_k64,text_pca256_lexical_w005
5439,0,minibatch_k64,text_pca256_lexical_w005
5440,62,minibatch_k64,text_pca256_lexical_w005
5441,0,minibatch_k64,text_pca256_lexical_w005
5442,0,minibatch_k64,text_pca256_lexical_w005
5443,21,minibatch_k64,text_pca256_lexical_w005
5444,2,minibatch_k64,text_pca256_lexical_w005
5445,21,minibatch_k64,text_pca256_lexical_w005
5446,0,minibatch_k64,text_pca256_lexical_w005
5447,2,minibatch_k64,text_pca256_lexical_w005
5448,21,minibatch_k64,text_pca256_lexical_w005
5449,21,minibatch_k64,text_pca256_lexical_w005
5450,0,minibatch_k64,text_pca256_lexical_w005
5451,21,minibatch_k64,text_pca256_lexical_w005
5452,21,minibatch_k64,text_pca256_lexical_w005
5453,0,minibatch_k64,text_pca256_lexical_w005
5454,8,minibatch_k64,text_pca256_lexical_w005
5455,21,minibatch_k64,text_pca256_lexical_w005
5456,21,minibatch_k64,text_pca256_lexical_w005
5457,5,minibatch_k64,text_pca256_lexical_w005
5458,62,minibatch_k64,text_pca256_lexical_w005
5459,21,minibatch_k64,text_pca256_lexical_w005
5460,0,minibatch_k64,text_pca256_lexical_w005
5461,0,minibatch_k64,text_pca256_lexical_w005
5462,50,minibatch_k64,text_pca256_lexical_w005
5463,14,minibatch_k64,text_pca256_lexical_w005
5464,62,minibatch_k64,text_pca256_lexical_w005
5465,21,minibatch_k64,text_pca256_lexical_w005
5466,62,minibatch_k64,text_pca256_lexical_w005
5467,10,minibatch_k64,text_pca256_lexical_w005
5468,47,minibatch_k64,text_pca256_lexical_w005
5469,2,minibatch_k64,text_pca256_lexical_w005
5470,45,minibatch_k64,text_pca256_lexical_w005
5471,23,minibatch_k64,text_pca256_lexical_w005
5472,38,minibatch_k64,text_pca256_lexical_w005
5473,58,minibatch_k64,text_pca256_lexical_w005
5474,55,minibatch_k64,text_pca256_lexical_w005
5475,46,minibatch_k64,text_pca256_lexical_w005
5476,0,minibatch_k64,text_pca256_lexical_w005
5477,47,minibatch_k64,text_pca256_lexical_w005
5478,59,minibatch_k64,text_pca256_lexical_w005
5479,21,minibatch_k64,text_pca256_lexical_w005
5480,8,minibatch_k64,text_pca256_lexical_w005
5481,62,minibatch_k64,text_pca256_lexical_w005
5482,2,minibatch_k64,text_pca256_lexical_w005
5483,8,minibatch_k64,text_pca256_lexical_w005
5484,0,minibatch_k64,text_pca256_lexical_w005
5485,15,minibatch_k64,text_pca256_lexical_w005
5486,15,minibatch_k64,text_pca256_lexical_w005
5487,10,minibatch_k64,text_pca256_lexical_w005
5488,8,minibatch_k64,text_pca256_lexical_w005
5489,0,minibatch_k64,text_pca256_lexical_w005
5490,0,minibatch_k64,text_pca256_lexical_w005
5491,0,minibatch_k64,text_pca256_lexical_w005
5492,21,minibatch_k64,text_pca256_lexical_w005
5493,21,minibatch_k64,text_pca256_lexical_w005
5494,21,minibatch_k64,text_pca256_lexical_w005
5495,0,minibatch_k64,text_pca256_lexical_w005
5496,0,minibatch_k64,text_pca256_lexical_w005
5497,0,minibatch_k64,text_pca256_lexical_w005
5498,2,minibatch_k64,text_pca256_lexical_w005
5499,50,minibatch_k64,text_pca256_lexical_w005
5500,2,minibatch_k64,text_pca256_lexical_w005
5501,21,minibatch_k64,text_pca256_lexical_w005
5502,0,minibatch_k64,text_pca256_lexical_w005
5503,10,minibatch_k64,text_pca256_lexical_w005
5504,23,minibatch_k64,text_pca256_lexical_w005
5505,21,minibatch_k64,text_pca256_lexical_w005
5506,10,minibatch_k64,text_pca256_lexical_w005
5507,21,minibatch_k64,text_pca256_lexical_w005
5508,21,minibatch_k64,text_pca256_lexical_w005
5509,21,minibatch_k64,text_pca256_lexical_w005
5510,14,minibatch_k64,text_pca256_lexical_w005
5511,0,minibatch_k64,text_pca256_lexical_w005
5512,5,minibatch_k64,text_pca256_lexical_w005
5513,33,minibatch_k64,text_pca256_lexical_w005
5514,21,minibatch_k64,text_pca256_lexical_w005
5515,21,minibatch_k64,text_pca256_lexical_w005
5516,0,minibatch_k64,text_pca256_lexical_w005
5517,5,minibatch_k64,text_pca256_lexical_w005
5518,15,minibatch_k64,text_pca256_lexical_w005
5519,0,minibatch_k64,text_pca256_lexical_w005
5520,0,minibatch_k64,text_pca256_lexical_w005
5521,21,minibatch_k64,text_pca256_lexical_w005
5522,21,minibatch_k64,text_pca256_lexical_w005
5523,62,minibatch_k64,text_pca256_lexical_w005
5524,0,minibatch_k64,text_pca256_lexical_w005
5525,8,minibatch_k64,text_pca256_lexical_w005
5526,0,minibatch_k64,text_pca256_lexical_w005
5527,21,minibatch_k64,text_pca256_lexical_w005
5528,0,minibatch_k64,text_pca256_lexical_w005
5529,5,minibatch_k64,text_pca256_lexical_w005
5530,23,minibatch_k64,text_pca256_lexical_w005
5531,62,minibatch_k64,text_pca256_lexical_w005
5532,56,minibatch_k64,text_pca256_lexical_w005
5533,33,minibatch_k64,text_pca256_lexical_w005
5534,21,minibatch_k64,text_pca256_lexical_w005
5535,15,minibatch_k64,text_pca256_lexical_w005
5536,21,minibatch_k64,text_pca256_lexical_w005
5537,0,minibatch_k64,text_pca256_lexical_w005
5538,5,minibatch_k64,text_pca256_lexical_w005
5539,5,minibatch_k64,text_pca256_lexical_w005
5540,58,minibatch_k64,text_pca256_lexical_w005
5541,38,minibatch_k64,text_pca256_lexical_w005
5542,15,minibatch_k64,text_pca256_lexical_w005
5543,2,minibatch_k64,text_pca256_lexical_w005
5544,15,minibatch_k64,text_pca256_lexical_w005
5545,62,minibatch_k64,text_pca256_lexical_w005
5546,55,minibatch_k64,text_pca256_lexical_w005
5547,10,minibatch_k64,text_pca256_lexical_w005
5548,5,minibatch_k64,text_pca256_lexical_w005
5549,21,minibatch_k64,text_pca256_lexical_w005
5550,21,minibatch_k64,text_pca256_lexical_w005
5551,25,minibatch_k64,text_pca256_lexical_w005
5552,10,minibatch_k64,text_pca256_lexical_w005
5553,33,minibatch_k64,text_pca256_lexical_w005
5554,21,minibatch_k64,text_pca256_lexical_w005
5555,0,minibatch_k64,text_pca256_lexical_w005
5556,56,minibatch_k64,text_pca256_lexical_w005
5557,8,minibatch_k64,text_pca256_lexical_w005
5558,15,minibatch_k64,text_pca256_lexical_w005
5559,45,minibatch_k64,text_pca256_lexical_w005
5560,38,minibatch_k64,text_pca256_lexical_w005
5561,58,minibatch_k64,text_pca256_lexical_w005
5562,45,minibatch_k64,text_pca256_lexical_w005
5563,55,minibatch_k64,text_pca256_lexical_w005
5564,2,minibatch_k64,text_pca256_lexical_w005
5565,33,minibatch_k64,text_pca256_lexical_w005
5566,0,minibatch_k64,text_pca256_lexical_w005
5567,15,minibatch_k64,text_pca256_lexical_w005
5568,8,minibatch_k64,text_pca256_lexical_w005
5569,21,minibatch_k64,text_pca256_lexical_w005
5570,23,minibatch_k64,text_pca256_lexical_w005
5571,14,minibatch_k64,text_pca256_lexical_w005
5572,62,minibatch_k64,text_pca256_lexical_w005
5573,0,minibatch_k64,text_pca256_lexical_w005
5574,2,minibatch_k64,text_pca256_lexical_w005
5575,53,minibatch_k64,text_pca256_lexical_w005
5576,0,minibatch_k64,text_pca256_lexical_w005
5577,0,minibatch_k64,text_pca256_lexical_w005
5578,33,minibatch_k64,text_pca256_lexical_w005
5579,39,minibatch_k64,text_pca256_lexical_w005
5580,0,minibatch_k64,text_pca256_lexical_w005
5581,0,minibatch_k64,text_pca256_lexical_w005
5582,2,minibatch_k64,text_pca256_lexical_w005
5583,0,minibatch_k64,text_pca256_lexical_w005
5584,8,minibatch_k64,text_pca256_lexical_w005
5585,15,minibatch_k64,text_pca256_lexical_w005
5586,10,minibatch_k64,text_pca256_lexical_w005
5587,2,minibatch_k64,text_pca256_lexical_w005
5588,21,minibatch_k64,text_pca256_lexical_w005
5589,2,minibatch_k64,text_pca256_lexical_w005
5590,8,minibatch_k64,text_pca256_lexical_w005
5591,15,minibatch_k64,text_pca256_lexical_w005
5592,62,minibatch_k64,text_pca256_lexical_w005
5593,23,minibatch_k64,text_pca256_lexical_w005
5594,62,minibatch_k64,text_pca256_lexical_w005
5595,21,minibatch_k64,text_pca256_lexical_w005
5596,0,minibatch_k64,text_pca256_lexical_w005
5597,15,minibatch_k64,text_pca256_lexical_w005
5598,8,minibatch_k64,text_pca256_lexical_w005
5599,8,minibatch_k64,text_pca256_lexical_w005
5600,2,minibatch_k64,text_pca256_lexical_w005
5601,59,minibatch_k64,text_pca256_lexical_w005
5602,33,minibatch_k64,text_pca256_lexical_w005
5603,62,minibatch_k64,text_pca256_lexical_w005
5604,62,minibatch_k64,text_pca256_lexical_w005
5605,15,minibatch_k64,text_pca256_lexical_w005
5606,10,minibatch_k64,text_pca256_lexical_w005
5607,21,minibatch_k64,text_pca256_lexical_w005
5608,10,minibatch_k64,text_pca256_lexical_w005
5609,23,minibatch_k64,text_pca256_lexical_w005
5610,14,minibatch_k64,text_pca256_lexical_w005
5611,2,minibatch_k64,text_pca256_lexical_w005
5612,23,minibatch_k64,text_pca256_lexical_w005
5613,4,minibatch_k64,text_pca256_lexical_w005
5614,58,minibatch_k64,text_pca256_lexical_w005
5615,58,minibatch_k64,text_pca256_lexical_w005
5616,62,minibatch_k64,text_pca256_lexical_w005
5617,15,minibatch_k64,text_pca256_lexical_w005
5618,15,minibatch_k64,text_pca256_lexical_w005
5619,10,minibatch_k64,text_pca256_lexical_w005
5620,63,minibatch_k64,text_pca256_lexical_w005
5621,2,minibatch_k64,text_pca256_lexical_w005
5622,10,minibatch_k64,text_pca256_lexical_w005
5623,21,minibatch_k64,text_pca256_lexical_w005
5624,33,minibatch_k64,text_pca256_lexical_w005
5625,0,minibatch_k64,text_pca256_lexical_w005
5626,8,minibatch_k64,text_pca256_lexical_w005
5627,21,minibatch_k64,text_pca256_lexical_w005
5628,23,minibatch_k64,text_pca256_lexical_w005
5629,21,minibatch_k64,text_pca256_lexical_w005
5630,8,minibatch_k64,text_pca256_lexical_w005
5631,56,minibatch_k64,text_pca256_lexical_w005
5632,0,minibatch_k64,text_pca256_lexical_w005
5633,62,minibatch_k64,text_pca256_lexical_w005
5634,21,minibatch_k64,text_pca256_lexical_w005
5635,0,minibatch_k64,text_pca256_lexical_w005
5636,2,minibatch_k64,text_pca256_lexical_w005
5637,62,minibatch_k64,text_pca256_lexical_w005
5638,8,minibatch_k64,text_pca256_lexical_w005
5639,8,minibatch_k64,text_pca256_lexical_w005
5640,15,minibatch_k64,text_pca256_lexical_w005
5641,10,minibatch_k64,text_pca256_lexical_w005
5642,23,minibatch_k64,text_pca256_lexical_w005
5643,2,minibatch_k64,text_pca256_lexical_w005
5644,2,minibatch_k64,text_pca256_lexical_w005
5645,23,minibatch_k64,text_pca256_lexical_w005
5646,59,minibatch_k64,text_pca256_lexical_w005
5647,0,minibatch_k64,text_pca256_lexical_w005
5648,33,minibatch_k64,text_pca256_lexical_w005
5649,33,minibatch_k64,text_pca256_lexical_w005
5650,0,minibatch_k64,text_pca256_lexical_w005
5651,62,minibatch_k64,text_pca256_lexical_w005
5652,15,minibatch_k64,text_pca256_lexical_w005
5653,21,minibatch_k64,text_pca256_lexical_w005
5654,0,minibatch_k64,text_pca256_lexical_w005
5655,15,minibatch_k64,text_pca256_lexical_w005
5656,8,minibatch_k64,text_pca256_lexical_w005
5657,8,minibatch_k64,text_pca256_lexical_w005
5658,2,minibatch_k64,text_pca256_lexical_w005
5659,2,minibatch_k64,text_pca256_lexical_w005
5660,62,minibatch_k64,text_pca256_lexical_w005
5661,33,minibatch_k64,text_pca256_lexical_w005
5662,15,minibatch_k64,text_pca256_lexical_w005
5663,45,minibatch_k64,text_pca256_lexical_w005
5664,38,minibatch_k64,text_pca256_lexical_w005
5665,45,minibatch_k64,text_pca256_lexical_w005
5666,58,minibatch_k64,text_pca256_lexical_w005
5667,55,minibatch_k64,text_pca256_lexical_w005
5668,63,minibatch_k64,text_pca256_lexical_w005
5669,33,minibatch_k64,text_pca256_lexical_w005
5670,2,minibatch_k64,text_pca256_lexical_w005
5671,23,minibatch_k64,text_pca256_lexical_w005
5672,15,minibatch_k64,text_pca256_lexical_w005
5673,10,minibatch_k64,text_pca256_lexical_w005
5674,62,minibatch_k64,text_pca256_lexical_w005
5675,10,minibatch_k64,text_pca256_lexical_w005
5676,23,minibatch_k64,text_pca256_lexical_w005
5677,21,minibatch_k64,text_pca256_lexical_w005
5678,62,minibatch_k64,text_pca256_lexical_w005
5679,2,minibatch_k64,text_pca256_lexical_w005
5680,2,minibatch_k64,text_pca256_lexical_w005
5681,50,minibatch_k64,text_pca256_lexical_w005
5682,15,minibatch_k64,text_pca256_lexical_w005
5683,2,minibatch_k64,text_pca256_lexical_w005
5684,33,minibatch_k64,text_pca256_lexical_w005
5685,0,minibatch_k64,text_pca256_lexical_w005
5686,62,minibatch_k64,text_pca256_lexical_w005
5687,23,minibatch_k64,text_pca256_lexical_w005
5688,33,minibatch_k64,text_pca256_lexical_w005
5689,8,minibatch_k64,text_pca256_lexical_w005
5690,59,minibatch_k64,text_pca256_lexical_w005
5691,21,minibatch_k64,text_pca256_lexical_w005
5692,33,minibatch_k64,text_pca256_lexical_w005
5693,23,minibatch_k64,text_pca256_lexical_w005
5694,8,minibatch_k64,text_pca256_lexical_w005
5695,62,minibatch_k64,text_pca256_lexical_w005
5696,8,minibatch_k64,text_pca256_lexical_w005
5697,14,minibatch_k64,text_pca256_lexical_w005
5698,23,minibatch_k64,text_pca256_lexical_w005
5699,8,minibatch_k64,text_pca256_lexical_w005
5700,62,minibatch_k64,text_pca256_lexical_w005
5701,0,minibatch_k64,text_pca256_lexical_w005
5702,58,minibatch_k64,text_pca256_lexical_w005
5703,38,minibatch_k64,text_pca256_lexical_w005
5704,45,minibatch_k64,text_pca256_lexical_w005
5705,45,minibatch_k64,text_pca256_lexical_w005
5706,63,minibatch_k64,text_pca256_lexical_w005
5707,10,minibatch_k64,text_pca256_lexical_w005
5708,50,minibatch_k64,text_pca256_lexical_w005
5709,21,minibatch_k64,text_pca256_lexical_w005
5710,0,minibatch_k64,text_pca256_lexical_w005
5711,50,minibatch_k64,text_pca256_lexical_w005
5712,2,minibatch_k64,text_pca256_lexical_w005
5713,40,minibatch_k64,text_pca256_lexical_w005
5714,0,minibatch_k64,text_pca256_lexical_w005
5715,3,minibatch_k64,text_pca256_lexical_w005
5716,50,minibatch_k64,text_pca256_lexical_w005
5717,10,minibatch_k64,text_pca256_lexical_w005
5718,33,minibatch_k64,text_pca256_lexical_w005
5719,15,minibatch_k64,text_pca256_lexical_w005
5720,8,minibatch_k64,text_pca256_lexical_w005
5721,2,minibatch_k64,text_pca256_lexical_w005
5722,33,minibatch_k64,text_pca256_lexical_w005
5723,23,minibatch_k64,text_pca256_lexical_w005
5724,21,minibatch_k64,text_pca256_lexical_w005
5725,58,minibatch_k64,text_pca256_lexical_w005
5726,21,minibatch_k64,text_pca256_lexical_w005
5727,45,minibatch_k64,text_pca256_lexical_w005
5728,10,minibatch_k64,text_pca256_lexical_w005
5729,55,minibatch_k64,text_pca256_lexical_w005
5730,63,minibatch_k64,text_pca256_lexical_w005
5731,2,minibatch_k64,text_pca256_lexical_w005
5732,56,minibatch_k64,text_pca256_lexical_w005
5733,45,minibatch_k64,text_pca256_lexical_w005
5734,8,minibatch_k64,text_pca256_lexical_w005
5735,0,minibatch_k64,text_pca256_lexical_w005
5736,0,minibatch_k64,text_pca256_lexical_w005
5737,0,minibatch_k64,text_pca256_lexical_w005
5738,21,minibatch_k64,text_pca256_lexical_w005
5739,10,minibatch_k64,text_pca256_lexical_w005
5740,39,minibatch_k64,text_pca256_lexical_w005
5741,0,minibatch_k64,text_pca256_lexical_w005
5742,2,minibatch_k64,text_pca256_lexical_w005
5743,59,minibatch_k64,text_pca256_lexical_w005
5744,39,minibatch_k64,text_pca256_lexical_w005
5745,62,minibatch_k64,text_pca256_lexical_w005
5746,0,minibatch_k64,text_pca256_lexical_w005
5747,45,minibatch_k64,text_pca256_lexical_w005
5748,10,minibatch_k64,text_pca256_lexical_w005
5749,15,minibatch_k64,text_pca256_lexical_w005
5750,2,minibatch_k64,text_pca256_lexical_w005
5751,0,minibatch_k64,text_pca256_lexical_w005
5752,23,minibatch_k64,text_pca256_lexical_w005
5753,8,minibatch_k64,text_pca256_lexical_w005
5754,10,minibatch_k64,text_pca256_lexical_w005
5755,23,minibatch_k64,text_pca256_lexical_w005
5756,2,minibatch_k64,text_pca256_lexical_w005
5757,2,minibatch_k64,text_pca256_lexical_w005
5758,15,minibatch_k64,text_pca256_lexical_w005
5759,10,minibatch_k64,text_pca256_lexical_w005
5760,23,minibatch_k64,text_pca256_lexical_w005
5761,59,minibatch_k64,text_pca256_lexical_w005
5762,62,minibatch_k64,text_pca256_lexical_w005
5763,10,minibatch_k64,text_pca256_lexical_w005
5764,45,minibatch_k64,text_pca256_lexical_w005
5765,33,minibatch_k64,text_pca256_lexical_w005
5766,45,minibatch_k64,text_pca256_lexical_w005
5767,5,minibatch_k64,text_pca256_lexical_w005
5768,5,minibatch_k64,text_pca256_lexical_w005
5769,0,minibatch_k64,text_pca256_lexical_w005
5770,0,minibatch_k64,text_pca256_lexical_w005
5771,23,minibatch_k64,text_pca256_lexical_w005
5772,23,minibatch_k64,text_pca256_lexical_w005
5773,2,minibatch_k64,text_pca256_lexical_w005
5774,15,minibatch_k64,text_pca256_lexical_w005
5775,42,minibatch_k64,text_pca256_lexical_w005
5776,10,minibatch_k64,text_pca256_lexical_w005
5777,45,minibatch_k64,text_pca256_lexical_w005
5778,0,minibatch_k64,text_pca256_lexical_w005
5779,0,minibatch_k64,text_pca256_lexical_w005
5780,23,minibatch_k64,text_pca256_lexical_w005
5781,5,minibatch_k64,text_pca256_lexical_w005
5782,39,minibatch_k64,text_pca256_lexical_w005
5783,10,minibatch_k64,text_pca256_lexical_w005
5784,23,minibatch_k64,text_pca256_lexical_w005
5785,23,minibatch_k64,text_pca256_lexical_w005
5786,23,minibatch_k64,text_pca256_lexical_w005
5787,50,minibatch_k64,text_pca256_lexical_w005
5788,33,minibatch_k64,text_pca256_lexical_w005
5789,10,minibatch_k64,text_pca256_lexical_w005
5790,15,minibatch_k64,text_pca256_lexical_w005
5791,23,minibatch_k64,text_pca256_lexical_w005
5792,23,minibatch_k64,text_pca256_lexical_w005
5793,2,minibatch_k64,text_pca256_lexical_w005
5794,62,minibatch_k64,text_pca256_lexical_w005
5795,61,minibatch_k64,text_pca256_lexical_w005
5796,33,minibatch_k64,text_pca256_lexical_w005
5797,33,minibatch_k64,text_pca256_lexical_w005
5798,5,minibatch_k64,text_pca256_lexical_w005
5799,33,minibatch_k64,text_pca256_lexical_w005
5800,50,minibatch_k64,text_pca256_lexical_w005
5801,10,minibatch_k64,text_pca256_lexical_w005
5802,8,minibatch_k64,text_pca256_lexical_w005
5803,58,minibatch_k64,text_pca256_lexical_w005
5804,10,minibatch_k64,text_pca256_lexical_w005
5805,58,minibatch_k64,text_pca256_lexical_w005
5806,15,minibatch_k64,text_pca256_lexical_w005
5807,45,minibatch_k64,text_pca256_lexical_w005
5808,50,minibatch_k64,text_pca256_lexical_w005
5809,22,minibatch_k64,text_pca256_lexical_w005
5810,33,minibatch_k64,text_pca256_lexical_w005
5811,45,minibatch_k64,text_pca256_lexical_w005
5812,0,minibatch_k64,text_pca256_lexical_w005
5813,45,minibatch_k64,text_pca256_lexical_w005
5814,21,minibatch_k64,text_pca256_lexical_w005
5815,15,minibatch_k64,text_pca256_lexical_w005
5816,8,minibatch_k64,text_pca256_lexical_w005
5817,2,minibatch_k64,text_pca256_lexical_w005
5818,62,minibatch_k64,text_pca256_lexical_w005
5819,33,minibatch_k64,text_pca256_lexical_w005
5820,8,minibatch_k64,text_pca256_lexical_w005
5821,50,minibatch_k64,text_pca256_lexical_w005
5822,33,minibatch_k64,text_pca256_lexical_w005
5823,8,minibatch_k64,text_pca256_lexical_w005
5824,33,minibatch_k64,text_pca256_lexical_w005
5825,23,minibatch_k64,text_pca256_lexical_w005
5826,39,minibatch_k64,text_pca256_lexical_w005
5827,8,minibatch_k64,text_pca256_lexical_w005
5828,15,minibatch_k64,text_pca256_lexical_w005
5829,33,minibatch_k64,text_pca256_lexical_w005
5830,2,minibatch_k64,text_pca256_lexical_w005
5831,58,minibatch_k64,text_pca256_lexical_w005
5832,58,minibatch_k64,text_pca256_lexical_w005
5833,10,minibatch_k64,text_pca256_lexical_w005
5834,23,minibatch_k64,text_pca256_lexical_w005
5835,55,minibatch_k64,text_pca256_lexical_w005
5836,63,minibatch_k64,text_pca256_lexical_w005
5837,33,minibatch_k64,text_pca256_lexical_w005
5838,56,minibatch_k64,text_pca256_lexical_w005
5839,10,minibatch_k64,text_pca256_lexical_w005
5840,2,minibatch_k64,text_pca256_lexical_w005
5841,10,minibatch_k64,text_pca256_lexical_w005
5842,8,minibatch_k64,text_pca256_lexical_w005
5843,8,minibatch_k64,text_pca256_lexical_w005
5844,15,minibatch_k64,text_pca256_lexical_w005
5845,10,minibatch_k64,text_pca256_lexical_w005
5846,10,minibatch_k64,text_pca256_lexical_w005
5847,21,minibatch_k64,text_pca256_lexical_w005
5848,33,minibatch_k64,text_pca256_lexical_w005
5849,62,minibatch_k64,text_pca256_lexical_w005
5850,33,minibatch_k64,text_pca256_lexical_w005
5851,23,minibatch_k64,text_pca256_lexical_w005
5852,10,minibatch_k64,text_pca256_lexical_w005
5853,0,minibatch_k64,text_pca256_lexical_w005
5854,2,minibatch_k64,text_pca256_lexical_w005
5855,2,minibatch_k64,text_pca256_lexical_w005
5856,33,minibatch_k64,text_pca256_lexical_w005
5857,21,minibatch_k64,text_pca256_lexical_w005
5858,15,minibatch_k64,text_pca256_lexical_w005
5859,8,minibatch_k64,text_pca256_lexical_w005
5860,33,minibatch_k64,text_pca256_lexical_w005
5861,0,minibatch_k64,text_pca256_lexical_w005
5862,38,minibatch_k64,text_pca256_lexical_w005
5863,10,minibatch_k64,text_pca256_lexical_w005
5864,58,minibatch_k64,text_pca256_lexical_w005
5865,55,minibatch_k64,text_pca256_lexical_w005
5866,63,minibatch_k64,text_pca256_lexical_w005
5867,62,minibatch_k64,text_pca256_lexical_w005
5868,39,minibatch_k64,text_pca256_lexical_w005
5869,10,minibatch_k64,text_pca256_lexical_w005
5870,21,minibatch_k64,text_pca256_lexical_w005
5871,0,minibatch_k64,text_pca256_lexical_w005
5872,62,minibatch_k64,text_pca256_lexical_w005
5873,0,minibatch_k64,text_pca256_lexical_w005
5874,0,minibatch_k64,text_pca256_lexical_w005
5875,23,minibatch_k64,text_pca256_lexical_w005
5876,2,minibatch_k64,text_pca256_lexical_w005
5877,42,minibatch_k64,text_pca256_lexical_w005
5878,0,minibatch_k64,text_pca256_lexical_w005
5879,10,minibatch_k64,text_pca256_lexical_w005
5880,59,minibatch_k64,text_pca256_lexical_w005
5881,0,minibatch_k64,text_pca256_lexical_w005
5882,38,minibatch_k64,text_pca256_lexical_w005
5883,33,minibatch_k64,text_pca256_lexical_w005
5884,50,minibatch_k64,text_pca256_lexical_w005
5885,62,minibatch_k64,text_pca256_lexical_w005
5886,22,minibatch_k64,text_pca256_lexical_w005
5887,10,minibatch_k64,text_pca256_lexical_w005
5888,15,minibatch_k64,text_pca256_lexical_w005
5889,2,minibatch_k64,text_pca256_lexical_w005
5890,33,minibatch_k64,text_pca256_lexical_w005
5891,62,minibatch_k64,text_pca256_lexical_w005
5892,15,minibatch_k64,text_pca256_lexical_w005
5893,53,minibatch_k64,text_pca256_lexical_w005
5894,33,minibatch_k64,text_pca256_lexical_w005
5895,23,minibatch_k64,text_pca256_lexical_w005
5896,33,minibatch_k64,text_pca256_lexical_w005
5897,23,minibatch_k64,text_pca256_lexical_w005
5898,15,minibatch_k64,text_pca256_lexical_w005
5899,33,minibatch_k64,text_pca256_lexical_w005
5900,23,minibatch_k64,text_pca256_lexical_w005
5901,8,minibatch_k64,text_pca256_lexical_w005
5902,38,minibatch_k64,text_pca256_lexical_w005
5903,45,minibatch_k64,text_pca256_lexical_w005
5904,55,minibatch_k64,text_pca256_lexical_w005
5905,22,minibatch_k64,text_pca256_lexical_w005
5906,0,minibatch_k64,text_pca256_lexical_w005
5907,0,minibatch_k64,text_pca256_lexical_w005
5908,15,minibatch_k64,text_pca256_lexical_w005
5909,8,minibatch_k64,text_pca256_lexical_w005
5910,10,minibatch_k64,text_pca256_lexical_w005
5911,33,minibatch_k64,text_pca256_lexical_w005
5912,0,minibatch_k64,text_pca256_lexical_w005
5913,2,minibatch_k64,text_pca256_lexical_w005
5914,15,minibatch_k64,text_pca256_lexical_w005
5915,15,minibatch_k64,text_pca256_lexical_w005
5916,45,minibatch_k64,text_pca256_lexical_w005
5917,2,minibatch_k64,text_pca256_lexical_w005
5918,38,minibatch_k64,text_pca256_lexical_w005
5919,55,minibatch_k64,text_pca256_lexical_w005
5920,22,minibatch_k64,text_pca256_lexical_w005
5921,53,minibatch_k64,text_pca256_lexical_w005
5922,59,minibatch_k64,text_pca256_lexical_w005
5923,62,minibatch_k64,text_pca256_lexical_w005
5924,4,minibatch_k64,text_pca256_lexical_w005
5925,4,minibatch_k64,text_pca256_lexical_w005
5926,4,minibatch_k64,text_pca256_lexical_w005
5927,23,minibatch_k64,text_pca256_lexical_w005
5928,4,minibatch_k64,text_pca256_lexical_w005
5929,10,minibatch_k64,text_pca256_lexical_w005
5930,45,minibatch_k64,text_pca256_lexical_w005
5931,53,minibatch_k64,text_pca256_lexical_w005
5932,2,minibatch_k64,text_pca256_lexical_w005
5933,2,minibatch_k64,text_pca256_lexical_w005
5934,15,minibatch_k64,text_pca256_lexical_w005
5935,8,minibatch_k64,text_pca256_lexical_w005
5936,8,minibatch_k64,text_pca256_lexical_w005
5937,4,minibatch_k64,text_pca256_lexical_w005
5938,0,minibatch_k64,text_pca256_lexical_w005
5939,4,minibatch_k64,text_pca256_lexical_w005
5940,56,minibatch_k64,text_pca256_lexical_w005
5941,23,minibatch_k64,text_pca256_lexical_w005
5942,33,minibatch_k64,text_pca256_lexical_w005
5943,8,minibatch_k64,text_pca256_lexical_w005
5944,10,minibatch_k64,text_pca256_lexical_w005
5945,0,minibatch_k64,text_pca256_lexical_w005
5946,33,minibatch_k64,text_pca256_lexical_w005
5947,10,minibatch_k64,text_pca256_lexical_w005
5948,8,minibatch_k64,text_pca256_lexical_w005
5949,33,minibatch_k64,text_pca256_lexical_w005
5950,4,minibatch_k64,text_pca256_lexical_w005
5951,62,minibatch_k64,text_pca256_lexical_w005
5952,2,minibatch_k64,text_pca256_lexical_w005
5953,21,minibatch_k64,text_pca256_lexical_w005
5954,2,minibatch_k64,text_pca256_lexical_w005
5955,0,minibatch_k64,text_pca256_lexical_w005
5956,0,minibatch_k64,text_pca256_lexical_w005
5957,23,minibatch_k64,text_pca256_lexical_w005
5958,21,minibatch_k64,text_pca256_lexical_w005
5959,10,minibatch_k64,text_pca256_lexical_w005
5960,59,minibatch_k64,text_pca256_lexical_w005
5961,23,minibatch_k64,text_pca256_lexical_w005
5962,15,minibatch_k64,text_pca256_lexical_w005
5963,62,minibatch_k64,text_pca256_lexical_w005
5964,62,minibatch_k64,text_pca256_lexical_w005
5965,45,minibatch_k64,text_pca256_lexical_w005
5966,8,minibatch_k64,text_pca256_lexical_w005
5967,59,minibatch_k64,text_pca256_lexical_w005
5968,0,minibatch_k64,text_pca256_lexical_w005
5969,50,minibatch_k64,text_pca256_lexical_w005
5970,21,minibatch_k64,text_pca256_lexical_w005
5971,33,minibatch_k64,text_pca256_lexical_w005
5972,0,minibatch_k64,text_pca256_lexical_w005
5973,0,minibatch_k64,text_pca256_lexical_w005
5974,10,minibatch_k64,text_pca256_lexical_w005
5975,0,minibatch_k64,text_pca256_lexical_w005
5976,38,minibatch_k64,text_pca256_lexical_w005
5977,45,minibatch_k64,text_pca256_lexical_w005
5978,10,minibatch_k64,text_pca256_lexical_w005
5979,63,minibatch_k64,text_pca256_lexical_w005
5980,62,minibatch_k64,text_pca256_lexical_w005
5981,23,minibatch_k64,text_pca256_lexical_w005
5982,2,minibatch_k64,text_pca256_lexical_w005
5983,0,minibatch_k64,text_pca256_lexical_w005
5984,59,minibatch_k64,text_pca256_lexical_w005
5985,59,minibatch_k64,text_pca256_lexical_w005
5986,21,minibatch_k64,text_pca256_lexical_w005
5987,50,minibatch_k64,text_pca256_lexical_w005
5988,59,minibatch_k64,text_pca256_lexical_w005
5989,10,minibatch_k64,text_pca256_lexical_w005
5990,10,minibatch_k64,text_pca256_lexical_w005
5991,0,minibatch_k64,text_pca256_lexical_w005
5992,2,minibatch_k64,text_pca256_lexical_w005
5993,50,minibatch_k64,text_pca256_lexical_w005
5994,2,minibatch_k64,text_pca256_lexical_w005
5995,50,minibatch_k64,text_pca256_lexical_w005
5996,2,minibatch_k64,text_pca256_lexical_w005
5997,23,minibatch_k64,text_pca256_lexical_w005
5998,21,minibatch_k64,text_pca256_lexical_w005
5999,46,minibatch_k64,text_pca256_lexical_w005
6000,59,minibatch_k64,text_pca256_lexical_w005
6001,8,minibatch_k64,text_pca256_lexical_w005
6002,33,minibatch_k64,text_pca256_lexical_w005
6003,0,minibatch_k64,text_pca256_lexical_w005
6004,2,minibatch_k64,text_pca256_lexical_w005
6005,59,minibatch_k64,text_pca256_lexical_w005
6006,0,minibatch_k64,text_pca256_lexical_w005
6007,10,minibatch_k64,text_pca256_lexical_w005
6008,0,minibatch_k64,text_pca256_lexical_w005
6009,16,minibatch_k64,text_pca256_lexical_w005
6010,59,minibatch_k64,text_pca256_lexical_w005
6011,50,minibatch_k64,text_pca256_lexical_w005
6012,45,minibatch_k64,text_pca256_lexical_w005
6013,0,minibatch_k64,text_pca256_lexical_w005
6014,2,minibatch_k64,text_pca256_lexical_w005
6015,10,minibatch_k64,text_pca256_lexical_w005
6016,2,minibatch_k64,text_pca256_lexical_w005
6017,50,minibatch_k64,text_pca256_lexical_w005
6018,50,minibatch_k64,text_pca256_lexical_w005
6019,50,minibatch_k64,text_pca256_lexical_w005
6020,42,minibatch_k64,text_pca256_lexical_w005
6021,8,minibatch_k64,text_pca256_lexical_w005
6022,15,minibatch_k64,text_pca256_lexical_w005
6023,33,minibatch_k64,text_pca256_lexical_w005
6024,2,minibatch_k64,text_pca256_lexical_w005
6025,45,minibatch_k64,text_pca256_lexical_w005
6026,38,minibatch_k64,text_pca256_lexical_w005
6027,55,minibatch_k64,text_pca256_lexical_w005
6028,22,minibatch_k64,text_pca256_lexical_w005
6029,8,minibatch_k64,text_pca256_lexical_w005
6030,62,minibatch_k64,text_pca256_lexical_w005
6031,62,minibatch_k64,text_pca256_lexical_w005
6032,23,minibatch_k64,text_pca256_lexical_w005
6033,23,minibatch_k64,text_pca256_lexical_w005
6034,10,minibatch_k64,text_pca256_lexical_w005
6035,0,minibatch_k64,text_pca256_lexical_w005
6036,0,minibatch_k64,text_pca256_lexical_w005
6037,45,minibatch_k64,text_pca256_lexical_w005
6038,2,minibatch_k64,text_pca256_lexical_w005
6039,8,minibatch_k64,text_pca256_lexical_w005
6040,45,minibatch_k64,text_pca256_lexical_w005
6041,33,minibatch_k64,text_pca256_lexical_w005
6042,23,minibatch_k64,text_pca256_lexical_w005
6043,62,minibatch_k64,text_pca256_lexical_w005
6044,2,minibatch_k64,text_pca256_lexical_w005
6045,2,minibatch_k64,text_pca256_lexical_w005
6046,2,minibatch_k64,text_pca256_lexical_w005
6047,23,minibatch_k64,text_pca256_lexical_w005
6048,2,minibatch_k64,text_pca256_lexical_w005
6049,10,minibatch_k64,text_pca256_lexical_w005
6050,10,minibatch_k64,text_pca256_lexical_w005
6051,17,minibatch_k64,text_pca256_lexical_w005
6052,10,minibatch_k64,text_pca256_lexical_w005
6053,8,minibatch_k64,text_pca256_lexical_w005
6054,2,minibatch_k64,text_pca256_lexical_w005
6055,33,minibatch_k64,text_pca256_lexical_w005
6056,23,minibatch_k64,text_pca256_lexical_w005
6057,15,minibatch_k64,text_pca256_lexical_w005
6058,59,minibatch_k64,text_pca256_lexical_w005
6059,0,minibatch_k64,text_pca256_lexical_w005
6060,59,minibatch_k64,text_pca256_lexical_w005
6061,23,minibatch_k64,text_pca256_lexical_w005
6062,10,minibatch_k64,text_pca256_lexical_w005
6063,21,minibatch_k64,text_pca256_lexical_w005
6064,23,minibatch_k64,text_pca256_lexical_w005
6065,2,minibatch_k64,text_pca256_lexical_w005
6066,10,minibatch_k64,text_pca256_lexical_w005
6067,10,minibatch_k64,text_pca256_lexical_w005
6068,23,minibatch_k64,text_pca256_lexical_w005
6069,45,minibatch_k64,text_pca256_lexical_w005
6070,38,minibatch_k64,text_pca256_lexical_w005
6071,55,minibatch_k64,text_pca256_lexical_w005
6072,63,minibatch_k64,text_pca256_lexical_w005
6073,59,minibatch_k64,text_pca256_lexical_w005
6074,45,minibatch_k64,text_pca256_lexical_w005
6075,45,minibatch_k64,text_pca256_lexical_w005
6076,45,minibatch_k64,text_pca256_lexical_w005
6077,39,minibatch_k64,text_pca256_lexical_w005
6078,23,minibatch_k64,text_pca256_lexical_w005
6079,45,minibatch_k64,text_pca256_lexical_w005
6080,0,minibatch_k64,text_pca256_lexical_w005
6081,45,minibatch_k64,text_pca256_lexical_w005
6082,15,minibatch_k64,text_pca256_lexical_w005
6083,62,minibatch_k64,text_pca256_lexical_w005
6084,15,minibatch_k64,text_pca256_lexical_w005
6085,62,minibatch_k64,text_pca256_lexical_w005
6086,21,minibatch_k64,text_pca256_lexical_w005
6087,8,minibatch_k64,text_pca256_lexical_w005
6088,10,minibatch_k64,text_pca256_lexical_w005
6089,2,minibatch_k64,text_pca256_lexical_w005
6090,2,minibatch_k64,text_pca256_lexical_w005
6091,59,minibatch_k64,text_pca256_lexical_w005
6092,8,minibatch_k64,text_pca256_lexical_w005
6093,8,minibatch_k64,text_pca256_lexical_w005
6094,0,minibatch_k64,text_pca256_lexical_w005
6095,59,minibatch_k64,text_pca256_lexical_w005
6096,59,minibatch_k64,text_pca256_lexical_w005
6097,23,minibatch_k64,text_pca256_lexical_w005
6098,45,minibatch_k64,text_pca256_lexical_w005
6099,23,minibatch_k64,text_pca256_lexical_w005
6100,21,minibatch_k64,text_pca256_lexical_w005
6101,59,minibatch_k64,text_pca256_lexical_w005
6102,10,minibatch_k64,text_pca256_lexical_w005
6103,59,minibatch_k64,text_pca256_lexical_w005
6104,45,minibatch_k64,text_pca256_lexical_w005
6105,59,minibatch_k64,text_pca256_lexical_w005
6106,21,minibatch_k64,text_pca256_lexical_w005
6107,33,minibatch_k64,text_pca256_lexical_w005
6108,2,minibatch_k64,text_pca256_lexical_w005
6109,0,minibatch_k64,text_pca256_lexical_w005
6110,23,minibatch_k64,text_pca256_lexical_w005
6111,45,minibatch_k64,text_pca256_lexical_w005
6112,4,minibatch_k64,text_pca256_lexical_w005
6113,10,minibatch_k64,text_pca256_lexical_w005
6114,59,minibatch_k64,text_pca256_lexical_w005
6115,0,minibatch_k64,text_pca256_lexical_w005
6116,45,minibatch_k64,text_pca256_lexical_w005
6117,45,minibatch_k64,text_pca256_lexical_w005
6118,0,minibatch_k64,text_pca256_lexical_w005
6119,53,minibatch_k64,text_pca256_lexical_w005
6120,30,minibatch_k64,text_pca256_lexical_w005
6121,45,minibatch_k64,text_pca256_lexical_w005
6122,59,minibatch_k64,text_pca256_lexical_w005
6123,59,minibatch_k64,text_pca256_lexical_w005
6124,59,minibatch_k64,text_pca256_lexical_w005
6125,39,minibatch_k64,text_pca256_lexical_w005
6126,0,minibatch_k64,text_pca256_lexical_w005
6127,0,minibatch_k64,text_pca256_lexical_w005
6128,59,minibatch_k64,text_pca256_lexical_w005
6129,45,minibatch_k64,text_pca256_lexical_w005
6130,30,minibatch_k64,text_pca256_lexical_w005
6131,0,minibatch_k64,text_pca256_lexical_w005
6132,59,minibatch_k64,text_pca256_lexical_w005
6133,59,minibatch_k64,text_pca256_lexical_w005
6134,59,minibatch_k64,text_pca256_lexical_w005
6135,59,minibatch_k64,text_pca256_lexical_w005
6136,0,minibatch_k64,text_pca256_lexical_w005
6137,42,minibatch_k64,text_pca256_lexical_w005
6138,53,minibatch_k64,text_pca256_lexical_w005
6139,30,minibatch_k64,text_pca256_lexical_w005
6140,45,minibatch_k64,text_pca256_lexical_w005
6141,59,minibatch_k64,text_pca256_lexical_w005
6142,10,minibatch_k64,text_pca256_lexical_w005
6143,33,minibatch_k64,text_pca256_lexical_w005
6144,59,minibatch_k64,text_pca256_lexical_w005
6145,59,minibatch_k64,text_pca256_lexical_w005
6146,10,minibatch_k64,text_pca256_lexical_w005
6147,10,minibatch_k64,text_pca256_lexical_w005
6148,59,minibatch_k64,text_pca256_lexical_w005
6149,23,minibatch_k64,text_pca256_lexical_w005
6150,30,minibatch_k64,text_pca256_lexical_w005
6151,8,minibatch_k64,text_pca256_lexical_w005
6152,59,minibatch_k64,text_pca256_lexical_w005
6153,59,minibatch_k64,text_pca256_lexical_w005
6154,59,minibatch_k64,text_pca256_lexical_w005
6155,59,minibatch_k64,text_pca256_lexical_w005
6156,30,minibatch_k64,text_pca256_lexical_w005
6157,0,minibatch_k64,text_pca256_lexical_w005
6158,10,minibatch_k64,text_pca256_lexical_w005
6159,53,minibatch_k64,text_pca256_lexical_w005
6160,45,minibatch_k64,text_pca256_lexical_w005
6161,59,minibatch_k64,text_pca256_lexical_w005
6162,45,minibatch_k64,text_pca256_lexical_w005
6163,59,minibatch_k64,text_pca256_lexical_w005
6164,59,minibatch_k64,text_pca256_lexical_w005
6165,59,minibatch_k64,text_pca256_lexical_w005
6166,45,minibatch_k64,text_pca256_lexical_w005
6167,45,minibatch_k64,text_pca256_lexical_w005
6168,59,minibatch_k64,text_pca256_lexical_w005
6169,45,minibatch_k64,text_pca256_lexical_w005
6170,8,minibatch_k64,text_pca256_lexical_w005
6171,0,minibatch_k64,text_pca256_lexical_w005
6172,59,minibatch_k64,text_pca256_lexical_w005
6173,45,minibatch_k64,text_pca256_lexical_w005
6174,45,minibatch_k64,text_pca256_lexical_w005
6175,2,minibatch_k64,text_pca256_lexical_w005
6176,10,minibatch_k64,text_pca256_lexical_w005
6177,45,minibatch_k64,text_pca256_lexical_w005
6178,0,minibatch_k64,text_pca256_lexical_w005
6179,59,minibatch_k64,text_pca256_lexical_w005
6180,23,minibatch_k64,text_pca256_lexical_w005
6181,2,minibatch_k64,text_pca256_lexical_w005
6182,59,minibatch_k64,text_pca256_lexical_w005
6183,59,minibatch_k64,text_pca256_lexical_w005
6184,59,minibatch_k64,text_pca256_lexical_w005
6185,0,minibatch_k64,text_pca256_lexical_w005
6186,8,minibatch_k64,text_pca256_lexical_w005
6187,10,minibatch_k64,text_pca256_lexical_w005
6188,0,minibatch_k64,text_pca256_lexical_w005
6189,45,minibatch_k64,text_pca256_lexical_w005
6190,2,minibatch_k64,text_pca256_lexical_w005
6191,59,minibatch_k64,text_pca256_lexical_w005
6192,59,minibatch_k64,text_pca256_lexical_w005
6193,2,minibatch_k64,text_pca256_lexical_w005
6194,62,minibatch_k64,text_pca256_lexical_w005
6195,59,minibatch_k64,text_pca256_lexical_w005
6196,2,minibatch_k64,text_pca256_lexical_w005
6197,59,minibatch_k64,text_pca256_lexical_w005
6198,59,minibatch_k64,text_pca256_lexical_w005
6199,8,minibatch_k64,text_pca256_lexical_w005
6200,59,minibatch_k64,text_pca256_lexical_w005
6201,59,minibatch_k64,text_pca256_lexical_w005
6202,59,minibatch_k64,text_pca256_lexical_w005
6203,59,minibatch_k64,text_pca256_lexical_w005
6204,15,minibatch_k64,text_pca256_lexical_w005
6205,45,minibatch_k64,text_pca256_lexical_w005
6206,59,minibatch_k64,text_pca256_lexical_w005
6207,59,minibatch_k64,text_pca256_lexical_w005
6208,59,minibatch_k64,text_pca256_lexical_w005
6209,15,minibatch_k64,text_pca256_lexical_w005
6210,62,minibatch_k64,text_pca256_lexical_w005
6211,45,minibatch_k64,text_pca256_lexical_w005
6212,59,minibatch_k64,text_pca256_lexical_w005
6213,21,minibatch_k64,text_pca256_lexical_w005
6214,2,minibatch_k64,text_pca256_lexical_w005
6215,0,minibatch_k64,text_pca256_lexical_w005
6216,48,minibatch_k64,text_pca256_lexical_w005
6217,8,minibatch_k64,text_pca256_lexical_w005
6218,0,minibatch_k64,text_pca256_lexical_w005
6219,0,minibatch_k64,text_pca256_lexical_w005
6220,59,minibatch_k64,text_pca256_lexical_w005
6221,8,minibatch_k64,text_pca256_lexical_w005
6222,59,minibatch_k64,text_pca256_lexical_w005
6223,59,minibatch_k64,text_pca256_lexical_w005
6224,59,minibatch_k64,text_pca256_lexical_w005
6225,62,minibatch_k64,text_pca256_lexical_w005
6226,56,minibatch_k64,text_pca256_lexical_w005
6227,2,minibatch_k64,text_pca256_lexical_w005
6228,2,minibatch_k64,text_pca256_lexical_w005
6229,59,minibatch_k64,text_pca256_lexical_w005
6230,59,minibatch_k64,text_pca256_lexical_w005
6231,23,minibatch_k64,text_pca256_lexical_w005
6232,8,minibatch_k64,text_pca256_lexical_w005
6233,8,minibatch_k64,text_pca256_lexical_w005
6234,48,minibatch_k64,text_pca256_lexical_w005
6235,45,minibatch_k64,text_pca256_lexical_w005
6236,23,minibatch_k64,text_pca256_lexical_w005
6237,59,minibatch_k64,text_pca256_lexical_w005
6238,8,minibatch_k64,text_pca256_lexical_w005
6239,59,minibatch_k64,text_pca256_lexical_w005
6240,59,minibatch_k64,text_pca256_lexical_w005
6241,59,minibatch_k64,text_pca256_lexical_w005
6242,0,minibatch_k64,text_pca256_lexical_w005
6243,45,minibatch_k64,text_pca256_lexical_w005
6244,45,minibatch_k64,text_pca256_lexical_w005
6245,39,minibatch_k64,text_pca256_lexical_w005
6246,59,minibatch_k64,text_pca256_lexical_w005
6247,10,minibatch_k64,text_pca256_lexical_w005
6248,10,minibatch_k64,text_pca256_lexical_w005
6249,10,minibatch_k64,text_pca256_lexical_w005
6250,45,minibatch_k64,text_pca256_lexical_w005
6251,10,minibatch_k64,text_pca256_lexical_w005
6252,45,minibatch_k64,text_pca256_lexical_w005
6253,45,minibatch_k64,text_pca256_lexical_w005
6254,23,minibatch_k64,text_pca256_lexical_w005
6255,8,minibatch_k64,text_pca256_lexical_w005
6256,0,minibatch_k64,text_pca256_lexical_w005
6257,8,minibatch_k64,text_pca256_lexical_w005
6258,23,minibatch_k64,text_pca256_lexical_w005
6259,0,minibatch_k64,text_pca256_lexical_w005
6260,15,minibatch_k64,text_pca256_lexical_w005
6261,23,minibatch_k64,text_pca256_lexical_w005
6262,39,minibatch_k64,text_pca256_lexical_w005
6263,33,minibatch_k64,text_pca256_lexical_w005
6264,21,minibatch_k64,text_pca256_lexical_w005
6265,5,minibatch_k64,text_pca256_lexical_w005
6266,33,minibatch_k64,text_pca256_lexical_w005
6267,5,minibatch_k64,text_pca256_lexical_w005
6268,4,minibatch_k64,text_pca256_lexical_w005
6269,42,minibatch_k64,text_pca256_lexical_w005
6270,2,minibatch_k64,text_pca256_lexical_w005
6271,0,minibatch_k64,text_pca256_lexical_w005
6272,2,minibatch_k64,text_pca256_lexical_w005
6273,62,minibatch_k64,text_pca256_lexical_w005
6274,47,minibatch_k64,text_pca256_lexical_w005
6275,62,minibatch_k64,text_pca256_lexical_w005
6276,0,minibatch_k64,text_pca256_lexical_w005
6277,59,minibatch_k64,text_pca256_lexical_w005
6278,5,minibatch_k64,text_pca256_lexical_w005
6279,46,minibatch_k64,text_pca256_lexical_w005
6280,46,minibatch_k64,text_pca256_lexical_w005
6281,5,minibatch_k64,text_pca256_lexical_w005
6282,5,minibatch_k64,text_pca256_lexical_w005
6283,5,minibatch_k64,text_pca256_lexical_w005
6284,21,minibatch_k64,text_pca256_lexical_w005
6285,5,minibatch_k64,text_pca256_lexical_w005
6286,42,minibatch_k64,text_pca256_lexical_w005
6287,46,minibatch_k64,text_pca256_lexical_w005
6288,46,minibatch_k64,text_pca256_lexical_w005
6289,46,minibatch_k64,text_pca256_lexical_w005
6290,5,minibatch_k64,text_pca256_lexical_w005
6291,59,minibatch_k64,text_pca256_lexical_w005
6292,5,minibatch_k64,text_pca256_lexical_w005
6293,5,minibatch_k64,text_pca256_lexical_w005
6294,5,minibatch_k64,text_pca256_lexical_w005
6295,5,minibatch_k64,text_pca256_lexical_w005
6296,5,minibatch_k64,text_pca256_lexical_w005
6297,42,minibatch_k64,text_pca256_lexical_w005
6298,5,minibatch_k64,text_pca256_lexical_w005
6299,5,minibatch_k64,text_pca256_lexical_w005
6300,8,minibatch_k64,text_pca256_lexical_w005
6301,15,minibatch_k64,text_pca256_lexical_w005
6302,62,minibatch_k64,text_pca256_lexical_w005
6303,62,minibatch_k64,text_pca256_lexical_w005
6304,5,minibatch_k64,text_pca256_lexical_w005
6305,5,minibatch_k64,text_pca256_lexical_w005
6306,5,minibatch_k64,text_pca256_lexical_w005
6307,5,minibatch_k64,text_pca256_lexical_w005
6308,5,minibatch_k64,text_pca256_lexical_w005
6309,10,minibatch_k64,text_pca256_lexical_w005
6310,8,minibatch_k64,text_pca256_lexical_w005
6311,46,minibatch_k64,text_pca256_lexical_w005
6312,0,minibatch_k64,text_pca256_lexical_w005
6313,0,minibatch_k64,text_pca256_lexical_w005
6314,42,minibatch_k64,text_pca256_lexical_w005
6315,46,minibatch_k64,text_pca256_lexical_w005
6316,46,minibatch_k64,text_pca256_lexical_w005
6317,62,minibatch_k64,text_pca256_lexical_w005
6318,62,minibatch_k64,text_pca256_lexical_w005
6319,39,minibatch_k64,text_pca256_lexical_w005
6320,33,minibatch_k64,text_pca256_lexical_w005
6321,42,minibatch_k64,text_pca256_lexical_w005
6322,62,minibatch_k64,text_pca256_lexical_w005
6323,5,minibatch_k64,text_pca256_lexical_w005
6324,46,minibatch_k64,text_pca256_lexical_w005
6325,5,minibatch_k64,text_pca256_lexical_w005
6326,5,minibatch_k64,text_pca256_lexical_w005
6327,62,minibatch_k64,text_pca256_lexical_w005
6328,5,minibatch_k64,text_pca256_lexical_w005
6329,5,minibatch_k64,text_pca256_lexical_w005
6330,8,minibatch_k64,text_pca256_lexical_w005
6331,50,minibatch_k64,text_pca256_lexical_w005
6332,5,minibatch_k64,text_pca256_lexical_w005
6333,15,minibatch_k64,text_pca256_lexical_w005
6334,5,minibatch_k64,text_pca256_lexical_w005
6335,46,minibatch_k64,text_pca256_lexical_w005
6336,23,minibatch_k64,text_pca256_lexical_w005
6337,5,minibatch_k64,text_pca256_lexical_w005
6338,45,minibatch_k64,text_pca256_lexical_w005
6339,45,minibatch_k64,text_pca256_lexical_w005
6340,23,minibatch_k64,text_pca256_lexical_w005
6341,10,minibatch_k64,text_pca256_lexical_w005
6342,0,minibatch_k64,text_pca256_lexical_w005
6343,0,minibatch_k64,text_pca256_lexical_w005
6344,5,minibatch_k64,text_pca256_lexical_w005
6345,46,minibatch_k64,text_pca256_lexical_w005
6346,5,minibatch_k64,text_pca256_lexical_w005
6347,4,minibatch_k64,text_pca256_lexical_w005
6348,0,minibatch_k64,text_pca256_lexical_w005
6349,5,minibatch_k64,text_pca256_lexical_w005
6350,5,minibatch_k64,text_pca256_lexical_w005
6351,0,minibatch_k64,text_pca256_lexical_w005
6352,42,minibatch_k64,text_pca256_lexical_w005
6353,5,minibatch_k64,text_pca256_lexical_w005
6354,5,minibatch_k64,text_pca256_lexical_w005
6355,8,minibatch_k64,text_pca256_lexical_w005
6356,15,minibatch_k64,text_pca256_lexical_w005
6357,21,minibatch_k64,text_pca256_lexical_w005
6358,5,minibatch_k64,text_pca256_lexical_w005
6359,0,minibatch_k64,text_pca256_lexical_w005
6360,62,minibatch_k64,text_pca256_lexical_w005
6361,23,minibatch_k64,text_pca256_lexical_w005
6362,42,minibatch_k64,text_pca256_lexical_w005
6363,10,minibatch_k64,text_pca256_lexical_w005
6364,5,minibatch_k64,text_pca256_lexical_w005
6365,45,minibatch_k64,text_pca256_lexical_w005
6366,23,minibatch_k64,text_pca256_lexical_w005
6367,5,minibatch_k64,text_pca256_lexical_w005
6368,5,minibatch_k64,text_pca256_lexical_w005
6369,23,minibatch_k64,text_pca256_lexical_w005
6370,5,minibatch_k64,text_pca256_lexical_w005
6371,0,minibatch_k64,text_pca256_lexical_w005
6372,8,minibatch_k64,text_pca256_lexical_w005
6373,23,minibatch_k64,text_pca256_lexical_w005
6374,5,minibatch_k64,text_pca256_lexical_w005
6375,5,minibatch_k64,text_pca256_lexical_w005
6376,42,minibatch_k64,text_pca256_lexical_w005
6377,15,minibatch_k64,text_pca256_lexical_w005
6378,5,minibatch_k64,text_pca256_lexical_w005
6379,5,minibatch_k64,text_pca256_lexical_w005
6380,42,minibatch_k64,text_pca256_lexical_w005
6381,5,minibatch_k64,text_pca256_lexical_w005
6382,62,minibatch_k64,text_pca256_lexical_w005
6383,5,minibatch_k64,text_pca256_lexical_w005
6384,5,minibatch_k64,text_pca256_lexical_w005
6385,42,minibatch_k64,text_pca256_lexical_w005
6386,45,minibatch_k64,text_pca256_lexical_w005
6387,23,minibatch_k64,text_pca256_lexical_w005
6388,46,minibatch_k64,text_pca256_lexical_w005
6389,5,minibatch_k64,text_pca256_lexical_w005
6390,2,minibatch_k64,text_pca256_lexical_w005
6391,5,minibatch_k64,text_pca256_lexical_w005
6392,46,minibatch_k64,text_pca256_lexical_w005
6393,5,minibatch_k64,text_pca256_lexical_w005
6394,5,minibatch_k64,text_pca256_lexical_w005
6395,5,minibatch_k64,text_pca256_lexical_w005
6396,0,minibatch_k64,text_pca256_lexical_w005
6397,23,minibatch_k64,text_pca256_lexical_w005
6398,5,minibatch_k64,text_pca256_lexical_w005
6399,5,minibatch_k64,text_pca256_lexical_w005
6400,59,minibatch_k64,text_pca256_lexical_w005
6401,56,minibatch_k64,text_pca256_lexical_w005
6402,23,minibatch_k64,text_pca256_lexical_w005
6403,5,minibatch_k64,text_pca256_lexical_w005
6404,15,minibatch_k64,text_pca256_lexical_w005
6405,62,minibatch_k64,text_pca256_lexical_w005
6406,23,minibatch_k64,text_pca256_lexical_w005
6407,0,minibatch_k64,text_pca256_lexical_w005
6408,8,minibatch_k64,text_pca256_lexical_w005
6409,62,minibatch_k64,text_pca256_lexical_w005
6410,0,minibatch_k64,text_pca256_lexical_w005
6411,0,minibatch_k64,text_pca256_lexical_w005
6412,8,minibatch_k64,text_pca256_lexical_w005
6413,10,minibatch_k64,text_pca256_lexical_w005
6414,23,minibatch_k64,text_pca256_lexical_w005
6415,23,minibatch_k64,text_pca256_lexical_w005
6416,23,minibatch_k64,text_pca256_lexical_w005
6417,0,minibatch_k64,text_pca256_lexical_w005
6418,23,minibatch_k64,text_pca256_lexical_w005
6419,8,minibatch_k64,text_pca256_lexical_w005
6420,23,minibatch_k64,text_pca256_lexical_w005
6421,10,minibatch_k64,text_pca256_lexical_w005
6422,23,minibatch_k64,text_pca256_lexical_w005
6423,0,minibatch_k64,text_pca256_lexical_w005
6424,8,minibatch_k64,text_pca256_lexical_w005
6425,62,minibatch_k64,text_pca256_lexical_w005
6426,59,minibatch_k64,text_pca256_lexical_w005
6427,8,minibatch_k64,text_pca256_lexical_w005
6428,23,minibatch_k64,text_pca256_lexical_w005
6429,0,minibatch_k64,text_pca256_lexical_w005
6430,33,minibatch_k64,text_pca256_lexical_w005
6431,0,minibatch_k64,text_pca256_lexical_w005
6432,23,minibatch_k64,text_pca256_lexical_w005
6433,62,minibatch_k64,text_pca256_lexical_w005
6434,18,minibatch_k64,text_pca256_lexical_w005
6435,0,minibatch_k64,text_pca256_lexical_w005
6436,62,minibatch_k64,text_pca256_lexical_w005
6437,8,minibatch_k64,text_pca256_lexical_w005
6438,62,minibatch_k64,text_pca256_lexical_w005
6439,0,minibatch_k64,text_pca256_lexical_w005
6440,18,minibatch_k64,text_pca256_lexical_w005
6441,15,minibatch_k64,text_pca256_lexical_w005
6442,23,minibatch_k64,text_pca256_lexical_w005
6443,15,minibatch_k64,text_pca256_lexical_w005
6444,23,minibatch_k64,text_pca256_lexical_w005
6445,5,minibatch_k64,text_pca256_lexical_w005
6446,23,minibatch_k64,text_pca256_lexical_w005
6447,0,minibatch_k64,text_pca256_lexical_w005
6448,23,minibatch_k64,text_pca256_lexical_w005
6449,23,minibatch_k64,text_pca256_lexical_w005
6450,39,minibatch_k64,text_pca256_lexical_w005
6451,23,minibatch_k64,text_pca256_lexical_w005
6452,23,minibatch_k64,text_pca256_lexical_w005
6453,8,minibatch_k64,text_pca256_lexical_w005
6454,62,minibatch_k64,text_pca256_lexical_w005
6455,0,minibatch_k64,text_pca256_lexical_w005
6456,0,minibatch_k64,text_pca256_lexical_w005
6457,15,minibatch_k64,text_pca256_lexical_w005
6458,23,minibatch_k64,text_pca256_lexical_w005
6459,23,minibatch_k64,text_pca256_lexical_w005
6460,23,minibatch_k64,text_pca256_lexical_w005
6461,62,minibatch_k64,text_pca256_lexical_w005
6462,23,minibatch_k64,text_pca256_lexical_w005
6463,23,minibatch_k64,text_pca256_lexical_w005
6464,23,minibatch_k64,text_pca256_lexical_w005
6465,8,minibatch_k64,text_pca256_lexical_w005
6466,23,minibatch_k64,text_pca256_lexical_w005
6467,8,minibatch_k64,text_pca256_lexical_w005
6468,21,minibatch_k64,text_pca256_lexical_w005
6469,42,minibatch_k64,text_pca256_lexical_w005
6470,5,minibatch_k64,text_pca256_lexical_w005
6471,5,minibatch_k64,text_pca256_lexical_w005
6472,5,minibatch_k64,text_pca256_lexical_w005
6473,5,minibatch_k64,text_pca256_lexical_w005
6474,5,minibatch_k64,text_pca256_lexical_w005
6475,0,minibatch_k64,text_pca256_lexical_w005
6476,0,minibatch_k64,text_pca256_lexical_w005
6477,15,minibatch_k64,text_pca256_lexical_w005
6478,5,minibatch_k64,text_pca256_lexical_w005
6479,15,minibatch_k64,text_pca256_lexical_w005
6480,5,minibatch_k64,text_pca256_lexical_w005
6481,62,minibatch_k64,text_pca256_lexical_w005
6482,4,minibatch_k64,text_pca256_lexical_w005
6483,4,minibatch_k64,text_pca256_lexical_w005
6484,15,minibatch_k64,text_pca256_lexical_w005
6485,33,minibatch_k64,text_pca256_lexical_w005
6486,46,minibatch_k64,text_pca256_lexical_w005
6487,5,minibatch_k64,text_pca256_lexical_w005
6488,5,minibatch_k64,text_pca256_lexical_w005
6489,62,minibatch_k64,text_pca256_lexical_w005
6490,15,minibatch_k64,text_pca256_lexical_w005
6491,10,minibatch_k64,text_pca256_lexical_w005
6492,0,minibatch_k64,text_pca256_lexical_w005
6493,23,minibatch_k64,text_pca256_lexical_w005
6494,0,minibatch_k64,text_pca256_lexical_w005
6495,0,minibatch_k64,text_pca256_lexical_w005
6496,5,minibatch_k64,text_pca256_lexical_w005
6497,5,minibatch_k64,text_pca256_lexical_w005
6498,47,minibatch_k64,text_pca256_lexical_w005
6499,62,minibatch_k64,text_pca256_lexical_w005
6500,23,minibatch_k64,text_pca256_lexical_w005
6501,45,minibatch_k64,text_pca256_lexical_w005
6502,0,minibatch_k64,text_pca256_lexical_w005
6503,23,minibatch_k64,text_pca256_lexical_w005
6504,0,minibatch_k64,text_pca256_lexical_w005
6505,0,minibatch_k64,text_pca256_lexical_w005
6506,33,minibatch_k64,text_pca256_lexical_w005
6507,21,minibatch_k64,text_pca256_lexical_w005
6508,0,minibatch_k64,text_pca256_lexical_w005
6509,61,minibatch_k64,text_pca256_lexical_w005
6510,21,minibatch_k64,text_pca256_lexical_w005
6511,23,minibatch_k64,text_pca256_lexical_w005
6512,0,minibatch_k64,text_pca256_lexical_w005
6513,55,minibatch_k64,text_pca256_lexical_w005
6514,0,minibatch_k64,text_pca256_lexical_w005
6515,0,minibatch_k64,text_pca256_lexical_w005
6516,10,minibatch_k64,text_pca256_lexical_w005
6517,0,minibatch_k64,text_pca256_lexical_w005
6518,12,minibatch_k64,text_pca256_lexical_w005
6519,62,minibatch_k64,text_pca256_lexical_w005
6520,40,minibatch_k64,text_pca256_lexical_w005
6521,0,minibatch_k64,text_pca256_lexical_w005
6522,62,minibatch_k64,text_pca256_lexical_w005
6523,0,minibatch_k64,text_pca256_lexical_w005
6524,23,minibatch_k64,text_pca256_lexical_w005
6525,38,minibatch_k64,text_pca256_lexical_w005
6526,23,minibatch_k64,text_pca256_lexical_w005
6527,55,minibatch_k64,text_pca256_lexical_w005
6528,5,minibatch_k64,text_pca256_lexical_w005
6529,0,minibatch_k64,text_pca256_lexical_w005
6530,38,minibatch_k64,text_pca256_lexical_w005
6531,0,minibatch_k64,text_pca256_lexical_w005
6532,12,minibatch_k64,text_pca256_lexical_w005
6533,33,minibatch_k64,text_pca256_lexical_w005
6534,12,minibatch_k64,text_pca256_lexical_w005
6535,0,minibatch_k64,text_pca256_lexical_w005
6536,0,minibatch_k64,text_pca256_lexical_w005
6537,21,minibatch_k64,text_pca256_lexical_w005
6538,38,minibatch_k64,text_pca256_lexical_w005
6539,0,minibatch_k64,text_pca256_lexical_w005
6540,39,minibatch_k64,text_pca256_lexical_w005
6541,0,minibatch_k64,text_pca256_lexical_w005
6542,21,minibatch_k64,text_pca256_lexical_w005
6543,21,minibatch_k64,text_pca256_lexical_w005
6544,50,minibatch_k64,text_pca256_lexical_w005
6545,10,minibatch_k64,text_pca256_lexical_w005
6546,0,minibatch_k64,text_pca256_lexical_w005
6547,0,minibatch_k64,text_pca256_lexical_w005
6548,15,minibatch_k64,text_pca256_lexical_w005
6549,0,minibatch_k64,text_pca256_lexical_w005
6550,33,minibatch_k64,text_pca256_lexical_w005
6551,38,minibatch_k64,text_pca256_lexical_w005
6552,0,minibatch_k64,text_pca256_lexical_w005
6553,38,minibatch_k64,text_pca256_lexical_w005
6554,0,minibatch_k64,text_pca256_lexical_w005
6555,38,minibatch_k64,text_pca256_lexical_w005
6556,0,minibatch_k64,text_pca256_lexical_w005
6557,38,minibatch_k64,text_pca256_lexical_w005
6558,0,minibatch_k64,text_pca256_lexical_w005
6559,38,minibatch_k64,text_pca256_lexical_w005
6560,36,minibatch_k64,text_pca256_lexical_w005
6561,0,minibatch_k64,text_pca256_lexical_w005
6562,10,minibatch_k64,text_pca256_lexical_w005
6563,38,minibatch_k64,text_pca256_lexical_w005
6564,0,minibatch_k64,text_pca256_lexical_w005
6565,38,minibatch_k64,text_pca256_lexical_w005
6566,36,minibatch_k64,text_pca256_lexical_w005
6567,0,minibatch_k64,text_pca256_lexical_w005
6568,62,minibatch_k64,text_pca256_lexical_w005
6569,0,minibatch_k64,text_pca256_lexical_w005
6570,34,minibatch_k64,text_pca256_lexical_w005
6571,34,minibatch_k64,text_pca256_lexical_w005
6572,7,minibatch_k64,text_pca256_lexical_w005
6573,34,minibatch_k64,text_pca256_lexical_w005
6574,7,minibatch_k64,text_pca256_lexical_w005
6575,61,minibatch_k64,text_pca256_lexical_w005
6576,0,minibatch_k64,text_pca256_lexical_w005
6577,10,minibatch_k64,text_pca256_lexical_w005
6578,5,minibatch_k64,text_pca256_lexical_w005
6579,0,minibatch_k64,text_pca256_lexical_w005
6580,0,minibatch_k64,text_pca256_lexical_w005
6581,61,minibatch_k64,text_pca256_lexical_w005
6582,61,minibatch_k64,text_pca256_lexical_w005
6583,61,minibatch_k64,text_pca256_lexical_w005
6584,61,minibatch_k64,text_pca256_lexical_w005
6585,61,minibatch_k64,text_pca256_lexical_w005
6586,62,minibatch_k64,text_pca256_lexical_w005
6587,61,minibatch_k64,text_pca256_lexical_w005
6588,61,minibatch_k64,text_pca256_lexical_w005
6589,33,minibatch_k64,text_pca256_lexical_w005
6590,0,minibatch_k64,text_pca256_lexical_w005
6591,45,minibatch_k64,text_pca256_lexical_w005
6592,18,minibatch_k64,text_pca256_lexical_w005
6593,61,minibatch_k64,text_pca256_lexical_w005
6594,61,minibatch_k64,text_pca256_lexical_w005
6595,61,minibatch_k64,text_pca256_lexical_w005
6596,61,minibatch_k64,text_pca256_lexical_w005
6597,61,minibatch_k64,text_pca256_lexical_w005
6598,61,minibatch_k64,text_pca256_lexical_w005
6599,8,minibatch_k64,text_pca256_lexical_w005
6600,61,minibatch_k64,text_pca256_lexical_w005
6601,62,minibatch_k64,text_pca256_lexical_w005
6602,39,minibatch_k64,text_pca256_lexical_w005
6603,48,minibatch_k64,text_pca256_lexical_w005
6604,18,minibatch_k64,text_pca256_lexical_w005
6605,62,minibatch_k64,text_pca256_lexical_w005
6606,5,minibatch_k64,text_pca256_lexical_w005
6607,5,minibatch_k64,text_pca256_lexical_w005
6608,62,minibatch_k64,text_pca256_lexical_w005
6609,5,minibatch_k64,text_pca256_lexical_w005
6610,33,minibatch_k64,text_pca256_lexical_w005
6611,8,minibatch_k64,text_pca256_lexical_w005
6612,0,minibatch_k64,text_pca256_lexical_w005
6613,8,minibatch_k64,text_pca256_lexical_w005
6614,0,minibatch_k64,text_pca256_lexical_w005
6615,58,minibatch_k64,text_pca256_lexical_w005
6616,58,minibatch_k64,text_pca256_lexical_w005
6617,55,minibatch_k64,text_pca256_lexical_w005
6618,54,minibatch_k64,text_pca256_lexical_w005
6619,0,minibatch_k64,text_pca256_lexical_w005
6620,5,minibatch_k64,text_pca256_lexical_w005
6621,5,minibatch_k64,text_pca256_lexical_w005
6622,21,minibatch_k64,text_pca256_lexical_w005
6623,0,minibatch_k64,text_pca256_lexical_w005
6624,8,minibatch_k64,text_pca256_lexical_w005
6625,5,minibatch_k64,text_pca256_lexical_w005
6626,0,minibatch_k64,text_pca256_lexical_w005
6627,0,minibatch_k64,text_pca256_lexical_w005
6628,8,minibatch_k64,text_pca256_lexical_w005
6629,8,minibatch_k64,text_pca256_lexical_w005
6630,58,minibatch_k64,text_pca256_lexical_w005
6631,58,minibatch_k64,text_pca256_lexical_w005
6632,55,minibatch_k64,text_pca256_lexical_w005
6633,54,minibatch_k64,text_pca256_lexical_w005
6634,0,minibatch_k64,text_pca256_lexical_w005
6635,38,minibatch_k64,text_pca256_lexical_w005
6636,55,minibatch_k64,text_pca256_lexical_w005
6637,60,minibatch_k64,text_pca256_lexical_w005
6638,0,minibatch_k64,text_pca256_lexical_w005
6639,62,minibatch_k64,text_pca256_lexical_w005
6640,37,minibatch_k64,text_pca256_lexical_w005
6641,38,minibatch_k64,text_pca256_lexical_w005
6642,55,minibatch_k64,text_pca256_lexical_w005
6643,54,minibatch_k64,text_pca256_lexical_w005
6644,62,minibatch_k64,text_pca256_lexical_w005
6645,20,minibatch_k64,text_pca256_lexical_w005
6646,47,minibatch_k64,text_pca256_lexical_w005
6647,38,minibatch_k64,text_pca256_lexical_w005
6648,55,minibatch_k64,text_pca256_lexical_w005
6649,45,minibatch_k64,text_pca256_lexical_w005
6650,47,minibatch_k64,text_pca256_lexical_w005
6651,23,minibatch_k64,text_pca256_lexical_w005
6652,18,minibatch_k64,text_pca256_lexical_w005
6653,47,minibatch_k64,text_pca256_lexical_w005
6654,23,minibatch_k64,text_pca256_lexical_w005
6655,59,minibatch_k64,text_pca256_lexical_w005
6656,59,minibatch_k64,text_pca256_lexical_w005
6657,47,minibatch_k64,text_pca256_lexical_w005
6658,10,minibatch_k64,text_pca256_lexical_w005
6659,21,minibatch_k64,text_pca256_lexical_w005
6660,33,minibatch_k64,text_pca256_lexical_w005
6661,27,minibatch_k64,text_pca256_lexical_w005
6662,38,minibatch_k64,text_pca256_lexical_w005
6663,55,minibatch_k64,text_pca256_lexical_w005
6664,39,minibatch_k64,text_pca256_lexical_w005
6665,39,minibatch_k64,text_pca256_lexical_w005
6666,39,minibatch_k64,text_pca256_lexical_w005
6667,55,minibatch_k64,text_pca256_lexical_w005
6668,60,minibatch_k64,text_pca256_lexical_w005
6669,10,minibatch_k64,text_pca256_lexical_w005
6670,59,minibatch_k64,text_pca256_lexical_w005
6671,18,minibatch_k64,text_pca256_lexical_w005
6672,59,minibatch_k64,text_pca256_lexical_w005
6673,18,minibatch_k64,text_pca256_lexical_w005
6674,45,minibatch_k64,text_pca256_lexical_w005
6675,27,minibatch_k64,text_pca256_lexical_w005
6676,62,minibatch_k64,text_pca256_lexical_w005
6677,59,minibatch_k64,text_pca256_lexical_w005
6678,62,minibatch_k64,text_pca256_lexical_w005
6679,17,minibatch_k64,text_pca256_lexical_w005
6680,30,minibatch_k64,text_pca256_lexical_w005
6681,30,minibatch_k64,text_pca256_lexical_w005
6682,17,minibatch_k64,text_pca256_lexical_w005
6683,30,minibatch_k64,text_pca256_lexical_w005
6684,17,minibatch_k64,text_pca256_lexical_w005
6685,10,minibatch_k64,text_pca256_lexical_w005
6686,17,minibatch_k64,text_pca256_lexical_w005
6687,33,minibatch_k64,text_pca256_lexical_w005
6688,10,minibatch_k64,text_pca256_lexical_w005
6689,17,minibatch_k64,text_pca256_lexical_w005
6690,30,minibatch_k64,text_pca256_lexical_w005
6691,17,minibatch_k64,text_pca256_lexical_w005
6692,10,minibatch_k64,text_pca256_lexical_w005
6693,30,minibatch_k64,text_pca256_lexical_w005
6694,30,minibatch_k64,text_pca256_lexical_w005
6695,17,minibatch_k64,text_pca256_lexical_w005
6696,33,minibatch_k64,text_pca256_lexical_w005
6697,30,minibatch_k64,text_pca256_lexical_w005
6698,30,minibatch_k64,text_pca256_lexical_w005
6699,30,minibatch_k64,text_pca256_lexical_w005
6700,33,minibatch_k64,text_pca256_lexical_w005
6701,45,minibatch_k64,text_pca256_lexical_w005
6702,45,minibatch_k64,text_pca256_lexical_w005
6703,33,minibatch_k64,text_pca256_lexical_w005
6704,23,minibatch_k64,text_pca256_lexical_w005
6705,62,minibatch_k64,text_pca256_lexical_w005
6706,62,minibatch_k64,text_pca256_lexical_w005
6707,17,minibatch_k64,text_pca256_lexical_w005
6708,6,minibatch_k64,text_pca256_lexical_w005
6709,62,minibatch_k64,text_pca256_lexical_w005
6710,62,minibatch_k64,text_pca256_lexical_w005
6711,62,minibatch_k64,text_pca256_lexical_w005
6712,8,minibatch_k64,text_pca256_lexical_w005
6713,62,minibatch_k64,text_pca256_lexical_w005
6714,62,minibatch_k64,text_pca256_lexical_w005
6715,62,minibatch_k64,text_pca256_lexical_w005
6716,59,minibatch_k64,text_pca256_lexical_w005
6717,10,minibatch_k64,text_pca256_lexical_w005
6718,62,minibatch_k64,text_pca256_lexical_w005
6719,62,minibatch_k64,text_pca256_lexical_w005
6720,6,minibatch_k64,text_pca256_lexical_w005
6721,62,minibatch_k64,text_pca256_lexical_w005
6722,62,minibatch_k64,text_pca256_lexical_w005
6723,21,minibatch_k64,text_pca256_lexical_w005
6724,59,minibatch_k64,text_pca256_lexical_w005
6725,59,minibatch_k64,text_pca256_lexical_w005
6726,6,minibatch_k64,text_pca256_lexical_w005
6727,33,minibatch_k64,text_pca256_lexical_w005
6728,34,minibatch_k64,text_pca256_lexical_w005
6729,62,minibatch_k64,text_pca256_lexical_w005
6730,62,minibatch_k64,text_pca256_lexical_w005
6731,34,minibatch_k64,text_pca256_lexical_w005
6732,56,minibatch_k64,text_pca256_lexical_w005
6733,62,minibatch_k64,text_pca256_lexical_w005
6734,62,minibatch_k64,text_pca256_lexical_w005
6735,8,minibatch_k64,text_pca256_lexical_w005
6736,0,minibatch_k64,text_pca256_lexical_w005
6737,6,minibatch_k64,text_pca256_lexical_w005
6738,59,minibatch_k64,text_pca256_lexical_w005
6739,62,minibatch_k64,text_pca256_lexical_w005
6740,62,minibatch_k64,text_pca256_lexical_w005
6741,62,minibatch_k64,text_pca256_lexical_w005
6742,8,minibatch_k64,text_pca256_lexical_w005
6743,59,minibatch_k64,text_pca256_lexical_w005
6744,0,minibatch_k64,text_pca256_lexical_w005
6745,62,minibatch_k64,text_pca256_lexical_w005
6746,62,minibatch_k64,text_pca256_lexical_w005
6747,62,minibatch_k64,text_pca256_lexical_w005
6748,10,minibatch_k64,text_pca256_lexical_w005
6749,10,minibatch_k64,text_pca256_lexical_w005
6750,62,minibatch_k64,text_pca256_lexical_w005
6751,62,minibatch_k64,text_pca256_lexical_w005
6752,8,minibatch_k64,text_pca256_lexical_w005
6753,8,minibatch_k64,text_pca256_lexical_w005
6754,62,minibatch_k64,text_pca256_lexical_w005
6755,6,minibatch_k64,text_pca256_lexical_w005
6756,62,minibatch_k64,text_pca256_lexical_w005
6757,59,minibatch_k64,text_pca256_lexical_w005
6758,62,minibatch_k64,text_pca256_lexical_w005
6759,33,minibatch_k64,text_pca256_lexical_w005
6760,62,minibatch_k64,text_pca256_lexical_w005
6761,62,minibatch_k64,text_pca256_lexical_w005
6762,62,minibatch_k64,text_pca256_lexical_w005
6763,6,minibatch_k64,text_pca256_lexical_w005
6764,62,minibatch_k64,text_pca256_lexical_w005
6765,34,minibatch_k64,text_pca256_lexical_w005
6766,34,minibatch_k64,text_pca256_lexical_w005
6767,62,minibatch_k64,text_pca256_lexical_w005
6768,34,minibatch_k64,text_pca256_lexical_w005
6769,41,minibatch_k64,text_pca256_lexical_w005
6770,41,minibatch_k64,text_pca256_lexical_w005
6771,41,minibatch_k64,text_pca256_lexical_w005
6772,41,minibatch_k64,text_pca256_lexical_w005
6773,59,minibatch_k64,text_pca256_lexical_w005
6774,41,minibatch_k64,text_pca256_lexical_w005
6775,33,minibatch_k64,text_pca256_lexical_w005
6776,23,minibatch_k64,text_pca256_lexical_w005
6777,0,minibatch_k64,text_pca256_lexical_w005
6778,56,minibatch_k64,text_pca256_lexical_w005
6779,15,minibatch_k64,text_pca256_lexical_w005
6780,38,minibatch_k64,text_pca256_lexical_w005
6781,56,minibatch_k64,text_pca256_lexical_w005
6782,42,minibatch_k64,text_pca256_lexical_w005
6783,0,minibatch_k64,text_pca256_lexical_w005
6784,56,minibatch_k64,text_pca256_lexical_w005
6785,33,minibatch_k64,text_pca256_lexical_w005
6786,6,minibatch_k64,text_pca256_lexical_w005
6787,6,minibatch_k64,text_pca256_lexical_w005
6788,6,minibatch_k64,text_pca256_lexical_w005
6789,10,minibatch_k64,text_pca256_lexical_w005
6790,42,minibatch_k64,text_pca256_lexical_w005
6791,42,minibatch_k64,text_pca256_lexical_w005
6792,33,minibatch_k64,text_pca256_lexical_w005
6793,42,minibatch_k64,text_pca256_lexical_w005
6794,5,minibatch_k64,text_pca256_lexical_w005
6795,5,minibatch_k64,text_pca256_lexical_w005
6796,5,minibatch_k64,text_pca256_lexical_w005
6797,5,minibatch_k64,text_pca256_lexical_w005
6798,8,minibatch_k64,text_pca256_lexical_w005
6799,0,minibatch_k64,text_pca256_lexical_w005
6800,23,minibatch_k64,text_pca256_lexical_w005
6801,55,minibatch_k64,text_pca256_lexical_w005
6802,33,minibatch_k64,text_pca256_lexical_w005
6803,23,minibatch_k64,text_pca256_lexical_w005
6804,8,minibatch_k64,text_pca256_lexical_w005
6805,25,minibatch_k64,text_pca256_lexical_w005
6806,33,minibatch_k64,text_pca256_lexical_w005
6807,8,minibatch_k64,text_pca256_lexical_w005
6808,3,minibatch_k64,text_pca256_lexical_w005
6809,42,minibatch_k64,text_pca256_lexical_w005
6810,61,minibatch_k64,text_pca256_lexical_w005
6811,61,minibatch_k64,text_pca256_lexical_w005
6812,61,minibatch_k64,text_pca256_lexical_w005
6813,10,minibatch_k64,text_pca256_lexical_w005
6814,62,minibatch_k64,text_pca256_lexical_w005
6815,61,minibatch_k64,text_pca256_lexical_w005
6816,15,minibatch_k64,text_pca256_lexical_w005
6817,15,minibatch_k64,text_pca256_lexical_w005
6818,33,minibatch_k64,text_pca256_lexical_w005
6819,38,minibatch_k64,text_pca256_lexical_w005
6820,59,minibatch_k64,text_pca256_lexical_w005
6821,0,minibatch_k64,text_pca256_lexical_w005
6822,38,minibatch_k64,text_pca256_lexical_w005
6823,58,minibatch_k64,text_pca256_lexical_w005
6824,25,minibatch_k64,text_pca256_lexical_w005
6825,8,minibatch_k64,text_pca256_lexical_w005
6826,0,minibatch_k64,text_pca256_lexical_w005
6827,3,minibatch_k64,text_pca256_lexical_w005
6828,0,minibatch_k64,text_pca256_lexical_w005
6829,42,minibatch_k64,text_pca256_lexical_w005
6830,38,minibatch_k64,text_pca256_lexical_w005
6831,58,minibatch_k64,text_pca256_lexical_w005
6832,55,minibatch_k64,text_pca256_lexical_w005
6833,42,minibatch_k64,text_pca256_lexical_w005
6834,0,minibatch_k64,text_pca256_lexical_w005
6835,3,minibatch_k64,text_pca256_lexical_w005
6836,38,minibatch_k64,text_pca256_lexical_w005
6837,58,minibatch_k64,text_pca256_lexical_w005
6838,55,minibatch_k64,text_pca256_lexical_w005
6839,0,minibatch_k64,text_pca256_lexical_w005
6840,42,minibatch_k64,text_pca256_lexical_w005
6841,42,minibatch_k64,text_pca256_lexical_w005
6842,10,minibatch_k64,text_pca256_lexical_w005
6843,42,minibatch_k64,text_pca256_lexical_w005
6844,5,minibatch_k64,text_pca256_lexical_w005
6845,5,minibatch_k64,text_pca256_lexical_w005
6846,5,minibatch_k64,text_pca256_lexical_w005
6847,0,minibatch_k64,text_pca256_lexical_w005
6848,62,minibatch_k64,text_pca256_lexical_w005
6849,23,minibatch_k64,text_pca256_lexical_w005
6850,62,minibatch_k64,text_pca256_lexical_w005
6851,0,minibatch_k64,text_pca256_lexical_w005
6852,5,minibatch_k64,text_pca256_lexical_w005
6853,5,minibatch_k64,text_pca256_lexical_w005
6854,62,minibatch_k64,text_pca256_lexical_w005
6855,21,minibatch_k64,text_pca256_lexical_w005
6856,5,minibatch_k64,text_pca256_lexical_w005
6857,5,minibatch_k64,text_pca256_lexical_w005
6858,14,minibatch_k64,text_pca256_lexical_w005
6859,0,minibatch_k64,text_pca256_lexical_w005
6860,38,minibatch_k64,text_pca256_lexical_w005
6861,58,minibatch_k64,text_pca256_lexical_w005
6862,2,minibatch_k64,text_pca256_lexical_w005
6863,55,minibatch_k64,text_pca256_lexical_w005
6864,10,minibatch_k64,text_pca256_lexical_w005
6865,61,minibatch_k64,text_pca256_lexical_w005
6866,15,minibatch_k64,text_pca256_lexical_w005
6867,15,minibatch_k64,text_pca256_lexical_w005
6868,42,minibatch_k64,text_pca256_lexical_w005
6869,2,minibatch_k64,text_pca256_lexical_w005
6870,62,minibatch_k64,text_pca256_lexical_w005
6871,5,minibatch_k64,text_pca256_lexical_w005
6872,14,minibatch_k64,text_pca256_lexical_w005
6873,42,minibatch_k64,text_pca256_lexical_w005
6874,45,minibatch_k64,text_pca256_lexical_w005
6875,18,minibatch_k64,text_pca256_lexical_w005
6876,38,minibatch_k64,text_pca256_lexical_w005
6877,58,minibatch_k64,text_pca256_lexical_w005
6878,15,minibatch_k64,text_pca256_lexical_w005
6879,0,minibatch_k64,text_pca256_lexical_w005
6880,0,minibatch_k64,text_pca256_lexical_w005
6881,15,minibatch_k64,text_pca256_lexical_w005
6882,62,minibatch_k64,text_pca256_lexical_w005
6883,8,minibatch_k64,text_pca256_lexical_w005
6884,14,minibatch_k64,text_pca256_lexical_w005
6885,62,minibatch_k64,text_pca256_lexical_w005
6886,15,minibatch_k64,text_pca256_lexical_w005
6887,59,minibatch_k64,text_pca256_lexical_w005
6888,59,minibatch_k64,text_pca256_lexical_w005
6889,29,minibatch_k64,text_pca256_lexical_w005
6890,38,minibatch_k64,text_pca256_lexical_w005
6891,58,minibatch_k64,text_pca256_lexical_w005
6892,0,minibatch_k64,text_pca256_lexical_w005
6893,45,minibatch_k64,text_pca256_lexical_w005
6894,29,minibatch_k64,text_pca256_lexical_w005
6895,45,minibatch_k64,text_pca256_lexical_w005
6896,45,minibatch_k64,text_pca256_lexical_w005
6897,62,minibatch_k64,text_pca256_lexical_w005
6898,45,minibatch_k64,text_pca256_lexical_w005
6899,0,minibatch_k64,text_pca256_lexical_w005
6900,10,minibatch_k64,text_pca256_lexical_w005
6901,0,minibatch_k64,text_pca256_lexical_w005
6902,0,minibatch_k64,text_pca256_lexical_w005
6903,62,minibatch_k64,text_pca256_lexical_w005
6904,23,minibatch_k64,text_pca256_lexical_w005
6905,0,minibatch_k64,text_pca256_lexical_w005
6906,58,minibatch_k64,text_pca256_lexical_w005
6907,0,minibatch_k64,text_pca256_lexical_w005
6908,0,minibatch_k64,text_pca256_lexical_w005
6909,45,minibatch_k64,text_pca256_lexical_w005
6910,14,minibatch_k64,text_pca256_lexical_w005
6911,0,minibatch_k64,text_pca256_lexical_w005
6912,45,minibatch_k64,text_pca256_lexical_w005
6913,15,minibatch_k64,text_pca256_lexical_w005
6914,15,minibatch_k64,text_pca256_lexical_w005
6915,0,minibatch_k64,text_pca256_lexical_w005
6916,0,minibatch_k64,text_pca256_lexical_w005
6917,3,minibatch_k64,text_pca256_lexical_w005
6918,39,minibatch_k64,text_pca256_lexical_w005
6919,21,minibatch_k64,text_pca256_lexical_w005
6920,14,minibatch_k64,text_pca256_lexical_w005
6921,38,minibatch_k64,text_pca256_lexical_w005
6922,62,minibatch_k64,text_pca256_lexical_w005
6923,58,minibatch_k64,text_pca256_lexical_w005
6924,23,minibatch_k64,text_pca256_lexical_w005
6925,0,minibatch_k64,text_pca256_lexical_w005
6926,62,minibatch_k64,text_pca256_lexical_w005
6927,62,minibatch_k64,text_pca256_lexical_w005
6928,0,minibatch_k64,text_pca256_lexical_w005
6929,8,minibatch_k64,text_pca256_lexical_w005
6930,8,minibatch_k64,text_pca256_lexical_w005
6931,0,minibatch_k64,text_pca256_lexical_w005
6932,8,minibatch_k64,text_pca256_lexical_w005
6933,2,minibatch_k64,text_pca256_lexical_w005
6934,8,minibatch_k64,text_pca256_lexical_w005
6935,62,minibatch_k64,text_pca256_lexical_w005
6936,45,minibatch_k64,text_pca256_lexical_w005
6937,38,minibatch_k64,text_pca256_lexical_w005
6938,12,minibatch_k64,text_pca256_lexical_w005
6939,53,minibatch_k64,text_pca256_lexical_w005
6940,5,minibatch_k64,text_pca256_lexical_w005
6941,15,minibatch_k64,text_pca256_lexical_w005
6942,0,minibatch_k64,text_pca256_lexical_w005
6943,0,minibatch_k64,text_pca256_lexical_w005
6944,8,minibatch_k64,text_pca256_lexical_w005
6945,62,minibatch_k64,text_pca256_lexical_w005
6946,21,minibatch_k64,text_pca256_lexical_w005
6947,62,minibatch_k64,text_pca256_lexical_w005
6948,62,minibatch_k64,text_pca256_lexical_w005
6949,15,minibatch_k64,text_pca256_lexical_w005
6950,0,minibatch_k64,text_pca256_lexical_w005
6951,62,minibatch_k64,text_pca256_lexical_w005
6952,3,minibatch_k64,text_pca256_lexical_w005
6953,23,minibatch_k64,text_pca256_lexical_w005
6954,21,minibatch_k64,text_pca256_lexical_w005
6955,0,minibatch_k64,text_pca256_lexical_w005
6956,8,minibatch_k64,text_pca256_lexical_w005
6957,0,minibatch_k64,text_pca256_lexical_w005
6958,15,minibatch_k64,text_pca256_lexical_w005
6959,42,minibatch_k64,text_pca256_lexical_w005
6960,45,minibatch_k64,text_pca256_lexical_w005
6961,14,minibatch_k64,text_pca256_lexical_w005
6962,45,minibatch_k64,text_pca256_lexical_w005
6963,62,minibatch_k64,text_pca256_lexical_w005
6964,38,minibatch_k64,text_pca256_lexical_w005
6965,0,minibatch_k64,text_pca256_lexical_w005
6966,33,minibatch_k64,text_pca256_lexical_w005
6967,0,minibatch_k64,text_pca256_lexical_w005
6968,5,minibatch_k64,text_pca256_lexical_w005
6969,5,minibatch_k64,text_pca256_lexical_w005
6970,39,minibatch_k64,text_pca256_lexical_w005
6971,62,minibatch_k64,text_pca256_lexical_w005
6972,15,minibatch_k64,text_pca256_lexical_w005
6973,5,minibatch_k64,text_pca256_lexical_w005
6974,21,minibatch_k64,text_pca256_lexical_w005
6975,10,minibatch_k64,text_pca256_lexical_w005
6976,8,minibatch_k64,text_pca256_lexical_w005
6977,4,minibatch_k64,text_pca256_lexical_w005
6978,0,minibatch_k64,text_pca256_lexical_w005
6979,62,minibatch_k64,text_pca256_lexical_w005
6980,0,minibatch_k64,text_pca256_lexical_w005
6981,0,minibatch_k64,text_pca256_lexical_w005
6982,2,minibatch_k64,text_pca256_lexical_w005
6983,2,minibatch_k64,text_pca256_lexical_w005
6984,5,minibatch_k64,text_pca256_lexical_w005
6985,0,minibatch_k64,text_pca256_lexical_w005
6986,5,minibatch_k64,text_pca256_lexical_w005
6987,21,minibatch_k64,text_pca256_lexical_w005
6988,38,minibatch_k64,text_pca256_lexical_w005
6989,15,minibatch_k64,text_pca256_lexical_w005
6990,58,minibatch_k64,text_pca256_lexical_w005
6991,0,minibatch_k64,text_pca256_lexical_w005
6992,0,minibatch_k64,text_pca256_lexical_w005
6993,8,minibatch_k64,text_pca256_lexical_w005
6994,5,minibatch_k64,text_pca256_lexical_w005
6995,14,minibatch_k64,text_pca256_lexical_w005
6996,42,minibatch_k64,text_pca256_lexical_w005
6997,2,minibatch_k64,text_pca256_lexical_w005
6998,39,minibatch_k64,text_pca256_lexical_w005
6999,39,minibatch_k64,text_pca256_lexical_w005
7000,62,minibatch_k64,text_pca256_lexical_w005
7001,23,minibatch_k64,text_pca256_lexical_w005
7002,14,minibatch_k64,text_pca256_lexical_w005
7003,8,minibatch_k64,text_pca256_lexical_w005
7004,38,minibatch_k64,text_pca256_lexical_w005
7005,58,minibatch_k64,text_pca256_lexical_w005
7006,0,minibatch_k64,text_pca256_lexical_w005
7007,0,minibatch_k64,text_pca256_lexical_w005
7008,8,minibatch_k64,text_pca256_lexical_w005
7009,4,minibatch_k64,text_pca256_lexical_w005
7010,14,minibatch_k64,text_pca256_lexical_w005
7011,21,minibatch_k64,text_pca256_lexical_w005
7012,0,minibatch_k64,text_pca256_lexical_w005
7013,62,minibatch_k64,text_pca256_lexical_w005
7014,62,minibatch_k64,text_pca256_lexical_w005
7015,42,minibatch_k64,text_pca256_lexical_w005
7016,21,minibatch_k64,text_pca256_lexical_w005
7017,2,minibatch_k64,text_pca256_lexical_w005
7018,23,minibatch_k64,text_pca256_lexical_w005
7019,8,minibatch_k64,text_pca256_lexical_w005
7020,15,minibatch_k64,text_pca256_lexical_w005
7021,23,minibatch_k64,text_pca256_lexical_w005
7022,38,minibatch_k64,text_pca256_lexical_w005
7023,0,minibatch_k64,text_pca256_lexical_w005
7024,14,minibatch_k64,text_pca256_lexical_w005
7025,21,minibatch_k64,text_pca256_lexical_w005
7026,15,minibatch_k64,text_pca256_lexical_w005
7027,62,minibatch_k64,text_pca256_lexical_w005
7028,8,minibatch_k64,text_pca256_lexical_w005
7029,0,minibatch_k64,text_pca256_lexical_w005
7030,15,minibatch_k64,text_pca256_lexical_w005
7031,33,minibatch_k64,text_pca256_lexical_w005
7032,2,minibatch_k64,text_pca256_lexical_w005
7033,38,minibatch_k64,text_pca256_lexical_w005
7034,0,minibatch_k64,text_pca256_lexical_w005
7035,21,minibatch_k64,text_pca256_lexical_w005
7036,14,minibatch_k64,text_pca256_lexical_w005
7037,8,minibatch_k64,text_pca256_lexical_w005
7038,62,minibatch_k64,text_pca256_lexical_w005
7039,8,minibatch_k64,text_pca256_lexical_w005
7040,8,minibatch_k64,text_pca256_lexical_w005
7041,8,minibatch_k64,text_pca256_lexical_w005
7042,33,minibatch_k64,text_pca256_lexical_w005
7043,15,minibatch_k64,text_pca256_lexical_w005
7044,10,minibatch_k64,text_pca256_lexical_w005
7045,15,minibatch_k64,text_pca256_lexical_w005
7046,0,minibatch_k64,text_pca256_lexical_w005
7047,0,minibatch_k64,text_pca256_lexical_w005
7048,0,minibatch_k64,text_pca256_lexical_w005
7049,2,minibatch_k64,text_pca256_lexical_w005
7050,50,minibatch_k64,text_pca256_lexical_w005
7051,0,minibatch_k64,text_pca256_lexical_w005
7052,59,minibatch_k64,text_pca256_lexical_w005
7053,61,minibatch_k64,text_pca256_lexical_w005
7054,18,minibatch_k64,text_pca256_lexical_w005
7055,10,minibatch_k64,text_pca256_lexical_w005
7056,0,minibatch_k64,text_pca256_lexical_w005
7057,0,minibatch_k64,text_pca256_lexical_w005
7058,45,minibatch_k64,text_pca256_lexical_w005
7059,50,minibatch_k64,text_pca256_lexical_w005
7060,62,minibatch_k64,text_pca256_lexical_w005
7061,14,minibatch_k64,text_pca256_lexical_w005
7062,15,minibatch_k64,text_pca256_lexical_w005
7063,21,minibatch_k64,text_pca256_lexical_w005
7064,0,minibatch_k64,text_pca256_lexical_w005
7065,0,minibatch_k64,text_pca256_lexical_w005
7066,14,minibatch_k64,text_pca256_lexical_w005
7067,33,minibatch_k64,text_pca256_lexical_w005
7068,8,minibatch_k64,text_pca256_lexical_w005
7069,21,minibatch_k64,text_pca256_lexical_w005
7070,56,minibatch_k64,text_pca256_lexical_w005
7071,42,minibatch_k64,text_pca256_lexical_w005
7072,10,minibatch_k64,text_pca256_lexical_w005
7073,0,minibatch_k64,text_pca256_lexical_w005
7074,14,minibatch_k64,text_pca256_lexical_w005
7075,14,minibatch_k64,text_pca256_lexical_w005
7076,10,minibatch_k64,text_pca256_lexical_w005
7077,0,minibatch_k64,text_pca256_lexical_w005
7078,10,minibatch_k64,text_pca256_lexical_w005
7079,62,minibatch_k64,text_pca256_lexical_w005
7080,0,minibatch_k64,text_pca256_lexical_w005
7081,50,minibatch_k64,text_pca256_lexical_w005
7082,39,minibatch_k64,text_pca256_lexical_w005
7083,59,minibatch_k64,text_pca256_lexical_w005
7084,62,minibatch_k64,text_pca256_lexical_w005
7085,62,minibatch_k64,text_pca256_lexical_w005
7086,21,minibatch_k64,text_pca256_lexical_w005
7087,15,minibatch_k64,text_pca256_lexical_w005
7088,62,minibatch_k64,text_pca256_lexical_w005
7089,5,minibatch_k64,text_pca256_lexical_w005
7090,33,minibatch_k64,text_pca256_lexical_w005
7091,62,minibatch_k64,text_pca256_lexical_w005
7092,23,minibatch_k64,text_pca256_lexical_w005
7093,62,minibatch_k64,text_pca256_lexical_w005
7094,23,minibatch_k64,text_pca256_lexical_w005
7095,0,minibatch_k64,text_pca256_lexical_w005
7096,62,minibatch_k64,text_pca256_lexical_w005
7097,56,minibatch_k64,text_pca256_lexical_w005
7098,8,minibatch_k64,text_pca256_lexical_w005
7099,62,minibatch_k64,text_pca256_lexical_w005
7100,62,minibatch_k64,text_pca256_lexical_w005
7101,0,minibatch_k64,text_pca256_lexical_w005
7102,0,minibatch_k64,text_pca256_lexical_w005
7103,62,minibatch_k64,text_pca256_lexical_w005
7104,0,minibatch_k64,text_pca256_lexical_w005
7105,62,minibatch_k64,text_pca256_lexical_w005
7106,8,minibatch_k64,text_pca256_lexical_w005
7107,62,minibatch_k64,text_pca256_lexical_w005
7108,42,minibatch_k64,text_pca256_lexical_w005
7109,62,minibatch_k64,text_pca256_lexical_w005
7110,62,minibatch_k64,text_pca256_lexical_w005
7111,42,minibatch_k64,text_pca256_lexical_w005
7112,45,minibatch_k64,text_pca256_lexical_w005
7113,62,minibatch_k64,text_pca256_lexical_w005
7114,0,minibatch_k64,text_pca256_lexical_w005
7115,62,minibatch_k64,text_pca256_lexical_w005
7116,59,minibatch_k64,text_pca256_lexical_w005
7117,0,minibatch_k64,text_pca256_lexical_w005
7118,62,minibatch_k64,text_pca256_lexical_w005
7119,0,minibatch_k64,text_pca256_lexical_w005
7120,62,minibatch_k64,text_pca256_lexical_w005
7121,62,minibatch_k64,text_pca256_lexical_w005
7122,0,minibatch_k64,text_pca256_lexical_w005
7123,0,minibatch_k64,text_pca256_lexical_w005
7124,15,minibatch_k64,text_pca256_lexical_w005
7125,14,minibatch_k64,text_pca256_lexical_w005
7126,15,minibatch_k64,text_pca256_lexical_w005
7127,33,minibatch_k64,text_pca256_lexical_w005
7128,62,minibatch_k64,text_pca256_lexical_w005
7129,46,minibatch_k64,text_pca256_lexical_w005
7130,62,minibatch_k64,text_pca256_lexical_w005
7131,29,minibatch_k64,text_pca256_lexical_w005
7132,0,minibatch_k64,text_pca256_lexical_w005
7133,45,minibatch_k64,text_pca256_lexical_w005
7134,38,minibatch_k64,text_pca256_lexical_w005
7135,59,minibatch_k64,text_pca256_lexical_w005
7136,15,minibatch_k64,text_pca256_lexical_w005
7137,58,minibatch_k64,text_pca256_lexical_w005
7138,0,minibatch_k64,text_pca256_lexical_w005
7139,55,minibatch_k64,text_pca256_lexical_w005
7140,39,minibatch_k64,text_pca256_lexical_w005
7141,4,minibatch_k64,text_pca256_lexical_w005
7142,4,minibatch_k64,text_pca256_lexical_w005
7143,56,minibatch_k64,text_pca256_lexical_w005
7144,4,minibatch_k64,text_pca256_lexical_w005
7145,2,minibatch_k64,text_pca256_lexical_w005
7146,2,minibatch_k64,text_pca256_lexical_w005
7147,8,minibatch_k64,text_pca256_lexical_w005
7148,29,minibatch_k64,text_pca256_lexical_w005
7149,2,minibatch_k64,text_pca256_lexical_w005
7150,62,minibatch_k64,text_pca256_lexical_w005
7151,8,minibatch_k64,text_pca256_lexical_w005
7152,62,minibatch_k64,text_pca256_lexical_w005
7153,62,minibatch_k64,text_pca256_lexical_w005
7154,56,minibatch_k64,text_pca256_lexical_w005
7155,45,minibatch_k64,text_pca256_lexical_w005
7156,0,minibatch_k64,text_pca256_lexical_w005
7157,59,minibatch_k64,text_pca256_lexical_w005
7158,15,minibatch_k64,text_pca256_lexical_w005
7159,62,minibatch_k64,text_pca256_lexical_w005
7160,0,minibatch_k64,text_pca256_lexical_w005
7161,29,minibatch_k64,text_pca256_lexical_w005
7162,29,minibatch_k64,text_pca256_lexical_w005
7163,29,minibatch_k64,text_pca256_lexical_w005
7164,59,minibatch_k64,text_pca256_lexical_w005
7165,0,minibatch_k64,text_pca256_lexical_w005
7166,2,minibatch_k64,text_pca256_lexical_w005
7167,29,minibatch_k64,text_pca256_lexical_w005
7168,29,minibatch_k64,text_pca256_lexical_w005
7169,62,minibatch_k64,text_pca256_lexical_w005
7170,0,minibatch_k64,text_pca256_lexical_w005
7171,29,minibatch_k64,text_pca256_lexical_w005
7172,15,minibatch_k64,text_pca256_lexical_w005
7173,0,minibatch_k64,text_pca256_lexical_w005
7174,15,minibatch_k64,text_pca256_lexical_w005
7175,62,minibatch_k64,text_pca256_lexical_w005
7176,59,minibatch_k64,text_pca256_lexical_w005
7177,29,minibatch_k64,text_pca256_lexical_w005
7178,61,minibatch_k64,text_pca256_lexical_w005
7179,61,minibatch_k64,text_pca256_lexical_w005
7180,61,minibatch_k64,text_pca256_lexical_w005
7181,50,minibatch_k64,text_pca256_lexical_w005
7182,2,minibatch_k64,text_pca256_lexical_w005
7183,8,minibatch_k64,text_pca256_lexical_w005
7184,50,minibatch_k64,text_pca256_lexical_w005
7185,8,minibatch_k64,text_pca256_lexical_w005
7186,21,minibatch_k64,text_pca256_lexical_w005
7187,8,minibatch_k64,text_pca256_lexical_w005
7188,61,minibatch_k64,text_pca256_lexical_w005
7189,8,minibatch_k64,text_pca256_lexical_w005
7190,15,minibatch_k64,text_pca256_lexical_w005
7191,15,minibatch_k64,text_pca256_lexical_w005
7192,50,minibatch_k64,text_pca256_lexical_w005
7193,15,minibatch_k64,text_pca256_lexical_w005
7194,42,minibatch_k64,text_pca256_lexical_w005
7195,32,minibatch_k64,text_pca256_lexical_w005
7196,8,minibatch_k64,text_pca256_lexical_w005
7197,21,minibatch_k64,text_pca256_lexical_w005
7198,8,minibatch_k64,text_pca256_lexical_w005
7199,2,minibatch_k64,text_pca256_lexical_w005
7200,2,minibatch_k64,text_pca256_lexical_w005
7201,33,minibatch_k64,text_pca256_lexical_w005
7202,8,minibatch_k64,text_pca256_lexical_w005
7203,10,minibatch_k64,text_pca256_lexical_w005
7204,2,minibatch_k64,text_pca256_lexical_w005
7205,2,minibatch_k64,text_pca256_lexical_w005
7206,15,minibatch_k64,text_pca256_lexical_w005
7207,8,minibatch_k64,text_pca256_lexical_w005
7208,33,minibatch_k64,text_pca256_lexical_w005
7209,15,minibatch_k64,text_pca256_lexical_w005
7210,15,minibatch_k64,text_pca256_lexical_w005
7211,2,minibatch_k64,text_pca256_lexical_w005
7212,62,minibatch_k64,text_pca256_lexical_w005
7213,33,minibatch_k64,text_pca256_lexical_w005
7214,10,minibatch_k64,text_pca256_lexical_w005
7215,42,minibatch_k64,text_pca256_lexical_w005
7216,53,minibatch_k64,text_pca256_lexical_w005
7217,15,minibatch_k64,text_pca256_lexical_w005
7218,47,minibatch_k64,text_pca256_lexical_w005
7219,2,minibatch_k64,text_pca256_lexical_w005
7220,0,minibatch_k64,text_pca256_lexical_w005
7221,32,minibatch_k64,text_pca256_lexical_w005
7222,15,minibatch_k64,text_pca256_lexical_w005
7223,62,minibatch_k64,text_pca256_lexical_w005
7224,32,minibatch_k64,text_pca256_lexical_w005
7225,16,minibatch_k64,text_pca256_lexical_w005
7226,8,minibatch_k64,text_pca256_lexical_w005
7227,32,minibatch_k64,text_pca256_lexical_w005
7228,2,minibatch_k64,text_pca256_lexical_w005
7229,16,minibatch_k64,text_pca256_lexical_w005
7230,15,minibatch_k64,text_pca256_lexical_w005
7231,15,minibatch_k64,text_pca256_lexical_w005
7232,61,minibatch_k64,text_pca256_lexical_w005
7233,10,minibatch_k64,text_pca256_lexical_w005
7234,50,minibatch_k64,text_pca256_lexical_w005
7235,32,minibatch_k64,text_pca256_lexical_w005
7236,8,minibatch_k64,text_pca256_lexical_w005
7237,32,minibatch_k64,text_pca256_lexical_w005
7238,16,minibatch_k64,text_pca256_lexical_w005
7239,38,minibatch_k64,text_pca256_lexical_w005
7240,2,minibatch_k64,text_pca256_lexical_w005
7241,2,minibatch_k64,text_pca256_lexical_w005
7242,2,minibatch_k64,text_pca256_lexical_w005
7243,47,minibatch_k64,text_pca256_lexical_w005
7244,62,minibatch_k64,text_pca256_lexical_w005
7245,47,minibatch_k64,text_pca256_lexical_w005
7246,47,minibatch_k64,text_pca256_lexical_w005
7247,47,minibatch_k64,text_pca256_lexical_w005
7248,47,minibatch_k64,text_pca256_lexical_w005
7249,47,minibatch_k64,text_pca256_lexical_w005
7250,47,minibatch_k64,text_pca256_lexical_w005
7251,47,minibatch_k64,text_pca256_lexical_w005
7252,62,minibatch_k64,text_pca256_lexical_w005
7253,30,minibatch_k64,text_pca256_lexical_w005
7254,38,minibatch_k64,text_pca256_lexical_w005
7255,15,minibatch_k64,text_pca256_lexical_w005
7256,15,minibatch_k64,text_pca256_lexical_w005
7257,21,minibatch_k64,text_pca256_lexical_w005
7258,0,minibatch_k64,text_pca256_lexical_w005
7259,8,minibatch_k64,text_pca256_lexical_w005
7260,18,minibatch_k64,text_pca256_lexical_w005
7261,2,minibatch_k64,text_pca256_lexical_w005
7262,18,minibatch_k64,text_pca256_lexical_w005
7263,18,minibatch_k64,text_pca256_lexical_w005
7264,59,minibatch_k64,text_pca256_lexical_w005
7265,45,minibatch_k64,text_pca256_lexical_w005
7266,38,minibatch_k64,text_pca256_lexical_w005
7267,45,minibatch_k64,text_pca256_lexical_w005
7268,45,minibatch_k64,text_pca256_lexical_w005
7269,8,minibatch_k64,text_pca256_lexical_w005
7270,59,minibatch_k64,text_pca256_lexical_w005
7271,0,minibatch_k64,text_pca256_lexical_w005
7272,62,minibatch_k64,text_pca256_lexical_w005
7273,45,minibatch_k64,text_pca256_lexical_w005
7274,45,minibatch_k64,text_pca256_lexical_w005
7275,45,minibatch_k64,text_pca256_lexical_w005
7276,18,minibatch_k64,text_pca256_lexical_w005
7277,10,minibatch_k64,text_pca256_lexical_w005
7278,45,minibatch_k64,text_pca256_lexical_w005
7279,45,minibatch_k64,text_pca256_lexical_w005
7280,33,minibatch_k64,text_pca256_lexical_w005
7281,27,minibatch_k64,text_pca256_lexical_w005
7282,42,minibatch_k64,text_pca256_lexical_w005
7283,2,minibatch_k64,text_pca256_lexical_w005
7284,2,minibatch_k64,text_pca256_lexical_w005
7285,30,minibatch_k64,text_pca256_lexical_w005
7286,15,minibatch_k64,text_pca256_lexical_w005
7287,2,minibatch_k64,text_pca256_lexical_w005
7288,2,minibatch_k64,text_pca256_lexical_w005
7289,48,minibatch_k64,text_pca256_lexical_w005
7290,0,minibatch_k64,text_pca256_lexical_w005
7291,15,minibatch_k64,text_pca256_lexical_w005
7292,15,minibatch_k64,text_pca256_lexical_w005
7293,42,minibatch_k64,text_pca256_lexical_w005
7294,55,minibatch_k64,text_pca256_lexical_w005
7295,15,minibatch_k64,text_pca256_lexical_w005
7296,15,minibatch_k64,text_pca256_lexical_w005
7297,15,minibatch_k64,text_pca256_lexical_w005
7298,62,minibatch_k64,text_pca256_lexical_w005
7299,8,minibatch_k64,text_pca256_lexical_w005
7300,15,minibatch_k64,text_pca256_lexical_w005
7301,15,minibatch_k64,text_pca256_lexical_w005
7302,15,minibatch_k64,text_pca256_lexical_w005
7303,15,minibatch_k64,text_pca256_lexical_w005
7304,55,minibatch_k64,text_pca256_lexical_w005
7305,15,minibatch_k64,text_pca256_lexical_w005
7306,15,minibatch_k64,text_pca256_lexical_w005
7307,15,minibatch_k64,text_pca256_lexical_w005
7308,8,minibatch_k64,text_pca256_lexical_w005
7309,15,minibatch_k64,text_pca256_lexical_w005
7310,15,minibatch_k64,text_pca256_lexical_w005
7311,10,minibatch_k64,text_pca256_lexical_w005
7312,15,minibatch_k64,text_pca256_lexical_w005
7313,15,minibatch_k64,text_pca256_lexical_w005
7314,23,minibatch_k64,text_pca256_lexical_w005
7315,0,minibatch_k64,text_pca256_lexical_w005
7316,23,minibatch_k64,text_pca256_lexical_w005
7317,23,minibatch_k64,text_pca256_lexical_w005
7318,0,minibatch_k64,text_pca256_lexical_w005
7319,0,minibatch_k64,text_pca256_lexical_w005
7320,4,minibatch_k64,text_pca256_lexical_w005
7321,4,minibatch_k64,text_pca256_lexical_w005
7322,62,minibatch_k64,text_pca256_lexical_w005
7323,10,minibatch_k64,text_pca256_lexical_w005
7324,0,minibatch_k64,text_pca256_lexical_w005
7325,15,minibatch_k64,text_pca256_lexical_w005
7326,62,minibatch_k64,text_pca256_lexical_w005
7327,10,minibatch_k64,text_pca256_lexical_w005
7328,10,minibatch_k64,text_pca256_lexical_w005
7329,0,minibatch_k64,text_pca256_lexical_w005
7330,0,minibatch_k64,text_pca256_lexical_w005
7331,8,minibatch_k64,text_pca256_lexical_w005
7332,0,minibatch_k64,text_pca256_lexical_w005
7333,45,minibatch_k64,text_pca256_lexical_w005
7334,4,minibatch_k64,text_pca256_lexical_w005
7335,0,minibatch_k64,text_pca256_lexical_w005
7336,4,minibatch_k64,text_pca256_lexical_w005
7337,21,minibatch_k64,text_pca256_lexical_w005
7338,23,minibatch_k64,text_pca256_lexical_w005
7339,5,minibatch_k64,text_pca256_lexical_w005
7340,0,minibatch_k64,text_pca256_lexical_w005
7341,62,minibatch_k64,text_pca256_lexical_w005
7342,62,minibatch_k64,text_pca256_lexical_w005
7343,23,minibatch_k64,text_pca256_lexical_w005
7344,45,minibatch_k64,text_pca256_lexical_w005
7345,62,minibatch_k64,text_pca256_lexical_w005
7346,33,minibatch_k64,text_pca256_lexical_w005
7347,0,minibatch_k64,text_pca256_lexical_w005
7348,5,minibatch_k64,text_pca256_lexical_w005
7349,5,minibatch_k64,text_pca256_lexical_w005
7350,45,minibatch_k64,text_pca256_lexical_w005
7351,4,minibatch_k64,text_pca256_lexical_w005
7352,5,minibatch_k64,text_pca256_lexical_w005
7353,5,minibatch_k64,text_pca256_lexical_w005
7354,62,minibatch_k64,text_pca256_lexical_w005
7355,8,minibatch_k64,text_pca256_lexical_w005
7356,62,minibatch_k64,text_pca256_lexical_w005
7357,62,minibatch_k64,text_pca256_lexical_w005
7358,0,minibatch_k64,text_pca256_lexical_w005
7359,21,minibatch_k64,text_pca256_lexical_w005
7360,5,minibatch_k64,text_pca256_lexical_w005
7361,5,minibatch_k64,text_pca256_lexical_w005
7362,5,minibatch_k64,text_pca256_lexical_w005
7363,45,minibatch_k64,text_pca256_lexical_w005
7364,45,minibatch_k64,text_pca256_lexical_w005
7365,10,minibatch_k64,text_pca256_lexical_w005
7366,33,minibatch_k64,text_pca256_lexical_w005
7367,33,minibatch_k64,text_pca256_lexical_w005
7368,15,minibatch_k64,text_pca256_lexical_w005
7369,5,minibatch_k64,text_pca256_lexical_w005
7370,23,minibatch_k64,text_pca256_lexical_w005
7371,62,minibatch_k64,text_pca256_lexical_w005
7372,39,minibatch_k64,text_pca256_lexical_w005
7373,39,minibatch_k64,text_pca256_lexical_w005
7374,39,minibatch_k64,text_pca256_lexical_w005
7375,39,minibatch_k64,text_pca256_lexical_w005
7376,62,minibatch_k64,text_pca256_lexical_w005
7377,15,minibatch_k64,text_pca256_lexical_w005
7378,15,minibatch_k64,text_pca256_lexical_w005
7379,0,minibatch_k64,text_pca256_lexical_w005
7380,62,minibatch_k64,text_pca256_lexical_w005
7381,59,minibatch_k64,text_pca256_lexical_w005
7382,39,minibatch_k64,text_pca256_lexical_w005
7383,23,minibatch_k64,text_pca256_lexical_w005
7384,23,minibatch_k64,text_pca256_lexical_w005
7385,5,minibatch_k64,text_pca256_lexical_w005
7386,5,minibatch_k64,text_pca256_lexical_w005
7387,5,minibatch_k64,text_pca256_lexical_w005
7388,0,minibatch_k64,text_pca256_lexical_w005
7389,58,minibatch_k64,text_pca256_lexical_w005
7390,38,minibatch_k64,text_pca256_lexical_w005
7391,21,minibatch_k64,text_pca256_lexical_w005
7392,23,minibatch_k64,text_pca256_lexical_w005
7393,55,minibatch_k64,text_pca256_lexical_w005
7394,4,minibatch_k64,text_pca256_lexical_w005
7395,23,minibatch_k64,text_pca256_lexical_w005
7396,23,minibatch_k64,text_pca256_lexical_w005
7397,5,minibatch_k64,text_pca256_lexical_w005
7398,5,minibatch_k64,text_pca256_lexical_w005
7399,0,minibatch_k64,text_pca256_lexical_w005
7400,0,minibatch_k64,text_pca256_lexical_w005
7401,62,minibatch_k64,text_pca256_lexical_w005
7402,10,minibatch_k64,text_pca256_lexical_w005
7403,23,minibatch_k64,text_pca256_lexical_w005
7404,10,minibatch_k64,text_pca256_lexical_w005
7405,0,minibatch_k64,text_pca256_lexical_w005
7406,59,minibatch_k64,text_pca256_lexical_w005
7407,61,minibatch_k64,text_pca256_lexical_w005
7408,23,minibatch_k64,text_pca256_lexical_w005
7409,61,minibatch_k64,text_pca256_lexical_w005
7410,61,minibatch_k64,text_pca256_lexical_w005
7411,61,minibatch_k64,text_pca256_lexical_w005
7412,61,minibatch_k64,text_pca256_lexical_w005
7413,62,minibatch_k64,text_pca256_lexical_w005
7414,62,minibatch_k64,text_pca256_lexical_w005
7415,2,minibatch_k64,text_pca256_lexical_w005
7416,15,minibatch_k64,text_pca256_lexical_w005
7417,62,minibatch_k64,text_pca256_lexical_w005
7418,15,minibatch_k64,text_pca256_lexical_w005
7419,10,minibatch_k64,text_pca256_lexical_w005
7420,61,minibatch_k64,text_pca256_lexical_w005
7421,61,minibatch_k64,text_pca256_lexical_w005
7422,8,minibatch_k64,text_pca256_lexical_w005
7423,62,minibatch_k64,text_pca256_lexical_w005
7424,61,minibatch_k64,text_pca256_lexical_w005
7425,62,minibatch_k64,text_pca256_lexical_w005
7426,5,minibatch_k64,text_pca256_lexical_w005
7427,5,minibatch_k64,text_pca256_lexical_w005
7428,61,minibatch_k64,text_pca256_lexical_w005
7429,5,minibatch_k64,text_pca256_lexical_w005
7430,61,minibatch_k64,text_pca256_lexical_w005
7431,61,minibatch_k64,text_pca256_lexical_w005
7432,15,minibatch_k64,text_pca256_lexical_w005
7433,62,minibatch_k64,text_pca256_lexical_w005
7434,62,minibatch_k64,text_pca256_lexical_w005
7435,0,minibatch_k64,text_pca256_lexical_w005
7436,15,minibatch_k64,text_pca256_lexical_w005
7437,15,minibatch_k64,text_pca256_lexical_w005
7438,21,minibatch_k64,text_pca256_lexical_w005
7439,61,minibatch_k64,text_pca256_lexical_w005
7440,38,minibatch_k64,text_pca256_lexical_w005
7441,15,minibatch_k64,text_pca256_lexical_w005
7442,15,minibatch_k64,text_pca256_lexical_w005
7443,15,minibatch_k64,text_pca256_lexical_w005
7444,55,minibatch_k64,text_pca256_lexical_w005
7445,5,minibatch_k64,text_pca256_lexical_w005
7446,63,minibatch_k64,text_pca256_lexical_w005
7447,5,minibatch_k64,text_pca256_lexical_w005
7448,23,minibatch_k64,text_pca256_lexical_w005
7449,4,minibatch_k64,text_pca256_lexical_w005
7450,15,minibatch_k64,text_pca256_lexical_w005
7451,10,minibatch_k64,text_pca256_lexical_w005
7452,15,minibatch_k64,text_pca256_lexical_w005
7453,0,minibatch_k64,text_pca256_lexical_w005
7454,21,minibatch_k64,text_pca256_lexical_w005
7455,62,minibatch_k64,text_pca256_lexical_w005
7456,62,minibatch_k64,text_pca256_lexical_w005
7457,62,minibatch_k64,text_pca256_lexical_w005
7458,23,minibatch_k64,text_pca256_lexical_w005
7459,62,minibatch_k64,text_pca256_lexical_w005
7460,23,minibatch_k64,text_pca256_lexical_w005
7461,23,minibatch_k64,text_pca256_lexical_w005
7462,5,minibatch_k64,text_pca256_lexical_w005
7463,38,minibatch_k64,text_pca256_lexical_w005
7464,58,minibatch_k64,text_pca256_lexical_w005
7465,10,minibatch_k64,text_pca256_lexical_w005
7466,23,minibatch_k64,text_pca256_lexical_w005
7467,45,minibatch_k64,text_pca256_lexical_w005
7468,55,minibatch_k64,text_pca256_lexical_w005
7469,23,minibatch_k64,text_pca256_lexical_w005
7470,23,minibatch_k64,text_pca256_lexical_w005
7471,15,minibatch_k64,text_pca256_lexical_w005
7472,62,minibatch_k64,text_pca256_lexical_w005
7473,5,minibatch_k64,text_pca256_lexical_w005
7474,62,minibatch_k64,text_pca256_lexical_w005
7475,62,minibatch_k64,text_pca256_lexical_w005
7476,33,minibatch_k64,text_pca256_lexical_w005
7477,5,minibatch_k64,text_pca256_lexical_w005
7478,62,minibatch_k64,text_pca256_lexical_w005
7479,62,minibatch_k64,text_pca256_lexical_w005
7480,23,minibatch_k64,text_pca256_lexical_w005
7481,15,minibatch_k64,text_pca256_lexical_w005
7482,48,minibatch_k64,text_pca256_lexical_w005
7483,48,minibatch_k64,text_pca256_lexical_w005
7484,62,minibatch_k64,text_pca256_lexical_w005
7485,0,minibatch_k64,text_pca256_lexical_w005
7486,10,minibatch_k64,text_pca256_lexical_w005
7487,62,minibatch_k64,text_pca256_lexical_w005
7488,62,minibatch_k64,text_pca256_lexical_w005
7489,10,minibatch_k64,text_pca256_lexical_w005
7490,8,minibatch_k64,text_pca256_lexical_w005
7491,33,minibatch_k64,text_pca256_lexical_w005
7492,62,minibatch_k64,text_pca256_lexical_w005
7493,0,minibatch_k64,text_pca256_lexical_w005
7494,23,minibatch_k64,text_pca256_lexical_w005
7495,62,minibatch_k64,text_pca256_lexical_w005
7496,45,minibatch_k64,text_pca256_lexical_w005
7497,8,minibatch_k64,text_pca256_lexical_w005
7498,62,minibatch_k64,text_pca256_lexical_w005
7499,0,minibatch_k64,text_pca256_lexical_w005
7500,0,minibatch_k64,text_pca256_lexical_w005
7501,45,minibatch_k64,text_pca256_lexical_w005
7502,39,minibatch_k64,text_pca256_lexical_w005
7503,62,minibatch_k64,text_pca256_lexical_w005
7504,2,minibatch_k64,text_pca256_lexical_w005
7505,23,minibatch_k64,text_pca256_lexical_w005
7506,0,minibatch_k64,text_pca256_lexical_w005
7507,0,minibatch_k64,text_pca256_lexical_w005
7508,62,minibatch_k64,text_pca256_lexical_w005
7509,62,minibatch_k64,text_pca256_lexical_w005
7510,62,minibatch_k64,text_pca256_lexical_w005
7511,62,minibatch_k64,text_pca256_lexical_w005
7512,0,minibatch_k64,text_pca256_lexical_w005
7513,33,minibatch_k64,text_pca256_lexical_w005
7514,15,minibatch_k64,text_pca256_lexical_w005
7515,0,minibatch_k64,text_pca256_lexical_w005
7516,23,minibatch_k64,text_pca256_lexical_w005
7517,42,minibatch_k64,text_pca256_lexical_w005
7518,56,minibatch_k64,text_pca256_lexical_w005
7519,46,minibatch_k64,text_pca256_lexical_w005
7520,56,minibatch_k64,text_pca256_lexical_w005
7521,4,minibatch_k64,text_pca256_lexical_w005
7522,4,minibatch_k64,text_pca256_lexical_w005
7523,56,minibatch_k64,text_pca256_lexical_w005
7524,62,minibatch_k64,text_pca256_lexical_w005
7525,56,minibatch_k64,text_pca256_lexical_w005
7526,62,minibatch_k64,text_pca256_lexical_w005
7527,0,minibatch_k64,text_pca256_lexical_w005
7528,56,minibatch_k64,text_pca256_lexical_w005
7529,56,minibatch_k64,text_pca256_lexical_w005
7530,56,minibatch_k64,text_pca256_lexical_w005
7531,42,minibatch_k64,text_pca256_lexical_w005
7532,62,minibatch_k64,text_pca256_lexical_w005
7533,56,minibatch_k64,text_pca256_lexical_w005
7534,42,minibatch_k64,text_pca256_lexical_w005
7535,62,minibatch_k64,text_pca256_lexical_w005
7536,15,minibatch_k64,text_pca256_lexical_w005
7537,56,minibatch_k64,text_pca256_lexical_w005
7538,56,minibatch_k64,text_pca256_lexical_w005
7539,56,minibatch_k64,text_pca256_lexical_w005
7540,56,minibatch_k64,text_pca256_lexical_w005
7541,56,minibatch_k64,text_pca256_lexical_w005
7542,56,minibatch_k64,text_pca256_lexical_w005
7543,56,minibatch_k64,text_pca256_lexical_w005
7544,56,minibatch_k64,text_pca256_lexical_w005
7545,46,minibatch_k64,text_pca256_lexical_w005
7546,5,minibatch_k64,text_pca256_lexical_w005
7547,0,minibatch_k64,text_pca256_lexical_w005
7548,0,minibatch_k64,text_pca256_lexical_w005
7549,15,minibatch_k64,text_pca256_lexical_w005
7550,56,minibatch_k64,text_pca256_lexical_w005
7551,8,minibatch_k64,text_pca256_lexical_w005
7552,56,minibatch_k64,text_pca256_lexical_w005
7553,56,minibatch_k64,text_pca256_lexical_w005
7554,42,minibatch_k64,text_pca256_lexical_w005
7555,56,minibatch_k64,text_pca256_lexical_w005
7556,42,minibatch_k64,text_pca256_lexical_w005
7557,52,minibatch_k64,text_pca256_lexical_w005
7558,42,minibatch_k64,text_pca256_lexical_w005
7559,62,minibatch_k64,text_pca256_lexical_w005
7560,56,minibatch_k64,text_pca256_lexical_w005
7561,56,minibatch_k64,text_pca256_lexical_w005
7562,21,minibatch_k64,text_pca256_lexical_w005
7563,56,minibatch_k64,text_pca256_lexical_w005
7564,8,minibatch_k64,text_pca256_lexical_w005
7565,56,minibatch_k64,text_pca256_lexical_w005
7566,52,minibatch_k64,text_pca256_lexical_w005
7567,56,minibatch_k64,text_pca256_lexical_w005
7568,42,minibatch_k64,text_pca256_lexical_w005
7569,56,minibatch_k64,text_pca256_lexical_w005
7570,62,minibatch_k64,text_pca256_lexical_w005
7571,8,minibatch_k64,text_pca256_lexical_w005
7572,56,minibatch_k64,text_pca256_lexical_w005
7573,8,minibatch_k64,text_pca256_lexical_w005
7574,56,minibatch_k64,text_pca256_lexical_w005
7575,42,minibatch_k64,text_pca256_lexical_w005
7576,15,minibatch_k64,text_pca256_lexical_w005
7577,33,minibatch_k64,text_pca256_lexical_w005
7578,33,minibatch_k64,text_pca256_lexical_w005
7579,52,minibatch_k64,text_pca256_lexical_w005
7580,38,minibatch_k64,text_pca256_lexical_w005
7581,56,minibatch_k64,text_pca256_lexical_w005
7582,56,minibatch_k64,text_pca256_lexical_w005
7583,25,minibatch_k64,text_pca256_lexical_w005
7584,56,minibatch_k64,text_pca256_lexical_w005
7585,56,minibatch_k64,text_pca256_lexical_w005
7586,22,minibatch_k64,text_pca256_lexical_w005
7587,56,minibatch_k64,text_pca256_lexical_w005
7588,56,minibatch_k64,text_pca256_lexical_w005
7589,29,minibatch_k64,text_pca256_lexical_w005
7590,56,minibatch_k64,text_pca256_lexical_w005
7591,8,minibatch_k64,text_pca256_lexical_w005
7592,29,minibatch_k64,text_pca256_lexical_w005
7593,56,minibatch_k64,text_pca256_lexical_w005
7594,42,minibatch_k64,text_pca256_lexical_w005
7595,0,minibatch_k64,text_pca256_lexical_w005
7596,42,minibatch_k64,text_pca256_lexical_w005
7597,42,minibatch_k64,text_pca256_lexical_w005
7598,29,minibatch_k64,text_pca256_lexical_w005
7599,46,minibatch_k64,text_pca256_lexical_w005
7600,56,minibatch_k64,text_pca256_lexical_w005
7601,29,minibatch_k64,text_pca256_lexical_w005
7602,10,minibatch_k64,text_pca256_lexical_w005
7603,56,minibatch_k64,text_pca256_lexical_w005
7604,56,minibatch_k64,text_pca256_lexical_w005
7605,56,minibatch_k64,text_pca256_lexical_w005
7606,56,minibatch_k64,text_pca256_lexical_w005
7607,56,minibatch_k64,text_pca256_lexical_w005
7608,23,minibatch_k64,text_pca256_lexical_w005
7609,56,minibatch_k64,text_pca256_lexical_w005
7610,56,minibatch_k64,text_pca256_lexical_w005
7611,8,minibatch_k64,text_pca256_lexical_w005
7612,56,minibatch_k64,text_pca256_lexical_w005
7613,56,minibatch_k64,text_pca256_lexical_w005
7614,29,minibatch_k64,text_pca256_lexical_w005
7615,0,minibatch_k64,text_pca256_lexical_w005
7616,56,minibatch_k64,text_pca256_lexical_w005
7617,29,minibatch_k64,text_pca256_lexical_w005
7618,56,minibatch_k64,text_pca256_lexical_w005
7619,10,minibatch_k64,text_pca256_lexical_w005
7620,42,minibatch_k64,text_pca256_lexical_w005
7621,56,minibatch_k64,text_pca256_lexical_w005
7622,56,minibatch_k64,text_pca256_lexical_w005
7623,8,minibatch_k64,text_pca256_lexical_w005
7624,56,minibatch_k64,text_pca256_lexical_w005
7625,52,minibatch_k64,text_pca256_lexical_w005
7626,29,minibatch_k64,text_pca256_lexical_w005
7627,42,minibatch_k64,text_pca256_lexical_w005
7628,56,minibatch_k64,text_pca256_lexical_w005
7629,29,minibatch_k64,text_pca256_lexical_w005
7630,52,minibatch_k64,text_pca256_lexical_w005
7631,50,minibatch_k64,text_pca256_lexical_w005
7632,56,minibatch_k64,text_pca256_lexical_w005
7633,0,minibatch_k64,text_pca256_lexical_w005
7634,56,minibatch_k64,text_pca256_lexical_w005
7635,52,minibatch_k64,text_pca256_lexical_w005
7636,8,minibatch_k64,text_pca256_lexical_w005
7637,56,minibatch_k64,text_pca256_lexical_w005
7638,8,minibatch_k64,text_pca256_lexical_w005
7639,21,minibatch_k64,text_pca256_lexical_w005
7640,38,minibatch_k64,text_pca256_lexical_w005
7641,56,minibatch_k64,text_pca256_lexical_w005
7642,25,minibatch_k64,text_pca256_lexical_w005
7643,55,minibatch_k64,text_pca256_lexical_w005
7644,22,minibatch_k64,text_pca256_lexical_w005
7645,46,minibatch_k64,text_pca256_lexical_w005
7646,56,minibatch_k64,text_pca256_lexical_w005
7647,4,minibatch_k64,text_pca256_lexical_w005
7648,56,minibatch_k64,text_pca256_lexical_w005
7649,56,minibatch_k64,text_pca256_lexical_w005
7650,21,minibatch_k64,text_pca256_lexical_w005
7651,56,minibatch_k64,text_pca256_lexical_w005
7652,56,minibatch_k64,text_pca256_lexical_w005
7653,56,minibatch_k64,text_pca256_lexical_w005
7654,29,minibatch_k64,text_pca256_lexical_w005
7655,29,minibatch_k64,text_pca256_lexical_w005
7656,29,minibatch_k64,text_pca256_lexical_w005
7657,8,minibatch_k64,text_pca256_lexical_w005
7658,56,minibatch_k64,text_pca256_lexical_w005
7659,56,minibatch_k64,text_pca256_lexical_w005
7660,29,minibatch_k64,text_pca256_lexical_w005
7661,42,minibatch_k64,text_pca256_lexical_w005
7662,56,minibatch_k64,text_pca256_lexical_w005
7663,29,minibatch_k64,text_pca256_lexical_w005
7664,56,minibatch_k64,text_pca256_lexical_w005
7665,29,minibatch_k64,text_pca256_lexical_w005
7666,56,minibatch_k64,text_pca256_lexical_w005
7667,4,minibatch_k64,text_pca256_lexical_w005
7668,0,minibatch_k64,text_pca256_lexical_w005
7669,56,minibatch_k64,text_pca256_lexical_w005
7670,56,minibatch_k64,text_pca256_lexical_w005
7671,56,minibatch_k64,text_pca256_lexical_w005
7672,47,minibatch_k64,text_pca256_lexical_w005
7673,56,minibatch_k64,text_pca256_lexical_w005
7674,56,minibatch_k64,text_pca256_lexical_w005
7675,42,minibatch_k64,text_pca256_lexical_w005
7676,52,minibatch_k64,text_pca256_lexical_w005
7677,47,minibatch_k64,text_pca256_lexical_w005
7678,56,minibatch_k64,text_pca256_lexical_w005
7679,47,minibatch_k64,text_pca256_lexical_w005
7680,56,minibatch_k64,text_pca256_lexical_w005
7681,52,minibatch_k64,text_pca256_lexical_w005
7682,8,minibatch_k64,text_pca256_lexical_w005
7683,56,minibatch_k64,text_pca256_lexical_w005
7684,56,minibatch_k64,text_pca256_lexical_w005
7685,56,minibatch_k64,text_pca256_lexical_w005
7686,8,minibatch_k64,text_pca256_lexical_w005
7687,56,minibatch_k64,text_pca256_lexical_w005
7688,38,minibatch_k64,text_pca256_lexical_w005
7689,56,minibatch_k64,text_pca256_lexical_w005
7690,56,minibatch_k64,text_pca256_lexical_w005
7691,56,minibatch_k64,text_pca256_lexical_w005
7692,25,minibatch_k64,text_pca256_lexical_w005
7693,4,minibatch_k64,text_pca256_lexical_w005
7694,0,minibatch_k64,text_pca256_lexical_w005
7695,56,minibatch_k64,text_pca256_lexical_w005
7696,56,minibatch_k64,text_pca256_lexical_w005
7697,56,minibatch_k64,text_pca256_lexical_w005
7698,56,minibatch_k64,text_pca256_lexical_w005
7699,15,minibatch_k64,text_pca256_lexical_w005
7700,0,minibatch_k64,text_pca256_lexical_w005
7701,39,minibatch_k64,text_pca256_lexical_w005
7702,62,minibatch_k64,text_pca256_lexical_w005
7703,42,minibatch_k64,text_pca256_lexical_w005
7704,56,minibatch_k64,text_pca256_lexical_w005
7705,42,minibatch_k64,text_pca256_lexical_w005
7706,42,minibatch_k64,text_pca256_lexical_w005
7707,56,minibatch_k64,text_pca256_lexical_w005
7708,56,minibatch_k64,text_pca256_lexical_w005
7709,0,minibatch_k64,text_pca256_lexical_w005
7710,8,minibatch_k64,text_pca256_lexical_w005
7711,8,minibatch_k64,text_pca256_lexical_w005
7712,56,minibatch_k64,text_pca256_lexical_w005
7713,56,minibatch_k64,text_pca256_lexical_w005
7714,18,minibatch_k64,text_pca256_lexical_w005
7715,8,minibatch_k64,text_pca256_lexical_w005
7716,56,minibatch_k64,text_pca256_lexical_w005
7717,56,minibatch_k64,text_pca256_lexical_w005
7718,21,minibatch_k64,text_pca256_lexical_w005
7719,38,minibatch_k64,text_pca256_lexical_w005
7720,56,minibatch_k64,text_pca256_lexical_w005
7721,56,minibatch_k64,text_pca256_lexical_w005
7722,25,minibatch_k64,text_pca256_lexical_w005
7723,55,minibatch_k64,text_pca256_lexical_w005
7724,22,minibatch_k64,text_pca256_lexical_w005
7725,56,minibatch_k64,text_pca256_lexical_w005
7726,56,minibatch_k64,text_pca256_lexical_w005
7727,56,minibatch_k64,text_pca256_lexical_w005
7728,56,minibatch_k64,text_pca256_lexical_w005
7729,56,minibatch_k64,text_pca256_lexical_w005
7730,56,minibatch_k64,text_pca256_lexical_w005
7731,56,minibatch_k64,text_pca256_lexical_w005
7732,56,minibatch_k64,text_pca256_lexical_w005
7733,56,minibatch_k64,text_pca256_lexical_w005
7734,56,minibatch_k64,text_pca256_lexical_w005
7735,56,minibatch_k64,text_pca256_lexical_w005
7736,8,minibatch_k64,text_pca256_lexical_w005
7737,56,minibatch_k64,text_pca256_lexical_w005
7738,56,minibatch_k64,text_pca256_lexical_w005
7739,56,minibatch_k64,text_pca256_lexical_w005
7740,8,minibatch_k64,text_pca256_lexical_w005
7741,56,minibatch_k64,text_pca256_lexical_w005
7742,56,minibatch_k64,text_pca256_lexical_w005
7743,2,minibatch_k64,text_pca256_lexical_w005
7744,56,minibatch_k64,text_pca256_lexical_w005
7745,56,minibatch_k64,text_pca256_lexical_w005
7746,56,minibatch_k64,text_pca256_lexical_w005
7747,18,minibatch_k64,text_pca256_lexical_w005
7748,25,minibatch_k64,text_pca256_lexical_w005
7749,42,minibatch_k64,text_pca256_lexical_w005
7750,56,minibatch_k64,text_pca256_lexical_w005
7751,42,minibatch_k64,text_pca256_lexical_w005
7752,8,minibatch_k64,text_pca256_lexical_w005
7753,56,minibatch_k64,text_pca256_lexical_w005
7754,56,minibatch_k64,text_pca256_lexical_w005
7755,56,minibatch_k64,text_pca256_lexical_w005
7756,56,minibatch_k64,text_pca256_lexical_w005
7757,42,minibatch_k64,text_pca256_lexical_w005
7758,56,minibatch_k64,text_pca256_lexical_w005
7759,0,minibatch_k64,text_pca256_lexical_w005
7760,56,minibatch_k64,text_pca256_lexical_w005
7761,0,minibatch_k64,text_pca256_lexical_w005
7762,56,minibatch_k64,text_pca256_lexical_w005
7763,8,minibatch_k64,text_pca256_lexical_w005
7764,56,minibatch_k64,text_pca256_lexical_w005
7765,56,minibatch_k64,text_pca256_lexical_w005
7766,8,minibatch_k64,text_pca256_lexical_w005
7767,56,minibatch_k64,text_pca256_lexical_w005
7768,8,minibatch_k64,text_pca256_lexical_w005
7769,38,minibatch_k64,text_pca256_lexical_w005
7770,56,minibatch_k64,text_pca256_lexical_w005
7771,56,minibatch_k64,text_pca256_lexical_w005
7772,25,minibatch_k64,text_pca256_lexical_w005
7773,55,minibatch_k64,text_pca256_lexical_w005
7774,22,minibatch_k64,text_pca256_lexical_w005
7775,4,minibatch_k64,text_pca256_lexical_w005
7776,56,minibatch_k64,text_pca256_lexical_w005
7777,56,minibatch_k64,text_pca256_lexical_w005
7778,56,minibatch_k64,text_pca256_lexical_w005
7779,33,minibatch_k64,text_pca256_lexical_w005
7780,56,minibatch_k64,text_pca256_lexical_w005
7781,56,minibatch_k64,text_pca256_lexical_w005
7782,33,minibatch_k64,text_pca256_lexical_w005
7783,8,minibatch_k64,text_pca256_lexical_w005
7784,62,minibatch_k64,text_pca256_lexical_w005
7785,42,minibatch_k64,text_pca256_lexical_w005
7786,8,minibatch_k64,text_pca256_lexical_w005
7787,42,minibatch_k64,text_pca256_lexical_w005
7788,0,minibatch_k64,text_pca256_lexical_w005
7789,0,minibatch_k64,text_pca256_lexical_w005
7790,61,minibatch_k64,text_pca256_lexical_w005
7791,56,minibatch_k64,text_pca256_lexical_w005
7792,42,minibatch_k64,text_pca256_lexical_w005
7793,0,minibatch_k64,text_pca256_lexical_w005
7794,56,minibatch_k64,text_pca256_lexical_w005
7795,38,minibatch_k64,text_pca256_lexical_w005
7796,25,minibatch_k64,text_pca256_lexical_w005
7797,56,minibatch_k64,text_pca256_lexical_w005
7798,56,minibatch_k64,text_pca256_lexical_w005
7799,12,minibatch_k64,text_pca256_lexical_w005
7800,56,minibatch_k64,text_pca256_lexical_w005
7801,56,minibatch_k64,text_pca256_lexical_w005
7802,56,minibatch_k64,text_pca256_lexical_w005
7803,42,minibatch_k64,text_pca256_lexical_w005
7804,0,minibatch_k64,text_pca256_lexical_w005
7805,33,minibatch_k64,text_pca256_lexical_w005
7806,50,minibatch_k64,text_pca256_lexical_w005
7807,45,minibatch_k64,text_pca256_lexical_w005
7808,56,minibatch_k64,text_pca256_lexical_w005
7809,0,minibatch_k64,text_pca256_lexical_w005
7810,42,minibatch_k64,text_pca256_lexical_w005
7811,42,minibatch_k64,text_pca256_lexical_w005
7812,0,minibatch_k64,text_pca256_lexical_w005
7813,56,minibatch_k64,text_pca256_lexical_w005
7814,15,minibatch_k64,text_pca256_lexical_w005
7815,56,minibatch_k64,text_pca256_lexical_w005
7816,8,minibatch_k64,text_pca256_lexical_w005
7817,50,minibatch_k64,text_pca256_lexical_w005
7818,56,minibatch_k64,text_pca256_lexical_w005
7819,8,minibatch_k64,text_pca256_lexical_w005
7820,42,minibatch_k64,text_pca256_lexical_w005
7821,62,minibatch_k64,text_pca256_lexical_w005
7822,8,minibatch_k64,text_pca256_lexical_w005
7823,56,minibatch_k64,text_pca256_lexical_w005
7824,56,minibatch_k64,text_pca256_lexical_w005
7825,39,minibatch_k64,text_pca256_lexical_w005
7826,42,minibatch_k64,text_pca256_lexical_w005
7827,8,minibatch_k64,text_pca256_lexical_w005
7828,56,minibatch_k64,text_pca256_lexical_w005
7829,33,minibatch_k64,text_pca256_lexical_w005
7830,62,minibatch_k64,text_pca256_lexical_w005
7831,56,minibatch_k64,text_pca256_lexical_w005
7832,8,minibatch_k64,text_pca256_lexical_w005
7833,8,minibatch_k64,text_pca256_lexical_w005
7834,42,minibatch_k64,text_pca256_lexical_w005
7835,62,minibatch_k64,text_pca256_lexical_w005
7836,62,minibatch_k64,text_pca256_lexical_w005
7837,56,minibatch_k64,text_pca256_lexical_w005
7838,56,minibatch_k64,text_pca256_lexical_w005
7839,56,minibatch_k64,text_pca256_lexical_w005
7840,33,minibatch_k64,text_pca256_lexical_w005
7841,42,minibatch_k64,text_pca256_lexical_w005
7842,29,minibatch_k64,text_pca256_lexical_w005
7843,42,minibatch_k64,text_pca256_lexical_w005
7844,29,minibatch_k64,text_pca256_lexical_w005
7845,42,minibatch_k64,text_pca256_lexical_w005
7846,18,minibatch_k64,text_pca256_lexical_w005
7847,56,minibatch_k64,text_pca256_lexical_w005
7848,12,minibatch_k64,text_pca256_lexical_w005
7849,56,minibatch_k64,text_pca256_lexical_w005
7850,42,minibatch_k64,text_pca256_lexical_w005
7851,62,minibatch_k64,text_pca256_lexical_w005
7852,42,minibatch_k64,text_pca256_lexical_w005
7853,0,minibatch_k64,text_pca256_lexical_w005
7854,42,minibatch_k64,text_pca256_lexical_w005
7855,56,minibatch_k64,text_pca256_lexical_w005
7856,0,minibatch_k64,text_pca256_lexical_w005
7857,0,minibatch_k64,text_pca256_lexical_w005
7858,8,minibatch_k64,text_pca256_lexical_w005
7859,38,minibatch_k64,text_pca256_lexical_w005
7860,25,minibatch_k64,text_pca256_lexical_w005
7861,55,minibatch_k64,text_pca256_lexical_w005
7862,22,minibatch_k64,text_pca256_lexical_w005
7863,42,minibatch_k64,text_pca256_lexical_w005
7864,56,minibatch_k64,text_pca256_lexical_w005
7865,8,minibatch_k64,text_pca256_lexical_w005
7866,56,minibatch_k64,text_pca256_lexical_w005
7867,56,minibatch_k64,text_pca256_lexical_w005
7868,0,minibatch_k64,text_pca256_lexical_w005
7869,15,minibatch_k64,text_pca256_lexical_w005
7870,10,minibatch_k64,text_pca256_lexical_w005
7871,62,minibatch_k64,text_pca256_lexical_w005
7872,8,minibatch_k64,text_pca256_lexical_w005
7873,56,minibatch_k64,text_pca256_lexical_w005
7874,56,minibatch_k64,text_pca256_lexical_w005
7875,8,minibatch_k64,text_pca256_lexical_w005
7876,15,minibatch_k64,text_pca256_lexical_w005
7877,0,minibatch_k64,text_pca256_lexical_w005
7878,8,minibatch_k64,text_pca256_lexical_w005
7879,56,minibatch_k64,text_pca256_lexical_w005
7880,56,minibatch_k64,text_pca256_lexical_w005
7881,56,minibatch_k64,text_pca256_lexical_w005
7882,8,minibatch_k64,text_pca256_lexical_w005
7883,56,minibatch_k64,text_pca256_lexical_w005
7884,62,minibatch_k64,text_pca256_lexical_w005
7885,56,minibatch_k64,text_pca256_lexical_w005
7886,62,minibatch_k64,text_pca256_lexical_w005
7887,39,minibatch_k64,text_pca256_lexical_w005
7888,56,minibatch_k64,text_pca256_lexical_w005
7889,0,minibatch_k64,text_pca256_lexical_w005
7890,56,minibatch_k64,text_pca256_lexical_w005
7891,56,minibatch_k64,text_pca256_lexical_w005
7892,56,minibatch_k64,text_pca256_lexical_w005
7893,62,minibatch_k64,text_pca256_lexical_w005
7894,8,minibatch_k64,text_pca256_lexical_w005
7895,62,minibatch_k64,text_pca256_lexical_w005
7896,42,minibatch_k64,text_pca256_lexical_w005
7897,56,minibatch_k64,text_pca256_lexical_w005
7898,0,minibatch_k64,text_pca256_lexical_w005
7899,21,minibatch_k64,text_pca256_lexical_w005
7900,8,minibatch_k64,text_pca256_lexical_w005
7901,38,minibatch_k64,text_pca256_lexical_w005
7902,56,minibatch_k64,text_pca256_lexical_w005
7903,55,minibatch_k64,text_pca256_lexical_w005
7904,25,minibatch_k64,text_pca256_lexical_w005
7905,62,minibatch_k64,text_pca256_lexical_w005
7906,56,minibatch_k64,text_pca256_lexical_w005
7907,8,minibatch_k64,text_pca256_lexical_w005
7908,56,minibatch_k64,text_pca256_lexical_w005
7909,39,minibatch_k64,text_pca256_lexical_w005
7910,8,minibatch_k64,text_pca256_lexical_w005
7911,56,minibatch_k64,text_pca256_lexical_w005
7912,62,minibatch_k64,text_pca256_lexical_w005
7913,33,minibatch_k64,text_pca256_lexical_w005
7914,8,minibatch_k64,text_pca256_lexical_w005
7915,56,minibatch_k64,text_pca256_lexical_w005
7916,56,minibatch_k64,text_pca256_lexical_w005
7917,8,minibatch_k64,text_pca256_lexical_w005
7918,15,minibatch_k64,text_pca256_lexical_w005
7919,29,minibatch_k64,text_pca256_lexical_w005
7920,0,minibatch_k64,text_pca256_lexical_w005
7921,8,minibatch_k64,text_pca256_lexical_w005
7922,8,minibatch_k64,text_pca256_lexical_w005
7923,29,minibatch_k64,text_pca256_lexical_w005
7924,39,minibatch_k64,text_pca256_lexical_w005
7925,29,minibatch_k64,text_pca256_lexical_w005
7926,62,minibatch_k64,text_pca256_lexical_w005
7927,29,minibatch_k64,text_pca256_lexical_w005
7928,42,minibatch_k64,text_pca256_lexical_w005
7929,56,minibatch_k64,text_pca256_lexical_w005
7930,47,minibatch_k64,text_pca256_lexical_w005
7931,18,minibatch_k64,text_pca256_lexical_w005
7932,56,minibatch_k64,text_pca256_lexical_w005
7933,29,minibatch_k64,text_pca256_lexical_w005
7934,56,minibatch_k64,text_pca256_lexical_w005
7935,38,minibatch_k64,text_pca256_lexical_w005
7936,55,minibatch_k64,text_pca256_lexical_w005
7937,25,minibatch_k64,text_pca256_lexical_w005
7938,8,minibatch_k64,text_pca256_lexical_w005
7939,44,minibatch_k64,text_pca256_lexical_w005
7940,44,minibatch_k64,text_pca256_lexical_w005
7941,44,minibatch_k64,text_pca256_lexical_w005
7942,44,minibatch_k64,text_pca256_lexical_w005
7943,44,minibatch_k64,text_pca256_lexical_w005
7944,10,minibatch_k64,text_pca256_lexical_w005
7945,10,minibatch_k64,text_pca256_lexical_w005
7946,33,minibatch_k64,text_pca256_lexical_w005
7947,21,minibatch_k64,text_pca256_lexical_w005
7948,8,minibatch_k64,text_pca256_lexical_w005
7949,62,minibatch_k64,text_pca256_lexical_w005
7950,56,minibatch_k64,text_pca256_lexical_w005
7951,10,minibatch_k64,text_pca256_lexical_w005
7952,38,minibatch_k64,text_pca256_lexical_w005
7953,25,minibatch_k64,text_pca256_lexical_w005
7954,56,minibatch_k64,text_pca256_lexical_w005
7955,21,minibatch_k64,text_pca256_lexical_w005
7956,58,minibatch_k64,text_pca256_lexical_w005
7957,8,minibatch_k64,text_pca256_lexical_w005
7958,10,minibatch_k64,text_pca256_lexical_w005
7959,21,minibatch_k64,text_pca256_lexical_w005
7960,62,minibatch_k64,text_pca256_lexical_w005
7961,42,minibatch_k64,text_pca256_lexical_w005
7962,10,minibatch_k64,text_pca256_lexical_w005
7963,8,minibatch_k64,text_pca256_lexical_w005
7964,42,minibatch_k64,text_pca256_lexical_w005
7965,21,minibatch_k64,text_pca256_lexical_w005
7966,38,minibatch_k64,text_pca256_lexical_w005
7967,25,minibatch_k64,text_pca256_lexical_w005
7968,56,minibatch_k64,text_pca256_lexical_w005
7969,0,minibatch_k64,text_pca256_lexical_w005
7970,21,minibatch_k64,text_pca256_lexical_w005
7971,59,minibatch_k64,text_pca256_lexical_w005
7972,42,minibatch_k64,text_pca256_lexical_w005
7973,21,minibatch_k64,text_pca256_lexical_w005
7974,21,minibatch_k64,text_pca256_lexical_w005
7975,56,minibatch_k64,text_pca256_lexical_w005
7976,39,minibatch_k64,text_pca256_lexical_w005
7977,23,minibatch_k64,text_pca256_lexical_w005
7978,38,minibatch_k64,text_pca256_lexical_w005
7979,21,minibatch_k64,text_pca256_lexical_w005
7980,8,minibatch_k64,text_pca256_lexical_w005
7981,21,minibatch_k64,text_pca256_lexical_w005
7982,8,minibatch_k64,text_pca256_lexical_w005
7983,38,minibatch_k64,text_pca256_lexical_w005
7984,25,minibatch_k64,text_pca256_lexical_w005
7985,36,minibatch_k64,text_pca256_lexical_w005
7986,56,minibatch_k64,text_pca256_lexical_w005
7987,21,minibatch_k64,text_pca256_lexical_w005
7988,56,minibatch_k64,text_pca256_lexical_w005
7989,33,minibatch_k64,text_pca256_lexical_w005
7990,56,minibatch_k64,text_pca256_lexical_w005
7991,2,minibatch_k64,text_pca256_lexical_w005
7992,56,minibatch_k64,text_pca256_lexical_w005
7993,2,minibatch_k64,text_pca256_lexical_w005
7994,2,minibatch_k64,text_pca256_lexical_w005
7995,56,minibatch_k64,text_pca256_lexical_w005
7996,56,minibatch_k64,text_pca256_lexical_w005
7997,2,minibatch_k64,text_pca256_lexical_w005
7998,2,minibatch_k64,text_pca256_lexical_w005
7999,56,minibatch_k64,text_pca256_lexical_w005
8000,56,minibatch_k64,text_pca256_lexical_w005
8001,39,minibatch_k64,text_pca256_lexical_w005
8002,38,minibatch_k64,text_pca256_lexical_w005
8003,36,minibatch_k64,text_pca256_lexical_w005
8004,25,minibatch_k64,text_pca256_lexical_w005
8005,55,minibatch_k64,text_pca256_lexical_w005
8006,21,minibatch_k64,text_pca256_lexical_w005
8007,56,minibatch_k64,text_pca256_lexical_w005
8008,59,minibatch_k64,text_pca256_lexical_w005
8009,59,minibatch_k64,text_pca256_lexical_w005
8010,59,minibatch_k64,text_pca256_lexical_w005
8011,45,minibatch_k64,text_pca256_lexical_w005
8012,56,minibatch_k64,text_pca256_lexical_w005
8013,18,minibatch_k64,text_pca256_lexical_w005
8014,42,minibatch_k64,text_pca256_lexical_w005
8015,56,minibatch_k64,text_pca256_lexical_w005
8016,56,minibatch_k64,text_pca256_lexical_w005
8017,42,minibatch_k64,text_pca256_lexical_w005
8018,42,minibatch_k64,text_pca256_lexical_w005
8019,56,minibatch_k64,text_pca256_lexical_w005
8020,62,minibatch_k64,text_pca256_lexical_w005
8021,59,minibatch_k64,text_pca256_lexical_w005
8022,56,minibatch_k64,text_pca256_lexical_w005
8023,18,minibatch_k64,text_pca256_lexical_w005
8024,56,minibatch_k64,text_pca256_lexical_w005
8025,59,minibatch_k64,text_pca256_lexical_w005
8026,0,minibatch_k64,text_pca256_lexical_w005
8027,56,minibatch_k64,text_pca256_lexical_w005
8028,56,minibatch_k64,text_pca256_lexical_w005
8029,56,minibatch_k64,text_pca256_lexical_w005
8030,56,minibatch_k64,text_pca256_lexical_w005
8031,59,minibatch_k64,text_pca256_lexical_w005
8032,56,minibatch_k64,text_pca256_lexical_w005
8033,59,minibatch_k64,text_pca256_lexical_w005
8034,59,minibatch_k64,text_pca256_lexical_w005
8035,56,minibatch_k64,text_pca256_lexical_w005
8036,56,minibatch_k64,text_pca256_lexical_w005
8037,59,minibatch_k64,text_pca256_lexical_w005
8038,59,minibatch_k64,text_pca256_lexical_w005
8039,59,minibatch_k64,text_pca256_lexical_w005
8040,8,minibatch_k64,text_pca256_lexical_w005
8041,56,minibatch_k64,text_pca256_lexical_w005
8042,56,minibatch_k64,text_pca256_lexical_w005
8043,56,minibatch_k64,text_pca256_lexical_w005
8044,56,minibatch_k64,text_pca256_lexical_w005
8045,56,minibatch_k64,text_pca256_lexical_w005
8046,56,minibatch_k64,text_pca256_lexical_w005
8047,56,minibatch_k64,text_pca256_lexical_w005
8048,59,minibatch_k64,text_pca256_lexical_w005
8049,27,minibatch_k64,text_pca256_lexical_w005
8050,38,minibatch_k64,text_pca256_lexical_w005
8051,36,minibatch_k64,text_pca256_lexical_w005
8052,25,minibatch_k64,text_pca256_lexical_w005
8053,55,minibatch_k64,text_pca256_lexical_w005
8054,17,minibatch_k64,text_pca256_lexical_w005
8055,30,minibatch_k64,text_pca256_lexical_w005
8056,33,minibatch_k64,text_pca256_lexical_w005
8057,30,minibatch_k64,text_pca256_lexical_w005
8058,0,minibatch_k64,text_pca256_lexical_w005
8059,62,minibatch_k64,text_pca256_lexical_w005
8060,30,minibatch_k64,text_pca256_lexical_w005
8061,17,minibatch_k64,text_pca256_lexical_w005
8062,8,minibatch_k64,text_pca256_lexical_w005
8063,17,minibatch_k64,text_pca256_lexical_w005
8064,56,minibatch_k64,text_pca256_lexical_w005
8065,0,minibatch_k64,text_pca256_lexical_w005
8066,38,minibatch_k64,text_pca256_lexical_w005
8067,36,minibatch_k64,text_pca256_lexical_w005
8068,25,minibatch_k64,text_pca256_lexical_w005
8069,55,minibatch_k64,text_pca256_lexical_w005
8070,42,minibatch_k64,text_pca256_lexical_w005
8071,62,minibatch_k64,text_pca256_lexical_w005
8072,59,minibatch_k64,text_pca256_lexical_w005
8073,42,minibatch_k64,text_pca256_lexical_w005
8074,56,minibatch_k64,text_pca256_lexical_w005
8075,56,minibatch_k64,text_pca256_lexical_w005
8076,27,minibatch_k64,text_pca256_lexical_w005
8077,56,minibatch_k64,text_pca256_lexical_w005
8078,45,minibatch_k64,text_pca256_lexical_w005
8079,56,minibatch_k64,text_pca256_lexical_w005
8080,56,minibatch_k64,text_pca256_lexical_w005
8081,56,minibatch_k64,text_pca256_lexical_w005
8082,56,minibatch_k64,text_pca256_lexical_w005
8083,56,minibatch_k64,text_pca256_lexical_w005
8084,56,minibatch_k64,text_pca256_lexical_w005
8085,56,minibatch_k64,text_pca256_lexical_w005
8086,0,minibatch_k64,text_pca256_lexical_w005
8087,8,minibatch_k64,text_pca256_lexical_w005
8088,18,minibatch_k64,text_pca256_lexical_w005
8089,27,minibatch_k64,text_pca256_lexical_w005
8090,56,minibatch_k64,text_pca256_lexical_w005
8091,59,minibatch_k64,text_pca256_lexical_w005
8092,45,minibatch_k64,text_pca256_lexical_w005
8093,39,minibatch_k64,text_pca256_lexical_w005
8094,42,minibatch_k64,text_pca256_lexical_w005
8095,8,minibatch_k64,text_pca256_lexical_w005
8096,8,minibatch_k64,text_pca256_lexical_w005
8097,56,minibatch_k64,text_pca256_lexical_w005
8098,34,minibatch_k64,text_pca256_lexical_w005
8099,10,minibatch_k64,text_pca256_lexical_w005
8100,56,minibatch_k64,text_pca256_lexical_w005
8101,10,minibatch_k64,text_pca256_lexical_w005
8102,0,minibatch_k64,text_pca256_lexical_w005
8103,0,minibatch_k64,text_pca256_lexical_w005
8104,6,minibatch_k64,text_pca256_lexical_w005
8105,56,minibatch_k64,text_pca256_lexical_w005
8106,53,minibatch_k64,text_pca256_lexical_w005
8107,53,minibatch_k64,text_pca256_lexical_w005
8108,0,minibatch_k64,text_pca256_lexical_w005
8109,6,minibatch_k64,text_pca256_lexical_w005
8110,56,minibatch_k64,text_pca256_lexical_w005
8111,10,minibatch_k64,text_pca256_lexical_w005
8112,56,minibatch_k64,text_pca256_lexical_w005
8113,56,minibatch_k64,text_pca256_lexical_w005
8114,56,minibatch_k64,text_pca256_lexical_w005
8115,6,minibatch_k64,text_pca256_lexical_w005
8116,6,minibatch_k64,text_pca256_lexical_w005
8117,6,minibatch_k64,text_pca256_lexical_w005
8118,8,minibatch_k64,text_pca256_lexical_w005
8119,42,minibatch_k64,text_pca256_lexical_w005
8120,62,minibatch_k64,text_pca256_lexical_w005
8121,8,minibatch_k64,text_pca256_lexical_w005
8122,62,minibatch_k64,text_pca256_lexical_w005
8123,15,minibatch_k64,text_pca256_lexical_w005
8124,0,minibatch_k64,text_pca256_lexical_w005
8125,2,minibatch_k64,text_pca256_lexical_w005
8126,59,minibatch_k64,text_pca256_lexical_w005
8127,15,minibatch_k64,text_pca256_lexical_w005
8128,0,minibatch_k64,text_pca256_lexical_w005
8129,2,minibatch_k64,text_pca256_lexical_w005
8130,8,minibatch_k64,text_pca256_lexical_w005
8131,50,minibatch_k64,text_pca256_lexical_w005
8132,0,minibatch_k64,text_pca256_lexical_w005
8133,62,minibatch_k64,text_pca256_lexical_w005
8134,50,minibatch_k64,text_pca256_lexical_w005
8135,38,minibatch_k64,text_pca256_lexical_w005
8136,58,minibatch_k64,text_pca256_lexical_w005
8137,37,minibatch_k64,text_pca256_lexical_w005
8138,5,minibatch_k64,text_pca256_lexical_w005
8139,0,minibatch_k64,text_pca256_lexical_w005
8140,33,minibatch_k64,text_pca256_lexical_w005
8141,0,minibatch_k64,text_pca256_lexical_w005
8142,62,minibatch_k64,text_pca256_lexical_w005
8143,10,minibatch_k64,text_pca256_lexical_w005
8144,38,minibatch_k64,text_pca256_lexical_w005
8145,58,minibatch_k64,text_pca256_lexical_w005
8146,55,minibatch_k64,text_pca256_lexical_w005
8147,37,minibatch_k64,text_pca256_lexical_w005
8148,0,minibatch_k64,text_pca256_lexical_w005
8149,58,minibatch_k64,text_pca256_lexical_w005
8150,38,minibatch_k64,text_pca256_lexical_w005
8151,37,minibatch_k64,text_pca256_lexical_w005
8152,38,minibatch_k64,text_pca256_lexical_w005
8153,37,minibatch_k64,text_pca256_lexical_w005
8154,23,minibatch_k64,text_pca256_lexical_w005
8155,38,minibatch_k64,text_pca256_lexical_w005
8156,55,minibatch_k64,text_pca256_lexical_w005
8157,21,minibatch_k64,text_pca256_lexical_w005
8158,39,minibatch_k64,text_pca256_lexical_w005
8159,8,minibatch_k64,text_pca256_lexical_w005
8160,62,minibatch_k64,text_pca256_lexical_w005
8161,15,minibatch_k64,text_pca256_lexical_w005
8162,62,minibatch_k64,text_pca256_lexical_w005
8163,4,minibatch_k64,text_pca256_lexical_w005
8164,15,minibatch_k64,text_pca256_lexical_w005
8165,23,minibatch_k64,text_pca256_lexical_w005
8166,23,minibatch_k64,text_pca256_lexical_w005
8167,18,minibatch_k64,text_pca256_lexical_w005
8168,15,minibatch_k64,text_pca256_lexical_w005
8169,23,minibatch_k64,text_pca256_lexical_w005
8170,15,minibatch_k64,text_pca256_lexical_w005
8171,0,minibatch_k64,text_pca256_lexical_w005
8172,0,minibatch_k64,text_pca256_lexical_w005
8173,32,minibatch_k64,text_pca256_lexical_w005
8174,0,minibatch_k64,text_pca256_lexical_w005
8175,23,minibatch_k64,text_pca256_lexical_w005
8176,8,minibatch_k64,text_pca256_lexical_w005
8177,23,minibatch_k64,text_pca256_lexical_w005
8178,8,minibatch_k64,text_pca256_lexical_w005
8179,42,minibatch_k64,text_pca256_lexical_w005
8180,2,minibatch_k64,text_pca256_lexical_w005
8181,15,minibatch_k64,text_pca256_lexical_w005
8182,33,minibatch_k64,text_pca256_lexical_w005
8183,8,minibatch_k64,text_pca256_lexical_w005
8184,8,minibatch_k64,text_pca256_lexical_w005
8185,23,minibatch_k64,text_pca256_lexical_w005
8186,0,minibatch_k64,text_pca256_lexical_w005
8187,62,minibatch_k64,text_pca256_lexical_w005
8188,0,minibatch_k64,text_pca256_lexical_w005
8189,0,minibatch_k64,text_pca256_lexical_w005
8190,33,minibatch_k64,text_pca256_lexical_w005
8191,15,minibatch_k64,text_pca256_lexical_w005
8192,62,minibatch_k64,text_pca256_lexical_w005
8193,62,minibatch_k64,text_pca256_lexical_w005
8194,15,minibatch_k64,text_pca256_lexical_w005
8195,0,minibatch_k64,text_pca256_lexical_w005
8196,62,minibatch_k64,text_pca256_lexical_w005
8197,23,minibatch_k64,text_pca256_lexical_w005
8198,23,minibatch_k64,text_pca256_lexical_w005
8199,18,minibatch_k64,text_pca256_lexical_w005
8200,38,minibatch_k64,text_pca256_lexical_w005
8201,55,minibatch_k64,text_pca256_lexical_w005
8202,37,minibatch_k64,text_pca256_lexical_w005
8203,33,minibatch_k64,text_pca256_lexical_w005
8204,0,minibatch_k64,text_pca256_lexical_w005
8205,10,minibatch_k64,text_pca256_lexical_w005
8206,62,minibatch_k64,text_pca256_lexical_w005
8207,59,minibatch_k64,text_pca256_lexical_w005
8208,45,minibatch_k64,text_pca256_lexical_w005
8209,45,minibatch_k64,text_pca256_lexical_w005
8210,59,minibatch_k64,text_pca256_lexical_w005
8211,61,minibatch_k64,text_pca256_lexical_w005
8212,0,minibatch_k64,text_pca256_lexical_w005
8213,59,minibatch_k64,text_pca256_lexical_w005
8214,10,minibatch_k64,text_pca256_lexical_w005
8215,23,minibatch_k64,text_pca256_lexical_w005
8216,59,minibatch_k64,text_pca256_lexical_w005
8217,59,minibatch_k64,text_pca256_lexical_w005
8218,2,minibatch_k64,text_pca256_lexical_w005
8219,47,minibatch_k64,text_pca256_lexical_w005
8220,33,minibatch_k64,text_pca256_lexical_w005
8221,0,minibatch_k64,text_pca256_lexical_w005
8222,23,minibatch_k64,text_pca256_lexical_w005
8223,32,minibatch_k64,text_pca256_lexical_w005
8224,0,minibatch_k64,text_pca256_lexical_w005
8225,23,minibatch_k64,text_pca256_lexical_w005
8226,0,minibatch_k64,text_pca256_lexical_w005
8227,38,minibatch_k64,text_pca256_lexical_w005
8228,37,minibatch_k64,text_pca256_lexical_w005
8229,59,minibatch_k64,text_pca256_lexical_w005
8230,15,minibatch_k64,text_pca256_lexical_w005
8231,45,minibatch_k64,text_pca256_lexical_w005
8232,45,minibatch_k64,text_pca256_lexical_w005
8233,18,minibatch_k64,text_pca256_lexical_w005
8234,2,minibatch_k64,text_pca256_lexical_w005
8235,45,minibatch_k64,text_pca256_lexical_w005
8236,0,minibatch_k64,text_pca256_lexical_w005
8237,23,minibatch_k64,text_pca256_lexical_w005
8238,45,minibatch_k64,text_pca256_lexical_w005
8239,18,minibatch_k64,text_pca256_lexical_w005
8240,39,minibatch_k64,text_pca256_lexical_w005
8241,33,minibatch_k64,text_pca256_lexical_w005
8242,23,minibatch_k64,text_pca256_lexical_w005
8243,59,minibatch_k64,text_pca256_lexical_w005
8244,10,minibatch_k64,text_pca256_lexical_w005
8245,59,minibatch_k64,text_pca256_lexical_w005
8246,62,minibatch_k64,text_pca256_lexical_w005
8247,0,minibatch_k64,text_pca256_lexical_w005
8248,59,minibatch_k64,text_pca256_lexical_w005
8249,61,minibatch_k64,text_pca256_lexical_w005
8250,18,minibatch_k64,text_pca256_lexical_w005
8251,59,minibatch_k64,text_pca256_lexical_w005
8252,62,minibatch_k64,text_pca256_lexical_w005
8253,59,minibatch_k64,text_pca256_lexical_w005
8254,18,minibatch_k64,text_pca256_lexical_w005
8255,23,minibatch_k64,text_pca256_lexical_w005
8256,42,minibatch_k64,text_pca256_lexical_w005
8257,59,minibatch_k64,text_pca256_lexical_w005
8258,45,minibatch_k64,text_pca256_lexical_w005
8259,0,minibatch_k64,text_pca256_lexical_w005
8260,0,minibatch_k64,text_pca256_lexical_w005
8261,8,minibatch_k64,text_pca256_lexical_w005
8262,45,minibatch_k64,text_pca256_lexical_w005
8263,42,minibatch_k64,text_pca256_lexical_w005
8264,59,minibatch_k64,text_pca256_lexical_w005
8265,23,minibatch_k64,text_pca256_lexical_w005
8266,33,minibatch_k64,text_pca256_lexical_w005
8267,59,minibatch_k64,text_pca256_lexical_w005
8268,21,minibatch_k64,text_pca256_lexical_w005
8269,59,minibatch_k64,text_pca256_lexical_w005
8270,27,minibatch_k64,text_pca256_lexical_w005
8271,32,minibatch_k64,text_pca256_lexical_w005
8272,45,minibatch_k64,text_pca256_lexical_w005
8273,15,minibatch_k64,text_pca256_lexical_w005
8274,45,minibatch_k64,text_pca256_lexical_w005
8275,10,minibatch_k64,text_pca256_lexical_w005
8276,10,minibatch_k64,text_pca256_lexical_w005
8277,38,minibatch_k64,text_pca256_lexical_w005
8278,42,minibatch_k64,text_pca256_lexical_w005
8279,55,minibatch_k64,text_pca256_lexical_w005
8280,59,minibatch_k64,text_pca256_lexical_w005
8281,8,minibatch_k64,text_pca256_lexical_w005
8282,0,minibatch_k64,text_pca256_lexical_w005
8283,23,minibatch_k64,text_pca256_lexical_w005
8284,59,minibatch_k64,text_pca256_lexical_w005
8285,62,minibatch_k64,text_pca256_lexical_w005
8286,59,minibatch_k64,text_pca256_lexical_w005
8287,62,minibatch_k64,text_pca256_lexical_w005
8288,23,minibatch_k64,text_pca256_lexical_w005
8289,45,minibatch_k64,text_pca256_lexical_w005
8290,33,minibatch_k64,text_pca256_lexical_w005
8291,23,minibatch_k64,text_pca256_lexical_w005
8292,45,minibatch_k64,text_pca256_lexical_w005
8293,59,minibatch_k64,text_pca256_lexical_w005
8294,59,minibatch_k64,text_pca256_lexical_w005
8295,0,minibatch_k64,text_pca256_lexical_w005
8296,56,minibatch_k64,text_pca256_lexical_w005
8297,45,minibatch_k64,text_pca256_lexical_w005
8298,45,minibatch_k64,text_pca256_lexical_w005
8299,2,minibatch_k64,text_pca256_lexical_w005
8300,33,minibatch_k64,text_pca256_lexical_w005
8301,23,minibatch_k64,text_pca256_lexical_w005
8302,59,minibatch_k64,text_pca256_lexical_w005
8303,23,minibatch_k64,text_pca256_lexical_w005
8304,45,minibatch_k64,text_pca256_lexical_w005
8305,62,minibatch_k64,text_pca256_lexical_w005
8306,45,minibatch_k64,text_pca256_lexical_w005
8307,8,minibatch_k64,text_pca256_lexical_w005
8308,2,minibatch_k64,text_pca256_lexical_w005
8309,10,minibatch_k64,text_pca256_lexical_w005
8310,62,minibatch_k64,text_pca256_lexical_w005
8311,15,minibatch_k64,text_pca256_lexical_w005
8312,45,minibatch_k64,text_pca256_lexical_w005
8313,2,minibatch_k64,text_pca256_lexical_w005
8314,45,minibatch_k64,text_pca256_lexical_w005
8315,18,minibatch_k64,text_pca256_lexical_w005
8316,18,minibatch_k64,text_pca256_lexical_w005
8317,45,minibatch_k64,text_pca256_lexical_w005
8318,18,minibatch_k64,text_pca256_lexical_w005
8319,23,minibatch_k64,text_pca256_lexical_w005
8320,45,minibatch_k64,text_pca256_lexical_w005
8321,18,minibatch_k64,text_pca256_lexical_w005
8322,18,minibatch_k64,text_pca256_lexical_w005
8323,27,minibatch_k64,text_pca256_lexical_w005
8324,18,minibatch_k64,text_pca256_lexical_w005
8325,45,minibatch_k64,text_pca256_lexical_w005
8326,27,minibatch_k64,text_pca256_lexical_w005
8327,18,minibatch_k64,text_pca256_lexical_w005
8328,10,minibatch_k64,text_pca256_lexical_w005
8329,59,minibatch_k64,text_pca256_lexical_w005
8330,59,minibatch_k64,text_pca256_lexical_w005
8331,0,minibatch_k64,text_pca256_lexical_w005
8332,62,minibatch_k64,text_pca256_lexical_w005
8333,2,minibatch_k64,text_pca256_lexical_w005
8334,2,minibatch_k64,text_pca256_lexical_w005
8335,23,minibatch_k64,text_pca256_lexical_w005
8336,33,minibatch_k64,text_pca256_lexical_w005
8337,18,minibatch_k64,text_pca256_lexical_w005
8338,0,minibatch_k64,text_pca256_lexical_w005
8339,59,minibatch_k64,text_pca256_lexical_w005
8340,59,minibatch_k64,text_pca256_lexical_w005
8341,18,minibatch_k64,text_pca256_lexical_w005
8342,59,minibatch_k64,text_pca256_lexical_w005
8343,62,minibatch_k64,text_pca256_lexical_w005
8344,0,minibatch_k64,text_pca256_lexical_w005
8345,18,minibatch_k64,text_pca256_lexical_w005
8346,18,minibatch_k64,text_pca256_lexical_w005
8347,18,minibatch_k64,text_pca256_lexical_w005
8348,56,minibatch_k64,text_pca256_lexical_w005
8349,59,minibatch_k64,text_pca256_lexical_w005
8350,18,minibatch_k64,text_pca256_lexical_w005
8351,18,minibatch_k64,text_pca256_lexical_w005
8352,18,minibatch_k64,text_pca256_lexical_w005
8353,18,minibatch_k64,text_pca256_lexical_w005
8354,18,minibatch_k64,text_pca256_lexical_w005
8355,8,minibatch_k64,text_pca256_lexical_w005
8356,18,minibatch_k64,text_pca256_lexical_w005
8357,0,minibatch_k64,text_pca256_lexical_w005
8358,0,minibatch_k64,text_pca256_lexical_w005
8359,59,minibatch_k64,text_pca256_lexical_w005
8360,0,minibatch_k64,text_pca256_lexical_w005
8361,15,minibatch_k64,text_pca256_lexical_w005
8362,45,minibatch_k64,text_pca256_lexical_w005
8363,18,minibatch_k64,text_pca256_lexical_w005
8364,18,minibatch_k64,text_pca256_lexical_w005
8365,23,minibatch_k64,text_pca256_lexical_w005
8366,45,minibatch_k64,text_pca256_lexical_w005
8367,18,minibatch_k64,text_pca256_lexical_w005
8368,18,minibatch_k64,text_pca256_lexical_w005
8369,18,minibatch_k64,text_pca256_lexical_w005
8370,0,minibatch_k64,text_pca256_lexical_w005
8371,45,minibatch_k64,text_pca256_lexical_w005
8372,18,minibatch_k64,text_pca256_lexical_w005
8373,18,minibatch_k64,text_pca256_lexical_w005
8374,23,minibatch_k64,text_pca256_lexical_w005
8375,18,minibatch_k64,text_pca256_lexical_w005
8376,18,minibatch_k64,text_pca256_lexical_w005
8377,18,minibatch_k64,text_pca256_lexical_w005
8378,34,minibatch_k64,text_pca256_lexical_w005
8379,34,minibatch_k64,text_pca256_lexical_w005
8380,0,minibatch_k64,text_pca256_lexical_w005
8381,7,minibatch_k64,text_pca256_lexical_w005
8382,45,minibatch_k64,text_pca256_lexical_w005
8383,7,minibatch_k64,text_pca256_lexical_w005
8384,34,minibatch_k64,text_pca256_lexical_w005
8385,62,minibatch_k64,text_pca256_lexical_w005
8386,34,minibatch_k64,text_pca256_lexical_w005
8387,6,minibatch_k64,text_pca256_lexical_w005
8388,6,minibatch_k64,text_pca256_lexical_w005
8389,33,minibatch_k64,text_pca256_lexical_w005
8390,33,minibatch_k64,text_pca256_lexical_w005
8391,10,minibatch_k64,text_pca256_lexical_w005
8392,6,minibatch_k64,text_pca256_lexical_w005
8393,6,minibatch_k64,text_pca256_lexical_w005
8394,15,minibatch_k64,text_pca256_lexical_w005
8395,4,minibatch_k64,text_pca256_lexical_w005
8396,62,minibatch_k64,text_pca256_lexical_w005
8397,33,minibatch_k64,text_pca256_lexical_w005
8398,42,minibatch_k64,text_pca256_lexical_w005
8399,0,minibatch_k64,text_pca256_lexical_w005
8400,15,minibatch_k64,text_pca256_lexical_w005
8401,62,minibatch_k64,text_pca256_lexical_w005
8402,21,minibatch_k64,text_pca256_lexical_w005
8403,4,minibatch_k64,text_pca256_lexical_w005
8404,3,minibatch_k64,text_pca256_lexical_w005
8405,15,minibatch_k64,text_pca256_lexical_w005
8406,33,minibatch_k64,text_pca256_lexical_w005
8407,62,minibatch_k64,text_pca256_lexical_w005
8408,62,minibatch_k64,text_pca256_lexical_w005
8409,5,minibatch_k64,text_pca256_lexical_w005
8410,33,minibatch_k64,text_pca256_lexical_w005
8411,8,minibatch_k64,text_pca256_lexical_w005
8412,0,minibatch_k64,text_pca256_lexical_w005
8413,33,minibatch_k64,text_pca256_lexical_w005
8414,8,minibatch_k64,text_pca256_lexical_w005
8415,0,minibatch_k64,text_pca256_lexical_w005
8416,61,minibatch_k64,text_pca256_lexical_w005
8417,33,minibatch_k64,text_pca256_lexical_w005
8418,33,minibatch_k64,text_pca256_lexical_w005
8419,62,minibatch_k64,text_pca256_lexical_w005
8420,62,minibatch_k64,text_pca256_lexical_w005
8421,62,minibatch_k64,text_pca256_lexical_w005
8422,15,minibatch_k64,text_pca256_lexical_w005
8423,0,minibatch_k64,text_pca256_lexical_w005
8424,0,minibatch_k64,text_pca256_lexical_w005
8425,62,minibatch_k64,text_pca256_lexical_w005
8426,62,minibatch_k64,text_pca256_lexical_w005
8427,21,minibatch_k64,text_pca256_lexical_w005
8428,2,minibatch_k64,text_pca256_lexical_w005
8429,3,minibatch_k64,text_pca256_lexical_w005
8430,3,minibatch_k64,text_pca256_lexical_w005
8431,33,minibatch_k64,text_pca256_lexical_w005
8432,33,minibatch_k64,text_pca256_lexical_w005
8433,10,minibatch_k64,text_pca256_lexical_w005
8434,42,minibatch_k64,text_pca256_lexical_w005
8435,62,minibatch_k64,text_pca256_lexical_w005
8436,8,minibatch_k64,text_pca256_lexical_w005
8437,0,minibatch_k64,text_pca256_lexical_w005
8438,21,minibatch_k64,text_pca256_lexical_w005
8439,8,minibatch_k64,text_pca256_lexical_w005
8440,62,minibatch_k64,text_pca256_lexical_w005
8441,8,minibatch_k64,text_pca256_lexical_w005
8442,8,minibatch_k64,text_pca256_lexical_w005
8443,61,minibatch_k64,text_pca256_lexical_w005
8444,8,minibatch_k64,text_pca256_lexical_w005
8445,8,minibatch_k64,text_pca256_lexical_w005
8446,2,minibatch_k64,text_pca256_lexical_w005
8447,0,minibatch_k64,text_pca256_lexical_w005
8448,15,minibatch_k64,text_pca256_lexical_w005
8449,21,minibatch_k64,text_pca256_lexical_w005
8450,15,minibatch_k64,text_pca256_lexical_w005
8451,23,minibatch_k64,text_pca256_lexical_w005
8452,5,minibatch_k64,text_pca256_lexical_w005
8453,8,minibatch_k64,text_pca256_lexical_w005
8454,2,minibatch_k64,text_pca256_lexical_w005
8455,15,minibatch_k64,text_pca256_lexical_w005
8456,15,minibatch_k64,text_pca256_lexical_w005
8457,33,minibatch_k64,text_pca256_lexical_w005
8458,62,minibatch_k64,text_pca256_lexical_w005
8459,21,minibatch_k64,text_pca256_lexical_w005
8460,45,minibatch_k64,text_pca256_lexical_w005
8461,38,minibatch_k64,text_pca256_lexical_w005
8462,58,minibatch_k64,text_pca256_lexical_w005
8463,23,minibatch_k64,text_pca256_lexical_w005
8464,62,minibatch_k64,text_pca256_lexical_w005
8465,45,minibatch_k64,text_pca256_lexical_w005
8466,45,minibatch_k64,text_pca256_lexical_w005
8467,55,minibatch_k64,text_pca256_lexical_w005
8468,0,minibatch_k64,text_pca256_lexical_w005
8469,8,minibatch_k64,text_pca256_lexical_w005
8470,0,minibatch_k64,text_pca256_lexical_w005
8471,60,minibatch_k64,text_pca256_lexical_w005
8472,53,minibatch_k64,text_pca256_lexical_w005
8473,33,minibatch_k64,text_pca256_lexical_w005
8474,0,minibatch_k64,text_pca256_lexical_w005
8475,10,minibatch_k64,text_pca256_lexical_w005
8476,33,minibatch_k64,text_pca256_lexical_w005
8477,33,minibatch_k64,text_pca256_lexical_w005
8478,62,minibatch_k64,text_pca256_lexical_w005
8479,15,minibatch_k64,text_pca256_lexical_w005
8480,33,minibatch_k64,text_pca256_lexical_w005
8481,2,minibatch_k64,text_pca256_lexical_w005
8482,4,minibatch_k64,text_pca256_lexical_w005
8483,8,minibatch_k64,text_pca256_lexical_w005
8484,15,minibatch_k64,text_pca256_lexical_w005
8485,33,minibatch_k64,text_pca256_lexical_w005
8486,0,minibatch_k64,text_pca256_lexical_w005
8487,33,minibatch_k64,text_pca256_lexical_w005
8488,0,minibatch_k64,text_pca256_lexical_w005
8489,0,minibatch_k64,text_pca256_lexical_w005
8490,0,minibatch_k64,text_pca256_lexical_w005
8491,0,minibatch_k64,text_pca256_lexical_w005
8492,0,minibatch_k64,text_pca256_lexical_w005
8493,0,minibatch_k64,text_pca256_lexical_w005
8494,62,minibatch_k64,text_pca256_lexical_w005
8495,15,minibatch_k64,text_pca256_lexical_w005
8496,15,minibatch_k64,text_pca256_lexical_w005
8497,0,minibatch_k64,text_pca256_lexical_w005
8498,8,minibatch_k64,text_pca256_lexical_w005
8499,23,minibatch_k64,text_pca256_lexical_w005
8500,8,minibatch_k64,text_pca256_lexical_w005
8501,8,minibatch_k64,text_pca256_lexical_w005
8502,33,minibatch_k64,text_pca256_lexical_w005
8503,0,minibatch_k64,text_pca256_lexical_w005
8504,33,minibatch_k64,text_pca256_lexical_w005
8505,8,minibatch_k64,text_pca256_lexical_w005
8506,8,minibatch_k64,text_pca256_lexical_w005
8507,0,minibatch_k64,text_pca256_lexical_w005
8508,0,minibatch_k64,text_pca256_lexical_w005
8509,21,minibatch_k64,text_pca256_lexical_w005
8510,33,minibatch_k64,text_pca256_lexical_w005
8511,8,minibatch_k64,text_pca256_lexical_w005
8512,15,minibatch_k64,text_pca256_lexical_w005
8513,0,minibatch_k64,text_pca256_lexical_w005
8514,50,minibatch_k64,text_pca256_lexical_w005
8515,0,minibatch_k64,text_pca256_lexical_w005
8516,18,minibatch_k64,text_pca256_lexical_w005
8517,15,minibatch_k64,text_pca256_lexical_w005
8518,0,minibatch_k64,text_pca256_lexical_w005
8519,21,minibatch_k64,text_pca256_lexical_w005
8520,0,minibatch_k64,text_pca256_lexical_w005
8521,0,minibatch_k64,text_pca256_lexical_w005
8522,0,minibatch_k64,text_pca256_lexical_w005
8523,50,minibatch_k64,text_pca256_lexical_w005
8524,50,minibatch_k64,text_pca256_lexical_w005
8525,33,minibatch_k64,text_pca256_lexical_w005
8526,15,minibatch_k64,text_pca256_lexical_w005
8527,33,minibatch_k64,text_pca256_lexical_w005
8528,0,minibatch_k64,text_pca256_lexical_w005
8529,0,minibatch_k64,text_pca256_lexical_w005
8530,0,minibatch_k64,text_pca256_lexical_w005
8531,15,minibatch_k64,text_pca256_lexical_w005
8532,2,minibatch_k64,text_pca256_lexical_w005
8533,62,minibatch_k64,text_pca256_lexical_w005
8534,21,minibatch_k64,text_pca256_lexical_w005
8535,21,minibatch_k64,text_pca256_lexical_w005
8536,62,minibatch_k64,text_pca256_lexical_w005
8537,62,minibatch_k64,text_pca256_lexical_w005
8538,0,minibatch_k64,text_pca256_lexical_w005
8539,56,minibatch_k64,text_pca256_lexical_w005
8540,15,minibatch_k64,text_pca256_lexical_w005
8541,5,minibatch_k64,text_pca256_lexical_w005
8542,62,minibatch_k64,text_pca256_lexical_w005
8543,15,minibatch_k64,text_pca256_lexical_w005
8544,33,minibatch_k64,text_pca256_lexical_w005
8545,8,minibatch_k64,text_pca256_lexical_w005
8546,33,minibatch_k64,text_pca256_lexical_w005
8547,10,minibatch_k64,text_pca256_lexical_w005
8548,50,minibatch_k64,text_pca256_lexical_w005
8549,0,minibatch_k64,text_pca256_lexical_w005
8550,0,minibatch_k64,text_pca256_lexical_w005
8551,15,minibatch_k64,text_pca256_lexical_w005
8552,59,minibatch_k64,text_pca256_lexical_w005
8553,10,minibatch_k64,text_pca256_lexical_w005
8554,53,minibatch_k64,text_pca256_lexical_w005
8555,50,minibatch_k64,text_pca256_lexical_w005
8556,15,minibatch_k64,text_pca256_lexical_w005
8557,0,minibatch_k64,text_pca256_lexical_w005
8558,0,minibatch_k64,text_pca256_lexical_w005
8559,53,minibatch_k64,text_pca256_lexical_w005
8560,21,minibatch_k64,text_pca256_lexical_w005
8561,58,minibatch_k64,text_pca256_lexical_w005
8562,23,minibatch_k64,text_pca256_lexical_w005
8563,58,minibatch_k64,text_pca256_lexical_w005
8564,45,minibatch_k64,text_pca256_lexical_w005
8565,25,minibatch_k64,text_pca256_lexical_w005
8566,55,minibatch_k64,text_pca256_lexical_w005
8567,60,minibatch_k64,text_pca256_lexical_w005
8568,10,minibatch_k64,text_pca256_lexical_w005
8569,62,minibatch_k64,text_pca256_lexical_w005
8570,62,minibatch_k64,text_pca256_lexical_w005
8571,0,minibatch_k64,text_pca256_lexical_w005
8572,8,minibatch_k64,text_pca256_lexical_w005
8573,0,minibatch_k64,text_pca256_lexical_w005
8574,0,minibatch_k64,text_pca256_lexical_w005
8575,45,minibatch_k64,text_pca256_lexical_w005
8576,53,minibatch_k64,text_pca256_lexical_w005
8577,0,minibatch_k64,text_pca256_lexical_w005
8578,2,minibatch_k64,text_pca256_lexical_w005
8579,15,minibatch_k64,text_pca256_lexical_w005
8580,21,minibatch_k64,text_pca256_lexical_w005
8581,47,minibatch_k64,text_pca256_lexical_w005
8582,33,minibatch_k64,text_pca256_lexical_w005
8583,0,minibatch_k64,text_pca256_lexical_w005
8584,0,minibatch_k64,text_pca256_lexical_w005
8585,5,minibatch_k64,text_pca256_lexical_w005
8586,0,minibatch_k64,text_pca256_lexical_w005
8587,62,minibatch_k64,text_pca256_lexical_w005
8588,0,minibatch_k64,text_pca256_lexical_w005
8589,53,minibatch_k64,text_pca256_lexical_w005
8590,53,minibatch_k64,text_pca256_lexical_w005
8591,15,minibatch_k64,text_pca256_lexical_w005
8592,0,minibatch_k64,text_pca256_lexical_w005
8593,0,minibatch_k64,text_pca256_lexical_w005
8594,62,minibatch_k64,text_pca256_lexical_w005
8595,0,minibatch_k64,text_pca256_lexical_w005
8596,0,minibatch_k64,text_pca256_lexical_w005
8597,15,minibatch_k64,text_pca256_lexical_w005
8598,0,minibatch_k64,text_pca256_lexical_w005
8599,15,minibatch_k64,text_pca256_lexical_w005
8600,0,minibatch_k64,text_pca256_lexical_w005
8601,15,minibatch_k64,text_pca256_lexical_w005
8602,0,minibatch_k64,text_pca256_lexical_w005
8603,8,minibatch_k64,text_pca256_lexical_w005
8604,0,minibatch_k64,text_pca256_lexical_w005
8605,39,minibatch_k64,text_pca256_lexical_w005
8606,62,minibatch_k64,text_pca256_lexical_w005
8607,56,minibatch_k64,text_pca256_lexical_w005
8608,8,minibatch_k64,text_pca256_lexical_w005
8609,0,minibatch_k64,text_pca256_lexical_w005
8610,0,minibatch_k64,text_pca256_lexical_w005
8611,5,minibatch_k64,text_pca256_lexical_w005
8612,8,minibatch_k64,text_pca256_lexical_w005
8613,15,minibatch_k64,text_pca256_lexical_w005
8614,5,minibatch_k64,text_pca256_lexical_w005
8615,0,minibatch_k64,text_pca256_lexical_w005
8616,33,minibatch_k64,text_pca256_lexical_w005
8617,4,minibatch_k64,text_pca256_lexical_w005
8618,58,minibatch_k64,text_pca256_lexical_w005
8619,38,minibatch_k64,text_pca256_lexical_w005
8620,25,minibatch_k64,text_pca256_lexical_w005
8621,21,minibatch_k64,text_pca256_lexical_w005
8622,15,minibatch_k64,text_pca256_lexical_w005
8623,39,minibatch_k64,text_pca256_lexical_w005
8624,15,minibatch_k64,text_pca256_lexical_w005
8625,0,minibatch_k64,text_pca256_lexical_w005
8626,8,minibatch_k64,text_pca256_lexical_w005
8627,55,minibatch_k64,text_pca256_lexical_w005
8628,50,minibatch_k64,text_pca256_lexical_w005
8629,35,minibatch_k64,text_pca256_lexical_w005
8630,0,minibatch_k64,text_pca256_lexical_w005
8631,15,minibatch_k64,text_pca256_lexical_w005
8632,15,minibatch_k64,text_pca256_lexical_w005
8633,23,minibatch_k64,text_pca256_lexical_w005
8634,23,minibatch_k64,text_pca256_lexical_w005
8635,0,minibatch_k64,text_pca256_lexical_w005
8636,45,minibatch_k64,text_pca256_lexical_w005
8637,45,minibatch_k64,text_pca256_lexical_w005
8638,0,minibatch_k64,text_pca256_lexical_w005
8639,21,minibatch_k64,text_pca256_lexical_w005
8640,4,minibatch_k64,text_pca256_lexical_w005
8641,0,minibatch_k64,text_pca256_lexical_w005
8642,10,minibatch_k64,text_pca256_lexical_w005
8643,15,minibatch_k64,text_pca256_lexical_w005
8644,39,minibatch_k64,text_pca256_lexical_w005
8645,0,minibatch_k64,text_pca256_lexical_w005
8646,0,minibatch_k64,text_pca256_lexical_w005
8647,15,minibatch_k64,text_pca256_lexical_w005
8648,8,minibatch_k64,text_pca256_lexical_w005
8649,0,minibatch_k64,text_pca256_lexical_w005
8650,0,minibatch_k64,text_pca256_lexical_w005
8651,0,minibatch_k64,text_pca256_lexical_w005
8652,0,minibatch_k64,text_pca256_lexical_w005
8653,0,minibatch_k64,text_pca256_lexical_w005
8654,33,minibatch_k64,text_pca256_lexical_w005
8655,21,minibatch_k64,text_pca256_lexical_w005
8656,33,minibatch_k64,text_pca256_lexical_w005
8657,8,minibatch_k64,text_pca256_lexical_w005
8658,15,minibatch_k64,text_pca256_lexical_w005
8659,62,minibatch_k64,text_pca256_lexical_w005
8660,53,minibatch_k64,text_pca256_lexical_w005
8661,15,minibatch_k64,text_pca256_lexical_w005
8662,0,minibatch_k64,text_pca256_lexical_w005
8663,15,minibatch_k64,text_pca256_lexical_w005
8664,8,minibatch_k64,text_pca256_lexical_w005
8665,33,minibatch_k64,text_pca256_lexical_w005
8666,2,minibatch_k64,text_pca256_lexical_w005
8667,23,minibatch_k64,text_pca256_lexical_w005
8668,59,minibatch_k64,text_pca256_lexical_w005
8669,33,minibatch_k64,text_pca256_lexical_w005
8670,0,minibatch_k64,text_pca256_lexical_w005
8671,62,minibatch_k64,text_pca256_lexical_w005
8672,0,minibatch_k64,text_pca256_lexical_w005
8673,62,minibatch_k64,text_pca256_lexical_w005
8674,15,minibatch_k64,text_pca256_lexical_w005
8675,62,minibatch_k64,text_pca256_lexical_w005
8676,58,minibatch_k64,text_pca256_lexical_w005
8677,33,minibatch_k64,text_pca256_lexical_w005
8678,58,minibatch_k64,text_pca256_lexical_w005
8679,21,minibatch_k64,text_pca256_lexical_w005
8680,45,minibatch_k64,text_pca256_lexical_w005
8681,5,minibatch_k64,text_pca256_lexical_w005
8682,45,minibatch_k64,text_pca256_lexical_w005
8683,25,minibatch_k64,text_pca256_lexical_w005
8684,55,minibatch_k64,text_pca256_lexical_w005
8685,0,minibatch_k64,text_pca256_lexical_w005
8686,62,minibatch_k64,text_pca256_lexical_w005
8687,60,minibatch_k64,text_pca256_lexical_w005
8688,0,minibatch_k64,text_pca256_lexical_w005
8689,0,minibatch_k64,text_pca256_lexical_w005
8690,4,minibatch_k64,text_pca256_lexical_w005
8691,0,minibatch_k64,text_pca256_lexical_w005
8692,5,minibatch_k64,text_pca256_lexical_w005
8693,0,minibatch_k64,text_pca256_lexical_w005
8694,2,minibatch_k64,text_pca256_lexical_w005
8695,10,minibatch_k64,text_pca256_lexical_w005
8696,23,minibatch_k64,text_pca256_lexical_w005
8697,62,minibatch_k64,text_pca256_lexical_w005
8698,15,minibatch_k64,text_pca256_lexical_w005
8699,62,minibatch_k64,text_pca256_lexical_w005
8700,0,minibatch_k64,text_pca256_lexical_w005
8701,0,minibatch_k64,text_pca256_lexical_w005
8702,0,minibatch_k64,text_pca256_lexical_w005
8703,42,minibatch_k64,text_pca256_lexical_w005
8704,62,minibatch_k64,text_pca256_lexical_w005
8705,39,minibatch_k64,text_pca256_lexical_w005
8706,23,minibatch_k64,text_pca256_lexical_w005
8707,23,minibatch_k64,text_pca256_lexical_w005
8708,0,minibatch_k64,text_pca256_lexical_w005
8709,0,minibatch_k64,text_pca256_lexical_w005
8710,15,minibatch_k64,text_pca256_lexical_w005
8711,45,minibatch_k64,text_pca256_lexical_w005
8712,62,minibatch_k64,text_pca256_lexical_w005
8713,15,minibatch_k64,text_pca256_lexical_w005
8714,0,minibatch_k64,text_pca256_lexical_w005
8715,23,minibatch_k64,text_pca256_lexical_w005
8716,21,minibatch_k64,text_pca256_lexical_w005
8717,0,minibatch_k64,text_pca256_lexical_w005
8718,62,minibatch_k64,text_pca256_lexical_w005
8719,8,minibatch_k64,text_pca256_lexical_w005
8720,0,minibatch_k64,text_pca256_lexical_w005
8721,39,minibatch_k64,text_pca256_lexical_w005
8722,0,minibatch_k64,text_pca256_lexical_w005
8723,4,minibatch_k64,text_pca256_lexical_w005
8724,8,minibatch_k64,text_pca256_lexical_w005
8725,21,minibatch_k64,text_pca256_lexical_w005
8726,0,minibatch_k64,text_pca256_lexical_w005
8727,33,minibatch_k64,text_pca256_lexical_w005
8728,39,minibatch_k64,text_pca256_lexical_w005
8729,8,minibatch_k64,text_pca256_lexical_w005
8730,39,minibatch_k64,text_pca256_lexical_w005
8731,8,minibatch_k64,text_pca256_lexical_w005
8732,2,minibatch_k64,text_pca256_lexical_w005
8733,15,minibatch_k64,text_pca256_lexical_w005
8734,33,minibatch_k64,text_pca256_lexical_w005
8735,21,minibatch_k64,text_pca256_lexical_w005
8736,62,minibatch_k64,text_pca256_lexical_w005
8737,10,minibatch_k64,text_pca256_lexical_w005
8738,21,minibatch_k64,text_pca256_lexical_w005
8739,33,minibatch_k64,text_pca256_lexical_w005
8740,10,minibatch_k64,text_pca256_lexical_w005
8741,0,minibatch_k64,text_pca256_lexical_w005
8742,0,minibatch_k64,text_pca256_lexical_w005
8743,33,minibatch_k64,text_pca256_lexical_w005
8744,15,minibatch_k64,text_pca256_lexical_w005
8745,0,minibatch_k64,text_pca256_lexical_w005
8746,33,minibatch_k64,text_pca256_lexical_w005
8747,33,minibatch_k64,text_pca256_lexical_w005
8748,15,minibatch_k64,text_pca256_lexical_w005
8749,50,minibatch_k64,text_pca256_lexical_w005
8750,5,minibatch_k64,text_pca256_lexical_w005
8751,0,minibatch_k64,text_pca256_lexical_w005
8752,53,minibatch_k64,text_pca256_lexical_w005
8753,45,minibatch_k64,text_pca256_lexical_w005
8754,5,minibatch_k64,text_pca256_lexical_w005
8755,5,minibatch_k64,text_pca256_lexical_w005
8756,0,minibatch_k64,text_pca256_lexical_w005
8757,42,minibatch_k64,text_pca256_lexical_w005
8758,45,minibatch_k64,text_pca256_lexical_w005
8759,45,minibatch_k64,text_pca256_lexical_w005
8760,62,minibatch_k64,text_pca256_lexical_w005
8761,0,minibatch_k64,text_pca256_lexical_w005
8762,0,minibatch_k64,text_pca256_lexical_w005
8763,0,minibatch_k64,text_pca256_lexical_w005
8764,5,minibatch_k64,text_pca256_lexical_w005
8765,59,minibatch_k64,text_pca256_lexical_w005
8766,0,minibatch_k64,text_pca256_lexical_w005
8767,5,minibatch_k64,text_pca256_lexical_w005
8768,15,minibatch_k64,text_pca256_lexical_w005
8769,23,minibatch_k64,text_pca256_lexical_w005
8770,33,minibatch_k64,text_pca256_lexical_w005
8771,15,minibatch_k64,text_pca256_lexical_w005
8772,0,minibatch_k64,text_pca256_lexical_w005
8773,33,minibatch_k64,text_pca256_lexical_w005
8774,62,minibatch_k64,text_pca256_lexical_w005
8775,62,minibatch_k64,text_pca256_lexical_w005
8776,62,minibatch_k64,text_pca256_lexical_w005
8777,33,minibatch_k64,text_pca256_lexical_w005
8778,5,minibatch_k64,text_pca256_lexical_w005
8779,0,minibatch_k64,text_pca256_lexical_w005
8780,62,minibatch_k64,text_pca256_lexical_w005
8781,5,minibatch_k64,text_pca256_lexical_w005
8782,59,minibatch_k64,text_pca256_lexical_w005
8783,4,minibatch_k64,text_pca256_lexical_w005
8784,5,minibatch_k64,text_pca256_lexical_w005
8785,0,minibatch_k64,text_pca256_lexical_w005
8786,45,minibatch_k64,text_pca256_lexical_w005
8787,45,minibatch_k64,text_pca256_lexical_w005
8788,45,minibatch_k64,text_pca256_lexical_w005
8789,10,minibatch_k64,text_pca256_lexical_w005
8790,8,minibatch_k64,text_pca256_lexical_w005
8791,53,minibatch_k64,text_pca256_lexical_w005
8792,62,minibatch_k64,text_pca256_lexical_w005
8793,15,minibatch_k64,text_pca256_lexical_w005
8794,0,minibatch_k64,text_pca256_lexical_w005
8795,53,minibatch_k64,text_pca256_lexical_w005
8796,33,minibatch_k64,text_pca256_lexical_w005
8797,33,minibatch_k64,text_pca256_lexical_w005
8798,33,minibatch_k64,text_pca256_lexical_w005
8799,2,minibatch_k64,text_pca256_lexical_w005
8800,10,minibatch_k64,text_pca256_lexical_w005
8801,15,minibatch_k64,text_pca256_lexical_w005
8802,0,minibatch_k64,text_pca256_lexical_w005
8803,42,minibatch_k64,text_pca256_lexical_w005
8804,42,minibatch_k64,text_pca256_lexical_w005
8805,61,minibatch_k64,text_pca256_lexical_w005
8806,0,minibatch_k64,text_pca256_lexical_w005
8807,33,minibatch_k64,text_pca256_lexical_w005
8808,61,minibatch_k64,text_pca256_lexical_w005
8809,61,minibatch_k64,text_pca256_lexical_w005
8810,59,minibatch_k64,text_pca256_lexical_w005
8811,59,minibatch_k64,text_pca256_lexical_w005
8812,0,minibatch_k64,text_pca256_lexical_w005
8813,61,minibatch_k64,text_pca256_lexical_w005
8814,2,minibatch_k64,text_pca256_lexical_w005
8815,42,minibatch_k64,text_pca256_lexical_w005
8816,61,minibatch_k64,text_pca256_lexical_w005
8817,61,minibatch_k64,text_pca256_lexical_w005
8818,15,minibatch_k64,text_pca256_lexical_w005
8819,5,minibatch_k64,text_pca256_lexical_w005
8820,0,minibatch_k64,text_pca256_lexical_w005
8821,33,minibatch_k64,text_pca256_lexical_w005
8822,2,minibatch_k64,text_pca256_lexical_w005
8823,15,minibatch_k64,text_pca256_lexical_w005
8824,5,minibatch_k64,text_pca256_lexical_w005
8825,33,minibatch_k64,text_pca256_lexical_w005
8826,5,minibatch_k64,text_pca256_lexical_w005
8827,5,minibatch_k64,text_pca256_lexical_w005
8828,61,minibatch_k64,text_pca256_lexical_w005
8829,5,minibatch_k64,text_pca256_lexical_w005
8830,61,minibatch_k64,text_pca256_lexical_w005
8831,53,minibatch_k64,text_pca256_lexical_w005
8832,62,minibatch_k64,text_pca256_lexical_w005
8833,15,minibatch_k64,text_pca256_lexical_w005
8834,5,minibatch_k64,text_pca256_lexical_w005
8835,0,minibatch_k64,text_pca256_lexical_w005
8836,11,minibatch_k64,text_pca256_lexical_w005
8837,62,minibatch_k64,text_pca256_lexical_w005
8838,15,minibatch_k64,text_pca256_lexical_w005
8839,8,minibatch_k64,text_pca256_lexical_w005
8840,50,minibatch_k64,text_pca256_lexical_w005
8841,11,minibatch_k64,text_pca256_lexical_w005
8842,62,minibatch_k64,text_pca256_lexical_w005
8843,15,minibatch_k64,text_pca256_lexical_w005
8844,57,minibatch_k64,text_pca256_lexical_w005
8845,15,minibatch_k64,text_pca256_lexical_w005
8846,0,minibatch_k64,text_pca256_lexical_w005
8847,42,minibatch_k64,text_pca256_lexical_w005
8848,57,minibatch_k64,text_pca256_lexical_w005
8849,10,minibatch_k64,text_pca256_lexical_w005
8850,0,minibatch_k64,text_pca256_lexical_w005
8851,57,minibatch_k64,text_pca256_lexical_w005
8852,0,minibatch_k64,text_pca256_lexical_w005
8853,15,minibatch_k64,text_pca256_lexical_w005
8854,62,minibatch_k64,text_pca256_lexical_w005
8855,11,minibatch_k64,text_pca256_lexical_w005
8856,2,minibatch_k64,text_pca256_lexical_w005
8857,11,minibatch_k64,text_pca256_lexical_w005
8858,57,minibatch_k64,text_pca256_lexical_w005
8859,0,minibatch_k64,text_pca256_lexical_w005
8860,8,minibatch_k64,text_pca256_lexical_w005
8861,11,minibatch_k64,text_pca256_lexical_w005
8862,39,minibatch_k64,text_pca256_lexical_w005
8863,15,minibatch_k64,text_pca256_lexical_w005
8864,0,minibatch_k64,text_pca256_lexical_w005
8865,33,minibatch_k64,text_pca256_lexical_w005
8866,53,minibatch_k64,text_pca256_lexical_w005
8867,21,minibatch_k64,text_pca256_lexical_w005
8868,15,minibatch_k64,text_pca256_lexical_w005
8869,42,minibatch_k64,text_pca256_lexical_w005
8870,42,minibatch_k64,text_pca256_lexical_w005
8871,0,minibatch_k64,text_pca256_lexical_w005
8872,53,minibatch_k64,text_pca256_lexical_w005
8873,0,minibatch_k64,text_pca256_lexical_w005
8874,2,minibatch_k64,text_pca256_lexical_w005
8875,57,minibatch_k64,text_pca256_lexical_w005
8876,62,minibatch_k64,text_pca256_lexical_w005
8877,62,minibatch_k64,text_pca256_lexical_w005
8878,62,minibatch_k64,text_pca256_lexical_w005
8879,33,minibatch_k64,text_pca256_lexical_w005
8880,33,minibatch_k64,text_pca256_lexical_w005
8881,62,minibatch_k64,text_pca256_lexical_w005
8882,15,minibatch_k64,text_pca256_lexical_w005
8883,0,minibatch_k64,text_pca256_lexical_w005
8884,33,minibatch_k64,text_pca256_lexical_w005
8885,0,minibatch_k64,text_pca256_lexical_w005
8886,8,minibatch_k64,text_pca256_lexical_w005
8887,21,minibatch_k64,text_pca256_lexical_w005
8888,11,minibatch_k64,text_pca256_lexical_w005
8889,15,minibatch_k64,text_pca256_lexical_w005
8890,8,minibatch_k64,text_pca256_lexical_w005
8891,0,minibatch_k64,text_pca256_lexical_w005
8892,4,minibatch_k64,text_pca256_lexical_w005
8893,11,minibatch_k64,text_pca256_lexical_w005
8894,8,minibatch_k64,text_pca256_lexical_w005
8895,57,minibatch_k64,text_pca256_lexical_w005
8896,33,minibatch_k64,text_pca256_lexical_w005
8897,8,minibatch_k64,text_pca256_lexical_w005
8898,0,minibatch_k64,text_pca256_lexical_w005
8899,61,minibatch_k64,text_pca256_lexical_w005
8900,15,minibatch_k64,text_pca256_lexical_w005
8901,0,minibatch_k64,text_pca256_lexical_w005
8902,15,minibatch_k64,text_pca256_lexical_w005
8903,0,minibatch_k64,text_pca256_lexical_w005
8904,15,minibatch_k64,text_pca256_lexical_w005
8905,33,minibatch_k64,text_pca256_lexical_w005
8906,15,minibatch_k64,text_pca256_lexical_w005
8907,58,minibatch_k64,text_pca256_lexical_w005
8908,62,minibatch_k64,text_pca256_lexical_w005
8909,45,minibatch_k64,text_pca256_lexical_w005
8910,62,minibatch_k64,text_pca256_lexical_w005
8911,8,minibatch_k64,text_pca256_lexical_w005
8912,58,minibatch_k64,text_pca256_lexical_w005
8913,0,minibatch_k64,text_pca256_lexical_w005
8914,45,minibatch_k64,text_pca256_lexical_w005
8915,15,minibatch_k64,text_pca256_lexical_w005
8916,33,minibatch_k64,text_pca256_lexical_w005
8917,45,minibatch_k64,text_pca256_lexical_w005
8918,55,minibatch_k64,text_pca256_lexical_w005
8919,25,minibatch_k64,text_pca256_lexical_w005
8920,15,minibatch_k64,text_pca256_lexical_w005
8921,60,minibatch_k64,text_pca256_lexical_w005
8922,21,minibatch_k64,text_pca256_lexical_w005
8923,5,minibatch_k64,text_pca256_lexical_w005
8924,33,minibatch_k64,text_pca256_lexical_w005
8925,62,minibatch_k64,text_pca256_lexical_w005
8926,0,minibatch_k64,text_pca256_lexical_w005
8927,15,minibatch_k64,text_pca256_lexical_w005
8928,33,minibatch_k64,text_pca256_lexical_w005
8929,0,minibatch_k64,text_pca256_lexical_w005
8930,8,minibatch_k64,text_pca256_lexical_w005
8931,0,minibatch_k64,text_pca256_lexical_w005
8932,39,minibatch_k64,text_pca256_lexical_w005
8933,0,minibatch_k64,text_pca256_lexical_w005
8934,57,minibatch_k64,text_pca256_lexical_w005
8935,33,minibatch_k64,text_pca256_lexical_w005
8936,10,minibatch_k64,text_pca256_lexical_w005
8937,57,minibatch_k64,text_pca256_lexical_w005
8938,50,minibatch_k64,text_pca256_lexical_w005
8939,21,minibatch_k64,text_pca256_lexical_w005
8940,15,minibatch_k64,text_pca256_lexical_w005
8941,4,minibatch_k64,text_pca256_lexical_w005
8942,0,minibatch_k64,text_pca256_lexical_w005
8943,53,minibatch_k64,text_pca256_lexical_w005
8944,0,minibatch_k64,text_pca256_lexical_w005
8945,4,minibatch_k64,text_pca256_lexical_w005
8946,0,minibatch_k64,text_pca256_lexical_w005
8947,50,minibatch_k64,text_pca256_lexical_w005
8948,5,minibatch_k64,text_pca256_lexical_w005
8949,21,minibatch_k64,text_pca256_lexical_w005
8950,0,minibatch_k64,text_pca256_lexical_w005
8951,62,minibatch_k64,text_pca256_lexical_w005
8952,33,minibatch_k64,text_pca256_lexical_w005
8953,62,minibatch_k64,text_pca256_lexical_w005
8954,33,minibatch_k64,text_pca256_lexical_w005
8955,15,minibatch_k64,text_pca256_lexical_w005
8956,15,minibatch_k64,text_pca256_lexical_w005
8957,2,minibatch_k64,text_pca256_lexical_w005
8958,33,minibatch_k64,text_pca256_lexical_w005
8959,15,minibatch_k64,text_pca256_lexical_w005
8960,33,minibatch_k64,text_pca256_lexical_w005
8961,0,minibatch_k64,text_pca256_lexical_w005
8962,8,minibatch_k64,text_pca256_lexical_w005
8963,21,minibatch_k64,text_pca256_lexical_w005
8964,0,minibatch_k64,text_pca256_lexical_w005
8965,0,minibatch_k64,text_pca256_lexical_w005
8966,8,minibatch_k64,text_pca256_lexical_w005
8967,0,minibatch_k64,text_pca256_lexical_w005
8968,8,minibatch_k64,text_pca256_lexical_w005
8969,0,minibatch_k64,text_pca256_lexical_w005
8970,0,minibatch_k64,text_pca256_lexical_w005
8971,0,minibatch_k64,text_pca256_lexical_w005
8972,0,minibatch_k64,text_pca256_lexical_w005
8973,0,minibatch_k64,text_pca256_lexical_w005
8974,0,minibatch_k64,text_pca256_lexical_w005
8975,39,minibatch_k64,text_pca256_lexical_w005
8976,33,minibatch_k64,text_pca256_lexical_w005
8977,0,minibatch_k64,text_pca256_lexical_w005
8978,33,minibatch_k64,text_pca256_lexical_w005
8979,21,minibatch_k64,text_pca256_lexical_w005
8980,39,minibatch_k64,text_pca256_lexical_w005
8981,21,minibatch_k64,text_pca256_lexical_w005
8982,21,minibatch_k64,text_pca256_lexical_w005
8983,0,minibatch_k64,text_pca256_lexical_w005
8984,8,minibatch_k64,text_pca256_lexical_w005
8985,0,minibatch_k64,text_pca256_lexical_w005
8986,2,minibatch_k64,text_pca256_lexical_w005
8987,33,minibatch_k64,text_pca256_lexical_w005
8988,8,minibatch_k64,text_pca256_lexical_w005
8989,15,minibatch_k64,text_pca256_lexical_w005
8990,53,minibatch_k64,text_pca256_lexical_w005
8991,53,minibatch_k64,text_pca256_lexical_w005
8992,53,minibatch_k64,text_pca256_lexical_w005
8993,53,minibatch_k64,text_pca256_lexical_w005
8994,21,minibatch_k64,text_pca256_lexical_w005
8995,21,minibatch_k64,text_pca256_lexical_w005
8996,0,minibatch_k64,text_pca256_lexical_w005
8997,15,minibatch_k64,text_pca256_lexical_w005
8998,15,minibatch_k64,text_pca256_lexical_w005
8999,62,minibatch_k64,text_pca256_lexical_w005
9000,62,minibatch_k64,text_pca256_lexical_w005
9001,0,minibatch_k64,text_pca256_lexical_w005
9002,0,minibatch_k64,text_pca256_lexical_w005
9003,33,minibatch_k64,text_pca256_lexical_w005
9004,33,minibatch_k64,text_pca256_lexical_w005
9005,42,minibatch_k64,text_pca256_lexical_w005
9006,33,minibatch_k64,text_pca256_lexical_w005
9007,33,minibatch_k64,text_pca256_lexical_w005
9008,42,minibatch_k64,text_pca256_lexical_w005
9009,15,minibatch_k64,text_pca256_lexical_w005
9010,2,minibatch_k64,text_pca256_lexical_w005
9011,39,minibatch_k64,text_pca256_lexical_w005
9012,0,minibatch_k64,text_pca256_lexical_w005
9013,8,minibatch_k64,text_pca256_lexical_w005
9014,39,minibatch_k64,text_pca256_lexical_w005
9015,0,minibatch_k64,text_pca256_lexical_w005
9016,23,minibatch_k64,text_pca256_lexical_w005
9017,15,minibatch_k64,text_pca256_lexical_w005
9018,59,minibatch_k64,text_pca256_lexical_w005
9019,42,minibatch_k64,text_pca256_lexical_w005
9020,0,minibatch_k64,text_pca256_lexical_w005
9021,15,minibatch_k64,text_pca256_lexical_w005
9022,15,minibatch_k64,text_pca256_lexical_w005
9023,0,minibatch_k64,text_pca256_lexical_w005
9024,0,minibatch_k64,text_pca256_lexical_w005
9025,62,minibatch_k64,text_pca256_lexical_w005
9026,33,minibatch_k64,text_pca256_lexical_w005
9027,39,minibatch_k64,text_pca256_lexical_w005
9028,53,minibatch_k64,text_pca256_lexical_w005
9029,62,minibatch_k64,text_pca256_lexical_w005
9030,4,minibatch_k64,text_pca256_lexical_w005
9031,0,minibatch_k64,text_pca256_lexical_w005
9032,0,minibatch_k64,text_pca256_lexical_w005
9033,0,minibatch_k64,text_pca256_lexical_w005
9034,0,minibatch_k64,text_pca256_lexical_w005
9035,59,minibatch_k64,text_pca256_lexical_w005
9036,21,minibatch_k64,text_pca256_lexical_w005
9037,4,minibatch_k64,text_pca256_lexical_w005
9038,8,minibatch_k64,text_pca256_lexical_w005
9039,33,minibatch_k64,text_pca256_lexical_w005
9040,15,minibatch_k64,text_pca256_lexical_w005
9041,33,minibatch_k64,text_pca256_lexical_w005
9042,8,minibatch_k64,text_pca256_lexical_w005
9043,0,minibatch_k64,text_pca256_lexical_w005
9044,33,minibatch_k64,text_pca256_lexical_w005
9045,15,minibatch_k64,text_pca256_lexical_w005
9046,14,minibatch_k64,text_pca256_lexical_w005
9047,0,minibatch_k64,text_pca256_lexical_w005
9048,33,minibatch_k64,text_pca256_lexical_w005
9049,8,minibatch_k64,text_pca256_lexical_w005
9050,62,minibatch_k64,text_pca256_lexical_w005
9051,62,minibatch_k64,text_pca256_lexical_w005
9052,10,minibatch_k64,text_pca256_lexical_w005
9053,0,minibatch_k64,text_pca256_lexical_w005
9054,62,minibatch_k64,text_pca256_lexical_w005
9055,15,minibatch_k64,text_pca256_lexical_w005
9056,0,minibatch_k64,text_pca256_lexical_w005
9057,0,minibatch_k64,text_pca256_lexical_w005
9058,0,minibatch_k64,text_pca256_lexical_w005
9059,42,minibatch_k64,text_pca256_lexical_w005
9060,10,minibatch_k64,text_pca256_lexical_w005
9061,0,minibatch_k64,text_pca256_lexical_w005
9062,0,minibatch_k64,text_pca256_lexical_w005
9063,33,minibatch_k64,text_pca256_lexical_w005
9064,10,minibatch_k64,text_pca256_lexical_w005
9065,0,minibatch_k64,text_pca256_lexical_w005
9066,33,minibatch_k64,text_pca256_lexical_w005
9067,15,minibatch_k64,text_pca256_lexical_w005
9068,53,minibatch_k64,text_pca256_lexical_w005
9069,33,minibatch_k64,text_pca256_lexical_w005
9070,33,minibatch_k64,text_pca256_lexical_w005
9071,33,minibatch_k64,text_pca256_lexical_w005
9072,0,minibatch_k64,text_pca256_lexical_w005
9073,33,minibatch_k64,text_pca256_lexical_w005
9074,0,minibatch_k64,text_pca256_lexical_w005
9075,0,minibatch_k64,text_pca256_lexical_w005
9076,15,minibatch_k64,text_pca256_lexical_w005
9077,33,minibatch_k64,text_pca256_lexical_w005
9078,0,minibatch_k64,text_pca256_lexical_w005
9079,0,minibatch_k64,text_pca256_lexical_w005
9080,15,minibatch_k64,text_pca256_lexical_w005
9081,8,minibatch_k64,text_pca256_lexical_w005
9082,15,minibatch_k64,text_pca256_lexical_w005
9083,10,minibatch_k64,text_pca256_lexical_w005
9084,0,minibatch_k64,text_pca256_lexical_w005
9085,59,minibatch_k64,text_pca256_lexical_w005
9086,8,minibatch_k64,text_pca256_lexical_w005
9087,33,minibatch_k64,text_pca256_lexical_w005
9088,39,minibatch_k64,text_pca256_lexical_w005
9089,15,minibatch_k64,text_pca256_lexical_w005
9090,0,minibatch_k64,text_pca256_lexical_w005
9091,53,minibatch_k64,text_pca256_lexical_w005
9092,15,minibatch_k64,text_pca256_lexical_w005
9093,58,minibatch_k64,text_pca256_lexical_w005
9094,58,minibatch_k64,text_pca256_lexical_w005
9095,23,minibatch_k64,text_pca256_lexical_w005
9096,42,minibatch_k64,text_pca256_lexical_w005
9097,45,minibatch_k64,text_pca256_lexical_w005
9098,25,minibatch_k64,text_pca256_lexical_w005
9099,55,minibatch_k64,text_pca256_lexical_w005
9100,60,minibatch_k64,text_pca256_lexical_w005
9101,15,minibatch_k64,text_pca256_lexical_w005
9102,0,minibatch_k64,text_pca256_lexical_w005
9103,8,minibatch_k64,text_pca256_lexical_w005
9104,0,minibatch_k64,text_pca256_lexical_w005
9105,62,minibatch_k64,text_pca256_lexical_w005
9106,33,minibatch_k64,text_pca256_lexical_w005
9107,15,minibatch_k64,text_pca256_lexical_w005
9108,39,minibatch_k64,text_pca256_lexical_w005
9109,53,minibatch_k64,text_pca256_lexical_w005
9110,15,minibatch_k64,text_pca256_lexical_w005
9111,15,minibatch_k64,text_pca256_lexical_w005
9112,0,minibatch_k64,text_pca256_lexical_w005
9113,21,minibatch_k64,text_pca256_lexical_w005
9114,33,minibatch_k64,text_pca256_lexical_w005
9115,15,minibatch_k64,text_pca256_lexical_w005
9116,33,minibatch_k64,text_pca256_lexical_w005
9117,15,minibatch_k64,text_pca256_lexical_w005
9118,53,minibatch_k64,text_pca256_lexical_w005
9119,15,minibatch_k64,text_pca256_lexical_w005
9120,62,minibatch_k64,text_pca256_lexical_w005
9121,10,minibatch_k64,text_pca256_lexical_w005
9122,59,minibatch_k64,text_pca256_lexical_w005
9123,33,minibatch_k64,text_pca256_lexical_w005
9124,0,minibatch_k64,text_pca256_lexical_w005
9125,15,minibatch_k64,text_pca256_lexical_w005
9126,33,minibatch_k64,text_pca256_lexical_w005
9127,33,minibatch_k64,text_pca256_lexical_w005
9128,33,minibatch_k64,text_pca256_lexical_w005
9129,15,minibatch_k64,text_pca256_lexical_w005
9130,39,minibatch_k64,text_pca256_lexical_w005
9131,33,minibatch_k64,text_pca256_lexical_w005
9132,33,minibatch_k64,text_pca256_lexical_w005
9133,15,minibatch_k64,text_pca256_lexical_w005
9134,33,minibatch_k64,text_pca256_lexical_w005
9135,33,minibatch_k64,text_pca256_lexical_w005
9136,0,minibatch_k64,text_pca256_lexical_w005
9137,0,minibatch_k64,text_pca256_lexical_w005
9138,15,minibatch_k64,text_pca256_lexical_w005
9139,0,minibatch_k64,text_pca256_lexical_w005
9140,15,minibatch_k64,text_pca256_lexical_w005
9141,59,minibatch_k64,text_pca256_lexical_w005
9142,10,minibatch_k64,text_pca256_lexical_w005
9143,15,minibatch_k64,text_pca256_lexical_w005
9144,21,minibatch_k64,text_pca256_lexical_w005
9145,61,minibatch_k64,text_pca256_lexical_w005
9146,15,minibatch_k64,text_pca256_lexical_w005
9147,39,minibatch_k64,text_pca256_lexical_w005
9148,15,minibatch_k64,text_pca256_lexical_w005
9149,15,minibatch_k64,text_pca256_lexical_w005
9150,61,minibatch_k64,text_pca256_lexical_w005
9151,15,minibatch_k64,text_pca256_lexical_w005
9152,62,minibatch_k64,text_pca256_lexical_w005
9153,33,minibatch_k64,text_pca256_lexical_w005
9154,33,minibatch_k64,text_pca256_lexical_w005
9155,21,minibatch_k64,text_pca256_lexical_w005
9156,0,minibatch_k64,text_pca256_lexical_w005
9157,0,minibatch_k64,text_pca256_lexical_w005
9158,33,minibatch_k64,text_pca256_lexical_w005
9159,15,minibatch_k64,text_pca256_lexical_w005
9160,42,minibatch_k64,text_pca256_lexical_w005
9161,33,minibatch_k64,text_pca256_lexical_w005
9162,15,minibatch_k64,text_pca256_lexical_w005
9163,33,minibatch_k64,text_pca256_lexical_w005
9164,15,minibatch_k64,text_pca256_lexical_w005
9165,39,minibatch_k64,text_pca256_lexical_w005
9166,33,minibatch_k64,text_pca256_lexical_w005
9167,0,minibatch_k64,text_pca256_lexical_w005
9168,0,minibatch_k64,text_pca256_lexical_w005
9169,33,minibatch_k64,text_pca256_lexical_w005
9170,62,minibatch_k64,text_pca256_lexical_w005
9171,0,minibatch_k64,text_pca256_lexical_w005
9172,33,minibatch_k64,text_pca256_lexical_w005
9173,33,minibatch_k64,text_pca256_lexical_w005
9174,0,minibatch_k64,text_pca256_lexical_w005
9175,0,minibatch_k64,text_pca256_lexical_w005
9176,15,minibatch_k64,text_pca256_lexical_w005
9177,15,minibatch_k64,text_pca256_lexical_w005
9178,0,minibatch_k64,text_pca256_lexical_w005
9179,33,minibatch_k64,text_pca256_lexical_w005
9180,5,minibatch_k64,text_pca256_lexical_w005
9181,50,minibatch_k64,text_pca256_lexical_w005
9182,33,minibatch_k64,text_pca256_lexical_w005
9183,2,minibatch_k64,text_pca256_lexical_w005
9184,33,minibatch_k64,text_pca256_lexical_w005
9185,8,minibatch_k64,text_pca256_lexical_w005
9186,62,minibatch_k64,text_pca256_lexical_w005
9187,33,minibatch_k64,text_pca256_lexical_w005
9188,33,minibatch_k64,text_pca256_lexical_w005
9189,15,minibatch_k64,text_pca256_lexical_w005
9190,33,minibatch_k64,text_pca256_lexical_w005
9191,15,minibatch_k64,text_pca256_lexical_w005
9192,8,minibatch_k64,text_pca256_lexical_w005
9193,0,minibatch_k64,text_pca256_lexical_w005
9194,8,minibatch_k64,text_pca256_lexical_w005
9195,62,minibatch_k64,text_pca256_lexical_w005
9196,33,minibatch_k64,text_pca256_lexical_w005
9197,0,minibatch_k64,text_pca256_lexical_w005
9198,15,minibatch_k64,text_pca256_lexical_w005
9199,33,minibatch_k64,text_pca256_lexical_w005
9200,0,minibatch_k64,text_pca256_lexical_w005
9201,2,minibatch_k64,text_pca256_lexical_w005
9202,15,minibatch_k64,text_pca256_lexical_w005
9203,62,minibatch_k64,text_pca256_lexical_w005
9204,0,minibatch_k64,text_pca256_lexical_w005
9205,33,minibatch_k64,text_pca256_lexical_w005
9206,62,minibatch_k64,text_pca256_lexical_w005
9207,0,minibatch_k64,text_pca256_lexical_w005
9208,8,minibatch_k64,text_pca256_lexical_w005
9209,33,minibatch_k64,text_pca256_lexical_w005
9210,8,minibatch_k64,text_pca256_lexical_w005
9211,33,minibatch_k64,text_pca256_lexical_w005
9212,11,minibatch_k64,text_pca256_lexical_w005
9213,33,minibatch_k64,text_pca256_lexical_w005
9214,62,minibatch_k64,text_pca256_lexical_w005
9215,0,minibatch_k64,text_pca256_lexical_w005
9216,33,minibatch_k64,text_pca256_lexical_w005
9217,39,minibatch_k64,text_pca256_lexical_w005
9218,21,minibatch_k64,text_pca256_lexical_w005
9219,23,minibatch_k64,text_pca256_lexical_w005
9220,59,minibatch_k64,text_pca256_lexical_w005
9221,14,minibatch_k64,text_pca256_lexical_w005
9222,0,minibatch_k64,text_pca256_lexical_w005
9223,33,minibatch_k64,text_pca256_lexical_w005
9224,33,minibatch_k64,text_pca256_lexical_w005
9225,33,minibatch_k64,text_pca256_lexical_w005
9226,15,minibatch_k64,text_pca256_lexical_w005
9227,0,minibatch_k64,text_pca256_lexical_w005
9228,53,minibatch_k64,text_pca256_lexical_w005
9229,15,minibatch_k64,text_pca256_lexical_w005
9230,0,minibatch_k64,text_pca256_lexical_w005
9231,33,minibatch_k64,text_pca256_lexical_w005
9232,10,minibatch_k64,text_pca256_lexical_w005
9233,8,minibatch_k64,text_pca256_lexical_w005
9234,53,minibatch_k64,text_pca256_lexical_w005
9235,21,minibatch_k64,text_pca256_lexical_w005
9236,15,minibatch_k64,text_pca256_lexical_w005
9237,62,minibatch_k64,text_pca256_lexical_w005
9238,8,minibatch_k64,text_pca256_lexical_w005
9239,33,minibatch_k64,text_pca256_lexical_w005
9240,57,minibatch_k64,text_pca256_lexical_w005
9241,8,minibatch_k64,text_pca256_lexical_w005
9242,8,minibatch_k64,text_pca256_lexical_w005
9243,0,minibatch_k64,text_pca256_lexical_w005
9244,33,minibatch_k64,text_pca256_lexical_w005
9245,11,minibatch_k64,text_pca256_lexical_w005
9246,50,minibatch_k64,text_pca256_lexical_w005
9247,33,minibatch_k64,text_pca256_lexical_w005
9248,0,minibatch_k64,text_pca256_lexical_w005
9249,8,minibatch_k64,text_pca256_lexical_w005
9250,62,minibatch_k64,text_pca256_lexical_w005
9251,15,minibatch_k64,text_pca256_lexical_w005
9252,0,minibatch_k64,text_pca256_lexical_w005
9253,33,minibatch_k64,text_pca256_lexical_w005
9254,21,minibatch_k64,text_pca256_lexical_w005
9255,33,minibatch_k64,text_pca256_lexical_w005
9256,21,minibatch_k64,text_pca256_lexical_w005
9257,59,minibatch_k64,text_pca256_lexical_w005
9258,2,minibatch_k64,text_pca256_lexical_w005
9259,53,minibatch_k64,text_pca256_lexical_w005
9260,15,minibatch_k64,text_pca256_lexical_w005
9261,0,minibatch_k64,text_pca256_lexical_w005
9262,58,minibatch_k64,text_pca256_lexical_w005
9263,58,minibatch_k64,text_pca256_lexical_w005
9264,4,minibatch_k64,text_pca256_lexical_w005
9265,23,minibatch_k64,text_pca256_lexical_w005
9266,62,minibatch_k64,text_pca256_lexical_w005
9267,15,minibatch_k64,text_pca256_lexical_w005
9268,0,minibatch_k64,text_pca256_lexical_w005
9269,57,minibatch_k64,text_pca256_lexical_w005
9270,8,minibatch_k64,text_pca256_lexical_w005
9271,25,minibatch_k64,text_pca256_lexical_w005
9272,55,minibatch_k64,text_pca256_lexical_w005
9273,23,minibatch_k64,text_pca256_lexical_w005
9274,33,minibatch_k64,text_pca256_lexical_w005
9275,15,minibatch_k64,text_pca256_lexical_w005
9276,33,minibatch_k64,text_pca256_lexical_w005
9277,15,minibatch_k64,text_pca256_lexical_w005
9278,60,minibatch_k64,text_pca256_lexical_w005
9279,33,minibatch_k64,text_pca256_lexical_w005
9280,15,minibatch_k64,text_pca256_lexical_w005
9281,45,minibatch_k64,text_pca256_lexical_w005
9282,33,minibatch_k64,text_pca256_lexical_w005
9283,15,minibatch_k64,text_pca256_lexical_w005
9284,2,minibatch_k64,text_pca256_lexical_w005
9285,11,minibatch_k64,text_pca256_lexical_w005
9286,33,minibatch_k64,text_pca256_lexical_w005
9287,15,minibatch_k64,text_pca256_lexical_w005
9288,21,minibatch_k64,text_pca256_lexical_w005
9289,21,minibatch_k64,text_pca256_lexical_w005
9290,0,minibatch_k64,text_pca256_lexical_w005
9291,33,minibatch_k64,text_pca256_lexical_w005
9292,33,minibatch_k64,text_pca256_lexical_w005
9293,0,minibatch_k64,text_pca256_lexical_w005
9294,15,minibatch_k64,text_pca256_lexical_w005
9295,8,minibatch_k64,text_pca256_lexical_w005
9296,10,minibatch_k64,text_pca256_lexical_w005
9297,53,minibatch_k64,text_pca256_lexical_w005
9298,15,minibatch_k64,text_pca256_lexical_w005
9299,0,minibatch_k64,text_pca256_lexical_w005
9300,33,minibatch_k64,text_pca256_lexical_w005
9301,33,minibatch_k64,text_pca256_lexical_w005
9302,0,minibatch_k64,text_pca256_lexical_w005
9303,39,minibatch_k64,text_pca256_lexical_w005
9304,33,minibatch_k64,text_pca256_lexical_w005
9305,42,minibatch_k64,text_pca256_lexical_w005
9306,0,minibatch_k64,text_pca256_lexical_w005
9307,15,minibatch_k64,text_pca256_lexical_w005
9308,0,minibatch_k64,text_pca256_lexical_w005
9309,0,minibatch_k64,text_pca256_lexical_w005
9310,0,minibatch_k64,text_pca256_lexical_w005
9311,62,minibatch_k64,text_pca256_lexical_w005
9312,0,minibatch_k64,text_pca256_lexical_w005
9313,0,minibatch_k64,text_pca256_lexical_w005
9314,62,minibatch_k64,text_pca256_lexical_w005
9315,15,minibatch_k64,text_pca256_lexical_w005
9316,15,minibatch_k64,text_pca256_lexical_w005
9317,53,minibatch_k64,text_pca256_lexical_w005
9318,62,minibatch_k64,text_pca256_lexical_w005
9319,21,minibatch_k64,text_pca256_lexical_w005
9320,42,minibatch_k64,text_pca256_lexical_w005
9321,0,minibatch_k64,text_pca256_lexical_w005
9322,15,minibatch_k64,text_pca256_lexical_w005
9323,33,minibatch_k64,text_pca256_lexical_w005
9324,15,minibatch_k64,text_pca256_lexical_w005
9325,0,minibatch_k64,text_pca256_lexical_w005
9326,62,minibatch_k64,text_pca256_lexical_w005
9327,10,minibatch_k64,text_pca256_lexical_w005
9328,33,minibatch_k64,text_pca256_lexical_w005
9329,15,minibatch_k64,text_pca256_lexical_w005
9330,62,minibatch_k64,text_pca256_lexical_w005
9331,15,minibatch_k64,text_pca256_lexical_w005
9332,33,minibatch_k64,text_pca256_lexical_w005
9333,62,minibatch_k64,text_pca256_lexical_w005
9334,21,minibatch_k64,text_pca256_lexical_w005
9335,8,minibatch_k64,text_pca256_lexical_w005
9336,33,minibatch_k64,text_pca256_lexical_w005
9337,0,minibatch_k64,text_pca256_lexical_w005
9338,62,minibatch_k64,text_pca256_lexical_w005
9339,33,minibatch_k64,text_pca256_lexical_w005
9340,0,minibatch_k64,text_pca256_lexical_w005
9341,57,minibatch_k64,text_pca256_lexical_w005
9342,11,minibatch_k64,text_pca256_lexical_w005
9343,0,minibatch_k64,text_pca256_lexical_w005
9344,0,minibatch_k64,text_pca256_lexical_w005
9345,15,minibatch_k64,text_pca256_lexical_w005
9346,8,minibatch_k64,text_pca256_lexical_w005
9347,11,minibatch_k64,text_pca256_lexical_w005
9348,39,minibatch_k64,text_pca256_lexical_w005
9349,11,minibatch_k64,text_pca256_lexical_w005
9350,15,minibatch_k64,text_pca256_lexical_w005
9351,2,minibatch_k64,text_pca256_lexical_w005
9352,0,minibatch_k64,text_pca256_lexical_w005
9353,0,minibatch_k64,text_pca256_lexical_w005
9354,0,minibatch_k64,text_pca256_lexical_w005
9355,57,minibatch_k64,text_pca256_lexical_w005
9356,33,minibatch_k64,text_pca256_lexical_w005
9357,0,minibatch_k64,text_pca256_lexical_w005
9358,8,minibatch_k64,text_pca256_lexical_w005
9359,0,minibatch_k64,text_pca256_lexical_w005
9360,0,minibatch_k64,text_pca256_lexical_w005
9361,0,minibatch_k64,text_pca256_lexical_w005
9362,50,minibatch_k64,text_pca256_lexical_w005
9363,50,minibatch_k64,text_pca256_lexical_w005
9364,33,minibatch_k64,text_pca256_lexical_w005
9365,15,minibatch_k64,text_pca256_lexical_w005
9366,33,minibatch_k64,text_pca256_lexical_w005
9367,15,minibatch_k64,text_pca256_lexical_w005
9368,15,minibatch_k64,text_pca256_lexical_w005
9369,15,minibatch_k64,text_pca256_lexical_w005
9370,11,minibatch_k64,text_pca256_lexical_w005
9371,62,minibatch_k64,text_pca256_lexical_w005
9372,8,minibatch_k64,text_pca256_lexical_w005
9373,62,minibatch_k64,text_pca256_lexical_w005
9374,11,minibatch_k64,text_pca256_lexical_w005
9375,33,minibatch_k64,text_pca256_lexical_w005
9376,14,minibatch_k64,text_pca256_lexical_w005
9377,39,minibatch_k64,text_pca256_lexical_w005
9378,11,minibatch_k64,text_pca256_lexical_w005
9379,62,minibatch_k64,text_pca256_lexical_w005
9380,42,minibatch_k64,text_pca256_lexical_w005
9381,57,minibatch_k64,text_pca256_lexical_w005
9382,62,minibatch_k64,text_pca256_lexical_w005
9383,62,minibatch_k64,text_pca256_lexical_w005
9384,0,minibatch_k64,text_pca256_lexical_w005
9385,33,minibatch_k64,text_pca256_lexical_w005
9386,33,minibatch_k64,text_pca256_lexical_w005
9387,62,minibatch_k64,text_pca256_lexical_w005
9388,57,minibatch_k64,text_pca256_lexical_w005
9389,15,minibatch_k64,text_pca256_lexical_w005
9390,62,minibatch_k64,text_pca256_lexical_w005
9391,11,minibatch_k64,text_pca256_lexical_w005
9392,33,minibatch_k64,text_pca256_lexical_w005
9393,8,minibatch_k64,text_pca256_lexical_w005
9394,57,minibatch_k64,text_pca256_lexical_w005
9395,39,minibatch_k64,text_pca256_lexical_w005
9396,11,minibatch_k64,text_pca256_lexical_w005
9397,4,minibatch_k64,text_pca256_lexical_w005
9398,4,minibatch_k64,text_pca256_lexical_w005
9399,33,minibatch_k64,text_pca256_lexical_w005
9400,21,minibatch_k64,text_pca256_lexical_w005
9401,57,minibatch_k64,text_pca256_lexical_w005
9402,15,minibatch_k64,text_pca256_lexical_w005
9403,62,minibatch_k64,text_pca256_lexical_w005
9404,15,minibatch_k64,text_pca256_lexical_w005
9405,58,minibatch_k64,text_pca256_lexical_w005
9406,25,minibatch_k64,text_pca256_lexical_w005
9407,33,minibatch_k64,text_pca256_lexical_w005
9408,0,minibatch_k64,text_pca256_lexical_w005
9409,15,minibatch_k64,text_pca256_lexical_w005
9410,55,minibatch_k64,text_pca256_lexical_w005
9411,13,minibatch_k64,text_pca256_lexical_w005
9412,0,minibatch_k64,text_pca256_lexical_w005
9413,0,minibatch_k64,text_pca256_lexical_w005
9414,0,minibatch_k64,text_pca256_lexical_w005
9415,33,minibatch_k64,text_pca256_lexical_w005
9416,23,minibatch_k64,text_pca256_lexical_w005
9417,33,minibatch_k64,text_pca256_lexical_w005
9418,15,minibatch_k64,text_pca256_lexical_w005
9419,62,minibatch_k64,text_pca256_lexical_w005
9420,57,minibatch_k64,text_pca256_lexical_w005
9421,33,minibatch_k64,text_pca256_lexical_w005
9422,11,minibatch_k64,text_pca256_lexical_w005
9423,33,minibatch_k64,text_pca256_lexical_w005
9424,33,minibatch_k64,text_pca256_lexical_w005
9425,0,minibatch_k64,text_pca256_lexical_w005
9426,15,minibatch_k64,text_pca256_lexical_w005
9427,62,minibatch_k64,text_pca256_lexical_w005
9428,15,minibatch_k64,text_pca256_lexical_w005
9429,15,minibatch_k64,text_pca256_lexical_w005
9430,57,minibatch_k64,text_pca256_lexical_w005
9431,50,minibatch_k64,text_pca256_lexical_w005
9432,33,minibatch_k64,text_pca256_lexical_w005
9433,53,minibatch_k64,text_pca256_lexical_w005
9434,62,minibatch_k64,text_pca256_lexical_w005
9435,53,minibatch_k64,text_pca256_lexical_w005
9436,33,minibatch_k64,text_pca256_lexical_w005
9437,33,minibatch_k64,text_pca256_lexical_w005
9438,23,minibatch_k64,text_pca256_lexical_w005
9439,57,minibatch_k64,text_pca256_lexical_w005
9440,0,minibatch_k64,text_pca256_lexical_w005
9441,0,minibatch_k64,text_pca256_lexical_w005
9442,62,minibatch_k64,text_pca256_lexical_w005
9443,4,minibatch_k64,text_pca256_lexical_w005
9444,11,minibatch_k64,text_pca256_lexical_w005
9445,21,minibatch_k64,text_pca256_lexical_w005
9446,61,minibatch_k64,text_pca256_lexical_w005
9447,15,minibatch_k64,text_pca256_lexical_w005
9448,0,minibatch_k64,text_pca256_lexical_w005
9449,57,minibatch_k64,text_pca256_lexical_w005
9450,33,minibatch_k64,text_pca256_lexical_w005
9451,42,minibatch_k64,text_pca256_lexical_w005
9452,8,minibatch_k64,text_pca256_lexical_w005
9453,42,minibatch_k64,text_pca256_lexical_w005
9454,21,minibatch_k64,text_pca256_lexical_w005
9455,8,minibatch_k64,text_pca256_lexical_w005
9456,33,minibatch_k64,text_pca256_lexical_w005
9457,61,minibatch_k64,text_pca256_lexical_w005
9458,11,minibatch_k64,text_pca256_lexical_w005
9459,0,minibatch_k64,text_pca256_lexical_w005
9460,33,minibatch_k64,text_pca256_lexical_w005
9461,33,minibatch_k64,text_pca256_lexical_w005
9462,42,minibatch_k64,text_pca256_lexical_w005
9463,4,minibatch_k64,text_pca256_lexical_w005
9464,62,minibatch_k64,text_pca256_lexical_w005
9465,33,minibatch_k64,text_pca256_lexical_w005
9466,62,minibatch_k64,text_pca256_lexical_w005
9467,33,minibatch_k64,text_pca256_lexical_w005
9468,0,minibatch_k64,text_pca256_lexical_w005
9469,11,minibatch_k64,text_pca256_lexical_w005
9470,0,minibatch_k64,text_pca256_lexical_w005
9471,10,minibatch_k64,text_pca256_lexical_w005
9472,61,minibatch_k64,text_pca256_lexical_w005
9473,0,minibatch_k64,text_pca256_lexical_w005
9474,61,minibatch_k64,text_pca256_lexical_w005
9475,33,minibatch_k64,text_pca256_lexical_w005
9476,33,minibatch_k64,text_pca256_lexical_w005
9477,11,minibatch_k64,text_pca256_lexical_w005
9478,0,minibatch_k64,text_pca256_lexical_w005
9479,33,minibatch_k64,text_pca256_lexical_w005
9480,57,minibatch_k64,text_pca256_lexical_w005
9481,0,minibatch_k64,text_pca256_lexical_w005
9482,0,minibatch_k64,text_pca256_lexical_w005
9483,8,minibatch_k64,text_pca256_lexical_w005
9484,42,minibatch_k64,text_pca256_lexical_w005
9485,8,minibatch_k64,text_pca256_lexical_w005
9486,62,minibatch_k64,text_pca256_lexical_w005
9487,33,minibatch_k64,text_pca256_lexical_w005
9488,11,minibatch_k64,text_pca256_lexical_w005
9489,4,minibatch_k64,text_pca256_lexical_w005
9490,15,minibatch_k64,text_pca256_lexical_w005
9491,53,minibatch_k64,text_pca256_lexical_w005
9492,15,minibatch_k64,text_pca256_lexical_w005
9493,15,minibatch_k64,text_pca256_lexical_w005
9494,15,minibatch_k64,text_pca256_lexical_w005
9495,21,minibatch_k64,text_pca256_lexical_w005
9496,62,minibatch_k64,text_pca256_lexical_w005
9497,33,minibatch_k64,text_pca256_lexical_w005
9498,39,minibatch_k64,text_pca256_lexical_w005
9499,62,minibatch_k64,text_pca256_lexical_w005
9500,0,minibatch_k64,text_pca256_lexical_w005
9501,57,minibatch_k64,text_pca256_lexical_w005
9502,59,minibatch_k64,text_pca256_lexical_w005
9503,42,minibatch_k64,text_pca256_lexical_w005
9504,0,minibatch_k64,text_pca256_lexical_w005
9505,15,minibatch_k64,text_pca256_lexical_w005
9506,21,minibatch_k64,text_pca256_lexical_w005
9507,62,minibatch_k64,text_pca256_lexical_w005
9508,53,minibatch_k64,text_pca256_lexical_w005
9509,8,minibatch_k64,text_pca256_lexical_w005
9510,42,minibatch_k64,text_pca256_lexical_w005
9511,57,minibatch_k64,text_pca256_lexical_w005
9512,0,minibatch_k64,text_pca256_lexical_w005
9513,58,minibatch_k64,text_pca256_lexical_w005
9514,2,minibatch_k64,text_pca256_lexical_w005
9515,0,minibatch_k64,text_pca256_lexical_w005
9516,62,minibatch_k64,text_pca256_lexical_w005
9517,59,minibatch_k64,text_pca256_lexical_w005
9518,62,minibatch_k64,text_pca256_lexical_w005
9519,8,minibatch_k64,text_pca256_lexical_w005
9520,8,minibatch_k64,text_pca256_lexical_w005
9521,42,minibatch_k64,text_pca256_lexical_w005
9522,55,minibatch_k64,text_pca256_lexical_w005
9523,25,minibatch_k64,text_pca256_lexical_w005
9524,23,minibatch_k64,text_pca256_lexical_w005
9525,62,minibatch_k64,text_pca256_lexical_w005
9526,11,minibatch_k64,text_pca256_lexical_w005
9527,60,minibatch_k64,text_pca256_lexical_w005
9528,0,minibatch_k64,text_pca256_lexical_w005
9529,16,minibatch_k64,text_pca256_lexical_w005
9530,15,minibatch_k64,text_pca256_lexical_w005
9531,0,minibatch_k64,text_pca256_lexical_w005
9532,0,minibatch_k64,text_pca256_lexical_w005
9533,33,minibatch_k64,text_pca256_lexical_w005
9534,0,minibatch_k64,text_pca256_lexical_w005
9535,33,minibatch_k64,text_pca256_lexical_w005
9536,39,minibatch_k64,text_pca256_lexical_w005
9537,33,minibatch_k64,text_pca256_lexical_w005
9538,33,minibatch_k64,text_pca256_lexical_w005
9539,57,minibatch_k64,text_pca256_lexical_w005
9540,0,minibatch_k64,text_pca256_lexical_w005
9541,15,minibatch_k64,text_pca256_lexical_w005
9542,33,minibatch_k64,text_pca256_lexical_w005
9543,0,minibatch_k64,text_pca256_lexical_w005
9544,33,minibatch_k64,text_pca256_lexical_w005
9545,21,minibatch_k64,text_pca256_lexical_w005
9546,62,minibatch_k64,text_pca256_lexical_w005
9547,15,minibatch_k64,text_pca256_lexical_w005
9548,57,minibatch_k64,text_pca256_lexical_w005
9549,33,minibatch_k64,text_pca256_lexical_w005
9550,0,minibatch_k64,text_pca256_lexical_w005
9551,21,minibatch_k64,text_pca256_lexical_w005
9552,33,minibatch_k64,text_pca256_lexical_w005
9553,57,minibatch_k64,text_pca256_lexical_w005
9554,0,minibatch_k64,text_pca256_lexical_w005
9555,11,minibatch_k64,text_pca256_lexical_w005
9556,0,minibatch_k64,text_pca256_lexical_w005
9557,57,minibatch_k64,text_pca256_lexical_w005
9558,33,minibatch_k64,text_pca256_lexical_w005
9559,21,minibatch_k64,text_pca256_lexical_w005
9560,39,minibatch_k64,text_pca256_lexical_w005
9561,8,minibatch_k64,text_pca256_lexical_w005
9562,0,minibatch_k64,text_pca256_lexical_w005
9563,33,minibatch_k64,text_pca256_lexical_w005
9564,0,minibatch_k64,text_pca256_lexical_w005
9565,0,minibatch_k64,text_pca256_lexical_w005
9566,15,minibatch_k64,text_pca256_lexical_w005
9567,0,minibatch_k64,text_pca256_lexical_w005
9568,42,minibatch_k64,text_pca256_lexical_w005
9569,21,minibatch_k64,text_pca256_lexical_w005
9570,62,minibatch_k64,text_pca256_lexical_w005
9571,8,minibatch_k64,text_pca256_lexical_w005
9572,0,minibatch_k64,text_pca256_lexical_w005
9573,21,minibatch_k64,text_pca256_lexical_w005
9574,0,minibatch_k64,text_pca256_lexical_w005
9575,33,minibatch_k64,text_pca256_lexical_w005
9576,8,minibatch_k64,text_pca256_lexical_w005
9577,33,minibatch_k64,text_pca256_lexical_w005
9578,50,minibatch_k64,text_pca256_lexical_w005
9579,53,minibatch_k64,text_pca256_lexical_w005
9580,0,minibatch_k64,text_pca256_lexical_w005
9581,62,minibatch_k64,text_pca256_lexical_w005
9582,33,minibatch_k64,text_pca256_lexical_w005
9583,0,minibatch_k64,text_pca256_lexical_w005
9584,21,minibatch_k64,text_pca256_lexical_w005
9585,2,minibatch_k64,text_pca256_lexical_w005
9586,21,minibatch_k64,text_pca256_lexical_w005
9587,33,minibatch_k64,text_pca256_lexical_w005
9588,39,minibatch_k64,text_pca256_lexical_w005
9589,0,minibatch_k64,text_pca256_lexical_w005
9590,21,minibatch_k64,text_pca256_lexical_w005
9591,21,minibatch_k64,text_pca256_lexical_w005
9592,53,minibatch_k64,text_pca256_lexical_w005
9593,21,minibatch_k64,text_pca256_lexical_w005
9594,21,minibatch_k64,text_pca256_lexical_w005
9595,15,minibatch_k64,text_pca256_lexical_w005
9596,33,minibatch_k64,text_pca256_lexical_w005
9597,42,minibatch_k64,text_pca256_lexical_w005
9598,0,minibatch_k64,text_pca256_lexical_w005
9599,15,minibatch_k64,text_pca256_lexical_w005
9600,0,minibatch_k64,text_pca256_lexical_w005
9601,62,minibatch_k64,text_pca256_lexical_w005
9602,39,minibatch_k64,text_pca256_lexical_w005
9603,15,minibatch_k64,text_pca256_lexical_w005
9604,21,minibatch_k64,text_pca256_lexical_w005
9605,8,minibatch_k64,text_pca256_lexical_w005
9606,39,minibatch_k64,text_pca256_lexical_w005
9607,0,minibatch_k64,text_pca256_lexical_w005
9608,8,minibatch_k64,text_pca256_lexical_w005
9609,42,minibatch_k64,text_pca256_lexical_w005
9610,0,minibatch_k64,text_pca256_lexical_w005
9611,50,minibatch_k64,text_pca256_lexical_w005
9612,2,minibatch_k64,text_pca256_lexical_w005
9613,62,minibatch_k64,text_pca256_lexical_w005
9614,0,minibatch_k64,text_pca256_lexical_w005
9615,0,minibatch_k64,text_pca256_lexical_w005
9616,53,minibatch_k64,text_pca256_lexical_w005
9617,33,minibatch_k64,text_pca256_lexical_w005
9618,23,minibatch_k64,text_pca256_lexical_w005
9619,0,minibatch_k64,text_pca256_lexical_w005
9620,33,minibatch_k64,text_pca256_lexical_w005
9621,2,minibatch_k64,text_pca256_lexical_w005
9622,4,minibatch_k64,text_pca256_lexical_w005
9623,33,minibatch_k64,text_pca256_lexical_w005
9624,33,minibatch_k64,text_pca256_lexical_w005
9625,15,minibatch_k64,text_pca256_lexical_w005
9626,57,minibatch_k64,text_pca256_lexical_w005
9627,8,minibatch_k64,text_pca256_lexical_w005
9628,42,minibatch_k64,text_pca256_lexical_w005
9629,23,minibatch_k64,text_pca256_lexical_w005
9630,23,minibatch_k64,text_pca256_lexical_w005
9631,0,minibatch_k64,text_pca256_lexical_w005
9632,10,minibatch_k64,text_pca256_lexical_w005
9633,57,minibatch_k64,text_pca256_lexical_w005
9634,39,minibatch_k64,text_pca256_lexical_w005
9635,57,minibatch_k64,text_pca256_lexical_w005
9636,8,minibatch_k64,text_pca256_lexical_w005
9637,33,minibatch_k64,text_pca256_lexical_w005
9638,36,minibatch_k64,text_pca256_lexical_w005
9639,15,minibatch_k64,text_pca256_lexical_w005
9640,0,minibatch_k64,text_pca256_lexical_w005
9641,21,minibatch_k64,text_pca256_lexical_w005
9642,8,minibatch_k64,text_pca256_lexical_w005
9643,0,minibatch_k64,text_pca256_lexical_w005
9644,10,minibatch_k64,text_pca256_lexical_w005
9645,0,minibatch_k64,text_pca256_lexical_w005
9646,42,minibatch_k64,text_pca256_lexical_w005
9647,8,minibatch_k64,text_pca256_lexical_w005
9648,15,minibatch_k64,text_pca256_lexical_w005
9649,0,minibatch_k64,text_pca256_lexical_w005
9650,15,minibatch_k64,text_pca256_lexical_w005
9651,15,minibatch_k64,text_pca256_lexical_w005
9652,50,minibatch_k64,text_pca256_lexical_w005
9653,39,minibatch_k64,text_pca256_lexical_w005
9654,15,minibatch_k64,text_pca256_lexical_w005
9655,50,minibatch_k64,text_pca256_lexical_w005
9656,59,minibatch_k64,text_pca256_lexical_w005
9657,15,minibatch_k64,text_pca256_lexical_w005
9658,15,minibatch_k64,text_pca256_lexical_w005
9659,0,minibatch_k64,text_pca256_lexical_w005
9660,8,minibatch_k64,text_pca256_lexical_w005
9661,62,minibatch_k64,text_pca256_lexical_w005
9662,0,minibatch_k64,text_pca256_lexical_w005
9663,0,minibatch_k64,text_pca256_lexical_w005
9664,59,minibatch_k64,text_pca256_lexical_w005
9665,62,minibatch_k64,text_pca256_lexical_w005
9666,33,minibatch_k64,text_pca256_lexical_w005
9667,0,minibatch_k64,text_pca256_lexical_w005
9668,53,minibatch_k64,text_pca256_lexical_w005
9669,33,minibatch_k64,text_pca256_lexical_w005
9670,62,minibatch_k64,text_pca256_lexical_w005
9671,2,minibatch_k64,text_pca256_lexical_w005
9672,8,minibatch_k64,text_pca256_lexical_w005
9673,33,minibatch_k64,text_pca256_lexical_w005
9674,0,minibatch_k64,text_pca256_lexical_w005
9675,33,minibatch_k64,text_pca256_lexical_w005
9676,33,minibatch_k64,text_pca256_lexical_w005
9677,23,minibatch_k64,text_pca256_lexical_w005
9678,0,minibatch_k64,text_pca256_lexical_w005
9679,33,minibatch_k64,text_pca256_lexical_w005
9680,33,minibatch_k64,text_pca256_lexical_w005
9681,33,minibatch_k64,text_pca256_lexical_w005
9682,15,minibatch_k64,text_pca256_lexical_w005
9683,15,minibatch_k64,text_pca256_lexical_w005
9684,8,minibatch_k64,text_pca256_lexical_w005
9685,0,minibatch_k64,text_pca256_lexical_w005
9686,8,minibatch_k64,text_pca256_lexical_w005
9687,8,minibatch_k64,text_pca256_lexical_w005
9688,33,minibatch_k64,text_pca256_lexical_w005
9689,15,minibatch_k64,text_pca256_lexical_w005
9690,15,minibatch_k64,text_pca256_lexical_w005
9691,53,minibatch_k64,text_pca256_lexical_w005
9692,53,minibatch_k64,text_pca256_lexical_w005
9693,10,minibatch_k64,text_pca256_lexical_w005
9694,8,minibatch_k64,text_pca256_lexical_w005
9695,10,minibatch_k64,text_pca256_lexical_w005
9696,33,minibatch_k64,text_pca256_lexical_w005
9697,21,minibatch_k64,text_pca256_lexical_w005
9698,59,minibatch_k64,text_pca256_lexical_w005
9699,53,minibatch_k64,text_pca256_lexical_w005
9700,21,minibatch_k64,text_pca256_lexical_w005
9701,15,minibatch_k64,text_pca256_lexical_w005
9702,45,minibatch_k64,text_pca256_lexical_w005
9703,59,minibatch_k64,text_pca256_lexical_w005
9704,8,minibatch_k64,text_pca256_lexical_w005
9705,58,minibatch_k64,text_pca256_lexical_w005
9706,45,minibatch_k64,text_pca256_lexical_w005
9707,4,minibatch_k64,text_pca256_lexical_w005
9708,62,minibatch_k64,text_pca256_lexical_w005
9709,8,minibatch_k64,text_pca256_lexical_w005
9710,0,minibatch_k64,text_pca256_lexical_w005
9711,33,minibatch_k64,text_pca256_lexical_w005
9712,33,minibatch_k64,text_pca256_lexical_w005
9713,62,minibatch_k64,text_pca256_lexical_w005
9714,0,minibatch_k64,text_pca256_lexical_w005
9715,60,minibatch_k64,text_pca256_lexical_w005
9716,45,minibatch_k64,text_pca256_lexical_w005
9717,15,minibatch_k64,text_pca256_lexical_w005
9718,62,minibatch_k64,text_pca256_lexical_w005
9719,33,minibatch_k64,text_pca256_lexical_w005
9720,10,minibatch_k64,text_pca256_lexical_w005
9721,0,minibatch_k64,text_pca256_lexical_w005
9722,62,minibatch_k64,text_pca256_lexical_w005
9723,15,minibatch_k64,text_pca256_lexical_w005
9724,53,minibatch_k64,text_pca256_lexical_w005
9725,62,minibatch_k64,text_pca256_lexical_w005
9726,33,minibatch_k64,text_pca256_lexical_w005
9727,10,minibatch_k64,text_pca256_lexical_w005
9728,59,minibatch_k64,text_pca256_lexical_w005
9729,15,minibatch_k64,text_pca256_lexical_w005
9730,8,minibatch_k64,text_pca256_lexical_w005
9731,8,minibatch_k64,text_pca256_lexical_w005
9732,33,minibatch_k64,text_pca256_lexical_w005
9733,33,minibatch_k64,text_pca256_lexical_w005
9734,33,minibatch_k64,text_pca256_lexical_w005
9735,15,minibatch_k64,text_pca256_lexical_w005
9736,0,minibatch_k64,text_pca256_lexical_w005
9737,0,minibatch_k64,text_pca256_lexical_w005
9738,0,minibatch_k64,text_pca256_lexical_w005
9739,16,minibatch_k64,text_pca256_lexical_w005
9740,33,minibatch_k64,text_pca256_lexical_w005
9741,0,minibatch_k64,text_pca256_lexical_w005
9742,4,minibatch_k64,text_pca256_lexical_w005
9743,2,minibatch_k64,text_pca256_lexical_w005
9744,15,minibatch_k64,text_pca256_lexical_w005
9745,33,minibatch_k64,text_pca256_lexical_w005
9746,15,minibatch_k64,text_pca256_lexical_w005
9747,15,minibatch_k64,text_pca256_lexical_w005
9748,15,minibatch_k64,text_pca256_lexical_w005
9749,0,minibatch_k64,text_pca256_lexical_w005
9750,59,minibatch_k64,text_pca256_lexical_w005
9751,2,minibatch_k64,text_pca256_lexical_w005
9752,42,minibatch_k64,text_pca256_lexical_w005
9753,15,minibatch_k64,text_pca256_lexical_w005
9754,4,minibatch_k64,text_pca256_lexical_w005
9755,15,minibatch_k64,text_pca256_lexical_w005
9756,15,minibatch_k64,text_pca256_lexical_w005
9757,21,minibatch_k64,text_pca256_lexical_w005
9758,15,minibatch_k64,text_pca256_lexical_w005
9759,10,minibatch_k64,text_pca256_lexical_w005
9760,15,minibatch_k64,text_pca256_lexical_w005
9761,59,minibatch_k64,text_pca256_lexical_w005
9762,0,minibatch_k64,text_pca256_lexical_w005
9763,15,minibatch_k64,text_pca256_lexical_w005
9764,15,minibatch_k64,text_pca256_lexical_w005
9765,62,minibatch_k64,text_pca256_lexical_w005
9766,62,minibatch_k64,text_pca256_lexical_w005
9767,59,minibatch_k64,text_pca256_lexical_w005
9768,8,minibatch_k64,text_pca256_lexical_w005
9769,0,minibatch_k64,text_pca256_lexical_w005
9770,0,minibatch_k64,text_pca256_lexical_w005
9771,42,minibatch_k64,text_pca256_lexical_w005
9772,15,minibatch_k64,text_pca256_lexical_w005
9773,62,minibatch_k64,text_pca256_lexical_w005
9774,33,minibatch_k64,text_pca256_lexical_w005
9775,39,minibatch_k64,text_pca256_lexical_w005
9776,15,minibatch_k64,text_pca256_lexical_w005
9777,15,minibatch_k64,text_pca256_lexical_w005
9778,15,minibatch_k64,text_pca256_lexical_w005
9779,15,minibatch_k64,text_pca256_lexical_w005
9780,59,minibatch_k64,text_pca256_lexical_w005
9781,33,minibatch_k64,text_pca256_lexical_w005
9782,33,minibatch_k64,text_pca256_lexical_w005
9783,2,minibatch_k64,text_pca256_lexical_w005
9784,15,minibatch_k64,text_pca256_lexical_w005
9785,42,minibatch_k64,text_pca256_lexical_w005
9786,2,minibatch_k64,text_pca256_lexical_w005
9787,2,minibatch_k64,text_pca256_lexical_w005
9788,8,minibatch_k64,text_pca256_lexical_w005
9789,33,minibatch_k64,text_pca256_lexical_w005
9790,15,minibatch_k64,text_pca256_lexical_w005
9791,33,minibatch_k64,text_pca256_lexical_w005
9792,15,minibatch_k64,text_pca256_lexical_w005
9793,15,minibatch_k64,text_pca256_lexical_w005
9794,15,minibatch_k64,text_pca256_lexical_w005
9795,0,minibatch_k64,text_pca256_lexical_w005
9796,45,minibatch_k64,text_pca256_lexical_w005
9797,62,minibatch_k64,text_pca256_lexical_w005
9798,0,minibatch_k64,text_pca256_lexical_w005
9799,0,minibatch_k64,text_pca256_lexical_w005
9800,0,minibatch_k64,text_pca256_lexical_w005
9801,62,minibatch_k64,text_pca256_lexical_w005
9802,0,minibatch_k64,text_pca256_lexical_w005
9803,33,minibatch_k64,text_pca256_lexical_w005
9804,21,minibatch_k64,text_pca256_lexical_w005
9805,15,minibatch_k64,text_pca256_lexical_w005
9806,45,minibatch_k64,text_pca256_lexical_w005
9807,0,minibatch_k64,text_pca256_lexical_w005
9808,33,minibatch_k64,text_pca256_lexical_w005
9809,62,minibatch_k64,text_pca256_lexical_w005
9810,4,minibatch_k64,text_pca256_lexical_w005
9811,33,minibatch_k64,text_pca256_lexical_w005
9812,0,minibatch_k64,text_pca256_lexical_w005
9813,0,minibatch_k64,text_pca256_lexical_w005
9814,33,minibatch_k64,text_pca256_lexical_w005
9815,58,minibatch_k64,text_pca256_lexical_w005
9816,25,minibatch_k64,text_pca256_lexical_w005
9817,0,minibatch_k64,text_pca256_lexical_w005
9818,8,minibatch_k64,text_pca256_lexical_w005
9819,0,minibatch_k64,text_pca256_lexical_w005
9820,45,minibatch_k64,text_pca256_lexical_w005
9821,2,minibatch_k64,text_pca256_lexical_w005
9822,33,minibatch_k64,text_pca256_lexical_w005
9823,55,minibatch_k64,text_pca256_lexical_w005
9824,62,minibatch_k64,text_pca256_lexical_w005
9825,15,minibatch_k64,text_pca256_lexical_w005
9826,35,minibatch_k64,text_pca256_lexical_w005
9827,0,minibatch_k64,text_pca256_lexical_w005
9828,15,minibatch_k64,text_pca256_lexical_w005
9829,33,minibatch_k64,text_pca256_lexical_w005
9830,0,minibatch_k64,text_pca256_lexical_w005
9831,2,minibatch_k64,text_pca256_lexical_w005
9832,33,minibatch_k64,text_pca256_lexical_w005
9833,4,minibatch_k64,text_pca256_lexical_w005
9834,62,minibatch_k64,text_pca256_lexical_w005
9835,42,minibatch_k64,text_pca256_lexical_w005
9836,8,minibatch_k64,text_pca256_lexical_w005
9837,33,minibatch_k64,text_pca256_lexical_w005
9838,0,minibatch_k64,text_pca256_lexical_w005
9839,62,minibatch_k64,text_pca256_lexical_w005
9840,15,minibatch_k64,text_pca256_lexical_w005
9841,15,minibatch_k64,text_pca256_lexical_w005
9842,15,minibatch_k64,text_pca256_lexical_w005
9843,8,minibatch_k64,text_pca256_lexical_w005
9844,42,minibatch_k64,text_pca256_lexical_w005
9845,0,minibatch_k64,text_pca256_lexical_w005
9846,33,minibatch_k64,text_pca256_lexical_w005
9847,8,minibatch_k64,text_pca256_lexical_w005
9848,0,minibatch_k64,text_pca256_lexical_w005
9849,15,minibatch_k64,text_pca256_lexical_w005
9850,0,minibatch_k64,text_pca256_lexical_w005
9851,59,minibatch_k64,text_pca256_lexical_w005
9852,0,minibatch_k64,text_pca256_lexical_w005
9853,0,minibatch_k64,text_pca256_lexical_w005
9854,2,minibatch_k64,text_pca256_lexical_w005
9855,61,minibatch_k64,text_pca256_lexical_w005
9856,33,minibatch_k64,text_pca256_lexical_w005
9857,0,minibatch_k64,text_pca256_lexical_w005
9858,0,minibatch_k64,text_pca256_lexical_w005
9859,15,minibatch_k64,text_pca256_lexical_w005
9860,15,minibatch_k64,text_pca256_lexical_w005
9861,61,minibatch_k64,text_pca256_lexical_w005
9862,39,minibatch_k64,text_pca256_lexical_w005
9863,62,minibatch_k64,text_pca256_lexical_w005
9864,45,minibatch_k64,text_pca256_lexical_w005
9865,8,minibatch_k64,text_pca256_lexical_w005
9866,0,minibatch_k64,text_pca256_lexical_w005
9867,8,minibatch_k64,text_pca256_lexical_w005
9868,0,minibatch_k64,text_pca256_lexical_w005
9869,2,minibatch_k64,text_pca256_lexical_w005
9870,50,minibatch_k64,text_pca256_lexical_w005
9871,0,minibatch_k64,text_pca256_lexical_w005
9872,61,minibatch_k64,text_pca256_lexical_w005
9873,33,minibatch_k64,text_pca256_lexical_w005
9874,15,minibatch_k64,text_pca256_lexical_w005
9875,4,minibatch_k64,text_pca256_lexical_w005
9876,33,minibatch_k64,text_pca256_lexical_w005
9877,62,minibatch_k64,text_pca256_lexical_w005
9878,59,minibatch_k64,text_pca256_lexical_w005
9879,50,minibatch_k64,text_pca256_lexical_w005
9880,62,minibatch_k64,text_pca256_lexical_w005
9881,33,minibatch_k64,text_pca256_lexical_w005
9882,15,minibatch_k64,text_pca256_lexical_w005
9883,2,minibatch_k64,text_pca256_lexical_w005
9884,0,minibatch_k64,text_pca256_lexical_w005
9885,33,minibatch_k64,text_pca256_lexical_w005
9886,0,minibatch_k64,text_pca256_lexical_w005
9887,42,minibatch_k64,text_pca256_lexical_w005
9888,4,minibatch_k64,text_pca256_lexical_w005
9889,62,minibatch_k64,text_pca256_lexical_w005
9890,10,minibatch_k64,text_pca256_lexical_w005
9891,0,minibatch_k64,text_pca256_lexical_w005
9892,0,minibatch_k64,text_pca256_lexical_w005
9893,21,minibatch_k64,text_pca256_lexical_w005
9894,4,minibatch_k64,text_pca256_lexical_w005
9895,0,minibatch_k64,text_pca256_lexical_w005
9896,2,minibatch_k64,text_pca256_lexical_w005
9897,0,minibatch_k64,text_pca256_lexical_w005
9898,45,minibatch_k64,text_pca256_lexical_w005
9899,8,minibatch_k64,text_pca256_lexical_w005
9900,15,minibatch_k64,text_pca256_lexical_w005
9901,0,minibatch_k64,text_pca256_lexical_w005
9902,0,minibatch_k64,text_pca256_lexical_w005
9903,4,minibatch_k64,text_pca256_lexical_w005
9904,0,minibatch_k64,text_pca256_lexical_w005
9905,0,minibatch_k64,text_pca256_lexical_w005
9906,58,minibatch_k64,text_pca256_lexical_w005
9907,53,minibatch_k64,text_pca256_lexical_w005
9908,45,minibatch_k64,text_pca256_lexical_w005
9909,45,minibatch_k64,text_pca256_lexical_w005
9910,59,minibatch_k64,text_pca256_lexical_w005
9911,0,minibatch_k64,text_pca256_lexical_w005
9912,0,minibatch_k64,text_pca256_lexical_w005
9913,55,minibatch_k64,text_pca256_lexical_w005
9914,25,minibatch_k64,text_pca256_lexical_w005
9915,60,minibatch_k64,text_pca256_lexical_w005
9916,39,minibatch_k64,text_pca256_lexical_w005
9917,33,minibatch_k64,text_pca256_lexical_w005
9918,62,minibatch_k64,text_pca256_lexical_w005
9919,42,minibatch_k64,text_pca256_lexical_w005
9920,33,minibatch_k64,text_pca256_lexical_w005
9921,0,minibatch_k64,text_pca256_lexical_w005
9922,8,minibatch_k64,text_pca256_lexical_w005
9923,33,minibatch_k64,text_pca256_lexical_w005
9924,15,minibatch_k64,text_pca256_lexical_w005
9925,0,minibatch_k64,text_pca256_lexical_w005
9926,59,minibatch_k64,text_pca256_lexical_w005
9927,33,minibatch_k64,text_pca256_lexical_w005
9928,8,minibatch_k64,text_pca256_lexical_w005
9929,62,minibatch_k64,text_pca256_lexical_w005
9930,59,minibatch_k64,text_pca256_lexical_w005
9931,0,minibatch_k64,text_pca256_lexical_w005
9932,2,minibatch_k64,text_pca256_lexical_w005
9933,10,minibatch_k64,text_pca256_lexical_w005
9934,59,minibatch_k64,text_pca256_lexical_w005
9935,33,minibatch_k64,text_pca256_lexical_w005
9936,33,minibatch_k64,text_pca256_lexical_w005
9937,2,minibatch_k64,text_pca256_lexical_w005
9938,8,minibatch_k64,text_pca256_lexical_w005
9939,33,minibatch_k64,text_pca256_lexical_w005
9940,15,minibatch_k64,text_pca256_lexical_w005
9941,18,minibatch_k64,text_pca256_lexical_w005
9942,15,minibatch_k64,text_pca256_lexical_w005
9943,62,minibatch_k64,text_pca256_lexical_w005
9944,10,minibatch_k64,text_pca256_lexical_w005
9945,62,minibatch_k64,text_pca256_lexical_w005
9946,59,minibatch_k64,text_pca256_lexical_w005
9947,2,minibatch_k64,text_pca256_lexical_w005
9948,21,minibatch_k64,text_pca256_lexical_w005
9949,53,minibatch_k64,text_pca256_lexical_w005
9950,0,minibatch_k64,text_pca256_lexical_w005
9951,53,minibatch_k64,text_pca256_lexical_w005
9952,62,minibatch_k64,text_pca256_lexical_w005
9953,15,minibatch_k64,text_pca256_lexical_w005
9954,62,minibatch_k64,text_pca256_lexical_w005
9955,8,minibatch_k64,text_pca256_lexical_w005
9956,0,minibatch_k64,text_pca256_lexical_w005
9957,0,minibatch_k64,text_pca256_lexical_w005
9958,15,minibatch_k64,text_pca256_lexical_w005
9959,21,minibatch_k64,text_pca256_lexical_w005
9960,21,minibatch_k64,text_pca256_lexical_w005
9961,61,minibatch_k64,text_pca256_lexical_w005
9962,15,minibatch_k64,text_pca256_lexical_w005
9963,0,minibatch_k64,text_pca256_lexical_w005
9964,0,minibatch_k64,text_pca256_lexical_w005
9965,0,minibatch_k64,text_pca256_lexical_w005
9966,50,minibatch_k64,text_pca256_lexical_w005
9967,61,minibatch_k64,text_pca256_lexical_w005
9968,61,minibatch_k64,text_pca256_lexical_w005
9969,61,minibatch_k64,text_pca256_lexical_w005
9970,21,minibatch_k64,text_pca256_lexical_w005
9971,0,minibatch_k64,text_pca256_lexical_w005
9972,0,minibatch_k64,text_pca256_lexical_w005
9973,0,minibatch_k64,text_pca256_lexical_w005
9974,39,minibatch_k64,text_pca256_lexical_w005
9975,39,minibatch_k64,text_pca256_lexical_w005
9976,0,minibatch_k64,text_pca256_lexical_w005
9977,0,minibatch_k64,text_pca256_lexical_w005
9978,62,minibatch_k64,text_pca256_lexical_w005
9979,21,minibatch_k64,text_pca256_lexical_w005
9980,59,minibatch_k64,text_pca256_lexical_w005
9981,2,minibatch_k64,text_pca256_lexical_w005
9982,2,minibatch_k64,text_pca256_lexical_w005
9983,33,minibatch_k64,text_pca256_lexical_w005
9984,15,minibatch_k64,text_pca256_lexical_w005
9985,59,minibatch_k64,text_pca256_lexical_w005
9986,8,minibatch_k64,text_pca256_lexical_w005
9987,59,minibatch_k64,text_pca256_lexical_w005
9988,33,minibatch_k64,text_pca256_lexical_w005
9989,0,minibatch_k64,text_pca256_lexical_w005
9990,59,minibatch_k64,text_pca256_lexical_w005
9991,0,minibatch_k64,text_pca256_lexical_w005
9992,45,minibatch_k64,text_pca256_lexical_w005
9993,45,minibatch_k64,text_pca256_lexical_w005
9994,0,minibatch_k64,text_pca256_lexical_w005
9995,62,minibatch_k64,text_pca256_lexical_w005
9996,45,minibatch_k64,text_pca256_lexical_w005
9997,59,minibatch_k64,text_pca256_lexical_w005
9998,18,minibatch_k64,text_pca256_lexical_w005
9999,59,minibatch_k64,text_pca256_lexical_w005
10000,4,minibatch_k64,text_pca256_lexical_w005
10001,4,minibatch_k64,text_pca256_lexical_w005
10002,62,minibatch_k64,text_pca256_lexical_w005
10003,10,minibatch_k64,text_pca256_lexical_w005
10004,33,minibatch_k64,text_pca256_lexical_w005
10005,10,minibatch_k64,text_pca256_lexical_w005
10006,0,minibatch_k64,text_pca256_lexical_w005
10007,62,minibatch_k64,text_pca256_lexical_w005
10008,39,minibatch_k64,text_pca256_lexical_w005
10009,45,minibatch_k64,text_pca256_lexical_w005
10010,45,minibatch_k64,text_pca256_lexical_w005
10011,8,minibatch_k64,text_pca256_lexical_w005
10012,2,minibatch_k64,text_pca256_lexical_w005
10013,10,minibatch_k64,text_pca256_lexical_w005
10014,59,minibatch_k64,text_pca256_lexical_w005
10015,0,minibatch_k64,text_pca256_lexical_w005
10016,62,minibatch_k64,text_pca256_lexical_w005
10017,30,minibatch_k64,text_pca256_lexical_w005
10018,59,minibatch_k64,text_pca256_lexical_w005
10019,42,minibatch_k64,text_pca256_lexical_w005
10020,59,minibatch_k64,text_pca256_lexical_w005
10021,15,minibatch_k64,text_pca256_lexical_w005
10022,0,minibatch_k64,text_pca256_lexical_w005
10023,0,minibatch_k64,text_pca256_lexical_w005
10024,39,minibatch_k64,text_pca256_lexical_w005
10025,59,minibatch_k64,text_pca256_lexical_w005
10026,45,minibatch_k64,text_pca256_lexical_w005
10027,45,minibatch_k64,text_pca256_lexical_w005
10028,59,minibatch_k64,text_pca256_lexical_w005
10029,50,minibatch_k64,text_pca256_lexical_w005
10030,50,minibatch_k64,text_pca256_lexical_w005
10031,0,minibatch_k64,text_pca256_lexical_w005
10032,59,minibatch_k64,text_pca256_lexical_w005
10033,62,minibatch_k64,text_pca256_lexical_w005
10034,33,minibatch_k64,text_pca256_lexical_w005
10035,53,minibatch_k64,text_pca256_lexical_w005
10036,59,minibatch_k64,text_pca256_lexical_w005
10037,59,minibatch_k64,text_pca256_lexical_w005
10038,39,minibatch_k64,text_pca256_lexical_w005
10039,62,minibatch_k64,text_pca256_lexical_w005
10040,59,minibatch_k64,text_pca256_lexical_w005
10041,59,minibatch_k64,text_pca256_lexical_w005
10042,33,minibatch_k64,text_pca256_lexical_w005
10043,2,minibatch_k64,text_pca256_lexical_w005
10044,62,minibatch_k64,text_pca256_lexical_w005
10045,45,minibatch_k64,text_pca256_lexical_w005
10046,45,minibatch_k64,text_pca256_lexical_w005
10047,59,minibatch_k64,text_pca256_lexical_w005
10048,0,minibatch_k64,text_pca256_lexical_w005
10049,0,minibatch_k64,text_pca256_lexical_w005
10050,59,minibatch_k64,text_pca256_lexical_w005
10051,59,minibatch_k64,text_pca256_lexical_w005
10052,21,minibatch_k64,text_pca256_lexical_w005
10053,45,minibatch_k64,text_pca256_lexical_w005
10054,59,minibatch_k64,text_pca256_lexical_w005
10055,62,minibatch_k64,text_pca256_lexical_w005
10056,62,minibatch_k64,text_pca256_lexical_w005
10057,53,minibatch_k64,text_pca256_lexical_w005
10058,0,minibatch_k64,text_pca256_lexical_w005
10059,0,minibatch_k64,text_pca256_lexical_w005
10060,39,minibatch_k64,text_pca256_lexical_w005
10061,8,minibatch_k64,text_pca256_lexical_w005
10062,59,minibatch_k64,text_pca256_lexical_w005
10063,15,minibatch_k64,text_pca256_lexical_w005
10064,0,minibatch_k64,text_pca256_lexical_w005
10065,59,minibatch_k64,text_pca256_lexical_w005
10066,59,minibatch_k64,text_pca256_lexical_w005
10067,33,minibatch_k64,text_pca256_lexical_w005
10068,0,minibatch_k64,text_pca256_lexical_w005
10069,59,minibatch_k64,text_pca256_lexical_w005
10070,33,minibatch_k64,text_pca256_lexical_w005
10071,15,minibatch_k64,text_pca256_lexical_w005
10072,15,minibatch_k64,text_pca256_lexical_w005
10073,62,minibatch_k64,text_pca256_lexical_w005
10074,8,minibatch_k64,text_pca256_lexical_w005
10075,33,minibatch_k64,text_pca256_lexical_w005
10076,33,minibatch_k64,text_pca256_lexical_w005
10077,10,minibatch_k64,text_pca256_lexical_w005
10078,0,minibatch_k64,text_pca256_lexical_w005
10079,59,minibatch_k64,text_pca256_lexical_w005
10080,33,minibatch_k64,text_pca256_lexical_w005
10081,62,minibatch_k64,text_pca256_lexical_w005
10082,59,minibatch_k64,text_pca256_lexical_w005
10083,42,minibatch_k64,text_pca256_lexical_w005
10084,59,minibatch_k64,text_pca256_lexical_w005
10085,10,minibatch_k64,text_pca256_lexical_w005
10086,39,minibatch_k64,text_pca256_lexical_w005
10087,33,minibatch_k64,text_pca256_lexical_w005
10088,59,minibatch_k64,text_pca256_lexical_w005
10089,45,minibatch_k64,text_pca256_lexical_w005
10090,0,minibatch_k64,text_pca256_lexical_w005
10091,33,minibatch_k64,text_pca256_lexical_w005
10092,45,minibatch_k64,text_pca256_lexical_w005
10093,0,minibatch_k64,text_pca256_lexical_w005
10094,45,minibatch_k64,text_pca256_lexical_w005
10095,10,minibatch_k64,text_pca256_lexical_w005
10096,8,minibatch_k64,text_pca256_lexical_w005
10097,45,minibatch_k64,text_pca256_lexical_w005
10098,59,minibatch_k64,text_pca256_lexical_w005
10099,0,minibatch_k64,text_pca256_lexical_w005
10100,10,minibatch_k64,text_pca256_lexical_w005
10101,0,minibatch_k64,text_pca256_lexical_w005
10102,45,minibatch_k64,text_pca256_lexical_w005
10103,2,minibatch_k64,text_pca256_lexical_w005
10104,10,minibatch_k64,text_pca256_lexical_w005
10105,0,minibatch_k64,text_pca256_lexical_w005
10106,59,minibatch_k64,text_pca256_lexical_w005
10107,59,minibatch_k64,text_pca256_lexical_w005
10108,59,minibatch_k64,text_pca256_lexical_w005
10109,59,minibatch_k64,text_pca256_lexical_w005
10110,10,minibatch_k64,text_pca256_lexical_w005
10111,10,minibatch_k64,text_pca256_lexical_w005
10112,59,minibatch_k64,text_pca256_lexical_w005
10113,33,minibatch_k64,text_pca256_lexical_w005
10114,0,minibatch_k64,text_pca256_lexical_w005
10115,33,minibatch_k64,text_pca256_lexical_w005
10116,59,minibatch_k64,text_pca256_lexical_w005
10117,62,minibatch_k64,text_pca256_lexical_w005
10118,10,minibatch_k64,text_pca256_lexical_w005
10119,0,minibatch_k64,text_pca256_lexical_w005
10120,59,minibatch_k64,text_pca256_lexical_w005
10121,10,minibatch_k64,text_pca256_lexical_w005
10122,2,minibatch_k64,text_pca256_lexical_w005
10123,21,minibatch_k64,text_pca256_lexical_w005
10124,59,minibatch_k64,text_pca256_lexical_w005
10125,59,minibatch_k64,text_pca256_lexical_w005
10126,45,minibatch_k64,text_pca256_lexical_w005
10127,0,minibatch_k64,text_pca256_lexical_w005
10128,45,minibatch_k64,text_pca256_lexical_w005
10129,2,minibatch_k64,text_pca256_lexical_w005
10130,45,minibatch_k64,text_pca256_lexical_w005
10131,45,minibatch_k64,text_pca256_lexical_w005
10132,42,minibatch_k64,text_pca256_lexical_w005
10133,59,minibatch_k64,text_pca256_lexical_w005
10134,62,minibatch_k64,text_pca256_lexical_w005
10135,8,minibatch_k64,text_pca256_lexical_w005
10136,33,minibatch_k64,text_pca256_lexical_w005
10137,33,minibatch_k64,text_pca256_lexical_w005
10138,45,minibatch_k64,text_pca256_lexical_w005
10139,2,minibatch_k64,text_pca256_lexical_w005
10140,59,minibatch_k64,text_pca256_lexical_w005
10141,10,minibatch_k64,text_pca256_lexical_w005
10142,21,minibatch_k64,text_pca256_lexical_w005
10143,59,minibatch_k64,text_pca256_lexical_w005
10144,33,minibatch_k64,text_pca256_lexical_w005
10145,45,minibatch_k64,text_pca256_lexical_w005
10146,42,minibatch_k64,text_pca256_lexical_w005
10147,15,minibatch_k64,text_pca256_lexical_w005
10148,10,minibatch_k64,text_pca256_lexical_w005
10149,33,minibatch_k64,text_pca256_lexical_w005
10150,61,minibatch_k64,text_pca256_lexical_w005
10151,42,minibatch_k64,text_pca256_lexical_w005
10152,62,minibatch_k64,text_pca256_lexical_w005
10153,21,minibatch_k64,text_pca256_lexical_w005
10154,33,minibatch_k64,text_pca256_lexical_w005
10155,62,minibatch_k64,text_pca256_lexical_w005
10156,2,minibatch_k64,text_pca256_lexical_w005
10157,0,minibatch_k64,text_pca256_lexical_w005
10158,15,minibatch_k64,text_pca256_lexical_w005
10159,15,minibatch_k64,text_pca256_lexical_w005
10160,8,minibatch_k64,text_pca256_lexical_w005
10161,62,minibatch_k64,text_pca256_lexical_w005
10162,33,minibatch_k64,text_pca256_lexical_w005
10163,15,minibatch_k64,text_pca256_lexical_w005
10164,0,minibatch_k64,text_pca256_lexical_w005
10165,15,minibatch_k64,text_pca256_lexical_w005
10166,59,minibatch_k64,text_pca256_lexical_w005
10167,0,minibatch_k64,text_pca256_lexical_w005
10168,59,minibatch_k64,text_pca256_lexical_w005
10169,45,minibatch_k64,text_pca256_lexical_w005
10170,0,minibatch_k64,text_pca256_lexical_w005
10171,21,minibatch_k64,text_pca256_lexical_w005
10172,62,minibatch_k64,text_pca256_lexical_w005
10173,53,minibatch_k64,text_pca256_lexical_w005
10174,15,minibatch_k64,text_pca256_lexical_w005
10175,62,minibatch_k64,text_pca256_lexical_w005
10176,33,minibatch_k64,text_pca256_lexical_w005
10177,61,minibatch_k64,text_pca256_lexical_w005
10178,10,minibatch_k64,text_pca256_lexical_w005
10179,15,minibatch_k64,text_pca256_lexical_w005
10180,15,minibatch_k64,text_pca256_lexical_w005
10181,62,minibatch_k64,text_pca256_lexical_w005
10182,8,minibatch_k64,text_pca256_lexical_w005
10183,59,minibatch_k64,text_pca256_lexical_w005
10184,15,minibatch_k64,text_pca256_lexical_w005
10185,45,minibatch_k64,text_pca256_lexical_w005
10186,8,minibatch_k64,text_pca256_lexical_w005
10187,39,minibatch_k64,text_pca256_lexical_w005
10188,15,minibatch_k64,text_pca256_lexical_w005
10189,15,minibatch_k64,text_pca256_lexical_w005
10190,42,minibatch_k64,text_pca256_lexical_w005
10191,45,minibatch_k64,text_pca256_lexical_w005
10192,45,minibatch_k64,text_pca256_lexical_w005
10193,59,minibatch_k64,text_pca256_lexical_w005
10194,15,minibatch_k64,text_pca256_lexical_w005
10195,10,minibatch_k64,text_pca256_lexical_w005
10196,59,minibatch_k64,text_pca256_lexical_w005
10197,0,minibatch_k64,text_pca256_lexical_w005
10198,45,minibatch_k64,text_pca256_lexical_w005
10199,15,minibatch_k64,text_pca256_lexical_w005
10200,45,minibatch_k64,text_pca256_lexical_w005
10201,15,minibatch_k64,text_pca256_lexical_w005
10202,33,minibatch_k64,text_pca256_lexical_w005
10203,10,minibatch_k64,text_pca256_lexical_w005
10204,45,minibatch_k64,text_pca256_lexical_w005
10205,0,minibatch_k64,text_pca256_lexical_w005
10206,10,minibatch_k64,text_pca256_lexical_w005
10207,62,minibatch_k64,text_pca256_lexical_w005
10208,33,minibatch_k64,text_pca256_lexical_w005
10209,33,minibatch_k64,text_pca256_lexical_w005
10210,15,minibatch_k64,text_pca256_lexical_w005
10211,62,minibatch_k64,text_pca256_lexical_w005
10212,10,minibatch_k64,text_pca256_lexical_w005
10213,8,minibatch_k64,text_pca256_lexical_w005
10214,62,minibatch_k64,text_pca256_lexical_w005
10215,10,minibatch_k64,text_pca256_lexical_w005
10216,15,minibatch_k64,text_pca256_lexical_w005
10217,10,minibatch_k64,text_pca256_lexical_w005
10218,33,minibatch_k64,text_pca256_lexical_w005
10219,15,minibatch_k64,text_pca256_lexical_w005
10220,0,minibatch_k64,text_pca256_lexical_w005
10221,10,minibatch_k64,text_pca256_lexical_w005
10222,10,minibatch_k64,text_pca256_lexical_w005
10223,59,minibatch_k64,text_pca256_lexical_w005
10224,10,minibatch_k64,text_pca256_lexical_w005
10225,0,minibatch_k64,text_pca256_lexical_w005
10226,15,minibatch_k64,text_pca256_lexical_w005
10227,10,minibatch_k64,text_pca256_lexical_w005
10228,10,minibatch_k64,text_pca256_lexical_w005
10229,0,minibatch_k64,text_pca256_lexical_w005
10230,42,minibatch_k64,text_pca256_lexical_w005
10231,10,minibatch_k64,text_pca256_lexical_w005
10232,10,minibatch_k64,text_pca256_lexical_w005
10233,15,minibatch_k64,text_pca256_lexical_w005
10234,59,minibatch_k64,text_pca256_lexical_w005
10235,33,minibatch_k64,text_pca256_lexical_w005
10236,10,minibatch_k64,text_pca256_lexical_w005
10237,15,minibatch_k64,text_pca256_lexical_w005
10238,17,minibatch_k64,text_pca256_lexical_w005
10239,59,minibatch_k64,text_pca256_lexical_w005
10240,45,minibatch_k64,text_pca256_lexical_w005
10241,10,minibatch_k64,text_pca256_lexical_w005
10242,0,minibatch_k64,text_pca256_lexical_w005
10243,0,minibatch_k64,text_pca256_lexical_w005
10244,62,minibatch_k64,text_pca256_lexical_w005
10245,21,minibatch_k64,text_pca256_lexical_w005
10246,0,minibatch_k64,text_pca256_lexical_w005
10247,15,minibatch_k64,text_pca256_lexical_w005
10248,33,minibatch_k64,text_pca256_lexical_w005
10249,0,minibatch_k64,text_pca256_lexical_w005
10250,0,minibatch_k64,text_pca256_lexical_w005
10251,62,minibatch_k64,text_pca256_lexical_w005
10252,59,minibatch_k64,text_pca256_lexical_w005
10253,0,minibatch_k64,text_pca256_lexical_w005
10254,0,minibatch_k64,text_pca256_lexical_w005
10255,59,minibatch_k64,text_pca256_lexical_w005
10256,0,minibatch_k64,text_pca256_lexical_w005
10257,0,minibatch_k64,text_pca256_lexical_w005
10258,0,minibatch_k64,text_pca256_lexical_w005
10259,0,minibatch_k64,text_pca256_lexical_w005
10260,0,minibatch_k64,text_pca256_lexical_w005
10261,10,minibatch_k64,text_pca256_lexical_w005
10262,0,minibatch_k64,text_pca256_lexical_w005
10263,59,minibatch_k64,text_pca256_lexical_w005
10264,8,minibatch_k64,text_pca256_lexical_w005
10265,10,minibatch_k64,text_pca256_lexical_w005
10266,39,minibatch_k64,text_pca256_lexical_w005
10267,14,minibatch_k64,text_pca256_lexical_w005
10268,23,minibatch_k64,text_pca256_lexical_w005
10269,39,minibatch_k64,text_pca256_lexical_w005
10270,5,minibatch_k64,text_pca256_lexical_w005
10271,0,minibatch_k64,text_pca256_lexical_w005
10272,8,minibatch_k64,text_pca256_lexical_w005
10273,0,minibatch_k64,text_pca256_lexical_w005
10274,45,minibatch_k64,text_pca256_lexical_w005
10275,42,minibatch_k64,text_pca256_lexical_w005
10276,45,minibatch_k64,text_pca256_lexical_w005
10277,10,minibatch_k64,text_pca256_lexical_w005
10278,33,minibatch_k64,text_pca256_lexical_w005
10279,45,minibatch_k64,text_pca256_lexical_w005
10280,56,minibatch_k64,text_pca256_lexical_w005
10281,18,minibatch_k64,text_pca256_lexical_w005
10282,0,minibatch_k64,text_pca256_lexical_w005
10283,42,minibatch_k64,text_pca256_lexical_w005
10284,38,minibatch_k64,text_pca256_lexical_w005
10285,58,minibatch_k64,text_pca256_lexical_w005
10286,42,minibatch_k64,text_pca256_lexical_w005
10287,62,minibatch_k64,text_pca256_lexical_w005
10288,14,minibatch_k64,text_pca256_lexical_w005
10289,5,minibatch_k64,text_pca256_lexical_w005
10290,10,minibatch_k64,text_pca256_lexical_w005
10291,8,minibatch_k64,text_pca256_lexical_w005
10292,14,minibatch_k64,text_pca256_lexical_w005
10293,58,minibatch_k64,text_pca256_lexical_w005
10294,38,minibatch_k64,text_pca256_lexical_w005
10295,42,minibatch_k64,text_pca256_lexical_w005
10296,42,minibatch_k64,text_pca256_lexical_w005
10297,15,minibatch_k64,text_pca256_lexical_w005
10298,0,minibatch_k64,text_pca256_lexical_w005
10299,3,minibatch_k64,text_pca256_lexical_w005
10300,14,minibatch_k64,text_pca256_lexical_w005
10301,62,minibatch_k64,text_pca256_lexical_w005
10302,0,minibatch_k64,text_pca256_lexical_w005
10303,58,minibatch_k64,text_pca256_lexical_w005
10304,38,minibatch_k64,text_pca256_lexical_w005
10305,2,minibatch_k64,text_pca256_lexical_w005
10306,21,minibatch_k64,text_pca256_lexical_w005
10307,8,minibatch_k64,text_pca256_lexical_w005
10308,23,minibatch_k64,text_pca256_lexical_w005
10309,42,minibatch_k64,text_pca256_lexical_w005
10310,14,minibatch_k64,text_pca256_lexical_w005
10311,8,minibatch_k64,text_pca256_lexical_w005
10312,15,minibatch_k64,text_pca256_lexical_w005
10313,38,minibatch_k64,text_pca256_lexical_w005
10314,2,minibatch_k64,text_pca256_lexical_w005
10315,2,minibatch_k64,text_pca256_lexical_w005
10316,23,minibatch_k64,text_pca256_lexical_w005
10317,15,minibatch_k64,text_pca256_lexical_w005
10318,62,minibatch_k64,text_pca256_lexical_w005
10319,62,minibatch_k64,text_pca256_lexical_w005
10320,2,minibatch_k64,text_pca256_lexical_w005
10321,50,minibatch_k64,text_pca256_lexical_w005
10322,0,minibatch_k64,text_pca256_lexical_w005
10323,8,minibatch_k64,text_pca256_lexical_w005
10324,62,minibatch_k64,text_pca256_lexical_w005
10325,14,minibatch_k64,text_pca256_lexical_w005
10326,62,minibatch_k64,text_pca256_lexical_w005
10327,15,minibatch_k64,text_pca256_lexical_w005
10328,42,minibatch_k64,text_pca256_lexical_w005
10329,42,minibatch_k64,text_pca256_lexical_w005
10330,62,minibatch_k64,text_pca256_lexical_w005
10331,0,minibatch_k64,text_pca256_lexical_w005
10332,42,minibatch_k64,text_pca256_lexical_w005
10333,8,minibatch_k64,text_pca256_lexical_w005
10334,21,minibatch_k64,text_pca256_lexical_w005
10335,15,minibatch_k64,text_pca256_lexical_w005
10336,8,minibatch_k64,text_pca256_lexical_w005
10337,42,minibatch_k64,text_pca256_lexical_w005
10338,2,minibatch_k64,text_pca256_lexical_w005
10339,2,minibatch_k64,text_pca256_lexical_w005
10340,33,minibatch_k64,text_pca256_lexical_w005
10341,10,minibatch_k64,text_pca256_lexical_w005
10342,8,minibatch_k64,text_pca256_lexical_w005
10343,33,minibatch_k64,text_pca256_lexical_w005
10344,15,minibatch_k64,text_pca256_lexical_w005
10345,15,minibatch_k64,text_pca256_lexical_w005
10346,2,minibatch_k64,text_pca256_lexical_w005
10347,62,minibatch_k64,text_pca256_lexical_w005
10348,33,minibatch_k64,text_pca256_lexical_w005
10349,42,minibatch_k64,text_pca256_lexical_w005
10350,0,minibatch_k64,text_pca256_lexical_w005
10351,42,minibatch_k64,text_pca256_lexical_w005
10352,15,minibatch_k64,text_pca256_lexical_w005
10353,18,minibatch_k64,text_pca256_lexical_w005
10354,0,minibatch_k64,text_pca256_lexical_w005
10355,15,minibatch_k64,text_pca256_lexical_w005
10356,62,minibatch_k64,text_pca256_lexical_w005
10357,42,minibatch_k64,text_pca256_lexical_w005
10358,42,minibatch_k64,text_pca256_lexical_w005
10359,47,minibatch_k64,text_pca256_lexical_w005
10360,47,minibatch_k64,text_pca256_lexical_w005
10361,18,minibatch_k64,text_pca256_lexical_w005
10362,8,minibatch_k64,text_pca256_lexical_w005
10363,38,minibatch_k64,text_pca256_lexical_w005
10364,47,minibatch_k64,text_pca256_lexical_w005
10365,25,minibatch_k64,text_pca256_lexical_w005
10366,2,minibatch_k64,text_pca256_lexical_w005
10367,2,minibatch_k64,text_pca256_lexical_w005
10368,8,minibatch_k64,text_pca256_lexical_w005
10369,8,minibatch_k64,text_pca256_lexical_w005
10370,47,minibatch_k64,text_pca256_lexical_w005
10371,15,minibatch_k64,text_pca256_lexical_w005
10372,62,minibatch_k64,text_pca256_lexical_w005
10373,47,minibatch_k64,text_pca256_lexical_w005
10374,47,minibatch_k64,text_pca256_lexical_w005
10375,42,minibatch_k64,text_pca256_lexical_w005
10376,47,minibatch_k64,text_pca256_lexical_w005
10377,47,minibatch_k64,text_pca256_lexical_w005
10378,47,minibatch_k64,text_pca256_lexical_w005
10379,33,minibatch_k64,text_pca256_lexical_w005
10380,62,minibatch_k64,text_pca256_lexical_w005
10381,15,minibatch_k64,text_pca256_lexical_w005
10382,17,minibatch_k64,text_pca256_lexical_w005
10383,38,minibatch_k64,text_pca256_lexical_w005
10384,15,minibatch_k64,text_pca256_lexical_w005
10385,55,minibatch_k64,text_pca256_lexical_w005
10386,27,minibatch_k64,text_pca256_lexical_w005
10387,18,minibatch_k64,text_pca256_lexical_w005
10388,45,minibatch_k64,text_pca256_lexical_w005
10389,42,minibatch_k64,text_pca256_lexical_w005
10390,0,minibatch_k64,text_pca256_lexical_w005
10391,45,minibatch_k64,text_pca256_lexical_w005
10392,59,minibatch_k64,text_pca256_lexical_w005
10393,18,minibatch_k64,text_pca256_lexical_w005
10394,59,minibatch_k64,text_pca256_lexical_w005
10395,0,minibatch_k64,text_pca256_lexical_w005
10396,61,minibatch_k64,text_pca256_lexical_w005
10397,8,minibatch_k64,text_pca256_lexical_w005
10398,59,minibatch_k64,text_pca256_lexical_w005
10399,8,minibatch_k64,text_pca256_lexical_w005
10400,59,minibatch_k64,text_pca256_lexical_w005
10401,59,minibatch_k64,text_pca256_lexical_w005
10402,27,minibatch_k64,text_pca256_lexical_w005
10403,27,minibatch_k64,text_pca256_lexical_w005
10404,38,minibatch_k64,text_pca256_lexical_w005
10405,15,minibatch_k64,text_pca256_lexical_w005
10406,27,minibatch_k64,text_pca256_lexical_w005
10407,8,minibatch_k64,text_pca256_lexical_w005
10408,59,minibatch_k64,text_pca256_lexical_w005
10409,45,minibatch_k64,text_pca256_lexical_w005
10410,27,minibatch_k64,text_pca256_lexical_w005
10411,8,minibatch_k64,text_pca256_lexical_w005
10412,8,minibatch_k64,text_pca256_lexical_w005
10413,15,minibatch_k64,text_pca256_lexical_w005
10414,27,minibatch_k64,text_pca256_lexical_w005
10415,0,minibatch_k64,text_pca256_lexical_w005
10416,8,minibatch_k64,text_pca256_lexical_w005
10417,33,minibatch_k64,text_pca256_lexical_w005
10418,10,minibatch_k64,text_pca256_lexical_w005
10419,42,minibatch_k64,text_pca256_lexical_w005
10420,33,minibatch_k64,text_pca256_lexical_w005
10421,15,minibatch_k64,text_pca256_lexical_w005
10422,2,minibatch_k64,text_pca256_lexical_w005
10423,2,minibatch_k64,text_pca256_lexical_w005
10424,8,minibatch_k64,text_pca256_lexical_w005
10425,23,minibatch_k64,text_pca256_lexical_w005
10426,0,minibatch_k64,text_pca256_lexical_w005
10427,33,minibatch_k64,text_pca256_lexical_w005
10428,48,minibatch_k64,text_pca256_lexical_w005
10429,0,minibatch_k64,text_pca256_lexical_w005
10430,15,minibatch_k64,text_pca256_lexical_w005
10431,2,minibatch_k64,text_pca256_lexical_w005
10432,23,minibatch_k64,text_pca256_lexical_w005
10433,8,minibatch_k64,text_pca256_lexical_w005
10434,0,minibatch_k64,text_pca256_lexical_w005
10435,62,minibatch_k64,text_pca256_lexical_w005
10436,5,minibatch_k64,text_pca256_lexical_w005
10437,5,minibatch_k64,text_pca256_lexical_w005
10438,23,minibatch_k64,text_pca256_lexical_w005
10439,45,minibatch_k64,text_pca256_lexical_w005
10440,0,minibatch_k64,text_pca256_lexical_w005
10441,62,minibatch_k64,text_pca256_lexical_w005
10442,56,minibatch_k64,text_pca256_lexical_w005
10443,8,minibatch_k64,text_pca256_lexical_w005
10444,33,minibatch_k64,text_pca256_lexical_w005
10445,0,minibatch_k64,text_pca256_lexical_w005
10446,8,minibatch_k64,text_pca256_lexical_w005
10447,0,minibatch_k64,text_pca256_lexical_w005
10448,0,minibatch_k64,text_pca256_lexical_w005
10449,39,minibatch_k64,text_pca256_lexical_w005
10450,8,minibatch_k64,text_pca256_lexical_w005
10451,15,minibatch_k64,text_pca256_lexical_w005
10452,23,minibatch_k64,text_pca256_lexical_w005
10453,23,minibatch_k64,text_pca256_lexical_w005
10454,33,minibatch_k64,text_pca256_lexical_w005
10455,5,minibatch_k64,text_pca256_lexical_w005
10456,62,minibatch_k64,text_pca256_lexical_w005
10457,33,minibatch_k64,text_pca256_lexical_w005
10458,21,minibatch_k64,text_pca256_lexical_w005
10459,0,minibatch_k64,text_pca256_lexical_w005
10460,23,minibatch_k64,text_pca256_lexical_w005
10461,62,minibatch_k64,text_pca256_lexical_w005
10462,0,minibatch_k64,text_pca256_lexical_w005
10463,0,minibatch_k64,text_pca256_lexical_w005
10464,0,minibatch_k64,text_pca256_lexical_w005
10465,0,minibatch_k64,text_pca256_lexical_w005
10466,62,minibatch_k64,text_pca256_lexical_w005
10467,62,minibatch_k64,text_pca256_lexical_w005
10468,0,minibatch_k64,text_pca256_lexical_w005
10469,59,minibatch_k64,text_pca256_lexical_w005
10470,0,minibatch_k64,text_pca256_lexical_w005
10471,0,minibatch_k64,text_pca256_lexical_w005
10472,62,minibatch_k64,text_pca256_lexical_w005
10473,8,minibatch_k64,text_pca256_lexical_w005
10474,62,minibatch_k64,text_pca256_lexical_w005
10475,0,minibatch_k64,text_pca256_lexical_w005
10476,62,minibatch_k64,text_pca256_lexical_w005
10477,23,minibatch_k64,text_pca256_lexical_w005
10478,8,minibatch_k64,text_pca256_lexical_w005
10479,15,minibatch_k64,text_pca256_lexical_w005
10480,23,minibatch_k64,text_pca256_lexical_w005
10481,59,minibatch_k64,text_pca256_lexical_w005
10482,59,minibatch_k64,text_pca256_lexical_w005
10483,62,minibatch_k64,text_pca256_lexical_w005
10484,21,minibatch_k64,text_pca256_lexical_w005
10485,15,minibatch_k64,text_pca256_lexical_w005
10486,15,minibatch_k64,text_pca256_lexical_w005
10487,0,minibatch_k64,text_pca256_lexical_w005
10488,62,minibatch_k64,text_pca256_lexical_w005
10489,23,minibatch_k64,text_pca256_lexical_w005
10490,15,minibatch_k64,text_pca256_lexical_w005
10491,10,minibatch_k64,text_pca256_lexical_w005
10492,62,minibatch_k64,text_pca256_lexical_w005
10493,59,minibatch_k64,text_pca256_lexical_w005
10494,62,minibatch_k64,text_pca256_lexical_w005
10495,4,minibatch_k64,text_pca256_lexical_w005
10496,62,minibatch_k64,text_pca256_lexical_w005
10497,5,minibatch_k64,text_pca256_lexical_w005
10498,0,minibatch_k64,text_pca256_lexical_w005
10499,8,minibatch_k64,text_pca256_lexical_w005
10500,0,minibatch_k64,text_pca256_lexical_w005
10501,15,minibatch_k64,text_pca256_lexical_w005
10502,62,minibatch_k64,text_pca256_lexical_w005
10503,23,minibatch_k64,text_pca256_lexical_w005
10504,0,minibatch_k64,text_pca256_lexical_w005
10505,62,minibatch_k64,text_pca256_lexical_w005
10506,39,minibatch_k64,text_pca256_lexical_w005
10507,38,minibatch_k64,text_pca256_lexical_w005
10508,58,minibatch_k64,text_pca256_lexical_w005
10509,23,minibatch_k64,text_pca256_lexical_w005
10510,55,minibatch_k64,text_pca256_lexical_w005
10511,4,minibatch_k64,text_pca256_lexical_w005
10512,4,minibatch_k64,text_pca256_lexical_w005
10513,59,minibatch_k64,text_pca256_lexical_w005
10514,0,minibatch_k64,text_pca256_lexical_w005
10515,15,minibatch_k64,text_pca256_lexical_w005
10516,33,minibatch_k64,text_pca256_lexical_w005
10517,62,minibatch_k64,text_pca256_lexical_w005
10518,62,minibatch_k64,text_pca256_lexical_w005
10519,23,minibatch_k64,text_pca256_lexical_w005
10520,0,minibatch_k64,text_pca256_lexical_w005
10521,10,minibatch_k64,text_pca256_lexical_w005
10522,8,minibatch_k64,text_pca256_lexical_w005
10523,62,minibatch_k64,text_pca256_lexical_w005
10524,0,minibatch_k64,text_pca256_lexical_w005
10525,62,minibatch_k64,text_pca256_lexical_w005
10526,62,minibatch_k64,text_pca256_lexical_w005
10527,8,minibatch_k64,text_pca256_lexical_w005
10528,8,minibatch_k64,text_pca256_lexical_w005
10529,0,minibatch_k64,text_pca256_lexical_w005
10530,33,minibatch_k64,text_pca256_lexical_w005
10531,15,minibatch_k64,text_pca256_lexical_w005
10532,23,minibatch_k64,text_pca256_lexical_w005
10533,4,minibatch_k64,text_pca256_lexical_w005
10534,0,minibatch_k64,text_pca256_lexical_w005
10535,0,minibatch_k64,text_pca256_lexical_w005
10536,62,minibatch_k64,text_pca256_lexical_w005
10537,59,minibatch_k64,text_pca256_lexical_w005
10538,10,minibatch_k64,text_pca256_lexical_w005
10539,39,minibatch_k64,text_pca256_lexical_w005
10540,15,minibatch_k64,text_pca256_lexical_w005
10541,33,minibatch_k64,text_pca256_lexical_w005
10542,23,minibatch_k64,text_pca256_lexical_w005
10543,15,minibatch_k64,text_pca256_lexical_w005
10544,15,minibatch_k64,text_pca256_lexical_w005
10545,29,minibatch_k64,text_pca256_lexical_w005
10546,62,minibatch_k64,text_pca256_lexical_w005
10547,4,minibatch_k64,text_pca256_lexical_w005
10548,29,minibatch_k64,text_pca256_lexical_w005
10549,29,minibatch_k64,text_pca256_lexical_w005
10550,15,minibatch_k64,text_pca256_lexical_w005
10551,15,minibatch_k64,text_pca256_lexical_w005
10552,0,minibatch_k64,text_pca256_lexical_w005
10553,62,minibatch_k64,text_pca256_lexical_w005
10554,62,minibatch_k64,text_pca256_lexical_w005
10555,0,minibatch_k64,text_pca256_lexical_w005
10556,45,minibatch_k64,text_pca256_lexical_w005
10557,15,minibatch_k64,text_pca256_lexical_w005
10558,38,minibatch_k64,text_pca256_lexical_w005
10559,0,minibatch_k64,text_pca256_lexical_w005
10560,0,minibatch_k64,text_pca256_lexical_w005
10561,0,minibatch_k64,text_pca256_lexical_w005
10562,62,minibatch_k64,text_pca256_lexical_w005
10563,8,minibatch_k64,text_pca256_lexical_w005
10564,23,minibatch_k64,text_pca256_lexical_w005
10565,15,minibatch_k64,text_pca256_lexical_w005
10566,8,minibatch_k64,text_pca256_lexical_w005
10567,23,minibatch_k64,text_pca256_lexical_w005
10568,33,minibatch_k64,text_pca256_lexical_w005
10569,0,minibatch_k64,text_pca256_lexical_w005
10570,15,minibatch_k64,text_pca256_lexical_w005
10571,0,minibatch_k64,text_pca256_lexical_w005
10572,62,minibatch_k64,text_pca256_lexical_w005
10573,15,minibatch_k64,text_pca256_lexical_w005
10574,15,minibatch_k64,text_pca256_lexical_w005
10575,21,minibatch_k64,text_pca256_lexical_w005
10576,62,minibatch_k64,text_pca256_lexical_w005
10577,8,minibatch_k64,text_pca256_lexical_w005
10578,62,minibatch_k64,text_pca256_lexical_w005
10579,23,minibatch_k64,text_pca256_lexical_w005
10580,62,minibatch_k64,text_pca256_lexical_w005
10581,23,minibatch_k64,text_pca256_lexical_w005
10582,33,minibatch_k64,text_pca256_lexical_w005
10583,58,minibatch_k64,text_pca256_lexical_w005
10584,10,minibatch_k64,text_pca256_lexical_w005
10585,0,minibatch_k64,text_pca256_lexical_w005
10586,42,minibatch_k64,text_pca256_lexical_w005
10587,38,minibatch_k64,text_pca256_lexical_w005
10588,23,minibatch_k64,text_pca256_lexical_w005
10589,23,minibatch_k64,text_pca256_lexical_w005
10590,55,minibatch_k64,text_pca256_lexical_w005
10591,15,minibatch_k64,text_pca256_lexical_w005
10592,62,minibatch_k64,text_pca256_lexical_w005
10593,62,minibatch_k64,text_pca256_lexical_w005
10594,23,minibatch_k64,text_pca256_lexical_w005
10595,23,minibatch_k64,text_pca256_lexical_w005
10596,0,minibatch_k64,text_pca256_lexical_w005
10597,62,minibatch_k64,text_pca256_lexical_w005
10598,23,minibatch_k64,text_pca256_lexical_w005
10599,21,minibatch_k64,text_pca256_lexical_w005
10600,33,minibatch_k64,text_pca256_lexical_w005
10601,8,minibatch_k64,text_pca256_lexical_w005
10602,15,minibatch_k64,text_pca256_lexical_w005
10603,10,minibatch_k64,text_pca256_lexical_w005
10604,59,minibatch_k64,text_pca256_lexical_w005
10605,62,minibatch_k64,text_pca256_lexical_w005
10606,62,minibatch_k64,text_pca256_lexical_w005
10607,5,minibatch_k64,text_pca256_lexical_w005
10608,33,minibatch_k64,text_pca256_lexical_w005
10609,33,minibatch_k64,text_pca256_lexical_w005
10610,2,minibatch_k64,text_pca256_lexical_w005
10611,39,minibatch_k64,text_pca256_lexical_w005
10612,5,minibatch_k64,text_pca256_lexical_w005
10613,33,minibatch_k64,text_pca256_lexical_w005
10614,5,minibatch_k64,text_pca256_lexical_w005
10615,33,minibatch_k64,text_pca256_lexical_w005
10616,0,minibatch_k64,text_pca256_lexical_w005
10617,5,minibatch_k64,text_pca256_lexical_w005
10618,62,minibatch_k64,text_pca256_lexical_w005
10619,58,minibatch_k64,text_pca256_lexical_w005
10620,62,minibatch_k64,text_pca256_lexical_w005
10621,38,minibatch_k64,text_pca256_lexical_w005
10622,55,minibatch_k64,text_pca256_lexical_w005
10623,54,minibatch_k64,text_pca256_lexical_w005
10624,23,minibatch_k64,text_pca256_lexical_w005
10625,8,minibatch_k64,text_pca256_lexical_w005
10626,45,minibatch_k64,text_pca256_lexical_w005
10627,21,minibatch_k64,text_pca256_lexical_w005
10628,0,minibatch_k64,text_pca256_lexical_w005
10629,0,minibatch_k64,text_pca256_lexical_w005
10630,4,minibatch_k64,text_pca256_lexical_w005
10631,0,minibatch_k64,text_pca256_lexical_w005
10632,0,minibatch_k64,text_pca256_lexical_w005
10633,62,minibatch_k64,text_pca256_lexical_w005
10634,23,minibatch_k64,text_pca256_lexical_w005
10635,62,minibatch_k64,text_pca256_lexical_w005
10636,15,minibatch_k64,text_pca256_lexical_w005
10637,8,minibatch_k64,text_pca256_lexical_w005
10638,33,minibatch_k64,text_pca256_lexical_w005
10639,15,minibatch_k64,text_pca256_lexical_w005
10640,0,minibatch_k64,text_pca256_lexical_w005
10641,0,minibatch_k64,text_pca256_lexical_w005
10642,0,minibatch_k64,text_pca256_lexical_w005
10643,23,minibatch_k64,text_pca256_lexical_w005
10644,23,minibatch_k64,text_pca256_lexical_w005
10645,61,minibatch_k64,text_pca256_lexical_w005
10646,62,minibatch_k64,text_pca256_lexical_w005
10647,0,minibatch_k64,text_pca256_lexical_w005
10648,23,minibatch_k64,text_pca256_lexical_w005
10649,23,minibatch_k64,text_pca256_lexical_w005
10650,53,minibatch_k64,text_pca256_lexical_w005
10651,59,minibatch_k64,text_pca256_lexical_w005
10652,0,minibatch_k64,text_pca256_lexical_w005
10653,0,minibatch_k64,text_pca256_lexical_w005
10654,0,minibatch_k64,text_pca256_lexical_w005
10655,15,minibatch_k64,text_pca256_lexical_w005
10656,42,minibatch_k64,text_pca256_lexical_w005
10657,15,minibatch_k64,text_pca256_lexical_w005
10658,15,minibatch_k64,text_pca256_lexical_w005
10659,15,minibatch_k64,text_pca256_lexical_w005
10660,42,minibatch_k64,text_pca256_lexical_w005
10661,0,minibatch_k64,text_pca256_lexical_w005
10662,23,minibatch_k64,text_pca256_lexical_w005
10663,0,minibatch_k64,text_pca256_lexical_w005
10664,62,minibatch_k64,text_pca256_lexical_w005
10665,0,minibatch_k64,text_pca256_lexical_w005
10666,58,minibatch_k64,text_pca256_lexical_w005
10667,38,minibatch_k64,text_pca256_lexical_w005
10668,23,minibatch_k64,text_pca256_lexical_w005
10669,23,minibatch_k64,text_pca256_lexical_w005
10670,33,minibatch_k64,text_pca256_lexical_w005
10671,54,minibatch_k64,text_pca256_lexical_w005
10672,0,minibatch_k64,text_pca256_lexical_w005
10673,23,minibatch_k64,text_pca256_lexical_w005
10674,42,minibatch_k64,text_pca256_lexical_w005
10675,8,minibatch_k64,text_pca256_lexical_w005
10676,8,minibatch_k64,text_pca256_lexical_w005
10677,15,minibatch_k64,text_pca256_lexical_w005
10678,0,minibatch_k64,text_pca256_lexical_w005
10679,15,minibatch_k64,text_pca256_lexical_w005
10680,0,minibatch_k64,text_pca256_lexical_w005
10681,39,minibatch_k64,text_pca256_lexical_w005
10682,39,minibatch_k64,text_pca256_lexical_w005
10683,33,minibatch_k64,text_pca256_lexical_w005
10684,10,minibatch_k64,text_pca256_lexical_w005
10685,0,minibatch_k64,text_pca256_lexical_w005
10686,33,minibatch_k64,text_pca256_lexical_w005
10687,62,minibatch_k64,text_pca256_lexical_w005
10688,23,minibatch_k64,text_pca256_lexical_w005
10689,16,minibatch_k64,text_pca256_lexical_w005
10690,23,minibatch_k64,text_pca256_lexical_w005
10691,61,minibatch_k64,text_pca256_lexical_w005
10692,10,minibatch_k64,text_pca256_lexical_w005
10693,61,minibatch_k64,text_pca256_lexical_w005
10694,10,minibatch_k64,text_pca256_lexical_w005
10695,61,minibatch_k64,text_pca256_lexical_w005
10696,61,minibatch_k64,text_pca256_lexical_w005
10697,10,minibatch_k64,text_pca256_lexical_w005
10698,62,minibatch_k64,text_pca256_lexical_w005
10699,61,minibatch_k64,text_pca256_lexical_w005
10700,61,minibatch_k64,text_pca256_lexical_w005
10701,61,minibatch_k64,text_pca256_lexical_w005
10702,61,minibatch_k64,text_pca256_lexical_w005
10703,61,minibatch_k64,text_pca256_lexical_w005
10704,21,minibatch_k64,text_pca256_lexical_w005
10705,10,minibatch_k64,text_pca256_lexical_w005
10706,61,minibatch_k64,text_pca256_lexical_w005
10707,61,minibatch_k64,text_pca256_lexical_w005
10708,42,minibatch_k64,text_pca256_lexical_w005
10709,61,minibatch_k64,text_pca256_lexical_w005
10710,10,minibatch_k64,text_pca256_lexical_w005
10711,61,minibatch_k64,text_pca256_lexical_w005
10712,61,minibatch_k64,text_pca256_lexical_w005
10713,61,minibatch_k64,text_pca256_lexical_w005
10714,4,minibatch_k64,text_pca256_lexical_w005
10715,61,minibatch_k64,text_pca256_lexical_w005
10716,61,minibatch_k64,text_pca256_lexical_w005
10717,23,minibatch_k64,text_pca256_lexical_w005
10718,10,minibatch_k64,text_pca256_lexical_w005
10719,40,minibatch_k64,text_pca256_lexical_w005
10720,58,minibatch_k64,text_pca256_lexical_w005
10721,38,minibatch_k64,text_pca256_lexical_w005
10722,23,minibatch_k64,text_pca256_lexical_w005
10723,0,minibatch_k64,text_pca256_lexical_w005
10724,12,minibatch_k64,text_pca256_lexical_w005
10725,55,minibatch_k64,text_pca256_lexical_w005
10726,62,minibatch_k64,text_pca256_lexical_w005
10727,60,minibatch_k64,text_pca256_lexical_w005
10728,61,minibatch_k64,text_pca256_lexical_w005
10729,23,minibatch_k64,text_pca256_lexical_w005
10730,21,minibatch_k64,text_pca256_lexical_w005
10731,10,minibatch_k64,text_pca256_lexical_w005
10732,59,minibatch_k64,text_pca256_lexical_w005
10733,61,minibatch_k64,text_pca256_lexical_w005
10734,61,minibatch_k64,text_pca256_lexical_w005
10735,62,minibatch_k64,text_pca256_lexical_w005
10736,61,minibatch_k64,text_pca256_lexical_w005
10737,10,minibatch_k64,text_pca256_lexical_w005
10738,23,minibatch_k64,text_pca256_lexical_w005
10739,61,minibatch_k64,text_pca256_lexical_w005
10740,23,minibatch_k64,text_pca256_lexical_w005
10741,61,minibatch_k64,text_pca256_lexical_w005
10742,61,minibatch_k64,text_pca256_lexical_w005
10743,62,minibatch_k64,text_pca256_lexical_w005
10744,21,minibatch_k64,text_pca256_lexical_w005
10745,21,minibatch_k64,text_pca256_lexical_w005
10746,62,minibatch_k64,text_pca256_lexical_w005
10747,62,minibatch_k64,text_pca256_lexical_w005
10748,10,minibatch_k64,text_pca256_lexical_w005
10749,59,minibatch_k64,text_pca256_lexical_w005
10750,23,minibatch_k64,text_pca256_lexical_w005
10751,40,minibatch_k64,text_pca256_lexical_w005
10752,23,minibatch_k64,text_pca256_lexical_w005
10753,62,minibatch_k64,text_pca256_lexical_w005
10754,8,minibatch_k64,text_pca256_lexical_w005
10755,62,minibatch_k64,text_pca256_lexical_w005
10756,23,minibatch_k64,text_pca256_lexical_w005
10757,23,minibatch_k64,text_pca256_lexical_w005
10758,33,minibatch_k64,text_pca256_lexical_w005
10759,38,minibatch_k64,text_pca256_lexical_w005
10760,45,minibatch_k64,text_pca256_lexical_w005
10761,40,minibatch_k64,text_pca256_lexical_w005
10762,23,minibatch_k64,text_pca256_lexical_w005
10763,55,minibatch_k64,text_pca256_lexical_w005
10764,22,minibatch_k64,text_pca256_lexical_w005
10765,23,minibatch_k64,text_pca256_lexical_w005
10766,62,minibatch_k64,text_pca256_lexical_w005
10767,23,minibatch_k64,text_pca256_lexical_w005
10768,23,minibatch_k64,text_pca256_lexical_w005
10769,39,minibatch_k64,text_pca256_lexical_w005
10770,0,minibatch_k64,text_pca256_lexical_w005
10771,0,minibatch_k64,text_pca256_lexical_w005
10772,23,minibatch_k64,text_pca256_lexical_w005
10773,23,minibatch_k64,text_pca256_lexical_w005
10774,8,minibatch_k64,text_pca256_lexical_w005
10775,12,minibatch_k64,text_pca256_lexical_w005
10776,40,minibatch_k64,text_pca256_lexical_w005
10777,23,minibatch_k64,text_pca256_lexical_w005
10778,40,minibatch_k64,text_pca256_lexical_w005
10779,8,minibatch_k64,text_pca256_lexical_w005
10780,15,minibatch_k64,text_pca256_lexical_w005
10781,62,minibatch_k64,text_pca256_lexical_w005
10782,8,minibatch_k64,text_pca256_lexical_w005
10783,5,minibatch_k64,text_pca256_lexical_w005
10784,59,minibatch_k64,text_pca256_lexical_w005
10785,23,minibatch_k64,text_pca256_lexical_w005
10786,12,minibatch_k64,text_pca256_lexical_w005
10787,23,minibatch_k64,text_pca256_lexical_w005
10788,40,minibatch_k64,text_pca256_lexical_w005
10789,40,minibatch_k64,text_pca256_lexical_w005
10790,62,minibatch_k64,text_pca256_lexical_w005
10791,38,minibatch_k64,text_pca256_lexical_w005
10792,12,minibatch_k64,text_pca256_lexical_w005
10793,55,minibatch_k64,text_pca256_lexical_w005
10794,54,minibatch_k64,text_pca256_lexical_w005
10795,33,minibatch_k64,text_pca256_lexical_w005
10796,23,minibatch_k64,text_pca256_lexical_w005
10797,42,minibatch_k64,text_pca256_lexical_w005
10798,5,minibatch_k64,text_pca256_lexical_w005
10799,0,minibatch_k64,text_pca256_lexical_w005
10800,23,minibatch_k64,text_pca256_lexical_w005
10801,0,minibatch_k64,text_pca256_lexical_w005
10802,59,minibatch_k64,text_pca256_lexical_w005
10803,0,minibatch_k64,text_pca256_lexical_w005
10804,23,minibatch_k64,text_pca256_lexical_w005
10805,0,minibatch_k64,text_pca256_lexical_w005
10806,0,minibatch_k64,text_pca256_lexical_w005
10807,23,minibatch_k64,text_pca256_lexical_w005
10808,23,minibatch_k64,text_pca256_lexical_w005
10809,0,minibatch_k64,text_pca256_lexical_w005
10810,0,minibatch_k64,text_pca256_lexical_w005
10811,23,minibatch_k64,text_pca256_lexical_w005
10812,62,minibatch_k64,text_pca256_lexical_w005
10813,21,minibatch_k64,text_pca256_lexical_w005
10814,4,minibatch_k64,text_pca256_lexical_w005
10815,4,minibatch_k64,text_pca256_lexical_w005
10816,0,minibatch_k64,text_pca256_lexical_w005
10817,23,minibatch_k64,text_pca256_lexical_w005
10818,4,minibatch_k64,text_pca256_lexical_w005
10819,23,minibatch_k64,text_pca256_lexical_w005
10820,15,minibatch_k64,text_pca256_lexical_w005
10821,15,minibatch_k64,text_pca256_lexical_w005
10822,42,minibatch_k64,text_pca256_lexical_w005
10823,8,minibatch_k64,text_pca256_lexical_w005
10824,42,minibatch_k64,text_pca256_lexical_w005
10825,4,minibatch_k64,text_pca256_lexical_w005
10826,33,minibatch_k64,text_pca256_lexical_w005
10827,5,minibatch_k64,text_pca256_lexical_w005
10828,56,minibatch_k64,text_pca256_lexical_w005
10829,44,minibatch_k64,text_pca256_lexical_w005
10830,8,minibatch_k64,text_pca256_lexical_w005
10831,44,minibatch_k64,text_pca256_lexical_w005
10832,44,minibatch_k64,text_pca256_lexical_w005
10833,14,minibatch_k64,text_pca256_lexical_w005
10834,44,minibatch_k64,text_pca256_lexical_w005
10835,5,minibatch_k64,text_pca256_lexical_w005
10836,46,minibatch_k64,text_pca256_lexical_w005
10837,42,minibatch_k64,text_pca256_lexical_w005
10838,5,minibatch_k64,text_pca256_lexical_w005
10839,21,minibatch_k64,text_pca256_lexical_w005
10840,15,minibatch_k64,text_pca256_lexical_w005
10841,8,minibatch_k64,text_pca256_lexical_w005
10842,8,minibatch_k64,text_pca256_lexical_w005
10843,42,minibatch_k64,text_pca256_lexical_w005
10844,42,minibatch_k64,text_pca256_lexical_w005
10845,8,minibatch_k64,text_pca256_lexical_w005
10846,39,minibatch_k64,text_pca256_lexical_w005
10847,39,minibatch_k64,text_pca256_lexical_w005
10848,59,minibatch_k64,text_pca256_lexical_w005
10849,14,minibatch_k64,text_pca256_lexical_w005
10850,39,minibatch_k64,text_pca256_lexical_w005
10851,8,minibatch_k64,text_pca256_lexical_w005
10852,55,minibatch_k64,text_pca256_lexical_w005
10853,42,minibatch_k64,text_pca256_lexical_w005
10854,21,minibatch_k64,text_pca256_lexical_w005
10855,21,minibatch_k64,text_pca256_lexical_w005
10856,0,minibatch_k64,text_pca256_lexical_w005
10857,21,minibatch_k64,text_pca256_lexical_w005
10858,21,minibatch_k64,text_pca256_lexical_w005
10859,42,minibatch_k64,text_pca256_lexical_w005
10860,42,minibatch_k64,text_pca256_lexical_w005
10861,21,minibatch_k64,text_pca256_lexical_w005
10862,8,minibatch_k64,text_pca256_lexical_w005
10863,62,minibatch_k64,text_pca256_lexical_w005
10864,14,minibatch_k64,text_pca256_lexical_w005
10865,21,minibatch_k64,text_pca256_lexical_w005
10866,45,minibatch_k64,text_pca256_lexical_w005
10867,55,minibatch_k64,text_pca256_lexical_w005
10868,21,minibatch_k64,text_pca256_lexical_w005
10869,62,minibatch_k64,text_pca256_lexical_w005
10870,8,minibatch_k64,text_pca256_lexical_w005
10871,0,minibatch_k64,text_pca256_lexical_w005
10872,62,minibatch_k64,text_pca256_lexical_w005
10873,4,minibatch_k64,text_pca256_lexical_w005
10874,21,minibatch_k64,text_pca256_lexical_w005
10875,21,minibatch_k64,text_pca256_lexical_w005
10876,0,minibatch_k64,text_pca256_lexical_w005
10877,42,minibatch_k64,text_pca256_lexical_w005
10878,42,minibatch_k64,text_pca256_lexical_w005
10879,0,minibatch_k64,text_pca256_lexical_w005
10880,8,minibatch_k64,text_pca256_lexical_w005
10881,23,minibatch_k64,text_pca256_lexical_w005
10882,8,minibatch_k64,text_pca256_lexical_w005
10883,33,minibatch_k64,text_pca256_lexical_w005
10884,21,minibatch_k64,text_pca256_lexical_w005
10885,15,minibatch_k64,text_pca256_lexical_w005
10886,33,minibatch_k64,text_pca256_lexical_w005
10887,10,minibatch_k64,text_pca256_lexical_w005
10888,33,minibatch_k64,text_pca256_lexical_w005
10889,33,minibatch_k64,text_pca256_lexical_w005
10890,33,minibatch_k64,text_pca256_lexical_w005
10891,33,minibatch_k64,text_pca256_lexical_w005
10892,23,minibatch_k64,text_pca256_lexical_w005
10893,62,minibatch_k64,text_pca256_lexical_w005
10894,10,minibatch_k64,text_pca256_lexical_w005
10895,55,minibatch_k64,text_pca256_lexical_w005
10896,42,minibatch_k64,text_pca256_lexical_w005
10897,20,minibatch_k64,text_pca256_lexical_w005
10898,4,minibatch_k64,text_pca256_lexical_w005
10899,42,minibatch_k64,text_pca256_lexical_w005
10900,10,minibatch_k64,text_pca256_lexical_w005
10901,0,minibatch_k64,text_pca256_lexical_w005
10902,62,minibatch_k64,text_pca256_lexical_w005
10903,15,minibatch_k64,text_pca256_lexical_w005
10904,42,minibatch_k64,text_pca256_lexical_w005
10905,42,minibatch_k64,text_pca256_lexical_w005
10906,55,minibatch_k64,text_pca256_lexical_w005
10907,8,minibatch_k64,text_pca256_lexical_w005
10908,0,minibatch_k64,text_pca256_lexical_w005
10909,21,minibatch_k64,text_pca256_lexical_w005
10910,20,minibatch_k64,text_pca256_lexical_w005
10911,62,minibatch_k64,text_pca256_lexical_w005
10912,33,minibatch_k64,text_pca256_lexical_w005
10913,8,minibatch_k64,text_pca256_lexical_w005
10914,8,minibatch_k64,text_pca256_lexical_w005
10915,0,minibatch_k64,text_pca256_lexical_w005
10916,33,minibatch_k64,text_pca256_lexical_w005
10917,21,minibatch_k64,text_pca256_lexical_w005
10918,23,minibatch_k64,text_pca256_lexical_w005
10919,10,minibatch_k64,text_pca256_lexical_w005
10920,8,minibatch_k64,text_pca256_lexical_w005
10921,33,minibatch_k64,text_pca256_lexical_w005
10922,33,minibatch_k64,text_pca256_lexical_w005
10923,8,minibatch_k64,text_pca256_lexical_w005
10924,62,minibatch_k64,text_pca256_lexical_w005
10925,8,minibatch_k64,text_pca256_lexical_w005
10926,10,minibatch_k64,text_pca256_lexical_w005
10927,10,minibatch_k64,text_pca256_lexical_w005
10928,10,minibatch_k64,text_pca256_lexical_w005
10929,21,minibatch_k64,text_pca256_lexical_w005
10930,21,minibatch_k64,text_pca256_lexical_w005
10931,21,minibatch_k64,text_pca256_lexical_w005
10932,45,minibatch_k64,text_pca256_lexical_w005
10933,33,minibatch_k64,text_pca256_lexical_w005
10934,47,minibatch_k64,text_pca256_lexical_w005
10935,0,minibatch_k64,text_pca256_lexical_w005
10936,8,minibatch_k64,text_pca256_lexical_w005
10937,42,minibatch_k64,text_pca256_lexical_w005
10938,8,minibatch_k64,text_pca256_lexical_w005
10939,42,minibatch_k64,text_pca256_lexical_w005
10940,0,minibatch_k64,text_pca256_lexical_w005
10941,33,minibatch_k64,text_pca256_lexical_w005
10942,18,minibatch_k64,text_pca256_lexical_w005
10943,0,minibatch_k64,text_pca256_lexical_w005
10944,42,minibatch_k64,text_pca256_lexical_w005
10945,23,minibatch_k64,text_pca256_lexical_w005
10946,8,minibatch_k64,text_pca256_lexical_w005
10947,23,minibatch_k64,text_pca256_lexical_w005
10948,0,minibatch_k64,text_pca256_lexical_w005
10949,21,minibatch_k64,text_pca256_lexical_w005
10950,23,minibatch_k64,text_pca256_lexical_w005
10951,62,minibatch_k64,text_pca256_lexical_w005
10952,8,minibatch_k64,text_pca256_lexical_w005
10953,59,minibatch_k64,text_pca256_lexical_w005
10954,8,minibatch_k64,text_pca256_lexical_w005
10955,0,minibatch_k64,text_pca256_lexical_w005
10956,47,minibatch_k64,text_pca256_lexical_w005
10957,45,minibatch_k64,text_pca256_lexical_w005
10958,38,minibatch_k64,text_pca256_lexical_w005
10959,45,minibatch_k64,text_pca256_lexical_w005
10960,42,minibatch_k64,text_pca256_lexical_w005
10961,55,minibatch_k64,text_pca256_lexical_w005
10962,60,minibatch_k64,text_pca256_lexical_w005
10963,23,minibatch_k64,text_pca256_lexical_w005
10964,45,minibatch_k64,text_pca256_lexical_w005
10965,45,minibatch_k64,text_pca256_lexical_w005
10966,45,minibatch_k64,text_pca256_lexical_w005
10967,4,minibatch_k64,text_pca256_lexical_w005
10968,10,minibatch_k64,text_pca256_lexical_w005
10969,4,minibatch_k64,text_pca256_lexical_w005
10970,45,minibatch_k64,text_pca256_lexical_w005
10971,45,minibatch_k64,text_pca256_lexical_w005
10972,21,minibatch_k64,text_pca256_lexical_w005
10973,45,minibatch_k64,text_pca256_lexical_w005
10974,45,minibatch_k64,text_pca256_lexical_w005
10975,45,minibatch_k64,text_pca256_lexical_w005
10976,45,minibatch_k64,text_pca256_lexical_w005
10977,59,minibatch_k64,text_pca256_lexical_w005
10978,45,minibatch_k64,text_pca256_lexical_w005
10979,45,minibatch_k64,text_pca256_lexical_w005
10980,15,minibatch_k64,text_pca256_lexical_w005
10981,4,minibatch_k64,text_pca256_lexical_w005
10982,45,minibatch_k64,text_pca256_lexical_w005
10983,45,minibatch_k64,text_pca256_lexical_w005
10984,45,minibatch_k64,text_pca256_lexical_w005
10985,4,minibatch_k64,text_pca256_lexical_w005
10986,62,minibatch_k64,text_pca256_lexical_w005
10987,45,minibatch_k64,text_pca256_lexical_w005
10988,42,minibatch_k64,text_pca256_lexical_w005
10989,62,minibatch_k64,text_pca256_lexical_w005
10990,15,minibatch_k64,text_pca256_lexical_w005
10991,0,minibatch_k64,text_pca256_lexical_w005
10992,59,minibatch_k64,text_pca256_lexical_w005
10993,42,minibatch_k64,text_pca256_lexical_w005
10994,59,minibatch_k64,text_pca256_lexical_w005
10995,45,minibatch_k64,text_pca256_lexical_w005
10996,59,minibatch_k64,text_pca256_lexical_w005
10997,42,minibatch_k64,text_pca256_lexical_w005
10998,42,minibatch_k64,text_pca256_lexical_w005
10999,21,minibatch_k64,text_pca256_lexical_w005
11000,42,minibatch_k64,text_pca256_lexical_w005
11001,62,minibatch_k64,text_pca256_lexical_w005
11002,0,minibatch_k64,text_pca256_lexical_w005
11003,59,minibatch_k64,text_pca256_lexical_w005
11004,23,minibatch_k64,text_pca256_lexical_w005
11005,8,minibatch_k64,text_pca256_lexical_w005
11006,38,minibatch_k64,text_pca256_lexical_w005
11007,45,minibatch_k64,text_pca256_lexical_w005
11008,33,minibatch_k64,text_pca256_lexical_w005
11009,55,minibatch_k64,text_pca256_lexical_w005
11010,42,minibatch_k64,text_pca256_lexical_w005
11011,60,minibatch_k64,text_pca256_lexical_w005
11012,45,minibatch_k64,text_pca256_lexical_w005
11013,45,minibatch_k64,text_pca256_lexical_w005
11014,45,minibatch_k64,text_pca256_lexical_w005
11015,23,minibatch_k64,text_pca256_lexical_w005
11016,45,minibatch_k64,text_pca256_lexical_w005
11017,45,minibatch_k64,text_pca256_lexical_w005
11018,62,minibatch_k64,text_pca256_lexical_w005
11019,10,minibatch_k64,text_pca256_lexical_w005
11020,45,minibatch_k64,text_pca256_lexical_w005
11021,33,minibatch_k64,text_pca256_lexical_w005
11022,8,minibatch_k64,text_pca256_lexical_w005
11023,33,minibatch_k64,text_pca256_lexical_w005
11024,45,minibatch_k64,text_pca256_lexical_w005
11025,42,minibatch_k64,text_pca256_lexical_w005
11026,59,minibatch_k64,text_pca256_lexical_w005
11027,42,minibatch_k64,text_pca256_lexical_w005
11028,62,minibatch_k64,text_pca256_lexical_w005
11029,42,minibatch_k64,text_pca256_lexical_w005
11030,8,minibatch_k64,text_pca256_lexical_w005
11031,0,minibatch_k64,text_pca256_lexical_w005
11032,45,minibatch_k64,text_pca256_lexical_w005
11033,45,minibatch_k64,text_pca256_lexical_w005
11034,8,minibatch_k64,text_pca256_lexical_w005
11035,38,minibatch_k64,text_pca256_lexical_w005
11036,45,minibatch_k64,text_pca256_lexical_w005
11037,59,minibatch_k64,text_pca256_lexical_w005
11038,55,minibatch_k64,text_pca256_lexical_w005
11039,21,minibatch_k64,text_pca256_lexical_w005
11040,54,minibatch_k64,text_pca256_lexical_w005
11041,42,minibatch_k64,text_pca256_lexical_w005
11042,0,minibatch_k64,text_pca256_lexical_w005
11043,45,minibatch_k64,text_pca256_lexical_w005
11044,21,minibatch_k64,text_pca256_lexical_w005
11045,42,minibatch_k64,text_pca256_lexical_w005
11046,21,minibatch_k64,text_pca256_lexical_w005
11047,10,minibatch_k64,text_pca256_lexical_w005
11048,10,minibatch_k64,text_pca256_lexical_w005
11049,33,minibatch_k64,text_pca256_lexical_w005
11050,0,minibatch_k64,text_pca256_lexical_w005
11051,8,minibatch_k64,text_pca256_lexical_w005
11052,8,minibatch_k64,text_pca256_lexical_w005
11053,0,minibatch_k64,text_pca256_lexical_w005
11054,39,minibatch_k64,text_pca256_lexical_w005
11055,18,minibatch_k64,text_pca256_lexical_w005
11056,45,minibatch_k64,text_pca256_lexical_w005
11057,45,minibatch_k64,text_pca256_lexical_w005
11058,30,minibatch_k64,text_pca256_lexical_w005
11059,42,minibatch_k64,text_pca256_lexical_w005
11060,33,minibatch_k64,text_pca256_lexical_w005
11061,30,minibatch_k64,text_pca256_lexical_w005
11062,17,minibatch_k64,text_pca256_lexical_w005
11063,59,minibatch_k64,text_pca256_lexical_w005
11064,17,minibatch_k64,text_pca256_lexical_w005
11065,30,minibatch_k64,text_pca256_lexical_w005
11066,59,minibatch_k64,text_pca256_lexical_w005
11067,17,minibatch_k64,text_pca256_lexical_w005
11068,42,minibatch_k64,text_pca256_lexical_w005
11069,30,minibatch_k64,text_pca256_lexical_w005
11070,30,minibatch_k64,text_pca256_lexical_w005
11071,59,minibatch_k64,text_pca256_lexical_w005
11072,17,minibatch_k64,text_pca256_lexical_w005
11073,30,minibatch_k64,text_pca256_lexical_w005
11074,17,minibatch_k64,text_pca256_lexical_w005
11075,45,minibatch_k64,text_pca256_lexical_w005
11076,30,minibatch_k64,text_pca256_lexical_w005
11077,23,minibatch_k64,text_pca256_lexical_w005
11078,45,minibatch_k64,text_pca256_lexical_w005
11079,17,minibatch_k64,text_pca256_lexical_w005
11080,42,minibatch_k64,text_pca256_lexical_w005
11081,59,minibatch_k64,text_pca256_lexical_w005
11082,59,minibatch_k64,text_pca256_lexical_w005
11083,45,minibatch_k64,text_pca256_lexical_w005
11084,18,minibatch_k64,text_pca256_lexical_w005
11085,59,minibatch_k64,text_pca256_lexical_w005
11086,45,minibatch_k64,text_pca256_lexical_w005
11087,59,minibatch_k64,text_pca256_lexical_w005
11088,45,minibatch_k64,text_pca256_lexical_w005
11089,15,minibatch_k64,text_pca256_lexical_w005
11090,59,minibatch_k64,text_pca256_lexical_w005
11091,59,minibatch_k64,text_pca256_lexical_w005
11092,18,minibatch_k64,text_pca256_lexical_w005
11093,42,minibatch_k64,text_pca256_lexical_w005
11094,59,minibatch_k64,text_pca256_lexical_w005
11095,59,minibatch_k64,text_pca256_lexical_w005
11096,30,minibatch_k64,text_pca256_lexical_w005
11097,18,minibatch_k64,text_pca256_lexical_w005
11098,45,minibatch_k64,text_pca256_lexical_w005
11099,59,minibatch_k64,text_pca256_lexical_w005
11100,59,minibatch_k64,text_pca256_lexical_w005
11101,8,minibatch_k64,text_pca256_lexical_w005
11102,59,minibatch_k64,text_pca256_lexical_w005
11103,15,minibatch_k64,text_pca256_lexical_w005
11104,45,minibatch_k64,text_pca256_lexical_w005
11105,59,minibatch_k64,text_pca256_lexical_w005
11106,45,minibatch_k64,text_pca256_lexical_w005
11107,15,minibatch_k64,text_pca256_lexical_w005
11108,41,minibatch_k64,text_pca256_lexical_w005
11109,45,minibatch_k64,text_pca256_lexical_w005
11110,45,minibatch_k64,text_pca256_lexical_w005
11111,8,minibatch_k64,text_pca256_lexical_w005
11112,59,minibatch_k64,text_pca256_lexical_w005
11113,59,minibatch_k64,text_pca256_lexical_w005
11114,45,minibatch_k64,text_pca256_lexical_w005
11115,45,minibatch_k64,text_pca256_lexical_w005
11116,59,minibatch_k64,text_pca256_lexical_w005
11117,53,minibatch_k64,text_pca256_lexical_w005
11118,59,minibatch_k64,text_pca256_lexical_w005
11119,45,minibatch_k64,text_pca256_lexical_w005
11120,45,minibatch_k64,text_pca256_lexical_w005
11121,45,minibatch_k64,text_pca256_lexical_w005
11122,59,minibatch_k64,text_pca256_lexical_w005
11123,59,minibatch_k64,text_pca256_lexical_w005
11124,56,minibatch_k64,text_pca256_lexical_w005
11125,0,minibatch_k64,text_pca256_lexical_w005
11126,27,minibatch_k64,text_pca256_lexical_w005
11127,59,minibatch_k64,text_pca256_lexical_w005
11128,45,minibatch_k64,text_pca256_lexical_w005
11129,59,minibatch_k64,text_pca256_lexical_w005
11130,59,minibatch_k64,text_pca256_lexical_w005
11131,59,minibatch_k64,text_pca256_lexical_w005
11132,62,minibatch_k64,text_pca256_lexical_w005
11133,0,minibatch_k64,text_pca256_lexical_w005
11134,42,minibatch_k64,text_pca256_lexical_w005
11135,27,minibatch_k64,text_pca256_lexical_w005
11136,59,minibatch_k64,text_pca256_lexical_w005
11137,27,minibatch_k64,text_pca256_lexical_w005
11138,59,minibatch_k64,text_pca256_lexical_w005
11139,27,minibatch_k64,text_pca256_lexical_w005
11140,48,minibatch_k64,text_pca256_lexical_w005
11141,59,minibatch_k64,text_pca256_lexical_w005
11142,23,minibatch_k64,text_pca256_lexical_w005
11143,59,minibatch_k64,text_pca256_lexical_w005
11144,8,minibatch_k64,text_pca256_lexical_w005
11145,0,minibatch_k64,text_pca256_lexical_w005
11146,59,minibatch_k64,text_pca256_lexical_w005
11147,59,minibatch_k64,text_pca256_lexical_w005
11148,59,minibatch_k64,text_pca256_lexical_w005
11149,62,minibatch_k64,text_pca256_lexical_w005
11150,34,minibatch_k64,text_pca256_lexical_w005
11151,59,minibatch_k64,text_pca256_lexical_w005
11152,59,minibatch_k64,text_pca256_lexical_w005
11153,59,minibatch_k64,text_pca256_lexical_w005
11154,39,minibatch_k64,text_pca256_lexical_w005
11155,62,minibatch_k64,text_pca256_lexical_w005
11156,45,minibatch_k64,text_pca256_lexical_w005
11157,59,minibatch_k64,text_pca256_lexical_w005
11158,42,minibatch_k64,text_pca256_lexical_w005
11159,59,minibatch_k64,text_pca256_lexical_w005
11160,59,minibatch_k64,text_pca256_lexical_w005
11161,59,minibatch_k64,text_pca256_lexical_w005
11162,10,minibatch_k64,text_pca256_lexical_w005
11163,33,minibatch_k64,text_pca256_lexical_w005
11164,45,minibatch_k64,text_pca256_lexical_w005
11165,62,minibatch_k64,text_pca256_lexical_w005
11166,59,minibatch_k64,text_pca256_lexical_w005
11167,42,minibatch_k64,text_pca256_lexical_w005
11168,62,minibatch_k64,text_pca256_lexical_w005
11169,59,minibatch_k64,text_pca256_lexical_w005
11170,59,minibatch_k64,text_pca256_lexical_w005
11171,33,minibatch_k64,text_pca256_lexical_w005
11172,8,minibatch_k64,text_pca256_lexical_w005
11173,23,minibatch_k64,text_pca256_lexical_w005
11174,8,minibatch_k64,text_pca256_lexical_w005
11175,10,minibatch_k64,text_pca256_lexical_w005
11176,61,minibatch_k64,text_pca256_lexical_w005
11177,5,minibatch_k64,text_pca256_lexical_w005
11178,33,minibatch_k64,text_pca256_lexical_w005
11179,15,minibatch_k64,text_pca256_lexical_w005
11180,8,minibatch_k64,text_pca256_lexical_w005
11181,0,minibatch_k64,text_pca256_lexical_w005
11182,23,minibatch_k64,text_pca256_lexical_w005
11183,8,minibatch_k64,text_pca256_lexical_w005
11184,50,minibatch_k64,text_pca256_lexical_w005
11185,8,minibatch_k64,text_pca256_lexical_w005
11186,15,minibatch_k64,text_pca256_lexical_w005
11187,15,minibatch_k64,text_pca256_lexical_w005
11188,0,minibatch_k64,text_pca256_lexical_w005
11189,8,minibatch_k64,text_pca256_lexical_w005
11190,40,minibatch_k64,text_pca256_lexical_w005
11191,62,minibatch_k64,text_pca256_lexical_w005
11192,33,minibatch_k64,text_pca256_lexical_w005
11193,12,minibatch_k64,text_pca256_lexical_w005
11194,0,minibatch_k64,text_pca256_lexical_w005
11195,58,minibatch_k64,text_pca256_lexical_w005
11196,40,minibatch_k64,text_pca256_lexical_w005
11197,10,minibatch_k64,text_pca256_lexical_w005
11198,22,minibatch_k64,text_pca256_lexical_w005
11199,23,minibatch_k64,text_pca256_lexical_w005
11200,0,minibatch_k64,text_pca256_lexical_w005
11201,40,minibatch_k64,text_pca256_lexical_w005
11202,38,minibatch_k64,text_pca256_lexical_w005
11203,23,minibatch_k64,text_pca256_lexical_w005
11204,22,minibatch_k64,text_pca256_lexical_w005
11205,8,minibatch_k64,text_pca256_lexical_w005
11206,10,minibatch_k64,text_pca256_lexical_w005
11207,2,minibatch_k64,text_pca256_lexical_w005
11208,40,minibatch_k64,text_pca256_lexical_w005
11209,61,minibatch_k64,text_pca256_lexical_w005
11210,10,minibatch_k64,text_pca256_lexical_w005
11211,63,minibatch_k64,text_pca256_lexical_w005
11212,0,minibatch_k64,text_pca256_lexical_w005
11213,62,minibatch_k64,text_pca256_lexical_w005
11214,33,minibatch_k64,text_pca256_lexical_w005
11215,62,minibatch_k64,text_pca256_lexical_w005
11216,38,minibatch_k64,text_pca256_lexical_w005
11217,36,minibatch_k64,text_pca256_lexical_w005
11218,55,minibatch_k64,text_pca256_lexical_w005
11219,63,minibatch_k64,text_pca256_lexical_w005
11220,62,minibatch_k64,text_pca256_lexical_w005
11221,33,minibatch_k64,text_pca256_lexical_w005
11222,10,minibatch_k64,text_pca256_lexical_w005
11223,59,minibatch_k64,text_pca256_lexical_w005
11224,8,minibatch_k64,text_pca256_lexical_w005
11225,59,minibatch_k64,text_pca256_lexical_w005
11226,59,minibatch_k64,text_pca256_lexical_w005
11227,10,minibatch_k64,text_pca256_lexical_w005
11228,23,minibatch_k64,text_pca256_lexical_w005
11229,8,minibatch_k64,text_pca256_lexical_w005
11230,59,minibatch_k64,text_pca256_lexical_w005
11231,59,minibatch_k64,text_pca256_lexical_w005
11232,59,minibatch_k64,text_pca256_lexical_w005
11233,59,minibatch_k64,text_pca256_lexical_w005
11234,59,minibatch_k64,text_pca256_lexical_w005
11235,59,minibatch_k64,text_pca256_lexical_w005
11236,59,minibatch_k64,text_pca256_lexical_w005
11237,59,minibatch_k64,text_pca256_lexical_w005
11238,59,minibatch_k64,text_pca256_lexical_w005
11239,59,minibatch_k64,text_pca256_lexical_w005
11240,59,minibatch_k64,text_pca256_lexical_w005
11241,59,minibatch_k64,text_pca256_lexical_w005
11242,59,minibatch_k64,text_pca256_lexical_w005
11243,32,minibatch_k64,text_pca256_lexical_w005
11244,36,minibatch_k64,text_pca256_lexical_w005
11245,25,minibatch_k64,text_pca256_lexical_w005
11246,55,minibatch_k64,text_pca256_lexical_w005
11247,63,minibatch_k64,text_pca256_lexical_w005
11248,33,minibatch_k64,text_pca256_lexical_w005
11249,23,minibatch_k64,text_pca256_lexical_w005
11250,62,minibatch_k64,text_pca256_lexical_w005
11251,21,minibatch_k64,text_pca256_lexical_w005
11252,62,minibatch_k64,text_pca256_lexical_w005
11253,18,minibatch_k64,text_pca256_lexical_w005
11254,38,minibatch_k64,text_pca256_lexical_w005
11255,2,minibatch_k64,text_pca256_lexical_w005
11256,59,minibatch_k64,text_pca256_lexical_w005
11257,25,minibatch_k64,text_pca256_lexical_w005
11258,55,minibatch_k64,text_pca256_lexical_w005
11259,22,minibatch_k64,text_pca256_lexical_w005
11260,15,minibatch_k64,text_pca256_lexical_w005
11261,10,minibatch_k64,text_pca256_lexical_w005
11262,23,minibatch_k64,text_pca256_lexical_w005
11263,2,minibatch_k64,text_pca256_lexical_w005
11264,15,minibatch_k64,text_pca256_lexical_w005
11265,30,minibatch_k64,text_pca256_lexical_w005
11266,18,minibatch_k64,text_pca256_lexical_w005
11267,38,minibatch_k64,text_pca256_lexical_w005
11268,36,minibatch_k64,text_pca256_lexical_w005
11269,25,minibatch_k64,text_pca256_lexical_w005
11270,59,minibatch_k64,text_pca256_lexical_w005
11271,55,minibatch_k64,text_pca256_lexical_w005
11272,22,minibatch_k64,text_pca256_lexical_w005
11273,33,minibatch_k64,text_pca256_lexical_w005
11274,14,minibatch_k64,text_pca256_lexical_w005
11275,33,minibatch_k64,text_pca256_lexical_w005
11276,15,minibatch_k64,text_pca256_lexical_w005
11277,33,minibatch_k64,text_pca256_lexical_w005
11278,62,minibatch_k64,text_pca256_lexical_w005
11279,23,minibatch_k64,text_pca256_lexical_w005
11280,30,minibatch_k64,text_pca256_lexical_w005
11281,62,minibatch_k64,text_pca256_lexical_w005
11282,15,minibatch_k64,text_pca256_lexical_w005
11283,15,minibatch_k64,text_pca256_lexical_w005
11284,33,minibatch_k64,text_pca256_lexical_w005
11285,15,minibatch_k64,text_pca256_lexical_w005
11286,10,minibatch_k64,text_pca256_lexical_w005
11287,30,minibatch_k64,text_pca256_lexical_w005
11288,33,minibatch_k64,text_pca256_lexical_w005
11289,33,minibatch_k64,text_pca256_lexical_w005
11290,38,minibatch_k64,text_pca256_lexical_w005
11291,10,minibatch_k64,text_pca256_lexical_w005
11292,15,minibatch_k64,text_pca256_lexical_w005
11293,36,minibatch_k64,text_pca256_lexical_w005
11294,25,minibatch_k64,text_pca256_lexical_w005
11295,23,minibatch_k64,text_pca256_lexical_w005
11296,22,minibatch_k64,text_pca256_lexical_w005
11297,45,minibatch_k64,text_pca256_lexical_w005
11298,33,minibatch_k64,text_pca256_lexical_w005
11299,0,minibatch_k64,text_pca256_lexical_w005
11300,62,minibatch_k64,text_pca256_lexical_w005
11301,17,minibatch_k64,text_pca256_lexical_w005
11302,15,minibatch_k64,text_pca256_lexical_w005
11303,15,minibatch_k64,text_pca256_lexical_w005
11304,33,minibatch_k64,text_pca256_lexical_w005
11305,45,minibatch_k64,text_pca256_lexical_w005
11306,15,minibatch_k64,text_pca256_lexical_w005
11307,33,minibatch_k64,text_pca256_lexical_w005
11308,30,minibatch_k64,text_pca256_lexical_w005
11309,15,minibatch_k64,text_pca256_lexical_w005
11310,0,minibatch_k64,text_pca256_lexical_w005
11311,17,minibatch_k64,text_pca256_lexical_w005
11312,17,minibatch_k64,text_pca256_lexical_w005
11313,30,minibatch_k64,text_pca256_lexical_w005
11314,17,minibatch_k64,text_pca256_lexical_w005
11315,15,minibatch_k64,text_pca256_lexical_w005
11316,33,minibatch_k64,text_pca256_lexical_w005
11317,41,minibatch_k64,text_pca256_lexical_w005
11318,0,minibatch_k64,text_pca256_lexical_w005
11319,62,minibatch_k64,text_pca256_lexical_w005
11320,33,minibatch_k64,text_pca256_lexical_w005
11321,0,minibatch_k64,text_pca256_lexical_w005
11322,15,minibatch_k64,text_pca256_lexical_w005
11323,4,minibatch_k64,text_pca256_lexical_w005
11324,10,minibatch_k64,text_pca256_lexical_w005
11325,0,minibatch_k64,text_pca256_lexical_w005
11326,0,minibatch_k64,text_pca256_lexical_w005
11327,59,minibatch_k64,text_pca256_lexical_w005
11328,45,minibatch_k64,text_pca256_lexical_w005
11329,15,minibatch_k64,text_pca256_lexical_w005
11330,2,minibatch_k64,text_pca256_lexical_w005
11331,59,minibatch_k64,text_pca256_lexical_w005
11332,45,minibatch_k64,text_pca256_lexical_w005
11333,59,minibatch_k64,text_pca256_lexical_w005
11334,8,minibatch_k64,text_pca256_lexical_w005
11335,62,minibatch_k64,text_pca256_lexical_w005
11336,45,minibatch_k64,text_pca256_lexical_w005
11337,39,minibatch_k64,text_pca256_lexical_w005
11338,23,minibatch_k64,text_pca256_lexical_w005
11339,0,minibatch_k64,text_pca256_lexical_w005
11340,0,minibatch_k64,text_pca256_lexical_w005
11341,8,minibatch_k64,text_pca256_lexical_w005
11342,0,minibatch_k64,text_pca256_lexical_w005
11343,0,minibatch_k64,text_pca256_lexical_w005
11344,10,minibatch_k64,text_pca256_lexical_w005
11345,59,minibatch_k64,text_pca256_lexical_w005
11346,59,minibatch_k64,text_pca256_lexical_w005
11347,33,minibatch_k64,text_pca256_lexical_w005
11348,23,minibatch_k64,text_pca256_lexical_w005
11349,62,minibatch_k64,text_pca256_lexical_w005
11350,62,minibatch_k64,text_pca256_lexical_w005
11351,15,minibatch_k64,text_pca256_lexical_w005
11352,15,minibatch_k64,text_pca256_lexical_w005
11353,10,minibatch_k64,text_pca256_lexical_w005
11354,33,minibatch_k64,text_pca256_lexical_w005
11355,34,minibatch_k64,text_pca256_lexical_w005
11356,62,minibatch_k64,text_pca256_lexical_w005
11357,23,minibatch_k64,text_pca256_lexical_w005
11358,34,minibatch_k64,text_pca256_lexical_w005
11359,34,minibatch_k64,text_pca256_lexical_w005
11360,34,minibatch_k64,text_pca256_lexical_w005
11361,33,minibatch_k64,text_pca256_lexical_w005
11362,34,minibatch_k64,text_pca256_lexical_w005
11363,0,minibatch_k64,text_pca256_lexical_w005
11364,62,minibatch_k64,text_pca256_lexical_w005
11365,62,minibatch_k64,text_pca256_lexical_w005
11366,62,minibatch_k64,text_pca256_lexical_w005
11367,0,minibatch_k64,text_pca256_lexical_w005
11368,23,minibatch_k64,text_pca256_lexical_w005
11369,39,minibatch_k64,text_pca256_lexical_w005
11370,0,minibatch_k64,text_pca256_lexical_w005
11371,23,minibatch_k64,text_pca256_lexical_w005
11372,6,minibatch_k64,text_pca256_lexical_w005
11373,8,minibatch_k64,text_pca256_lexical_w005
11374,0,minibatch_k64,text_pca256_lexical_w005
11375,33,minibatch_k64,text_pca256_lexical_w005
11376,8,minibatch_k64,text_pca256_lexical_w005
11377,15,minibatch_k64,text_pca256_lexical_w005
11378,0,minibatch_k64,text_pca256_lexical_w005
11379,62,minibatch_k64,text_pca256_lexical_w005
11380,10,minibatch_k64,text_pca256_lexical_w005
11381,42,minibatch_k64,text_pca256_lexical_w005
11382,0,minibatch_k64,text_pca256_lexical_w005
11383,33,minibatch_k64,text_pca256_lexical_w005
11384,0,minibatch_k64,text_pca256_lexical_w005
11385,8,minibatch_k64,text_pca256_lexical_w005
11386,34,minibatch_k64,text_pca256_lexical_w005
11387,8,minibatch_k64,text_pca256_lexical_w005
11388,2,minibatch_k64,text_pca256_lexical_w005
11389,0,minibatch_k64,text_pca256_lexical_w005
11390,62,minibatch_k64,text_pca256_lexical_w005
11391,0,minibatch_k64,text_pca256_lexical_w005
11392,59,minibatch_k64,text_pca256_lexical_w005
11393,8,minibatch_k64,text_pca256_lexical_w005
11394,15,minibatch_k64,text_pca256_lexical_w005
11395,33,minibatch_k64,text_pca256_lexical_w005
11396,62,minibatch_k64,text_pca256_lexical_w005
11397,62,minibatch_k64,text_pca256_lexical_w005
11398,62,minibatch_k64,text_pca256_lexical_w005
11399,33,minibatch_k64,text_pca256_lexical_w005
11400,0,minibatch_k64,text_pca256_lexical_w005
11401,59,minibatch_k64,text_pca256_lexical_w005
11402,10,minibatch_k64,text_pca256_lexical_w005
11403,8,minibatch_k64,text_pca256_lexical_w005
11404,10,minibatch_k64,text_pca256_lexical_w005
11405,10,minibatch_k64,text_pca256_lexical_w005
11406,33,minibatch_k64,text_pca256_lexical_w005
11407,53,minibatch_k64,text_pca256_lexical_w005
11408,33,minibatch_k64,text_pca256_lexical_w005
11409,33,minibatch_k64,text_pca256_lexical_w005
11410,10,minibatch_k64,text_pca256_lexical_w005
11411,8,minibatch_k64,text_pca256_lexical_w005
11412,0,minibatch_k64,text_pca256_lexical_w005
11413,0,minibatch_k64,text_pca256_lexical_w005
11414,0,minibatch_k64,text_pca256_lexical_w005
11415,53,minibatch_k64,text_pca256_lexical_w005
11416,33,minibatch_k64,text_pca256_lexical_w005
11417,53,minibatch_k64,text_pca256_lexical_w005
11418,48,minibatch_k64,text_pca256_lexical_w005
11419,45,minibatch_k64,text_pca256_lexical_w005
11420,45,minibatch_k64,text_pca256_lexical_w005
11421,0,minibatch_k64,text_pca256_lexical_w005
11422,23,minibatch_k64,text_pca256_lexical_w005
11423,59,minibatch_k64,text_pca256_lexical_w005
11424,33,minibatch_k64,text_pca256_lexical_w005
11425,59,minibatch_k64,text_pca256_lexical_w005
11426,33,minibatch_k64,text_pca256_lexical_w005
11427,0,minibatch_k64,text_pca256_lexical_w005
11428,10,minibatch_k64,text_pca256_lexical_w005
11429,62,minibatch_k64,text_pca256_lexical_w005
11430,62,minibatch_k64,text_pca256_lexical_w005
11431,8,minibatch_k64,text_pca256_lexical_w005
11432,15,minibatch_k64,text_pca256_lexical_w005
11433,5,minibatch_k64,text_pca256_lexical_w005
11434,5,minibatch_k64,text_pca256_lexical_w005
11435,5,minibatch_k64,text_pca256_lexical_w005
11436,5,minibatch_k64,text_pca256_lexical_w005
11437,46,minibatch_k64,text_pca256_lexical_w005
11438,62,minibatch_k64,text_pca256_lexical_w005
11439,5,minibatch_k64,text_pca256_lexical_w005
11440,5,minibatch_k64,text_pca256_lexical_w005
11441,8,minibatch_k64,text_pca256_lexical_w005
11442,0,minibatch_k64,text_pca256_lexical_w005
11443,8,minibatch_k64,text_pca256_lexical_w005
11444,0,minibatch_k64,text_pca256_lexical_w005
11445,62,minibatch_k64,text_pca256_lexical_w005
11446,56,minibatch_k64,text_pca256_lexical_w005
11447,62,minibatch_k64,text_pca256_lexical_w005
11448,0,minibatch_k64,text_pca256_lexical_w005
11449,21,minibatch_k64,text_pca256_lexical_w005
11450,5,minibatch_k64,text_pca256_lexical_w005
11451,21,minibatch_k64,text_pca256_lexical_w005
11452,21,minibatch_k64,text_pca256_lexical_w005
11453,0,minibatch_k64,text_pca256_lexical_w005
11454,15,minibatch_k64,text_pca256_lexical_w005
11455,50,minibatch_k64,text_pca256_lexical_w005
11456,23,minibatch_k64,text_pca256_lexical_w005
11457,21,minibatch_k64,text_pca256_lexical_w005
11458,21,minibatch_k64,text_pca256_lexical_w005
11459,56,minibatch_k64,text_pca256_lexical_w005
11460,52,minibatch_k64,text_pca256_lexical_w005
11461,56,minibatch_k64,text_pca256_lexical_w005
11462,56,minibatch_k64,text_pca256_lexical_w005
11463,56,minibatch_k64,text_pca256_lexical_w005
11464,56,minibatch_k64,text_pca256_lexical_w005
11465,56,minibatch_k64,text_pca256_lexical_w005
11466,52,minibatch_k64,text_pca256_lexical_w005
11467,25,minibatch_k64,text_pca256_lexical_w005
11468,25,minibatch_k64,text_pca256_lexical_w005
11469,38,minibatch_k64,text_pca256_lexical_w005
11470,56,minibatch_k64,text_pca256_lexical_w005
11471,55,minibatch_k64,text_pca256_lexical_w005
11472,35,minibatch_k64,text_pca256_lexical_w005
11473,23,minibatch_k64,text_pca256_lexical_w005
11474,62,minibatch_k64,text_pca256_lexical_w005
11475,0,minibatch_k64,text_pca256_lexical_w005
11476,8,minibatch_k64,text_pca256_lexical_w005
11477,0,minibatch_k64,text_pca256_lexical_w005
11478,0,minibatch_k64,text_pca256_lexical_w005
11479,56,minibatch_k64,text_pca256_lexical_w005
11480,56,minibatch_k64,text_pca256_lexical_w005
11481,56,minibatch_k64,text_pca256_lexical_w005
11482,0,minibatch_k64,text_pca256_lexical_w005
11483,0,minibatch_k64,text_pca256_lexical_w005
11484,52,minibatch_k64,text_pca256_lexical_w005
11485,42,minibatch_k64,text_pca256_lexical_w005
11486,52,minibatch_k64,text_pca256_lexical_w005
11487,25,minibatch_k64,text_pca256_lexical_w005
11488,29,minibatch_k64,text_pca256_lexical_w005
11489,0,minibatch_k64,text_pca256_lexical_w005
11490,38,minibatch_k64,text_pca256_lexical_w005
11491,0,minibatch_k64,text_pca256_lexical_w005
11492,58,minibatch_k64,text_pca256_lexical_w005
11493,45,minibatch_k64,text_pca256_lexical_w005
11494,56,minibatch_k64,text_pca256_lexical_w005
11495,55,minibatch_k64,text_pca256_lexical_w005
11496,35,minibatch_k64,text_pca256_lexical_w005
11497,62,minibatch_k64,text_pca256_lexical_w005
11498,8,minibatch_k64,text_pca256_lexical_w005
11499,0,minibatch_k64,text_pca256_lexical_w005
11500,23,minibatch_k64,text_pca256_lexical_w005
11501,42,minibatch_k64,text_pca256_lexical_w005
11502,52,minibatch_k64,text_pca256_lexical_w005
11503,5,minibatch_k64,text_pca256_lexical_w005
11504,8,minibatch_k64,text_pca256_lexical_w005
11505,56,minibatch_k64,text_pca256_lexical_w005
11506,25,minibatch_k64,text_pca256_lexical_w005
11507,5,minibatch_k64,text_pca256_lexical_w005
11508,15,minibatch_k64,text_pca256_lexical_w005
11509,15,minibatch_k64,text_pca256_lexical_w005
11510,15,minibatch_k64,text_pca256_lexical_w005
11511,8,minibatch_k64,text_pca256_lexical_w005
11512,38,minibatch_k64,text_pca256_lexical_w005
11513,58,minibatch_k64,text_pca256_lexical_w005
11514,0,minibatch_k64,text_pca256_lexical_w005
11515,8,minibatch_k64,text_pca256_lexical_w005
11516,45,minibatch_k64,text_pca256_lexical_w005
11517,55,minibatch_k64,text_pca256_lexical_w005
11518,35,minibatch_k64,text_pca256_lexical_w005
11519,23,minibatch_k64,text_pca256_lexical_w005
11520,56,minibatch_k64,text_pca256_lexical_w005
11521,56,minibatch_k64,text_pca256_lexical_w005
11522,56,minibatch_k64,text_pca256_lexical_w005
11523,56,minibatch_k64,text_pca256_lexical_w005
11524,38,minibatch_k64,text_pca256_lexical_w005
11525,8,minibatch_k64,text_pca256_lexical_w005
11526,55,minibatch_k64,text_pca256_lexical_w005
11527,33,minibatch_k64,text_pca256_lexical_w005
11528,54,minibatch_k64,text_pca256_lexical_w005
11529,25,minibatch_k64,text_pca256_lexical_w005
11530,62,minibatch_k64,text_pca256_lexical_w005
11531,14,minibatch_k64,text_pca256_lexical_w005
11532,33,minibatch_k64,text_pca256_lexical_w005
11533,56,minibatch_k64,text_pca256_lexical_w005
11534,56,minibatch_k64,text_pca256_lexical_w005
11535,56,minibatch_k64,text_pca256_lexical_w005
11536,56,minibatch_k64,text_pca256_lexical_w005
11537,8,minibatch_k64,text_pca256_lexical_w005
11538,56,minibatch_k64,text_pca256_lexical_w005
11539,25,minibatch_k64,text_pca256_lexical_w005
11540,0,minibatch_k64,text_pca256_lexical_w005
11541,56,minibatch_k64,text_pca256_lexical_w005
11542,38,minibatch_k64,text_pca256_lexical_w005
11543,58,minibatch_k64,text_pca256_lexical_w005
11544,45,minibatch_k64,text_pca256_lexical_w005
11545,8,minibatch_k64,text_pca256_lexical_w005
11546,55,minibatch_k64,text_pca256_lexical_w005
11547,35,minibatch_k64,text_pca256_lexical_w005
11548,56,minibatch_k64,text_pca256_lexical_w005
11549,56,minibatch_k64,text_pca256_lexical_w005
11550,15,minibatch_k64,text_pca256_lexical_w005
11551,25,minibatch_k64,text_pca256_lexical_w005
11552,56,minibatch_k64,text_pca256_lexical_w005
11553,23,minibatch_k64,text_pca256_lexical_w005
11554,38,minibatch_k64,text_pca256_lexical_w005
11555,56,minibatch_k64,text_pca256_lexical_w005
11556,8,minibatch_k64,text_pca256_lexical_w005
11557,55,minibatch_k64,text_pca256_lexical_w005
11558,35,minibatch_k64,text_pca256_lexical_w005
11559,56,minibatch_k64,text_pca256_lexical_w005
11560,56,minibatch_k64,text_pca256_lexical_w005
11561,56,minibatch_k64,text_pca256_lexical_w005
11562,56,minibatch_k64,text_pca256_lexical_w005
11563,33,minibatch_k64,text_pca256_lexical_w005
11564,56,minibatch_k64,text_pca256_lexical_w005
11565,56,minibatch_k64,text_pca256_lexical_w005
11566,56,minibatch_k64,text_pca256_lexical_w005
11567,56,minibatch_k64,text_pca256_lexical_w005
11568,56,minibatch_k64,text_pca256_lexical_w005
11569,56,minibatch_k64,text_pca256_lexical_w005
11570,56,minibatch_k64,text_pca256_lexical_w005
11571,8,minibatch_k64,text_pca256_lexical_w005
11572,25,minibatch_k64,text_pca256_lexical_w005
11573,56,minibatch_k64,text_pca256_lexical_w005
11574,56,minibatch_k64,text_pca256_lexical_w005
11575,38,minibatch_k64,text_pca256_lexical_w005
11576,23,minibatch_k64,text_pca256_lexical_w005
11577,55,minibatch_k64,text_pca256_lexical_w005
11578,35,minibatch_k64,text_pca256_lexical_w005
11579,10,minibatch_k64,text_pca256_lexical_w005
11580,8,minibatch_k64,text_pca256_lexical_w005
11581,56,minibatch_k64,text_pca256_lexical_w005
11582,8,minibatch_k64,text_pca256_lexical_w005
11583,56,minibatch_k64,text_pca256_lexical_w005
11584,62,minibatch_k64,text_pca256_lexical_w005
11585,33,minibatch_k64,text_pca256_lexical_w005
11586,56,minibatch_k64,text_pca256_lexical_w005
11587,58,minibatch_k64,text_pca256_lexical_w005
11588,38,minibatch_k64,text_pca256_lexical_w005
11589,0,minibatch_k64,text_pca256_lexical_w005
11590,56,minibatch_k64,text_pca256_lexical_w005
11591,48,minibatch_k64,text_pca256_lexical_w005
11592,55,minibatch_k64,text_pca256_lexical_w005
11593,54,minibatch_k64,text_pca256_lexical_w005
11594,15,minibatch_k64,text_pca256_lexical_w005
11595,0,minibatch_k64,text_pca256_lexical_w005
11596,8,minibatch_k64,text_pca256_lexical_w005
11597,56,minibatch_k64,text_pca256_lexical_w005
11598,21,minibatch_k64,text_pca256_lexical_w005
11599,25,minibatch_k64,text_pca256_lexical_w005
11600,56,minibatch_k64,text_pca256_lexical_w005
11601,2,minibatch_k64,text_pca256_lexical_w005
11602,15,minibatch_k64,text_pca256_lexical_w005
11603,56,minibatch_k64,text_pca256_lexical_w005
11604,0,minibatch_k64,text_pca256_lexical_w005
11605,5,minibatch_k64,text_pca256_lexical_w005
11606,5,minibatch_k64,text_pca256_lexical_w005
11607,0,minibatch_k64,text_pca256_lexical_w005
11608,0,minibatch_k64,text_pca256_lexical_w005
11609,56,minibatch_k64,text_pca256_lexical_w005
11610,10,minibatch_k64,text_pca256_lexical_w005
11611,56,minibatch_k64,text_pca256_lexical_w005
11612,56,minibatch_k64,text_pca256_lexical_w005
11613,53,minibatch_k64,text_pca256_lexical_w005
11614,23,minibatch_k64,text_pca256_lexical_w005
11615,10,minibatch_k64,text_pca256_lexical_w005
11616,15,minibatch_k64,text_pca256_lexical_w005
11617,21,minibatch_k64,text_pca256_lexical_w005
11618,62,minibatch_k64,text_pca256_lexical_w005
11619,56,minibatch_k64,text_pca256_lexical_w005
11620,62,minibatch_k64,text_pca256_lexical_w005
11621,8,minibatch_k64,text_pca256_lexical_w005
11622,5,minibatch_k64,text_pca256_lexical_w005
11623,8,minibatch_k64,text_pca256_lexical_w005
11624,56,minibatch_k64,text_pca256_lexical_w005
11625,56,minibatch_k64,text_pca256_lexical_w005
11626,33,minibatch_k64,text_pca256_lexical_w005
11627,56,minibatch_k64,text_pca256_lexical_w005
11628,38,minibatch_k64,text_pca256_lexical_w005
11629,58,minibatch_k64,text_pca256_lexical_w005
11630,56,minibatch_k64,text_pca256_lexical_w005
11631,55,minibatch_k64,text_pca256_lexical_w005
11632,54,minibatch_k64,text_pca256_lexical_w005
11633,56,minibatch_k64,text_pca256_lexical_w005
11634,44,minibatch_k64,text_pca256_lexical_w005
11635,56,minibatch_k64,text_pca256_lexical_w005
11636,56,minibatch_k64,text_pca256_lexical_w005
11637,44,minibatch_k64,text_pca256_lexical_w005
11638,0,minibatch_k64,text_pca256_lexical_w005
11639,56,minibatch_k64,text_pca256_lexical_w005
11640,44,minibatch_k64,text_pca256_lexical_w005
11641,44,minibatch_k64,text_pca256_lexical_w005
11642,44,minibatch_k64,text_pca256_lexical_w005
11643,44,minibatch_k64,text_pca256_lexical_w005
11644,44,minibatch_k64,text_pca256_lexical_w005
11645,44,minibatch_k64,text_pca256_lexical_w005
11646,44,minibatch_k64,text_pca256_lexical_w005
11647,44,minibatch_k64,text_pca256_lexical_w005
11648,44,minibatch_k64,text_pca256_lexical_w005
11649,25,minibatch_k64,text_pca256_lexical_w005
11650,44,minibatch_k64,text_pca256_lexical_w005
11651,44,minibatch_k64,text_pca256_lexical_w005
11652,42,minibatch_k64,text_pca256_lexical_w005
11653,56,minibatch_k64,text_pca256_lexical_w005
11654,56,minibatch_k64,text_pca256_lexical_w005
11655,59,minibatch_k64,text_pca256_lexical_w005
11656,39,minibatch_k64,text_pca256_lexical_w005
11657,56,minibatch_k64,text_pca256_lexical_w005
11658,15,minibatch_k64,text_pca256_lexical_w005
11659,62,minibatch_k64,text_pca256_lexical_w005
11660,56,minibatch_k64,text_pca256_lexical_w005
11661,56,minibatch_k64,text_pca256_lexical_w005
11662,56,minibatch_k64,text_pca256_lexical_w005
11663,8,minibatch_k64,text_pca256_lexical_w005
11664,23,minibatch_k64,text_pca256_lexical_w005
11665,56,minibatch_k64,text_pca256_lexical_w005
11666,25,minibatch_k64,text_pca256_lexical_w005
11667,20,minibatch_k64,text_pca256_lexical_w005
11668,56,minibatch_k64,text_pca256_lexical_w005
11669,56,minibatch_k64,text_pca256_lexical_w005
11670,33,minibatch_k64,text_pca256_lexical_w005
11671,38,minibatch_k64,text_pca256_lexical_w005
11672,55,minibatch_k64,text_pca256_lexical_w005
11673,56,minibatch_k64,text_pca256_lexical_w005
11674,53,minibatch_k64,text_pca256_lexical_w005
11675,56,minibatch_k64,text_pca256_lexical_w005
11676,56,minibatch_k64,text_pca256_lexical_w005
11677,56,minibatch_k64,text_pca256_lexical_w005
11678,25,minibatch_k64,text_pca256_lexical_w005
11679,62,minibatch_k64,text_pca256_lexical_w005
11680,56,minibatch_k64,text_pca256_lexical_w005
11681,21,minibatch_k64,text_pca256_lexical_w005
11682,38,minibatch_k64,text_pca256_lexical_w005
11683,58,minibatch_k64,text_pca256_lexical_w005
11684,56,minibatch_k64,text_pca256_lexical_w005
11685,59,minibatch_k64,text_pca256_lexical_w005
11686,55,minibatch_k64,text_pca256_lexical_w005
11687,35,minibatch_k64,text_pca256_lexical_w005
11688,8,minibatch_k64,text_pca256_lexical_w005
11689,56,minibatch_k64,text_pca256_lexical_w005
11690,33,minibatch_k64,text_pca256_lexical_w005
11691,62,minibatch_k64,text_pca256_lexical_w005
11692,21,minibatch_k64,text_pca256_lexical_w005
11693,56,minibatch_k64,text_pca256_lexical_w005
11694,39,minibatch_k64,text_pca256_lexical_w005
11695,56,minibatch_k64,text_pca256_lexical_w005
11696,59,minibatch_k64,text_pca256_lexical_w005
11697,56,minibatch_k64,text_pca256_lexical_w005
11698,38,minibatch_k64,text_pca256_lexical_w005
11699,55,minibatch_k64,text_pca256_lexical_w005
11700,35,minibatch_k64,text_pca256_lexical_w005
11701,62,minibatch_k64,text_pca256_lexical_w005
11702,56,minibatch_k64,text_pca256_lexical_w005
11703,38,minibatch_k64,text_pca256_lexical_w005
11704,23,minibatch_k64,text_pca256_lexical_w005
11705,55,minibatch_k64,text_pca256_lexical_w005
11706,35,minibatch_k64,text_pca256_lexical_w005
11707,8,minibatch_k64,text_pca256_lexical_w005
11708,25,minibatch_k64,text_pca256_lexical_w005
11709,56,minibatch_k64,text_pca256_lexical_w005
11710,0,minibatch_k64,text_pca256_lexical_w005
11711,0,minibatch_k64,text_pca256_lexical_w005
11712,56,minibatch_k64,text_pca256_lexical_w005
11713,8,minibatch_k64,text_pca256_lexical_w005
11714,56,minibatch_k64,text_pca256_lexical_w005
11715,56,minibatch_k64,text_pca256_lexical_w005
11716,56,minibatch_k64,text_pca256_lexical_w005
11717,25,minibatch_k64,text_pca256_lexical_w005
11718,38,minibatch_k64,text_pca256_lexical_w005
11719,45,minibatch_k64,text_pca256_lexical_w005
11720,35,minibatch_k64,text_pca256_lexical_w005
11721,56,minibatch_k64,text_pca256_lexical_w005
11722,53,minibatch_k64,text_pca256_lexical_w005
11723,56,minibatch_k64,text_pca256_lexical_w005
11724,56,minibatch_k64,text_pca256_lexical_w005
11725,39,minibatch_k64,text_pca256_lexical_w005
11726,62,minibatch_k64,text_pca256_lexical_w005
11727,25,minibatch_k64,text_pca256_lexical_w005
11728,33,minibatch_k64,text_pca256_lexical_w005
11729,56,minibatch_k64,text_pca256_lexical_w005
11730,38,minibatch_k64,text_pca256_lexical_w005
11731,8,minibatch_k64,text_pca256_lexical_w005
11732,55,minibatch_k64,text_pca256_lexical_w005
11733,35,minibatch_k64,text_pca256_lexical_w005
11734,10,minibatch_k64,text_pca256_lexical_w005
11735,59,minibatch_k64,text_pca256_lexical_w005
11736,56,minibatch_k64,text_pca256_lexical_w005
11737,39,minibatch_k64,text_pca256_lexical_w005
11738,56,minibatch_k64,text_pca256_lexical_w005
11739,42,minibatch_k64,text_pca256_lexical_w005
11740,56,minibatch_k64,text_pca256_lexical_w005
11741,38,minibatch_k64,text_pca256_lexical_w005
11742,21,minibatch_k64,text_pca256_lexical_w005
11743,55,minibatch_k64,text_pca256_lexical_w005
11744,13,minibatch_k64,text_pca256_lexical_w005
11745,62,minibatch_k64,text_pca256_lexical_w005
11746,45,minibatch_k64,text_pca256_lexical_w005
11747,25,minibatch_k64,text_pca256_lexical_w005
11748,15,minibatch_k64,text_pca256_lexical_w005
11749,42,minibatch_k64,text_pca256_lexical_w005
11750,27,minibatch_k64,text_pca256_lexical_w005
11751,0,minibatch_k64,text_pca256_lexical_w005
11752,56,minibatch_k64,text_pca256_lexical_w005
11753,56,minibatch_k64,text_pca256_lexical_w005
11754,0,minibatch_k64,text_pca256_lexical_w005
11755,33,minibatch_k64,text_pca256_lexical_w005
11756,39,minibatch_k64,text_pca256_lexical_w005
11757,4,minibatch_k64,text_pca256_lexical_w005
11758,15,minibatch_k64,text_pca256_lexical_w005
11759,62,minibatch_k64,text_pca256_lexical_w005
11760,18,minibatch_k64,text_pca256_lexical_w005
11761,0,minibatch_k64,text_pca256_lexical_w005
11762,56,minibatch_k64,text_pca256_lexical_w005
11763,0,minibatch_k64,text_pca256_lexical_w005
11764,45,minibatch_k64,text_pca256_lexical_w005
11765,45,minibatch_k64,text_pca256_lexical_w005
11766,45,minibatch_k64,text_pca256_lexical_w005
11767,45,minibatch_k64,text_pca256_lexical_w005
11768,45,minibatch_k64,text_pca256_lexical_w005
11769,18,minibatch_k64,text_pca256_lexical_w005
11770,33,minibatch_k64,text_pca256_lexical_w005
11771,0,minibatch_k64,text_pca256_lexical_w005
11772,45,minibatch_k64,text_pca256_lexical_w005
11773,59,minibatch_k64,text_pca256_lexical_w005
11774,59,minibatch_k64,text_pca256_lexical_w005
11775,15,minibatch_k64,text_pca256_lexical_w005
11776,41,minibatch_k64,text_pca256_lexical_w005
11777,41,minibatch_k64,text_pca256_lexical_w005
11778,41,minibatch_k64,text_pca256_lexical_w005
11779,56,minibatch_k64,text_pca256_lexical_w005
11780,33,minibatch_k64,text_pca256_lexical_w005
11781,8,minibatch_k64,text_pca256_lexical_w005
11782,8,minibatch_k64,text_pca256_lexical_w005
11783,8,minibatch_k64,text_pca256_lexical_w005
11784,0,minibatch_k64,text_pca256_lexical_w005
11785,21,minibatch_k64,text_pca256_lexical_w005
11786,56,minibatch_k64,text_pca256_lexical_w005
11787,59,minibatch_k64,text_pca256_lexical_w005
11788,6,minibatch_k64,text_pca256_lexical_w005
11789,59,minibatch_k64,text_pca256_lexical_w005
11790,59,minibatch_k64,text_pca256_lexical_w005
11791,59,minibatch_k64,text_pca256_lexical_w005
11792,59,minibatch_k64,text_pca256_lexical_w005
11793,56,minibatch_k64,text_pca256_lexical_w005
11794,56,minibatch_k64,text_pca256_lexical_w005
11795,33,minibatch_k64,text_pca256_lexical_w005
11796,56,minibatch_k64,text_pca256_lexical_w005
11797,6,minibatch_k64,text_pca256_lexical_w005
11798,56,minibatch_k64,text_pca256_lexical_w005
11799,21,minibatch_k64,text_pca256_lexical_w005
11800,59,minibatch_k64,text_pca256_lexical_w005
11801,0,minibatch_k64,text_pca256_lexical_w005
11802,8,minibatch_k64,text_pca256_lexical_w005
11803,6,minibatch_k64,text_pca256_lexical_w005
11804,6,minibatch_k64,text_pca256_lexical_w005
11805,56,minibatch_k64,text_pca256_lexical_w005
11806,59,minibatch_k64,text_pca256_lexical_w005
11807,6,minibatch_k64,text_pca256_lexical_w005
11808,10,minibatch_k64,text_pca256_lexical_w005
11809,42,minibatch_k64,text_pca256_lexical_w005
11810,42,minibatch_k64,text_pca256_lexical_w005
11811,56,minibatch_k64,text_pca256_lexical_w005
11812,0,minibatch_k64,text_pca256_lexical_w005
11813,33,minibatch_k64,text_pca256_lexical_w005
11814,59,minibatch_k64,text_pca256_lexical_w005
11815,0,minibatch_k64,text_pca256_lexical_w005
11816,33,minibatch_k64,text_pca256_lexical_w005
11817,33,minibatch_k64,text_pca256_lexical_w005
11818,42,minibatch_k64,text_pca256_lexical_w005
11819,56,minibatch_k64,text_pca256_lexical_w005
11820,59,minibatch_k64,text_pca256_lexical_w005
11821,34,minibatch_k64,text_pca256_lexical_w005
11822,0,minibatch_k64,text_pca256_lexical_w005
11823,56,minibatch_k64,text_pca256_lexical_w005
11824,56,minibatch_k64,text_pca256_lexical_w005
11825,59,minibatch_k64,text_pca256_lexical_w005
11826,59,minibatch_k64,text_pca256_lexical_w005
11827,56,minibatch_k64,text_pca256_lexical_w005
11828,0,minibatch_k64,text_pca256_lexical_w005
11829,53,minibatch_k64,text_pca256_lexical_w005
11830,48,minibatch_k64,text_pca256_lexical_w005
11831,10,minibatch_k64,text_pca256_lexical_w005
11832,5,minibatch_k64,text_pca256_lexical_w005
11833,15,minibatch_k64,text_pca256_lexical_w005
11834,39,minibatch_k64,text_pca256_lexical_w005
11835,45,minibatch_k64,text_pca256_lexical_w005
11836,45,minibatch_k64,text_pca256_lexical_w005
11837,45,minibatch_k64,text_pca256_lexical_w005
11838,45,minibatch_k64,text_pca256_lexical_w005
11839,4,minibatch_k64,text_pca256_lexical_w005
11840,45,minibatch_k64,text_pca256_lexical_w005
11841,23,minibatch_k64,text_pca256_lexical_w005
11842,45,minibatch_k64,text_pca256_lexical_w005
11843,0,minibatch_k64,text_pca256_lexical_w005
11844,33,minibatch_k64,text_pca256_lexical_w005
11845,23,minibatch_k64,text_pca256_lexical_w005
11846,23,minibatch_k64,text_pca256_lexical_w005
11847,62,minibatch_k64,text_pca256_lexical_w005
11848,0,minibatch_k64,text_pca256_lexical_w005
11849,0,minibatch_k64,text_pca256_lexical_w005
11850,62,minibatch_k64,text_pca256_lexical_w005
11851,21,minibatch_k64,text_pca256_lexical_w005
11852,62,minibatch_k64,text_pca256_lexical_w005
11853,62,minibatch_k64,text_pca256_lexical_w005
11854,21,minibatch_k64,text_pca256_lexical_w005
11855,21,minibatch_k64,text_pca256_lexical_w005
11856,5,minibatch_k64,text_pca256_lexical_w005
11857,8,minibatch_k64,text_pca256_lexical_w005
11858,0,minibatch_k64,text_pca256_lexical_w005
11859,0,minibatch_k64,text_pca256_lexical_w005
11860,38,minibatch_k64,text_pca256_lexical_w005
11861,58,minibatch_k64,text_pca256_lexical_w005
11862,15,minibatch_k64,text_pca256_lexical_w005
11863,45,minibatch_k64,text_pca256_lexical_w005
11864,23,minibatch_k64,text_pca256_lexical_w005
11865,25,minibatch_k64,text_pca256_lexical_w005
11866,55,minibatch_k64,text_pca256_lexical_w005
11867,54,minibatch_k64,text_pca256_lexical_w005
11868,0,minibatch_k64,text_pca256_lexical_w005
11869,8,minibatch_k64,text_pca256_lexical_w005
11870,62,minibatch_k64,text_pca256_lexical_w005
11871,15,minibatch_k64,text_pca256_lexical_w005
11872,15,minibatch_k64,text_pca256_lexical_w005
11873,8,minibatch_k64,text_pca256_lexical_w005
11874,0,minibatch_k64,text_pca256_lexical_w005
11875,62,minibatch_k64,text_pca256_lexical_w005
11876,62,minibatch_k64,text_pca256_lexical_w005
11877,62,minibatch_k64,text_pca256_lexical_w005
11878,0,minibatch_k64,text_pca256_lexical_w005
11879,29,minibatch_k64,text_pca256_lexical_w005
11880,15,minibatch_k64,text_pca256_lexical_w005
11881,29,minibatch_k64,text_pca256_lexical_w005
11882,62,minibatch_k64,text_pca256_lexical_w005
11883,10,minibatch_k64,text_pca256_lexical_w005
11884,29,minibatch_k64,text_pca256_lexical_w005
11885,42,minibatch_k64,text_pca256_lexical_w005
11886,2,minibatch_k64,text_pca256_lexical_w005
11887,25,minibatch_k64,text_pca256_lexical_w005
11888,38,minibatch_k64,text_pca256_lexical_w005
11889,15,minibatch_k64,text_pca256_lexical_w005
11890,15,minibatch_k64,text_pca256_lexical_w005
11891,45,minibatch_k64,text_pca256_lexical_w005
11892,58,minibatch_k64,text_pca256_lexical_w005
11893,55,minibatch_k64,text_pca256_lexical_w005
11894,45,minibatch_k64,text_pca256_lexical_w005
11895,4,minibatch_k64,text_pca256_lexical_w005
11896,62,minibatch_k64,text_pca256_lexical_w005
11897,4,minibatch_k64,text_pca256_lexical_w005
11898,4,minibatch_k64,text_pca256_lexical_w005
11899,4,minibatch_k64,text_pca256_lexical_w005
11900,62,minibatch_k64,text_pca256_lexical_w005
11901,33,minibatch_k64,text_pca256_lexical_w005
11902,62,minibatch_k64,text_pca256_lexical_w005
11903,62,minibatch_k64,text_pca256_lexical_w005
11904,38,minibatch_k64,text_pca256_lexical_w005
11905,25,minibatch_k64,text_pca256_lexical_w005
11906,45,minibatch_k64,text_pca256_lexical_w005
11907,45,minibatch_k64,text_pca256_lexical_w005
11908,45,minibatch_k64,text_pca256_lexical_w005
11909,55,minibatch_k64,text_pca256_lexical_w005
11910,45,minibatch_k64,text_pca256_lexical_w005
11911,5,minibatch_k64,text_pca256_lexical_w005
11912,62,minibatch_k64,text_pca256_lexical_w005
11913,62,minibatch_k64,text_pca256_lexical_w005
11914,8,minibatch_k64,text_pca256_lexical_w005
11915,62,minibatch_k64,text_pca256_lexical_w005
11916,25,minibatch_k64,text_pca256_lexical_w005
11917,38,minibatch_k64,text_pca256_lexical_w005
11918,58,minibatch_k64,text_pca256_lexical_w005
11919,59,minibatch_k64,text_pca256_lexical_w005
11920,55,minibatch_k64,text_pca256_lexical_w005
11921,56,minibatch_k64,text_pca256_lexical_w005
11922,23,minibatch_k64,text_pca256_lexical_w005
11923,62,minibatch_k64,text_pca256_lexical_w005
11924,47,minibatch_k64,text_pca256_lexical_w005
11925,15,minibatch_k64,text_pca256_lexical_w005
11926,38,minibatch_k64,text_pca256_lexical_w005
11927,25,minibatch_k64,text_pca256_lexical_w005
11928,10,minibatch_k64,text_pca256_lexical_w005
11929,62,minibatch_k64,text_pca256_lexical_w005
11930,58,minibatch_k64,text_pca256_lexical_w005
11931,45,minibatch_k64,text_pca256_lexical_w005
11932,45,minibatch_k64,text_pca256_lexical_w005
11933,55,minibatch_k64,text_pca256_lexical_w005
11934,13,minibatch_k64,text_pca256_lexical_w005
11935,4,minibatch_k64,text_pca256_lexical_w005
11936,25,minibatch_k64,text_pca256_lexical_w005
11937,58,minibatch_k64,text_pca256_lexical_w005
11938,38,minibatch_k64,text_pca256_lexical_w005
11939,40,minibatch_k64,text_pca256_lexical_w005
11940,45,minibatch_k64,text_pca256_lexical_w005
11941,55,minibatch_k64,text_pca256_lexical_w005
11942,13,minibatch_k64,text_pca256_lexical_w005
11943,42,minibatch_k64,text_pca256_lexical_w005
11944,0,minibatch_k64,text_pca256_lexical_w005
11945,0,minibatch_k64,text_pca256_lexical_w005
11946,15,minibatch_k64,text_pca256_lexical_w005
11947,0,minibatch_k64,text_pca256_lexical_w005
11948,8,minibatch_k64,text_pca256_lexical_w005
11949,39,minibatch_k64,text_pca256_lexical_w005
11950,0,minibatch_k64,text_pca256_lexical_w005
11951,23,minibatch_k64,text_pca256_lexical_w005
11952,15,minibatch_k64,text_pca256_lexical_w005
11953,29,minibatch_k64,text_pca256_lexical_w005
11954,0,minibatch_k64,text_pca256_lexical_w005
11955,29,minibatch_k64,text_pca256_lexical_w005
11956,21,minibatch_k64,text_pca256_lexical_w005
11957,29,minibatch_k64,text_pca256_lexical_w005
11958,0,minibatch_k64,text_pca256_lexical_w005
11959,45,minibatch_k64,text_pca256_lexical_w005
11960,29,minibatch_k64,text_pca256_lexical_w005
11961,29,minibatch_k64,text_pca256_lexical_w005
11962,29,minibatch_k64,text_pca256_lexical_w005
11963,62,minibatch_k64,text_pca256_lexical_w005
11964,38,minibatch_k64,text_pca256_lexical_w005
11965,25,minibatch_k64,text_pca256_lexical_w005
11966,58,minibatch_k64,text_pca256_lexical_w005
11967,55,minibatch_k64,text_pca256_lexical_w005
11968,13,minibatch_k64,text_pca256_lexical_w005
11969,29,minibatch_k64,text_pca256_lexical_w005
11970,39,minibatch_k64,text_pca256_lexical_w005
11971,62,minibatch_k64,text_pca256_lexical_w005
11972,45,minibatch_k64,text_pca256_lexical_w005
11973,0,minibatch_k64,text_pca256_lexical_w005
11974,29,minibatch_k64,text_pca256_lexical_w005
11975,45,minibatch_k64,text_pca256_lexical_w005
11976,21,minibatch_k64,text_pca256_lexical_w005
11977,39,minibatch_k64,text_pca256_lexical_w005
11978,0,minibatch_k64,text_pca256_lexical_w005
11979,38,minibatch_k64,text_pca256_lexical_w005
11980,40,minibatch_k64,text_pca256_lexical_w005
11981,58,minibatch_k64,text_pca256_lexical_w005
11982,59,minibatch_k64,text_pca256_lexical_w005
11983,25,minibatch_k64,text_pca256_lexical_w005
11984,55,minibatch_k64,text_pca256_lexical_w005
11985,22,minibatch_k64,text_pca256_lexical_w005
11986,18,minibatch_k64,text_pca256_lexical_w005
11987,4,minibatch_k64,text_pca256_lexical_w005
11988,23,minibatch_k64,text_pca256_lexical_w005
11989,45,minibatch_k64,text_pca256_lexical_w005
11990,23,minibatch_k64,text_pca256_lexical_w005
11991,0,minibatch_k64,text_pca256_lexical_w005
11992,5,minibatch_k64,text_pca256_lexical_w005
11993,10,minibatch_k64,text_pca256_lexical_w005
11994,33,minibatch_k64,text_pca256_lexical_w005
11995,29,minibatch_k64,text_pca256_lexical_w005
11996,0,minibatch_k64,text_pca256_lexical_w005
11997,45,minibatch_k64,text_pca256_lexical_w005
11998,10,minibatch_k64,text_pca256_lexical_w005
11999,29,minibatch_k64,text_pca256_lexical_w005
12000,45,minibatch_k64,text_pca256_lexical_w005
12001,4,minibatch_k64,text_pca256_lexical_w005
12002,45,minibatch_k64,text_pca256_lexical_w005
12003,33,minibatch_k64,text_pca256_lexical_w005
12004,0,minibatch_k64,text_pca256_lexical_w005
12005,62,minibatch_k64,text_pca256_lexical_w005
12006,29,minibatch_k64,text_pca256_lexical_w005
12007,29,minibatch_k64,text_pca256_lexical_w005
12008,62,minibatch_k64,text_pca256_lexical_w005
12009,45,minibatch_k64,text_pca256_lexical_w005
12010,29,minibatch_k64,text_pca256_lexical_w005
12011,23,minibatch_k64,text_pca256_lexical_w005
12012,33,minibatch_k64,text_pca256_lexical_w005
12013,15,minibatch_k64,text_pca256_lexical_w005
12014,8,minibatch_k64,text_pca256_lexical_w005
12015,10,minibatch_k64,text_pca256_lexical_w005
12016,62,minibatch_k64,text_pca256_lexical_w005
12017,45,minibatch_k64,text_pca256_lexical_w005
12018,0,minibatch_k64,text_pca256_lexical_w005
12019,0,minibatch_k64,text_pca256_lexical_w005
12020,5,minibatch_k64,text_pca256_lexical_w005
12021,62,minibatch_k64,text_pca256_lexical_w005
12022,62,minibatch_k64,text_pca256_lexical_w005
12023,45,minibatch_k64,text_pca256_lexical_w005
12024,0,minibatch_k64,text_pca256_lexical_w005
12025,61,minibatch_k64,text_pca256_lexical_w005
12026,45,minibatch_k64,text_pca256_lexical_w005
12027,45,minibatch_k64,text_pca256_lexical_w005
12028,29,minibatch_k64,text_pca256_lexical_w005
12029,47,minibatch_k64,text_pca256_lexical_w005
12030,38,minibatch_k64,text_pca256_lexical_w005
12031,40,minibatch_k64,text_pca256_lexical_w005
12032,58,minibatch_k64,text_pca256_lexical_w005
12033,59,minibatch_k64,text_pca256_lexical_w005
12034,55,minibatch_k64,text_pca256_lexical_w005
12035,22,minibatch_k64,text_pca256_lexical_w005
12036,0,minibatch_k64,text_pca256_lexical_w005
12037,0,minibatch_k64,text_pca256_lexical_w005
12038,45,minibatch_k64,text_pca256_lexical_w005
12039,45,minibatch_k64,text_pca256_lexical_w005
12040,8,minibatch_k64,text_pca256_lexical_w005
12041,42,minibatch_k64,text_pca256_lexical_w005
12042,56,minibatch_k64,text_pca256_lexical_w005
12043,58,minibatch_k64,text_pca256_lexical_w005
12044,8,minibatch_k64,text_pca256_lexical_w005
12045,32,minibatch_k64,text_pca256_lexical_w005
12046,40,minibatch_k64,text_pca256_lexical_w005
12047,58,minibatch_k64,text_pca256_lexical_w005
12048,40,minibatch_k64,text_pca256_lexical_w005
12049,38,minibatch_k64,text_pca256_lexical_w005
12050,58,minibatch_k64,text_pca256_lexical_w005
12051,45,minibatch_k64,text_pca256_lexical_w005
12052,55,minibatch_k64,text_pca256_lexical_w005
12053,13,minibatch_k64,text_pca256_lexical_w005
12054,62,minibatch_k64,text_pca256_lexical_w005
12055,15,minibatch_k64,text_pca256_lexical_w005
12056,0,minibatch_k64,text_pca256_lexical_w005
12057,33,minibatch_k64,text_pca256_lexical_w005
12058,38,minibatch_k64,text_pca256_lexical_w005
12059,56,minibatch_k64,text_pca256_lexical_w005
12060,62,minibatch_k64,text_pca256_lexical_w005
12061,2,minibatch_k64,text_pca256_lexical_w005
12062,0,minibatch_k64,text_pca256_lexical_w005
12063,21,minibatch_k64,text_pca256_lexical_w005
12064,2,minibatch_k64,text_pca256_lexical_w005
12065,38,minibatch_k64,text_pca256_lexical_w005
12066,36,minibatch_k64,text_pca256_lexical_w005
12067,59,minibatch_k64,text_pca256_lexical_w005
12068,55,minibatch_k64,text_pca256_lexical_w005
12069,22,minibatch_k64,text_pca256_lexical_w005
12070,42,minibatch_k64,text_pca256_lexical_w005
12071,8,minibatch_k64,text_pca256_lexical_w005
12072,45,minibatch_k64,text_pca256_lexical_w005
12073,23,minibatch_k64,text_pca256_lexical_w005
12074,10,minibatch_k64,text_pca256_lexical_w005
12075,8,minibatch_k64,text_pca256_lexical_w005
12076,62,minibatch_k64,text_pca256_lexical_w005
12077,8,minibatch_k64,text_pca256_lexical_w005
12078,42,minibatch_k64,text_pca256_lexical_w005
12079,53,minibatch_k64,text_pca256_lexical_w005
12080,2,minibatch_k64,text_pca256_lexical_w005
12081,10,minibatch_k64,text_pca256_lexical_w005
12082,47,minibatch_k64,text_pca256_lexical_w005
12083,47,minibatch_k64,text_pca256_lexical_w005
12084,0,minibatch_k64,text_pca256_lexical_w005
12085,2,minibatch_k64,text_pca256_lexical_w005
12086,56,minibatch_k64,text_pca256_lexical_w005
12087,53,minibatch_k64,text_pca256_lexical_w005
12088,8,minibatch_k64,text_pca256_lexical_w005
12089,0,minibatch_k64,text_pca256_lexical_w005
12090,8,minibatch_k64,text_pca256_lexical_w005
12091,8,minibatch_k64,text_pca256_lexical_w005
12092,42,minibatch_k64,text_pca256_lexical_w005
12093,4,minibatch_k64,text_pca256_lexical_w005
12094,2,minibatch_k64,text_pca256_lexical_w005
12095,62,minibatch_k64,text_pca256_lexical_w005
12096,45,minibatch_k64,text_pca256_lexical_w005
12097,0,minibatch_k64,text_pca256_lexical_w005
12098,2,minibatch_k64,text_pca256_lexical_w005
12099,2,minibatch_k64,text_pca256_lexical_w005
12100,10,minibatch_k64,text_pca256_lexical_w005
12101,8,minibatch_k64,text_pca256_lexical_w005
12102,0,minibatch_k64,text_pca256_lexical_w005
12103,23,minibatch_k64,text_pca256_lexical_w005
12104,8,minibatch_k64,text_pca256_lexical_w005
12105,0,minibatch_k64,text_pca256_lexical_w005
12106,0,minibatch_k64,text_pca256_lexical_w005
12107,59,minibatch_k64,text_pca256_lexical_w005
12108,39,minibatch_k64,text_pca256_lexical_w005
12109,0,minibatch_k64,text_pca256_lexical_w005
12110,8,minibatch_k64,text_pca256_lexical_w005
12111,45,minibatch_k64,text_pca256_lexical_w005
12112,47,minibatch_k64,text_pca256_lexical_w005
12113,62,minibatch_k64,text_pca256_lexical_w005
12114,45,minibatch_k64,text_pca256_lexical_w005
12115,62,minibatch_k64,text_pca256_lexical_w005
12116,0,minibatch_k64,text_pca256_lexical_w005
12117,20,minibatch_k64,text_pca256_lexical_w005
12118,42,minibatch_k64,text_pca256_lexical_w005
12119,47,minibatch_k64,text_pca256_lexical_w005
12120,18,minibatch_k64,text_pca256_lexical_w005
12121,38,minibatch_k64,text_pca256_lexical_w005
12122,36,minibatch_k64,text_pca256_lexical_w005
12123,10,minibatch_k64,text_pca256_lexical_w005
12124,55,minibatch_k64,text_pca256_lexical_w005
12125,22,minibatch_k64,text_pca256_lexical_w005
12126,10,minibatch_k64,text_pca256_lexical_w005
12127,18,minibatch_k64,text_pca256_lexical_w005
12128,62,minibatch_k64,text_pca256_lexical_w005
12129,62,minibatch_k64,text_pca256_lexical_w005
12130,45,minibatch_k64,text_pca256_lexical_w005
12131,45,minibatch_k64,text_pca256_lexical_w005
12132,45,minibatch_k64,text_pca256_lexical_w005
12133,38,minibatch_k64,text_pca256_lexical_w005
12134,45,minibatch_k64,text_pca256_lexical_w005
12135,36,minibatch_k64,text_pca256_lexical_w005
12136,55,minibatch_k64,text_pca256_lexical_w005
12137,22,minibatch_k64,text_pca256_lexical_w005
12138,38,minibatch_k64,text_pca256_lexical_w005
12139,36,minibatch_k64,text_pca256_lexical_w005
12140,59,minibatch_k64,text_pca256_lexical_w005
12141,55,minibatch_k64,text_pca256_lexical_w005
12142,22,minibatch_k64,text_pca256_lexical_w005
12143,39,minibatch_k64,text_pca256_lexical_w005
12144,10,minibatch_k64,text_pca256_lexical_w005
12145,53,minibatch_k64,text_pca256_lexical_w005
12146,27,minibatch_k64,text_pca256_lexical_w005
12147,45,minibatch_k64,text_pca256_lexical_w005
12148,27,minibatch_k64,text_pca256_lexical_w005
12149,27,minibatch_k64,text_pca256_lexical_w005
12150,27,minibatch_k64,text_pca256_lexical_w005
12151,45,minibatch_k64,text_pca256_lexical_w005
12152,27,minibatch_k64,text_pca256_lexical_w005
12153,18,minibatch_k64,text_pca256_lexical_w005
12154,10,minibatch_k64,text_pca256_lexical_w005
12155,27,minibatch_k64,text_pca256_lexical_w005
12156,27,minibatch_k64,text_pca256_lexical_w005
12157,59,minibatch_k64,text_pca256_lexical_w005
12158,0,minibatch_k64,text_pca256_lexical_w005
12159,27,minibatch_k64,text_pca256_lexical_w005
12160,33,minibatch_k64,text_pca256_lexical_w005
12161,62,minibatch_k64,text_pca256_lexical_w005
12162,27,minibatch_k64,text_pca256_lexical_w005
12163,27,minibatch_k64,text_pca256_lexical_w005
12164,8,minibatch_k64,text_pca256_lexical_w005
12165,27,minibatch_k64,text_pca256_lexical_w005
12166,45,minibatch_k64,text_pca256_lexical_w005
12167,27,minibatch_k64,text_pca256_lexical_w005
12168,27,minibatch_k64,text_pca256_lexical_w005
12169,45,minibatch_k64,text_pca256_lexical_w005
12170,18,minibatch_k64,text_pca256_lexical_w005
12171,45,minibatch_k64,text_pca256_lexical_w005
12172,45,minibatch_k64,text_pca256_lexical_w005
12173,10,minibatch_k64,text_pca256_lexical_w005
12174,59,minibatch_k64,text_pca256_lexical_w005
12175,0,minibatch_k64,text_pca256_lexical_w005
12176,59,minibatch_k64,text_pca256_lexical_w005
12177,53,minibatch_k64,text_pca256_lexical_w005
12178,18,minibatch_k64,text_pca256_lexical_w005
12179,45,minibatch_k64,text_pca256_lexical_w005
12180,45,minibatch_k64,text_pca256_lexical_w005
12181,45,minibatch_k64,text_pca256_lexical_w005
12182,18,minibatch_k64,text_pca256_lexical_w005
12183,45,minibatch_k64,text_pca256_lexical_w005
12184,4,minibatch_k64,text_pca256_lexical_w005
12185,45,minibatch_k64,text_pca256_lexical_w005
12186,33,minibatch_k64,text_pca256_lexical_w005
12187,45,minibatch_k64,text_pca256_lexical_w005
12188,62,minibatch_k64,text_pca256_lexical_w005
12189,59,minibatch_k64,text_pca256_lexical_w005
12190,59,minibatch_k64,text_pca256_lexical_w005
12191,45,minibatch_k64,text_pca256_lexical_w005
12192,15,minibatch_k64,text_pca256_lexical_w005
12193,45,minibatch_k64,text_pca256_lexical_w005
12194,2,minibatch_k64,text_pca256_lexical_w005
12195,8,minibatch_k64,text_pca256_lexical_w005
12196,8,minibatch_k64,text_pca256_lexical_w005
12197,0,minibatch_k64,text_pca256_lexical_w005
12198,45,minibatch_k64,text_pca256_lexical_w005
12199,45,minibatch_k64,text_pca256_lexical_w005
12200,45,minibatch_k64,text_pca256_lexical_w005
12201,45,minibatch_k64,text_pca256_lexical_w005
12202,45,minibatch_k64,text_pca256_lexical_w005
12203,18,minibatch_k64,text_pca256_lexical_w005
12204,45,minibatch_k64,text_pca256_lexical_w005
12205,18,minibatch_k64,text_pca256_lexical_w005
12206,8,minibatch_k64,text_pca256_lexical_w005
12207,41,minibatch_k64,text_pca256_lexical_w005
12208,41,minibatch_k64,text_pca256_lexical_w005
12209,41,minibatch_k64,text_pca256_lexical_w005
12210,41,minibatch_k64,text_pca256_lexical_w005
12211,45,minibatch_k64,text_pca256_lexical_w005
12212,45,minibatch_k64,text_pca256_lexical_w005
12213,59,minibatch_k64,text_pca256_lexical_w005
12214,59,minibatch_k64,text_pca256_lexical_w005
12215,8,minibatch_k64,text_pca256_lexical_w005
12216,59,minibatch_k64,text_pca256_lexical_w005
12217,8,minibatch_k64,text_pca256_lexical_w005
12218,17,minibatch_k64,text_pca256_lexical_w005
12219,59,minibatch_k64,text_pca256_lexical_w005
12220,61,minibatch_k64,text_pca256_lexical_w005
12221,59,minibatch_k64,text_pca256_lexical_w005
12222,59,minibatch_k64,text_pca256_lexical_w005
12223,62,minibatch_k64,text_pca256_lexical_w005
12224,45,minibatch_k64,text_pca256_lexical_w005
12225,59,minibatch_k64,text_pca256_lexical_w005
12226,10,minibatch_k64,text_pca256_lexical_w005
12227,10,minibatch_k64,text_pca256_lexical_w005
12228,33,minibatch_k64,text_pca256_lexical_w005
12229,33,minibatch_k64,text_pca256_lexical_w005
12230,62,minibatch_k64,text_pca256_lexical_w005
12231,10,minibatch_k64,text_pca256_lexical_w005
12232,62,minibatch_k64,text_pca256_lexical_w005
12233,41,minibatch_k64,text_pca256_lexical_w005
12234,62,minibatch_k64,text_pca256_lexical_w005
12235,62,minibatch_k64,text_pca256_lexical_w005
12236,21,minibatch_k64,text_pca256_lexical_w005
12237,8,minibatch_k64,text_pca256_lexical_w005
12238,0,minibatch_k64,text_pca256_lexical_w005
12239,10,minibatch_k64,text_pca256_lexical_w005
12240,62,minibatch_k64,text_pca256_lexical_w005
12241,7,minibatch_k64,text_pca256_lexical_w005
12242,7,minibatch_k64,text_pca256_lexical_w005
12243,10,minibatch_k64,text_pca256_lexical_w005
12244,21,minibatch_k64,text_pca256_lexical_w005
12245,8,minibatch_k64,text_pca256_lexical_w005
12246,21,minibatch_k64,text_pca256_lexical_w005
12247,21,minibatch_k64,text_pca256_lexical_w005
12248,21,minibatch_k64,text_pca256_lexical_w005
12249,42,minibatch_k64,text_pca256_lexical_w005
12250,59,minibatch_k64,text_pca256_lexical_w005
12251,39,minibatch_k64,text_pca256_lexical_w005
12252,0,minibatch_k64,text_pca256_lexical_w005
12253,42,minibatch_k64,text_pca256_lexical_w005
12254,59,minibatch_k64,text_pca256_lexical_w005
12255,59,minibatch_k64,text_pca256_lexical_w005
12256,59,minibatch_k64,text_pca256_lexical_w005
12257,42,minibatch_k64,text_pca256_lexical_w005
12258,21,minibatch_k64,text_pca256_lexical_w005
12259,0,minibatch_k64,text_pca256_lexical_w005
12260,21,minibatch_k64,text_pca256_lexical_w005
12261,23,minibatch_k64,text_pca256_lexical_w005
12262,10,minibatch_k64,text_pca256_lexical_w005
12263,8,minibatch_k64,text_pca256_lexical_w005
12264,0,minibatch_k64,text_pca256_lexical_w005
12265,42,minibatch_k64,text_pca256_lexical_w005
12266,14,minibatch_k64,text_pca256_lexical_w005
12267,62,minibatch_k64,text_pca256_lexical_w005
12268,23,minibatch_k64,text_pca256_lexical_w005
12269,15,minibatch_k64,text_pca256_lexical_w005
12270,0,minibatch_k64,text_pca256_lexical_w005
12271,15,minibatch_k64,text_pca256_lexical_w005
12272,8,minibatch_k64,text_pca256_lexical_w005
12273,10,minibatch_k64,text_pca256_lexical_w005
12274,8,minibatch_k64,text_pca256_lexical_w005
12275,0,minibatch_k64,text_pca256_lexical_w005
12276,8,minibatch_k64,text_pca256_lexical_w005
12277,39,minibatch_k64,text_pca256_lexical_w005
12278,33,minibatch_k64,text_pca256_lexical_w005
12279,25,minibatch_k64,text_pca256_lexical_w005
12280,25,minibatch_k64,text_pca256_lexical_w005
12281,25,minibatch_k64,text_pca256_lexical_w005
12282,38,minibatch_k64,text_pca256_lexical_w005
12283,45,minibatch_k64,text_pca256_lexical_w005
12284,0,minibatch_k64,text_pca256_lexical_w005
12285,12,minibatch_k64,text_pca256_lexical_w005
12286,55,minibatch_k64,text_pca256_lexical_w005
12287,54,minibatch_k64,text_pca256_lexical_w005
12288,45,minibatch_k64,text_pca256_lexical_w005
12289,62,minibatch_k64,text_pca256_lexical_w005
12290,0,minibatch_k64,text_pca256_lexical_w005
12291,21,minibatch_k64,text_pca256_lexical_w005
12292,42,minibatch_k64,text_pca256_lexical_w005
12293,47,minibatch_k64,text_pca256_lexical_w005
12294,62,minibatch_k64,text_pca256_lexical_w005
12295,21,minibatch_k64,text_pca256_lexical_w005
12296,21,minibatch_k64,text_pca256_lexical_w005
12297,33,minibatch_k64,text_pca256_lexical_w005
12298,0,minibatch_k64,text_pca256_lexical_w005
12299,8,minibatch_k64,text_pca256_lexical_w005
12300,53,minibatch_k64,text_pca256_lexical_w005
12301,8,minibatch_k64,text_pca256_lexical_w005
12302,8,minibatch_k64,text_pca256_lexical_w005
12303,0,minibatch_k64,text_pca256_lexical_w005
12304,42,minibatch_k64,text_pca256_lexical_w005
12305,39,minibatch_k64,text_pca256_lexical_w005
12306,42,minibatch_k64,text_pca256_lexical_w005
12307,0,minibatch_k64,text_pca256_lexical_w005
12308,25,minibatch_k64,text_pca256_lexical_w005
12309,2,minibatch_k64,text_pca256_lexical_w005
12310,8,minibatch_k64,text_pca256_lexical_w005
12311,59,minibatch_k64,text_pca256_lexical_w005
12312,62,minibatch_k64,text_pca256_lexical_w005
12313,42,minibatch_k64,text_pca256_lexical_w005
12314,0,minibatch_k64,text_pca256_lexical_w005
12315,59,minibatch_k64,text_pca256_lexical_w005
12316,45,minibatch_k64,text_pca256_lexical_w005
12317,10,minibatch_k64,text_pca256_lexical_w005
12318,45,minibatch_k64,text_pca256_lexical_w005
12319,45,minibatch_k64,text_pca256_lexical_w005
12320,45,minibatch_k64,text_pca256_lexical_w005
12321,45,minibatch_k64,text_pca256_lexical_w005
12322,45,minibatch_k64,text_pca256_lexical_w005
12323,8,minibatch_k64,text_pca256_lexical_w005
12324,21,minibatch_k64,text_pca256_lexical_w005
12325,38,minibatch_k64,text_pca256_lexical_w005
12326,45,minibatch_k64,text_pca256_lexical_w005
12327,33,minibatch_k64,text_pca256_lexical_w005
12328,55,minibatch_k64,text_pca256_lexical_w005
12329,54,minibatch_k64,text_pca256_lexical_w005
12330,45,minibatch_k64,text_pca256_lexical_w005
12331,0,minibatch_k64,text_pca256_lexical_w005
12332,33,minibatch_k64,text_pca256_lexical_w005
12333,33,minibatch_k64,text_pca256_lexical_w005
12334,2,minibatch_k64,text_pca256_lexical_w005
12335,0,minibatch_k64,text_pca256_lexical_w005
12336,50,minibatch_k64,text_pca256_lexical_w005
12337,33,minibatch_k64,text_pca256_lexical_w005
12338,0,minibatch_k64,text_pca256_lexical_w005
12339,0,minibatch_k64,text_pca256_lexical_w005
12340,0,minibatch_k64,text_pca256_lexical_w005
12341,59,minibatch_k64,text_pca256_lexical_w005
12342,59,minibatch_k64,text_pca256_lexical_w005
12343,53,minibatch_k64,text_pca256_lexical_w005
12344,8,minibatch_k64,text_pca256_lexical_w005
12345,0,minibatch_k64,text_pca256_lexical_w005
12346,62,minibatch_k64,text_pca256_lexical_w005
12347,0,minibatch_k64,text_pca256_lexical_w005
12348,0,minibatch_k64,text_pca256_lexical_w005
12349,15,minibatch_k64,text_pca256_lexical_w005
12350,45,minibatch_k64,text_pca256_lexical_w005
12351,18,minibatch_k64,text_pca256_lexical_w005
12352,23,minibatch_k64,text_pca256_lexical_w005
12353,33,minibatch_k64,text_pca256_lexical_w005
12354,42,minibatch_k64,text_pca256_lexical_w005
12355,8,minibatch_k64,text_pca256_lexical_w005
12356,0,minibatch_k64,text_pca256_lexical_w005
12357,0,minibatch_k64,text_pca256_lexical_w005
12358,10,minibatch_k64,text_pca256_lexical_w005
12359,0,minibatch_k64,text_pca256_lexical_w005
12360,0,minibatch_k64,text_pca256_lexical_w005
12361,33,minibatch_k64,text_pca256_lexical_w005
12362,0,minibatch_k64,text_pca256_lexical_w005
12363,10,minibatch_k64,text_pca256_lexical_w005
12364,15,minibatch_k64,text_pca256_lexical_w005
12365,16,minibatch_k64,text_pca256_lexical_w005
12366,8,minibatch_k64,text_pca256_lexical_w005
12367,8,minibatch_k64,text_pca256_lexical_w005
12368,59,minibatch_k64,text_pca256_lexical_w005
12369,59,minibatch_k64,text_pca256_lexical_w005
12370,8,minibatch_k64,text_pca256_lexical_w005
12371,8,minibatch_k64,text_pca256_lexical_w005
12372,39,minibatch_k64,text_pca256_lexical_w005
12373,8,minibatch_k64,text_pca256_lexical_w005
12374,45,minibatch_k64,text_pca256_lexical_w005
12375,8,minibatch_k64,text_pca256_lexical_w005
12376,25,minibatch_k64,text_pca256_lexical_w005
12377,8,minibatch_k64,text_pca256_lexical_w005
12378,10,minibatch_k64,text_pca256_lexical_w005
12379,45,minibatch_k64,text_pca256_lexical_w005
12380,45,minibatch_k64,text_pca256_lexical_w005
12381,45,minibatch_k64,text_pca256_lexical_w005
12382,45,minibatch_k64,text_pca256_lexical_w005
12383,45,minibatch_k64,text_pca256_lexical_w005
12384,45,minibatch_k64,text_pca256_lexical_w005
12385,45,minibatch_k64,text_pca256_lexical_w005
12386,45,minibatch_k64,text_pca256_lexical_w005
12387,10,minibatch_k64,text_pca256_lexical_w005
12388,8,minibatch_k64,text_pca256_lexical_w005
12389,38,minibatch_k64,text_pca256_lexical_w005
12390,45,minibatch_k64,text_pca256_lexical_w005
12391,55,minibatch_k64,text_pca256_lexical_w005
12392,54,minibatch_k64,text_pca256_lexical_w005
12393,45,minibatch_k64,text_pca256_lexical_w005
12394,59,minibatch_k64,text_pca256_lexical_w005
12395,59,minibatch_k64,text_pca256_lexical_w005
12396,42,minibatch_k64,text_pca256_lexical_w005
12397,42,minibatch_k64,text_pca256_lexical_w005
12398,42,minibatch_k64,text_pca256_lexical_w005
12399,42,minibatch_k64,text_pca256_lexical_w005
12400,42,minibatch_k64,text_pca256_lexical_w005
12401,59,minibatch_k64,text_pca256_lexical_w005
12402,45,minibatch_k64,text_pca256_lexical_w005
12403,62,minibatch_k64,text_pca256_lexical_w005
12404,59,minibatch_k64,text_pca256_lexical_w005
12405,0,minibatch_k64,text_pca256_lexical_w005
12406,45,minibatch_k64,text_pca256_lexical_w005
12407,45,minibatch_k64,text_pca256_lexical_w005
12408,8,minibatch_k64,text_pca256_lexical_w005
12409,8,minibatch_k64,text_pca256_lexical_w005
12410,25,minibatch_k64,text_pca256_lexical_w005
12411,45,minibatch_k64,text_pca256_lexical_w005
12412,8,minibatch_k64,text_pca256_lexical_w005
12413,45,minibatch_k64,text_pca256_lexical_w005
12414,45,minibatch_k64,text_pca256_lexical_w005
12415,45,minibatch_k64,text_pca256_lexical_w005
12416,45,minibatch_k64,text_pca256_lexical_w005
12417,62,minibatch_k64,text_pca256_lexical_w005
12418,45,minibatch_k64,text_pca256_lexical_w005
12419,45,minibatch_k64,text_pca256_lexical_w005
12420,59,minibatch_k64,text_pca256_lexical_w005
12421,45,minibatch_k64,text_pca256_lexical_w005
12422,45,minibatch_k64,text_pca256_lexical_w005
12423,45,minibatch_k64,text_pca256_lexical_w005
12424,45,minibatch_k64,text_pca256_lexical_w005
12425,38,minibatch_k64,text_pca256_lexical_w005
12426,45,minibatch_k64,text_pca256_lexical_w005
12427,45,minibatch_k64,text_pca256_lexical_w005
12428,59,minibatch_k64,text_pca256_lexical_w005
12429,55,minibatch_k64,text_pca256_lexical_w005
12430,54,minibatch_k64,text_pca256_lexical_w005
12431,0,minibatch_k64,text_pca256_lexical_w005
12432,62,minibatch_k64,text_pca256_lexical_w005
12433,45,minibatch_k64,text_pca256_lexical_w005
12434,8,minibatch_k64,text_pca256_lexical_w005
12435,42,minibatch_k64,text_pca256_lexical_w005
12436,45,minibatch_k64,text_pca256_lexical_w005
12437,53,minibatch_k64,text_pca256_lexical_w005
12438,59,minibatch_k64,text_pca256_lexical_w005
12439,59,minibatch_k64,text_pca256_lexical_w005
12440,15,minibatch_k64,text_pca256_lexical_w005
12441,45,minibatch_k64,text_pca256_lexical_w005
12442,15,minibatch_k64,text_pca256_lexical_w005
12443,59,minibatch_k64,text_pca256_lexical_w005
12444,45,minibatch_k64,text_pca256_lexical_w005
12445,59,minibatch_k64,text_pca256_lexical_w005
12446,62,minibatch_k64,text_pca256_lexical_w005
12447,8,minibatch_k64,text_pca256_lexical_w005
12448,45,minibatch_k64,text_pca256_lexical_w005
12449,45,minibatch_k64,text_pca256_lexical_w005
12450,45,minibatch_k64,text_pca256_lexical_w005
12451,45,minibatch_k64,text_pca256_lexical_w005
12452,45,minibatch_k64,text_pca256_lexical_w005
12453,45,minibatch_k64,text_pca256_lexical_w005
12454,45,minibatch_k64,text_pca256_lexical_w005
12455,45,minibatch_k64,text_pca256_lexical_w005
12456,45,minibatch_k64,text_pca256_lexical_w005
12457,45,minibatch_k64,text_pca256_lexical_w005
12458,45,minibatch_k64,text_pca256_lexical_w005
12459,62,minibatch_k64,text_pca256_lexical_w005
12460,45,minibatch_k64,text_pca256_lexical_w005
12461,45,minibatch_k64,text_pca256_lexical_w005
12462,45,minibatch_k64,text_pca256_lexical_w005
12463,0,minibatch_k64,text_pca256_lexical_w005
12464,62,minibatch_k64,text_pca256_lexical_w005
12465,45,minibatch_k64,text_pca256_lexical_w005
12466,45,minibatch_k64,text_pca256_lexical_w005
12467,23,minibatch_k64,text_pca256_lexical_w005
12468,0,minibatch_k64,text_pca256_lexical_w005
12469,45,minibatch_k64,text_pca256_lexical_w005
12470,62,minibatch_k64,text_pca256_lexical_w005
12471,27,minibatch_k64,text_pca256_lexical_w005
12472,10,minibatch_k64,text_pca256_lexical_w005
12473,0,minibatch_k64,text_pca256_lexical_w005
12474,27,minibatch_k64,text_pca256_lexical_w005
12475,10,minibatch_k64,text_pca256_lexical_w005
12476,59,minibatch_k64,text_pca256_lexical_w005
12477,62,minibatch_k64,text_pca256_lexical_w005
12478,39,minibatch_k64,text_pca256_lexical_w005
12479,10,minibatch_k64,text_pca256_lexical_w005
12480,8,minibatch_k64,text_pca256_lexical_w005
12481,45,minibatch_k64,text_pca256_lexical_w005
12482,45,minibatch_k64,text_pca256_lexical_w005
12483,59,minibatch_k64,text_pca256_lexical_w005
12484,45,minibatch_k64,text_pca256_lexical_w005
12485,8,minibatch_k64,text_pca256_lexical_w005
12486,45,minibatch_k64,text_pca256_lexical_w005
12487,45,minibatch_k64,text_pca256_lexical_w005
12488,45,minibatch_k64,text_pca256_lexical_w005
12489,45,minibatch_k64,text_pca256_lexical_w005
12490,45,minibatch_k64,text_pca256_lexical_w005
12491,45,minibatch_k64,text_pca256_lexical_w005
12492,45,minibatch_k64,text_pca256_lexical_w005
12493,45,minibatch_k64,text_pca256_lexical_w005
12494,45,minibatch_k64,text_pca256_lexical_w005
12495,45,minibatch_k64,text_pca256_lexical_w005
12496,45,minibatch_k64,text_pca256_lexical_w005
12497,45,minibatch_k64,text_pca256_lexical_w005
12498,45,minibatch_k64,text_pca256_lexical_w005
12499,45,minibatch_k64,text_pca256_lexical_w005
12500,45,minibatch_k64,text_pca256_lexical_w005
12501,45,minibatch_k64,text_pca256_lexical_w005
12502,48,minibatch_k64,text_pca256_lexical_w005
12503,45,minibatch_k64,text_pca256_lexical_w005
12504,45,minibatch_k64,text_pca256_lexical_w005
12505,45,minibatch_k64,text_pca256_lexical_w005
12506,10,minibatch_k64,text_pca256_lexical_w005
12507,45,minibatch_k64,text_pca256_lexical_w005
12508,45,minibatch_k64,text_pca256_lexical_w005
12509,45,minibatch_k64,text_pca256_lexical_w005
12510,33,minibatch_k64,text_pca256_lexical_w005
12511,45,minibatch_k64,text_pca256_lexical_w005
12512,59,minibatch_k64,text_pca256_lexical_w005
12513,42,minibatch_k64,text_pca256_lexical_w005
12514,59,minibatch_k64,text_pca256_lexical_w005
12515,59,minibatch_k64,text_pca256_lexical_w005
12516,10,minibatch_k64,text_pca256_lexical_w005
12517,8,minibatch_k64,text_pca256_lexical_w005
12518,59,minibatch_k64,text_pca256_lexical_w005
12519,59,minibatch_k64,text_pca256_lexical_w005
12520,0,minibatch_k64,text_pca256_lexical_w005
12521,8,minibatch_k64,text_pca256_lexical_w005
12522,45,minibatch_k64,text_pca256_lexical_w005
12523,10,minibatch_k64,text_pca256_lexical_w005
12524,10,minibatch_k64,text_pca256_lexical_w005
12525,45,minibatch_k64,text_pca256_lexical_w005
12526,45,minibatch_k64,text_pca256_lexical_w005
12527,45,minibatch_k64,text_pca256_lexical_w005
12528,62,minibatch_k64,text_pca256_lexical_w005
12529,45,minibatch_k64,text_pca256_lexical_w005
12530,45,minibatch_k64,text_pca256_lexical_w005
12531,45,minibatch_k64,text_pca256_lexical_w005
12532,45,minibatch_k64,text_pca256_lexical_w005
12533,10,minibatch_k64,text_pca256_lexical_w005
12534,23,minibatch_k64,text_pca256_lexical_w005
12535,62,minibatch_k64,text_pca256_lexical_w005
12536,33,minibatch_k64,text_pca256_lexical_w005
12537,45,minibatch_k64,text_pca256_lexical_w005
12538,23,minibatch_k64,text_pca256_lexical_w005
12539,59,minibatch_k64,text_pca256_lexical_w005
12540,10,minibatch_k64,text_pca256_lexical_w005
12541,59,minibatch_k64,text_pca256_lexical_w005
12542,0,minibatch_k64,text_pca256_lexical_w005
12543,59,minibatch_k64,text_pca256_lexical_w005
12544,59,minibatch_k64,text_pca256_lexical_w005
12545,45,minibatch_k64,text_pca256_lexical_w005
12546,33,minibatch_k64,text_pca256_lexical_w005
12547,59,minibatch_k64,text_pca256_lexical_w005
12548,8,minibatch_k64,text_pca256_lexical_w005
12549,59,minibatch_k64,text_pca256_lexical_w005
12550,45,minibatch_k64,text_pca256_lexical_w005
12551,45,minibatch_k64,text_pca256_lexical_w005
12552,59,minibatch_k64,text_pca256_lexical_w005
12553,0,minibatch_k64,text_pca256_lexical_w005
12554,0,minibatch_k64,text_pca256_lexical_w005
12555,27,minibatch_k64,text_pca256_lexical_w005
12556,50,minibatch_k64,text_pca256_lexical_w005
12557,10,minibatch_k64,text_pca256_lexical_w005
12558,45,minibatch_k64,text_pca256_lexical_w005
12559,45,minibatch_k64,text_pca256_lexical_w005
12560,62,minibatch_k64,text_pca256_lexical_w005
12561,0,minibatch_k64,text_pca256_lexical_w005
12562,45,minibatch_k64,text_pca256_lexical_w005
12563,45,minibatch_k64,text_pca256_lexical_w005
12564,27,minibatch_k64,text_pca256_lexical_w005
12565,45,minibatch_k64,text_pca256_lexical_w005
12566,45,minibatch_k64,text_pca256_lexical_w005
12567,45,minibatch_k64,text_pca256_lexical_w005
12568,45,minibatch_k64,text_pca256_lexical_w005
12569,45,minibatch_k64,text_pca256_lexical_w005
12570,0,minibatch_k64,text_pca256_lexical_w005
12571,45,minibatch_k64,text_pca256_lexical_w005
12572,45,minibatch_k64,text_pca256_lexical_w005
12573,45,minibatch_k64,text_pca256_lexical_w005
12574,45,minibatch_k64,text_pca256_lexical_w005
12575,45,minibatch_k64,text_pca256_lexical_w005
12576,45,minibatch_k64,text_pca256_lexical_w005
12577,59,minibatch_k64,text_pca256_lexical_w005
12578,45,minibatch_k64,text_pca256_lexical_w005
12579,27,minibatch_k64,text_pca256_lexical_w005
12580,45,minibatch_k64,text_pca256_lexical_w005
12581,59,minibatch_k64,text_pca256_lexical_w005
12582,34,minibatch_k64,text_pca256_lexical_w005
12583,10,minibatch_k64,text_pca256_lexical_w005
12584,8,minibatch_k64,text_pca256_lexical_w005
12585,59,minibatch_k64,text_pca256_lexical_w005
12586,45,minibatch_k64,text_pca256_lexical_w005
12587,23,minibatch_k64,text_pca256_lexical_w005
12588,45,minibatch_k64,text_pca256_lexical_w005
12589,45,minibatch_k64,text_pca256_lexical_w005
12590,34,minibatch_k64,text_pca256_lexical_w005
12591,45,minibatch_k64,text_pca256_lexical_w005
12592,62,minibatch_k64,text_pca256_lexical_w005
12593,8,minibatch_k64,text_pca256_lexical_w005
12594,59,minibatch_k64,text_pca256_lexical_w005
12595,0,minibatch_k64,text_pca256_lexical_w005
12596,8,minibatch_k64,text_pca256_lexical_w005
12597,59,minibatch_k64,text_pca256_lexical_w005
12598,59,minibatch_k64,text_pca256_lexical_w005
12599,59,minibatch_k64,text_pca256_lexical_w005
12600,59,minibatch_k64,text_pca256_lexical_w005
12601,59,minibatch_k64,text_pca256_lexical_w005
12602,59,minibatch_k64,text_pca256_lexical_w005
12603,59,minibatch_k64,text_pca256_lexical_w005
12604,59,minibatch_k64,text_pca256_lexical_w005
12605,0,minibatch_k64,text_pca256_lexical_w005
12606,59,minibatch_k64,text_pca256_lexical_w005
12607,53,minibatch_k64,text_pca256_lexical_w005
12608,62,minibatch_k64,text_pca256_lexical_w005
12609,59,minibatch_k64,text_pca256_lexical_w005
12610,18,minibatch_k64,text_pca256_lexical_w005
12611,8,minibatch_k64,text_pca256_lexical_w005
12612,45,minibatch_k64,text_pca256_lexical_w005
12613,45,minibatch_k64,text_pca256_lexical_w005
12614,45,minibatch_k64,text_pca256_lexical_w005
12615,45,minibatch_k64,text_pca256_lexical_w005
12616,45,minibatch_k64,text_pca256_lexical_w005
12617,45,minibatch_k64,text_pca256_lexical_w005
12618,45,minibatch_k64,text_pca256_lexical_w005
12619,10,minibatch_k64,text_pca256_lexical_w005
12620,45,minibatch_k64,text_pca256_lexical_w005
12621,45,minibatch_k64,text_pca256_lexical_w005
12622,45,minibatch_k64,text_pca256_lexical_w005
12623,34,minibatch_k64,text_pca256_lexical_w005
12624,0,minibatch_k64,text_pca256_lexical_w005
12625,33,minibatch_k64,text_pca256_lexical_w005
12626,34,minibatch_k64,text_pca256_lexical_w005
12627,59,minibatch_k64,text_pca256_lexical_w005
12628,59,minibatch_k64,text_pca256_lexical_w005
12629,33,minibatch_k64,text_pca256_lexical_w005
12630,59,minibatch_k64,text_pca256_lexical_w005
12631,39,minibatch_k64,text_pca256_lexical_w005
12632,59,minibatch_k64,text_pca256_lexical_w005
12633,45,minibatch_k64,text_pca256_lexical_w005
12634,45,minibatch_k64,text_pca256_lexical_w005
12635,10,minibatch_k64,text_pca256_lexical_w005
12636,45,minibatch_k64,text_pca256_lexical_w005
12637,45,minibatch_k64,text_pca256_lexical_w005
12638,45,minibatch_k64,text_pca256_lexical_w005
12639,59,minibatch_k64,text_pca256_lexical_w005
12640,59,minibatch_k64,text_pca256_lexical_w005
12641,45,minibatch_k64,text_pca256_lexical_w005
12642,45,minibatch_k64,text_pca256_lexical_w005
12643,45,minibatch_k64,text_pca256_lexical_w005
12644,45,minibatch_k64,text_pca256_lexical_w005
12645,45,minibatch_k64,text_pca256_lexical_w005
12646,59,minibatch_k64,text_pca256_lexical_w005
12647,45,minibatch_k64,text_pca256_lexical_w005
12648,50,minibatch_k64,text_pca256_lexical_w005
12649,45,minibatch_k64,text_pca256_lexical_w005
12650,59,minibatch_k64,text_pca256_lexical_w005
12651,59,minibatch_k64,text_pca256_lexical_w005
12652,59,minibatch_k64,text_pca256_lexical_w005
12653,8,minibatch_k64,text_pca256_lexical_w005
12654,8,minibatch_k64,text_pca256_lexical_w005
12655,39,minibatch_k64,text_pca256_lexical_w005
12656,59,minibatch_k64,text_pca256_lexical_w005
12657,50,minibatch_k64,text_pca256_lexical_w005
12658,8,minibatch_k64,text_pca256_lexical_w005
12659,45,minibatch_k64,text_pca256_lexical_w005
12660,59,minibatch_k64,text_pca256_lexical_w005
12661,45,minibatch_k64,text_pca256_lexical_w005
12662,50,minibatch_k64,text_pca256_lexical_w005
12663,45,minibatch_k64,text_pca256_lexical_w005
12664,59,minibatch_k64,text_pca256_lexical_w005
12665,45,minibatch_k64,text_pca256_lexical_w005
12666,59,minibatch_k64,text_pca256_lexical_w005
12667,8,minibatch_k64,text_pca256_lexical_w005
12668,59,minibatch_k64,text_pca256_lexical_w005
12669,59,minibatch_k64,text_pca256_lexical_w005
12670,59,minibatch_k64,text_pca256_lexical_w005
12671,45,minibatch_k64,text_pca256_lexical_w005
12672,59,minibatch_k64,text_pca256_lexical_w005
12673,59,minibatch_k64,text_pca256_lexical_w005
12674,33,minibatch_k64,text_pca256_lexical_w005
12675,59,minibatch_k64,text_pca256_lexical_w005
12676,45,minibatch_k64,text_pca256_lexical_w005
12677,59,minibatch_k64,text_pca256_lexical_w005
12678,62,minibatch_k64,text_pca256_lexical_w005
12679,45,minibatch_k64,text_pca256_lexical_w005
12680,8,minibatch_k64,text_pca256_lexical_w005
12681,45,minibatch_k64,text_pca256_lexical_w005
12682,39,minibatch_k64,text_pca256_lexical_w005
12683,45,minibatch_k64,text_pca256_lexical_w005
12684,45,minibatch_k64,text_pca256_lexical_w005
12685,62,minibatch_k64,text_pca256_lexical_w005
12686,61,minibatch_k64,text_pca256_lexical_w005
12687,62,minibatch_k64,text_pca256_lexical_w005
12688,59,minibatch_k64,text_pca256_lexical_w005
12689,59,minibatch_k64,text_pca256_lexical_w005
12690,59,minibatch_k64,text_pca256_lexical_w005
12691,59,minibatch_k64,text_pca256_lexical_w005
12692,10,minibatch_k64,text_pca256_lexical_w005
12693,59,minibatch_k64,text_pca256_lexical_w005
12694,0,minibatch_k64,text_pca256_lexical_w005
12695,62,minibatch_k64,text_pca256_lexical_w005
12696,10,minibatch_k64,text_pca256_lexical_w005
12697,59,minibatch_k64,text_pca256_lexical_w005
12698,45,minibatch_k64,text_pca256_lexical_w005
12699,33,minibatch_k64,text_pca256_lexical_w005
12700,10,minibatch_k64,text_pca256_lexical_w005
12701,59,minibatch_k64,text_pca256_lexical_w005
12702,59,minibatch_k64,text_pca256_lexical_w005
12703,2,minibatch_k64,text_pca256_lexical_w005
12704,15,minibatch_k64,text_pca256_lexical_w005
12705,15,minibatch_k64,text_pca256_lexical_w005
12706,33,minibatch_k64,text_pca256_lexical_w005
12707,59,minibatch_k64,text_pca256_lexical_w005
12708,45,minibatch_k64,text_pca256_lexical_w005
12709,10,minibatch_k64,text_pca256_lexical_w005
12710,45,minibatch_k64,text_pca256_lexical_w005
12711,59,minibatch_k64,text_pca256_lexical_w005
12712,45,minibatch_k64,text_pca256_lexical_w005
12713,45,minibatch_k64,text_pca256_lexical_w005
12714,6,minibatch_k64,text_pca256_lexical_w005
12715,59,minibatch_k64,text_pca256_lexical_w005
12716,33,minibatch_k64,text_pca256_lexical_w005
12717,45,minibatch_k64,text_pca256_lexical_w005
12718,59,minibatch_k64,text_pca256_lexical_w005
12719,59,minibatch_k64,text_pca256_lexical_w005
12720,59,minibatch_k64,text_pca256_lexical_w005
12721,59,minibatch_k64,text_pca256_lexical_w005
12722,59,minibatch_k64,text_pca256_lexical_w005
12723,53,minibatch_k64,text_pca256_lexical_w005
12724,10,minibatch_k64,text_pca256_lexical_w005
12725,0,minibatch_k64,text_pca256_lexical_w005
12726,2,minibatch_k64,text_pca256_lexical_w005
12727,59,minibatch_k64,text_pca256_lexical_w005
12728,15,minibatch_k64,text_pca256_lexical_w005
12729,0,minibatch_k64,text_pca256_lexical_w005
12730,45,minibatch_k64,text_pca256_lexical_w005
12731,59,minibatch_k64,text_pca256_lexical_w005
12732,62,minibatch_k64,text_pca256_lexical_w005
12733,62,minibatch_k64,text_pca256_lexical_w005
12734,8,minibatch_k64,text_pca256_lexical_w005
12735,8,minibatch_k64,text_pca256_lexical_w005
12736,8,minibatch_k64,text_pca256_lexical_w005
12737,2,minibatch_k64,text_pca256_lexical_w005
12738,33,minibatch_k64,text_pca256_lexical_w005
12739,59,minibatch_k64,text_pca256_lexical_w005
12740,42,minibatch_k64,text_pca256_lexical_w005
12741,42,minibatch_k64,text_pca256_lexical_w005
12742,8,minibatch_k64,text_pca256_lexical_w005
12743,59,minibatch_k64,text_pca256_lexical_w005
12744,45,minibatch_k64,text_pca256_lexical_w005
12745,45,minibatch_k64,text_pca256_lexical_w005
12746,45,minibatch_k64,text_pca256_lexical_w005
12747,0,minibatch_k64,text_pca256_lexical_w005
12748,45,minibatch_k64,text_pca256_lexical_w005
12749,8,minibatch_k64,text_pca256_lexical_w005
12750,62,minibatch_k64,text_pca256_lexical_w005
12751,8,minibatch_k64,text_pca256_lexical_w005
12752,8,minibatch_k64,text_pca256_lexical_w005
12753,45,minibatch_k64,text_pca256_lexical_w005
12754,8,minibatch_k64,text_pca256_lexical_w005
12755,59,minibatch_k64,text_pca256_lexical_w005
12756,10,minibatch_k64,text_pca256_lexical_w005
12757,59,minibatch_k64,text_pca256_lexical_w005
12758,59,minibatch_k64,text_pca256_lexical_w005
12759,59,minibatch_k64,text_pca256_lexical_w005
12760,10,minibatch_k64,text_pca256_lexical_w005
12761,2,minibatch_k64,text_pca256_lexical_w005
12762,59,minibatch_k64,text_pca256_lexical_w005
12763,10,minibatch_k64,text_pca256_lexical_w005
12764,53,minibatch_k64,text_pca256_lexical_w005
12765,33,minibatch_k64,text_pca256_lexical_w005
12766,59,minibatch_k64,text_pca256_lexical_w005
12767,21,minibatch_k64,text_pca256_lexical_w005
12768,33,minibatch_k64,text_pca256_lexical_w005
12769,59,minibatch_k64,text_pca256_lexical_w005
12770,0,minibatch_k64,text_pca256_lexical_w005
12771,21,minibatch_k64,text_pca256_lexical_w005
12772,8,minibatch_k64,text_pca256_lexical_w005
12773,10,minibatch_k64,text_pca256_lexical_w005
12774,62,minibatch_k64,text_pca256_lexical_w005
12775,6,minibatch_k64,text_pca256_lexical_w005
12776,59,minibatch_k64,text_pca256_lexical_w005
12777,45,minibatch_k64,text_pca256_lexical_w005
12778,45,minibatch_k64,text_pca256_lexical_w005
12779,0,minibatch_k64,text_pca256_lexical_w005
12780,0,minibatch_k64,text_pca256_lexical_w005
12781,8,minibatch_k64,text_pca256_lexical_w005
12782,2,minibatch_k64,text_pca256_lexical_w005
12783,10,minibatch_k64,text_pca256_lexical_w005
12784,59,minibatch_k64,text_pca256_lexical_w005
12785,59,minibatch_k64,text_pca256_lexical_w005
12786,45,minibatch_k64,text_pca256_lexical_w005
12787,10,minibatch_k64,text_pca256_lexical_w005
12788,42,minibatch_k64,text_pca256_lexical_w005
12789,53,minibatch_k64,text_pca256_lexical_w005
12790,42,minibatch_k64,text_pca256_lexical_w005
12791,62,minibatch_k64,text_pca256_lexical_w005
12792,59,minibatch_k64,text_pca256_lexical_w005
12793,8,minibatch_k64,text_pca256_lexical_w005
12794,6,minibatch_k64,text_pca256_lexical_w005
12795,8,minibatch_k64,text_pca256_lexical_w005
12796,62,minibatch_k64,text_pca256_lexical_w005
12797,10,minibatch_k64,text_pca256_lexical_w005
12798,10,minibatch_k64,text_pca256_lexical_w005
12799,59,minibatch_k64,text_pca256_lexical_w005
12800,0,minibatch_k64,text_pca256_lexical_w005
12801,59,minibatch_k64,text_pca256_lexical_w005
12802,59,minibatch_k64,text_pca256_lexical_w005
12803,0,minibatch_k64,text_pca256_lexical_w005
12804,59,minibatch_k64,text_pca256_lexical_w005
12805,45,minibatch_k64,text_pca256_lexical_w005
12806,45,minibatch_k64,text_pca256_lexical_w005
12807,8,minibatch_k64,text_pca256_lexical_w005
12808,8,minibatch_k64,text_pca256_lexical_w005
12809,0,minibatch_k64,text_pca256_lexical_w005
12810,8,minibatch_k64,text_pca256_lexical_w005
12811,59,minibatch_k64,text_pca256_lexical_w005
12812,10,minibatch_k64,text_pca256_lexical_w005
12813,62,minibatch_k64,text_pca256_lexical_w005
12814,39,minibatch_k64,text_pca256_lexical_w005
12815,59,minibatch_k64,text_pca256_lexical_w005
12816,62,minibatch_k64,text_pca256_lexical_w005
12817,59,minibatch_k64,text_pca256_lexical_w005
12818,53,minibatch_k64,text_pca256_lexical_w005
12819,8,minibatch_k64,text_pca256_lexical_w005
12820,59,minibatch_k64,text_pca256_lexical_w005
12821,59,minibatch_k64,text_pca256_lexical_w005
12822,45,minibatch_k64,text_pca256_lexical_w005
12823,59,minibatch_k64,text_pca256_lexical_w005
12824,59,minibatch_k64,text_pca256_lexical_w005
12825,45,minibatch_k64,text_pca256_lexical_w005
12826,59,minibatch_k64,text_pca256_lexical_w005
12827,33,minibatch_k64,text_pca256_lexical_w005
12828,6,minibatch_k64,text_pca256_lexical_w005
12829,45,minibatch_k64,text_pca256_lexical_w005
12830,59,minibatch_k64,text_pca256_lexical_w005
12831,62,minibatch_k64,text_pca256_lexical_w005
12832,45,minibatch_k64,text_pca256_lexical_w005
12833,50,minibatch_k64,text_pca256_lexical_w005
12834,59,minibatch_k64,text_pca256_lexical_w005
12835,10,minibatch_k64,text_pca256_lexical_w005
12836,59,minibatch_k64,text_pca256_lexical_w005
12837,59,minibatch_k64,text_pca256_lexical_w005
12838,59,minibatch_k64,text_pca256_lexical_w005
12839,59,minibatch_k64,text_pca256_lexical_w005
12840,59,minibatch_k64,text_pca256_lexical_w005
12841,59,minibatch_k64,text_pca256_lexical_w005
12842,62,minibatch_k64,text_pca256_lexical_w005
12843,59,minibatch_k64,text_pca256_lexical_w005
12844,59,minibatch_k64,text_pca256_lexical_w005
12845,59,minibatch_k64,text_pca256_lexical_w005
12846,59,minibatch_k64,text_pca256_lexical_w005
12847,45,minibatch_k64,text_pca256_lexical_w005
12848,45,minibatch_k64,text_pca256_lexical_w005
12849,10,minibatch_k64,text_pca256_lexical_w005
12850,59,minibatch_k64,text_pca256_lexical_w005
12851,59,minibatch_k64,text_pca256_lexical_w005
12852,45,minibatch_k64,text_pca256_lexical_w005
12853,45,minibatch_k64,text_pca256_lexical_w005
12854,53,minibatch_k64,text_pca256_lexical_w005
12855,59,minibatch_k64,text_pca256_lexical_w005
12856,53,minibatch_k64,text_pca256_lexical_w005
12857,59,minibatch_k64,text_pca256_lexical_w005
12858,59,minibatch_k64,text_pca256_lexical_w005
12859,45,minibatch_k64,text_pca256_lexical_w005
12860,39,minibatch_k64,text_pca256_lexical_w005
12861,45,minibatch_k64,text_pca256_lexical_w005
12862,45,minibatch_k64,text_pca256_lexical_w005
12863,59,minibatch_k64,text_pca256_lexical_w005
12864,59,minibatch_k64,text_pca256_lexical_w005
12865,0,minibatch_k64,text_pca256_lexical_w005
12866,59,minibatch_k64,text_pca256_lexical_w005
12867,62,minibatch_k64,text_pca256_lexical_w005
12868,8,minibatch_k64,text_pca256_lexical_w005
12869,8,minibatch_k64,text_pca256_lexical_w005
12870,62,minibatch_k64,text_pca256_lexical_w005
12871,45,minibatch_k64,text_pca256_lexical_w005
12872,10,minibatch_k64,text_pca256_lexical_w005
12873,59,minibatch_k64,text_pca256_lexical_w005
12874,10,minibatch_k64,text_pca256_lexical_w005
12875,59,minibatch_k64,text_pca256_lexical_w005
12876,2,minibatch_k64,text_pca256_lexical_w005
12877,45,minibatch_k64,text_pca256_lexical_w005
12878,59,minibatch_k64,text_pca256_lexical_w005
12879,39,minibatch_k64,text_pca256_lexical_w005
12880,59,minibatch_k64,text_pca256_lexical_w005
12881,59,minibatch_k64,text_pca256_lexical_w005
12882,53,minibatch_k64,text_pca256_lexical_w005
12883,62,minibatch_k64,text_pca256_lexical_w005
12884,59,minibatch_k64,text_pca256_lexical_w005
12885,21,minibatch_k64,text_pca256_lexical_w005
12886,59,minibatch_k64,text_pca256_lexical_w005
12887,59,minibatch_k64,text_pca256_lexical_w005
12888,59,minibatch_k64,text_pca256_lexical_w005
12889,59,minibatch_k64,text_pca256_lexical_w005
12890,10,minibatch_k64,text_pca256_lexical_w005
12891,59,minibatch_k64,text_pca256_lexical_w005
12892,10,minibatch_k64,text_pca256_lexical_w005
12893,2,minibatch_k64,text_pca256_lexical_w005
12894,8,minibatch_k64,text_pca256_lexical_w005
12895,0,minibatch_k64,text_pca256_lexical_w005
12896,4,minibatch_k64,text_pca256_lexical_w005
12897,53,minibatch_k64,text_pca256_lexical_w005
12898,42,minibatch_k64,text_pca256_lexical_w005
12899,59,minibatch_k64,text_pca256_lexical_w005
12900,45,minibatch_k64,text_pca256_lexical_w005
12901,45,minibatch_k64,text_pca256_lexical_w005
12902,59,minibatch_k64,text_pca256_lexical_w005
12903,45,minibatch_k64,text_pca256_lexical_w005
12904,10,minibatch_k64,text_pca256_lexical_w005
12905,8,minibatch_k64,text_pca256_lexical_w005
12906,42,minibatch_k64,text_pca256_lexical_w005
12907,33,minibatch_k64,text_pca256_lexical_w005
12908,42,minibatch_k64,text_pca256_lexical_w005
12909,33,minibatch_k64,text_pca256_lexical_w005
12910,62,minibatch_k64,text_pca256_lexical_w005
12911,0,minibatch_k64,text_pca256_lexical_w005
12912,23,minibatch_k64,text_pca256_lexical_w005
12913,15,minibatch_k64,text_pca256_lexical_w005
12914,8,minibatch_k64,text_pca256_lexical_w005
12915,10,minibatch_k64,text_pca256_lexical_w005
12916,55,minibatch_k64,text_pca256_lexical_w005
12917,10,minibatch_k64,text_pca256_lexical_w005
12918,15,minibatch_k64,text_pca256_lexical_w005
12919,0,minibatch_k64,text_pca256_lexical_w005
12920,15,minibatch_k64,text_pca256_lexical_w005
12921,15,minibatch_k64,text_pca256_lexical_w005
12922,15,minibatch_k64,text_pca256_lexical_w005
12923,15,minibatch_k64,text_pca256_lexical_w005
12924,15,minibatch_k64,text_pca256_lexical_w005
12925,15,minibatch_k64,text_pca256_lexical_w005
12926,15,minibatch_k64,text_pca256_lexical_w005
12927,15,minibatch_k64,text_pca256_lexical_w005
12928,15,minibatch_k64,text_pca256_lexical_w005
12929,15,minibatch_k64,text_pca256_lexical_w005
12930,15,minibatch_k64,text_pca256_lexical_w005
12931,0,minibatch_k64,text_pca256_lexical_w005
12932,15,minibatch_k64,text_pca256_lexical_w005
12933,62,minibatch_k64,text_pca256_lexical_w005
12934,38,minibatch_k64,text_pca256_lexical_w005
12935,58,minibatch_k64,text_pca256_lexical_w005
12936,55,minibatch_k64,text_pca256_lexical_w005
12937,8,minibatch_k64,text_pca256_lexical_w005
12938,23,minibatch_k64,text_pca256_lexical_w005
12939,42,minibatch_k64,text_pca256_lexical_w005
12940,23,minibatch_k64,text_pca256_lexical_w005
12941,0,minibatch_k64,text_pca256_lexical_w005
12942,38,minibatch_k64,text_pca256_lexical_w005
12943,45,minibatch_k64,text_pca256_lexical_w005
12944,58,minibatch_k64,text_pca256_lexical_w005
12945,55,minibatch_k64,text_pca256_lexical_w005
12946,12,minibatch_k64,text_pca256_lexical_w005
12947,40,minibatch_k64,text_pca256_lexical_w005
12948,12,minibatch_k64,text_pca256_lexical_w005
12949,23,minibatch_k64,text_pca256_lexical_w005
12950,25,minibatch_k64,text_pca256_lexical_w005
12951,0,minibatch_k64,text_pca256_lexical_w005
12952,23,minibatch_k64,text_pca256_lexical_w005
12953,40,minibatch_k64,text_pca256_lexical_w005
12954,23,minibatch_k64,text_pca256_lexical_w005
12955,40,minibatch_k64,text_pca256_lexical_w005
12956,15,minibatch_k64,text_pca256_lexical_w005
12957,12,minibatch_k64,text_pca256_lexical_w005
12958,40,minibatch_k64,text_pca256_lexical_w005
12959,12,minibatch_k64,text_pca256_lexical_w005
12960,61,minibatch_k64,text_pca256_lexical_w005
12961,61,minibatch_k64,text_pca256_lexical_w005
12962,62,minibatch_k64,text_pca256_lexical_w005
12963,61,minibatch_k64,text_pca256_lexical_w005
12964,61,minibatch_k64,text_pca256_lexical_w005
12965,61,minibatch_k64,text_pca256_lexical_w005
12966,40,minibatch_k64,text_pca256_lexical_w005
12967,8,minibatch_k64,text_pca256_lexical_w005
12968,40,minibatch_k64,text_pca256_lexical_w005
12969,61,minibatch_k64,text_pca256_lexical_w005
12970,61,minibatch_k64,text_pca256_lexical_w005
12971,62,minibatch_k64,text_pca256_lexical_w005
12972,58,minibatch_k64,text_pca256_lexical_w005
12973,61,minibatch_k64,text_pca256_lexical_w005
12974,38,minibatch_k64,text_pca256_lexical_w005
12975,25,minibatch_k64,text_pca256_lexical_w005
12976,55,minibatch_k64,text_pca256_lexical_w005
12977,61,minibatch_k64,text_pca256_lexical_w005
12978,61,minibatch_k64,text_pca256_lexical_w005
12979,40,minibatch_k64,text_pca256_lexical_w005
12980,40,minibatch_k64,text_pca256_lexical_w005
12981,40,minibatch_k64,text_pca256_lexical_w005
12982,12,minibatch_k64,text_pca256_lexical_w005
12983,40,minibatch_k64,text_pca256_lexical_w005
12984,0,minibatch_k64,text_pca256_lexical_w005
12985,40,minibatch_k64,text_pca256_lexical_w005
12986,47,minibatch_k64,text_pca256_lexical_w005
12987,47,minibatch_k64,text_pca256_lexical_w005
12988,47,minibatch_k64,text_pca256_lexical_w005
12989,23,minibatch_k64,text_pca256_lexical_w005
12990,39,minibatch_k64,text_pca256_lexical_w005
12991,62,minibatch_k64,text_pca256_lexical_w005
12992,40,minibatch_k64,text_pca256_lexical_w005
12993,40,minibatch_k64,text_pca256_lexical_w005
12994,38,minibatch_k64,text_pca256_lexical_w005
12995,12,minibatch_k64,text_pca256_lexical_w005
12996,23,minibatch_k64,text_pca256_lexical_w005
12997,45,minibatch_k64,text_pca256_lexical_w005
12998,55,minibatch_k64,text_pca256_lexical_w005
12999,25,minibatch_k64,text_pca256_lexical_w005
13000,37,minibatch_k64,text_pca256_lexical_w005
13001,23,minibatch_k64,text_pca256_lexical_w005
13002,25,minibatch_k64,text_pca256_lexical_w005
13003,40,minibatch_k64,text_pca256_lexical_w005
13004,47,minibatch_k64,text_pca256_lexical_w005
13005,0,minibatch_k64,text_pca256_lexical_w005
13006,0,minibatch_k64,text_pca256_lexical_w005
13007,15,minibatch_k64,text_pca256_lexical_w005
13008,62,minibatch_k64,text_pca256_lexical_w005
13009,23,minibatch_k64,text_pca256_lexical_w005
13010,23,minibatch_k64,text_pca256_lexical_w005
13011,5,minibatch_k64,text_pca256_lexical_w005
13012,8,minibatch_k64,text_pca256_lexical_w005
13013,10,minibatch_k64,text_pca256_lexical_w005
13014,23,minibatch_k64,text_pca256_lexical_w005
13015,29,minibatch_k64,text_pca256_lexical_w005
13016,15,minibatch_k64,text_pca256_lexical_w005
13017,29,minibatch_k64,text_pca256_lexical_w005
13018,33,minibatch_k64,text_pca256_lexical_w005
13019,42,minibatch_k64,text_pca256_lexical_w005
13020,0,minibatch_k64,text_pca256_lexical_w005
13021,8,minibatch_k64,text_pca256_lexical_w005
13022,38,minibatch_k64,text_pca256_lexical_w005
13023,58,minibatch_k64,text_pca256_lexical_w005
13024,55,minibatch_k64,text_pca256_lexical_w005
13025,25,minibatch_k64,text_pca256_lexical_w005
13026,37,minibatch_k64,text_pca256_lexical_w005
13027,62,minibatch_k64,text_pca256_lexical_w005
13028,59,minibatch_k64,text_pca256_lexical_w005
13029,25,minibatch_k64,text_pca256_lexical_w005
13030,33,minibatch_k64,text_pca256_lexical_w005
13031,38,minibatch_k64,text_pca256_lexical_w005
13032,58,minibatch_k64,text_pca256_lexical_w005
13033,37,minibatch_k64,text_pca256_lexical_w005
13034,55,minibatch_k64,text_pca256_lexical_w005
13035,38,minibatch_k64,text_pca256_lexical_w005
13036,21,minibatch_k64,text_pca256_lexical_w005
13037,62,minibatch_k64,text_pca256_lexical_w005
13038,23,minibatch_k64,text_pca256_lexical_w005
13039,25,minibatch_k64,text_pca256_lexical_w005
13040,37,minibatch_k64,text_pca256_lexical_w005
13041,38,minibatch_k64,text_pca256_lexical_w005
13042,55,minibatch_k64,text_pca256_lexical_w005
13043,25,minibatch_k64,text_pca256_lexical_w005
13044,37,minibatch_k64,text_pca256_lexical_w005
13045,39,minibatch_k64,text_pca256_lexical_w005
13046,4,minibatch_k64,text_pca256_lexical_w005
13047,33,minibatch_k64,text_pca256_lexical_w005
13048,21,minibatch_k64,text_pca256_lexical_w005
13049,8,minibatch_k64,text_pca256_lexical_w005
13050,8,minibatch_k64,text_pca256_lexical_w005
13051,18,minibatch_k64,text_pca256_lexical_w005
13052,32,minibatch_k64,text_pca256_lexical_w005
13053,38,minibatch_k64,text_pca256_lexical_w005
13054,55,minibatch_k64,text_pca256_lexical_w005
13055,25,minibatch_k64,text_pca256_lexical_w005
13056,37,minibatch_k64,text_pca256_lexical_w005
13057,23,minibatch_k64,text_pca256_lexical_w005
13058,12,minibatch_k64,text_pca256_lexical_w005
13059,21,minibatch_k64,text_pca256_lexical_w005
13060,38,minibatch_k64,text_pca256_lexical_w005
13061,59,minibatch_k64,text_pca256_lexical_w005
13062,25,minibatch_k64,text_pca256_lexical_w005
13063,37,minibatch_k64,text_pca256_lexical_w005
13064,39,minibatch_k64,text_pca256_lexical_w005
13065,15,minibatch_k64,text_pca256_lexical_w005
13066,42,minibatch_k64,text_pca256_lexical_w005
13067,38,minibatch_k64,text_pca256_lexical_w005
13068,55,minibatch_k64,text_pca256_lexical_w005
13069,25,minibatch_k64,text_pca256_lexical_w005
13070,37,minibatch_k64,text_pca256_lexical_w005
13071,62,minibatch_k64,text_pca256_lexical_w005
13072,39,minibatch_k64,text_pca256_lexical_w005
13073,10,minibatch_k64,text_pca256_lexical_w005
13074,62,minibatch_k64,text_pca256_lexical_w005
13075,6,minibatch_k64,text_pca256_lexical_w005
13076,6,minibatch_k64,text_pca256_lexical_w005
13077,10,minibatch_k64,text_pca256_lexical_w005
13078,6,minibatch_k64,text_pca256_lexical_w005
13079,34,minibatch_k64,text_pca256_lexical_w005
13080,59,minibatch_k64,text_pca256_lexical_w005
13081,10,minibatch_k64,text_pca256_lexical_w005
13082,10,minibatch_k64,text_pca256_lexical_w005
13083,6,minibatch_k64,text_pca256_lexical_w005
13084,62,minibatch_k64,text_pca256_lexical_w005
13085,6,minibatch_k64,text_pca256_lexical_w005
13086,6,minibatch_k64,text_pca256_lexical_w005
13087,8,minibatch_k64,text_pca256_lexical_w005
13088,53,minibatch_k64,text_pca256_lexical_w005
13089,21,minibatch_k64,text_pca256_lexical_w005
13090,23,minibatch_k64,text_pca256_lexical_w005
13091,21,minibatch_k64,text_pca256_lexical_w005
13092,62,minibatch_k64,text_pca256_lexical_w005
13093,55,minibatch_k64,text_pca256_lexical_w005
13094,62,minibatch_k64,text_pca256_lexical_w005
13095,23,minibatch_k64,text_pca256_lexical_w005
13096,42,minibatch_k64,text_pca256_lexical_w005
13097,55,minibatch_k64,text_pca256_lexical_w005
13098,23,minibatch_k64,text_pca256_lexical_w005
13099,55,minibatch_k64,text_pca256_lexical_w005
13100,55,minibatch_k64,text_pca256_lexical_w005
13101,59,minibatch_k64,text_pca256_lexical_w005
13102,23,minibatch_k64,text_pca256_lexical_w005
13103,0,minibatch_k64,text_pca256_lexical_w005
13104,2,minibatch_k64,text_pca256_lexical_w005
13105,21,minibatch_k64,text_pca256_lexical_w005
13106,23,minibatch_k64,text_pca256_lexical_w005
13107,32,minibatch_k64,text_pca256_lexical_w005
13108,18,minibatch_k64,text_pca256_lexical_w005
13109,62,minibatch_k64,text_pca256_lexical_w005
13110,10,minibatch_k64,text_pca256_lexical_w005
13111,59,minibatch_k64,text_pca256_lexical_w005
13112,0,minibatch_k64,text_pca256_lexical_w005
13113,15,minibatch_k64,text_pca256_lexical_w005
13114,45,minibatch_k64,text_pca256_lexical_w005
13115,55,minibatch_k64,text_pca256_lexical_w005
13116,55,minibatch_k64,text_pca256_lexical_w005
13117,5,minibatch_k64,text_pca256_lexical_w005
13118,23,minibatch_k64,text_pca256_lexical_w005
13119,21,minibatch_k64,text_pca256_lexical_w005
13120,15,minibatch_k64,text_pca256_lexical_w005
13121,15,minibatch_k64,text_pca256_lexical_w005
13122,0,minibatch_k64,text_pca256_lexical_w005
13123,0,minibatch_k64,text_pca256_lexical_w005
13124,38,minibatch_k64,text_pca256_lexical_w005
13125,0,minibatch_k64,text_pca256_lexical_w005
13126,23,minibatch_k64,text_pca256_lexical_w005
13127,23,minibatch_k64,text_pca256_lexical_w005
13128,62,minibatch_k64,text_pca256_lexical_w005
13129,38,minibatch_k64,text_pca256_lexical_w005
13130,0,minibatch_k64,text_pca256_lexical_w005
13131,0,minibatch_k64,text_pca256_lexical_w005
13132,0,minibatch_k64,text_pca256_lexical_w005
13133,38,minibatch_k64,text_pca256_lexical_w005
13134,0,minibatch_k64,text_pca256_lexical_w005
13135,42,minibatch_k64,text_pca256_lexical_w005
13136,38,minibatch_k64,text_pca256_lexical_w005
13137,59,minibatch_k64,text_pca256_lexical_w005
13138,0,minibatch_k64,text_pca256_lexical_w005
13139,0,minibatch_k64,text_pca256_lexical_w005
13140,23,minibatch_k64,text_pca256_lexical_w005
13141,23,minibatch_k64,text_pca256_lexical_w005
13142,38,minibatch_k64,text_pca256_lexical_w005
13143,0,minibatch_k64,text_pca256_lexical_w005
13144,23,minibatch_k64,text_pca256_lexical_w005
13145,38,minibatch_k64,text_pca256_lexical_w005
13146,0,minibatch_k64,text_pca256_lexical_w005
13147,38,minibatch_k64,text_pca256_lexical_w005
13148,0,minibatch_k64,text_pca256_lexical_w005
13149,38,minibatch_k64,text_pca256_lexical_w005
13150,0,minibatch_k64,text_pca256_lexical_w005
13151,23,minibatch_k64,text_pca256_lexical_w005
13152,42,minibatch_k64,text_pca256_lexical_w005
13153,0,minibatch_k64,text_pca256_lexical_w005
13154,38,minibatch_k64,text_pca256_lexical_w005
13155,0,minibatch_k64,text_pca256_lexical_w005
13156,0,minibatch_k64,text_pca256_lexical_w005
13157,38,minibatch_k64,text_pca256_lexical_w005
13158,42,minibatch_k64,text_pca256_lexical_w005
13159,15,minibatch_k64,text_pca256_lexical_w005
13160,62,minibatch_k64,text_pca256_lexical_w005
13161,0,minibatch_k64,text_pca256_lexical_w005
13162,62,minibatch_k64,text_pca256_lexical_w005
13163,38,minibatch_k64,text_pca256_lexical_w005
13164,0,minibatch_k64,text_pca256_lexical_w005
13165,38,minibatch_k64,text_pca256_lexical_w005
13166,0,minibatch_k64,text_pca256_lexical_w005
13167,38,minibatch_k64,text_pca256_lexical_w005
13168,0,minibatch_k64,text_pca256_lexical_w005
13169,10,minibatch_k64,text_pca256_lexical_w005
13170,10,minibatch_k64,text_pca256_lexical_w005
13171,59,minibatch_k64,text_pca256_lexical_w005
13172,0,minibatch_k64,text_pca256_lexical_w005
13173,0,minibatch_k64,text_pca256_lexical_w005
13174,18,minibatch_k64,text_pca256_lexical_w005
13175,8,minibatch_k64,text_pca256_lexical_w005
13176,33,minibatch_k64,text_pca256_lexical_w005
13177,8,minibatch_k64,text_pca256_lexical_w005
13178,62,minibatch_k64,text_pca256_lexical_w005
13179,62,minibatch_k64,text_pca256_lexical_w005
13180,62,minibatch_k64,text_pca256_lexical_w005
13181,21,minibatch_k64,text_pca256_lexical_w005
13182,62,minibatch_k64,text_pca256_lexical_w005
13183,62,minibatch_k64,text_pca256_lexical_w005
13184,21,minibatch_k64,text_pca256_lexical_w005
13185,0,minibatch_k64,text_pca256_lexical_w005
13186,8,minibatch_k64,text_pca256_lexical_w005
13187,8,minibatch_k64,text_pca256_lexical_w005
13188,6,minibatch_k64,text_pca256_lexical_w005
13189,7,minibatch_k64,text_pca256_lexical_w005
13190,45,minibatch_k64,text_pca256_lexical_w005
13191,0,minibatch_k64,text_pca256_lexical_w005
13192,59,minibatch_k64,text_pca256_lexical_w005
13193,0,minibatch_k64,text_pca256_lexical_w005
13194,0,minibatch_k64,text_pca256_lexical_w005
13195,8,minibatch_k64,text_pca256_lexical_w005
13196,0,minibatch_k64,text_pca256_lexical_w005
13197,0,minibatch_k64,text_pca256_lexical_w005
13198,23,minibatch_k64,text_pca256_lexical_w005
13199,23,minibatch_k64,text_pca256_lexical_w005
13200,0,minibatch_k64,text_pca256_lexical_w005
13201,21,minibatch_k64,text_pca256_lexical_w005
13202,21,minibatch_k64,text_pca256_lexical_w005
13203,50,minibatch_k64,text_pca256_lexical_w005
13204,42,minibatch_k64,text_pca256_lexical_w005
13205,33,minibatch_k64,text_pca256_lexical_w005
13206,42,minibatch_k64,text_pca256_lexical_w005
13207,33,minibatch_k64,text_pca256_lexical_w005
13208,33,minibatch_k64,text_pca256_lexical_w005
13209,39,minibatch_k64,text_pca256_lexical_w005
13210,42,minibatch_k64,text_pca256_lexical_w005
13211,42,minibatch_k64,text_pca256_lexical_w005
13212,21,minibatch_k64,text_pca256_lexical_w005
13213,21,minibatch_k64,text_pca256_lexical_w005
13214,42,minibatch_k64,text_pca256_lexical_w005
13215,0,minibatch_k64,text_pca256_lexical_w005
13216,42,minibatch_k64,text_pca256_lexical_w005
13217,23,minibatch_k64,text_pca256_lexical_w005
13218,15,minibatch_k64,text_pca256_lexical_w005
13219,62,minibatch_k64,text_pca256_lexical_w005
13220,21,minibatch_k64,text_pca256_lexical_w005
13221,8,minibatch_k64,text_pca256_lexical_w005
13222,42,minibatch_k64,text_pca256_lexical_w005
13223,8,minibatch_k64,text_pca256_lexical_w005
13224,0,minibatch_k64,text_pca256_lexical_w005
13225,4,minibatch_k64,text_pca256_lexical_w005
13226,62,minibatch_k64,text_pca256_lexical_w005
13227,0,minibatch_k64,text_pca256_lexical_w005
13228,0,minibatch_k64,text_pca256_lexical_w005
13229,8,minibatch_k64,text_pca256_lexical_w005
13230,42,minibatch_k64,text_pca256_lexical_w005
13231,62,minibatch_k64,text_pca256_lexical_w005
13232,0,minibatch_k64,text_pca256_lexical_w005
13233,12,minibatch_k64,text_pca256_lexical_w005
13234,42,minibatch_k64,text_pca256_lexical_w005
13235,42,minibatch_k64,text_pca256_lexical_w005
13236,0,minibatch_k64,text_pca256_lexical_w005
13237,42,minibatch_k64,text_pca256_lexical_w005
13238,62,minibatch_k64,text_pca256_lexical_w005
13239,33,minibatch_k64,text_pca256_lexical_w005
13240,42,minibatch_k64,text_pca256_lexical_w005
13241,0,minibatch_k64,text_pca256_lexical_w005
13242,0,minibatch_k64,text_pca256_lexical_w005
13243,15,minibatch_k64,text_pca256_lexical_w005
13244,62,minibatch_k64,text_pca256_lexical_w005
13245,5,minibatch_k64,text_pca256_lexical_w005
13246,5,minibatch_k64,text_pca256_lexical_w005
13247,45,minibatch_k64,text_pca256_lexical_w005
13248,5,minibatch_k64,text_pca256_lexical_w005
13249,59,minibatch_k64,text_pca256_lexical_w005
13250,33,minibatch_k64,text_pca256_lexical_w005
13251,59,minibatch_k64,text_pca256_lexical_w005
13252,5,minibatch_k64,text_pca256_lexical_w005
13253,23,minibatch_k64,text_pca256_lexical_w005
13254,62,minibatch_k64,text_pca256_lexical_w005
13255,33,minibatch_k64,text_pca256_lexical_w005
13256,0,minibatch_k64,text_pca256_lexical_w005
13257,42,minibatch_k64,text_pca256_lexical_w005
13258,5,minibatch_k64,text_pca256_lexical_w005
13259,45,minibatch_k64,text_pca256_lexical_w005
13260,45,minibatch_k64,text_pca256_lexical_w005
13261,45,minibatch_k64,text_pca256_lexical_w005
13262,5,minibatch_k64,text_pca256_lexical_w005
13263,10,minibatch_k64,text_pca256_lexical_w005
13264,5,minibatch_k64,text_pca256_lexical_w005
13265,5,minibatch_k64,text_pca256_lexical_w005
13266,56,minibatch_k64,text_pca256_lexical_w005
13267,0,minibatch_k64,text_pca256_lexical_w005
13268,0,minibatch_k64,text_pca256_lexical_w005
13269,62,minibatch_k64,text_pca256_lexical_w005
13270,5,minibatch_k64,text_pca256_lexical_w005
13271,39,minibatch_k64,text_pca256_lexical_w005
13272,59,minibatch_k64,text_pca256_lexical_w005
13273,5,minibatch_k64,text_pca256_lexical_w005
13274,59,minibatch_k64,text_pca256_lexical_w005
13275,33,minibatch_k64,text_pca256_lexical_w005
13276,5,minibatch_k64,text_pca256_lexical_w005
13277,59,minibatch_k64,text_pca256_lexical_w005
13278,33,minibatch_k64,text_pca256_lexical_w005
13279,62,minibatch_k64,text_pca256_lexical_w005
13280,38,minibatch_k64,text_pca256_lexical_w005
13281,55,minibatch_k64,text_pca256_lexical_w005
13282,54,minibatch_k64,text_pca256_lexical_w005
13283,23,minibatch_k64,text_pca256_lexical_w005
13284,10,minibatch_k64,text_pca256_lexical_w005
13285,5,minibatch_k64,text_pca256_lexical_w005
13286,50,minibatch_k64,text_pca256_lexical_w005
13287,10,minibatch_k64,text_pca256_lexical_w005
13288,45,minibatch_k64,text_pca256_lexical_w005
13289,15,minibatch_k64,text_pca256_lexical_w005
13290,23,minibatch_k64,text_pca256_lexical_w005
13291,39,minibatch_k64,text_pca256_lexical_w005
13292,45,minibatch_k64,text_pca256_lexical_w005
13293,5,minibatch_k64,text_pca256_lexical_w005
13294,62,minibatch_k64,text_pca256_lexical_w005
13295,0,minibatch_k64,text_pca256_lexical_w005
13296,8,minibatch_k64,text_pca256_lexical_w005
13297,62,minibatch_k64,text_pca256_lexical_w005
13298,62,minibatch_k64,text_pca256_lexical_w005
13299,56,minibatch_k64,text_pca256_lexical_w005
13300,15,minibatch_k64,text_pca256_lexical_w005
13301,62,minibatch_k64,text_pca256_lexical_w005
13302,10,minibatch_k64,text_pca256_lexical_w005
13303,62,minibatch_k64,text_pca256_lexical_w005
13304,0,minibatch_k64,text_pca256_lexical_w005
13305,5,minibatch_k64,text_pca256_lexical_w005
13306,39,minibatch_k64,text_pca256_lexical_w005
13307,29,minibatch_k64,text_pca256_lexical_w005
13308,10,minibatch_k64,text_pca256_lexical_w005
13309,38,minibatch_k64,text_pca256_lexical_w005
13310,45,minibatch_k64,text_pca256_lexical_w005
13311,55,minibatch_k64,text_pca256_lexical_w005
13312,23,minibatch_k64,text_pca256_lexical_w005
13313,10,minibatch_k64,text_pca256_lexical_w005
13314,0,minibatch_k64,text_pca256_lexical_w005
13315,4,minibatch_k64,text_pca256_lexical_w005
13316,4,minibatch_k64,text_pca256_lexical_w005
13317,45,minibatch_k64,text_pca256_lexical_w005
13318,45,minibatch_k64,text_pca256_lexical_w005
13319,29,minibatch_k64,text_pca256_lexical_w005
13320,0,minibatch_k64,text_pca256_lexical_w005
13321,29,minibatch_k64,text_pca256_lexical_w005
13322,0,minibatch_k64,text_pca256_lexical_w005
13323,29,minibatch_k64,text_pca256_lexical_w005
13324,0,minibatch_k64,text_pca256_lexical_w005
13325,8,minibatch_k64,text_pca256_lexical_w005
13326,62,minibatch_k64,text_pca256_lexical_w005
13327,39,minibatch_k64,text_pca256_lexical_w005
13328,15,minibatch_k64,text_pca256_lexical_w005
13329,4,minibatch_k64,text_pca256_lexical_w005
13330,0,minibatch_k64,text_pca256_lexical_w005
13331,0,minibatch_k64,text_pca256_lexical_w005
13332,47,minibatch_k64,text_pca256_lexical_w005
13333,29,minibatch_k64,text_pca256_lexical_w005
13334,62,minibatch_k64,text_pca256_lexical_w005
13335,10,minibatch_k64,text_pca256_lexical_w005
13336,8,minibatch_k64,text_pca256_lexical_w005
13337,33,minibatch_k64,text_pca256_lexical_w005
13338,0,minibatch_k64,text_pca256_lexical_w005
13339,62,minibatch_k64,text_pca256_lexical_w005
13340,39,minibatch_k64,text_pca256_lexical_w005
13341,29,minibatch_k64,text_pca256_lexical_w005
13342,29,minibatch_k64,text_pca256_lexical_w005
13343,29,minibatch_k64,text_pca256_lexical_w005
13344,38,minibatch_k64,text_pca256_lexical_w005
13345,55,minibatch_k64,text_pca256_lexical_w005
13346,54,minibatch_k64,text_pca256_lexical_w005
13347,23,minibatch_k64,text_pca256_lexical_w005
13348,59,minibatch_k64,text_pca256_lexical_w005
13349,62,minibatch_k64,text_pca256_lexical_w005
13350,62,minibatch_k64,text_pca256_lexical_w005
13351,62,minibatch_k64,text_pca256_lexical_w005
13352,23,minibatch_k64,text_pca256_lexical_w005
13353,62,minibatch_k64,text_pca256_lexical_w005
13354,0,minibatch_k64,text_pca256_lexical_w005
13355,8,minibatch_k64,text_pca256_lexical_w005
13356,62,minibatch_k64,text_pca256_lexical_w005
13357,10,minibatch_k64,text_pca256_lexical_w005
13358,8,minibatch_k64,text_pca256_lexical_w005
13359,62,minibatch_k64,text_pca256_lexical_w005
13360,42,minibatch_k64,text_pca256_lexical_w005
13361,0,minibatch_k64,text_pca256_lexical_w005
13362,0,minibatch_k64,text_pca256_lexical_w005
13363,42,minibatch_k64,text_pca256_lexical_w005
13364,62,minibatch_k64,text_pca256_lexical_w005
13365,45,minibatch_k64,text_pca256_lexical_w005
13366,0,minibatch_k64,text_pca256_lexical_w005
13367,8,minibatch_k64,text_pca256_lexical_w005
13368,62,minibatch_k64,text_pca256_lexical_w005
13369,8,minibatch_k64,text_pca256_lexical_w005
13370,42,minibatch_k64,text_pca256_lexical_w005
13371,21,minibatch_k64,text_pca256_lexical_w005
13372,59,minibatch_k64,text_pca256_lexical_w005
13373,45,minibatch_k64,text_pca256_lexical_w005
13374,8,minibatch_k64,text_pca256_lexical_w005
13375,0,minibatch_k64,text_pca256_lexical_w005
13376,62,minibatch_k64,text_pca256_lexical_w005
13377,45,minibatch_k64,text_pca256_lexical_w005
13378,53,minibatch_k64,text_pca256_lexical_w005
13379,0,minibatch_k64,text_pca256_lexical_w005
13380,0,minibatch_k64,text_pca256_lexical_w005
13381,2,minibatch_k64,text_pca256_lexical_w005
13382,0,minibatch_k64,text_pca256_lexical_w005
13383,15,minibatch_k64,text_pca256_lexical_w005
13384,38,minibatch_k64,text_pca256_lexical_w005
13385,45,minibatch_k64,text_pca256_lexical_w005
13386,45,minibatch_k64,text_pca256_lexical_w005
13387,55,minibatch_k64,text_pca256_lexical_w005
13388,54,minibatch_k64,text_pca256_lexical_w005
13389,23,minibatch_k64,text_pca256_lexical_w005
13390,10,minibatch_k64,text_pca256_lexical_w005
13391,0,minibatch_k64,text_pca256_lexical_w005
13392,0,minibatch_k64,text_pca256_lexical_w005
13393,0,minibatch_k64,text_pca256_lexical_w005
13394,0,minibatch_k64,text_pca256_lexical_w005
13395,21,minibatch_k64,text_pca256_lexical_w005
13396,23,minibatch_k64,text_pca256_lexical_w005
13397,45,minibatch_k64,text_pca256_lexical_w005
13398,0,minibatch_k64,text_pca256_lexical_w005
13399,0,minibatch_k64,text_pca256_lexical_w005
13400,0,minibatch_k64,text_pca256_lexical_w005
13401,0,minibatch_k64,text_pca256_lexical_w005
13402,0,minibatch_k64,text_pca256_lexical_w005
13403,15,minibatch_k64,text_pca256_lexical_w005
13404,0,minibatch_k64,text_pca256_lexical_w005
13405,0,minibatch_k64,text_pca256_lexical_w005
13406,0,minibatch_k64,text_pca256_lexical_w005
13407,8,minibatch_k64,text_pca256_lexical_w005
13408,0,minibatch_k64,text_pca256_lexical_w005
13409,42,minibatch_k64,text_pca256_lexical_w005
13410,0,minibatch_k64,text_pca256_lexical_w005
13411,8,minibatch_k64,text_pca256_lexical_w005
13412,21,minibatch_k64,text_pca256_lexical_w005
13413,38,minibatch_k64,text_pca256_lexical_w005
13414,55,minibatch_k64,text_pca256_lexical_w005
13415,54,minibatch_k64,text_pca256_lexical_w005
13416,42,minibatch_k64,text_pca256_lexical_w005
13417,42,minibatch_k64,text_pca256_lexical_w005
13418,4,minibatch_k64,text_pca256_lexical_w005
13419,10,minibatch_k64,text_pca256_lexical_w005
13420,62,minibatch_k64,text_pca256_lexical_w005
13421,62,minibatch_k64,text_pca256_lexical_w005
13422,18,minibatch_k64,text_pca256_lexical_w005
13423,62,minibatch_k64,text_pca256_lexical_w005
13424,50,minibatch_k64,text_pca256_lexical_w005
13425,0,minibatch_k64,text_pca256_lexical_w005
13426,62,minibatch_k64,text_pca256_lexical_w005
13427,56,minibatch_k64,text_pca256_lexical_w005
13428,0,minibatch_k64,text_pca256_lexical_w005
13429,0,minibatch_k64,text_pca256_lexical_w005
13430,62,minibatch_k64,text_pca256_lexical_w005
13431,62,minibatch_k64,text_pca256_lexical_w005
13432,56,minibatch_k64,text_pca256_lexical_w005
13433,0,minibatch_k64,text_pca256_lexical_w005
13434,0,minibatch_k64,text_pca256_lexical_w005
13435,0,minibatch_k64,text_pca256_lexical_w005
13436,0,minibatch_k64,text_pca256_lexical_w005
13437,10,minibatch_k64,text_pca256_lexical_w005
13438,0,minibatch_k64,text_pca256_lexical_w005
13439,38,minibatch_k64,text_pca256_lexical_w005
13440,62,minibatch_k64,text_pca256_lexical_w005
13441,54,minibatch_k64,text_pca256_lexical_w005
13442,0,minibatch_k64,text_pca256_lexical_w005
13443,10,minibatch_k64,text_pca256_lexical_w005
13444,45,minibatch_k64,text_pca256_lexical_w005
13445,5,minibatch_k64,text_pca256_lexical_w005
13446,62,minibatch_k64,text_pca256_lexical_w005
13447,33,minibatch_k64,text_pca256_lexical_w005
13448,40,minibatch_k64,text_pca256_lexical_w005
13449,42,minibatch_k64,text_pca256_lexical_w005
13450,8,minibatch_k64,text_pca256_lexical_w005
13451,8,minibatch_k64,text_pca256_lexical_w005
13452,0,minibatch_k64,text_pca256_lexical_w005
13453,0,minibatch_k64,text_pca256_lexical_w005
13454,0,minibatch_k64,text_pca256_lexical_w005
13455,0,minibatch_k64,text_pca256_lexical_w005
13456,38,minibatch_k64,text_pca256_lexical_w005
13457,45,minibatch_k64,text_pca256_lexical_w005
13458,55,minibatch_k64,text_pca256_lexical_w005
13459,54,minibatch_k64,text_pca256_lexical_w005
13460,21,minibatch_k64,text_pca256_lexical_w005
13461,42,minibatch_k64,text_pca256_lexical_w005
13462,0,minibatch_k64,text_pca256_lexical_w005
13463,42,minibatch_k64,text_pca256_lexical_w005
13464,42,minibatch_k64,text_pca256_lexical_w005
13465,33,minibatch_k64,text_pca256_lexical_w005
13466,38,minibatch_k64,text_pca256_lexical_w005
13467,45,minibatch_k64,text_pca256_lexical_w005
13468,55,minibatch_k64,text_pca256_lexical_w005
13469,35,minibatch_k64,text_pca256_lexical_w005
13470,10,minibatch_k64,text_pca256_lexical_w005
13471,59,minibatch_k64,text_pca256_lexical_w005
13472,33,minibatch_k64,text_pca256_lexical_w005
13473,10,minibatch_k64,text_pca256_lexical_w005
13474,2,minibatch_k64,text_pca256_lexical_w005
13475,45,minibatch_k64,text_pca256_lexical_w005
13476,10,minibatch_k64,text_pca256_lexical_w005
13477,21,minibatch_k64,text_pca256_lexical_w005
13478,42,minibatch_k64,text_pca256_lexical_w005
13479,45,minibatch_k64,text_pca256_lexical_w005
13480,62,minibatch_k64,text_pca256_lexical_w005
13481,62,minibatch_k64,text_pca256_lexical_w005
13482,10,minibatch_k64,text_pca256_lexical_w005
13483,62,minibatch_k64,text_pca256_lexical_w005
13484,39,minibatch_k64,text_pca256_lexical_w005
13485,0,minibatch_k64,text_pca256_lexical_w005
13486,5,minibatch_k64,text_pca256_lexical_w005
13487,10,minibatch_k64,text_pca256_lexical_w005
13488,55,minibatch_k64,text_pca256_lexical_w005
13489,0,minibatch_k64,text_pca256_lexical_w005
13490,35,minibatch_k64,text_pca256_lexical_w005
13491,59,minibatch_k64,text_pca256_lexical_w005
13492,62,minibatch_k64,text_pca256_lexical_w005
13493,39,minibatch_k64,text_pca256_lexical_w005
13494,42,minibatch_k64,text_pca256_lexical_w005
13495,29,minibatch_k64,text_pca256_lexical_w005
13496,23,minibatch_k64,text_pca256_lexical_w005
13497,29,minibatch_k64,text_pca256_lexical_w005
13498,62,minibatch_k64,text_pca256_lexical_w005
13499,62,minibatch_k64,text_pca256_lexical_w005
13500,0,minibatch_k64,text_pca256_lexical_w005
13501,20,minibatch_k64,text_pca256_lexical_w005
13502,0,minibatch_k64,text_pca256_lexical_w005
13503,8,minibatch_k64,text_pca256_lexical_w005
13504,15,minibatch_k64,text_pca256_lexical_w005
13505,10,minibatch_k64,text_pca256_lexical_w005
13506,8,minibatch_k64,text_pca256_lexical_w005
13507,53,minibatch_k64,text_pca256_lexical_w005
13508,10,minibatch_k64,text_pca256_lexical_w005
13509,0,minibatch_k64,text_pca256_lexical_w005
13510,0,minibatch_k64,text_pca256_lexical_w005
13511,62,minibatch_k64,text_pca256_lexical_w005
13512,45,minibatch_k64,text_pca256_lexical_w005
13513,62,minibatch_k64,text_pca256_lexical_w005
13514,21,minibatch_k64,text_pca256_lexical_w005
13515,0,minibatch_k64,text_pca256_lexical_w005
13516,21,minibatch_k64,text_pca256_lexical_w005
13517,62,minibatch_k64,text_pca256_lexical_w005
13518,0,minibatch_k64,text_pca256_lexical_w005
13519,62,minibatch_k64,text_pca256_lexical_w005
13520,21,minibatch_k64,text_pca256_lexical_w005
13521,0,minibatch_k64,text_pca256_lexical_w005
13522,21,minibatch_k64,text_pca256_lexical_w005
13523,8,minibatch_k64,text_pca256_lexical_w005
13524,0,minibatch_k64,text_pca256_lexical_w005
13525,0,minibatch_k64,text_pca256_lexical_w005
13526,2,minibatch_k64,text_pca256_lexical_w005
13527,8,minibatch_k64,text_pca256_lexical_w005
13528,0,minibatch_k64,text_pca256_lexical_w005
13529,0,minibatch_k64,text_pca256_lexical_w005
13530,2,minibatch_k64,text_pca256_lexical_w005
13531,39,minibatch_k64,text_pca256_lexical_w005
13532,8,minibatch_k64,text_pca256_lexical_w005
13533,2,minibatch_k64,text_pca256_lexical_w005
13534,21,minibatch_k64,text_pca256_lexical_w005
13535,15,minibatch_k64,text_pca256_lexical_w005
13536,62,minibatch_k64,text_pca256_lexical_w005
13537,23,minibatch_k64,text_pca256_lexical_w005
13538,62,minibatch_k64,text_pca256_lexical_w005
13539,21,minibatch_k64,text_pca256_lexical_w005
13540,0,minibatch_k64,text_pca256_lexical_w005
13541,0,minibatch_k64,text_pca256_lexical_w005
13542,21,minibatch_k64,text_pca256_lexical_w005
13543,61,minibatch_k64,text_pca256_lexical_w005
13544,15,minibatch_k64,text_pca256_lexical_w005
13545,15,minibatch_k64,text_pca256_lexical_w005
13546,53,minibatch_k64,text_pca256_lexical_w005
13547,15,minibatch_k64,text_pca256_lexical_w005
13548,39,minibatch_k64,text_pca256_lexical_w005
13549,0,minibatch_k64,text_pca256_lexical_w005
13550,8,minibatch_k64,text_pca256_lexical_w005
13551,0,minibatch_k64,text_pca256_lexical_w005
13552,2,minibatch_k64,text_pca256_lexical_w005
13553,15,minibatch_k64,text_pca256_lexical_w005
13554,50,minibatch_k64,text_pca256_lexical_w005
13555,2,minibatch_k64,text_pca256_lexical_w005
13556,40,minibatch_k64,text_pca256_lexical_w005
13557,50,minibatch_k64,text_pca256_lexical_w005
13558,2,minibatch_k64,text_pca256_lexical_w005
13559,0,minibatch_k64,text_pca256_lexical_w005
13560,23,minibatch_k64,text_pca256_lexical_w005
13561,50,minibatch_k64,text_pca256_lexical_w005
13562,0,minibatch_k64,text_pca256_lexical_w005
13563,2,minibatch_k64,text_pca256_lexical_w005
13564,2,minibatch_k64,text_pca256_lexical_w005
13565,40,minibatch_k64,text_pca256_lexical_w005
13566,2,minibatch_k64,text_pca256_lexical_w005
13567,2,minibatch_k64,text_pca256_lexical_w005
13568,50,minibatch_k64,text_pca256_lexical_w005
13569,50,minibatch_k64,text_pca256_lexical_w005
13570,40,minibatch_k64,text_pca256_lexical_w005
13571,50,minibatch_k64,text_pca256_lexical_w005
13572,0,minibatch_k64,text_pca256_lexical_w005
13573,61,minibatch_k64,text_pca256_lexical_w005
13574,40,minibatch_k64,text_pca256_lexical_w005
13575,62,minibatch_k64,text_pca256_lexical_w005
13576,39,minibatch_k64,text_pca256_lexical_w005
13577,50,minibatch_k64,text_pca256_lexical_w005
13578,0,minibatch_k64,text_pca256_lexical_w005
13579,0,minibatch_k64,text_pca256_lexical_w005
13580,10,minibatch_k64,text_pca256_lexical_w005
13581,62,minibatch_k64,text_pca256_lexical_w005
13582,39,minibatch_k64,text_pca256_lexical_w005
13583,15,minibatch_k64,text_pca256_lexical_w005
13584,2,minibatch_k64,text_pca256_lexical_w005
13585,2,minibatch_k64,text_pca256_lexical_w005
13586,2,minibatch_k64,text_pca256_lexical_w005
13587,2,minibatch_k64,text_pca256_lexical_w005
13588,2,minibatch_k64,text_pca256_lexical_w005
13589,61,minibatch_k64,text_pca256_lexical_w005
13590,39,minibatch_k64,text_pca256_lexical_w005
13591,33,minibatch_k64,text_pca256_lexical_w005
13592,2,minibatch_k64,text_pca256_lexical_w005
13593,2,minibatch_k64,text_pca256_lexical_w005
13594,33,minibatch_k64,text_pca256_lexical_w005
13595,23,minibatch_k64,text_pca256_lexical_w005
13596,8,minibatch_k64,text_pca256_lexical_w005
13597,62,minibatch_k64,text_pca256_lexical_w005
13598,39,minibatch_k64,text_pca256_lexical_w005
13599,39,minibatch_k64,text_pca256_lexical_w005
13600,23,minibatch_k64,text_pca256_lexical_w005
13601,59,minibatch_k64,text_pca256_lexical_w005
13602,2,minibatch_k64,text_pca256_lexical_w005
13603,2,minibatch_k64,text_pca256_lexical_w005
13604,62,minibatch_k64,text_pca256_lexical_w005
13605,23,minibatch_k64,text_pca256_lexical_w005
13606,2,minibatch_k64,text_pca256_lexical_w005
13607,2,minibatch_k64,text_pca256_lexical_w005
13608,50,minibatch_k64,text_pca256_lexical_w005
13609,23,minibatch_k64,text_pca256_lexical_w005
13610,15,minibatch_k64,text_pca256_lexical_w005
13611,62,minibatch_k64,text_pca256_lexical_w005
13612,0,minibatch_k64,text_pca256_lexical_w005
13613,62,minibatch_k64,text_pca256_lexical_w005
13614,0,minibatch_k64,text_pca256_lexical_w005
13615,2,minibatch_k64,text_pca256_lexical_w005
13616,15,minibatch_k64,text_pca256_lexical_w005
13617,0,minibatch_k64,text_pca256_lexical_w005
13618,0,minibatch_k64,text_pca256_lexical_w005
13619,23,minibatch_k64,text_pca256_lexical_w005
13620,8,minibatch_k64,text_pca256_lexical_w005
13621,53,minibatch_k64,text_pca256_lexical_w005
13622,8,minibatch_k64,text_pca256_lexical_w005
13623,56,minibatch_k64,text_pca256_lexical_w005
13624,2,minibatch_k64,text_pca256_lexical_w005
13625,0,minibatch_k64,text_pca256_lexical_w005
13626,23,minibatch_k64,text_pca256_lexical_w005
13627,0,minibatch_k64,text_pca256_lexical_w005
13628,23,minibatch_k64,text_pca256_lexical_w005
13629,0,minibatch_k64,text_pca256_lexical_w005
13630,8,minibatch_k64,text_pca256_lexical_w005
13631,0,minibatch_k64,text_pca256_lexical_w005
13632,59,minibatch_k64,text_pca256_lexical_w005
13633,59,minibatch_k64,text_pca256_lexical_w005
13634,15,minibatch_k64,text_pca256_lexical_w005
13635,45,minibatch_k64,text_pca256_lexical_w005
13636,59,minibatch_k64,text_pca256_lexical_w005
13637,62,minibatch_k64,text_pca256_lexical_w005
13638,59,minibatch_k64,text_pca256_lexical_w005
13639,59,minibatch_k64,text_pca256_lexical_w005
13640,59,minibatch_k64,text_pca256_lexical_w005
13641,59,minibatch_k64,text_pca256_lexical_w005
13642,21,minibatch_k64,text_pca256_lexical_w005
13643,45,minibatch_k64,text_pca256_lexical_w005
13644,15,minibatch_k64,text_pca256_lexical_w005
13645,0,minibatch_k64,text_pca256_lexical_w005
13646,59,minibatch_k64,text_pca256_lexical_w005
13647,59,minibatch_k64,text_pca256_lexical_w005
13648,59,minibatch_k64,text_pca256_lexical_w005
13649,8,minibatch_k64,text_pca256_lexical_w005
13650,45,minibatch_k64,text_pca256_lexical_w005
13651,2,minibatch_k64,text_pca256_lexical_w005
13652,59,minibatch_k64,text_pca256_lexical_w005
13653,8,minibatch_k64,text_pca256_lexical_w005
13654,59,minibatch_k64,text_pca256_lexical_w005
13655,53,minibatch_k64,text_pca256_lexical_w005
13656,59,minibatch_k64,text_pca256_lexical_w005
13657,59,minibatch_k64,text_pca256_lexical_w005
13658,8,minibatch_k64,text_pca256_lexical_w005
13659,10,minibatch_k64,text_pca256_lexical_w005
13660,59,minibatch_k64,text_pca256_lexical_w005
13661,45,minibatch_k64,text_pca256_lexical_w005
13662,45,minibatch_k64,text_pca256_lexical_w005
13663,0,minibatch_k64,text_pca256_lexical_w005
13664,0,minibatch_k64,text_pca256_lexical_w005
13665,59,minibatch_k64,text_pca256_lexical_w005
13666,59,minibatch_k64,text_pca256_lexical_w005
13667,8,minibatch_k64,text_pca256_lexical_w005
13668,59,minibatch_k64,text_pca256_lexical_w005
13669,45,minibatch_k64,text_pca256_lexical_w005
13670,59,minibatch_k64,text_pca256_lexical_w005
13671,59,minibatch_k64,text_pca256_lexical_w005
13672,59,minibatch_k64,text_pca256_lexical_w005
13673,59,minibatch_k64,text_pca256_lexical_w005
13674,8,minibatch_k64,text_pca256_lexical_w005
13675,59,minibatch_k64,text_pca256_lexical_w005
13676,8,minibatch_k64,text_pca256_lexical_w005
13677,0,minibatch_k64,text_pca256_lexical_w005
13678,0,minibatch_k64,text_pca256_lexical_w005
13679,59,minibatch_k64,text_pca256_lexical_w005
13680,45,minibatch_k64,text_pca256_lexical_w005
13681,0,minibatch_k64,text_pca256_lexical_w005
13682,59,minibatch_k64,text_pca256_lexical_w005
13683,33,minibatch_k64,text_pca256_lexical_w005
13684,59,minibatch_k64,text_pca256_lexical_w005
13685,15,minibatch_k64,text_pca256_lexical_w005
13686,8,minibatch_k64,text_pca256_lexical_w005
13687,39,minibatch_k64,text_pca256_lexical_w005
13688,0,minibatch_k64,text_pca256_lexical_w005
13689,33,minibatch_k64,text_pca256_lexical_w005
13690,59,minibatch_k64,text_pca256_lexical_w005
13691,59,minibatch_k64,text_pca256_lexical_w005
13692,59,minibatch_k64,text_pca256_lexical_w005
13693,10,minibatch_k64,text_pca256_lexical_w005
13694,59,minibatch_k64,text_pca256_lexical_w005
13695,15,minibatch_k64,text_pca256_lexical_w005
13696,59,minibatch_k64,text_pca256_lexical_w005
13697,59,minibatch_k64,text_pca256_lexical_w005
13698,45,minibatch_k64,text_pca256_lexical_w005
13699,10,minibatch_k64,text_pca256_lexical_w005
13700,59,minibatch_k64,text_pca256_lexical_w005
13701,59,minibatch_k64,text_pca256_lexical_w005
13702,59,minibatch_k64,text_pca256_lexical_w005
13703,39,minibatch_k64,text_pca256_lexical_w005
13704,59,minibatch_k64,text_pca256_lexical_w005
13705,0,minibatch_k64,text_pca256_lexical_w005
13706,59,minibatch_k64,text_pca256_lexical_w005
13707,0,minibatch_k64,text_pca256_lexical_w005
13708,8,minibatch_k64,text_pca256_lexical_w005
13709,21,minibatch_k64,text_pca256_lexical_w005
13710,33,minibatch_k64,text_pca256_lexical_w005
13711,59,minibatch_k64,text_pca256_lexical_w005
13712,59,minibatch_k64,text_pca256_lexical_w005
13713,0,minibatch_k64,text_pca256_lexical_w005
13714,8,minibatch_k64,text_pca256_lexical_w005
13715,0,minibatch_k64,text_pca256_lexical_w005
13716,8,minibatch_k64,text_pca256_lexical_w005
13717,15,minibatch_k64,text_pca256_lexical_w005
13718,59,minibatch_k64,text_pca256_lexical_w005
13719,59,minibatch_k64,text_pca256_lexical_w005
13720,59,minibatch_k64,text_pca256_lexical_w005
13721,0,minibatch_k64,text_pca256_lexical_w005
13722,0,minibatch_k64,text_pca256_lexical_w005
13723,59,minibatch_k64,text_pca256_lexical_w005
13724,8,minibatch_k64,text_pca256_lexical_w005
13725,21,minibatch_k64,text_pca256_lexical_w005
13726,15,minibatch_k64,text_pca256_lexical_w005
13727,8,minibatch_k64,text_pca256_lexical_w005
13728,59,minibatch_k64,text_pca256_lexical_w005
13729,10,minibatch_k64,text_pca256_lexical_w005
13730,10,minibatch_k64,text_pca256_lexical_w005
13731,62,minibatch_k64,text_pca256_lexical_w005
13732,23,minibatch_k64,text_pca256_lexical_w005
13733,42,minibatch_k64,text_pca256_lexical_w005
13734,59,minibatch_k64,text_pca256_lexical_w005
13735,59,minibatch_k64,text_pca256_lexical_w005
13736,33,minibatch_k64,text_pca256_lexical_w005
13737,10,minibatch_k64,text_pca256_lexical_w005
13738,59,minibatch_k64,text_pca256_lexical_w005
13739,59,minibatch_k64,text_pca256_lexical_w005
13740,59,minibatch_k64,text_pca256_lexical_w005
13741,2,minibatch_k64,text_pca256_lexical_w005
13742,59,minibatch_k64,text_pca256_lexical_w005
13743,59,minibatch_k64,text_pca256_lexical_w005
13744,0,minibatch_k64,text_pca256_lexical_w005
13745,59,minibatch_k64,text_pca256_lexical_w005
13746,0,minibatch_k64,text_pca256_lexical_w005
13747,15,minibatch_k64,text_pca256_lexical_w005
13748,0,minibatch_k64,text_pca256_lexical_w005
13749,59,minibatch_k64,text_pca256_lexical_w005
13750,10,minibatch_k64,text_pca256_lexical_w005
13751,21,minibatch_k64,text_pca256_lexical_w005
13752,59,minibatch_k64,text_pca256_lexical_w005
13753,23,minibatch_k64,text_pca256_lexical_w005
13754,59,minibatch_k64,text_pca256_lexical_w005
13755,59,minibatch_k64,text_pca256_lexical_w005
13756,59,minibatch_k64,text_pca256_lexical_w005
13757,59,minibatch_k64,text_pca256_lexical_w005
13758,62,minibatch_k64,text_pca256_lexical_w005
13759,59,minibatch_k64,text_pca256_lexical_w005
13760,10,minibatch_k64,text_pca256_lexical_w005
13761,45,minibatch_k64,text_pca256_lexical_w005
13762,59,minibatch_k64,text_pca256_lexical_w005
13763,59,minibatch_k64,text_pca256_lexical_w005
13764,59,minibatch_k64,text_pca256_lexical_w005
13765,59,minibatch_k64,text_pca256_lexical_w005
13766,59,minibatch_k64,text_pca256_lexical_w005
13767,59,minibatch_k64,text_pca256_lexical_w005
13768,59,minibatch_k64,text_pca256_lexical_w005
13769,0,minibatch_k64,text_pca256_lexical_w005
13770,59,minibatch_k64,text_pca256_lexical_w005
13771,59,minibatch_k64,text_pca256_lexical_w005
13772,59,minibatch_k64,text_pca256_lexical_w005
13773,59,minibatch_k64,text_pca256_lexical_w005
13774,59,minibatch_k64,text_pca256_lexical_w005
13775,59,minibatch_k64,text_pca256_lexical_w005
13776,61,minibatch_k64,text_pca256_lexical_w005
13777,8,minibatch_k64,text_pca256_lexical_w005
13778,59,minibatch_k64,text_pca256_lexical_w005
13779,10,minibatch_k64,text_pca256_lexical_w005
13780,59,minibatch_k64,text_pca256_lexical_w005
13781,59,minibatch_k64,text_pca256_lexical_w005
13782,10,minibatch_k64,text_pca256_lexical_w005
13783,2,minibatch_k64,text_pca256_lexical_w005
13784,10,minibatch_k64,text_pca256_lexical_w005
13785,18,minibatch_k64,text_pca256_lexical_w005
13786,21,minibatch_k64,text_pca256_lexical_w005
13787,0,minibatch_k64,text_pca256_lexical_w005
13788,2,minibatch_k64,text_pca256_lexical_w005
13789,2,minibatch_k64,text_pca256_lexical_w005
13790,0,minibatch_k64,text_pca256_lexical_w005
13791,8,minibatch_k64,text_pca256_lexical_w005
13792,0,minibatch_k64,text_pca256_lexical_w005
13793,10,minibatch_k64,text_pca256_lexical_w005
13794,10,minibatch_k64,text_pca256_lexical_w005
13795,0,minibatch_k64,text_pca256_lexical_w005
13796,53,minibatch_k64,text_pca256_lexical_w005
13797,0,minibatch_k64,text_pca256_lexical_w005
13798,2,minibatch_k64,text_pca256_lexical_w005
13799,33,minibatch_k64,text_pca256_lexical_w005
13800,2,minibatch_k64,text_pca256_lexical_w005
13801,8,minibatch_k64,text_pca256_lexical_w005
13802,5,minibatch_k64,text_pca256_lexical_w005
13803,23,minibatch_k64,text_pca256_lexical_w005
13804,0,minibatch_k64,text_pca256_lexical_w005
13805,10,minibatch_k64,text_pca256_lexical_w005
13806,10,minibatch_k64,text_pca256_lexical_w005
13807,0,minibatch_k64,text_pca256_lexical_w005
13808,50,minibatch_k64,text_pca256_lexical_w005
13809,10,minibatch_k64,text_pca256_lexical_w005
13810,45,minibatch_k64,text_pca256_lexical_w005
13811,0,minibatch_k64,text_pca256_lexical_w005
13812,5,minibatch_k64,text_pca256_lexical_w005
13813,5,minibatch_k64,text_pca256_lexical_w005
13814,5,minibatch_k64,text_pca256_lexical_w005
13815,0,minibatch_k64,text_pca256_lexical_w005
13816,42,minibatch_k64,text_pca256_lexical_w005
13817,45,minibatch_k64,text_pca256_lexical_w005
13818,0,minibatch_k64,text_pca256_lexical_w005
13819,0,minibatch_k64,text_pca256_lexical_w005
13820,62,minibatch_k64,text_pca256_lexical_w005
13821,5,minibatch_k64,text_pca256_lexical_w005
13822,5,minibatch_k64,text_pca256_lexical_w005
13823,38,minibatch_k64,text_pca256_lexical_w005
13824,23,minibatch_k64,text_pca256_lexical_w005
13825,0,minibatch_k64,text_pca256_lexical_w005
13826,55,minibatch_k64,text_pca256_lexical_w005
13827,4,minibatch_k64,text_pca256_lexical_w005
13828,4,minibatch_k64,text_pca256_lexical_w005
13829,62,minibatch_k64,text_pca256_lexical_w005
13830,4,minibatch_k64,text_pca256_lexical_w005
13831,4,minibatch_k64,text_pca256_lexical_w005
13832,0,minibatch_k64,text_pca256_lexical_w005
13833,0,minibatch_k64,text_pca256_lexical_w005
13834,61,minibatch_k64,text_pca256_lexical_w005
13835,59,minibatch_k64,text_pca256_lexical_w005
13836,0,minibatch_k64,text_pca256_lexical_w005
13837,62,minibatch_k64,text_pca256_lexical_w005
13838,0,minibatch_k64,text_pca256_lexical_w005
13839,0,minibatch_k64,text_pca256_lexical_w005
13840,62,minibatch_k64,text_pca256_lexical_w005
13841,0,minibatch_k64,text_pca256_lexical_w005
13842,54,minibatch_k64,text_pca256_lexical_w005
13843,23,minibatch_k64,text_pca256_lexical_w005
13844,21,minibatch_k64,text_pca256_lexical_w005
13845,4,minibatch_k64,text_pca256_lexical_w005
13846,4,minibatch_k64,text_pca256_lexical_w005
13847,15,minibatch_k64,text_pca256_lexical_w005
13848,4,minibatch_k64,text_pca256_lexical_w005
13849,4,minibatch_k64,text_pca256_lexical_w005
13850,4,minibatch_k64,text_pca256_lexical_w005
13851,0,minibatch_k64,text_pca256_lexical_w005
13852,0,minibatch_k64,text_pca256_lexical_w005
13853,23,minibatch_k64,text_pca256_lexical_w005
13854,0,minibatch_k64,text_pca256_lexical_w005
13855,0,minibatch_k64,text_pca256_lexical_w005
13856,62,minibatch_k64,text_pca256_lexical_w005
13857,21,minibatch_k64,text_pca256_lexical_w005
13858,15,minibatch_k64,text_pca256_lexical_w005
13859,15,minibatch_k64,text_pca256_lexical_w005
13860,8,minibatch_k64,text_pca256_lexical_w005
13861,62,minibatch_k64,text_pca256_lexical_w005
13862,61,minibatch_k64,text_pca256_lexical_w005
13863,38,minibatch_k64,text_pca256_lexical_w005
13864,55,minibatch_k64,text_pca256_lexical_w005
13865,50,minibatch_k64,text_pca256_lexical_w005
13866,54,minibatch_k64,text_pca256_lexical_w005
13867,23,minibatch_k64,text_pca256_lexical_w005
13868,10,minibatch_k64,text_pca256_lexical_w005
13869,0,minibatch_k64,text_pca256_lexical_w005
13870,0,minibatch_k64,text_pca256_lexical_w005
13871,0,minibatch_k64,text_pca256_lexical_w005
13872,33,minibatch_k64,text_pca256_lexical_w005
13873,62,minibatch_k64,text_pca256_lexical_w005
13874,62,minibatch_k64,text_pca256_lexical_w005
13875,61,minibatch_k64,text_pca256_lexical_w005
13876,21,minibatch_k64,text_pca256_lexical_w005
13877,8,minibatch_k64,text_pca256_lexical_w005
13878,38,minibatch_k64,text_pca256_lexical_w005
13879,55,minibatch_k64,text_pca256_lexical_w005
13880,23,minibatch_k64,text_pca256_lexical_w005
13881,39,minibatch_k64,text_pca256_lexical_w005
13882,8,minibatch_k64,text_pca256_lexical_w005
13883,33,minibatch_k64,text_pca256_lexical_w005
13884,62,minibatch_k64,text_pca256_lexical_w005
13885,33,minibatch_k64,text_pca256_lexical_w005
13886,61,minibatch_k64,text_pca256_lexical_w005
13887,0,minibatch_k64,text_pca256_lexical_w005
13888,8,minibatch_k64,text_pca256_lexical_w005
13889,4,minibatch_k64,text_pca256_lexical_w005
13890,23,minibatch_k64,text_pca256_lexical_w005
13891,45,minibatch_k64,text_pca256_lexical_w005
13892,45,minibatch_k64,text_pca256_lexical_w005
13893,0,minibatch_k64,text_pca256_lexical_w005
13894,0,minibatch_k64,text_pca256_lexical_w005
13895,21,minibatch_k64,text_pca256_lexical_w005
13896,33,minibatch_k64,text_pca256_lexical_w005
13897,21,minibatch_k64,text_pca256_lexical_w005
13898,33,minibatch_k64,text_pca256_lexical_w005
13899,0,minibatch_k64,text_pca256_lexical_w005
13900,62,minibatch_k64,text_pca256_lexical_w005
13901,47,minibatch_k64,text_pca256_lexical_w005
13902,50,minibatch_k64,text_pca256_lexical_w005
13903,23,minibatch_k64,text_pca256_lexical_w005
13904,47,minibatch_k64,text_pca256_lexical_w005
13905,8,minibatch_k64,text_pca256_lexical_w005
13906,53,minibatch_k64,text_pca256_lexical_w005
13907,15,minibatch_k64,text_pca256_lexical_w005
13908,0,minibatch_k64,text_pca256_lexical_w005
13909,62,minibatch_k64,text_pca256_lexical_w005
13910,10,minibatch_k64,text_pca256_lexical_w005
13911,50,minibatch_k64,text_pca256_lexical_w005
13912,15,minibatch_k64,text_pca256_lexical_w005
13913,61,minibatch_k64,text_pca256_lexical_w005
13914,61,minibatch_k64,text_pca256_lexical_w005
13915,10,minibatch_k64,text_pca256_lexical_w005
13916,61,minibatch_k64,text_pca256_lexical_w005
13917,33,minibatch_k64,text_pca256_lexical_w005
13918,61,minibatch_k64,text_pca256_lexical_w005
13919,61,minibatch_k64,text_pca256_lexical_w005
13920,8,minibatch_k64,text_pca256_lexical_w005
13921,10,minibatch_k64,text_pca256_lexical_w005
13922,61,minibatch_k64,text_pca256_lexical_w005
13923,61,minibatch_k64,text_pca256_lexical_w005
13924,15,minibatch_k64,text_pca256_lexical_w005
13925,62,minibatch_k64,text_pca256_lexical_w005
13926,61,minibatch_k64,text_pca256_lexical_w005
13927,61,minibatch_k64,text_pca256_lexical_w005
13928,62,minibatch_k64,text_pca256_lexical_w005
13929,15,minibatch_k64,text_pca256_lexical_w005
13930,15,minibatch_k64,text_pca256_lexical_w005
13931,8,minibatch_k64,text_pca256_lexical_w005
13932,0,minibatch_k64,text_pca256_lexical_w005
13933,0,minibatch_k64,text_pca256_lexical_w005
13934,0,minibatch_k64,text_pca256_lexical_w005
13935,10,minibatch_k64,text_pca256_lexical_w005
13936,61,minibatch_k64,text_pca256_lexical_w005
13937,8,minibatch_k64,text_pca256_lexical_w005
13938,61,minibatch_k64,text_pca256_lexical_w005
13939,10,minibatch_k64,text_pca256_lexical_w005
13940,10,minibatch_k64,text_pca256_lexical_w005
13941,61,minibatch_k64,text_pca256_lexical_w005
13942,58,minibatch_k64,text_pca256_lexical_w005
13943,8,minibatch_k64,text_pca256_lexical_w005
13944,55,minibatch_k64,text_pca256_lexical_w005
13945,35,minibatch_k64,text_pca256_lexical_w005
13946,61,minibatch_k64,text_pca256_lexical_w005
13947,10,minibatch_k64,text_pca256_lexical_w005
13948,8,minibatch_k64,text_pca256_lexical_w005
13949,61,minibatch_k64,text_pca256_lexical_w005
13950,61,minibatch_k64,text_pca256_lexical_w005
13951,10,minibatch_k64,text_pca256_lexical_w005
13952,0,minibatch_k64,text_pca256_lexical_w005
13953,61,minibatch_k64,text_pca256_lexical_w005
13954,0,minibatch_k64,text_pca256_lexical_w005
13955,40,minibatch_k64,text_pca256_lexical_w005
13956,15,minibatch_k64,text_pca256_lexical_w005
13957,4,minibatch_k64,text_pca256_lexical_w005
13958,18,minibatch_k64,text_pca256_lexical_w005
13959,61,minibatch_k64,text_pca256_lexical_w005
13960,61,minibatch_k64,text_pca256_lexical_w005
13961,61,minibatch_k64,text_pca256_lexical_w005
13962,0,minibatch_k64,text_pca256_lexical_w005
13963,61,minibatch_k64,text_pca256_lexical_w005
13964,62,minibatch_k64,text_pca256_lexical_w005
13965,0,minibatch_k64,text_pca256_lexical_w005
13966,56,minibatch_k64,text_pca256_lexical_w005
13967,0,minibatch_k64,text_pca256_lexical_w005
13968,58,minibatch_k64,text_pca256_lexical_w005
13969,23,minibatch_k64,text_pca256_lexical_w005
13970,40,minibatch_k64,text_pca256_lexical_w005
13971,23,minibatch_k64,text_pca256_lexical_w005
13972,35,minibatch_k64,text_pca256_lexical_w005
13973,8,minibatch_k64,text_pca256_lexical_w005
13974,0,minibatch_k64,text_pca256_lexical_w005
13975,42,minibatch_k64,text_pca256_lexical_w005
13976,62,minibatch_k64,text_pca256_lexical_w005
13977,21,minibatch_k64,text_pca256_lexical_w005
13978,0,minibatch_k64,text_pca256_lexical_w005
13979,56,minibatch_k64,text_pca256_lexical_w005
13980,21,minibatch_k64,text_pca256_lexical_w005
13981,10,minibatch_k64,text_pca256_lexical_w005
13982,0,minibatch_k64,text_pca256_lexical_w005
13983,61,minibatch_k64,text_pca256_lexical_w005
13984,18,minibatch_k64,text_pca256_lexical_w005
13985,58,minibatch_k64,text_pca256_lexical_w005
13986,45,minibatch_k64,text_pca256_lexical_w005
13987,55,minibatch_k64,text_pca256_lexical_w005
13988,54,minibatch_k64,text_pca256_lexical_w005
13989,62,minibatch_k64,text_pca256_lexical_w005
13990,45,minibatch_k64,text_pca256_lexical_w005
13991,45,minibatch_k64,text_pca256_lexical_w005
13992,62,minibatch_k64,text_pca256_lexical_w005
13993,61,minibatch_k64,text_pca256_lexical_w005
13994,0,minibatch_k64,text_pca256_lexical_w005
13995,5,minibatch_k64,text_pca256_lexical_w005
13996,45,minibatch_k64,text_pca256_lexical_w005
13997,58,minibatch_k64,text_pca256_lexical_w005
13998,45,minibatch_k64,text_pca256_lexical_w005
13999,60,minibatch_k64,text_pca256_lexical_w005
14000,21,minibatch_k64,text_pca256_lexical_w005
14001,5,minibatch_k64,text_pca256_lexical_w005
14002,59,minibatch_k64,text_pca256_lexical_w005
14003,21,minibatch_k64,text_pca256_lexical_w005
14004,0,minibatch_k64,text_pca256_lexical_w005
14005,5,minibatch_k64,text_pca256_lexical_w005
14006,5,minibatch_k64,text_pca256_lexical_w005
14007,5,minibatch_k64,text_pca256_lexical_w005
14008,5,minibatch_k64,text_pca256_lexical_w005
14009,47,minibatch_k64,text_pca256_lexical_w005
14010,23,minibatch_k64,text_pca256_lexical_w005
14011,2,minibatch_k64,text_pca256_lexical_w005
14012,0,minibatch_k64,text_pca256_lexical_w005
14013,0,minibatch_k64,text_pca256_lexical_w005
14014,62,minibatch_k64,text_pca256_lexical_w005
14015,5,minibatch_k64,text_pca256_lexical_w005
14016,0,minibatch_k64,text_pca256_lexical_w005
14017,18,minibatch_k64,text_pca256_lexical_w005
14018,45,minibatch_k64,text_pca256_lexical_w005
14019,62,minibatch_k64,text_pca256_lexical_w005
14020,8,minibatch_k64,text_pca256_lexical_w005
14021,62,minibatch_k64,text_pca256_lexical_w005
14022,5,minibatch_k64,text_pca256_lexical_w005
14023,5,minibatch_k64,text_pca256_lexical_w005
14024,5,minibatch_k64,text_pca256_lexical_w005
14025,5,minibatch_k64,text_pca256_lexical_w005
14026,5,minibatch_k64,text_pca256_lexical_w005
14027,0,minibatch_k64,text_pca256_lexical_w005
14028,0,minibatch_k64,text_pca256_lexical_w005
14029,0,minibatch_k64,text_pca256_lexical_w005
14030,0,minibatch_k64,text_pca256_lexical_w005
14031,20,minibatch_k64,text_pca256_lexical_w005
14032,0,minibatch_k64,text_pca256_lexical_w005
14033,15,minibatch_k64,text_pca256_lexical_w005
14034,33,minibatch_k64,text_pca256_lexical_w005
14035,33,minibatch_k64,text_pca256_lexical_w005
14036,47,minibatch_k64,text_pca256_lexical_w005
14037,58,minibatch_k64,text_pca256_lexical_w005
14038,45,minibatch_k64,text_pca256_lexical_w005
14039,0,minibatch_k64,text_pca256_lexical_w005
14040,37,minibatch_k64,text_pca256_lexical_w005
14041,62,minibatch_k64,text_pca256_lexical_w005
14042,62,minibatch_k64,text_pca256_lexical_w005
14043,10,minibatch_k64,text_pca256_lexical_w005
14044,10,minibatch_k64,text_pca256_lexical_w005
14045,33,minibatch_k64,text_pca256_lexical_w005
14046,5,minibatch_k64,text_pca256_lexical_w005
14047,15,minibatch_k64,text_pca256_lexical_w005
14048,59,minibatch_k64,text_pca256_lexical_w005
14049,15,minibatch_k64,text_pca256_lexical_w005
14050,58,minibatch_k64,text_pca256_lexical_w005
14051,23,minibatch_k64,text_pca256_lexical_w005
14052,54,minibatch_k64,text_pca256_lexical_w005
14053,45,minibatch_k64,text_pca256_lexical_w005
14054,8,minibatch_k64,text_pca256_lexical_w005
14055,20,minibatch_k64,text_pca256_lexical_w005
14056,20,minibatch_k64,text_pca256_lexical_w005
14057,21,minibatch_k64,text_pca256_lexical_w005
14058,38,minibatch_k64,text_pca256_lexical_w005
14059,59,minibatch_k64,text_pca256_lexical_w005
14060,22,minibatch_k64,text_pca256_lexical_w005
14061,62,minibatch_k64,text_pca256_lexical_w005
14062,8,minibatch_k64,text_pca256_lexical_w005
14063,39,minibatch_k64,text_pca256_lexical_w005
14064,62,minibatch_k64,text_pca256_lexical_w005
14065,62,minibatch_k64,text_pca256_lexical_w005
14066,62,minibatch_k64,text_pca256_lexical_w005
14067,38,minibatch_k64,text_pca256_lexical_w005
14068,54,minibatch_k64,text_pca256_lexical_w005
14069,53,minibatch_k64,text_pca256_lexical_w005
14070,39,minibatch_k64,text_pca256_lexical_w005
14071,23,minibatch_k64,text_pca256_lexical_w005
14072,0,minibatch_k64,text_pca256_lexical_w005
14073,47,minibatch_k64,text_pca256_lexical_w005
14074,62,minibatch_k64,text_pca256_lexical_w005
14075,47,minibatch_k64,text_pca256_lexical_w005
14076,8,minibatch_k64,text_pca256_lexical_w005
14077,23,minibatch_k64,text_pca256_lexical_w005
14078,59,minibatch_k64,text_pca256_lexical_w005
14079,59,minibatch_k64,text_pca256_lexical_w005
14080,39,minibatch_k64,text_pca256_lexical_w005
14081,21,minibatch_k64,text_pca256_lexical_w005
14082,33,minibatch_k64,text_pca256_lexical_w005
14083,23,minibatch_k64,text_pca256_lexical_w005
14084,56,minibatch_k64,text_pca256_lexical_w005
14085,15,minibatch_k64,text_pca256_lexical_w005
14086,23,minibatch_k64,text_pca256_lexical_w005
14087,42,minibatch_k64,text_pca256_lexical_w005
14088,42,minibatch_k64,text_pca256_lexical_w005
14089,62,minibatch_k64,text_pca256_lexical_w005
14090,8,minibatch_k64,text_pca256_lexical_w005
14091,56,minibatch_k64,text_pca256_lexical_w005
14092,0,minibatch_k64,text_pca256_lexical_w005
14093,33,minibatch_k64,text_pca256_lexical_w005
14094,33,minibatch_k64,text_pca256_lexical_w005
14095,23,minibatch_k64,text_pca256_lexical_w005
14096,33,minibatch_k64,text_pca256_lexical_w005
14097,59,minibatch_k64,text_pca256_lexical_w005
14098,20,minibatch_k64,text_pca256_lexical_w005
14099,0,minibatch_k64,text_pca256_lexical_w005
14100,62,minibatch_k64,text_pca256_lexical_w005
14101,47,minibatch_k64,text_pca256_lexical_w005
14102,38,minibatch_k64,text_pca256_lexical_w005
14103,15,minibatch_k64,text_pca256_lexical_w005
14104,55,minibatch_k64,text_pca256_lexical_w005
14105,54,minibatch_k64,text_pca256_lexical_w005
14106,15,minibatch_k64,text_pca256_lexical_w005
14107,21,minibatch_k64,text_pca256_lexical_w005
14108,59,minibatch_k64,text_pca256_lexical_w005
14109,59,minibatch_k64,text_pca256_lexical_w005
14110,59,minibatch_k64,text_pca256_lexical_w005
14111,15,minibatch_k64,text_pca256_lexical_w005
14112,15,minibatch_k64,text_pca256_lexical_w005
14113,47,minibatch_k64,text_pca256_lexical_w005
14114,59,minibatch_k64,text_pca256_lexical_w005
14115,0,minibatch_k64,text_pca256_lexical_w005
14116,47,minibatch_k64,text_pca256_lexical_w005
14117,0,minibatch_k64,text_pca256_lexical_w005
14118,62,minibatch_k64,text_pca256_lexical_w005
14119,45,minibatch_k64,text_pca256_lexical_w005
14120,39,minibatch_k64,text_pca256_lexical_w005
14121,33,minibatch_k64,text_pca256_lexical_w005
14122,0,minibatch_k64,text_pca256_lexical_w005
14123,59,minibatch_k64,text_pca256_lexical_w005
14124,15,minibatch_k64,text_pca256_lexical_w005
14125,53,minibatch_k64,text_pca256_lexical_w005
14126,62,minibatch_k64,text_pca256_lexical_w005
14127,8,minibatch_k64,text_pca256_lexical_w005
14128,8,minibatch_k64,text_pca256_lexical_w005
14129,42,minibatch_k64,text_pca256_lexical_w005
14130,59,minibatch_k64,text_pca256_lexical_w005
14131,8,minibatch_k64,text_pca256_lexical_w005
14132,62,minibatch_k64,text_pca256_lexical_w005
14133,0,minibatch_k64,text_pca256_lexical_w005
14134,0,minibatch_k64,text_pca256_lexical_w005
14135,15,minibatch_k64,text_pca256_lexical_w005
14136,59,minibatch_k64,text_pca256_lexical_w005
14137,45,minibatch_k64,text_pca256_lexical_w005
14138,33,minibatch_k64,text_pca256_lexical_w005
14139,45,minibatch_k64,text_pca256_lexical_w005
14140,62,minibatch_k64,text_pca256_lexical_w005
14141,38,minibatch_k64,text_pca256_lexical_w005
14142,39,minibatch_k64,text_pca256_lexical_w005
14143,8,minibatch_k64,text_pca256_lexical_w005
14144,45,minibatch_k64,text_pca256_lexical_w005
14145,8,minibatch_k64,text_pca256_lexical_w005
14146,55,minibatch_k64,text_pca256_lexical_w005
14147,0,minibatch_k64,text_pca256_lexical_w005
14148,54,minibatch_k64,text_pca256_lexical_w005
14149,27,minibatch_k64,text_pca256_lexical_w005
14150,0,minibatch_k64,text_pca256_lexical_w005
14151,45,minibatch_k64,text_pca256_lexical_w005
14152,62,minibatch_k64,text_pca256_lexical_w005
14153,27,minibatch_k64,text_pca256_lexical_w005
14154,39,minibatch_k64,text_pca256_lexical_w005
14155,0,minibatch_k64,text_pca256_lexical_w005
14156,23,minibatch_k64,text_pca256_lexical_w005
14157,8,minibatch_k64,text_pca256_lexical_w005
14158,58,minibatch_k64,text_pca256_lexical_w005
14159,45,minibatch_k64,text_pca256_lexical_w005
14160,0,minibatch_k64,text_pca256_lexical_w005
14161,23,minibatch_k64,text_pca256_lexical_w005
14162,23,minibatch_k64,text_pca256_lexical_w005
14163,10,minibatch_k64,text_pca256_lexical_w005
14164,60,minibatch_k64,text_pca256_lexical_w005
14165,4,minibatch_k64,text_pca256_lexical_w005
14166,59,minibatch_k64,text_pca256_lexical_w005
14167,45,minibatch_k64,text_pca256_lexical_w005
14168,4,minibatch_k64,text_pca256_lexical_w005
14169,59,minibatch_k64,text_pca256_lexical_w005
14170,45,minibatch_k64,text_pca256_lexical_w005
14171,8,minibatch_k64,text_pca256_lexical_w005
14172,62,minibatch_k64,text_pca256_lexical_w005
14173,15,minibatch_k64,text_pca256_lexical_w005
14174,56,minibatch_k64,text_pca256_lexical_w005
14175,33,minibatch_k64,text_pca256_lexical_w005
14176,23,minibatch_k64,text_pca256_lexical_w005
14177,62,minibatch_k64,text_pca256_lexical_w005
14178,15,minibatch_k64,text_pca256_lexical_w005
14179,53,minibatch_k64,text_pca256_lexical_w005
14180,27,minibatch_k64,text_pca256_lexical_w005
14181,0,minibatch_k64,text_pca256_lexical_w005
14182,33,minibatch_k64,text_pca256_lexical_w005
14183,0,minibatch_k64,text_pca256_lexical_w005
14184,18,minibatch_k64,text_pca256_lexical_w005
14185,27,minibatch_k64,text_pca256_lexical_w005
14186,18,minibatch_k64,text_pca256_lexical_w005
14187,18,minibatch_k64,text_pca256_lexical_w005
14188,45,minibatch_k64,text_pca256_lexical_w005
14189,33,minibatch_k64,text_pca256_lexical_w005
14190,42,minibatch_k64,text_pca256_lexical_w005
14191,15,minibatch_k64,text_pca256_lexical_w005
14192,27,minibatch_k64,text_pca256_lexical_w005
14193,45,minibatch_k64,text_pca256_lexical_w005
14194,18,minibatch_k64,text_pca256_lexical_w005
14195,18,minibatch_k64,text_pca256_lexical_w005
14196,15,minibatch_k64,text_pca256_lexical_w005
14197,0,minibatch_k64,text_pca256_lexical_w005
14198,8,minibatch_k64,text_pca256_lexical_w005
14199,18,minibatch_k64,text_pca256_lexical_w005
14200,18,minibatch_k64,text_pca256_lexical_w005
14201,18,minibatch_k64,text_pca256_lexical_w005
14202,18,minibatch_k64,text_pca256_lexical_w005
14203,0,minibatch_k64,text_pca256_lexical_w005
14204,0,minibatch_k64,text_pca256_lexical_w005
14205,62,minibatch_k64,text_pca256_lexical_w005
14206,33,minibatch_k64,text_pca256_lexical_w005
14207,27,minibatch_k64,text_pca256_lexical_w005
14208,18,minibatch_k64,text_pca256_lexical_w005
14209,23,minibatch_k64,text_pca256_lexical_w005
14210,42,minibatch_k64,text_pca256_lexical_w005
14211,18,minibatch_k64,text_pca256_lexical_w005
14212,59,minibatch_k64,text_pca256_lexical_w005
14213,45,minibatch_k64,text_pca256_lexical_w005
14214,59,minibatch_k64,text_pca256_lexical_w005
14215,62,minibatch_k64,text_pca256_lexical_w005
14216,59,minibatch_k64,text_pca256_lexical_w005
14217,53,minibatch_k64,text_pca256_lexical_w005
14218,53,minibatch_k64,text_pca256_lexical_w005
14219,53,minibatch_k64,text_pca256_lexical_w005
14220,18,minibatch_k64,text_pca256_lexical_w005
14221,34,minibatch_k64,text_pca256_lexical_w005
14222,59,minibatch_k64,text_pca256_lexical_w005
14223,53,minibatch_k64,text_pca256_lexical_w005
14224,53,minibatch_k64,text_pca256_lexical_w005
14225,59,minibatch_k64,text_pca256_lexical_w005
14226,59,minibatch_k64,text_pca256_lexical_w005
14227,59,minibatch_k64,text_pca256_lexical_w005
14228,53,minibatch_k64,text_pca256_lexical_w005
14229,8,minibatch_k64,text_pca256_lexical_w005
14230,45,minibatch_k64,text_pca256_lexical_w005
14231,18,minibatch_k64,text_pca256_lexical_w005
14232,59,minibatch_k64,text_pca256_lexical_w005
14233,45,minibatch_k64,text_pca256_lexical_w005
14234,45,minibatch_k64,text_pca256_lexical_w005
14235,15,minibatch_k64,text_pca256_lexical_w005
14236,45,minibatch_k64,text_pca256_lexical_w005
14237,59,minibatch_k64,text_pca256_lexical_w005
14238,59,minibatch_k64,text_pca256_lexical_w005
14239,59,minibatch_k64,text_pca256_lexical_w005
14240,33,minibatch_k64,text_pca256_lexical_w005
14241,45,minibatch_k64,text_pca256_lexical_w005
14242,34,minibatch_k64,text_pca256_lexical_w005
14243,45,minibatch_k64,text_pca256_lexical_w005
14244,59,minibatch_k64,text_pca256_lexical_w005
14245,45,minibatch_k64,text_pca256_lexical_w005
14246,59,minibatch_k64,text_pca256_lexical_w005
14247,39,minibatch_k64,text_pca256_lexical_w005
14248,59,minibatch_k64,text_pca256_lexical_w005
14249,59,minibatch_k64,text_pca256_lexical_w005
14250,53,minibatch_k64,text_pca256_lexical_w005
14251,45,minibatch_k64,text_pca256_lexical_w005
14252,59,minibatch_k64,text_pca256_lexical_w005
14253,45,minibatch_k64,text_pca256_lexical_w005
14254,59,minibatch_k64,text_pca256_lexical_w005
14255,59,minibatch_k64,text_pca256_lexical_w005
14256,59,minibatch_k64,text_pca256_lexical_w005
14257,45,minibatch_k64,text_pca256_lexical_w005
14258,15,minibatch_k64,text_pca256_lexical_w005
14259,56,minibatch_k64,text_pca256_lexical_w005
14260,59,minibatch_k64,text_pca256_lexical_w005
14261,45,minibatch_k64,text_pca256_lexical_w005
14262,59,minibatch_k64,text_pca256_lexical_w005
14263,45,minibatch_k64,text_pca256_lexical_w005
14264,59,minibatch_k64,text_pca256_lexical_w005
14265,59,minibatch_k64,text_pca256_lexical_w005
14266,45,minibatch_k64,text_pca256_lexical_w005
14267,59,minibatch_k64,text_pca256_lexical_w005
14268,0,minibatch_k64,text_pca256_lexical_w005
14269,0,minibatch_k64,text_pca256_lexical_w005
14270,34,minibatch_k64,text_pca256_lexical_w005
14271,62,minibatch_k64,text_pca256_lexical_w005
14272,62,minibatch_k64,text_pca256_lexical_w005
14273,62,minibatch_k64,text_pca256_lexical_w005
14274,62,minibatch_k64,text_pca256_lexical_w005
14275,62,minibatch_k64,text_pca256_lexical_w005
14276,62,minibatch_k64,text_pca256_lexical_w005
14277,62,minibatch_k64,text_pca256_lexical_w005
14278,62,minibatch_k64,text_pca256_lexical_w005
14279,62,minibatch_k64,text_pca256_lexical_w005
14280,62,minibatch_k64,text_pca256_lexical_w005
14281,62,minibatch_k64,text_pca256_lexical_w005
14282,42,minibatch_k64,text_pca256_lexical_w005
14283,23,minibatch_k64,text_pca256_lexical_w005
14284,33,minibatch_k64,text_pca256_lexical_w005
14285,33,minibatch_k64,text_pca256_lexical_w005
14286,62,minibatch_k64,text_pca256_lexical_w005
14287,53,minibatch_k64,text_pca256_lexical_w005
14288,0,minibatch_k64,text_pca256_lexical_w005
14289,15,minibatch_k64,text_pca256_lexical_w005
14290,59,minibatch_k64,text_pca256_lexical_w005
14291,10,minibatch_k64,text_pca256_lexical_w005
14292,5,minibatch_k64,text_pca256_lexical_w005
14293,10,minibatch_k64,text_pca256_lexical_w005
14294,62,minibatch_k64,text_pca256_lexical_w005
14295,62,minibatch_k64,text_pca256_lexical_w005
14296,33,minibatch_k64,text_pca256_lexical_w005
14297,0,minibatch_k64,text_pca256_lexical_w005
14298,23,minibatch_k64,text_pca256_lexical_w005
14299,61,minibatch_k64,text_pca256_lexical_w005
14300,62,minibatch_k64,text_pca256_lexical_w005
14301,8,minibatch_k64,text_pca256_lexical_w005
14302,10,minibatch_k64,text_pca256_lexical_w005
14303,62,minibatch_k64,text_pca256_lexical_w005
14304,10,minibatch_k64,text_pca256_lexical_w005
14305,23,minibatch_k64,text_pca256_lexical_w005
14306,21,minibatch_k64,text_pca256_lexical_w005
14307,23,minibatch_k64,text_pca256_lexical_w005
14308,55,minibatch_k64,text_pca256_lexical_w005
14309,8,minibatch_k64,text_pca256_lexical_w005
14310,0,minibatch_k64,text_pca256_lexical_w005
14311,61,minibatch_k64,text_pca256_lexical_w005
14312,59,minibatch_k64,text_pca256_lexical_w005
14313,0,minibatch_k64,text_pca256_lexical_w005
14314,0,minibatch_k64,text_pca256_lexical_w005
14315,15,minibatch_k64,text_pca256_lexical_w005
14316,23,minibatch_k64,text_pca256_lexical_w005
14317,62,minibatch_k64,text_pca256_lexical_w005
14318,62,minibatch_k64,text_pca256_lexical_w005
14319,33,minibatch_k64,text_pca256_lexical_w005
14320,62,minibatch_k64,text_pca256_lexical_w005
14321,33,minibatch_k64,text_pca256_lexical_w005
14322,15,minibatch_k64,text_pca256_lexical_w005
14323,61,minibatch_k64,text_pca256_lexical_w005
14324,15,minibatch_k64,text_pca256_lexical_w005
14325,10,minibatch_k64,text_pca256_lexical_w005
14326,62,minibatch_k64,text_pca256_lexical_w005
14327,23,minibatch_k64,text_pca256_lexical_w005
14328,0,minibatch_k64,text_pca256_lexical_w005
14329,23,minibatch_k64,text_pca256_lexical_w005
14330,62,minibatch_k64,text_pca256_lexical_w005
14331,39,minibatch_k64,text_pca256_lexical_w005
14332,15,minibatch_k64,text_pca256_lexical_w005
14333,23,minibatch_k64,text_pca256_lexical_w005
14334,10,minibatch_k64,text_pca256_lexical_w005
14335,0,minibatch_k64,text_pca256_lexical_w005
14336,0,minibatch_k64,text_pca256_lexical_w005
14337,8,minibatch_k64,text_pca256_lexical_w005
14338,15,minibatch_k64,text_pca256_lexical_w005
14339,15,minibatch_k64,text_pca256_lexical_w005
14340,59,minibatch_k64,text_pca256_lexical_w005
14341,62,minibatch_k64,text_pca256_lexical_w005
14342,23,minibatch_k64,text_pca256_lexical_w005
14343,15,minibatch_k64,text_pca256_lexical_w005
14344,0,minibatch_k64,text_pca256_lexical_w005
14345,8,minibatch_k64,text_pca256_lexical_w005
14346,23,minibatch_k64,text_pca256_lexical_w005
14347,10,minibatch_k64,text_pca256_lexical_w005
14348,23,minibatch_k64,text_pca256_lexical_w005
14349,23,minibatch_k64,text_pca256_lexical_w005
14350,2,minibatch_k64,text_pca256_lexical_w005
14351,23,minibatch_k64,text_pca256_lexical_w005
14352,5,minibatch_k64,text_pca256_lexical_w005
14353,21,minibatch_k64,text_pca256_lexical_w005
14354,10,minibatch_k64,text_pca256_lexical_w005
14355,5,minibatch_k64,text_pca256_lexical_w005
14356,15,minibatch_k64,text_pca256_lexical_w005
14357,23,minibatch_k64,text_pca256_lexical_w005
14358,0,minibatch_k64,text_pca256_lexical_w005
14359,0,minibatch_k64,text_pca256_lexical_w005
14360,0,minibatch_k64,text_pca256_lexical_w005
14361,45,minibatch_k64,text_pca256_lexical_w005
14362,59,minibatch_k64,text_pca256_lexical_w005
14363,15,minibatch_k64,text_pca256_lexical_w005
14364,62,minibatch_k64,text_pca256_lexical_w005
14365,0,minibatch_k64,text_pca256_lexical_w005
14366,23,minibatch_k64,text_pca256_lexical_w005
14367,62,minibatch_k64,text_pca256_lexical_w005
14368,23,minibatch_k64,text_pca256_lexical_w005
14369,23,minibatch_k64,text_pca256_lexical_w005
14370,23,minibatch_k64,text_pca256_lexical_w005
14371,0,minibatch_k64,text_pca256_lexical_w005
14372,0,minibatch_k64,text_pca256_lexical_w005
14373,55,minibatch_k64,text_pca256_lexical_w005
14374,5,minibatch_k64,text_pca256_lexical_w005
14375,0,minibatch_k64,text_pca256_lexical_w005
14376,23,minibatch_k64,text_pca256_lexical_w005
14377,62,minibatch_k64,text_pca256_lexical_w005
14378,45,minibatch_k64,text_pca256_lexical_w005
14379,23,minibatch_k64,text_pca256_lexical_w005
14380,21,minibatch_k64,text_pca256_lexical_w005
14381,10,minibatch_k64,text_pca256_lexical_w005
14382,0,minibatch_k64,text_pca256_lexical_w005
14383,0,minibatch_k64,text_pca256_lexical_w005
14384,15,minibatch_k64,text_pca256_lexical_w005
14385,12,minibatch_k64,text_pca256_lexical_w005
14386,10,minibatch_k64,text_pca256_lexical_w005
14387,8,minibatch_k64,text_pca256_lexical_w005
14388,15,minibatch_k64,text_pca256_lexical_w005
14389,15,minibatch_k64,text_pca256_lexical_w005
14390,8,minibatch_k64,text_pca256_lexical_w005
14391,5,minibatch_k64,text_pca256_lexical_w005
14392,0,minibatch_k64,text_pca256_lexical_w005
14393,5,minibatch_k64,text_pca256_lexical_w005
14394,62,minibatch_k64,text_pca256_lexical_w005
14395,55,minibatch_k64,text_pca256_lexical_w005
14396,5,minibatch_k64,text_pca256_lexical_w005
14397,62,minibatch_k64,text_pca256_lexical_w005
14398,23,minibatch_k64,text_pca256_lexical_w005
14399,59,minibatch_k64,text_pca256_lexical_w005
14400,15,minibatch_k64,text_pca256_lexical_w005
14401,62,minibatch_k64,text_pca256_lexical_w005
14402,0,minibatch_k64,text_pca256_lexical_w005
14403,0,minibatch_k64,text_pca256_lexical_w005
14404,62,minibatch_k64,text_pca256_lexical_w005
14405,62,minibatch_k64,text_pca256_lexical_w005
14406,15,minibatch_k64,text_pca256_lexical_w005
14407,59,minibatch_k64,text_pca256_lexical_w005
14408,23,minibatch_k64,text_pca256_lexical_w005
14409,55,minibatch_k64,text_pca256_lexical_w005
14410,0,minibatch_k64,text_pca256_lexical_w005
14411,12,minibatch_k64,text_pca256_lexical_w005
14412,62,minibatch_k64,text_pca256_lexical_w005
14413,23,minibatch_k64,text_pca256_lexical_w005
14414,23,minibatch_k64,text_pca256_lexical_w005
14415,23,minibatch_k64,text_pca256_lexical_w005
14416,23,minibatch_k64,text_pca256_lexical_w005
14417,33,minibatch_k64,text_pca256_lexical_w005
14418,62,minibatch_k64,text_pca256_lexical_w005
14419,10,minibatch_k64,text_pca256_lexical_w005
14420,21,minibatch_k64,text_pca256_lexical_w005
14421,0,minibatch_k64,text_pca256_lexical_w005
14422,59,minibatch_k64,text_pca256_lexical_w005
14423,8,minibatch_k64,text_pca256_lexical_w005
14424,21,minibatch_k64,text_pca256_lexical_w005
14425,45,minibatch_k64,text_pca256_lexical_w005
14426,55,minibatch_k64,text_pca256_lexical_w005
14427,59,minibatch_k64,text_pca256_lexical_w005
14428,23,minibatch_k64,text_pca256_lexical_w005
14429,0,minibatch_k64,text_pca256_lexical_w005
14430,62,minibatch_k64,text_pca256_lexical_w005
14431,0,minibatch_k64,text_pca256_lexical_w005
14432,23,minibatch_k64,text_pca256_lexical_w005
14433,5,minibatch_k64,text_pca256_lexical_w005
14434,62,minibatch_k64,text_pca256_lexical_w005
14435,18,minibatch_k64,text_pca256_lexical_w005
14436,59,minibatch_k64,text_pca256_lexical_w005
14437,12,minibatch_k64,text_pca256_lexical_w005
14438,40,minibatch_k64,text_pca256_lexical_w005
14439,23,minibatch_k64,text_pca256_lexical_w005
14440,58,minibatch_k64,text_pca256_lexical_w005
14441,10,minibatch_k64,text_pca256_lexical_w005
14442,38,minibatch_k64,text_pca256_lexical_w005
14443,23,minibatch_k64,text_pca256_lexical_w005
14444,55,minibatch_k64,text_pca256_lexical_w005
14445,63,minibatch_k64,text_pca256_lexical_w005
14446,8,minibatch_k64,text_pca256_lexical_w005
14447,23,minibatch_k64,text_pca256_lexical_w005
14448,21,minibatch_k64,text_pca256_lexical_w005
14449,23,minibatch_k64,text_pca256_lexical_w005
14450,23,minibatch_k64,text_pca256_lexical_w005
14451,50,minibatch_k64,text_pca256_lexical_w005
14452,50,minibatch_k64,text_pca256_lexical_w005
14453,23,minibatch_k64,text_pca256_lexical_w005
14454,23,minibatch_k64,text_pca256_lexical_w005
14455,0,minibatch_k64,text_pca256_lexical_w005
14456,62,minibatch_k64,text_pca256_lexical_w005
14457,23,minibatch_k64,text_pca256_lexical_w005
14458,62,minibatch_k64,text_pca256_lexical_w005
14459,23,minibatch_k64,text_pca256_lexical_w005
14460,23,minibatch_k64,text_pca256_lexical_w005
14461,23,minibatch_k64,text_pca256_lexical_w005
14462,23,minibatch_k64,text_pca256_lexical_w005
14463,23,minibatch_k64,text_pca256_lexical_w005
14464,23,minibatch_k64,text_pca256_lexical_w005
14465,2,minibatch_k64,text_pca256_lexical_w005
14466,50,minibatch_k64,text_pca256_lexical_w005
14467,23,minibatch_k64,text_pca256_lexical_w005
14468,23,minibatch_k64,text_pca256_lexical_w005
14469,2,minibatch_k64,text_pca256_lexical_w005
14470,23,minibatch_k64,text_pca256_lexical_w005
14471,23,minibatch_k64,text_pca256_lexical_w005
14472,0,minibatch_k64,text_pca256_lexical_w005
14473,23,minibatch_k64,text_pca256_lexical_w005
14474,0,minibatch_k64,text_pca256_lexical_w005
14475,23,minibatch_k64,text_pca256_lexical_w005
14476,0,minibatch_k64,text_pca256_lexical_w005
14477,62,minibatch_k64,text_pca256_lexical_w005
14478,2,minibatch_k64,text_pca256_lexical_w005
14479,0,minibatch_k64,text_pca256_lexical_w005
14480,5,minibatch_k64,text_pca256_lexical_w005
14481,0,minibatch_k64,text_pca256_lexical_w005
14482,23,minibatch_k64,text_pca256_lexical_w005
14483,23,minibatch_k64,text_pca256_lexical_w005
14484,0,minibatch_k64,text_pca256_lexical_w005
14485,4,minibatch_k64,text_pca256_lexical_w005
14486,21,minibatch_k64,text_pca256_lexical_w005
14487,45,minibatch_k64,text_pca256_lexical_w005
14488,45,minibatch_k64,text_pca256_lexical_w005
14489,62,minibatch_k64,text_pca256_lexical_w005
14490,55,minibatch_k64,text_pca256_lexical_w005
14491,37,minibatch_k64,text_pca256_lexical_w005
14492,16,minibatch_k64,text_pca256_lexical_w005
14493,23,minibatch_k64,text_pca256_lexical_w005
14494,20,minibatch_k64,text_pca256_lexical_w005
14495,23,minibatch_k64,text_pca256_lexical_w005
14496,8,minibatch_k64,text_pca256_lexical_w005
14497,55,minibatch_k64,text_pca256_lexical_w005
14498,10,minibatch_k64,text_pca256_lexical_w005
14499,59,minibatch_k64,text_pca256_lexical_w005
14500,15,minibatch_k64,text_pca256_lexical_w005
14501,23,minibatch_k64,text_pca256_lexical_w005
14502,23,minibatch_k64,text_pca256_lexical_w005
14503,42,minibatch_k64,text_pca256_lexical_w005
14504,55,minibatch_k64,text_pca256_lexical_w005
14505,37,minibatch_k64,text_pca256_lexical_w005
14506,53,minibatch_k64,text_pca256_lexical_w005
14507,53,minibatch_k64,text_pca256_lexical_w005
14508,15,minibatch_k64,text_pca256_lexical_w005
14509,0,minibatch_k64,text_pca256_lexical_w005
14510,0,minibatch_k64,text_pca256_lexical_w005
14511,0,minibatch_k64,text_pca256_lexical_w005
14512,0,minibatch_k64,text_pca256_lexical_w005
14513,62,minibatch_k64,text_pca256_lexical_w005
14514,23,minibatch_k64,text_pca256_lexical_w005
14515,62,minibatch_k64,text_pca256_lexical_w005
14516,55,minibatch_k64,text_pca256_lexical_w005
14517,53,minibatch_k64,text_pca256_lexical_w005
14518,55,minibatch_k64,text_pca256_lexical_w005
14519,23,minibatch_k64,text_pca256_lexical_w005
14520,23,minibatch_k64,text_pca256_lexical_w005
14521,23,minibatch_k64,text_pca256_lexical_w005
14522,62,minibatch_k64,text_pca256_lexical_w005
14523,0,minibatch_k64,text_pca256_lexical_w005
14524,23,minibatch_k64,text_pca256_lexical_w005
14525,0,minibatch_k64,text_pca256_lexical_w005
14526,23,minibatch_k64,text_pca256_lexical_w005
14527,21,minibatch_k64,text_pca256_lexical_w005
14528,16,minibatch_k64,text_pca256_lexical_w005
14529,23,minibatch_k64,text_pca256_lexical_w005
14530,0,minibatch_k64,text_pca256_lexical_w005
14531,33,minibatch_k64,text_pca256_lexical_w005
14532,18,minibatch_k64,text_pca256_lexical_w005
14533,21,minibatch_k64,text_pca256_lexical_w005
14534,59,minibatch_k64,text_pca256_lexical_w005
14535,55,minibatch_k64,text_pca256_lexical_w005
14536,22,minibatch_k64,text_pca256_lexical_w005
14537,15,minibatch_k64,text_pca256_lexical_w005
14538,33,minibatch_k64,text_pca256_lexical_w005
14539,45,minibatch_k64,text_pca256_lexical_w005
14540,59,minibatch_k64,text_pca256_lexical_w005
14541,2,minibatch_k64,text_pca256_lexical_w005
14542,59,minibatch_k64,text_pca256_lexical_w005
14543,23,minibatch_k64,text_pca256_lexical_w005
14544,0,minibatch_k64,text_pca256_lexical_w005
14545,10,minibatch_k64,text_pca256_lexical_w005
14546,18,minibatch_k64,text_pca256_lexical_w005
14547,18,minibatch_k64,text_pca256_lexical_w005
14548,0,minibatch_k64,text_pca256_lexical_w005
14549,18,minibatch_k64,text_pca256_lexical_w005
14550,18,minibatch_k64,text_pca256_lexical_w005
14551,62,minibatch_k64,text_pca256_lexical_w005
14552,2,minibatch_k64,text_pca256_lexical_w005
14553,47,minibatch_k64,text_pca256_lexical_w005
14554,18,minibatch_k64,text_pca256_lexical_w005
14555,23,minibatch_k64,text_pca256_lexical_w005
14556,59,minibatch_k64,text_pca256_lexical_w005
14557,59,minibatch_k64,text_pca256_lexical_w005
14558,2,minibatch_k64,text_pca256_lexical_w005
14559,21,minibatch_k64,text_pca256_lexical_w005
14560,23,minibatch_k64,text_pca256_lexical_w005
14561,12,minibatch_k64,text_pca256_lexical_w005
14562,23,minibatch_k64,text_pca256_lexical_w005
14563,23,minibatch_k64,text_pca256_lexical_w005
14564,8,minibatch_k64,text_pca256_lexical_w005
14565,47,minibatch_k64,text_pca256_lexical_w005
14566,2,minibatch_k64,text_pca256_lexical_w005
14567,59,minibatch_k64,text_pca256_lexical_w005
14568,23,minibatch_k64,text_pca256_lexical_w005
14569,0,minibatch_k64,text_pca256_lexical_w005
14570,23,minibatch_k64,text_pca256_lexical_w005
14571,59,minibatch_k64,text_pca256_lexical_w005
14572,23,minibatch_k64,text_pca256_lexical_w005
14573,23,minibatch_k64,text_pca256_lexical_w005
14574,18,minibatch_k64,text_pca256_lexical_w005
14575,47,minibatch_k64,text_pca256_lexical_w005
14576,47,minibatch_k64,text_pca256_lexical_w005
14577,62,minibatch_k64,text_pca256_lexical_w005
14578,15,minibatch_k64,text_pca256_lexical_w005
14579,12,minibatch_k64,text_pca256_lexical_w005
14580,12,minibatch_k64,text_pca256_lexical_w005
14581,62,minibatch_k64,text_pca256_lexical_w005
14582,8,minibatch_k64,text_pca256_lexical_w005
14583,56,minibatch_k64,text_pca256_lexical_w005
14584,10,minibatch_k64,text_pca256_lexical_w005
14585,62,minibatch_k64,text_pca256_lexical_w005
14586,53,minibatch_k64,text_pca256_lexical_w005
14587,33,minibatch_k64,text_pca256_lexical_w005
14588,15,minibatch_k64,text_pca256_lexical_w005
14589,53,minibatch_k64,text_pca256_lexical_w005
14590,62,minibatch_k64,text_pca256_lexical_w005
14591,2,minibatch_k64,text_pca256_lexical_w005
14592,0,minibatch_k64,text_pca256_lexical_w005
14593,59,minibatch_k64,text_pca256_lexical_w005
14594,18,minibatch_k64,text_pca256_lexical_w005
14595,33,minibatch_k64,text_pca256_lexical_w005
14596,8,minibatch_k64,text_pca256_lexical_w005
14597,62,minibatch_k64,text_pca256_lexical_w005
14598,10,minibatch_k64,text_pca256_lexical_w005
14599,59,minibatch_k64,text_pca256_lexical_w005
14600,0,minibatch_k64,text_pca256_lexical_w005
14601,32,minibatch_k64,text_pca256_lexical_w005
14602,10,minibatch_k64,text_pca256_lexical_w005
14603,16,minibatch_k64,text_pca256_lexical_w005
14604,0,minibatch_k64,text_pca256_lexical_w005
14605,10,minibatch_k64,text_pca256_lexical_w005
14606,23,minibatch_k64,text_pca256_lexical_w005
14607,23,minibatch_k64,text_pca256_lexical_w005
14608,0,minibatch_k64,text_pca256_lexical_w005
14609,0,minibatch_k64,text_pca256_lexical_w005
14610,18,minibatch_k64,text_pca256_lexical_w005
14611,12,minibatch_k64,text_pca256_lexical_w005
14612,15,minibatch_k64,text_pca256_lexical_w005
14613,33,minibatch_k64,text_pca256_lexical_w005
14614,23,minibatch_k64,text_pca256_lexical_w005
14615,62,minibatch_k64,text_pca256_lexical_w005
14616,23,minibatch_k64,text_pca256_lexical_w005
14617,55,minibatch_k64,text_pca256_lexical_w005
14618,63,minibatch_k64,text_pca256_lexical_w005
14619,0,minibatch_k64,text_pca256_lexical_w005
14620,33,minibatch_k64,text_pca256_lexical_w005
14621,62,minibatch_k64,text_pca256_lexical_w005
14622,62,minibatch_k64,text_pca256_lexical_w005
14623,8,minibatch_k64,text_pca256_lexical_w005
14624,33,minibatch_k64,text_pca256_lexical_w005
14625,0,minibatch_k64,text_pca256_lexical_w005
14626,0,minibatch_k64,text_pca256_lexical_w005
14627,59,minibatch_k64,text_pca256_lexical_w005
14628,0,minibatch_k64,text_pca256_lexical_w005
14629,2,minibatch_k64,text_pca256_lexical_w005
14630,21,minibatch_k64,text_pca256_lexical_w005
14631,23,minibatch_k64,text_pca256_lexical_w005
14632,59,minibatch_k64,text_pca256_lexical_w005
14633,23,minibatch_k64,text_pca256_lexical_w005
14634,59,minibatch_k64,text_pca256_lexical_w005
14635,23,minibatch_k64,text_pca256_lexical_w005
14636,16,minibatch_k64,text_pca256_lexical_w005
14637,62,minibatch_k64,text_pca256_lexical_w005
14638,55,minibatch_k64,text_pca256_lexical_w005
14639,16,minibatch_k64,text_pca256_lexical_w005
14640,2,minibatch_k64,text_pca256_lexical_w005
14641,15,minibatch_k64,text_pca256_lexical_w005
14642,33,minibatch_k64,text_pca256_lexical_w005
14643,15,minibatch_k64,text_pca256_lexical_w005
14644,0,minibatch_k64,text_pca256_lexical_w005
14645,39,minibatch_k64,text_pca256_lexical_w005
14646,10,minibatch_k64,text_pca256_lexical_w005
14647,62,minibatch_k64,text_pca256_lexical_w005
14648,0,minibatch_k64,text_pca256_lexical_w005
14649,23,minibatch_k64,text_pca256_lexical_w005
14650,15,minibatch_k64,text_pca256_lexical_w005
14651,45,minibatch_k64,text_pca256_lexical_w005
14652,45,minibatch_k64,text_pca256_lexical_w005
14653,2,minibatch_k64,text_pca256_lexical_w005
14654,45,minibatch_k64,text_pca256_lexical_w005
14655,0,minibatch_k64,text_pca256_lexical_w005
14656,45,minibatch_k64,text_pca256_lexical_w005
14657,0,minibatch_k64,text_pca256_lexical_w005
14658,0,minibatch_k64,text_pca256_lexical_w005
14659,45,minibatch_k64,text_pca256_lexical_w005
14660,16,minibatch_k64,text_pca256_lexical_w005
14661,0,minibatch_k64,text_pca256_lexical_w005
14662,23,minibatch_k64,text_pca256_lexical_w005
14663,23,minibatch_k64,text_pca256_lexical_w005
14664,0,minibatch_k64,text_pca256_lexical_w005
14665,16,minibatch_k64,text_pca256_lexical_w005
14666,0,minibatch_k64,text_pca256_lexical_w005
14667,32,minibatch_k64,text_pca256_lexical_w005
14668,0,minibatch_k64,text_pca256_lexical_w005
14669,0,minibatch_k64,text_pca256_lexical_w005
14670,16,minibatch_k64,text_pca256_lexical_w005
14671,45,minibatch_k64,text_pca256_lexical_w005
14672,33,minibatch_k64,text_pca256_lexical_w005
14673,0,minibatch_k64,text_pca256_lexical_w005
14674,15,minibatch_k64,text_pca256_lexical_w005
14675,39,minibatch_k64,text_pca256_lexical_w005
14676,33,minibatch_k64,text_pca256_lexical_w005
14677,62,minibatch_k64,text_pca256_lexical_w005
14678,15,minibatch_k64,text_pca256_lexical_w005
14679,39,minibatch_k64,text_pca256_lexical_w005
14680,39,minibatch_k64,text_pca256_lexical_w005
14681,15,minibatch_k64,text_pca256_lexical_w005
14682,23,minibatch_k64,text_pca256_lexical_w005
14683,16,minibatch_k64,text_pca256_lexical_w005
14684,8,minibatch_k64,text_pca256_lexical_w005
14685,10,minibatch_k64,text_pca256_lexical_w005
14686,45,minibatch_k64,text_pca256_lexical_w005
14687,32,minibatch_k64,text_pca256_lexical_w005
14688,15,minibatch_k64,text_pca256_lexical_w005
14689,18,minibatch_k64,text_pca256_lexical_w005
14690,0,minibatch_k64,text_pca256_lexical_w005
14691,10,minibatch_k64,text_pca256_lexical_w005
14692,0,minibatch_k64,text_pca256_lexical_w005
14693,0,minibatch_k64,text_pca256_lexical_w005
14694,62,minibatch_k64,text_pca256_lexical_w005
14695,59,minibatch_k64,text_pca256_lexical_w005
14696,10,minibatch_k64,text_pca256_lexical_w005
14697,0,minibatch_k64,text_pca256_lexical_w005
14698,0,minibatch_k64,text_pca256_lexical_w005
14699,45,minibatch_k64,text_pca256_lexical_w005
14700,18,minibatch_k64,text_pca256_lexical_w005
14701,15,minibatch_k64,text_pca256_lexical_w005
14702,62,minibatch_k64,text_pca256_lexical_w005
14703,0,minibatch_k64,text_pca256_lexical_w005
14704,33,minibatch_k64,text_pca256_lexical_w005
14705,62,minibatch_k64,text_pca256_lexical_w005
14706,8,minibatch_k64,text_pca256_lexical_w005
14707,45,minibatch_k64,text_pca256_lexical_w005
14708,23,minibatch_k64,text_pca256_lexical_w005
14709,62,minibatch_k64,text_pca256_lexical_w005
14710,5,minibatch_k64,text_pca256_lexical_w005
14711,23,minibatch_k64,text_pca256_lexical_w005
14712,0,minibatch_k64,text_pca256_lexical_w005
14713,0,minibatch_k64,text_pca256_lexical_w005
14714,23,minibatch_k64,text_pca256_lexical_w005
14715,23,minibatch_k64,text_pca256_lexical_w005
14716,33,minibatch_k64,text_pca256_lexical_w005
14717,23,minibatch_k64,text_pca256_lexical_w005
14718,45,minibatch_k64,text_pca256_lexical_w005
14719,62,minibatch_k64,text_pca256_lexical_w005
14720,8,minibatch_k64,text_pca256_lexical_w005
14721,18,minibatch_k64,text_pca256_lexical_w005
14722,10,minibatch_k64,text_pca256_lexical_w005
14723,0,minibatch_k64,text_pca256_lexical_w005
14724,50,minibatch_k64,text_pca256_lexical_w005
14725,23,minibatch_k64,text_pca256_lexical_w005
14726,45,minibatch_k64,text_pca256_lexical_w005
14727,33,minibatch_k64,text_pca256_lexical_w005
14728,62,minibatch_k64,text_pca256_lexical_w005
14729,15,minibatch_k64,text_pca256_lexical_w005
14730,8,minibatch_k64,text_pca256_lexical_w005
14731,8,minibatch_k64,text_pca256_lexical_w005
14732,8,minibatch_k64,text_pca256_lexical_w005
14733,18,minibatch_k64,text_pca256_lexical_w005
14734,62,minibatch_k64,text_pca256_lexical_w005
14735,0,minibatch_k64,text_pca256_lexical_w005
14736,48,minibatch_k64,text_pca256_lexical_w005
14737,10,minibatch_k64,text_pca256_lexical_w005
14738,59,minibatch_k64,text_pca256_lexical_w005
14739,0,minibatch_k64,text_pca256_lexical_w005
14740,18,minibatch_k64,text_pca256_lexical_w005
14741,23,minibatch_k64,text_pca256_lexical_w005
14742,45,minibatch_k64,text_pca256_lexical_w005
14743,45,minibatch_k64,text_pca256_lexical_w005
14744,18,minibatch_k64,text_pca256_lexical_w005
14745,18,minibatch_k64,text_pca256_lexical_w005
14746,23,minibatch_k64,text_pca256_lexical_w005
14747,18,minibatch_k64,text_pca256_lexical_w005
14748,18,minibatch_k64,text_pca256_lexical_w005
14749,18,minibatch_k64,text_pca256_lexical_w005
14750,18,minibatch_k64,text_pca256_lexical_w005
14751,62,minibatch_k64,text_pca256_lexical_w005
14752,0,minibatch_k64,text_pca256_lexical_w005
14753,18,minibatch_k64,text_pca256_lexical_w005
14754,45,minibatch_k64,text_pca256_lexical_w005
14755,45,minibatch_k64,text_pca256_lexical_w005
14756,53,minibatch_k64,text_pca256_lexical_w005
14757,45,minibatch_k64,text_pca256_lexical_w005
14758,45,minibatch_k64,text_pca256_lexical_w005
14759,23,minibatch_k64,text_pca256_lexical_w005
14760,39,minibatch_k64,text_pca256_lexical_w005
14761,59,minibatch_k64,text_pca256_lexical_w005
14762,10,minibatch_k64,text_pca256_lexical_w005
14763,23,minibatch_k64,text_pca256_lexical_w005
14764,0,minibatch_k64,text_pca256_lexical_w005
14765,39,minibatch_k64,text_pca256_lexical_w005
14766,23,minibatch_k64,text_pca256_lexical_w005
14767,23,minibatch_k64,text_pca256_lexical_w005
14768,10,minibatch_k64,text_pca256_lexical_w005
14769,23,minibatch_k64,text_pca256_lexical_w005
14770,23,minibatch_k64,text_pca256_lexical_w005
14771,6,minibatch_k64,text_pca256_lexical_w005
14772,23,minibatch_k64,text_pca256_lexical_w005
14773,23,minibatch_k64,text_pca256_lexical_w005
14774,15,minibatch_k64,text_pca256_lexical_w005
14775,33,minibatch_k64,text_pca256_lexical_w005
14776,53,minibatch_k64,text_pca256_lexical_w005
14777,23,minibatch_k64,text_pca256_lexical_w005
14778,0,minibatch_k64,text_pca256_lexical_w005
14779,10,minibatch_k64,text_pca256_lexical_w005
14780,10,minibatch_k64,text_pca256_lexical_w005
14781,33,minibatch_k64,text_pca256_lexical_w005
14782,23,minibatch_k64,text_pca256_lexical_w005
14783,53,minibatch_k64,text_pca256_lexical_w005
14784,62,minibatch_k64,text_pca256_lexical_w005
14785,8,minibatch_k64,text_pca256_lexical_w005
14786,10,minibatch_k64,text_pca256_lexical_w005
14787,10,minibatch_k64,text_pca256_lexical_w005
14788,56,minibatch_k64,text_pca256_lexical_w005
14789,10,minibatch_k64,text_pca256_lexical_w005
14790,15,minibatch_k64,text_pca256_lexical_w005
14791,2,minibatch_k64,text_pca256_lexical_w005
14792,53,minibatch_k64,text_pca256_lexical_w005
14793,10,minibatch_k64,text_pca256_lexical_w005
14794,56,minibatch_k64,text_pca256_lexical_w005
14795,53,minibatch_k64,text_pca256_lexical_w005
14796,15,minibatch_k64,text_pca256_lexical_w005
14797,0,minibatch_k64,text_pca256_lexical_w005
14798,10,minibatch_k64,text_pca256_lexical_w005
14799,10,minibatch_k64,text_pca256_lexical_w005
14800,10,minibatch_k64,text_pca256_lexical_w005
14801,10,minibatch_k64,text_pca256_lexical_w005
14802,48,minibatch_k64,text_pca256_lexical_w005
14803,23,minibatch_k64,text_pca256_lexical_w005
14804,23,minibatch_k64,text_pca256_lexical_w005
14805,5,minibatch_k64,text_pca256_lexical_w005
14806,23,minibatch_k64,text_pca256_lexical_w005
14807,23,minibatch_k64,text_pca256_lexical_w005
14808,10,minibatch_k64,text_pca256_lexical_w005
14809,10,minibatch_k64,text_pca256_lexical_w005
14810,10,minibatch_k64,text_pca256_lexical_w005
14811,62,minibatch_k64,text_pca256_lexical_w005
14812,62,minibatch_k64,text_pca256_lexical_w005
14813,62,minibatch_k64,text_pca256_lexical_w005
14814,21,minibatch_k64,text_pca256_lexical_w005
14815,21,minibatch_k64,text_pca256_lexical_w005
14816,62,minibatch_k64,text_pca256_lexical_w005
14817,62,minibatch_k64,text_pca256_lexical_w005
14818,50,minibatch_k64,text_pca256_lexical_w005
14819,50,minibatch_k64,text_pca256_lexical_w005
14820,10,minibatch_k64,text_pca256_lexical_w005
14821,15,minibatch_k64,text_pca256_lexical_w005
14822,62,minibatch_k64,text_pca256_lexical_w005
14823,62,minibatch_k64,text_pca256_lexical_w005
14824,0,minibatch_k64,text_pca256_lexical_w005
14825,0,minibatch_k64,text_pca256_lexical_w005
14826,23,minibatch_k64,text_pca256_lexical_w005
14827,0,minibatch_k64,text_pca256_lexical_w005
14828,0,minibatch_k64,text_pca256_lexical_w005
14829,39,minibatch_k64,text_pca256_lexical_w005
14830,10,minibatch_k64,text_pca256_lexical_w005
14831,0,minibatch_k64,text_pca256_lexical_w005
14832,23,minibatch_k64,text_pca256_lexical_w005
14833,23,minibatch_k64,text_pca256_lexical_w005
14834,39,minibatch_k64,text_pca256_lexical_w005
14835,48,minibatch_k64,text_pca256_lexical_w005
14836,10,minibatch_k64,text_pca256_lexical_w005
14837,8,minibatch_k64,text_pca256_lexical_w005
14838,23,minibatch_k64,text_pca256_lexical_w005
14839,23,minibatch_k64,text_pca256_lexical_w005
14840,23,minibatch_k64,text_pca256_lexical_w005
14841,8,minibatch_k64,text_pca256_lexical_w005
14842,59,minibatch_k64,text_pca256_lexical_w005
14843,62,minibatch_k64,text_pca256_lexical_w005
14844,42,minibatch_k64,text_pca256_lexical_w005
14845,8,minibatch_k64,text_pca256_lexical_w005
14846,8,minibatch_k64,text_pca256_lexical_w005
14847,2,minibatch_k64,text_pca256_lexical_w005
14848,42,minibatch_k64,text_pca256_lexical_w005
14849,0,minibatch_k64,text_pca256_lexical_w005
14850,8,minibatch_k64,text_pca256_lexical_w005
14851,8,minibatch_k64,text_pca256_lexical_w005
14852,0,minibatch_k64,text_pca256_lexical_w005
14853,0,minibatch_k64,text_pca256_lexical_w005
14854,59,minibatch_k64,text_pca256_lexical_w005
14855,42,minibatch_k64,text_pca256_lexical_w005
14856,8,minibatch_k64,text_pca256_lexical_w005
14857,21,minibatch_k64,text_pca256_lexical_w005
14858,62,minibatch_k64,text_pca256_lexical_w005
14859,15,minibatch_k64,text_pca256_lexical_w005
14860,0,minibatch_k64,text_pca256_lexical_w005
14861,8,minibatch_k64,text_pca256_lexical_w005
14862,8,minibatch_k64,text_pca256_lexical_w005
14863,45,minibatch_k64,text_pca256_lexical_w005
14864,33,minibatch_k64,text_pca256_lexical_w005
14865,33,minibatch_k64,text_pca256_lexical_w005
14866,21,minibatch_k64,text_pca256_lexical_w005
14867,33,minibatch_k64,text_pca256_lexical_w005
14868,62,minibatch_k64,text_pca256_lexical_w005
14869,0,minibatch_k64,text_pca256_lexical_w005
14870,39,minibatch_k64,text_pca256_lexical_w005
14871,10,minibatch_k64,text_pca256_lexical_w005
14872,21,minibatch_k64,text_pca256_lexical_w005
14873,10,minibatch_k64,text_pca256_lexical_w005
14874,59,minibatch_k64,text_pca256_lexical_w005
14875,0,minibatch_k64,text_pca256_lexical_w005
14876,0,minibatch_k64,text_pca256_lexical_w005
14877,59,minibatch_k64,text_pca256_lexical_w005
14878,10,minibatch_k64,text_pca256_lexical_w005
14879,59,minibatch_k64,text_pca256_lexical_w005
14880,59,minibatch_k64,text_pca256_lexical_w005
14881,59,minibatch_k64,text_pca256_lexical_w005
14882,42,minibatch_k64,text_pca256_lexical_w005
14883,5,minibatch_k64,text_pca256_lexical_w005
14884,5,minibatch_k64,text_pca256_lexical_w005
14885,5,minibatch_k64,text_pca256_lexical_w005
14886,5,minibatch_k64,text_pca256_lexical_w005
14887,5,minibatch_k64,text_pca256_lexical_w005
14888,62,minibatch_k64,text_pca256_lexical_w005
14889,0,minibatch_k64,text_pca256_lexical_w005
14890,0,minibatch_k64,text_pca256_lexical_w005
14891,5,minibatch_k64,text_pca256_lexical_w005
14892,42,minibatch_k64,text_pca256_lexical_w005
14893,5,minibatch_k64,text_pca256_lexical_w005
14894,0,minibatch_k64,text_pca256_lexical_w005
14895,21,minibatch_k64,text_pca256_lexical_w005
14896,62,minibatch_k64,text_pca256_lexical_w005
14897,23,minibatch_k64,text_pca256_lexical_w005
14898,5,minibatch_k64,text_pca256_lexical_w005
14899,62,minibatch_k64,text_pca256_lexical_w005
14900,5,minibatch_k64,text_pca256_lexical_w005
14901,0,minibatch_k64,text_pca256_lexical_w005
14902,38,minibatch_k64,text_pca256_lexical_w005
14903,0,minibatch_k64,text_pca256_lexical_w005
14904,58,minibatch_k64,text_pca256_lexical_w005
14905,55,minibatch_k64,text_pca256_lexical_w005
14906,0,minibatch_k64,text_pca256_lexical_w005
14907,62,minibatch_k64,text_pca256_lexical_w005
14908,0,minibatch_k64,text_pca256_lexical_w005
14909,14,minibatch_k64,text_pca256_lexical_w005
14910,38,minibatch_k64,text_pca256_lexical_w005
14911,58,minibatch_k64,text_pca256_lexical_w005
14912,55,minibatch_k64,text_pca256_lexical_w005
14913,5,minibatch_k64,text_pca256_lexical_w005
14914,23,minibatch_k64,text_pca256_lexical_w005
14915,0,minibatch_k64,text_pca256_lexical_w005
14916,10,minibatch_k64,text_pca256_lexical_w005
14917,10,minibatch_k64,text_pca256_lexical_w005
14918,10,minibatch_k64,text_pca256_lexical_w005
14919,14,minibatch_k64,text_pca256_lexical_w005
14920,0,minibatch_k64,text_pca256_lexical_w005
14921,39,minibatch_k64,text_pca256_lexical_w005
14922,47,minibatch_k64,text_pca256_lexical_w005
14923,38,minibatch_k64,text_pca256_lexical_w005
14924,23,minibatch_k64,text_pca256_lexical_w005
14925,45,minibatch_k64,text_pca256_lexical_w005
14926,23,minibatch_k64,text_pca256_lexical_w005
14927,58,minibatch_k64,text_pca256_lexical_w005
14928,21,minibatch_k64,text_pca256_lexical_w005
14929,45,minibatch_k64,text_pca256_lexical_w005
14930,23,minibatch_k64,text_pca256_lexical_w005
14931,55,minibatch_k64,text_pca256_lexical_w005
14932,10,minibatch_k64,text_pca256_lexical_w005
14933,23,minibatch_k64,text_pca256_lexical_w005
14934,45,minibatch_k64,text_pca256_lexical_w005
14935,0,minibatch_k64,text_pca256_lexical_w005
14936,50,minibatch_k64,text_pca256_lexical_w005
14937,45,minibatch_k64,text_pca256_lexical_w005
14938,45,minibatch_k64,text_pca256_lexical_w005
14939,45,minibatch_k64,text_pca256_lexical_w005
14940,23,minibatch_k64,text_pca256_lexical_w005
14941,45,minibatch_k64,text_pca256_lexical_w005
14942,45,minibatch_k64,text_pca256_lexical_w005
14943,45,minibatch_k64,text_pca256_lexical_w005
14944,45,minibatch_k64,text_pca256_lexical_w005
14945,45,minibatch_k64,text_pca256_lexical_w005
14946,45,minibatch_k64,text_pca256_lexical_w005
14947,0,minibatch_k64,text_pca256_lexical_w005
14948,45,minibatch_k64,text_pca256_lexical_w005
14949,23,minibatch_k64,text_pca256_lexical_w005
14950,15,minibatch_k64,text_pca256_lexical_w005
14951,45,minibatch_k64,text_pca256_lexical_w005
14952,29,minibatch_k64,text_pca256_lexical_w005
14953,0,minibatch_k64,text_pca256_lexical_w005
14954,21,minibatch_k64,text_pca256_lexical_w005
14955,62,minibatch_k64,text_pca256_lexical_w005
14956,59,minibatch_k64,text_pca256_lexical_w005
14957,0,minibatch_k64,text_pca256_lexical_w005
14958,15,minibatch_k64,text_pca256_lexical_w005
14959,39,minibatch_k64,text_pca256_lexical_w005
14960,39,minibatch_k64,text_pca256_lexical_w005
14961,29,minibatch_k64,text_pca256_lexical_w005
14962,18,minibatch_k64,text_pca256_lexical_w005
14963,21,minibatch_k64,text_pca256_lexical_w005
14964,29,minibatch_k64,text_pca256_lexical_w005
14965,14,minibatch_k64,text_pca256_lexical_w005
14966,62,minibatch_k64,text_pca256_lexical_w005
14967,38,minibatch_k64,text_pca256_lexical_w005
14968,58,minibatch_k64,text_pca256_lexical_w005
14969,50,minibatch_k64,text_pca256_lexical_w005
14970,59,minibatch_k64,text_pca256_lexical_w005
14971,0,minibatch_k64,text_pca256_lexical_w005
14972,0,minibatch_k64,text_pca256_lexical_w005
14973,14,minibatch_k64,text_pca256_lexical_w005
14974,62,minibatch_k64,text_pca256_lexical_w005
14975,0,minibatch_k64,text_pca256_lexical_w005
14976,62,minibatch_k64,text_pca256_lexical_w005
14977,38,minibatch_k64,text_pca256_lexical_w005
14978,0,minibatch_k64,text_pca256_lexical_w005
14979,58,minibatch_k64,text_pca256_lexical_w005
14980,45,minibatch_k64,text_pca256_lexical_w005
14981,45,minibatch_k64,text_pca256_lexical_w005
14982,55,minibatch_k64,text_pca256_lexical_w005
14983,63,minibatch_k64,text_pca256_lexical_w005
14984,8,minibatch_k64,text_pca256_lexical_w005
14985,0,minibatch_k64,text_pca256_lexical_w005
14986,0,minibatch_k64,text_pca256_lexical_w005
14987,62,minibatch_k64,text_pca256_lexical_w005
14988,14,minibatch_k64,text_pca256_lexical_w005
14989,5,minibatch_k64,text_pca256_lexical_w005
14990,38,minibatch_k64,text_pca256_lexical_w005
14991,58,minibatch_k64,text_pca256_lexical_w005
14992,0,minibatch_k64,text_pca256_lexical_w005
14993,23,minibatch_k64,text_pca256_lexical_w005
14994,55,minibatch_k64,text_pca256_lexical_w005
14995,63,minibatch_k64,text_pca256_lexical_w005
14996,0,minibatch_k64,text_pca256_lexical_w005
14997,0,minibatch_k64,text_pca256_lexical_w005
14998,38,minibatch_k64,text_pca256_lexical_w005
14999,45,minibatch_k64,text_pca256_lexical_w005
15000,58,minibatch_k64,text_pca256_lexical_w005
15001,2,minibatch_k64,text_pca256_lexical_w005
15002,63,minibatch_k64,text_pca256_lexical_w005
15003,0,minibatch_k64,text_pca256_lexical_w005
15004,42,minibatch_k64,text_pca256_lexical_w005
15005,0,minibatch_k64,text_pca256_lexical_w005
15006,45,minibatch_k64,text_pca256_lexical_w005
15007,23,minibatch_k64,text_pca256_lexical_w005
15008,0,minibatch_k64,text_pca256_lexical_w005
15009,62,minibatch_k64,text_pca256_lexical_w005
15010,38,minibatch_k64,text_pca256_lexical_w005
15011,14,minibatch_k64,text_pca256_lexical_w005
15012,55,minibatch_k64,text_pca256_lexical_w005
15013,63,minibatch_k64,text_pca256_lexical_w005
15014,0,minibatch_k64,text_pca256_lexical_w005
15015,23,minibatch_k64,text_pca256_lexical_w005
15016,14,minibatch_k64,text_pca256_lexical_w005
15017,5,minibatch_k64,text_pca256_lexical_w005
15018,0,minibatch_k64,text_pca256_lexical_w005
15019,6,minibatch_k64,text_pca256_lexical_w005
15020,0,minibatch_k64,text_pca256_lexical_w005
15021,0,minibatch_k64,text_pca256_lexical_w005
15022,21,minibatch_k64,text_pca256_lexical_w005
15023,42,minibatch_k64,text_pca256_lexical_w005
15024,23,minibatch_k64,text_pca256_lexical_w005
15025,23,minibatch_k64,text_pca256_lexical_w005
15026,2,minibatch_k64,text_pca256_lexical_w005
15027,0,minibatch_k64,text_pca256_lexical_w005
15028,0,minibatch_k64,text_pca256_lexical_w005
15029,28,minibatch_k64,text_pca256_lexical_w005
15030,18,minibatch_k64,text_pca256_lexical_w005
15031,0,minibatch_k64,text_pca256_lexical_w005
15032,59,minibatch_k64,text_pca256_lexical_w005
15033,2,minibatch_k64,text_pca256_lexical_w005
15034,62,minibatch_k64,text_pca256_lexical_w005
15035,0,minibatch_k64,text_pca256_lexical_w005
15036,0,minibatch_k64,text_pca256_lexical_w005
15037,59,minibatch_k64,text_pca256_lexical_w005
15038,21,minibatch_k64,text_pca256_lexical_w005
15039,38,minibatch_k64,text_pca256_lexical_w005
15040,58,minibatch_k64,text_pca256_lexical_w005
15041,55,minibatch_k64,text_pca256_lexical_w005
15042,63,minibatch_k64,text_pca256_lexical_w005
15043,14,minibatch_k64,text_pca256_lexical_w005
15044,5,minibatch_k64,text_pca256_lexical_w005
15045,5,minibatch_k64,text_pca256_lexical_w005
15046,59,minibatch_k64,text_pca256_lexical_w005
15047,62,minibatch_k64,text_pca256_lexical_w005
15048,21,minibatch_k64,text_pca256_lexical_w005
15049,21,minibatch_k64,text_pca256_lexical_w005
15050,14,minibatch_k64,text_pca256_lexical_w005
15051,21,minibatch_k64,text_pca256_lexical_w005
15052,38,minibatch_k64,text_pca256_lexical_w005
15053,58,minibatch_k64,text_pca256_lexical_w005
15054,55,minibatch_k64,text_pca256_lexical_w005
15055,63,minibatch_k64,text_pca256_lexical_w005
15056,21,minibatch_k64,text_pca256_lexical_w005
15057,8,minibatch_k64,text_pca256_lexical_w005
15058,21,minibatch_k64,text_pca256_lexical_w005
15059,14,minibatch_k64,text_pca256_lexical_w005
15060,21,minibatch_k64,text_pca256_lexical_w005
15061,21,minibatch_k64,text_pca256_lexical_w005
15062,38,minibatch_k64,text_pca256_lexical_w005
15063,55,minibatch_k64,text_pca256_lexical_w005
15064,63,minibatch_k64,text_pca256_lexical_w005
15065,21,minibatch_k64,text_pca256_lexical_w005
15066,0,minibatch_k64,text_pca256_lexical_w005
15067,8,minibatch_k64,text_pca256_lexical_w005
15068,8,minibatch_k64,text_pca256_lexical_w005
15069,59,minibatch_k64,text_pca256_lexical_w005
15070,14,minibatch_k64,text_pca256_lexical_w005
15071,59,minibatch_k64,text_pca256_lexical_w005
15072,62,minibatch_k64,text_pca256_lexical_w005
15073,55,minibatch_k64,text_pca256_lexical_w005
15074,63,minibatch_k64,text_pca256_lexical_w005
15075,38,minibatch_k64,text_pca256_lexical_w005
15076,36,minibatch_k64,text_pca256_lexical_w005
15077,55,minibatch_k64,text_pca256_lexical_w005
15078,63,minibatch_k64,text_pca256_lexical_w005
15079,14,minibatch_k64,text_pca256_lexical_w005
15080,8,minibatch_k64,text_pca256_lexical_w005
15081,59,minibatch_k64,text_pca256_lexical_w005
15082,59,minibatch_k64,text_pca256_lexical_w005
15083,15,minibatch_k64,text_pca256_lexical_w005
15084,21,minibatch_k64,text_pca256_lexical_w005
15085,15,minibatch_k64,text_pca256_lexical_w005
15086,10,minibatch_k64,text_pca256_lexical_w005
15087,47,minibatch_k64,text_pca256_lexical_w005
15088,38,minibatch_k64,text_pca256_lexical_w005
15089,62,minibatch_k64,text_pca256_lexical_w005
15090,55,minibatch_k64,text_pca256_lexical_w005
15091,10,minibatch_k64,text_pca256_lexical_w005
15092,45,minibatch_k64,text_pca256_lexical_w005
15093,23,minibatch_k64,text_pca256_lexical_w005
15094,39,minibatch_k64,text_pca256_lexical_w005
15095,15,minibatch_k64,text_pca256_lexical_w005
15096,14,minibatch_k64,text_pca256_lexical_w005
15097,38,minibatch_k64,text_pca256_lexical_w005
15098,36,minibatch_k64,text_pca256_lexical_w005
15099,59,minibatch_k64,text_pca256_lexical_w005
15100,63,minibatch_k64,text_pca256_lexical_w005
15101,8,minibatch_k64,text_pca256_lexical_w005
15102,38,minibatch_k64,text_pca256_lexical_w005
15103,36,minibatch_k64,text_pca256_lexical_w005
15104,59,minibatch_k64,text_pca256_lexical_w005
15105,15,minibatch_k64,text_pca256_lexical_w005
15106,45,minibatch_k64,text_pca256_lexical_w005
15107,5,minibatch_k64,text_pca256_lexical_w005
15108,62,minibatch_k64,text_pca256_lexical_w005
15109,18,minibatch_k64,text_pca256_lexical_w005
15110,45,minibatch_k64,text_pca256_lexical_w005
15111,18,minibatch_k64,text_pca256_lexical_w005
15112,18,minibatch_k64,text_pca256_lexical_w005
15113,62,minibatch_k64,text_pca256_lexical_w005
15114,27,minibatch_k64,text_pca256_lexical_w005
15115,27,minibatch_k64,text_pca256_lexical_w005
15116,59,minibatch_k64,text_pca256_lexical_w005
15117,45,minibatch_k64,text_pca256_lexical_w005
15118,18,minibatch_k64,text_pca256_lexical_w005
15119,18,minibatch_k64,text_pca256_lexical_w005
15120,33,minibatch_k64,text_pca256_lexical_w005
15121,5,minibatch_k64,text_pca256_lexical_w005
15122,18,minibatch_k64,text_pca256_lexical_w005
15123,59,minibatch_k64,text_pca256_lexical_w005
15124,18,minibatch_k64,text_pca256_lexical_w005
15125,18,minibatch_k64,text_pca256_lexical_w005
15126,18,minibatch_k64,text_pca256_lexical_w005
15127,18,minibatch_k64,text_pca256_lexical_w005
15128,62,minibatch_k64,text_pca256_lexical_w005
15129,30,minibatch_k64,text_pca256_lexical_w005
15130,17,minibatch_k64,text_pca256_lexical_w005
15131,30,minibatch_k64,text_pca256_lexical_w005
15132,30,minibatch_k64,text_pca256_lexical_w005
15133,17,minibatch_k64,text_pca256_lexical_w005
15134,0,minibatch_k64,text_pca256_lexical_w005
15135,17,minibatch_k64,text_pca256_lexical_w005
15136,17,minibatch_k64,text_pca256_lexical_w005
15137,30,minibatch_k64,text_pca256_lexical_w005
15138,30,minibatch_k64,text_pca256_lexical_w005
15139,8,minibatch_k64,text_pca256_lexical_w005
15140,30,minibatch_k64,text_pca256_lexical_w005
15141,17,minibatch_k64,text_pca256_lexical_w005
15142,18,minibatch_k64,text_pca256_lexical_w005
15143,18,minibatch_k64,text_pca256_lexical_w005
15144,59,minibatch_k64,text_pca256_lexical_w005
15145,18,minibatch_k64,text_pca256_lexical_w005
15146,62,minibatch_k64,text_pca256_lexical_w005
15147,18,minibatch_k64,text_pca256_lexical_w005
15148,18,minibatch_k64,text_pca256_lexical_w005
15149,18,minibatch_k64,text_pca256_lexical_w005
15150,18,minibatch_k64,text_pca256_lexical_w005
15151,18,minibatch_k64,text_pca256_lexical_w005
15152,18,minibatch_k64,text_pca256_lexical_w005
15153,18,minibatch_k64,text_pca256_lexical_w005
15154,18,minibatch_k64,text_pca256_lexical_w005
15155,41,minibatch_k64,text_pca256_lexical_w005
15156,33,minibatch_k64,text_pca256_lexical_w005
15157,0,minibatch_k64,text_pca256_lexical_w005
15158,8,minibatch_k64,text_pca256_lexical_w005
15159,45,minibatch_k64,text_pca256_lexical_w005
15160,59,minibatch_k64,text_pca256_lexical_w005
15161,59,minibatch_k64,text_pca256_lexical_w005
15162,34,minibatch_k64,text_pca256_lexical_w005
15163,45,minibatch_k64,text_pca256_lexical_w005
15164,27,minibatch_k64,text_pca256_lexical_w005
15165,62,minibatch_k64,text_pca256_lexical_w005
15166,6,minibatch_k64,text_pca256_lexical_w005
15167,62,minibatch_k64,text_pca256_lexical_w005
15168,6,minibatch_k64,text_pca256_lexical_w005
15169,21,minibatch_k64,text_pca256_lexical_w005
15170,0,minibatch_k64,text_pca256_lexical_w005
15171,10,minibatch_k64,text_pca256_lexical_w005
15172,15,minibatch_k64,text_pca256_lexical_w005
15173,53,minibatch_k64,text_pca256_lexical_w005
15174,45,minibatch_k64,text_pca256_lexical_w005
15175,59,minibatch_k64,text_pca256_lexical_w005
15176,34,minibatch_k64,text_pca256_lexical_w005
15177,6,minibatch_k64,text_pca256_lexical_w005
15178,10,minibatch_k64,text_pca256_lexical_w005
15179,6,minibatch_k64,text_pca256_lexical_w005
15180,15,minibatch_k64,text_pca256_lexical_w005
15181,0,minibatch_k64,text_pca256_lexical_w005
15182,0,minibatch_k64,text_pca256_lexical_w005
15183,34,minibatch_k64,text_pca256_lexical_w005
15184,48,minibatch_k64,text_pca256_lexical_w005
15185,62,minibatch_k64,text_pca256_lexical_w005
15186,5,minibatch_k64,text_pca256_lexical_w005
15187,62,minibatch_k64,text_pca256_lexical_w005
15188,45,minibatch_k64,text_pca256_lexical_w005
15189,4,minibatch_k64,text_pca256_lexical_w005
15190,45,minibatch_k64,text_pca256_lexical_w005
15191,8,minibatch_k64,text_pca256_lexical_w005
15192,62,minibatch_k64,text_pca256_lexical_w005
15193,62,minibatch_k64,text_pca256_lexical_w005
15194,10,minibatch_k64,text_pca256_lexical_w005
15195,62,minibatch_k64,text_pca256_lexical_w005
15196,62,minibatch_k64,text_pca256_lexical_w005
15197,5,minibatch_k64,text_pca256_lexical_w005
15198,0,minibatch_k64,text_pca256_lexical_w005
15199,45,minibatch_k64,text_pca256_lexical_w005
15200,0,minibatch_k64,text_pca256_lexical_w005
15201,33,minibatch_k64,text_pca256_lexical_w005
15202,62,minibatch_k64,text_pca256_lexical_w005
15203,62,minibatch_k64,text_pca256_lexical_w005
15204,0,minibatch_k64,text_pca256_lexical_w005
15205,62,minibatch_k64,text_pca256_lexical_w005
15206,62,minibatch_k64,text_pca256_lexical_w005
15207,5,minibatch_k64,text_pca256_lexical_w005
15208,5,minibatch_k64,text_pca256_lexical_w005
15209,21,minibatch_k64,text_pca256_lexical_w005
15210,62,minibatch_k64,text_pca256_lexical_w005
15211,38,minibatch_k64,text_pca256_lexical_w005
15212,58,minibatch_k64,text_pca256_lexical_w005
15213,45,minibatch_k64,text_pca256_lexical_w005
15214,55,minibatch_k64,text_pca256_lexical_w005
15215,37,minibatch_k64,text_pca256_lexical_w005
15216,0,minibatch_k64,text_pca256_lexical_w005
15217,8,minibatch_k64,text_pca256_lexical_w005
15218,0,minibatch_k64,text_pca256_lexical_w005
15219,23,minibatch_k64,text_pca256_lexical_w005
15220,0,minibatch_k64,text_pca256_lexical_w005
15221,8,minibatch_k64,text_pca256_lexical_w005
15222,0,minibatch_k64,text_pca256_lexical_w005
15223,5,minibatch_k64,text_pca256_lexical_w005
15224,5,minibatch_k64,text_pca256_lexical_w005
15225,58,minibatch_k64,text_pca256_lexical_w005
15226,62,minibatch_k64,text_pca256_lexical_w005
15227,38,minibatch_k64,text_pca256_lexical_w005
15228,55,minibatch_k64,text_pca256_lexical_w005
15229,54,minibatch_k64,text_pca256_lexical_w005
15230,0,minibatch_k64,text_pca256_lexical_w005
15231,15,minibatch_k64,text_pca256_lexical_w005
15232,0,minibatch_k64,text_pca256_lexical_w005
15233,23,minibatch_k64,text_pca256_lexical_w005
15234,38,minibatch_k64,text_pca256_lexical_w005
15235,53,minibatch_k64,text_pca256_lexical_w005
15236,58,minibatch_k64,text_pca256_lexical_w005
15237,45,minibatch_k64,text_pca256_lexical_w005
15238,55,minibatch_k64,text_pca256_lexical_w005
15239,23,minibatch_k64,text_pca256_lexical_w005
15240,54,minibatch_k64,text_pca256_lexical_w005
15241,23,minibatch_k64,text_pca256_lexical_w005
15242,23,minibatch_k64,text_pca256_lexical_w005
15243,0,minibatch_k64,text_pca256_lexical_w005
15244,23,minibatch_k64,text_pca256_lexical_w005
15245,23,minibatch_k64,text_pca256_lexical_w005
15246,39,minibatch_k64,text_pca256_lexical_w005
15247,15,minibatch_k64,text_pca256_lexical_w005
15248,38,minibatch_k64,text_pca256_lexical_w005
15249,0,minibatch_k64,text_pca256_lexical_w005
15250,58,minibatch_k64,text_pca256_lexical_w005
15251,45,minibatch_k64,text_pca256_lexical_w005
15252,55,minibatch_k64,text_pca256_lexical_w005
15253,23,minibatch_k64,text_pca256_lexical_w005
15254,62,minibatch_k64,text_pca256_lexical_w005
15255,0,minibatch_k64,text_pca256_lexical_w005
15256,21,minibatch_k64,text_pca256_lexical_w005
15257,59,minibatch_k64,text_pca256_lexical_w005
15258,59,minibatch_k64,text_pca256_lexical_w005
15259,42,minibatch_k64,text_pca256_lexical_w005
15260,0,minibatch_k64,text_pca256_lexical_w005
15261,0,minibatch_k64,text_pca256_lexical_w005
15262,15,minibatch_k64,text_pca256_lexical_w005
15263,59,minibatch_k64,text_pca256_lexical_w005
15264,47,minibatch_k64,text_pca256_lexical_w005
15265,38,minibatch_k64,text_pca256_lexical_w005
15266,58,minibatch_k64,text_pca256_lexical_w005
15267,45,minibatch_k64,text_pca256_lexical_w005
15268,55,minibatch_k64,text_pca256_lexical_w005
15269,37,minibatch_k64,text_pca256_lexical_w005
15270,0,minibatch_k64,text_pca256_lexical_w005
15271,8,minibatch_k64,text_pca256_lexical_w005
15272,59,minibatch_k64,text_pca256_lexical_w005
15273,59,minibatch_k64,text_pca256_lexical_w005
15274,0,minibatch_k64,text_pca256_lexical_w005
15275,21,minibatch_k64,text_pca256_lexical_w005
15276,0,minibatch_k64,text_pca256_lexical_w005
15277,59,minibatch_k64,text_pca256_lexical_w005
15278,45,minibatch_k64,text_pca256_lexical_w005
15279,38,minibatch_k64,text_pca256_lexical_w005
15280,23,minibatch_k64,text_pca256_lexical_w005
15281,55,minibatch_k64,text_pca256_lexical_w005
15282,37,minibatch_k64,text_pca256_lexical_w005
15283,0,minibatch_k64,text_pca256_lexical_w005
15284,62,minibatch_k64,text_pca256_lexical_w005
15285,21,minibatch_k64,text_pca256_lexical_w005
15286,0,minibatch_k64,text_pca256_lexical_w005
15287,59,minibatch_k64,text_pca256_lexical_w005
15288,62,minibatch_k64,text_pca256_lexical_w005
15289,8,minibatch_k64,text_pca256_lexical_w005
15290,62,minibatch_k64,text_pca256_lexical_w005
15291,21,minibatch_k64,text_pca256_lexical_w005
15292,10,minibatch_k64,text_pca256_lexical_w005
15293,23,minibatch_k64,text_pca256_lexical_w005
15294,62,minibatch_k64,text_pca256_lexical_w005
15295,0,minibatch_k64,text_pca256_lexical_w005
15296,21,minibatch_k64,text_pca256_lexical_w005
15297,21,minibatch_k64,text_pca256_lexical_w005
15298,58,minibatch_k64,text_pca256_lexical_w005
15299,38,minibatch_k64,text_pca256_lexical_w005
15300,12,minibatch_k64,text_pca256_lexical_w005
15301,55,minibatch_k64,text_pca256_lexical_w005
15302,2,minibatch_k64,text_pca256_lexical_w005
15303,60,minibatch_k64,text_pca256_lexical_w005
15304,62,minibatch_k64,text_pca256_lexical_w005
15305,21,minibatch_k64,text_pca256_lexical_w005
15306,39,minibatch_k64,text_pca256_lexical_w005
15307,0,minibatch_k64,text_pca256_lexical_w005
15308,21,minibatch_k64,text_pca256_lexical_w005
15309,62,minibatch_k64,text_pca256_lexical_w005
15310,23,minibatch_k64,text_pca256_lexical_w005
15311,0,minibatch_k64,text_pca256_lexical_w005
15312,33,minibatch_k64,text_pca256_lexical_w005
15313,21,minibatch_k64,text_pca256_lexical_w005
15314,56,minibatch_k64,text_pca256_lexical_w005
15315,43,minibatch_k64,text_pca256_lexical_w005
15316,5,minibatch_k64,text_pca256_lexical_w005
15317,62,minibatch_k64,text_pca256_lexical_w005
15318,0,minibatch_k64,text_pca256_lexical_w005
15319,45,minibatch_k64,text_pca256_lexical_w005
15320,62,minibatch_k64,text_pca256_lexical_w005
15321,0,minibatch_k64,text_pca256_lexical_w005
15322,21,minibatch_k64,text_pca256_lexical_w005
15323,45,minibatch_k64,text_pca256_lexical_w005
15324,0,minibatch_k64,text_pca256_lexical_w005
15325,23,minibatch_k64,text_pca256_lexical_w005
15326,8,minibatch_k64,text_pca256_lexical_w005
15327,10,minibatch_k64,text_pca256_lexical_w005
15328,33,minibatch_k64,text_pca256_lexical_w005
15329,62,minibatch_k64,text_pca256_lexical_w005
15330,23,minibatch_k64,text_pca256_lexical_w005
15331,15,minibatch_k64,text_pca256_lexical_w005
15332,23,minibatch_k64,text_pca256_lexical_w005
15333,56,minibatch_k64,text_pca256_lexical_w005
15334,42,minibatch_k64,text_pca256_lexical_w005
15335,62,minibatch_k64,text_pca256_lexical_w005
15336,62,minibatch_k64,text_pca256_lexical_w005
15337,0,minibatch_k64,text_pca256_lexical_w005
15338,42,minibatch_k64,text_pca256_lexical_w005
15339,2,minibatch_k64,text_pca256_lexical_w005
15340,50,minibatch_k64,text_pca256_lexical_w005
15341,45,minibatch_k64,text_pca256_lexical_w005
15342,4,minibatch_k64,text_pca256_lexical_w005
15343,8,minibatch_k64,text_pca256_lexical_w005
15344,33,minibatch_k64,text_pca256_lexical_w005
15345,5,minibatch_k64,text_pca256_lexical_w005
15346,50,minibatch_k64,text_pca256_lexical_w005
15347,5,minibatch_k64,text_pca256_lexical_w005
15348,45,minibatch_k64,text_pca256_lexical_w005
15349,45,minibatch_k64,text_pca256_lexical_w005
15350,2,minibatch_k64,text_pca256_lexical_w005
15351,0,minibatch_k64,text_pca256_lexical_w005
15352,62,minibatch_k64,text_pca256_lexical_w005
15353,62,minibatch_k64,text_pca256_lexical_w005
15354,0,minibatch_k64,text_pca256_lexical_w005
15355,56,minibatch_k64,text_pca256_lexical_w005
15356,33,minibatch_k64,text_pca256_lexical_w005
15357,23,minibatch_k64,text_pca256_lexical_w005
15358,10,minibatch_k64,text_pca256_lexical_w005
15359,8,minibatch_k64,text_pca256_lexical_w005
15360,10,minibatch_k64,text_pca256_lexical_w005
15361,18,minibatch_k64,text_pca256_lexical_w005
15362,62,minibatch_k64,text_pca256_lexical_w005
15363,0,minibatch_k64,text_pca256_lexical_w005
15364,8,minibatch_k64,text_pca256_lexical_w005
15365,8,minibatch_k64,text_pca256_lexical_w005
15366,10,minibatch_k64,text_pca256_lexical_w005
15367,62,minibatch_k64,text_pca256_lexical_w005
15368,42,minibatch_k64,text_pca256_lexical_w005
15369,0,minibatch_k64,text_pca256_lexical_w005
15370,10,minibatch_k64,text_pca256_lexical_w005
15371,42,minibatch_k64,text_pca256_lexical_w005
15372,62,minibatch_k64,text_pca256_lexical_w005
15373,0,minibatch_k64,text_pca256_lexical_w005
15374,23,minibatch_k64,text_pca256_lexical_w005
15375,62,minibatch_k64,text_pca256_lexical_w005
15376,8,minibatch_k64,text_pca256_lexical_w005
15377,62,minibatch_k64,text_pca256_lexical_w005
15378,2,minibatch_k64,text_pca256_lexical_w005
15379,8,minibatch_k64,text_pca256_lexical_w005
15380,5,minibatch_k64,text_pca256_lexical_w005
15381,58,minibatch_k64,text_pca256_lexical_w005
15382,45,minibatch_k64,text_pca256_lexical_w005
15383,38,minibatch_k64,text_pca256_lexical_w005
15384,62,minibatch_k64,text_pca256_lexical_w005
15385,55,minibatch_k64,text_pca256_lexical_w005
15386,8,minibatch_k64,text_pca256_lexical_w005
15387,13,minibatch_k64,text_pca256_lexical_w005
15388,23,minibatch_k64,text_pca256_lexical_w005
15389,10,minibatch_k64,text_pca256_lexical_w005
15390,29,minibatch_k64,text_pca256_lexical_w005
15391,23,minibatch_k64,text_pca256_lexical_w005
15392,15,minibatch_k64,text_pca256_lexical_w005
15393,45,minibatch_k64,text_pca256_lexical_w005
15394,45,minibatch_k64,text_pca256_lexical_w005
15395,62,minibatch_k64,text_pca256_lexical_w005
15396,10,minibatch_k64,text_pca256_lexical_w005
15397,62,minibatch_k64,text_pca256_lexical_w005
15398,0,minibatch_k64,text_pca256_lexical_w005
15399,15,minibatch_k64,text_pca256_lexical_w005
15400,0,minibatch_k64,text_pca256_lexical_w005
15401,0,minibatch_k64,text_pca256_lexical_w005
15402,48,minibatch_k64,text_pca256_lexical_w005
15403,18,minibatch_k64,text_pca256_lexical_w005
15404,15,minibatch_k64,text_pca256_lexical_w005
15405,15,minibatch_k64,text_pca256_lexical_w005
15406,62,minibatch_k64,text_pca256_lexical_w005
15407,15,minibatch_k64,text_pca256_lexical_w005
15408,62,minibatch_k64,text_pca256_lexical_w005
15409,0,minibatch_k64,text_pca256_lexical_w005
15410,8,minibatch_k64,text_pca256_lexical_w005
15411,62,minibatch_k64,text_pca256_lexical_w005
15412,0,minibatch_k64,text_pca256_lexical_w005
15413,10,minibatch_k64,text_pca256_lexical_w005
15414,8,minibatch_k64,text_pca256_lexical_w005
15415,0,minibatch_k64,text_pca256_lexical_w005
15416,62,minibatch_k64,text_pca256_lexical_w005
15417,0,minibatch_k64,text_pca256_lexical_w005
15418,0,minibatch_k64,text_pca256_lexical_w005
15419,0,minibatch_k64,text_pca256_lexical_w005
15420,0,minibatch_k64,text_pca256_lexical_w005
15421,23,minibatch_k64,text_pca256_lexical_w005
15422,0,minibatch_k64,text_pca256_lexical_w005
15423,0,minibatch_k64,text_pca256_lexical_w005
15424,8,minibatch_k64,text_pca256_lexical_w005
15425,4,minibatch_k64,text_pca256_lexical_w005
15426,8,minibatch_k64,text_pca256_lexical_w005
15427,0,minibatch_k64,text_pca256_lexical_w005
15428,0,minibatch_k64,text_pca256_lexical_w005
15429,33,minibatch_k64,text_pca256_lexical_w005
15430,0,minibatch_k64,text_pca256_lexical_w005
15431,0,minibatch_k64,text_pca256_lexical_w005
15432,38,minibatch_k64,text_pca256_lexical_w005
15433,45,minibatch_k64,text_pca256_lexical_w005
15434,23,minibatch_k64,text_pca256_lexical_w005
15435,55,minibatch_k64,text_pca256_lexical_w005
15436,45,minibatch_k64,text_pca256_lexical_w005
15437,8,minibatch_k64,text_pca256_lexical_w005
15438,45,minibatch_k64,text_pca256_lexical_w005
15439,62,minibatch_k64,text_pca256_lexical_w005
15440,8,minibatch_k64,text_pca256_lexical_w005
15441,2,minibatch_k64,text_pca256_lexical_w005
15442,50,minibatch_k64,text_pca256_lexical_w005
15443,33,minibatch_k64,text_pca256_lexical_w005
15444,62,minibatch_k64,text_pca256_lexical_w005
15445,10,minibatch_k64,text_pca256_lexical_w005
15446,2,minibatch_k64,text_pca256_lexical_w005
15447,8,minibatch_k64,text_pca256_lexical_w005
15448,8,minibatch_k64,text_pca256_lexical_w005
15449,10,minibatch_k64,text_pca256_lexical_w005
15450,2,minibatch_k64,text_pca256_lexical_w005
15451,0,minibatch_k64,text_pca256_lexical_w005
15452,62,minibatch_k64,text_pca256_lexical_w005
15453,62,minibatch_k64,text_pca256_lexical_w005
15454,33,minibatch_k64,text_pca256_lexical_w005
15455,42,minibatch_k64,text_pca256_lexical_w005
15456,10,minibatch_k64,text_pca256_lexical_w005
15457,0,minibatch_k64,text_pca256_lexical_w005
15458,10,minibatch_k64,text_pca256_lexical_w005
15459,0,minibatch_k64,text_pca256_lexical_w005
15460,50,minibatch_k64,text_pca256_lexical_w005
15461,42,minibatch_k64,text_pca256_lexical_w005
15462,0,minibatch_k64,text_pca256_lexical_w005
15463,53,minibatch_k64,text_pca256_lexical_w005
15464,62,minibatch_k64,text_pca256_lexical_w005
15465,62,minibatch_k64,text_pca256_lexical_w005
15466,21,minibatch_k64,text_pca256_lexical_w005
15467,0,minibatch_k64,text_pca256_lexical_w005
15468,33,minibatch_k64,text_pca256_lexical_w005
15469,50,minibatch_k64,text_pca256_lexical_w005
15470,10,minibatch_k64,text_pca256_lexical_w005
15471,10,minibatch_k64,text_pca256_lexical_w005
15472,45,minibatch_k64,text_pca256_lexical_w005
15473,38,minibatch_k64,text_pca256_lexical_w005
15474,58,minibatch_k64,text_pca256_lexical_w005
15475,45,minibatch_k64,text_pca256_lexical_w005
15476,23,minibatch_k64,text_pca256_lexical_w005
15477,55,minibatch_k64,text_pca256_lexical_w005
15478,29,minibatch_k64,text_pca256_lexical_w005
15479,45,minibatch_k64,text_pca256_lexical_w005
15480,45,minibatch_k64,text_pca256_lexical_w005
15481,0,minibatch_k64,text_pca256_lexical_w005
15482,0,minibatch_k64,text_pca256_lexical_w005
15483,50,minibatch_k64,text_pca256_lexical_w005
15484,0,minibatch_k64,text_pca256_lexical_w005
15485,0,minibatch_k64,text_pca256_lexical_w005
15486,21,minibatch_k64,text_pca256_lexical_w005
15487,42,minibatch_k64,text_pca256_lexical_w005
15488,23,minibatch_k64,text_pca256_lexical_w005
15489,0,minibatch_k64,text_pca256_lexical_w005
15490,62,minibatch_k64,text_pca256_lexical_w005
15491,0,minibatch_k64,text_pca256_lexical_w005
15492,0,minibatch_k64,text_pca256_lexical_w005
15493,45,minibatch_k64,text_pca256_lexical_w005
15494,62,minibatch_k64,text_pca256_lexical_w005
15495,23,minibatch_k64,text_pca256_lexical_w005
15496,59,minibatch_k64,text_pca256_lexical_w005
15497,23,minibatch_k64,text_pca256_lexical_w005
15498,38,minibatch_k64,text_pca256_lexical_w005
15499,23,minibatch_k64,text_pca256_lexical_w005
15500,55,minibatch_k64,text_pca256_lexical_w005
15501,13,minibatch_k64,text_pca256_lexical_w005
15502,15,minibatch_k64,text_pca256_lexical_w005
15503,23,minibatch_k64,text_pca256_lexical_w005
15504,50,minibatch_k64,text_pca256_lexical_w005
15505,23,minibatch_k64,text_pca256_lexical_w005
15506,23,minibatch_k64,text_pca256_lexical_w005
15507,47,minibatch_k64,text_pca256_lexical_w005
15508,62,minibatch_k64,text_pca256_lexical_w005
15509,47,minibatch_k64,text_pca256_lexical_w005
15510,0,minibatch_k64,text_pca256_lexical_w005
15511,59,minibatch_k64,text_pca256_lexical_w005
15512,0,minibatch_k64,text_pca256_lexical_w005
15513,5,minibatch_k64,text_pca256_lexical_w005
15514,62,minibatch_k64,text_pca256_lexical_w005
15515,47,minibatch_k64,text_pca256_lexical_w005
15516,0,minibatch_k64,text_pca256_lexical_w005
15517,47,minibatch_k64,text_pca256_lexical_w005
15518,45,minibatch_k64,text_pca256_lexical_w005
15519,5,minibatch_k64,text_pca256_lexical_w005
15520,38,minibatch_k64,text_pca256_lexical_w005
15521,58,minibatch_k64,text_pca256_lexical_w005
15522,0,minibatch_k64,text_pca256_lexical_w005
15523,23,minibatch_k64,text_pca256_lexical_w005
15524,55,minibatch_k64,text_pca256_lexical_w005
15525,22,minibatch_k64,text_pca256_lexical_w005
15526,15,minibatch_k64,text_pca256_lexical_w005
15527,15,minibatch_k64,text_pca256_lexical_w005
15528,10,minibatch_k64,text_pca256_lexical_w005
15529,0,minibatch_k64,text_pca256_lexical_w005
15530,62,minibatch_k64,text_pca256_lexical_w005
15531,0,minibatch_k64,text_pca256_lexical_w005
15532,23,minibatch_k64,text_pca256_lexical_w005
15533,4,minibatch_k64,text_pca256_lexical_w005
15534,4,minibatch_k64,text_pca256_lexical_w005
15535,26,minibatch_k64,text_pca256_lexical_w005
15536,50,minibatch_k64,text_pca256_lexical_w005
15537,0,minibatch_k64,text_pca256_lexical_w005
15538,15,minibatch_k64,text_pca256_lexical_w005
15539,0,minibatch_k64,text_pca256_lexical_w005
15540,0,minibatch_k64,text_pca256_lexical_w005
15541,62,minibatch_k64,text_pca256_lexical_w005
15542,62,minibatch_k64,text_pca256_lexical_w005
15543,42,minibatch_k64,text_pca256_lexical_w005
15544,45,minibatch_k64,text_pca256_lexical_w005
15545,0,minibatch_k64,text_pca256_lexical_w005
15546,50,minibatch_k64,text_pca256_lexical_w005
15547,21,minibatch_k64,text_pca256_lexical_w005
15548,21,minibatch_k64,text_pca256_lexical_w005
15549,5,minibatch_k64,text_pca256_lexical_w005
15550,62,minibatch_k64,text_pca256_lexical_w005
15551,42,minibatch_k64,text_pca256_lexical_w005
15552,45,minibatch_k64,text_pca256_lexical_w005
15553,58,minibatch_k64,text_pca256_lexical_w005
15554,58,minibatch_k64,text_pca256_lexical_w005
15555,55,minibatch_k64,text_pca256_lexical_w005
15556,13,minibatch_k64,text_pca256_lexical_w005
15557,45,minibatch_k64,text_pca256_lexical_w005
15558,21,minibatch_k64,text_pca256_lexical_w005
15559,8,minibatch_k64,text_pca256_lexical_w005
15560,0,minibatch_k64,text_pca256_lexical_w005
15561,23,minibatch_k64,text_pca256_lexical_w005
15562,8,minibatch_k64,text_pca256_lexical_w005
15563,50,minibatch_k64,text_pca256_lexical_w005
15564,62,minibatch_k64,text_pca256_lexical_w005
15565,8,minibatch_k64,text_pca256_lexical_w005
15566,45,minibatch_k64,text_pca256_lexical_w005
15567,58,minibatch_k64,text_pca256_lexical_w005
15568,58,minibatch_k64,text_pca256_lexical_w005
15569,13,minibatch_k64,text_pca256_lexical_w005
15570,4,minibatch_k64,text_pca256_lexical_w005
15571,15,minibatch_k64,text_pca256_lexical_w005
15572,21,minibatch_k64,text_pca256_lexical_w005
15573,0,minibatch_k64,text_pca256_lexical_w005
15574,8,minibatch_k64,text_pca256_lexical_w005
15575,8,minibatch_k64,text_pca256_lexical_w005
15576,45,minibatch_k64,text_pca256_lexical_w005
15577,58,minibatch_k64,text_pca256_lexical_w005
15578,58,minibatch_k64,text_pca256_lexical_w005
15579,0,minibatch_k64,text_pca256_lexical_w005
15580,55,minibatch_k64,text_pca256_lexical_w005
15581,13,minibatch_k64,text_pca256_lexical_w005
15582,23,minibatch_k64,text_pca256_lexical_w005
15583,15,minibatch_k64,text_pca256_lexical_w005
15584,50,minibatch_k64,text_pca256_lexical_w005
15585,21,minibatch_k64,text_pca256_lexical_w005
15586,10,minibatch_k64,text_pca256_lexical_w005
15587,56,minibatch_k64,text_pca256_lexical_w005
15588,53,minibatch_k64,text_pca256_lexical_w005
15589,59,minibatch_k64,text_pca256_lexical_w005
15590,33,minibatch_k64,text_pca256_lexical_w005
15591,10,minibatch_k64,text_pca256_lexical_w005
15592,10,minibatch_k64,text_pca256_lexical_w005
15593,23,minibatch_k64,text_pca256_lexical_w005
15594,5,minibatch_k64,text_pca256_lexical_w005
15595,45,minibatch_k64,text_pca256_lexical_w005
15596,10,minibatch_k64,text_pca256_lexical_w005
15597,62,minibatch_k64,text_pca256_lexical_w005
15598,23,minibatch_k64,text_pca256_lexical_w005
15599,4,minibatch_k64,text_pca256_lexical_w005
15600,46,minibatch_k64,text_pca256_lexical_w005
15601,33,minibatch_k64,text_pca256_lexical_w005
15602,5,minibatch_k64,text_pca256_lexical_w005
15603,23,minibatch_k64,text_pca256_lexical_w005
15604,5,minibatch_k64,text_pca256_lexical_w005
15605,62,minibatch_k64,text_pca256_lexical_w005
15606,33,minibatch_k64,text_pca256_lexical_w005
15607,10,minibatch_k64,text_pca256_lexical_w005
15608,42,minibatch_k64,text_pca256_lexical_w005
15609,15,minibatch_k64,text_pca256_lexical_w005
15610,50,minibatch_k64,text_pca256_lexical_w005
15611,62,minibatch_k64,text_pca256_lexical_w005
15612,5,minibatch_k64,text_pca256_lexical_w005
15613,14,minibatch_k64,text_pca256_lexical_w005
15614,5,minibatch_k64,text_pca256_lexical_w005
15615,56,minibatch_k64,text_pca256_lexical_w005
15616,58,minibatch_k64,text_pca256_lexical_w005
15617,58,minibatch_k64,text_pca256_lexical_w005
15618,55,minibatch_k64,text_pca256_lexical_w005
15619,13,minibatch_k64,text_pca256_lexical_w005
15620,23,minibatch_k64,text_pca256_lexical_w005
15621,0,minibatch_k64,text_pca256_lexical_w005
15622,33,minibatch_k64,text_pca256_lexical_w005
15623,5,minibatch_k64,text_pca256_lexical_w005
15624,10,minibatch_k64,text_pca256_lexical_w005
15625,23,minibatch_k64,text_pca256_lexical_w005
15626,33,minibatch_k64,text_pca256_lexical_w005
15627,21,minibatch_k64,text_pca256_lexical_w005
15628,8,minibatch_k64,text_pca256_lexical_w005
15629,33,minibatch_k64,text_pca256_lexical_w005
15630,38,minibatch_k64,text_pca256_lexical_w005
15631,0,minibatch_k64,text_pca256_lexical_w005
15632,21,minibatch_k64,text_pca256_lexical_w005
15633,62,minibatch_k64,text_pca256_lexical_w005
15634,8,minibatch_k64,text_pca256_lexical_w005
15635,39,minibatch_k64,text_pca256_lexical_w005
15636,42,minibatch_k64,text_pca256_lexical_w005
15637,12,minibatch_k64,text_pca256_lexical_w005
15638,15,minibatch_k64,text_pca256_lexical_w005
15639,45,minibatch_k64,text_pca256_lexical_w005
15640,27,minibatch_k64,text_pca256_lexical_w005
15641,33,minibatch_k64,text_pca256_lexical_w005
15642,10,minibatch_k64,text_pca256_lexical_w005
15643,59,minibatch_k64,text_pca256_lexical_w005
15644,27,minibatch_k64,text_pca256_lexical_w005
15645,0,minibatch_k64,text_pca256_lexical_w005
15646,45,minibatch_k64,text_pca256_lexical_w005
15647,45,minibatch_k64,text_pca256_lexical_w005
15648,45,minibatch_k64,text_pca256_lexical_w005
15649,59,minibatch_k64,text_pca256_lexical_w005
15650,0,minibatch_k64,text_pca256_lexical_w005
15651,48,minibatch_k64,text_pca256_lexical_w005
15652,59,minibatch_k64,text_pca256_lexical_w005
15653,48,minibatch_k64,text_pca256_lexical_w005
15654,42,minibatch_k64,text_pca256_lexical_w005
15655,59,minibatch_k64,text_pca256_lexical_w005
15656,18,minibatch_k64,text_pca256_lexical_w005
15657,59,minibatch_k64,text_pca256_lexical_w005
15658,48,minibatch_k64,text_pca256_lexical_w005
15659,59,minibatch_k64,text_pca256_lexical_w005
15660,56,minibatch_k64,text_pca256_lexical_w005
15661,10,minibatch_k64,text_pca256_lexical_w005
15662,62,minibatch_k64,text_pca256_lexical_w005
15663,45,minibatch_k64,text_pca256_lexical_w005
15664,59,minibatch_k64,text_pca256_lexical_w005
15665,45,minibatch_k64,text_pca256_lexical_w005
15666,45,minibatch_k64,text_pca256_lexical_w005
15667,59,minibatch_k64,text_pca256_lexical_w005
15668,59,minibatch_k64,text_pca256_lexical_w005
15669,59,minibatch_k64,text_pca256_lexical_w005
15670,53,minibatch_k64,text_pca256_lexical_w005
15671,59,minibatch_k64,text_pca256_lexical_w005
15672,0,minibatch_k64,text_pca256_lexical_w005
15673,8,minibatch_k64,text_pca256_lexical_w005
15674,59,minibatch_k64,text_pca256_lexical_w005
15675,59,minibatch_k64,text_pca256_lexical_w005
15676,45,minibatch_k64,text_pca256_lexical_w005
15677,45,minibatch_k64,text_pca256_lexical_w005
15678,59,minibatch_k64,text_pca256_lexical_w005
15679,10,minibatch_k64,text_pca256_lexical_w005
15680,41,minibatch_k64,text_pca256_lexical_w005
15681,59,minibatch_k64,text_pca256_lexical_w005
15682,10,minibatch_k64,text_pca256_lexical_w005
15683,45,minibatch_k64,text_pca256_lexical_w005
15684,45,minibatch_k64,text_pca256_lexical_w005
15685,10,minibatch_k64,text_pca256_lexical_w005
15686,62,minibatch_k64,text_pca256_lexical_w005
15687,59,minibatch_k64,text_pca256_lexical_w005
15688,39,minibatch_k64,text_pca256_lexical_w005
15689,39,minibatch_k64,text_pca256_lexical_w005
15690,59,minibatch_k64,text_pca256_lexical_w005
15691,39,minibatch_k64,text_pca256_lexical_w005
15692,42,minibatch_k64,text_pca256_lexical_w005
15693,39,minibatch_k64,text_pca256_lexical_w005
15694,45,minibatch_k64,text_pca256_lexical_w005
15695,59,minibatch_k64,text_pca256_lexical_w005
15696,45,minibatch_k64,text_pca256_lexical_w005
15697,27,minibatch_k64,text_pca256_lexical_w005
15698,59,minibatch_k64,text_pca256_lexical_w005
15699,59,minibatch_k64,text_pca256_lexical_w005
15700,45,minibatch_k64,text_pca256_lexical_w005
15701,42,minibatch_k64,text_pca256_lexical_w005
15702,10,minibatch_k64,text_pca256_lexical_w005
15703,59,minibatch_k64,text_pca256_lexical_w005
15704,59,minibatch_k64,text_pca256_lexical_w005
15705,59,minibatch_k64,text_pca256_lexical_w005
15706,41,minibatch_k64,text_pca256_lexical_w005
15707,41,minibatch_k64,text_pca256_lexical_w005
15708,41,minibatch_k64,text_pca256_lexical_w005
15709,41,minibatch_k64,text_pca256_lexical_w005
15710,39,minibatch_k64,text_pca256_lexical_w005
15711,53,minibatch_k64,text_pca256_lexical_w005
15712,53,minibatch_k64,text_pca256_lexical_w005
15713,0,minibatch_k64,text_pca256_lexical_w005
15714,4,minibatch_k64,text_pca256_lexical_w005
15715,5,minibatch_k64,text_pca256_lexical_w005
15716,62,minibatch_k64,text_pca256_lexical_w005
15717,0,minibatch_k64,text_pca256_lexical_w005
15718,46,minibatch_k64,text_pca256_lexical_w005
15719,5,minibatch_k64,text_pca256_lexical_w005
15720,5,minibatch_k64,text_pca256_lexical_w005
15721,5,minibatch_k64,text_pca256_lexical_w005
15722,46,minibatch_k64,text_pca256_lexical_w005
15723,10,minibatch_k64,text_pca256_lexical_w005
15724,5,minibatch_k64,text_pca256_lexical_w005
15725,46,minibatch_k64,text_pca256_lexical_w005
15726,46,minibatch_k64,text_pca256_lexical_w005
15727,5,minibatch_k64,text_pca256_lexical_w005
15728,5,minibatch_k64,text_pca256_lexical_w005
15729,5,minibatch_k64,text_pca256_lexical_w005
15730,46,minibatch_k64,text_pca256_lexical_w005
15731,5,minibatch_k64,text_pca256_lexical_w005
15732,46,minibatch_k64,text_pca256_lexical_w005
15733,46,minibatch_k64,text_pca256_lexical_w005
15734,46,minibatch_k64,text_pca256_lexical_w005
15735,5,minibatch_k64,text_pca256_lexical_w005
15736,62,minibatch_k64,text_pca256_lexical_w005
15737,62,minibatch_k64,text_pca256_lexical_w005
15738,5,minibatch_k64,text_pca256_lexical_w005
15739,42,minibatch_k64,text_pca256_lexical_w005
15740,5,minibatch_k64,text_pca256_lexical_w005
15741,21,minibatch_k64,text_pca256_lexical_w005
15742,5,minibatch_k64,text_pca256_lexical_w005
15743,0,minibatch_k64,text_pca256_lexical_w005
15744,46,minibatch_k64,text_pca256_lexical_w005
15745,62,minibatch_k64,text_pca256_lexical_w005
15746,5,minibatch_k64,text_pca256_lexical_w005
15747,5,minibatch_k64,text_pca256_lexical_w005
15748,5,minibatch_k64,text_pca256_lexical_w005
15749,42,minibatch_k64,text_pca256_lexical_w005
15750,5,minibatch_k64,text_pca256_lexical_w005
15751,42,minibatch_k64,text_pca256_lexical_w005
15752,23,minibatch_k64,text_pca256_lexical_w005
15753,5,minibatch_k64,text_pca256_lexical_w005
15754,5,minibatch_k64,text_pca256_lexical_w005
15755,0,minibatch_k64,text_pca256_lexical_w005
15756,5,minibatch_k64,text_pca256_lexical_w005
15757,62,minibatch_k64,text_pca256_lexical_w005
15758,26,minibatch_k64,text_pca256_lexical_w005
15759,5,minibatch_k64,text_pca256_lexical_w005
15760,5,minibatch_k64,text_pca256_lexical_w005
15761,15,minibatch_k64,text_pca256_lexical_w005
15762,15,minibatch_k64,text_pca256_lexical_w005
15763,5,minibatch_k64,text_pca256_lexical_w005
15764,0,minibatch_k64,text_pca256_lexical_w005
15765,0,minibatch_k64,text_pca256_lexical_w005
15766,21,minibatch_k64,text_pca256_lexical_w005
15767,46,minibatch_k64,text_pca256_lexical_w005
15768,15,minibatch_k64,text_pca256_lexical_w005
15769,8,minibatch_k64,text_pca256_lexical_w005
15770,5,minibatch_k64,text_pca256_lexical_w005
15771,62,minibatch_k64,text_pca256_lexical_w005
15772,62,minibatch_k64,text_pca256_lexical_w005
15773,42,minibatch_k64,text_pca256_lexical_w005
15774,5,minibatch_k64,text_pca256_lexical_w005
15775,62,minibatch_k64,text_pca256_lexical_w005
15776,0,minibatch_k64,text_pca256_lexical_w005
15777,62,minibatch_k64,text_pca256_lexical_w005
15778,23,minibatch_k64,text_pca256_lexical_w005
15779,0,minibatch_k64,text_pca256_lexical_w005
15780,62,minibatch_k64,text_pca256_lexical_w005
15781,8,minibatch_k64,text_pca256_lexical_w005
15782,23,minibatch_k64,text_pca256_lexical_w005
15783,0,minibatch_k64,text_pca256_lexical_w005
15784,23,minibatch_k64,text_pca256_lexical_w005
15785,8,minibatch_k64,text_pca256_lexical_w005
15786,33,minibatch_k64,text_pca256_lexical_w005
15787,0,minibatch_k64,text_pca256_lexical_w005
15788,4,minibatch_k64,text_pca256_lexical_w005
15789,8,minibatch_k64,text_pca256_lexical_w005
15790,0,minibatch_k64,text_pca256_lexical_w005
15791,8,minibatch_k64,text_pca256_lexical_w005
15792,42,minibatch_k64,text_pca256_lexical_w005
15793,62,minibatch_k64,text_pca256_lexical_w005
15794,62,minibatch_k64,text_pca256_lexical_w005
15795,5,minibatch_k64,text_pca256_lexical_w005
15796,62,minibatch_k64,text_pca256_lexical_w005
15797,59,minibatch_k64,text_pca256_lexical_w005
15798,59,minibatch_k64,text_pca256_lexical_w005
15799,0,minibatch_k64,text_pca256_lexical_w005
15800,5,minibatch_k64,text_pca256_lexical_w005
15801,5,minibatch_k64,text_pca256_lexical_w005
15802,46,minibatch_k64,text_pca256_lexical_w005
15803,46,minibatch_k64,text_pca256_lexical_w005
15804,45,minibatch_k64,text_pca256_lexical_w005
15805,5,minibatch_k64,text_pca256_lexical_w005
15806,5,minibatch_k64,text_pca256_lexical_w005
15807,5,minibatch_k64,text_pca256_lexical_w005
15808,5,minibatch_k64,text_pca256_lexical_w005
15809,5,minibatch_k64,text_pca256_lexical_w005
15810,59,minibatch_k64,text_pca256_lexical_w005
15811,46,minibatch_k64,text_pca256_lexical_w005
15812,5,minibatch_k64,text_pca256_lexical_w005
15813,46,minibatch_k64,text_pca256_lexical_w005
15814,5,minibatch_k64,text_pca256_lexical_w005
15815,5,minibatch_k64,text_pca256_lexical_w005
15816,62,minibatch_k64,text_pca256_lexical_w005
15817,62,minibatch_k64,text_pca256_lexical_w005
15818,5,minibatch_k64,text_pca256_lexical_w005
15819,5,minibatch_k64,text_pca256_lexical_w005
15820,5,minibatch_k64,text_pca256_lexical_w005
15821,5,minibatch_k64,text_pca256_lexical_w005
15822,5,minibatch_k64,text_pca256_lexical_w005
15823,5,minibatch_k64,text_pca256_lexical_w005
15824,0,minibatch_k64,text_pca256_lexical_w005
15825,5,minibatch_k64,text_pca256_lexical_w005
15826,5,minibatch_k64,text_pca256_lexical_w005
15827,62,minibatch_k64,text_pca256_lexical_w005
15828,5,minibatch_k64,text_pca256_lexical_w005
15829,5,minibatch_k64,text_pca256_lexical_w005
15830,62,minibatch_k64,text_pca256_lexical_w005
15831,0,minibatch_k64,text_pca256_lexical_w005
15832,62,minibatch_k64,text_pca256_lexical_w005
15833,8,minibatch_k64,text_pca256_lexical_w005
15834,5,minibatch_k64,text_pca256_lexical_w005
15835,4,minibatch_k64,text_pca256_lexical_w005
15836,4,minibatch_k64,text_pca256_lexical_w005
15837,62,minibatch_k64,text_pca256_lexical_w005
15838,59,minibatch_k64,text_pca256_lexical_w005
15839,0,minibatch_k64,text_pca256_lexical_w005
15840,4,minibatch_k64,text_pca256_lexical_w005
15841,59,minibatch_k64,text_pca256_lexical_w005
15842,62,minibatch_k64,text_pca256_lexical_w005
15843,0,minibatch_k64,text_pca256_lexical_w005
15844,0,minibatch_k64,text_pca256_lexical_w005
15845,4,minibatch_k64,text_pca256_lexical_w005
15846,2,minibatch_k64,text_pca256_lexical_w005
15847,23,minibatch_k64,text_pca256_lexical_w005
15848,4,minibatch_k64,text_pca256_lexical_w005
15849,62,minibatch_k64,text_pca256_lexical_w005
15850,4,minibatch_k64,text_pca256_lexical_w005
15851,62,minibatch_k64,text_pca256_lexical_w005
15852,62,minibatch_k64,text_pca256_lexical_w005
15853,62,minibatch_k64,text_pca256_lexical_w005
15854,23,minibatch_k64,text_pca256_lexical_w005
15855,62,minibatch_k64,text_pca256_lexical_w005
15856,15,minibatch_k64,text_pca256_lexical_w005
15857,62,minibatch_k64,text_pca256_lexical_w005
15858,62,minibatch_k64,text_pca256_lexical_w005
15859,62,minibatch_k64,text_pca256_lexical_w005
15860,23,minibatch_k64,text_pca256_lexical_w005
15861,45,minibatch_k64,text_pca256_lexical_w005
15862,0,minibatch_k64,text_pca256_lexical_w005
15863,4,minibatch_k64,text_pca256_lexical_w005
15864,62,minibatch_k64,text_pca256_lexical_w005
15865,42,minibatch_k64,text_pca256_lexical_w005
15866,62,minibatch_k64,text_pca256_lexical_w005
15867,15,minibatch_k64,text_pca256_lexical_w005
15868,2,minibatch_k64,text_pca256_lexical_w005
15869,23,minibatch_k64,text_pca256_lexical_w005
15870,62,minibatch_k64,text_pca256_lexical_w005
15871,10,minibatch_k64,text_pca256_lexical_w005
15872,0,minibatch_k64,text_pca256_lexical_w005
15873,39,minibatch_k64,text_pca256_lexical_w005
15874,0,minibatch_k64,text_pca256_lexical_w005
15875,50,minibatch_k64,text_pca256_lexical_w005
15876,21,minibatch_k64,text_pca256_lexical_w005
15877,0,minibatch_k64,text_pca256_lexical_w005
15878,62,minibatch_k64,text_pca256_lexical_w005
15879,8,minibatch_k64,text_pca256_lexical_w005
15880,0,minibatch_k64,text_pca256_lexical_w005
15881,0,minibatch_k64,text_pca256_lexical_w005
15882,62,minibatch_k64,text_pca256_lexical_w005
15883,23,minibatch_k64,text_pca256_lexical_w005
15884,15,minibatch_k64,text_pca256_lexical_w005
15885,15,minibatch_k64,text_pca256_lexical_w005
15886,50,minibatch_k64,text_pca256_lexical_w005
15887,23,minibatch_k64,text_pca256_lexical_w005
15888,62,minibatch_k64,text_pca256_lexical_w005
15889,0,minibatch_k64,text_pca256_lexical_w005
15890,15,minibatch_k64,text_pca256_lexical_w005
15891,39,minibatch_k64,text_pca256_lexical_w005
15892,23,minibatch_k64,text_pca256_lexical_w005
15893,50,minibatch_k64,text_pca256_lexical_w005
15894,62,minibatch_k64,text_pca256_lexical_w005
15895,62,minibatch_k64,text_pca256_lexical_w005
15896,62,minibatch_k64,text_pca256_lexical_w005
15897,21,minibatch_k64,text_pca256_lexical_w005
15898,5,minibatch_k64,text_pca256_lexical_w005
15899,5,minibatch_k64,text_pca256_lexical_w005
15900,46,minibatch_k64,text_pca256_lexical_w005
15901,0,minibatch_k64,text_pca256_lexical_w005
15902,10,minibatch_k64,text_pca256_lexical_w005
15903,5,minibatch_k64,text_pca256_lexical_w005
15904,5,minibatch_k64,text_pca256_lexical_w005
15905,5,minibatch_k64,text_pca256_lexical_w005
15906,5,minibatch_k64,text_pca256_lexical_w005
15907,2,minibatch_k64,text_pca256_lexical_w005
15908,5,minibatch_k64,text_pca256_lexical_w005
15909,5,minibatch_k64,text_pca256_lexical_w005
15910,5,minibatch_k64,text_pca256_lexical_w005
15911,52,minibatch_k64,text_pca256_lexical_w005
15912,5,minibatch_k64,text_pca256_lexical_w005
15913,56,minibatch_k64,text_pca256_lexical_w005
15914,5,minibatch_k64,text_pca256_lexical_w005
15915,46,minibatch_k64,text_pca256_lexical_w005
15916,46,minibatch_k64,text_pca256_lexical_w005
15917,0,minibatch_k64,text_pca256_lexical_w005
15918,62,minibatch_k64,text_pca256_lexical_w005
15919,0,minibatch_k64,text_pca256_lexical_w005
15920,8,minibatch_k64,text_pca256_lexical_w005
15921,62,minibatch_k64,text_pca256_lexical_w005
15922,10,minibatch_k64,text_pca256_lexical_w005
15923,62,minibatch_k64,text_pca256_lexical_w005
15924,0,minibatch_k64,text_pca256_lexical_w005
15925,8,minibatch_k64,text_pca256_lexical_w005
15926,0,minibatch_k64,text_pca256_lexical_w005
15927,62,minibatch_k64,text_pca256_lexical_w005
15928,0,minibatch_k64,text_pca256_lexical_w005
15929,62,minibatch_k64,text_pca256_lexical_w005
15930,46,minibatch_k64,text_pca256_lexical_w005
15931,42,minibatch_k64,text_pca256_lexical_w005
15932,50,minibatch_k64,text_pca256_lexical_w005
15933,5,minibatch_k64,text_pca256_lexical_w005
15934,15,minibatch_k64,text_pca256_lexical_w005
15935,21,minibatch_k64,text_pca256_lexical_w005
15936,52,minibatch_k64,text_pca256_lexical_w005
15937,5,minibatch_k64,text_pca256_lexical_w005
15938,62,minibatch_k64,text_pca256_lexical_w005
15939,8,minibatch_k64,text_pca256_lexical_w005
15940,42,minibatch_k64,text_pca256_lexical_w005
15941,5,minibatch_k64,text_pca256_lexical_w005
15942,2,minibatch_k64,text_pca256_lexical_w005
15943,62,minibatch_k64,text_pca256_lexical_w005
15944,50,minibatch_k64,text_pca256_lexical_w005
15945,8,minibatch_k64,text_pca256_lexical_w005
15946,10,minibatch_k64,text_pca256_lexical_w005
15947,10,minibatch_k64,text_pca256_lexical_w005
15948,0,minibatch_k64,text_pca256_lexical_w005
15949,0,minibatch_k64,text_pca256_lexical_w005
15950,23,minibatch_k64,text_pca256_lexical_w005
15951,62,minibatch_k64,text_pca256_lexical_w005
15952,62,minibatch_k64,text_pca256_lexical_w005
15953,59,minibatch_k64,text_pca256_lexical_w005
15954,52,minibatch_k64,text_pca256_lexical_w005
15955,15,minibatch_k64,text_pca256_lexical_w005
15956,45,minibatch_k64,text_pca256_lexical_w005
15957,38,minibatch_k64,text_pca256_lexical_w005
15958,8,minibatch_k64,text_pca256_lexical_w005
15959,50,minibatch_k64,text_pca256_lexical_w005
15960,23,minibatch_k64,text_pca256_lexical_w005
15961,45,minibatch_k64,text_pca256_lexical_w005
15962,45,minibatch_k64,text_pca256_lexical_w005
15963,8,minibatch_k64,text_pca256_lexical_w005
15964,55,minibatch_k64,text_pca256_lexical_w005
15965,23,minibatch_k64,text_pca256_lexical_w005
15966,63,minibatch_k64,text_pca256_lexical_w005
15967,23,minibatch_k64,text_pca256_lexical_w005
15968,4,minibatch_k64,text_pca256_lexical_w005
15969,0,minibatch_k64,text_pca256_lexical_w005
15970,0,minibatch_k64,text_pca256_lexical_w005
15971,8,minibatch_k64,text_pca256_lexical_w005
15972,23,minibatch_k64,text_pca256_lexical_w005
15973,8,minibatch_k64,text_pca256_lexical_w005
15974,62,minibatch_k64,text_pca256_lexical_w005
15975,8,minibatch_k64,text_pca256_lexical_w005
15976,23,minibatch_k64,text_pca256_lexical_w005
15977,0,minibatch_k64,text_pca256_lexical_w005
15978,21,minibatch_k64,text_pca256_lexical_w005
15979,14,minibatch_k64,text_pca256_lexical_w005
15980,62,minibatch_k64,text_pca256_lexical_w005
15981,42,minibatch_k64,text_pca256_lexical_w005
15982,62,minibatch_k64,text_pca256_lexical_w005
15983,2,minibatch_k64,text_pca256_lexical_w005
15984,23,minibatch_k64,text_pca256_lexical_w005
15985,48,minibatch_k64,text_pca256_lexical_w005
15986,10,minibatch_k64,text_pca256_lexical_w005
15987,10,minibatch_k64,text_pca256_lexical_w005
15988,33,minibatch_k64,text_pca256_lexical_w005
15989,10,minibatch_k64,text_pca256_lexical_w005
15990,59,minibatch_k64,text_pca256_lexical_w005
15991,0,minibatch_k64,text_pca256_lexical_w005
15992,8,minibatch_k64,text_pca256_lexical_w005
15993,0,minibatch_k64,text_pca256_lexical_w005
15994,62,minibatch_k64,text_pca256_lexical_w005
15995,42,minibatch_k64,text_pca256_lexical_w005
15996,62,minibatch_k64,text_pca256_lexical_w005
15997,62,minibatch_k64,text_pca256_lexical_w005
15998,42,minibatch_k64,text_pca256_lexical_w005
15999,0,minibatch_k64,text_pca256_lexical_w005
16000,62,minibatch_k64,text_pca256_lexical_w005
16001,33,minibatch_k64,text_pca256_lexical_w005
16002,0,minibatch_k64,text_pca256_lexical_w005
16003,10,minibatch_k64,text_pca256_lexical_w005
16004,5,minibatch_k64,text_pca256_lexical_w005
16005,23,minibatch_k64,text_pca256_lexical_w005
16006,42,minibatch_k64,text_pca256_lexical_w005
16007,62,minibatch_k64,text_pca256_lexical_w005
16008,62,minibatch_k64,text_pca256_lexical_w005
16009,62,minibatch_k64,text_pca256_lexical_w005
16010,5,minibatch_k64,text_pca256_lexical_w005
16011,62,minibatch_k64,text_pca256_lexical_w005
16012,10,minibatch_k64,text_pca256_lexical_w005
16013,62,minibatch_k64,text_pca256_lexical_w005
16014,15,minibatch_k64,text_pca256_lexical_w005
16015,45,minibatch_k64,text_pca256_lexical_w005
16016,5,minibatch_k64,text_pca256_lexical_w005
16017,5,minibatch_k64,text_pca256_lexical_w005
16018,46,minibatch_k64,text_pca256_lexical_w005
16019,45,minibatch_k64,text_pca256_lexical_w005
16020,5,minibatch_k64,text_pca256_lexical_w005
16021,5,minibatch_k64,text_pca256_lexical_w005
16022,5,minibatch_k64,text_pca256_lexical_w005
16023,5,minibatch_k64,text_pca256_lexical_w005
16024,5,minibatch_k64,text_pca256_lexical_w005
16025,5,minibatch_k64,text_pca256_lexical_w005
16026,5,minibatch_k64,text_pca256_lexical_w005
16027,45,minibatch_k64,text_pca256_lexical_w005
16028,62,minibatch_k64,text_pca256_lexical_w005
16029,5,minibatch_k64,text_pca256_lexical_w005
16030,62,minibatch_k64,text_pca256_lexical_w005
16031,0,minibatch_k64,text_pca256_lexical_w005
16032,21,minibatch_k64,text_pca256_lexical_w005
16033,5,minibatch_k64,text_pca256_lexical_w005
16034,45,minibatch_k64,text_pca256_lexical_w005
16035,62,minibatch_k64,text_pca256_lexical_w005
16036,45,minibatch_k64,text_pca256_lexical_w005
16037,15,minibatch_k64,text_pca256_lexical_w005
16038,0,minibatch_k64,text_pca256_lexical_w005
16039,5,minibatch_k64,text_pca256_lexical_w005
16040,45,minibatch_k64,text_pca256_lexical_w005
16041,45,minibatch_k64,text_pca256_lexical_w005
16042,5,minibatch_k64,text_pca256_lexical_w005
16043,23,minibatch_k64,text_pca256_lexical_w005
16044,62,minibatch_k64,text_pca256_lexical_w005
16045,0,minibatch_k64,text_pca256_lexical_w005
16046,23,minibatch_k64,text_pca256_lexical_w005
16047,0,minibatch_k64,text_pca256_lexical_w005
16048,25,minibatch_k64,text_pca256_lexical_w005
16049,39,minibatch_k64,text_pca256_lexical_w005
16050,45,minibatch_k64,text_pca256_lexical_w005
16051,10,minibatch_k64,text_pca256_lexical_w005
16052,25,minibatch_k64,text_pca256_lexical_w005
16053,0,minibatch_k64,text_pca256_lexical_w005
16054,0,minibatch_k64,text_pca256_lexical_w005
16055,23,minibatch_k64,text_pca256_lexical_w005
16056,25,minibatch_k64,text_pca256_lexical_w005
16057,62,minibatch_k64,text_pca256_lexical_w005
16058,23,minibatch_k64,text_pca256_lexical_w005
16059,25,minibatch_k64,text_pca256_lexical_w005
16060,25,minibatch_k64,text_pca256_lexical_w005
16061,23,minibatch_k64,text_pca256_lexical_w005
16062,25,minibatch_k64,text_pca256_lexical_w005
16063,45,minibatch_k64,text_pca256_lexical_w005
16064,39,minibatch_k64,text_pca256_lexical_w005
16065,23,minibatch_k64,text_pca256_lexical_w005
16066,25,minibatch_k64,text_pca256_lexical_w005
16067,3,minibatch_k64,text_pca256_lexical_w005
16068,3,minibatch_k64,text_pca256_lexical_w005
16069,3,minibatch_k64,text_pca256_lexical_w005
16070,10,minibatch_k64,text_pca256_lexical_w005
16071,3,minibatch_k64,text_pca256_lexical_w005
16072,62,minibatch_k64,text_pca256_lexical_w005
16073,62,minibatch_k64,text_pca256_lexical_w005
16074,3,minibatch_k64,text_pca256_lexical_w005
16075,8,minibatch_k64,text_pca256_lexical_w005
16076,62,minibatch_k64,text_pca256_lexical_w005
16077,42,minibatch_k64,text_pca256_lexical_w005
16078,8,minibatch_k64,text_pca256_lexical_w005
16079,5,minibatch_k64,text_pca256_lexical_w005
16080,45,minibatch_k64,text_pca256_lexical_w005
16081,5,minibatch_k64,text_pca256_lexical_w005
16082,23,minibatch_k64,text_pca256_lexical_w005
16083,4,minibatch_k64,text_pca256_lexical_w005
16084,62,minibatch_k64,text_pca256_lexical_w005
16085,23,minibatch_k64,text_pca256_lexical_w005
16086,62,minibatch_k64,text_pca256_lexical_w005
16087,23,minibatch_k64,text_pca256_lexical_w005
16088,0,minibatch_k64,text_pca256_lexical_w005
16089,59,minibatch_k64,text_pca256_lexical_w005
16090,18,minibatch_k64,text_pca256_lexical_w005
16091,23,minibatch_k64,text_pca256_lexical_w005
16092,18,minibatch_k64,text_pca256_lexical_w005
16093,47,minibatch_k64,text_pca256_lexical_w005
16094,62,minibatch_k64,text_pca256_lexical_w005
16095,0,minibatch_k64,text_pca256_lexical_w005
16096,62,minibatch_k64,text_pca256_lexical_w005
16097,0,minibatch_k64,text_pca256_lexical_w005
16098,45,minibatch_k64,text_pca256_lexical_w005
16099,0,minibatch_k64,text_pca256_lexical_w005
16100,18,minibatch_k64,text_pca256_lexical_w005
16101,39,minibatch_k64,text_pca256_lexical_w005
16102,45,minibatch_k64,text_pca256_lexical_w005
16103,45,minibatch_k64,text_pca256_lexical_w005
16104,45,minibatch_k64,text_pca256_lexical_w005
16105,45,minibatch_k64,text_pca256_lexical_w005
16106,45,minibatch_k64,text_pca256_lexical_w005
16107,45,minibatch_k64,text_pca256_lexical_w005
16108,45,minibatch_k64,text_pca256_lexical_w005
16109,32,minibatch_k64,text_pca256_lexical_w005
16110,45,minibatch_k64,text_pca256_lexical_w005
16111,45,minibatch_k64,text_pca256_lexical_w005
16112,58,minibatch_k64,text_pca256_lexical_w005
16113,38,minibatch_k64,text_pca256_lexical_w005
16114,23,minibatch_k64,text_pca256_lexical_w005
16115,15,minibatch_k64,text_pca256_lexical_w005
16116,23,minibatch_k64,text_pca256_lexical_w005
16117,35,minibatch_k64,text_pca256_lexical_w005
16118,15,minibatch_k64,text_pca256_lexical_w005
16119,45,minibatch_k64,text_pca256_lexical_w005
16120,15,minibatch_k64,text_pca256_lexical_w005
16121,45,minibatch_k64,text_pca256_lexical_w005
16122,18,minibatch_k64,text_pca256_lexical_w005
16123,0,minibatch_k64,text_pca256_lexical_w005
16124,62,minibatch_k64,text_pca256_lexical_w005
16125,15,minibatch_k64,text_pca256_lexical_w005
16126,4,minibatch_k64,text_pca256_lexical_w005
16127,15,minibatch_k64,text_pca256_lexical_w005
16128,59,minibatch_k64,text_pca256_lexical_w005
16129,61,minibatch_k64,text_pca256_lexical_w005
16130,62,minibatch_k64,text_pca256_lexical_w005
16131,18,minibatch_k64,text_pca256_lexical_w005
16132,23,minibatch_k64,text_pca256_lexical_w005
16133,15,minibatch_k64,text_pca256_lexical_w005
16134,5,minibatch_k64,text_pca256_lexical_w005
16135,23,minibatch_k64,text_pca256_lexical_w005
16136,18,minibatch_k64,text_pca256_lexical_w005
16137,23,minibatch_k64,text_pca256_lexical_w005
16138,18,minibatch_k64,text_pca256_lexical_w005
16139,23,minibatch_k64,text_pca256_lexical_w005
16140,23,minibatch_k64,text_pca256_lexical_w005
16141,23,minibatch_k64,text_pca256_lexical_w005
16142,62,minibatch_k64,text_pca256_lexical_w005
16143,50,minibatch_k64,text_pca256_lexical_w005
16144,18,minibatch_k64,text_pca256_lexical_w005
16145,23,minibatch_k64,text_pca256_lexical_w005
16146,23,minibatch_k64,text_pca256_lexical_w005
16147,23,minibatch_k64,text_pca256_lexical_w005
16148,15,minibatch_k64,text_pca256_lexical_w005
16149,23,minibatch_k64,text_pca256_lexical_w005
16150,45,minibatch_k64,text_pca256_lexical_w005
16151,45,minibatch_k64,text_pca256_lexical_w005
16152,45,minibatch_k64,text_pca256_lexical_w005
16153,15,minibatch_k64,text_pca256_lexical_w005
16154,15,minibatch_k64,text_pca256_lexical_w005
16155,58,minibatch_k64,text_pca256_lexical_w005
16156,2,minibatch_k64,text_pca256_lexical_w005
16157,15,minibatch_k64,text_pca256_lexical_w005
16158,45,minibatch_k64,text_pca256_lexical_w005
16159,45,minibatch_k64,text_pca256_lexical_w005
16160,45,minibatch_k64,text_pca256_lexical_w005
16161,38,minibatch_k64,text_pca256_lexical_w005
16162,23,minibatch_k64,text_pca256_lexical_w005
16163,55,minibatch_k64,text_pca256_lexical_w005
16164,45,minibatch_k64,text_pca256_lexical_w005
16165,45,minibatch_k64,text_pca256_lexical_w005
16166,45,minibatch_k64,text_pca256_lexical_w005
16167,45,minibatch_k64,text_pca256_lexical_w005
16168,62,minibatch_k64,text_pca256_lexical_w005
16169,4,minibatch_k64,text_pca256_lexical_w005
16170,0,minibatch_k64,text_pca256_lexical_w005
16171,62,minibatch_k64,text_pca256_lexical_w005
16172,45,minibatch_k64,text_pca256_lexical_w005
16173,23,minibatch_k64,text_pca256_lexical_w005
16174,23,minibatch_k64,text_pca256_lexical_w005
16175,0,minibatch_k64,text_pca256_lexical_w005
16176,23,minibatch_k64,text_pca256_lexical_w005
16177,23,minibatch_k64,text_pca256_lexical_w005
16178,23,minibatch_k64,text_pca256_lexical_w005
16179,0,minibatch_k64,text_pca256_lexical_w005
16180,62,minibatch_k64,text_pca256_lexical_w005
16181,23,minibatch_k64,text_pca256_lexical_w005
16182,15,minibatch_k64,text_pca256_lexical_w005
16183,23,minibatch_k64,text_pca256_lexical_w005
16184,18,minibatch_k64,text_pca256_lexical_w005
16185,23,minibatch_k64,text_pca256_lexical_w005
16186,23,minibatch_k64,text_pca256_lexical_w005
16187,23,minibatch_k64,text_pca256_lexical_w005
16188,23,minibatch_k64,text_pca256_lexical_w005
16189,23,minibatch_k64,text_pca256_lexical_w005
16190,23,minibatch_k64,text_pca256_lexical_w005
16191,23,minibatch_k64,text_pca256_lexical_w005
16192,23,minibatch_k64,text_pca256_lexical_w005
16193,23,minibatch_k64,text_pca256_lexical_w005
16194,18,minibatch_k64,text_pca256_lexical_w005
16195,23,minibatch_k64,text_pca256_lexical_w005
16196,23,minibatch_k64,text_pca256_lexical_w005
16197,23,minibatch_k64,text_pca256_lexical_w005
16198,0,minibatch_k64,text_pca256_lexical_w005
16199,23,minibatch_k64,text_pca256_lexical_w005
16200,23,minibatch_k64,text_pca256_lexical_w005
16201,23,minibatch_k64,text_pca256_lexical_w005
16202,23,minibatch_k64,text_pca256_lexical_w005
16203,15,minibatch_k64,text_pca256_lexical_w005
16204,10,minibatch_k64,text_pca256_lexical_w005
16205,0,minibatch_k64,text_pca256_lexical_w005
16206,23,minibatch_k64,text_pca256_lexical_w005
16207,23,minibatch_k64,text_pca256_lexical_w005
16208,18,minibatch_k64,text_pca256_lexical_w005
16209,18,minibatch_k64,text_pca256_lexical_w005
16210,18,minibatch_k64,text_pca256_lexical_w005
16211,23,minibatch_k64,text_pca256_lexical_w005
16212,5,minibatch_k64,text_pca256_lexical_w005
16213,38,minibatch_k64,text_pca256_lexical_w005
16214,45,minibatch_k64,text_pca256_lexical_w005
16215,58,minibatch_k64,text_pca256_lexical_w005
16216,23,minibatch_k64,text_pca256_lexical_w005
16217,55,minibatch_k64,text_pca256_lexical_w005
16218,0,minibatch_k64,text_pca256_lexical_w005
16219,0,minibatch_k64,text_pca256_lexical_w005
16220,62,minibatch_k64,text_pca256_lexical_w005
16221,62,minibatch_k64,text_pca256_lexical_w005
16222,61,minibatch_k64,text_pca256_lexical_w005
16223,21,minibatch_k64,text_pca256_lexical_w005
16224,50,minibatch_k64,text_pca256_lexical_w005
16225,62,minibatch_k64,text_pca256_lexical_w005
16226,23,minibatch_k64,text_pca256_lexical_w005
16227,45,minibatch_k64,text_pca256_lexical_w005
16228,62,minibatch_k64,text_pca256_lexical_w005
16229,38,minibatch_k64,text_pca256_lexical_w005
16230,15,minibatch_k64,text_pca256_lexical_w005
16231,58,minibatch_k64,text_pca256_lexical_w005
16232,45,minibatch_k64,text_pca256_lexical_w005
16233,23,minibatch_k64,text_pca256_lexical_w005
16234,23,minibatch_k64,text_pca256_lexical_w005
16235,18,minibatch_k64,text_pca256_lexical_w005
16236,62,minibatch_k64,text_pca256_lexical_w005
16237,0,minibatch_k64,text_pca256_lexical_w005
16238,53,minibatch_k64,text_pca256_lexical_w005
16239,0,minibatch_k64,text_pca256_lexical_w005
16240,0,minibatch_k64,text_pca256_lexical_w005
16241,0,minibatch_k64,text_pca256_lexical_w005
16242,18,minibatch_k64,text_pca256_lexical_w005
16243,23,minibatch_k64,text_pca256_lexical_w005
16244,18,minibatch_k64,text_pca256_lexical_w005
16245,0,minibatch_k64,text_pca256_lexical_w005
16246,4,minibatch_k64,text_pca256_lexical_w005
16247,0,minibatch_k64,text_pca256_lexical_w005
16248,18,minibatch_k64,text_pca256_lexical_w005
16249,15,minibatch_k64,text_pca256_lexical_w005
16250,18,minibatch_k64,text_pca256_lexical_w005
16251,0,minibatch_k64,text_pca256_lexical_w005
16252,0,minibatch_k64,text_pca256_lexical_w005
16253,23,minibatch_k64,text_pca256_lexical_w005
16254,8,minibatch_k64,text_pca256_lexical_w005
16255,56,minibatch_k64,text_pca256_lexical_w005
16256,23,minibatch_k64,text_pca256_lexical_w005
16257,15,minibatch_k64,text_pca256_lexical_w005
16258,23,minibatch_k64,text_pca256_lexical_w005
16259,23,minibatch_k64,text_pca256_lexical_w005
16260,0,minibatch_k64,text_pca256_lexical_w005
16261,0,minibatch_k64,text_pca256_lexical_w005
16262,15,minibatch_k64,text_pca256_lexical_w005
16263,15,minibatch_k64,text_pca256_lexical_w005
16264,15,minibatch_k64,text_pca256_lexical_w005
16265,15,minibatch_k64,text_pca256_lexical_w005
16266,0,minibatch_k64,text_pca256_lexical_w005
16267,62,minibatch_k64,text_pca256_lexical_w005
16268,0,minibatch_k64,text_pca256_lexical_w005
16269,15,minibatch_k64,text_pca256_lexical_w005
16270,15,minibatch_k64,text_pca256_lexical_w005
16271,62,minibatch_k64,text_pca256_lexical_w005
16272,23,minibatch_k64,text_pca256_lexical_w005
16273,38,minibatch_k64,text_pca256_lexical_w005
16274,58,minibatch_k64,text_pca256_lexical_w005
16275,23,minibatch_k64,text_pca256_lexical_w005
16276,55,minibatch_k64,text_pca256_lexical_w005
16277,22,minibatch_k64,text_pca256_lexical_w005
16278,45,minibatch_k64,text_pca256_lexical_w005
16279,15,minibatch_k64,text_pca256_lexical_w005
16280,62,minibatch_k64,text_pca256_lexical_w005
16281,0,minibatch_k64,text_pca256_lexical_w005
16282,0,minibatch_k64,text_pca256_lexical_w005
16283,0,minibatch_k64,text_pca256_lexical_w005
16284,23,minibatch_k64,text_pca256_lexical_w005
16285,23,minibatch_k64,text_pca256_lexical_w005
16286,40,minibatch_k64,text_pca256_lexical_w005
16287,40,minibatch_k64,text_pca256_lexical_w005
16288,8,minibatch_k64,text_pca256_lexical_w005
16289,0,minibatch_k64,text_pca256_lexical_w005
16290,62,minibatch_k64,text_pca256_lexical_w005
16291,12,minibatch_k64,text_pca256_lexical_w005
16292,40,minibatch_k64,text_pca256_lexical_w005
16293,0,minibatch_k64,text_pca256_lexical_w005
16294,0,minibatch_k64,text_pca256_lexical_w005
16295,15,minibatch_k64,text_pca256_lexical_w005
16296,15,minibatch_k64,text_pca256_lexical_w005
16297,62,minibatch_k64,text_pca256_lexical_w005
16298,0,minibatch_k64,text_pca256_lexical_w005
16299,10,minibatch_k64,text_pca256_lexical_w005
16300,39,minibatch_k64,text_pca256_lexical_w005
16301,62,minibatch_k64,text_pca256_lexical_w005
16302,23,minibatch_k64,text_pca256_lexical_w005
16303,62,minibatch_k64,text_pca256_lexical_w005
16304,38,minibatch_k64,text_pca256_lexical_w005
16305,58,minibatch_k64,text_pca256_lexical_w005
16306,23,minibatch_k64,text_pca256_lexical_w005
16307,55,minibatch_k64,text_pca256_lexical_w005
16308,63,minibatch_k64,text_pca256_lexical_w005
16309,62,minibatch_k64,text_pca256_lexical_w005
16310,0,minibatch_k64,text_pca256_lexical_w005
16311,4,minibatch_k64,text_pca256_lexical_w005
16312,62,minibatch_k64,text_pca256_lexical_w005
16313,45,minibatch_k64,text_pca256_lexical_w005
16314,45,minibatch_k64,text_pca256_lexical_w005
16315,21,minibatch_k64,text_pca256_lexical_w005
16316,0,minibatch_k64,text_pca256_lexical_w005
16317,0,minibatch_k64,text_pca256_lexical_w005
16318,0,minibatch_k64,text_pca256_lexical_w005
16319,2,minibatch_k64,text_pca256_lexical_w005
16320,12,minibatch_k64,text_pca256_lexical_w005
16321,40,minibatch_k64,text_pca256_lexical_w005
16322,15,minibatch_k64,text_pca256_lexical_w005
16323,23,minibatch_k64,text_pca256_lexical_w005
16324,58,minibatch_k64,text_pca256_lexical_w005
16325,38,minibatch_k64,text_pca256_lexical_w005
16326,55,minibatch_k64,text_pca256_lexical_w005
16327,22,minibatch_k64,text_pca256_lexical_w005
16328,39,minibatch_k64,text_pca256_lexical_w005
16329,0,minibatch_k64,text_pca256_lexical_w005
16330,47,minibatch_k64,text_pca256_lexical_w005
16331,0,minibatch_k64,text_pca256_lexical_w005
16332,0,minibatch_k64,text_pca256_lexical_w005
16333,39,minibatch_k64,text_pca256_lexical_w005
16334,0,minibatch_k64,text_pca256_lexical_w005
16335,23,minibatch_k64,text_pca256_lexical_w005
16336,23,minibatch_k64,text_pca256_lexical_w005
16337,8,minibatch_k64,text_pca256_lexical_w005
16338,8,minibatch_k64,text_pca256_lexical_w005
16339,21,minibatch_k64,text_pca256_lexical_w005
16340,23,minibatch_k64,text_pca256_lexical_w005
16341,8,minibatch_k64,text_pca256_lexical_w005
16342,62,minibatch_k64,text_pca256_lexical_w005
16343,5,minibatch_k64,text_pca256_lexical_w005
16344,62,minibatch_k64,text_pca256_lexical_w005
16345,2,minibatch_k64,text_pca256_lexical_w005
16346,23,minibatch_k64,text_pca256_lexical_w005
16347,23,minibatch_k64,text_pca256_lexical_w005
16348,23,minibatch_k64,text_pca256_lexical_w005
16349,58,minibatch_k64,text_pca256_lexical_w005
16350,23,minibatch_k64,text_pca256_lexical_w005
16351,38,minibatch_k64,text_pca256_lexical_w005
16352,0,minibatch_k64,text_pca256_lexical_w005
16353,45,minibatch_k64,text_pca256_lexical_w005
16354,55,minibatch_k64,text_pca256_lexical_w005
16355,63,minibatch_k64,text_pca256_lexical_w005
16356,0,minibatch_k64,text_pca256_lexical_w005
16357,8,minibatch_k64,text_pca256_lexical_w005
16358,0,minibatch_k64,text_pca256_lexical_w005
16359,0,minibatch_k64,text_pca256_lexical_w005
16360,62,minibatch_k64,text_pca256_lexical_w005
16361,15,minibatch_k64,text_pca256_lexical_w005
16362,59,minibatch_k64,text_pca256_lexical_w005
16363,62,minibatch_k64,text_pca256_lexical_w005
16364,50,minibatch_k64,text_pca256_lexical_w005
16365,0,minibatch_k64,text_pca256_lexical_w005
16366,59,minibatch_k64,text_pca256_lexical_w005
16367,18,minibatch_k64,text_pca256_lexical_w005
16368,45,minibatch_k64,text_pca256_lexical_w005
16369,10,minibatch_k64,text_pca256_lexical_w005
16370,0,minibatch_k64,text_pca256_lexical_w005
16371,40,minibatch_k64,text_pca256_lexical_w005
16372,62,minibatch_k64,text_pca256_lexical_w005
16373,61,minibatch_k64,text_pca256_lexical_w005
16374,23,minibatch_k64,text_pca256_lexical_w005
16375,50,minibatch_k64,text_pca256_lexical_w005
16376,0,minibatch_k64,text_pca256_lexical_w005
16377,39,minibatch_k64,text_pca256_lexical_w005
16378,61,minibatch_k64,text_pca256_lexical_w005
16379,62,minibatch_k64,text_pca256_lexical_w005
16380,61,minibatch_k64,text_pca256_lexical_w005
16381,61,minibatch_k64,text_pca256_lexical_w005
16382,62,minibatch_k64,text_pca256_lexical_w005
16383,0,minibatch_k64,text_pca256_lexical_w005
16384,23,minibatch_k64,text_pca256_lexical_w005
16385,0,minibatch_k64,text_pca256_lexical_w005
16386,61,minibatch_k64,text_pca256_lexical_w005
16387,23,minibatch_k64,text_pca256_lexical_w005
16388,59,minibatch_k64,text_pca256_lexical_w005
16389,50,minibatch_k64,text_pca256_lexical_w005
16390,23,minibatch_k64,text_pca256_lexical_w005
16391,61,minibatch_k64,text_pca256_lexical_w005
16392,61,minibatch_k64,text_pca256_lexical_w005
16393,61,minibatch_k64,text_pca256_lexical_w005
16394,8,minibatch_k64,text_pca256_lexical_w005
16395,61,minibatch_k64,text_pca256_lexical_w005
16396,2,minibatch_k64,text_pca256_lexical_w005
16397,10,minibatch_k64,text_pca256_lexical_w005
16398,4,minibatch_k64,text_pca256_lexical_w005
16399,39,minibatch_k64,text_pca256_lexical_w005
16400,62,minibatch_k64,text_pca256_lexical_w005
16401,23,minibatch_k64,text_pca256_lexical_w005
16402,23,minibatch_k64,text_pca256_lexical_w005
16403,62,minibatch_k64,text_pca256_lexical_w005
16404,23,minibatch_k64,text_pca256_lexical_w005
16405,62,minibatch_k64,text_pca256_lexical_w005
16406,0,minibatch_k64,text_pca256_lexical_w005
16407,4,minibatch_k64,text_pca256_lexical_w005
16408,61,minibatch_k64,text_pca256_lexical_w005
16409,15,minibatch_k64,text_pca256_lexical_w005
16410,23,minibatch_k64,text_pca256_lexical_w005
16411,48,minibatch_k64,text_pca256_lexical_w005
16412,15,minibatch_k64,text_pca256_lexical_w005
16413,0,minibatch_k64,text_pca256_lexical_w005
16414,62,minibatch_k64,text_pca256_lexical_w005
16415,10,minibatch_k64,text_pca256_lexical_w005
16416,0,minibatch_k64,text_pca256_lexical_w005
16417,0,minibatch_k64,text_pca256_lexical_w005
16418,5,minibatch_k64,text_pca256_lexical_w005
16419,15,minibatch_k64,text_pca256_lexical_w005
16420,2,minibatch_k64,text_pca256_lexical_w005
16421,0,minibatch_k64,text_pca256_lexical_w005
16422,0,minibatch_k64,text_pca256_lexical_w005
16423,0,minibatch_k64,text_pca256_lexical_w005
16424,0,minibatch_k64,text_pca256_lexical_w005
16425,8,minibatch_k64,text_pca256_lexical_w005
16426,23,minibatch_k64,text_pca256_lexical_w005
16427,0,minibatch_k64,text_pca256_lexical_w005
16428,0,minibatch_k64,text_pca256_lexical_w005
16429,23,minibatch_k64,text_pca256_lexical_w005
16430,23,minibatch_k64,text_pca256_lexical_w005
16431,0,minibatch_k64,text_pca256_lexical_w005
16432,10,minibatch_k64,text_pca256_lexical_w005
16433,5,minibatch_k64,text_pca256_lexical_w005
16434,39,minibatch_k64,text_pca256_lexical_w005
16435,23,minibatch_k64,text_pca256_lexical_w005
16436,11,minibatch_k64,text_pca256_lexical_w005
16437,57,minibatch_k64,text_pca256_lexical_w005
16438,11,minibatch_k64,text_pca256_lexical_w005
16439,0,minibatch_k64,text_pca256_lexical_w005
16440,59,minibatch_k64,text_pca256_lexical_w005
16441,23,minibatch_k64,text_pca256_lexical_w005
16442,10,minibatch_k64,text_pca256_lexical_w005
16443,0,minibatch_k64,text_pca256_lexical_w005
16444,38,minibatch_k64,text_pca256_lexical_w005
16445,58,minibatch_k64,text_pca256_lexical_w005
16446,55,minibatch_k64,text_pca256_lexical_w005
16447,13,minibatch_k64,text_pca256_lexical_w005
16448,10,minibatch_k64,text_pca256_lexical_w005
16449,23,minibatch_k64,text_pca256_lexical_w005
16450,61,minibatch_k64,text_pca256_lexical_w005
16451,23,minibatch_k64,text_pca256_lexical_w005
16452,50,minibatch_k64,text_pca256_lexical_w005
16453,0,minibatch_k64,text_pca256_lexical_w005
16454,23,minibatch_k64,text_pca256_lexical_w005
16455,50,minibatch_k64,text_pca256_lexical_w005
16456,0,minibatch_k64,text_pca256_lexical_w005
16457,10,minibatch_k64,text_pca256_lexical_w005
16458,59,minibatch_k64,text_pca256_lexical_w005
16459,23,minibatch_k64,text_pca256_lexical_w005
16460,10,minibatch_k64,text_pca256_lexical_w005
16461,8,minibatch_k64,text_pca256_lexical_w005
16462,23,minibatch_k64,text_pca256_lexical_w005
16463,39,minibatch_k64,text_pca256_lexical_w005
16464,58,minibatch_k64,text_pca256_lexical_w005
16465,38,minibatch_k64,text_pca256_lexical_w005
16466,55,minibatch_k64,text_pca256_lexical_w005
16467,63,minibatch_k64,text_pca256_lexical_w005
16468,59,minibatch_k64,text_pca256_lexical_w005
16469,32,minibatch_k64,text_pca256_lexical_w005
16470,40,minibatch_k64,text_pca256_lexical_w005
16471,0,minibatch_k64,text_pca256_lexical_w005
16472,14,minibatch_k64,text_pca256_lexical_w005
16473,0,minibatch_k64,text_pca256_lexical_w005
16474,39,minibatch_k64,text_pca256_lexical_w005
16475,38,minibatch_k64,text_pca256_lexical_w005
16476,55,minibatch_k64,text_pca256_lexical_w005
16477,63,minibatch_k64,text_pca256_lexical_w005
16478,0,minibatch_k64,text_pca256_lexical_w005
16479,62,minibatch_k64,text_pca256_lexical_w005
16480,23,minibatch_k64,text_pca256_lexical_w005
16481,14,minibatch_k64,text_pca256_lexical_w005
16482,38,minibatch_k64,text_pca256_lexical_w005
16483,10,minibatch_k64,text_pca256_lexical_w005
16484,33,minibatch_k64,text_pca256_lexical_w005
16485,53,minibatch_k64,text_pca256_lexical_w005
16486,62,minibatch_k64,text_pca256_lexical_w005
16487,62,minibatch_k64,text_pca256_lexical_w005
16488,38,minibatch_k64,text_pca256_lexical_w005
16489,0,minibatch_k64,text_pca256_lexical_w005
16490,36,minibatch_k64,text_pca256_lexical_w005
16491,55,minibatch_k64,text_pca256_lexical_w005
16492,63,minibatch_k64,text_pca256_lexical_w005
16493,62,minibatch_k64,text_pca256_lexical_w005
16494,10,minibatch_k64,text_pca256_lexical_w005
16495,23,minibatch_k64,text_pca256_lexical_w005
16496,0,minibatch_k64,text_pca256_lexical_w005
16497,23,minibatch_k64,text_pca256_lexical_w005
16498,0,minibatch_k64,text_pca256_lexical_w005
16499,10,minibatch_k64,text_pca256_lexical_w005
16500,23,minibatch_k64,text_pca256_lexical_w005
16501,38,minibatch_k64,text_pca256_lexical_w005
16502,23,minibatch_k64,text_pca256_lexical_w005
16503,36,minibatch_k64,text_pca256_lexical_w005
16504,55,minibatch_k64,text_pca256_lexical_w005
16505,63,minibatch_k64,text_pca256_lexical_w005
16506,10,minibatch_k64,text_pca256_lexical_w005
16507,59,minibatch_k64,text_pca256_lexical_w005
16508,23,minibatch_k64,text_pca256_lexical_w005
16509,23,minibatch_k64,text_pca256_lexical_w005
16510,23,minibatch_k64,text_pca256_lexical_w005
16511,18,minibatch_k64,text_pca256_lexical_w005
16512,43,minibatch_k64,text_pca256_lexical_w005
16513,8,minibatch_k64,text_pca256_lexical_w005
16514,23,minibatch_k64,text_pca256_lexical_w005
16515,23,minibatch_k64,text_pca256_lexical_w005
16516,23,minibatch_k64,text_pca256_lexical_w005
16517,23,minibatch_k64,text_pca256_lexical_w005
16518,18,minibatch_k64,text_pca256_lexical_w005
16519,15,minibatch_k64,text_pca256_lexical_w005
16520,0,minibatch_k64,text_pca256_lexical_w005
16521,0,minibatch_k64,text_pca256_lexical_w005
16522,15,minibatch_k64,text_pca256_lexical_w005
16523,0,minibatch_k64,text_pca256_lexical_w005
16524,15,minibatch_k64,text_pca256_lexical_w005
16525,12,minibatch_k64,text_pca256_lexical_w005
16526,23,minibatch_k64,text_pca256_lexical_w005
16527,45,minibatch_k64,text_pca256_lexical_w005
16528,23,minibatch_k64,text_pca256_lexical_w005
16529,38,minibatch_k64,text_pca256_lexical_w005
16530,36,minibatch_k64,text_pca256_lexical_w005
16531,55,minibatch_k64,text_pca256_lexical_w005
16532,2,minibatch_k64,text_pca256_lexical_w005
16533,8,minibatch_k64,text_pca256_lexical_w005
16534,62,minibatch_k64,text_pca256_lexical_w005
16535,10,minibatch_k64,text_pca256_lexical_w005
16536,59,minibatch_k64,text_pca256_lexical_w005
16537,59,minibatch_k64,text_pca256_lexical_w005
16538,23,minibatch_k64,text_pca256_lexical_w005
16539,59,minibatch_k64,text_pca256_lexical_w005
16540,23,minibatch_k64,text_pca256_lexical_w005
16541,23,minibatch_k64,text_pca256_lexical_w005
16542,23,minibatch_k64,text_pca256_lexical_w005
16543,0,minibatch_k64,text_pca256_lexical_w005
16544,0,minibatch_k64,text_pca256_lexical_w005
16545,23,minibatch_k64,text_pca256_lexical_w005
16546,45,minibatch_k64,text_pca256_lexical_w005
16547,23,minibatch_k64,text_pca256_lexical_w005
16548,59,minibatch_k64,text_pca256_lexical_w005
16549,21,minibatch_k64,text_pca256_lexical_w005
16550,23,minibatch_k64,text_pca256_lexical_w005
16551,23,minibatch_k64,text_pca256_lexical_w005
16552,45,minibatch_k64,text_pca256_lexical_w005
16553,59,minibatch_k64,text_pca256_lexical_w005
16554,8,minibatch_k64,text_pca256_lexical_w005
16555,59,minibatch_k64,text_pca256_lexical_w005
16556,59,minibatch_k64,text_pca256_lexical_w005
16557,23,minibatch_k64,text_pca256_lexical_w005
16558,23,minibatch_k64,text_pca256_lexical_w005
16559,23,minibatch_k64,text_pca256_lexical_w005
16560,23,minibatch_k64,text_pca256_lexical_w005
16561,59,minibatch_k64,text_pca256_lexical_w005
16562,39,minibatch_k64,text_pca256_lexical_w005
16563,45,minibatch_k64,text_pca256_lexical_w005
16564,23,minibatch_k64,text_pca256_lexical_w005
16565,38,minibatch_k64,text_pca256_lexical_w005
16566,62,minibatch_k64,text_pca256_lexical_w005
16567,0,minibatch_k64,text_pca256_lexical_w005
16568,55,minibatch_k64,text_pca256_lexical_w005
16569,63,minibatch_k64,text_pca256_lexical_w005
16570,62,minibatch_k64,text_pca256_lexical_w005
16571,10,minibatch_k64,text_pca256_lexical_w005
16572,45,minibatch_k64,text_pca256_lexical_w005
16573,45,minibatch_k64,text_pca256_lexical_w005
16574,23,minibatch_k64,text_pca256_lexical_w005
16575,62,minibatch_k64,text_pca256_lexical_w005
16576,23,minibatch_k64,text_pca256_lexical_w005
16577,10,minibatch_k64,text_pca256_lexical_w005
16578,50,minibatch_k64,text_pca256_lexical_w005
16579,23,minibatch_k64,text_pca256_lexical_w005
16580,2,minibatch_k64,text_pca256_lexical_w005
16581,18,minibatch_k64,text_pca256_lexical_w005
16582,0,minibatch_k64,text_pca256_lexical_w005
16583,61,minibatch_k64,text_pca256_lexical_w005
16584,50,minibatch_k64,text_pca256_lexical_w005
16585,23,minibatch_k64,text_pca256_lexical_w005
16586,23,minibatch_k64,text_pca256_lexical_w005
16587,23,minibatch_k64,text_pca256_lexical_w005
16588,23,minibatch_k64,text_pca256_lexical_w005
16589,15,minibatch_k64,text_pca256_lexical_w005
16590,18,minibatch_k64,text_pca256_lexical_w005
16591,18,minibatch_k64,text_pca256_lexical_w005
16592,23,minibatch_k64,text_pca256_lexical_w005
16593,0,minibatch_k64,text_pca256_lexical_w005
16594,18,minibatch_k64,text_pca256_lexical_w005
16595,45,minibatch_k64,text_pca256_lexical_w005
16596,0,minibatch_k64,text_pca256_lexical_w005
16597,23,minibatch_k64,text_pca256_lexical_w005
16598,18,minibatch_k64,text_pca256_lexical_w005
16599,23,minibatch_k64,text_pca256_lexical_w005
16600,59,minibatch_k64,text_pca256_lexical_w005
16601,8,minibatch_k64,text_pca256_lexical_w005
16602,59,minibatch_k64,text_pca256_lexical_w005
16603,18,minibatch_k64,text_pca256_lexical_w005
16604,18,minibatch_k64,text_pca256_lexical_w005
16605,33,minibatch_k64,text_pca256_lexical_w005
16606,45,minibatch_k64,text_pca256_lexical_w005
16607,0,minibatch_k64,text_pca256_lexical_w005
16608,18,minibatch_k64,text_pca256_lexical_w005
16609,45,minibatch_k64,text_pca256_lexical_w005
16610,23,minibatch_k64,text_pca256_lexical_w005
16611,23,minibatch_k64,text_pca256_lexical_w005
16612,18,minibatch_k64,text_pca256_lexical_w005
16613,18,minibatch_k64,text_pca256_lexical_w005
16614,18,minibatch_k64,text_pca256_lexical_w005
16615,2,minibatch_k64,text_pca256_lexical_w005
16616,18,minibatch_k64,text_pca256_lexical_w005
16617,18,minibatch_k64,text_pca256_lexical_w005
16618,59,minibatch_k64,text_pca256_lexical_w005
16619,23,minibatch_k64,text_pca256_lexical_w005
16620,45,minibatch_k64,text_pca256_lexical_w005
16621,0,minibatch_k64,text_pca256_lexical_w005
16622,0,minibatch_k64,text_pca256_lexical_w005
16623,59,minibatch_k64,text_pca256_lexical_w005
16624,0,minibatch_k64,text_pca256_lexical_w005
16625,45,minibatch_k64,text_pca256_lexical_w005
16626,62,minibatch_k64,text_pca256_lexical_w005
16627,18,minibatch_k64,text_pca256_lexical_w005
16628,18,minibatch_k64,text_pca256_lexical_w005
16629,23,minibatch_k64,text_pca256_lexical_w005
16630,23,minibatch_k64,text_pca256_lexical_w005
16631,23,minibatch_k64,text_pca256_lexical_w005
16632,59,minibatch_k64,text_pca256_lexical_w005
16633,45,minibatch_k64,text_pca256_lexical_w005
16634,18,minibatch_k64,text_pca256_lexical_w005
16635,27,minibatch_k64,text_pca256_lexical_w005
16636,23,minibatch_k64,text_pca256_lexical_w005
16637,21,minibatch_k64,text_pca256_lexical_w005
16638,8,minibatch_k64,text_pca256_lexical_w005
16639,39,minibatch_k64,text_pca256_lexical_w005
16640,2,minibatch_k64,text_pca256_lexical_w005
16641,45,minibatch_k64,text_pca256_lexical_w005
16642,42,minibatch_k64,text_pca256_lexical_w005
16643,58,minibatch_k64,text_pca256_lexical_w005
16644,45,minibatch_k64,text_pca256_lexical_w005
16645,36,minibatch_k64,text_pca256_lexical_w005
16646,23,minibatch_k64,text_pca256_lexical_w005
16647,63,minibatch_k64,text_pca256_lexical_w005
16648,23,minibatch_k64,text_pca256_lexical_w005
16649,18,minibatch_k64,text_pca256_lexical_w005
16650,4,minibatch_k64,text_pca256_lexical_w005
16651,45,minibatch_k64,text_pca256_lexical_w005
16652,62,minibatch_k64,text_pca256_lexical_w005
16653,45,minibatch_k64,text_pca256_lexical_w005
16654,10,minibatch_k64,text_pca256_lexical_w005
16655,23,minibatch_k64,text_pca256_lexical_w005
16656,0,minibatch_k64,text_pca256_lexical_w005
16657,23,minibatch_k64,text_pca256_lexical_w005
16658,23,minibatch_k64,text_pca256_lexical_w005
16659,45,minibatch_k64,text_pca256_lexical_w005
16660,45,minibatch_k64,text_pca256_lexical_w005
16661,45,minibatch_k64,text_pca256_lexical_w005
16662,23,minibatch_k64,text_pca256_lexical_w005
16663,10,minibatch_k64,text_pca256_lexical_w005
16664,45,minibatch_k64,text_pca256_lexical_w005
16665,45,minibatch_k64,text_pca256_lexical_w005
16666,45,minibatch_k64,text_pca256_lexical_w005
16667,45,minibatch_k64,text_pca256_lexical_w005
16668,42,minibatch_k64,text_pca256_lexical_w005
16669,0,minibatch_k64,text_pca256_lexical_w005
16670,23,minibatch_k64,text_pca256_lexical_w005
16671,0,minibatch_k64,text_pca256_lexical_w005
16672,0,minibatch_k64,text_pca256_lexical_w005
16673,18,minibatch_k64,text_pca256_lexical_w005
16674,2,minibatch_k64,text_pca256_lexical_w005
16675,2,minibatch_k64,text_pca256_lexical_w005
16676,10,minibatch_k64,text_pca256_lexical_w005
16677,2,minibatch_k64,text_pca256_lexical_w005
16678,23,minibatch_k64,text_pca256_lexical_w005
16679,18,minibatch_k64,text_pca256_lexical_w005
16680,27,minibatch_k64,text_pca256_lexical_w005
16681,18,minibatch_k64,text_pca256_lexical_w005
16682,23,minibatch_k64,text_pca256_lexical_w005
16683,62,minibatch_k64,text_pca256_lexical_w005
16684,45,minibatch_k64,text_pca256_lexical_w005
16685,45,minibatch_k64,text_pca256_lexical_w005
16686,62,minibatch_k64,text_pca256_lexical_w005
16687,18,minibatch_k64,text_pca256_lexical_w005
16688,0,minibatch_k64,text_pca256_lexical_w005
16689,62,minibatch_k64,text_pca256_lexical_w005
16690,15,minibatch_k64,text_pca256_lexical_w005
16691,8,minibatch_k64,text_pca256_lexical_w005
16692,45,minibatch_k64,text_pca256_lexical_w005
16693,45,minibatch_k64,text_pca256_lexical_w005
16694,0,minibatch_k64,text_pca256_lexical_w005
16695,15,minibatch_k64,text_pca256_lexical_w005
16696,18,minibatch_k64,text_pca256_lexical_w005
16697,18,minibatch_k64,text_pca256_lexical_w005
16698,10,minibatch_k64,text_pca256_lexical_w005
16699,45,minibatch_k64,text_pca256_lexical_w005
16700,62,minibatch_k64,text_pca256_lexical_w005
16701,62,minibatch_k64,text_pca256_lexical_w005
16702,45,minibatch_k64,text_pca256_lexical_w005
16703,33,minibatch_k64,text_pca256_lexical_w005
16704,18,minibatch_k64,text_pca256_lexical_w005
16705,45,minibatch_k64,text_pca256_lexical_w005
16706,18,minibatch_k64,text_pca256_lexical_w005
16707,45,minibatch_k64,text_pca256_lexical_w005
16708,59,minibatch_k64,text_pca256_lexical_w005
16709,45,minibatch_k64,text_pca256_lexical_w005
16710,62,minibatch_k64,text_pca256_lexical_w005
16711,23,minibatch_k64,text_pca256_lexical_w005
16712,59,minibatch_k64,text_pca256_lexical_w005
16713,62,minibatch_k64,text_pca256_lexical_w005
16714,59,minibatch_k64,text_pca256_lexical_w005
16715,18,minibatch_k64,text_pca256_lexical_w005
16716,23,minibatch_k64,text_pca256_lexical_w005
16717,23,minibatch_k64,text_pca256_lexical_w005
16718,18,minibatch_k64,text_pca256_lexical_w005
16719,45,minibatch_k64,text_pca256_lexical_w005
16720,59,minibatch_k64,text_pca256_lexical_w005
16721,23,minibatch_k64,text_pca256_lexical_w005
16722,59,minibatch_k64,text_pca256_lexical_w005
16723,45,minibatch_k64,text_pca256_lexical_w005
16724,59,minibatch_k64,text_pca256_lexical_w005
16725,59,minibatch_k64,text_pca256_lexical_w005
16726,45,minibatch_k64,text_pca256_lexical_w005
16727,59,minibatch_k64,text_pca256_lexical_w005
16728,0,minibatch_k64,text_pca256_lexical_w005
16729,59,minibatch_k64,text_pca256_lexical_w005
16730,23,minibatch_k64,text_pca256_lexical_w005
16731,15,minibatch_k64,text_pca256_lexical_w005
16732,23,minibatch_k64,text_pca256_lexical_w005
16733,23,minibatch_k64,text_pca256_lexical_w005
16734,59,minibatch_k64,text_pca256_lexical_w005
16735,59,minibatch_k64,text_pca256_lexical_w005
16736,30,minibatch_k64,text_pca256_lexical_w005
16737,62,minibatch_k64,text_pca256_lexical_w005
16738,17,minibatch_k64,text_pca256_lexical_w005
16739,59,minibatch_k64,text_pca256_lexical_w005
16740,17,minibatch_k64,text_pca256_lexical_w005
16741,10,minibatch_k64,text_pca256_lexical_w005
16742,10,minibatch_k64,text_pca256_lexical_w005
16743,33,minibatch_k64,text_pca256_lexical_w005
16744,59,minibatch_k64,text_pca256_lexical_w005
16745,59,minibatch_k64,text_pca256_lexical_w005
16746,59,minibatch_k64,text_pca256_lexical_w005
16747,59,minibatch_k64,text_pca256_lexical_w005
16748,62,minibatch_k64,text_pca256_lexical_w005
16749,62,minibatch_k64,text_pca256_lexical_w005
16750,59,minibatch_k64,text_pca256_lexical_w005
16751,45,minibatch_k64,text_pca256_lexical_w005
16752,8,minibatch_k64,text_pca256_lexical_w005
16753,59,minibatch_k64,text_pca256_lexical_w005
16754,62,minibatch_k64,text_pca256_lexical_w005
16755,62,minibatch_k64,text_pca256_lexical_w005
16756,59,minibatch_k64,text_pca256_lexical_w005
16757,59,minibatch_k64,text_pca256_lexical_w005
16758,59,minibatch_k64,text_pca256_lexical_w005
16759,0,minibatch_k64,text_pca256_lexical_w005
16760,0,minibatch_k64,text_pca256_lexical_w005
16761,6,minibatch_k64,text_pca256_lexical_w005
16762,45,minibatch_k64,text_pca256_lexical_w005
16763,56,minibatch_k64,text_pca256_lexical_w005
16764,33,minibatch_k64,text_pca256_lexical_w005
16765,33,minibatch_k64,text_pca256_lexical_w005
16766,59,minibatch_k64,text_pca256_lexical_w005
16767,56,minibatch_k64,text_pca256_lexical_w005
16768,10,minibatch_k64,text_pca256_lexical_w005
16769,45,minibatch_k64,text_pca256_lexical_w005
16770,34,minibatch_k64,text_pca256_lexical_w005
16771,23,minibatch_k64,text_pca256_lexical_w005
16772,6,minibatch_k64,text_pca256_lexical_w005
16773,45,minibatch_k64,text_pca256_lexical_w005
16774,59,minibatch_k64,text_pca256_lexical_w005
16775,59,minibatch_k64,text_pca256_lexical_w005
16776,59,minibatch_k64,text_pca256_lexical_w005
16777,62,minibatch_k64,text_pca256_lexical_w005
16778,0,minibatch_k64,text_pca256_lexical_w005
16779,0,minibatch_k64,text_pca256_lexical_w005
16780,0,minibatch_k64,text_pca256_lexical_w005
16781,59,minibatch_k64,text_pca256_lexical_w005
16782,48,minibatch_k64,text_pca256_lexical_w005
16783,45,minibatch_k64,text_pca256_lexical_w005
16784,23,minibatch_k64,text_pca256_lexical_w005
16785,45,minibatch_k64,text_pca256_lexical_w005
16786,48,minibatch_k64,text_pca256_lexical_w005
16787,59,minibatch_k64,text_pca256_lexical_w005
16788,39,minibatch_k64,text_pca256_lexical_w005
16789,34,minibatch_k64,text_pca256_lexical_w005
16790,59,minibatch_k64,text_pca256_lexical_w005
16791,59,minibatch_k64,text_pca256_lexical_w005
16792,59,minibatch_k64,text_pca256_lexical_w005
16793,59,minibatch_k64,text_pca256_lexical_w005
16794,48,minibatch_k64,text_pca256_lexical_w005
16795,8,minibatch_k64,text_pca256_lexical_w005
16796,59,minibatch_k64,text_pca256_lexical_w005
16797,59,minibatch_k64,text_pca256_lexical_w005
16798,45,minibatch_k64,text_pca256_lexical_w005
16799,41,minibatch_k64,text_pca256_lexical_w005
16800,59,minibatch_k64,text_pca256_lexical_w005
16801,45,minibatch_k64,text_pca256_lexical_w005
16802,53,minibatch_k64,text_pca256_lexical_w005
16803,15,minibatch_k64,text_pca256_lexical_w005
16804,42,minibatch_k64,text_pca256_lexical_w005
16805,50,minibatch_k64,text_pca256_lexical_w005
16806,10,minibatch_k64,text_pca256_lexical_w005
16807,42,minibatch_k64,text_pca256_lexical_w005
16808,42,minibatch_k64,text_pca256_lexical_w005
16809,50,minibatch_k64,text_pca256_lexical_w005
16810,42,minibatch_k64,text_pca256_lexical_w005
16811,50,minibatch_k64,text_pca256_lexical_w005
16812,46,minibatch_k64,text_pca256_lexical_w005
16813,0,minibatch_k64,text_pca256_lexical_w005
16814,42,minibatch_k64,text_pca256_lexical_w005
16815,50,minibatch_k64,text_pca256_lexical_w005
16816,42,minibatch_k64,text_pca256_lexical_w005
16817,50,minibatch_k64,text_pca256_lexical_w005
16818,5,minibatch_k64,text_pca256_lexical_w005
16819,42,minibatch_k64,text_pca256_lexical_w005
16820,50,minibatch_k64,text_pca256_lexical_w005
16821,42,minibatch_k64,text_pca256_lexical_w005
16822,42,minibatch_k64,text_pca256_lexical_w005
16823,25,minibatch_k64,text_pca256_lexical_w005
16824,42,minibatch_k64,text_pca256_lexical_w005
16825,42,minibatch_k64,text_pca256_lexical_w005
16826,23,minibatch_k64,text_pca256_lexical_w005
16827,8,minibatch_k64,text_pca256_lexical_w005
16828,42,minibatch_k64,text_pca256_lexical_w005
16829,50,minibatch_k64,text_pca256_lexical_w005
16830,42,minibatch_k64,text_pca256_lexical_w005
16831,21,minibatch_k64,text_pca256_lexical_w005
16832,15,minibatch_k64,text_pca256_lexical_w005
16833,42,minibatch_k64,text_pca256_lexical_w005
16834,8,minibatch_k64,text_pca256_lexical_w005
16835,42,minibatch_k64,text_pca256_lexical_w005
16836,8,minibatch_k64,text_pca256_lexical_w005
16837,8,minibatch_k64,text_pca256_lexical_w005
16838,8,minibatch_k64,text_pca256_lexical_w005
16839,42,minibatch_k64,text_pca256_lexical_w005
16840,21,minibatch_k64,text_pca256_lexical_w005
16841,42,minibatch_k64,text_pca256_lexical_w005
16842,50,minibatch_k64,text_pca256_lexical_w005
16843,42,minibatch_k64,text_pca256_lexical_w005
16844,42,minibatch_k64,text_pca256_lexical_w005
16845,33,minibatch_k64,text_pca256_lexical_w005
16846,33,minibatch_k64,text_pca256_lexical_w005
16847,42,minibatch_k64,text_pca256_lexical_w005
16848,25,minibatch_k64,text_pca256_lexical_w005
16849,21,minibatch_k64,text_pca256_lexical_w005
16850,50,minibatch_k64,text_pca256_lexical_w005
16851,42,minibatch_k64,text_pca256_lexical_w005
16852,15,minibatch_k64,text_pca256_lexical_w005
16853,42,minibatch_k64,text_pca256_lexical_w005
16854,25,minibatch_k64,text_pca256_lexical_w005
16855,42,minibatch_k64,text_pca256_lexical_w005
16856,23,minibatch_k64,text_pca256_lexical_w005
16857,2,minibatch_k64,text_pca256_lexical_w005
16858,33,minibatch_k64,text_pca256_lexical_w005
16859,42,minibatch_k64,text_pca256_lexical_w005
16860,50,minibatch_k64,text_pca256_lexical_w005
16861,50,minibatch_k64,text_pca256_lexical_w005
16862,25,minibatch_k64,text_pca256_lexical_w005
16863,23,minibatch_k64,text_pca256_lexical_w005
16864,42,minibatch_k64,text_pca256_lexical_w005
16865,62,minibatch_k64,text_pca256_lexical_w005
16866,50,minibatch_k64,text_pca256_lexical_w005
16867,25,minibatch_k64,text_pca256_lexical_w005
16868,8,minibatch_k64,text_pca256_lexical_w005
16869,42,minibatch_k64,text_pca256_lexical_w005
16870,42,minibatch_k64,text_pca256_lexical_w005
16871,8,minibatch_k64,text_pca256_lexical_w005
16872,42,minibatch_k64,text_pca256_lexical_w005
16873,33,minibatch_k64,text_pca256_lexical_w005
16874,23,minibatch_k64,text_pca256_lexical_w005
16875,8,minibatch_k64,text_pca256_lexical_w005
16876,33,minibatch_k64,text_pca256_lexical_w005
16877,42,minibatch_k64,text_pca256_lexical_w005
16878,25,minibatch_k64,text_pca256_lexical_w005
16879,0,minibatch_k64,text_pca256_lexical_w005
16880,8,minibatch_k64,text_pca256_lexical_w005
16881,8,minibatch_k64,text_pca256_lexical_w005
16882,8,minibatch_k64,text_pca256_lexical_w005
16883,23,minibatch_k64,text_pca256_lexical_w005
16884,42,minibatch_k64,text_pca256_lexical_w005
16885,8,minibatch_k64,text_pca256_lexical_w005
16886,42,minibatch_k64,text_pca256_lexical_w005
16887,42,minibatch_k64,text_pca256_lexical_w005
16888,25,minibatch_k64,text_pca256_lexical_w005
16889,42,minibatch_k64,text_pca256_lexical_w005
16890,42,minibatch_k64,text_pca256_lexical_w005
16891,8,minibatch_k64,text_pca256_lexical_w005
16892,0,minibatch_k64,text_pca256_lexical_w005
16893,42,minibatch_k64,text_pca256_lexical_w005
16894,39,minibatch_k64,text_pca256_lexical_w005
16895,8,minibatch_k64,text_pca256_lexical_w005
16896,42,minibatch_k64,text_pca256_lexical_w005
16897,42,minibatch_k64,text_pca256_lexical_w005
16898,15,minibatch_k64,text_pca256_lexical_w005
16899,42,minibatch_k64,text_pca256_lexical_w005
16900,42,minibatch_k64,text_pca256_lexical_w005
16901,8,minibatch_k64,text_pca256_lexical_w005
16902,42,minibatch_k64,text_pca256_lexical_w005
16903,23,minibatch_k64,text_pca256_lexical_w005
16904,42,minibatch_k64,text_pca256_lexical_w005
16905,25,minibatch_k64,text_pca256_lexical_w005
16906,50,minibatch_k64,text_pca256_lexical_w005
16907,33,minibatch_k64,text_pca256_lexical_w005
16908,21,minibatch_k64,text_pca256_lexical_w005
16909,62,minibatch_k64,text_pca256_lexical_w005
16910,8,minibatch_k64,text_pca256_lexical_w005
16911,8,minibatch_k64,text_pca256_lexical_w005
16912,42,minibatch_k64,text_pca256_lexical_w005
16913,42,minibatch_k64,text_pca256_lexical_w005
16914,33,minibatch_k64,text_pca256_lexical_w005
16915,8,minibatch_k64,text_pca256_lexical_w005
16916,46,minibatch_k64,text_pca256_lexical_w005
16917,21,minibatch_k64,text_pca256_lexical_w005
16918,21,minibatch_k64,text_pca256_lexical_w005
16919,23,minibatch_k64,text_pca256_lexical_w005
16920,15,minibatch_k64,text_pca256_lexical_w005
16921,15,minibatch_k64,text_pca256_lexical_w005
16922,25,minibatch_k64,text_pca256_lexical_w005
16923,8,minibatch_k64,text_pca256_lexical_w005
16924,42,minibatch_k64,text_pca256_lexical_w005
16925,42,minibatch_k64,text_pca256_lexical_w005
16926,15,minibatch_k64,text_pca256_lexical_w005
16927,50,minibatch_k64,text_pca256_lexical_w005
16928,8,minibatch_k64,text_pca256_lexical_w005
16929,42,minibatch_k64,text_pca256_lexical_w005
16930,53,minibatch_k64,text_pca256_lexical_w005
16931,23,minibatch_k64,text_pca256_lexical_w005
16932,25,minibatch_k64,text_pca256_lexical_w005
16933,33,minibatch_k64,text_pca256_lexical_w005
16934,21,minibatch_k64,text_pca256_lexical_w005
16935,42,minibatch_k64,text_pca256_lexical_w005
16936,42,minibatch_k64,text_pca256_lexical_w005
16937,42,minibatch_k64,text_pca256_lexical_w005
16938,42,minibatch_k64,text_pca256_lexical_w005
16939,42,minibatch_k64,text_pca256_lexical_w005
16940,42,minibatch_k64,text_pca256_lexical_w005
16941,33,minibatch_k64,text_pca256_lexical_w005
16942,8,minibatch_k64,text_pca256_lexical_w005
16943,42,minibatch_k64,text_pca256_lexical_w005
16944,23,minibatch_k64,text_pca256_lexical_w005
16945,33,minibatch_k64,text_pca256_lexical_w005
16946,42,minibatch_k64,text_pca256_lexical_w005
16947,62,minibatch_k64,text_pca256_lexical_w005
16948,42,minibatch_k64,text_pca256_lexical_w005
16949,42,minibatch_k64,text_pca256_lexical_w005
16950,25,minibatch_k64,text_pca256_lexical_w005
16951,42,minibatch_k64,text_pca256_lexical_w005
16952,42,minibatch_k64,text_pca256_lexical_w005
16953,33,minibatch_k64,text_pca256_lexical_w005
16954,50,minibatch_k64,text_pca256_lexical_w005
16955,62,minibatch_k64,text_pca256_lexical_w005
16956,8,minibatch_k64,text_pca256_lexical_w005
16957,33,minibatch_k64,text_pca256_lexical_w005
16958,42,minibatch_k64,text_pca256_lexical_w005
16959,8,minibatch_k64,text_pca256_lexical_w005
16960,23,minibatch_k64,text_pca256_lexical_w005
16961,23,minibatch_k64,text_pca256_lexical_w005
16962,42,minibatch_k64,text_pca256_lexical_w005
16963,42,minibatch_k64,text_pca256_lexical_w005
16964,33,minibatch_k64,text_pca256_lexical_w005
16965,42,minibatch_k64,text_pca256_lexical_w005
16966,42,minibatch_k64,text_pca256_lexical_w005
16967,33,minibatch_k64,text_pca256_lexical_w005
16968,56,minibatch_k64,text_pca256_lexical_w005
16969,42,minibatch_k64,text_pca256_lexical_w005
16970,62,minibatch_k64,text_pca256_lexical_w005
16971,33,minibatch_k64,text_pca256_lexical_w005
16972,21,minibatch_k64,text_pca256_lexical_w005
16973,10,minibatch_k64,text_pca256_lexical_w005
16974,8,minibatch_k64,text_pca256_lexical_w005
16975,42,minibatch_k64,text_pca256_lexical_w005
16976,33,minibatch_k64,text_pca256_lexical_w005
16977,42,minibatch_k64,text_pca256_lexical_w005
16978,4,minibatch_k64,text_pca256_lexical_w005
16979,62,minibatch_k64,text_pca256_lexical_w005
16980,62,minibatch_k64,text_pca256_lexical_w005
16981,42,minibatch_k64,text_pca256_lexical_w005
16982,62,minibatch_k64,text_pca256_lexical_w005
16983,8,minibatch_k64,text_pca256_lexical_w005
16984,0,minibatch_k64,text_pca256_lexical_w005
16985,42,minibatch_k64,text_pca256_lexical_w005
16986,50,minibatch_k64,text_pca256_lexical_w005
16987,15,minibatch_k64,text_pca256_lexical_w005
16988,23,minibatch_k64,text_pca256_lexical_w005
16989,62,minibatch_k64,text_pca256_lexical_w005
16990,25,minibatch_k64,text_pca256_lexical_w005
16991,8,minibatch_k64,text_pca256_lexical_w005
16992,50,minibatch_k64,text_pca256_lexical_w005
16993,8,minibatch_k64,text_pca256_lexical_w005
16994,21,minibatch_k64,text_pca256_lexical_w005
16995,62,minibatch_k64,text_pca256_lexical_w005
16996,21,minibatch_k64,text_pca256_lexical_w005
16997,33,minibatch_k64,text_pca256_lexical_w005
16998,21,minibatch_k64,text_pca256_lexical_w005
16999,42,minibatch_k64,text_pca256_lexical_w005
17000,50,minibatch_k64,text_pca256_lexical_w005
17001,53,minibatch_k64,text_pca256_lexical_w005
17002,42,minibatch_k64,text_pca256_lexical_w005
17003,21,minibatch_k64,text_pca256_lexical_w005
17004,43,minibatch_k64,text_pca256_lexical_w005
17005,0,minibatch_k64,text_pca256_lexical_w005
17006,21,minibatch_k64,text_pca256_lexical_w005
17007,21,minibatch_k64,text_pca256_lexical_w005
17008,62,minibatch_k64,text_pca256_lexical_w005
17009,0,minibatch_k64,text_pca256_lexical_w005
17010,42,minibatch_k64,text_pca256_lexical_w005
17011,33,minibatch_k64,text_pca256_lexical_w005
17012,0,minibatch_k64,text_pca256_lexical_w005
17013,42,minibatch_k64,text_pca256_lexical_w005
17014,8,minibatch_k64,text_pca256_lexical_w005
17015,21,minibatch_k64,text_pca256_lexical_w005
17016,50,minibatch_k64,text_pca256_lexical_w005
17017,33,minibatch_k64,text_pca256_lexical_w005
17018,33,minibatch_k64,text_pca256_lexical_w005
17019,25,minibatch_k64,text_pca256_lexical_w005
17020,15,minibatch_k64,text_pca256_lexical_w005
17021,42,minibatch_k64,text_pca256_lexical_w005
17022,42,minibatch_k64,text_pca256_lexical_w005
17023,0,minibatch_k64,text_pca256_lexical_w005
17024,33,minibatch_k64,text_pca256_lexical_w005
17025,21,minibatch_k64,text_pca256_lexical_w005
17026,4,minibatch_k64,text_pca256_lexical_w005
17027,0,minibatch_k64,text_pca256_lexical_w005
17028,42,minibatch_k64,text_pca256_lexical_w005
17029,15,minibatch_k64,text_pca256_lexical_w005
17030,42,minibatch_k64,text_pca256_lexical_w005
17031,8,minibatch_k64,text_pca256_lexical_w005
17032,56,minibatch_k64,text_pca256_lexical_w005
17033,21,minibatch_k64,text_pca256_lexical_w005
17034,8,minibatch_k64,text_pca256_lexical_w005
17035,8,minibatch_k64,text_pca256_lexical_w005
17036,33,minibatch_k64,text_pca256_lexical_w005
17037,42,minibatch_k64,text_pca256_lexical_w005
17038,42,minibatch_k64,text_pca256_lexical_w005
17039,42,minibatch_k64,text_pca256_lexical_w005
17040,25,minibatch_k64,text_pca256_lexical_w005
17041,62,minibatch_k64,text_pca256_lexical_w005
17042,42,minibatch_k64,text_pca256_lexical_w005
17043,10,minibatch_k64,text_pca256_lexical_w005
17044,10,minibatch_k64,text_pca256_lexical_w005
17045,42,minibatch_k64,text_pca256_lexical_w005
17046,42,minibatch_k64,text_pca256_lexical_w005
17047,42,minibatch_k64,text_pca256_lexical_w005
17048,42,minibatch_k64,text_pca256_lexical_w005
17049,8,minibatch_k64,text_pca256_lexical_w005
17050,42,minibatch_k64,text_pca256_lexical_w005
17051,42,minibatch_k64,text_pca256_lexical_w005
17052,62,minibatch_k64,text_pca256_lexical_w005
17053,42,minibatch_k64,text_pca256_lexical_w005
17054,33,minibatch_k64,text_pca256_lexical_w005
17055,50,minibatch_k64,text_pca256_lexical_w005
17056,23,minibatch_k64,text_pca256_lexical_w005
17057,25,minibatch_k64,text_pca256_lexical_w005
17058,42,minibatch_k64,text_pca256_lexical_w005
17059,10,minibatch_k64,text_pca256_lexical_w005
17060,10,minibatch_k64,text_pca256_lexical_w005
17061,23,minibatch_k64,text_pca256_lexical_w005
17062,10,minibatch_k64,text_pca256_lexical_w005
17063,8,minibatch_k64,text_pca256_lexical_w005
17064,0,minibatch_k64,text_pca256_lexical_w005
17065,42,minibatch_k64,text_pca256_lexical_w005
17066,33,minibatch_k64,text_pca256_lexical_w005
17067,33,minibatch_k64,text_pca256_lexical_w005
17068,33,minibatch_k64,text_pca256_lexical_w005
17069,10,minibatch_k64,text_pca256_lexical_w005
17070,50,minibatch_k64,text_pca256_lexical_w005
17071,42,minibatch_k64,text_pca256_lexical_w005
17072,25,minibatch_k64,text_pca256_lexical_w005
17073,33,minibatch_k64,text_pca256_lexical_w005
17074,56,minibatch_k64,text_pca256_lexical_w005
17075,2,minibatch_k64,text_pca256_lexical_w005
17076,42,minibatch_k64,text_pca256_lexical_w005
17077,62,minibatch_k64,text_pca256_lexical_w005
17078,8,minibatch_k64,text_pca256_lexical_w005
17079,0,minibatch_k64,text_pca256_lexical_w005
17080,0,minibatch_k64,text_pca256_lexical_w005
17081,42,minibatch_k64,text_pca256_lexical_w005
17082,42,minibatch_k64,text_pca256_lexical_w005
17083,23,minibatch_k64,text_pca256_lexical_w005
17084,8,minibatch_k64,text_pca256_lexical_w005
17085,42,minibatch_k64,text_pca256_lexical_w005
17086,25,minibatch_k64,text_pca256_lexical_w005
17087,33,minibatch_k64,text_pca256_lexical_w005
17088,33,minibatch_k64,text_pca256_lexical_w005
17089,42,minibatch_k64,text_pca256_lexical_w005
17090,10,minibatch_k64,text_pca256_lexical_w005
17091,42,minibatch_k64,text_pca256_lexical_w005
17092,50,minibatch_k64,text_pca256_lexical_w005
17093,42,minibatch_k64,text_pca256_lexical_w005
17094,21,minibatch_k64,text_pca256_lexical_w005
17095,8,minibatch_k64,text_pca256_lexical_w005
17096,23,minibatch_k64,text_pca256_lexical_w005
17097,8,minibatch_k64,text_pca256_lexical_w005
17098,33,minibatch_k64,text_pca256_lexical_w005
17099,42,minibatch_k64,text_pca256_lexical_w005
17100,25,minibatch_k64,text_pca256_lexical_w005
17101,42,minibatch_k64,text_pca256_lexical_w005
17102,33,minibatch_k64,text_pca256_lexical_w005
17103,42,minibatch_k64,text_pca256_lexical_w005
17104,42,minibatch_k64,text_pca256_lexical_w005
17105,42,minibatch_k64,text_pca256_lexical_w005
17106,8,minibatch_k64,text_pca256_lexical_w005
17107,42,minibatch_k64,text_pca256_lexical_w005
17108,23,minibatch_k64,text_pca256_lexical_w005
17109,42,minibatch_k64,text_pca256_lexical_w005
17110,62,minibatch_k64,text_pca256_lexical_w005
17111,21,minibatch_k64,text_pca256_lexical_w005
17112,33,minibatch_k64,text_pca256_lexical_w005
17113,42,minibatch_k64,text_pca256_lexical_w005
17114,25,minibatch_k64,text_pca256_lexical_w005
17115,8,minibatch_k64,text_pca256_lexical_w005
17116,42,minibatch_k64,text_pca256_lexical_w005
17117,42,minibatch_k64,text_pca256_lexical_w005
17118,2,minibatch_k64,text_pca256_lexical_w005
17119,42,minibatch_k64,text_pca256_lexical_w005
17120,50,minibatch_k64,text_pca256_lexical_w005
17121,33,minibatch_k64,text_pca256_lexical_w005
17122,8,minibatch_k64,text_pca256_lexical_w005
17123,42,minibatch_k64,text_pca256_lexical_w005
17124,42,minibatch_k64,text_pca256_lexical_w005
17125,23,minibatch_k64,text_pca256_lexical_w005
17126,33,minibatch_k64,text_pca256_lexical_w005
17127,15,minibatch_k64,text_pca256_lexical_w005
17128,62,minibatch_k64,text_pca256_lexical_w005
17129,25,minibatch_k64,text_pca256_lexical_w005
17130,15,minibatch_k64,text_pca256_lexical_w005
17131,33,minibatch_k64,text_pca256_lexical_w005
17132,42,minibatch_k64,text_pca256_lexical_w005
17133,42,minibatch_k64,text_pca256_lexical_w005
17134,33,minibatch_k64,text_pca256_lexical_w005
17135,33,minibatch_k64,text_pca256_lexical_w005
17136,42,minibatch_k64,text_pca256_lexical_w005
17137,33,minibatch_k64,text_pca256_lexical_w005
17138,8,minibatch_k64,text_pca256_lexical_w005
17139,33,minibatch_k64,text_pca256_lexical_w005
17140,10,minibatch_k64,text_pca256_lexical_w005
17141,21,minibatch_k64,text_pca256_lexical_w005
17142,33,minibatch_k64,text_pca256_lexical_w005
17143,23,minibatch_k64,text_pca256_lexical_w005
17144,25,minibatch_k64,text_pca256_lexical_w005
17145,21,minibatch_k64,text_pca256_lexical_w005
17146,50,minibatch_k64,text_pca256_lexical_w005
17147,42,minibatch_k64,text_pca256_lexical_w005
17148,59,minibatch_k64,text_pca256_lexical_w005
17149,62,minibatch_k64,text_pca256_lexical_w005
17150,62,minibatch_k64,text_pca256_lexical_w005
17151,42,minibatch_k64,text_pca256_lexical_w005
17152,59,minibatch_k64,text_pca256_lexical_w005
17153,33,minibatch_k64,text_pca256_lexical_w005
17154,33,minibatch_k64,text_pca256_lexical_w005
17155,8,minibatch_k64,text_pca256_lexical_w005
17156,23,minibatch_k64,text_pca256_lexical_w005
17157,62,minibatch_k64,text_pca256_lexical_w005
17158,33,minibatch_k64,text_pca256_lexical_w005
17159,50,minibatch_k64,text_pca256_lexical_w005
17160,50,minibatch_k64,text_pca256_lexical_w005
17161,50,minibatch_k64,text_pca256_lexical_w005
17162,59,minibatch_k64,text_pca256_lexical_w005
17163,42,minibatch_k64,text_pca256_lexical_w005
17164,25,minibatch_k64,text_pca256_lexical_w005
17165,42,minibatch_k64,text_pca256_lexical_w005
17166,8,minibatch_k64,text_pca256_lexical_w005
17167,21,minibatch_k64,text_pca256_lexical_w005
17168,21,minibatch_k64,text_pca256_lexical_w005
17169,21,minibatch_k64,text_pca256_lexical_w005
17170,42,minibatch_k64,text_pca256_lexical_w005
17171,42,minibatch_k64,text_pca256_lexical_w005
17172,59,minibatch_k64,text_pca256_lexical_w005
17173,15,minibatch_k64,text_pca256_lexical_w005
17174,33,minibatch_k64,text_pca256_lexical_w005
17175,33,minibatch_k64,text_pca256_lexical_w005
17176,8,minibatch_k64,text_pca256_lexical_w005
17177,42,minibatch_k64,text_pca256_lexical_w005
17178,0,minibatch_k64,text_pca256_lexical_w005
17179,42,minibatch_k64,text_pca256_lexical_w005
17180,23,minibatch_k64,text_pca256_lexical_w005
17181,50,minibatch_k64,text_pca256_lexical_w005
17182,8,minibatch_k64,text_pca256_lexical_w005
17183,42,minibatch_k64,text_pca256_lexical_w005
17184,33,minibatch_k64,text_pca256_lexical_w005
17185,42,minibatch_k64,text_pca256_lexical_w005
17186,42,minibatch_k64,text_pca256_lexical_w005
17187,0,minibatch_k64,text_pca256_lexical_w005
17188,33,minibatch_k64,text_pca256_lexical_w005
17189,33,minibatch_k64,text_pca256_lexical_w005
17190,33,minibatch_k64,text_pca256_lexical_w005
17191,62,minibatch_k64,text_pca256_lexical_w005
17192,21,minibatch_k64,text_pca256_lexical_w005
17193,0,minibatch_k64,text_pca256_lexical_w005
17194,0,minibatch_k64,text_pca256_lexical_w005
17195,8,minibatch_k64,text_pca256_lexical_w005
17196,42,minibatch_k64,text_pca256_lexical_w005
17197,8,minibatch_k64,text_pca256_lexical_w005
17198,42,minibatch_k64,text_pca256_lexical_w005
17199,42,minibatch_k64,text_pca256_lexical_w005
17200,8,minibatch_k64,text_pca256_lexical_w005
17201,42,minibatch_k64,text_pca256_lexical_w005
17202,25,minibatch_k64,text_pca256_lexical_w005
17203,21,minibatch_k64,text_pca256_lexical_w005
17204,62,minibatch_k64,text_pca256_lexical_w005
17205,59,minibatch_k64,text_pca256_lexical_w005
17206,42,minibatch_k64,text_pca256_lexical_w005
17207,42,minibatch_k64,text_pca256_lexical_w005
17208,42,minibatch_k64,text_pca256_lexical_w005
17209,50,minibatch_k64,text_pca256_lexical_w005
17210,25,minibatch_k64,text_pca256_lexical_w005
17211,33,minibatch_k64,text_pca256_lexical_w005
17212,33,minibatch_k64,text_pca256_lexical_w005
17213,33,minibatch_k64,text_pca256_lexical_w005
17214,33,minibatch_k64,text_pca256_lexical_w005
17215,42,minibatch_k64,text_pca256_lexical_w005
17216,21,minibatch_k64,text_pca256_lexical_w005
17217,33,minibatch_k64,text_pca256_lexical_w005
17218,8,minibatch_k64,text_pca256_lexical_w005
17219,33,minibatch_k64,text_pca256_lexical_w005
17220,42,minibatch_k64,text_pca256_lexical_w005
17221,33,minibatch_k64,text_pca256_lexical_w005
17222,33,minibatch_k64,text_pca256_lexical_w005
17223,33,minibatch_k64,text_pca256_lexical_w005
17224,8,minibatch_k64,text_pca256_lexical_w005
17225,33,minibatch_k64,text_pca256_lexical_w005
17226,23,minibatch_k64,text_pca256_lexical_w005
17227,8,minibatch_k64,text_pca256_lexical_w005
17228,42,minibatch_k64,text_pca256_lexical_w005
17229,33,minibatch_k64,text_pca256_lexical_w005
17230,15,minibatch_k64,text_pca256_lexical_w005
17231,33,minibatch_k64,text_pca256_lexical_w005
17232,42,minibatch_k64,text_pca256_lexical_w005
17233,62,minibatch_k64,text_pca256_lexical_w005
17234,42,minibatch_k64,text_pca256_lexical_w005
17235,33,minibatch_k64,text_pca256_lexical_w005
17236,42,minibatch_k64,text_pca256_lexical_w005
17237,42,minibatch_k64,text_pca256_lexical_w005
17238,39,minibatch_k64,text_pca256_lexical_w005
17239,33,minibatch_k64,text_pca256_lexical_w005
17240,21,minibatch_k64,text_pca256_lexical_w005
17241,42,minibatch_k64,text_pca256_lexical_w005
17242,33,minibatch_k64,text_pca256_lexical_w005
17243,62,minibatch_k64,text_pca256_lexical_w005
17244,25,minibatch_k64,text_pca256_lexical_w005
17245,21,minibatch_k64,text_pca256_lexical_w005
17246,4,minibatch_k64,text_pca256_lexical_w005
17247,42,minibatch_k64,text_pca256_lexical_w005
17248,33,minibatch_k64,text_pca256_lexical_w005
17249,0,minibatch_k64,text_pca256_lexical_w005
17250,62,minibatch_k64,text_pca256_lexical_w005
17251,42,minibatch_k64,text_pca256_lexical_w005
17252,42,minibatch_k64,text_pca256_lexical_w005
17253,33,minibatch_k64,text_pca256_lexical_w005
17254,33,minibatch_k64,text_pca256_lexical_w005
17255,21,minibatch_k64,text_pca256_lexical_w005
17256,2,minibatch_k64,text_pca256_lexical_w005
17257,33,minibatch_k64,text_pca256_lexical_w005
17258,42,minibatch_k64,text_pca256_lexical_w005
17259,33,minibatch_k64,text_pca256_lexical_w005
17260,23,minibatch_k64,text_pca256_lexical_w005
17261,42,minibatch_k64,text_pca256_lexical_w005
17262,8,minibatch_k64,text_pca256_lexical_w005
17263,33,minibatch_k64,text_pca256_lexical_w005
17264,42,minibatch_k64,text_pca256_lexical_w005
17265,25,minibatch_k64,text_pca256_lexical_w005
17266,42,minibatch_k64,text_pca256_lexical_w005
17267,39,minibatch_k64,text_pca256_lexical_w005
17268,42,minibatch_k64,text_pca256_lexical_w005
17269,33,minibatch_k64,text_pca256_lexical_w005
17270,61,minibatch_k64,text_pca256_lexical_w005
17271,33,minibatch_k64,text_pca256_lexical_w005
17272,62,minibatch_k64,text_pca256_lexical_w005
17273,33,minibatch_k64,text_pca256_lexical_w005
17274,42,minibatch_k64,text_pca256_lexical_w005
17275,21,minibatch_k64,text_pca256_lexical_w005
17276,33,minibatch_k64,text_pca256_lexical_w005
17277,33,minibatch_k64,text_pca256_lexical_w005
17278,33,minibatch_k64,text_pca256_lexical_w005
17279,62,minibatch_k64,text_pca256_lexical_w005
17280,33,minibatch_k64,text_pca256_lexical_w005
17281,23,minibatch_k64,text_pca256_lexical_w005
17282,46,minibatch_k64,text_pca256_lexical_w005
17283,33,minibatch_k64,text_pca256_lexical_w005
17284,15,minibatch_k64,text_pca256_lexical_w005
17285,42,minibatch_k64,text_pca256_lexical_w005
17286,50,minibatch_k64,text_pca256_lexical_w005
17287,42,minibatch_k64,text_pca256_lexical_w005
17288,42,minibatch_k64,text_pca256_lexical_w005
17289,50,minibatch_k64,text_pca256_lexical_w005
17290,33,minibatch_k64,text_pca256_lexical_w005
17291,0,minibatch_k64,text_pca256_lexical_w005
17292,21,minibatch_k64,text_pca256_lexical_w005
17293,42,minibatch_k64,text_pca256_lexical_w005
17294,15,minibatch_k64,text_pca256_lexical_w005
17295,25,minibatch_k64,text_pca256_lexical_w005
17296,42,minibatch_k64,text_pca256_lexical_w005
17297,10,minibatch_k64,text_pca256_lexical_w005
17298,42,minibatch_k64,text_pca256_lexical_w005
17299,42,minibatch_k64,text_pca256_lexical_w005
17300,42,minibatch_k64,text_pca256_lexical_w005
17301,42,minibatch_k64,text_pca256_lexical_w005
17302,33,minibatch_k64,text_pca256_lexical_w005
17303,0,minibatch_k64,text_pca256_lexical_w005
17304,42,minibatch_k64,text_pca256_lexical_w005
17305,25,minibatch_k64,text_pca256_lexical_w005
17306,33,minibatch_k64,text_pca256_lexical_w005
17307,42,minibatch_k64,text_pca256_lexical_w005
17308,33,minibatch_k64,text_pca256_lexical_w005
17309,0,minibatch_k64,text_pca256_lexical_w005
17310,42,minibatch_k64,text_pca256_lexical_w005
17311,25,minibatch_k64,text_pca256_lexical_w005
17312,39,minibatch_k64,text_pca256_lexical_w005
17313,62,minibatch_k64,text_pca256_lexical_w005
17314,42,minibatch_k64,text_pca256_lexical_w005
17315,23,minibatch_k64,text_pca256_lexical_w005
17316,25,minibatch_k64,text_pca256_lexical_w005
17317,50,minibatch_k64,text_pca256_lexical_w005
17318,50,minibatch_k64,text_pca256_lexical_w005
17319,42,minibatch_k64,text_pca256_lexical_w005
17320,33,minibatch_k64,text_pca256_lexical_w005
17321,42,minibatch_k64,text_pca256_lexical_w005
17322,8,minibatch_k64,text_pca256_lexical_w005
17323,8,minibatch_k64,text_pca256_lexical_w005
17324,21,minibatch_k64,text_pca256_lexical_w005
17325,33,minibatch_k64,text_pca256_lexical_w005
17326,33,minibatch_k64,text_pca256_lexical_w005
17327,25,minibatch_k64,text_pca256_lexical_w005
17328,42,minibatch_k64,text_pca256_lexical_w005
17329,42,minibatch_k64,text_pca256_lexical_w005
17330,33,minibatch_k64,text_pca256_lexical_w005
17331,33,minibatch_k64,text_pca256_lexical_w005
17332,33,minibatch_k64,text_pca256_lexical_w005
17333,42,minibatch_k64,text_pca256_lexical_w005
17334,42,minibatch_k64,text_pca256_lexical_w005
17335,0,minibatch_k64,text_pca256_lexical_w005
17336,42,minibatch_k64,text_pca256_lexical_w005
17337,33,minibatch_k64,text_pca256_lexical_w005
17338,56,minibatch_k64,text_pca256_lexical_w005
17339,21,minibatch_k64,text_pca256_lexical_w005
17340,8,minibatch_k64,text_pca256_lexical_w005
17341,42,minibatch_k64,text_pca256_lexical_w005
17342,50,minibatch_k64,text_pca256_lexical_w005
17343,33,minibatch_k64,text_pca256_lexical_w005
17344,25,minibatch_k64,text_pca256_lexical_w005
17345,33,minibatch_k64,text_pca256_lexical_w005
17346,10,minibatch_k64,text_pca256_lexical_w005
17347,0,minibatch_k64,text_pca256_lexical_w005
17348,33,minibatch_k64,text_pca256_lexical_w005
17349,33,minibatch_k64,text_pca256_lexical_w005
17350,23,minibatch_k64,text_pca256_lexical_w005
17351,42,minibatch_k64,text_pca256_lexical_w005
17352,33,minibatch_k64,text_pca256_lexical_w005
17353,42,minibatch_k64,text_pca256_lexical_w005
17354,0,minibatch_k64,text_pca256_lexical_w005
17355,42,minibatch_k64,text_pca256_lexical_w005
17356,50,minibatch_k64,text_pca256_lexical_w005
17357,8,minibatch_k64,text_pca256_lexical_w005
17358,33,minibatch_k64,text_pca256_lexical_w005
17359,42,minibatch_k64,text_pca256_lexical_w005
17360,4,minibatch_k64,text_pca256_lexical_w005
17361,33,minibatch_k64,text_pca256_lexical_w005
17362,0,minibatch_k64,text_pca256_lexical_w005
17363,25,minibatch_k64,text_pca256_lexical_w005
17364,42,minibatch_k64,text_pca256_lexical_w005
17365,33,minibatch_k64,text_pca256_lexical_w005
17366,42,minibatch_k64,text_pca256_lexical_w005
17367,53,minibatch_k64,text_pca256_lexical_w005
17368,42,minibatch_k64,text_pca256_lexical_w005
17369,33,minibatch_k64,text_pca256_lexical_w005
17370,33,minibatch_k64,text_pca256_lexical_w005
17371,21,minibatch_k64,text_pca256_lexical_w005
17372,62,minibatch_k64,text_pca256_lexical_w005
17373,42,minibatch_k64,text_pca256_lexical_w005
17374,25,minibatch_k64,text_pca256_lexical_w005
17375,15,minibatch_k64,text_pca256_lexical_w005
17376,42,minibatch_k64,text_pca256_lexical_w005
17377,42,minibatch_k64,text_pca256_lexical_w005
17378,42,minibatch_k64,text_pca256_lexical_w005
17379,33,minibatch_k64,text_pca256_lexical_w005
17380,33,minibatch_k64,text_pca256_lexical_w005
17381,42,minibatch_k64,text_pca256_lexical_w005
17382,42,minibatch_k64,text_pca256_lexical_w005
17383,42,minibatch_k64,text_pca256_lexical_w005
17384,33,minibatch_k64,text_pca256_lexical_w005
17385,42,minibatch_k64,text_pca256_lexical_w005
17386,21,minibatch_k64,text_pca256_lexical_w005
17387,50,minibatch_k64,text_pca256_lexical_w005
17388,21,minibatch_k64,text_pca256_lexical_w005
17389,42,minibatch_k64,text_pca256_lexical_w005
17390,33,minibatch_k64,text_pca256_lexical_w005
17391,33,minibatch_k64,text_pca256_lexical_w005
17392,15,minibatch_k64,text_pca256_lexical_w005
17393,42,minibatch_k64,text_pca256_lexical_w005
17394,23,minibatch_k64,text_pca256_lexical_w005
17395,25,minibatch_k64,text_pca256_lexical_w005
17396,42,minibatch_k64,text_pca256_lexical_w005
17397,33,minibatch_k64,text_pca256_lexical_w005
17398,0,minibatch_k64,text_pca256_lexical_w005
17399,42,minibatch_k64,text_pca256_lexical_w005
17400,42,minibatch_k64,text_pca256_lexical_w005
17401,42,minibatch_k64,text_pca256_lexical_w005
17402,42,minibatch_k64,text_pca256_lexical_w005
17403,50,minibatch_k64,text_pca256_lexical_w005
17404,42,minibatch_k64,text_pca256_lexical_w005
17405,42,minibatch_k64,text_pca256_lexical_w005
17406,42,minibatch_k64,text_pca256_lexical_w005
17407,25,minibatch_k64,text_pca256_lexical_w005
17408,21,minibatch_k64,text_pca256_lexical_w005
17409,42,minibatch_k64,text_pca256_lexical_w005
17410,42,minibatch_k64,text_pca256_lexical_w005
17411,42,minibatch_k64,text_pca256_lexical_w005
17412,42,minibatch_k64,text_pca256_lexical_w005
17413,42,minibatch_k64,text_pca256_lexical_w005
17414,42,minibatch_k64,text_pca256_lexical_w005
17415,33,minibatch_k64,text_pca256_lexical_w005
17416,42,minibatch_k64,text_pca256_lexical_w005
17417,10,minibatch_k64,text_pca256_lexical_w005
17418,42,minibatch_k64,text_pca256_lexical_w005
17419,15,minibatch_k64,text_pca256_lexical_w005
17420,33,minibatch_k64,text_pca256_lexical_w005
17421,21,minibatch_k64,text_pca256_lexical_w005
17422,50,minibatch_k64,text_pca256_lexical_w005
17423,62,minibatch_k64,text_pca256_lexical_w005
17424,42,minibatch_k64,text_pca256_lexical_w005
17425,42,minibatch_k64,text_pca256_lexical_w005
17426,42,minibatch_k64,text_pca256_lexical_w005
17427,42,minibatch_k64,text_pca256_lexical_w005
17428,42,minibatch_k64,text_pca256_lexical_w005
17429,42,minibatch_k64,text_pca256_lexical_w005
17430,42,minibatch_k64,text_pca256_lexical_w005
17431,21,minibatch_k64,text_pca256_lexical_w005
17432,50,minibatch_k64,text_pca256_lexical_w005
17433,42,minibatch_k64,text_pca256_lexical_w005
17434,42,minibatch_k64,text_pca256_lexical_w005
17435,50,minibatch_k64,text_pca256_lexical_w005
17436,33,minibatch_k64,text_pca256_lexical_w005
17437,61,minibatch_k64,text_pca256_lexical_w005
17438,21,minibatch_k64,text_pca256_lexical_w005
17439,42,minibatch_k64,text_pca256_lexical_w005
17440,23,minibatch_k64,text_pca256_lexical_w005
17441,62,minibatch_k64,text_pca256_lexical_w005
17442,50,minibatch_k64,text_pca256_lexical_w005
17443,39,minibatch_k64,text_pca256_lexical_w005
17444,42,minibatch_k64,text_pca256_lexical_w005
17445,50,minibatch_k64,text_pca256_lexical_w005
17446,21,minibatch_k64,text_pca256_lexical_w005
17447,33,minibatch_k64,text_pca256_lexical_w005
17448,42,minibatch_k64,text_pca256_lexical_w005
17449,33,minibatch_k64,text_pca256_lexical_w005
17450,42,minibatch_k64,text_pca256_lexical_w005
17451,42,minibatch_k64,text_pca256_lexical_w005
17452,42,minibatch_k64,text_pca256_lexical_w005
17453,42,minibatch_k64,text_pca256_lexical_w005
17454,62,minibatch_k64,text_pca256_lexical_w005
17455,42,minibatch_k64,text_pca256_lexical_w005
17456,33,minibatch_k64,text_pca256_lexical_w005
17457,33,minibatch_k64,text_pca256_lexical_w005
17458,42,minibatch_k64,text_pca256_lexical_w005
17459,42,minibatch_k64,text_pca256_lexical_w005
17460,33,minibatch_k64,text_pca256_lexical_w005
17461,42,minibatch_k64,text_pca256_lexical_w005
17462,21,minibatch_k64,text_pca256_lexical_w005
17463,42,minibatch_k64,text_pca256_lexical_w005
17464,42,minibatch_k64,text_pca256_lexical_w005
17465,42,minibatch_k64,text_pca256_lexical_w005
17466,33,minibatch_k64,text_pca256_lexical_w005
17467,42,minibatch_k64,text_pca256_lexical_w005
17468,42,minibatch_k64,text_pca256_lexical_w005
17469,42,minibatch_k64,text_pca256_lexical_w005
17470,10,minibatch_k64,text_pca256_lexical_w005
17471,33,minibatch_k64,text_pca256_lexical_w005
17472,33,minibatch_k64,text_pca256_lexical_w005
17473,42,minibatch_k64,text_pca256_lexical_w005
17474,42,minibatch_k64,text_pca256_lexical_w005
17475,33,minibatch_k64,text_pca256_lexical_w005
17476,33,minibatch_k64,text_pca256_lexical_w005
17477,21,minibatch_k64,text_pca256_lexical_w005
17478,0,minibatch_k64,text_pca256_lexical_w005
17479,33,minibatch_k64,text_pca256_lexical_w005
17480,42,minibatch_k64,text_pca256_lexical_w005
17481,42,minibatch_k64,text_pca256_lexical_w005
17482,33,minibatch_k64,text_pca256_lexical_w005
17483,50,minibatch_k64,text_pca256_lexical_w005
17484,42,minibatch_k64,text_pca256_lexical_w005
17485,42,minibatch_k64,text_pca256_lexical_w005
17486,42,minibatch_k64,text_pca256_lexical_w005
17487,42,minibatch_k64,text_pca256_lexical_w005
17488,33,minibatch_k64,text_pca256_lexical_w005
17489,42,minibatch_k64,text_pca256_lexical_w005
17490,0,minibatch_k64,text_pca256_lexical_w005
17491,10,minibatch_k64,text_pca256_lexical_w005
17492,62,minibatch_k64,text_pca256_lexical_w005
17493,42,minibatch_k64,text_pca256_lexical_w005
17494,0,minibatch_k64,text_pca256_lexical_w005
17495,33,minibatch_k64,text_pca256_lexical_w005
17496,50,minibatch_k64,text_pca256_lexical_w005
17497,42,minibatch_k64,text_pca256_lexical_w005
17498,42,minibatch_k64,text_pca256_lexical_w005
17499,0,minibatch_k64,text_pca256_lexical_w005
17500,42,minibatch_k64,text_pca256_lexical_w005
17501,62,minibatch_k64,text_pca256_lexical_w005
17502,15,minibatch_k64,text_pca256_lexical_w005
17503,42,minibatch_k64,text_pca256_lexical_w005
17504,42,minibatch_k64,text_pca256_lexical_w005
17505,42,minibatch_k64,text_pca256_lexical_w005
17506,8,minibatch_k64,text_pca256_lexical_w005
17507,33,minibatch_k64,text_pca256_lexical_w005
17508,42,minibatch_k64,text_pca256_lexical_w005
17509,33,minibatch_k64,text_pca256_lexical_w005
17510,42,minibatch_k64,text_pca256_lexical_w005
17511,25,minibatch_k64,text_pca256_lexical_w005
17512,62,minibatch_k64,text_pca256_lexical_w005
17513,8,minibatch_k64,text_pca256_lexical_w005
17514,8,minibatch_k64,text_pca256_lexical_w005
17515,42,minibatch_k64,text_pca256_lexical_w005
17516,42,minibatch_k64,text_pca256_lexical_w005
17517,42,minibatch_k64,text_pca256_lexical_w005
17518,8,minibatch_k64,text_pca256_lexical_w005
17519,21,minibatch_k64,text_pca256_lexical_w005
17520,21,minibatch_k64,text_pca256_lexical_w005
17521,42,minibatch_k64,text_pca256_lexical_w005
17522,33,minibatch_k64,text_pca256_lexical_w005
17523,42,minibatch_k64,text_pca256_lexical_w005
17524,33,minibatch_k64,text_pca256_lexical_w005
17525,15,minibatch_k64,text_pca256_lexical_w005
17526,33,minibatch_k64,text_pca256_lexical_w005
17527,42,minibatch_k64,text_pca256_lexical_w005
17528,42,minibatch_k64,text_pca256_lexical_w005
17529,42,minibatch_k64,text_pca256_lexical_w005
17530,21,minibatch_k64,text_pca256_lexical_w005
17531,42,minibatch_k64,text_pca256_lexical_w005
17532,42,minibatch_k64,text_pca256_lexical_w005
17533,42,minibatch_k64,text_pca256_lexical_w005
17534,0,minibatch_k64,text_pca256_lexical_w005
17535,42,minibatch_k64,text_pca256_lexical_w005
17536,4,minibatch_k64,text_pca256_lexical_w005
17537,25,minibatch_k64,text_pca256_lexical_w005
17538,25,minibatch_k64,text_pca256_lexical_w005
17539,25,minibatch_k64,text_pca256_lexical_w005
17540,33,minibatch_k64,text_pca256_lexical_w005
17541,8,minibatch_k64,text_pca256_lexical_w005
17542,50,minibatch_k64,text_pca256_lexical_w005
17543,62,minibatch_k64,text_pca256_lexical_w005
17544,21,minibatch_k64,text_pca256_lexical_w005
17545,8,minibatch_k64,text_pca256_lexical_w005
17546,38,minibatch_k64,text_pca256_lexical_w005
17547,8,minibatch_k64,text_pca256_lexical_w005
17548,38,minibatch_k64,text_pca256_lexical_w005
17549,36,minibatch_k64,text_pca256_lexical_w005
17550,55,minibatch_k64,text_pca256_lexical_w005
17551,62,minibatch_k64,text_pca256_lexical_w005
17552,8,minibatch_k64,text_pca256_lexical_w005
17553,8,minibatch_k64,text_pca256_lexical_w005
17554,0,minibatch_k64,text_pca256_lexical_w005
17555,0,minibatch_k64,text_pca256_lexical_w005
17556,59,minibatch_k64,text_pca256_lexical_w005
17557,8,minibatch_k64,text_pca256_lexical_w005
17558,2,minibatch_k64,text_pca256_lexical_w005
17559,62,minibatch_k64,text_pca256_lexical_w005
17560,23,minibatch_k64,text_pca256_lexical_w005
17561,47,minibatch_k64,text_pca256_lexical_w005
17562,47,minibatch_k64,text_pca256_lexical_w005
17563,23,minibatch_k64,text_pca256_lexical_w005
17564,47,minibatch_k64,text_pca256_lexical_w005
17565,47,minibatch_k64,text_pca256_lexical_w005
17566,23,minibatch_k64,text_pca256_lexical_w005
17567,47,minibatch_k64,text_pca256_lexical_w005
17568,15,minibatch_k64,text_pca256_lexical_w005
17569,8,minibatch_k64,text_pca256_lexical_w005
17570,47,minibatch_k64,text_pca256_lexical_w005
17571,21,minibatch_k64,text_pca256_lexical_w005
17572,23,minibatch_k64,text_pca256_lexical_w005
17573,47,minibatch_k64,text_pca256_lexical_w005
17574,8,minibatch_k64,text_pca256_lexical_w005
17575,45,minibatch_k64,text_pca256_lexical_w005
17576,45,minibatch_k64,text_pca256_lexical_w005
17577,47,minibatch_k64,text_pca256_lexical_w005
17578,38,minibatch_k64,text_pca256_lexical_w005
17579,55,minibatch_k64,text_pca256_lexical_w005
17580,8,minibatch_k64,text_pca256_lexical_w005
17581,59,minibatch_k64,text_pca256_lexical_w005
17582,47,minibatch_k64,text_pca256_lexical_w005
17583,59,minibatch_k64,text_pca256_lexical_w005
17584,47,minibatch_k64,text_pca256_lexical_w005
17585,15,minibatch_k64,text_pca256_lexical_w005
17586,59,minibatch_k64,text_pca256_lexical_w005
17587,47,minibatch_k64,text_pca256_lexical_w005
17588,0,minibatch_k64,text_pca256_lexical_w005
17589,47,minibatch_k64,text_pca256_lexical_w005
17590,27,minibatch_k64,text_pca256_lexical_w005
17591,8,minibatch_k64,text_pca256_lexical_w005
17592,27,minibatch_k64,text_pca256_lexical_w005
17593,45,minibatch_k64,text_pca256_lexical_w005
17594,27,minibatch_k64,text_pca256_lexical_w005
17595,38,minibatch_k64,text_pca256_lexical_w005
17596,36,minibatch_k64,text_pca256_lexical_w005
17597,55,minibatch_k64,text_pca256_lexical_w005
17598,18,minibatch_k64,text_pca256_lexical_w005
17599,38,minibatch_k64,text_pca256_lexical_w005
17600,36,minibatch_k64,text_pca256_lexical_w005
17601,55,minibatch_k64,text_pca256_lexical_w005
17602,2,minibatch_k64,text_pca256_lexical_w005
17603,59,minibatch_k64,text_pca256_lexical_w005
17604,23,minibatch_k64,text_pca256_lexical_w005
17605,27,minibatch_k64,text_pca256_lexical_w005
17606,8,minibatch_k64,text_pca256_lexical_w005
17607,27,minibatch_k64,text_pca256_lexical_w005
17608,27,minibatch_k64,text_pca256_lexical_w005
17609,27,minibatch_k64,text_pca256_lexical_w005
17610,59,minibatch_k64,text_pca256_lexical_w005
17611,8,minibatch_k64,text_pca256_lexical_w005
17612,15,minibatch_k64,text_pca256_lexical_w005
17613,18,minibatch_k64,text_pca256_lexical_w005
17614,0,minibatch_k64,text_pca256_lexical_w005
17615,18,minibatch_k64,text_pca256_lexical_w005
17616,27,minibatch_k64,text_pca256_lexical_w005
17617,45,minibatch_k64,text_pca256_lexical_w005
17618,59,minibatch_k64,text_pca256_lexical_w005
17619,18,minibatch_k64,text_pca256_lexical_w005
17620,59,minibatch_k64,text_pca256_lexical_w005
17621,59,minibatch_k64,text_pca256_lexical_w005
17622,18,minibatch_k64,text_pca256_lexical_w005
17623,18,minibatch_k64,text_pca256_lexical_w005
17624,59,minibatch_k64,text_pca256_lexical_w005
17625,18,minibatch_k64,text_pca256_lexical_w005
17626,45,minibatch_k64,text_pca256_lexical_w005
17627,41,minibatch_k64,text_pca256_lexical_w005
17628,33,minibatch_k64,text_pca256_lexical_w005
17629,41,minibatch_k64,text_pca256_lexical_w005
17630,41,minibatch_k64,text_pca256_lexical_w005
17631,17,minibatch_k64,text_pca256_lexical_w005
17632,59,minibatch_k64,text_pca256_lexical_w005
17633,53,minibatch_k64,text_pca256_lexical_w005
17634,45,minibatch_k64,text_pca256_lexical_w005
17635,45,minibatch_k64,text_pca256_lexical_w005
17636,27,minibatch_k64,text_pca256_lexical_w005
17637,34,minibatch_k64,text_pca256_lexical_w005
17638,8,minibatch_k64,text_pca256_lexical_w005
17639,6,minibatch_k64,text_pca256_lexical_w005
17640,6,minibatch_k64,text_pca256_lexical_w005
17641,6,minibatch_k64,text_pca256_lexical_w005
17642,2,minibatch_k64,text_pca256_lexical_w005
17643,10,minibatch_k64,text_pca256_lexical_w005
17644,6,minibatch_k64,text_pca256_lexical_w005
17645,41,minibatch_k64,text_pca256_lexical_w005
17646,0,minibatch_k64,text_pca256_lexical_w005
17647,8,minibatch_k64,text_pca256_lexical_w005
17648,10,minibatch_k64,text_pca256_lexical_w005
17649,62,minibatch_k64,text_pca256_lexical_w005
17650,56,minibatch_k64,text_pca256_lexical_w005
17651,42,minibatch_k64,text_pca256_lexical_w005
17652,56,minibatch_k64,text_pca256_lexical_w005
17653,56,minibatch_k64,text_pca256_lexical_w005
17654,42,minibatch_k64,text_pca256_lexical_w005
17655,42,minibatch_k64,text_pca256_lexical_w005
17656,56,minibatch_k64,text_pca256_lexical_w005
17657,50,minibatch_k64,text_pca256_lexical_w005
17658,38,minibatch_k64,text_pca256_lexical_w005
17659,58,minibatch_k64,text_pca256_lexical_w005
17660,56,minibatch_k64,text_pca256_lexical_w005
17661,56,minibatch_k64,text_pca256_lexical_w005
17662,56,minibatch_k64,text_pca256_lexical_w005
17663,42,minibatch_k64,text_pca256_lexical_w005
17664,3,minibatch_k64,text_pca256_lexical_w005
17665,38,minibatch_k64,text_pca256_lexical_w005
17666,58,minibatch_k64,text_pca256_lexical_w005
17667,56,minibatch_k64,text_pca256_lexical_w005
17668,56,minibatch_k64,text_pca256_lexical_w005
17669,10,minibatch_k64,text_pca256_lexical_w005
17670,56,minibatch_k64,text_pca256_lexical_w005
17671,56,minibatch_k64,text_pca256_lexical_w005
17672,56,minibatch_k64,text_pca256_lexical_w005
17673,47,minibatch_k64,text_pca256_lexical_w005
17674,42,minibatch_k64,text_pca256_lexical_w005
17675,56,minibatch_k64,text_pca256_lexical_w005
17676,56,minibatch_k64,text_pca256_lexical_w005
17677,38,minibatch_k64,text_pca256_lexical_w005
17678,58,minibatch_k64,text_pca256_lexical_w005
17679,25,minibatch_k64,text_pca256_lexical_w005
17680,25,minibatch_k64,text_pca256_lexical_w005
17681,56,minibatch_k64,text_pca256_lexical_w005
17682,56,minibatch_k64,text_pca256_lexical_w005
17683,8,minibatch_k64,text_pca256_lexical_w005
17684,29,minibatch_k64,text_pca256_lexical_w005
17685,29,minibatch_k64,text_pca256_lexical_w005
17686,56,minibatch_k64,text_pca256_lexical_w005
17687,42,minibatch_k64,text_pca256_lexical_w005
17688,56,minibatch_k64,text_pca256_lexical_w005
17689,23,minibatch_k64,text_pca256_lexical_w005
17690,38,minibatch_k64,text_pca256_lexical_w005
17691,58,minibatch_k64,text_pca256_lexical_w005
17692,58,minibatch_k64,text_pca256_lexical_w005
17693,56,minibatch_k64,text_pca256_lexical_w005
17694,45,minibatch_k64,text_pca256_lexical_w005
17695,25,minibatch_k64,text_pca256_lexical_w005
17696,55,minibatch_k64,text_pca256_lexical_w005
17697,56,minibatch_k64,text_pca256_lexical_w005
17698,0,minibatch_k64,text_pca256_lexical_w005
17699,42,minibatch_k64,text_pca256_lexical_w005
17700,56,minibatch_k64,text_pca256_lexical_w005
17701,42,minibatch_k64,text_pca256_lexical_w005
17702,3,minibatch_k64,text_pca256_lexical_w005
17703,56,minibatch_k64,text_pca256_lexical_w005
17704,56,minibatch_k64,text_pca256_lexical_w005
17705,56,minibatch_k64,text_pca256_lexical_w005
17706,29,minibatch_k64,text_pca256_lexical_w005
17707,42,minibatch_k64,text_pca256_lexical_w005
17708,38,minibatch_k64,text_pca256_lexical_w005
17709,58,minibatch_k64,text_pca256_lexical_w005
17710,55,minibatch_k64,text_pca256_lexical_w005
17711,33,minibatch_k64,text_pca256_lexical_w005
17712,56,minibatch_k64,text_pca256_lexical_w005
17713,42,minibatch_k64,text_pca256_lexical_w005
17714,21,minibatch_k64,text_pca256_lexical_w005
17715,56,minibatch_k64,text_pca256_lexical_w005
17716,8,minibatch_k64,text_pca256_lexical_w005
17717,0,minibatch_k64,text_pca256_lexical_w005
17718,56,minibatch_k64,text_pca256_lexical_w005
17719,42,minibatch_k64,text_pca256_lexical_w005
17720,38,minibatch_k64,text_pca256_lexical_w005
17721,58,minibatch_k64,text_pca256_lexical_w005
17722,25,minibatch_k64,text_pca256_lexical_w005
17723,55,minibatch_k64,text_pca256_lexical_w005
17724,42,minibatch_k64,text_pca256_lexical_w005
17725,62,minibatch_k64,text_pca256_lexical_w005
17726,56,minibatch_k64,text_pca256_lexical_w005
17727,10,minibatch_k64,text_pca256_lexical_w005
17728,8,minibatch_k64,text_pca256_lexical_w005
17729,56,minibatch_k64,text_pca256_lexical_w005
17730,58,minibatch_k64,text_pca256_lexical_w005
17731,38,minibatch_k64,text_pca256_lexical_w005
17732,55,minibatch_k64,text_pca256_lexical_w005
17733,3,minibatch_k64,text_pca256_lexical_w005
17734,38,minibatch_k64,text_pca256_lexical_w005
17735,58,minibatch_k64,text_pca256_lexical_w005
17736,55,minibatch_k64,text_pca256_lexical_w005
17737,63,minibatch_k64,text_pca256_lexical_w005
17738,56,minibatch_k64,text_pca256_lexical_w005
17739,4,minibatch_k64,text_pca256_lexical_w005
17740,5,minibatch_k64,text_pca256_lexical_w005
17741,33,minibatch_k64,text_pca256_lexical_w005
17742,33,minibatch_k64,text_pca256_lexical_w005
17743,23,minibatch_k64,text_pca256_lexical_w005
17744,3,minibatch_k64,text_pca256_lexical_w005
17745,56,minibatch_k64,text_pca256_lexical_w005
17746,56,minibatch_k64,text_pca256_lexical_w005
17747,42,minibatch_k64,text_pca256_lexical_w005
17748,38,minibatch_k64,text_pca256_lexical_w005
17749,58,minibatch_k64,text_pca256_lexical_w005
17750,56,minibatch_k64,text_pca256_lexical_w005
17751,13,minibatch_k64,text_pca256_lexical_w005
17752,21,minibatch_k64,text_pca256_lexical_w005
17753,44,minibatch_k64,text_pca256_lexical_w005
17754,3,minibatch_k64,text_pca256_lexical_w005
17755,53,minibatch_k64,text_pca256_lexical_w005
17756,56,minibatch_k64,text_pca256_lexical_w005
17757,42,minibatch_k64,text_pca256_lexical_w005
17758,38,minibatch_k64,text_pca256_lexical_w005
17759,58,minibatch_k64,text_pca256_lexical_w005
17760,56,minibatch_k64,text_pca256_lexical_w005
17761,63,minibatch_k64,text_pca256_lexical_w005
17762,56,minibatch_k64,text_pca256_lexical_w005
17763,21,minibatch_k64,text_pca256_lexical_w005
17764,59,minibatch_k64,text_pca256_lexical_w005
17765,0,minibatch_k64,text_pca256_lexical_w005
17766,3,minibatch_k64,text_pca256_lexical_w005
17767,56,minibatch_k64,text_pca256_lexical_w005
17768,56,minibatch_k64,text_pca256_lexical_w005
17769,42,minibatch_k64,text_pca256_lexical_w005
17770,38,minibatch_k64,text_pca256_lexical_w005
17771,55,minibatch_k64,text_pca256_lexical_w005
17772,63,minibatch_k64,text_pca256_lexical_w005
17773,42,minibatch_k64,text_pca256_lexical_w005
17774,56,minibatch_k64,text_pca256_lexical_w005
17775,56,minibatch_k64,text_pca256_lexical_w005
17776,42,minibatch_k64,text_pca256_lexical_w005
17777,21,minibatch_k64,text_pca256_lexical_w005
17778,56,minibatch_k64,text_pca256_lexical_w005
17779,25,minibatch_k64,text_pca256_lexical_w005
17780,63,minibatch_k64,text_pca256_lexical_w005
17781,21,minibatch_k64,text_pca256_lexical_w005
17782,62,minibatch_k64,text_pca256_lexical_w005
17783,58,minibatch_k64,text_pca256_lexical_w005
17784,55,minibatch_k64,text_pca256_lexical_w005
17785,55,minibatch_k64,text_pca256_lexical_w005
17786,13,minibatch_k64,text_pca256_lexical_w005
17787,56,minibatch_k64,text_pca256_lexical_w005
17788,33,minibatch_k64,text_pca256_lexical_w005
17789,56,minibatch_k64,text_pca256_lexical_w005
17790,56,minibatch_k64,text_pca256_lexical_w005
17791,10,minibatch_k64,text_pca256_lexical_w005
17792,56,minibatch_k64,text_pca256_lexical_w005
17793,8,minibatch_k64,text_pca256_lexical_w005
17794,8,minibatch_k64,text_pca256_lexical_w005
17795,47,minibatch_k64,text_pca256_lexical_w005
17796,0,minibatch_k64,text_pca256_lexical_w005
17797,45,minibatch_k64,text_pca256_lexical_w005
17798,45,minibatch_k64,text_pca256_lexical_w005
17799,59,minibatch_k64,text_pca256_lexical_w005
17800,8,minibatch_k64,text_pca256_lexical_w005
17801,8,minibatch_k64,text_pca256_lexical_w005
17802,62,minibatch_k64,text_pca256_lexical_w005
17803,38,minibatch_k64,text_pca256_lexical_w005
17804,55,minibatch_k64,text_pca256_lexical_w005
17805,63,minibatch_k64,text_pca256_lexical_w005
17806,33,minibatch_k64,text_pca256_lexical_w005
17807,0,minibatch_k64,text_pca256_lexical_w005
17808,8,minibatch_k64,text_pca256_lexical_w005
17809,59,minibatch_k64,text_pca256_lexical_w005
17810,38,minibatch_k64,text_pca256_lexical_w005
17811,56,minibatch_k64,text_pca256_lexical_w005
17812,55,minibatch_k64,text_pca256_lexical_w005
17813,63,minibatch_k64,text_pca256_lexical_w005
17814,62,minibatch_k64,text_pca256_lexical_w005
17815,45,minibatch_k64,text_pca256_lexical_w005
17816,45,minibatch_k64,text_pca256_lexical_w005
17817,56,minibatch_k64,text_pca256_lexical_w005
17818,17,minibatch_k64,text_pca256_lexical_w005
17819,30,minibatch_k64,text_pca256_lexical_w005
17820,30,minibatch_k64,text_pca256_lexical_w005
17821,59,minibatch_k64,text_pca256_lexical_w005
17822,27,minibatch_k64,text_pca256_lexical_w005
17823,45,minibatch_k64,text_pca256_lexical_w005
17824,56,minibatch_k64,text_pca256_lexical_w005
17825,56,minibatch_k64,text_pca256_lexical_w005
17826,30,minibatch_k64,text_pca256_lexical_w005
17827,30,minibatch_k64,text_pca256_lexical_w005
17828,30,minibatch_k64,text_pca256_lexical_w005
17829,17,minibatch_k64,text_pca256_lexical_w005
17830,48,minibatch_k64,text_pca256_lexical_w005
17831,59,minibatch_k64,text_pca256_lexical_w005
17832,59,minibatch_k64,text_pca256_lexical_w005
17833,48,minibatch_k64,text_pca256_lexical_w005
17834,10,minibatch_k64,text_pca256_lexical_w005
17835,45,minibatch_k64,text_pca256_lexical_w005
17836,10,minibatch_k64,text_pca256_lexical_w005
17837,8,minibatch_k64,text_pca256_lexical_w005
17838,39,minibatch_k64,text_pca256_lexical_w005
17839,30,minibatch_k64,text_pca256_lexical_w005
17840,48,minibatch_k64,text_pca256_lexical_w005
17841,0,minibatch_k64,text_pca256_lexical_w005
17842,62,minibatch_k64,text_pca256_lexical_w005
17843,62,minibatch_k64,text_pca256_lexical_w005
17844,56,minibatch_k64,text_pca256_lexical_w005
17845,59,minibatch_k64,text_pca256_lexical_w005
17846,62,minibatch_k64,text_pca256_lexical_w005
17847,62,minibatch_k64,text_pca256_lexical_w005
17848,62,minibatch_k64,text_pca256_lexical_w005
17849,4,minibatch_k64,text_pca256_lexical_w005
17850,0,minibatch_k64,text_pca256_lexical_w005
17851,0,minibatch_k64,text_pca256_lexical_w005
17852,15,minibatch_k64,text_pca256_lexical_w005
17853,33,minibatch_k64,text_pca256_lexical_w005
17854,23,minibatch_k64,text_pca256_lexical_w005
17855,4,minibatch_k64,text_pca256_lexical_w005
17856,62,minibatch_k64,text_pca256_lexical_w005
17857,62,minibatch_k64,text_pca256_lexical_w005
17858,23,minibatch_k64,text_pca256_lexical_w005
17859,59,minibatch_k64,text_pca256_lexical_w005
17860,39,minibatch_k64,text_pca256_lexical_w005
17861,29,minibatch_k64,text_pca256_lexical_w005
17862,23,minibatch_k64,text_pca256_lexical_w005
17863,21,minibatch_k64,text_pca256_lexical_w005
17864,8,minibatch_k64,text_pca256_lexical_w005
17865,23,minibatch_k64,text_pca256_lexical_w005
17866,0,minibatch_k64,text_pca256_lexical_w005
17867,15,minibatch_k64,text_pca256_lexical_w005
17868,38,minibatch_k64,text_pca256_lexical_w005
17869,23,minibatch_k64,text_pca256_lexical_w005
17870,55,minibatch_k64,text_pca256_lexical_w005
17871,23,minibatch_k64,text_pca256_lexical_w005
17872,10,minibatch_k64,text_pca256_lexical_w005
17873,0,minibatch_k64,text_pca256_lexical_w005
17874,0,minibatch_k64,text_pca256_lexical_w005
17875,23,minibatch_k64,text_pca256_lexical_w005
17876,5,minibatch_k64,text_pca256_lexical_w005
17877,38,minibatch_k64,text_pca256_lexical_w005
17878,23,minibatch_k64,text_pca256_lexical_w005
17879,55,minibatch_k64,text_pca256_lexical_w005
17880,23,minibatch_k64,text_pca256_lexical_w005
17881,0,minibatch_k64,text_pca256_lexical_w005
17882,4,minibatch_k64,text_pca256_lexical_w005
17883,62,minibatch_k64,text_pca256_lexical_w005
17884,33,minibatch_k64,text_pca256_lexical_w005
17885,23,minibatch_k64,text_pca256_lexical_w005
17886,10,minibatch_k64,text_pca256_lexical_w005
17887,0,minibatch_k64,text_pca256_lexical_w005
17888,15,minibatch_k64,text_pca256_lexical_w005
17889,38,minibatch_k64,text_pca256_lexical_w005
17890,4,minibatch_k64,text_pca256_lexical_w005
17891,0,minibatch_k64,text_pca256_lexical_w005
17892,15,minibatch_k64,text_pca256_lexical_w005
17893,0,minibatch_k64,text_pca256_lexical_w005
17894,15,minibatch_k64,text_pca256_lexical_w005
17895,0,minibatch_k64,text_pca256_lexical_w005
17896,21,minibatch_k64,text_pca256_lexical_w005
17897,0,minibatch_k64,text_pca256_lexical_w005
17898,0,minibatch_k64,text_pca256_lexical_w005
17899,0,minibatch_k64,text_pca256_lexical_w005
17900,0,minibatch_k64,text_pca256_lexical_w005
17901,23,minibatch_k64,text_pca256_lexical_w005
17902,0,minibatch_k64,text_pca256_lexical_w005
17903,15,minibatch_k64,text_pca256_lexical_w005
17904,23,minibatch_k64,text_pca256_lexical_w005
17905,38,minibatch_k64,text_pca256_lexical_w005
17906,55,minibatch_k64,text_pca256_lexical_w005
17907,0,minibatch_k64,text_pca256_lexical_w005
17908,23,minibatch_k64,text_pca256_lexical_w005
17909,0,minibatch_k64,text_pca256_lexical_w005
17910,0,minibatch_k64,text_pca256_lexical_w005
17911,0,minibatch_k64,text_pca256_lexical_w005
17912,0,minibatch_k64,text_pca256_lexical_w005
17913,23,minibatch_k64,text_pca256_lexical_w005
17914,23,minibatch_k64,text_pca256_lexical_w005
17915,15,minibatch_k64,text_pca256_lexical_w005
17916,23,minibatch_k64,text_pca256_lexical_w005
17917,15,minibatch_k64,text_pca256_lexical_w005
17918,0,minibatch_k64,text_pca256_lexical_w005
17919,23,minibatch_k64,text_pca256_lexical_w005
17920,23,minibatch_k64,text_pca256_lexical_w005
17921,15,minibatch_k64,text_pca256_lexical_w005
17922,0,minibatch_k64,text_pca256_lexical_w005
17923,23,minibatch_k64,text_pca256_lexical_w005
17924,42,minibatch_k64,text_pca256_lexical_w005
17925,15,minibatch_k64,text_pca256_lexical_w005
17926,21,minibatch_k64,text_pca256_lexical_w005
17927,23,minibatch_k64,text_pca256_lexical_w005
17928,23,minibatch_k64,text_pca256_lexical_w005
17929,10,minibatch_k64,text_pca256_lexical_w005
17930,23,minibatch_k64,text_pca256_lexical_w005
17931,23,minibatch_k64,text_pca256_lexical_w005
17932,55,minibatch_k64,text_pca256_lexical_w005
17933,23,minibatch_k64,text_pca256_lexical_w005
17934,10,minibatch_k64,text_pca256_lexical_w005
17935,8,minibatch_k64,text_pca256_lexical_w005
17936,0,minibatch_k64,text_pca256_lexical_w005
17937,15,minibatch_k64,text_pca256_lexical_w005
17938,10,minibatch_k64,text_pca256_lexical_w005
17939,62,minibatch_k64,text_pca256_lexical_w005
17940,8,minibatch_k64,text_pca256_lexical_w005
17941,23,minibatch_k64,text_pca256_lexical_w005
17942,23,minibatch_k64,text_pca256_lexical_w005
17943,15,minibatch_k64,text_pca256_lexical_w005
17944,15,minibatch_k64,text_pca256_lexical_w005
17945,0,minibatch_k64,text_pca256_lexical_w005
17946,23,minibatch_k64,text_pca256_lexical_w005
17947,8,minibatch_k64,text_pca256_lexical_w005
17948,40,minibatch_k64,text_pca256_lexical_w005
17949,40,minibatch_k64,text_pca256_lexical_w005
17950,59,minibatch_k64,text_pca256_lexical_w005
17951,62,minibatch_k64,text_pca256_lexical_w005
17952,10,minibatch_k64,text_pca256_lexical_w005
17953,12,minibatch_k64,text_pca256_lexical_w005
17954,23,minibatch_k64,text_pca256_lexical_w005
17955,8,minibatch_k64,text_pca256_lexical_w005
17956,12,minibatch_k64,text_pca256_lexical_w005
17957,10,minibatch_k64,text_pca256_lexical_w005
17958,62,minibatch_k64,text_pca256_lexical_w005
17959,12,minibatch_k64,text_pca256_lexical_w005
17960,40,minibatch_k64,text_pca256_lexical_w005
17961,62,minibatch_k64,text_pca256_lexical_w005
17962,8,minibatch_k64,text_pca256_lexical_w005
17963,12,minibatch_k64,text_pca256_lexical_w005
17964,40,minibatch_k64,text_pca256_lexical_w005
17965,40,minibatch_k64,text_pca256_lexical_w005
17966,15,minibatch_k64,text_pca256_lexical_w005
17967,8,minibatch_k64,text_pca256_lexical_w005
17968,33,minibatch_k64,text_pca256_lexical_w005
17969,15,minibatch_k64,text_pca256_lexical_w005
17970,23,minibatch_k64,text_pca256_lexical_w005
17971,23,minibatch_k64,text_pca256_lexical_w005
17972,62,minibatch_k64,text_pca256_lexical_w005
17973,23,minibatch_k64,text_pca256_lexical_w005
17974,23,minibatch_k64,text_pca256_lexical_w005
17975,8,minibatch_k64,text_pca256_lexical_w005
17976,23,minibatch_k64,text_pca256_lexical_w005
17977,21,minibatch_k64,text_pca256_lexical_w005
17978,23,minibatch_k64,text_pca256_lexical_w005
17979,0,minibatch_k64,text_pca256_lexical_w005
17980,45,minibatch_k64,text_pca256_lexical_w005
17981,23,minibatch_k64,text_pca256_lexical_w005
17982,38,minibatch_k64,text_pca256_lexical_w005
17983,23,minibatch_k64,text_pca256_lexical_w005
17984,23,minibatch_k64,text_pca256_lexical_w005
17985,23,minibatch_k64,text_pca256_lexical_w005
17986,8,minibatch_k64,text_pca256_lexical_w005
17987,62,minibatch_k64,text_pca256_lexical_w005
17988,12,minibatch_k64,text_pca256_lexical_w005
17989,12,minibatch_k64,text_pca256_lexical_w005
17990,40,minibatch_k64,text_pca256_lexical_w005
17991,8,minibatch_k64,text_pca256_lexical_w005
17992,40,minibatch_k64,text_pca256_lexical_w005
17993,12,minibatch_k64,text_pca256_lexical_w005
17994,8,minibatch_k64,text_pca256_lexical_w005
17995,45,minibatch_k64,text_pca256_lexical_w005
17996,23,minibatch_k64,text_pca256_lexical_w005
17997,10,minibatch_k64,text_pca256_lexical_w005
17998,10,minibatch_k64,text_pca256_lexical_w005
17999,23,minibatch_k64,text_pca256_lexical_w005
18000,8,minibatch_k64,text_pca256_lexical_w005
18001,15,minibatch_k64,text_pca256_lexical_w005
18002,29,minibatch_k64,text_pca256_lexical_w005
18003,12,minibatch_k64,text_pca256_lexical_w005
18004,0,minibatch_k64,text_pca256_lexical_w005
18005,0,minibatch_k64,text_pca256_lexical_w005
18006,8,minibatch_k64,text_pca256_lexical_w005
18007,62,minibatch_k64,text_pca256_lexical_w005
18008,23,minibatch_k64,text_pca256_lexical_w005
18009,10,minibatch_k64,text_pca256_lexical_w005
18010,62,minibatch_k64,text_pca256_lexical_w005
18011,29,minibatch_k64,text_pca256_lexical_w005
18012,23,minibatch_k64,text_pca256_lexical_w005
18013,12,minibatch_k64,text_pca256_lexical_w005
18014,15,minibatch_k64,text_pca256_lexical_w005
18015,38,minibatch_k64,text_pca256_lexical_w005
18016,55,minibatch_k64,text_pca256_lexical_w005
18017,50,minibatch_k64,text_pca256_lexical_w005
18018,23,minibatch_k64,text_pca256_lexical_w005
18019,40,minibatch_k64,text_pca256_lexical_w005
18020,23,minibatch_k64,text_pca256_lexical_w005
18021,50,minibatch_k64,text_pca256_lexical_w005
18022,23,minibatch_k64,text_pca256_lexical_w005
18023,23,minibatch_k64,text_pca256_lexical_w005
18024,23,minibatch_k64,text_pca256_lexical_w005
18025,12,minibatch_k64,text_pca256_lexical_w005
18026,40,minibatch_k64,text_pca256_lexical_w005
18027,40,minibatch_k64,text_pca256_lexical_w005
18028,23,minibatch_k64,text_pca256_lexical_w005
18029,23,minibatch_k64,text_pca256_lexical_w005
18030,12,minibatch_k64,text_pca256_lexical_w005
18031,23,minibatch_k64,text_pca256_lexical_w005
18032,23,minibatch_k64,text_pca256_lexical_w005
18033,59,minibatch_k64,text_pca256_lexical_w005
18034,40,minibatch_k64,text_pca256_lexical_w005
18035,23,minibatch_k64,text_pca256_lexical_w005
18036,21,minibatch_k64,text_pca256_lexical_w005
18037,38,minibatch_k64,text_pca256_lexical_w005
18038,12,minibatch_k64,text_pca256_lexical_w005
18039,23,minibatch_k64,text_pca256_lexical_w005
18040,8,minibatch_k64,text_pca256_lexical_w005
18041,62,minibatch_k64,text_pca256_lexical_w005
18042,62,minibatch_k64,text_pca256_lexical_w005
18043,23,minibatch_k64,text_pca256_lexical_w005
18044,23,minibatch_k64,text_pca256_lexical_w005
18045,62,minibatch_k64,text_pca256_lexical_w005
18046,23,minibatch_k64,text_pca256_lexical_w005
18047,23,minibatch_k64,text_pca256_lexical_w005
18048,23,minibatch_k64,text_pca256_lexical_w005
18049,23,minibatch_k64,text_pca256_lexical_w005
18050,62,minibatch_k64,text_pca256_lexical_w005
18051,8,minibatch_k64,text_pca256_lexical_w005
18052,23,minibatch_k64,text_pca256_lexical_w005
18053,21,minibatch_k64,text_pca256_lexical_w005
18054,23,minibatch_k64,text_pca256_lexical_w005
18055,50,minibatch_k64,text_pca256_lexical_w005
18056,0,minibatch_k64,text_pca256_lexical_w005
18057,46,minibatch_k64,text_pca256_lexical_w005
18058,5,minibatch_k64,text_pca256_lexical_w005
18059,23,minibatch_k64,text_pca256_lexical_w005
18060,18,minibatch_k64,text_pca256_lexical_w005
18061,62,minibatch_k64,text_pca256_lexical_w005
18062,23,minibatch_k64,text_pca256_lexical_w005
18063,0,minibatch_k64,text_pca256_lexical_w005
18064,23,minibatch_k64,text_pca256_lexical_w005
18065,0,minibatch_k64,text_pca256_lexical_w005
18066,0,minibatch_k64,text_pca256_lexical_w005
18067,38,minibatch_k64,text_pca256_lexical_w005
18068,45,minibatch_k64,text_pca256_lexical_w005
18069,55,minibatch_k64,text_pca256_lexical_w005
18070,16,minibatch_k64,text_pca256_lexical_w005
18071,23,minibatch_k64,text_pca256_lexical_w005
18072,23,minibatch_k64,text_pca256_lexical_w005
18073,0,minibatch_k64,text_pca256_lexical_w005
18074,0,minibatch_k64,text_pca256_lexical_w005
18075,23,minibatch_k64,text_pca256_lexical_w005
18076,23,minibatch_k64,text_pca256_lexical_w005
18077,38,minibatch_k64,text_pca256_lexical_w005
18078,55,minibatch_k64,text_pca256_lexical_w005
18079,12,minibatch_k64,text_pca256_lexical_w005
18080,23,minibatch_k64,text_pca256_lexical_w005
18081,62,minibatch_k64,text_pca256_lexical_w005
18082,15,minibatch_k64,text_pca256_lexical_w005
18083,23,minibatch_k64,text_pca256_lexical_w005
18084,23,minibatch_k64,text_pca256_lexical_w005
18085,62,minibatch_k64,text_pca256_lexical_w005
18086,23,minibatch_k64,text_pca256_lexical_w005
18087,38,minibatch_k64,text_pca256_lexical_w005
18088,55,minibatch_k64,text_pca256_lexical_w005
18089,23,minibatch_k64,text_pca256_lexical_w005
18090,38,minibatch_k64,text_pca256_lexical_w005
18091,62,minibatch_k64,text_pca256_lexical_w005
18092,23,minibatch_k64,text_pca256_lexical_w005
18093,23,minibatch_k64,text_pca256_lexical_w005
18094,23,minibatch_k64,text_pca256_lexical_w005
18095,15,minibatch_k64,text_pca256_lexical_w005
18096,23,minibatch_k64,text_pca256_lexical_w005
18097,8,minibatch_k64,text_pca256_lexical_w005
18098,15,minibatch_k64,text_pca256_lexical_w005
18099,23,minibatch_k64,text_pca256_lexical_w005
18100,23,minibatch_k64,text_pca256_lexical_w005
18101,47,minibatch_k64,text_pca256_lexical_w005
18102,10,minibatch_k64,text_pca256_lexical_w005
18103,0,minibatch_k64,text_pca256_lexical_w005
18104,47,minibatch_k64,text_pca256_lexical_w005
18105,8,minibatch_k64,text_pca256_lexical_w005
18106,0,minibatch_k64,text_pca256_lexical_w005
18107,23,minibatch_k64,text_pca256_lexical_w005
18108,23,minibatch_k64,text_pca256_lexical_w005
18109,8,minibatch_k64,text_pca256_lexical_w005
18110,16,minibatch_k64,text_pca256_lexical_w005
18111,15,minibatch_k64,text_pca256_lexical_w005
18112,8,minibatch_k64,text_pca256_lexical_w005
18113,10,minibatch_k64,text_pca256_lexical_w005
18114,16,minibatch_k64,text_pca256_lexical_w005
18115,20,minibatch_k64,text_pca256_lexical_w005
18116,62,minibatch_k64,text_pca256_lexical_w005
18117,10,minibatch_k64,text_pca256_lexical_w005
18118,16,minibatch_k64,text_pca256_lexical_w005
18119,23,minibatch_k64,text_pca256_lexical_w005
18120,23,minibatch_k64,text_pca256_lexical_w005
18121,16,minibatch_k64,text_pca256_lexical_w005
18122,23,minibatch_k64,text_pca256_lexical_w005
18123,53,minibatch_k64,text_pca256_lexical_w005
18124,23,minibatch_k64,text_pca256_lexical_w005
18125,18,minibatch_k64,text_pca256_lexical_w005
18126,18,minibatch_k64,text_pca256_lexical_w005
18127,47,minibatch_k64,text_pca256_lexical_w005
18128,15,minibatch_k64,text_pca256_lexical_w005
18129,38,minibatch_k64,text_pca256_lexical_w005
18130,55,minibatch_k64,text_pca256_lexical_w005
18131,16,minibatch_k64,text_pca256_lexical_w005
18132,0,minibatch_k64,text_pca256_lexical_w005
18133,18,minibatch_k64,text_pca256_lexical_w005
18134,0,minibatch_k64,text_pca256_lexical_w005
18135,16,minibatch_k64,text_pca256_lexical_w005
18136,15,minibatch_k64,text_pca256_lexical_w005
18137,12,minibatch_k64,text_pca256_lexical_w005
18138,21,minibatch_k64,text_pca256_lexical_w005
18139,10,minibatch_k64,text_pca256_lexical_w005
18140,23,minibatch_k64,text_pca256_lexical_w005
18141,32,minibatch_k64,text_pca256_lexical_w005
18142,45,minibatch_k64,text_pca256_lexical_w005
18143,16,minibatch_k64,text_pca256_lexical_w005
18144,23,minibatch_k64,text_pca256_lexical_w005
18145,38,minibatch_k64,text_pca256_lexical_w005
18146,12,minibatch_k64,text_pca256_lexical_w005
18147,55,minibatch_k64,text_pca256_lexical_w005
18148,0,minibatch_k64,text_pca256_lexical_w005
18149,62,minibatch_k64,text_pca256_lexical_w005
18150,8,minibatch_k64,text_pca256_lexical_w005
18151,62,minibatch_k64,text_pca256_lexical_w005
18152,23,minibatch_k64,text_pca256_lexical_w005
18153,16,minibatch_k64,text_pca256_lexical_w005
18154,23,minibatch_k64,text_pca256_lexical_w005
18155,38,minibatch_k64,text_pca256_lexical_w005
18156,55,minibatch_k64,text_pca256_lexical_w005
18157,32,minibatch_k64,text_pca256_lexical_w005
18158,16,minibatch_k64,text_pca256_lexical_w005
18159,15,minibatch_k64,text_pca256_lexical_w005
18160,10,minibatch_k64,text_pca256_lexical_w005
18161,62,minibatch_k64,text_pca256_lexical_w005
18162,15,minibatch_k64,text_pca256_lexical_w005
18163,0,minibatch_k64,text_pca256_lexical_w005
18164,18,minibatch_k64,text_pca256_lexical_w005
18165,18,minibatch_k64,text_pca256_lexical_w005
18166,27,minibatch_k64,text_pca256_lexical_w005
18167,23,minibatch_k64,text_pca256_lexical_w005
18168,27,minibatch_k64,text_pca256_lexical_w005
18169,27,minibatch_k64,text_pca256_lexical_w005
18170,27,minibatch_k64,text_pca256_lexical_w005
18171,18,minibatch_k64,text_pca256_lexical_w005
18172,18,minibatch_k64,text_pca256_lexical_w005
18173,27,minibatch_k64,text_pca256_lexical_w005
18174,18,minibatch_k64,text_pca256_lexical_w005
18175,62,minibatch_k64,text_pca256_lexical_w005
18176,27,minibatch_k64,text_pca256_lexical_w005
18177,27,minibatch_k64,text_pca256_lexical_w005
18178,18,minibatch_k64,text_pca256_lexical_w005
18179,18,minibatch_k64,text_pca256_lexical_w005
18180,18,minibatch_k64,text_pca256_lexical_w005
18181,23,minibatch_k64,text_pca256_lexical_w005
18182,23,minibatch_k64,text_pca256_lexical_w005
18183,18,minibatch_k64,text_pca256_lexical_w005
18184,10,minibatch_k64,text_pca256_lexical_w005
18185,18,minibatch_k64,text_pca256_lexical_w005
18186,45,minibatch_k64,text_pca256_lexical_w005
18187,18,minibatch_k64,text_pca256_lexical_w005
18188,15,minibatch_k64,text_pca256_lexical_w005
18189,15,minibatch_k64,text_pca256_lexical_w005
18190,18,minibatch_k64,text_pca256_lexical_w005
18191,10,minibatch_k64,text_pca256_lexical_w005
18192,59,minibatch_k64,text_pca256_lexical_w005
18193,59,minibatch_k64,text_pca256_lexical_w005
18194,0,minibatch_k64,text_pca256_lexical_w005
18195,23,minibatch_k64,text_pca256_lexical_w005
18196,59,minibatch_k64,text_pca256_lexical_w005
18197,62,minibatch_k64,text_pca256_lexical_w005
18198,15,minibatch_k64,text_pca256_lexical_w005
18199,8,minibatch_k64,text_pca256_lexical_w005
18200,48,minibatch_k64,text_pca256_lexical_w005
18201,21,minibatch_k64,text_pca256_lexical_w005
18202,40,minibatch_k64,text_pca256_lexical_w005
18203,0,minibatch_k64,text_pca256_lexical_w005
18204,0,minibatch_k64,text_pca256_lexical_w005
18205,5,minibatch_k64,text_pca256_lexical_w005
18206,0,minibatch_k64,text_pca256_lexical_w005
18207,42,minibatch_k64,text_pca256_lexical_w005
18208,23,minibatch_k64,text_pca256_lexical_w005
18209,0,minibatch_k64,text_pca256_lexical_w005
18210,0,minibatch_k64,text_pca256_lexical_w005
18211,0,minibatch_k64,text_pca256_lexical_w005
18212,33,minibatch_k64,text_pca256_lexical_w005
18213,25,minibatch_k64,text_pca256_lexical_w005
18214,23,minibatch_k64,text_pca256_lexical_w005
18215,40,minibatch_k64,text_pca256_lexical_w005
18216,8,minibatch_k64,text_pca256_lexical_w005
18217,0,minibatch_k64,text_pca256_lexical_w005
18218,50,minibatch_k64,text_pca256_lexical_w005
18219,8,minibatch_k64,text_pca256_lexical_w005
18220,21,minibatch_k64,text_pca256_lexical_w005
18221,62,minibatch_k64,text_pca256_lexical_w005
18222,0,minibatch_k64,text_pca256_lexical_w005
18223,58,minibatch_k64,text_pca256_lexical_w005
18224,38,minibatch_k64,text_pca256_lexical_w005
18225,23,minibatch_k64,text_pca256_lexical_w005
18226,0,minibatch_k64,text_pca256_lexical_w005
18227,25,minibatch_k64,text_pca256_lexical_w005
18228,23,minibatch_k64,text_pca256_lexical_w005
18229,33,minibatch_k64,text_pca256_lexical_w005
18230,8,minibatch_k64,text_pca256_lexical_w005
18231,33,minibatch_k64,text_pca256_lexical_w005
18232,61,minibatch_k64,text_pca256_lexical_w005
18233,23,minibatch_k64,text_pca256_lexical_w005
18234,8,minibatch_k64,text_pca256_lexical_w005
18235,5,minibatch_k64,text_pca256_lexical_w005
18236,23,minibatch_k64,text_pca256_lexical_w005
18237,0,minibatch_k64,text_pca256_lexical_w005
18238,23,minibatch_k64,text_pca256_lexical_w005
18239,23,minibatch_k64,text_pca256_lexical_w005
18240,33,minibatch_k64,text_pca256_lexical_w005
18241,23,minibatch_k64,text_pca256_lexical_w005
18242,0,minibatch_k64,text_pca256_lexical_w005
18243,0,minibatch_k64,text_pca256_lexical_w005
18244,15,minibatch_k64,text_pca256_lexical_w005
18245,15,minibatch_k64,text_pca256_lexical_w005
18246,23,minibatch_k64,text_pca256_lexical_w005
18247,38,minibatch_k64,text_pca256_lexical_w005
18248,23,minibatch_k64,text_pca256_lexical_w005
18249,55,minibatch_k64,text_pca256_lexical_w005
18250,23,minibatch_k64,text_pca256_lexical_w005
18251,15,minibatch_k64,text_pca256_lexical_w005
18252,15,minibatch_k64,text_pca256_lexical_w005
18253,23,minibatch_k64,text_pca256_lexical_w005
18254,23,minibatch_k64,text_pca256_lexical_w005
18255,23,minibatch_k64,text_pca256_lexical_w005
18256,23,minibatch_k64,text_pca256_lexical_w005
18257,10,minibatch_k64,text_pca256_lexical_w005
18258,23,minibatch_k64,text_pca256_lexical_w005
18259,15,minibatch_k64,text_pca256_lexical_w005
18260,15,minibatch_k64,text_pca256_lexical_w005
18261,15,minibatch_k64,text_pca256_lexical_w005
18262,8,minibatch_k64,text_pca256_lexical_w005
18263,23,minibatch_k64,text_pca256_lexical_w005
18264,38,minibatch_k64,text_pca256_lexical_w005
18265,23,minibatch_k64,text_pca256_lexical_w005
18266,55,minibatch_k64,text_pca256_lexical_w005
18267,59,minibatch_k64,text_pca256_lexical_w005
18268,15,minibatch_k64,text_pca256_lexical_w005
18269,15,minibatch_k64,text_pca256_lexical_w005
18270,8,minibatch_k64,text_pca256_lexical_w005
18271,15,minibatch_k64,text_pca256_lexical_w005
18272,23,minibatch_k64,text_pca256_lexical_w005
18273,8,minibatch_k64,text_pca256_lexical_w005
18274,15,minibatch_k64,text_pca256_lexical_w005
18275,15,minibatch_k64,text_pca256_lexical_w005
18276,15,minibatch_k64,text_pca256_lexical_w005
18277,15,minibatch_k64,text_pca256_lexical_w005
18278,15,minibatch_k64,text_pca256_lexical_w005
18279,15,minibatch_k64,text_pca256_lexical_w005
18280,10,minibatch_k64,text_pca256_lexical_w005
18281,15,minibatch_k64,text_pca256_lexical_w005
18282,15,minibatch_k64,text_pca256_lexical_w005
18283,38,minibatch_k64,text_pca256_lexical_w005
18284,38,minibatch_k64,text_pca256_lexical_w005
18285,15,minibatch_k64,text_pca256_lexical_w005
18286,15,minibatch_k64,text_pca256_lexical_w005
18287,15,minibatch_k64,text_pca256_lexical_w005
18288,23,minibatch_k64,text_pca256_lexical_w005
18289,59,minibatch_k64,text_pca256_lexical_w005
18290,2,minibatch_k64,text_pca256_lexical_w005
18291,23,minibatch_k64,text_pca256_lexical_w005
18292,61,minibatch_k64,text_pca256_lexical_w005
18293,61,minibatch_k64,text_pca256_lexical_w005
18294,23,minibatch_k64,text_pca256_lexical_w005
18295,38,minibatch_k64,text_pca256_lexical_w005
18296,23,minibatch_k64,text_pca256_lexical_w005
18297,23,minibatch_k64,text_pca256_lexical_w005
18298,15,minibatch_k64,text_pca256_lexical_w005
18299,23,minibatch_k64,text_pca256_lexical_w005
18300,0,minibatch_k64,text_pca256_lexical_w005
18301,23,minibatch_k64,text_pca256_lexical_w005
18302,38,minibatch_k64,text_pca256_lexical_w005
18303,23,minibatch_k64,text_pca256_lexical_w005
18304,23,minibatch_k64,text_pca256_lexical_w005
18305,23,minibatch_k64,text_pca256_lexical_w005
18306,23,minibatch_k64,text_pca256_lexical_w005
18307,40,minibatch_k64,text_pca256_lexical_w005
18308,12,minibatch_k64,text_pca256_lexical_w005
18309,40,minibatch_k64,text_pca256_lexical_w005
18310,40,minibatch_k64,text_pca256_lexical_w005
18311,42,minibatch_k64,text_pca256_lexical_w005
18312,12,minibatch_k64,text_pca256_lexical_w005
18313,40,minibatch_k64,text_pca256_lexical_w005
18314,40,minibatch_k64,text_pca256_lexical_w005
18315,0,minibatch_k64,text_pca256_lexical_w005
18316,23,minibatch_k64,text_pca256_lexical_w005
18317,8,minibatch_k64,text_pca256_lexical_w005
18318,23,minibatch_k64,text_pca256_lexical_w005
18319,23,minibatch_k64,text_pca256_lexical_w005
18320,62,minibatch_k64,text_pca256_lexical_w005
18321,23,minibatch_k64,text_pca256_lexical_w005
18322,23,minibatch_k64,text_pca256_lexical_w005
18323,23,minibatch_k64,text_pca256_lexical_w005
18324,23,minibatch_k64,text_pca256_lexical_w005
18325,23,minibatch_k64,text_pca256_lexical_w005
18326,23,minibatch_k64,text_pca256_lexical_w005
18327,59,minibatch_k64,text_pca256_lexical_w005
18328,42,minibatch_k64,text_pca256_lexical_w005
18329,0,minibatch_k64,text_pca256_lexical_w005
18330,23,minibatch_k64,text_pca256_lexical_w005
18331,15,minibatch_k64,text_pca256_lexical_w005
18332,32,minibatch_k64,text_pca256_lexical_w005
18333,2,minibatch_k64,text_pca256_lexical_w005
18334,40,minibatch_k64,text_pca256_lexical_w005
18335,32,minibatch_k64,text_pca256_lexical_w005
18336,40,minibatch_k64,text_pca256_lexical_w005
18337,23,minibatch_k64,text_pca256_lexical_w005
18338,62,minibatch_k64,text_pca256_lexical_w005
18339,32,minibatch_k64,text_pca256_lexical_w005
18340,40,minibatch_k64,text_pca256_lexical_w005
18341,23,minibatch_k64,text_pca256_lexical_w005
18342,40,minibatch_k64,text_pca256_lexical_w005
18343,15,minibatch_k64,text_pca256_lexical_w005
18344,15,minibatch_k64,text_pca256_lexical_w005
18345,62,minibatch_k64,text_pca256_lexical_w005
18346,23,minibatch_k64,text_pca256_lexical_w005
18347,40,minibatch_k64,text_pca256_lexical_w005
18348,23,minibatch_k64,text_pca256_lexical_w005
18349,40,minibatch_k64,text_pca256_lexical_w005
18350,23,minibatch_k64,text_pca256_lexical_w005
18351,23,minibatch_k64,text_pca256_lexical_w005
18352,23,minibatch_k64,text_pca256_lexical_w005
18353,8,minibatch_k64,text_pca256_lexical_w005
18354,62,minibatch_k64,text_pca256_lexical_w005
18355,23,minibatch_k64,text_pca256_lexical_w005
18356,23,minibatch_k64,text_pca256_lexical_w005
18357,33,minibatch_k64,text_pca256_lexical_w005
18358,23,minibatch_k64,text_pca256_lexical_w005
18359,23,minibatch_k64,text_pca256_lexical_w005
18360,23,minibatch_k64,text_pca256_lexical_w005
18361,23,minibatch_k64,text_pca256_lexical_w005
18362,23,minibatch_k64,text_pca256_lexical_w005
18363,23,minibatch_k64,text_pca256_lexical_w005
18364,23,minibatch_k64,text_pca256_lexical_w005
18365,23,minibatch_k64,text_pca256_lexical_w005
18366,23,minibatch_k64,text_pca256_lexical_w005
18367,23,minibatch_k64,text_pca256_lexical_w005
18368,62,minibatch_k64,text_pca256_lexical_w005
18369,23,minibatch_k64,text_pca256_lexical_w005
18370,23,minibatch_k64,text_pca256_lexical_w005
18371,23,minibatch_k64,text_pca256_lexical_w005
18372,45,minibatch_k64,text_pca256_lexical_w005
18373,18,minibatch_k64,text_pca256_lexical_w005
18374,15,minibatch_k64,text_pca256_lexical_w005
18375,18,minibatch_k64,text_pca256_lexical_w005
18376,18,minibatch_k64,text_pca256_lexical_w005
18377,18,minibatch_k64,text_pca256_lexical_w005
18378,33,minibatch_k64,text_pca256_lexical_w005
18379,15,minibatch_k64,text_pca256_lexical_w005
18380,21,minibatch_k64,text_pca256_lexical_w005
18381,8,minibatch_k64,text_pca256_lexical_w005
18382,21,minibatch_k64,text_pca256_lexical_w005
18383,8,minibatch_k64,text_pca256_lexical_w005
18384,21,minibatch_k64,text_pca256_lexical_w005
18385,59,minibatch_k64,text_pca256_lexical_w005
18386,15,minibatch_k64,text_pca256_lexical_w005
18387,15,minibatch_k64,text_pca256_lexical_w005
18388,21,minibatch_k64,text_pca256_lexical_w005
18389,21,minibatch_k64,text_pca256_lexical_w005
18390,15,minibatch_k64,text_pca256_lexical_w005
18391,21,minibatch_k64,text_pca256_lexical_w005
18392,42,minibatch_k64,text_pca256_lexical_w005
18393,59,minibatch_k64,text_pca256_lexical_w005
18394,21,minibatch_k64,text_pca256_lexical_w005
18395,62,minibatch_k64,text_pca256_lexical_w005
18396,15,minibatch_k64,text_pca256_lexical_w005
18397,0,minibatch_k64,text_pca256_lexical_w005
18398,33,minibatch_k64,text_pca256_lexical_w005
18399,59,minibatch_k64,text_pca256_lexical_w005
18400,33,minibatch_k64,text_pca256_lexical_w005
18401,0,minibatch_k64,text_pca256_lexical_w005
18402,0,minibatch_k64,text_pca256_lexical_w005
18403,15,minibatch_k64,text_pca256_lexical_w005
18404,15,minibatch_k64,text_pca256_lexical_w005
18405,33,minibatch_k64,text_pca256_lexical_w005
18406,33,minibatch_k64,text_pca256_lexical_w005
18407,21,minibatch_k64,text_pca256_lexical_w005
18408,0,minibatch_k64,text_pca256_lexical_w005
18409,15,minibatch_k64,text_pca256_lexical_w005
18410,62,minibatch_k64,text_pca256_lexical_w005
18411,59,minibatch_k64,text_pca256_lexical_w005
18412,15,minibatch_k64,text_pca256_lexical_w005
18413,8,minibatch_k64,text_pca256_lexical_w005
18414,23,minibatch_k64,text_pca256_lexical_w005
18415,21,minibatch_k64,text_pca256_lexical_w005
18416,21,minibatch_k64,text_pca256_lexical_w005
18417,21,minibatch_k64,text_pca256_lexical_w005
18418,0,minibatch_k64,text_pca256_lexical_w005
18419,0,minibatch_k64,text_pca256_lexical_w005
18420,21,minibatch_k64,text_pca256_lexical_w005
18421,62,minibatch_k64,text_pca256_lexical_w005
18422,21,minibatch_k64,text_pca256_lexical_w005
18423,62,minibatch_k64,text_pca256_lexical_w005
18424,15,minibatch_k64,text_pca256_lexical_w005
18425,0,minibatch_k64,text_pca256_lexical_w005
18426,2,minibatch_k64,text_pca256_lexical_w005
18427,0,minibatch_k64,text_pca256_lexical_w005
18428,8,minibatch_k64,text_pca256_lexical_w005
18429,0,minibatch_k64,text_pca256_lexical_w005
18430,21,minibatch_k64,text_pca256_lexical_w005
18431,0,minibatch_k64,text_pca256_lexical_w005
18432,21,minibatch_k64,text_pca256_lexical_w005
18433,0,minibatch_k64,text_pca256_lexical_w005
18434,0,minibatch_k64,text_pca256_lexical_w005
18435,8,minibatch_k64,text_pca256_lexical_w005
18436,33,minibatch_k64,text_pca256_lexical_w005
18437,23,minibatch_k64,text_pca256_lexical_w005
18438,15,minibatch_k64,text_pca256_lexical_w005
18439,15,minibatch_k64,text_pca256_lexical_w005
18440,23,minibatch_k64,text_pca256_lexical_w005
18441,8,minibatch_k64,text_pca256_lexical_w005
18442,0,minibatch_k64,text_pca256_lexical_w005
18443,42,minibatch_k64,text_pca256_lexical_w005
18444,21,minibatch_k64,text_pca256_lexical_w005
18445,23,minibatch_k64,text_pca256_lexical_w005
18446,15,minibatch_k64,text_pca256_lexical_w005
18447,50,minibatch_k64,text_pca256_lexical_w005
18448,8,minibatch_k64,text_pca256_lexical_w005
18449,33,minibatch_k64,text_pca256_lexical_w005
18450,15,minibatch_k64,text_pca256_lexical_w005
18451,15,minibatch_k64,text_pca256_lexical_w005
18452,42,minibatch_k64,text_pca256_lexical_w005
18453,62,minibatch_k64,text_pca256_lexical_w005
18454,8,minibatch_k64,text_pca256_lexical_w005
18455,0,minibatch_k64,text_pca256_lexical_w005
18456,33,minibatch_k64,text_pca256_lexical_w005
18457,62,minibatch_k64,text_pca256_lexical_w005
18458,62,minibatch_k64,text_pca256_lexical_w005
18459,10,minibatch_k64,text_pca256_lexical_w005
18460,62,minibatch_k64,text_pca256_lexical_w005
18461,23,minibatch_k64,text_pca256_lexical_w005
18462,8,minibatch_k64,text_pca256_lexical_w005
18463,8,minibatch_k64,text_pca256_lexical_w005
18464,61,minibatch_k64,text_pca256_lexical_w005
18465,8,minibatch_k64,text_pca256_lexical_w005
18466,62,minibatch_k64,text_pca256_lexical_w005
18467,8,minibatch_k64,text_pca256_lexical_w005
18468,8,minibatch_k64,text_pca256_lexical_w005
18469,62,minibatch_k64,text_pca256_lexical_w005
18470,59,minibatch_k64,text_pca256_lexical_w005
18471,10,minibatch_k64,text_pca256_lexical_w005
18472,33,minibatch_k64,text_pca256_lexical_w005
18473,8,minibatch_k64,text_pca256_lexical_w005
18474,8,minibatch_k64,text_pca256_lexical_w005
18475,10,minibatch_k64,text_pca256_lexical_w005
18476,39,minibatch_k64,text_pca256_lexical_w005
18477,8,minibatch_k64,text_pca256_lexical_w005
18478,21,minibatch_k64,text_pca256_lexical_w005
18479,62,minibatch_k64,text_pca256_lexical_w005
18480,50,minibatch_k64,text_pca256_lexical_w005
18481,10,minibatch_k64,text_pca256_lexical_w005
18482,15,minibatch_k64,text_pca256_lexical_w005
18483,33,minibatch_k64,text_pca256_lexical_w005
18484,62,minibatch_k64,text_pca256_lexical_w005
18485,21,minibatch_k64,text_pca256_lexical_w005
18486,8,minibatch_k64,text_pca256_lexical_w005
18487,23,minibatch_k64,text_pca256_lexical_w005
18488,39,minibatch_k64,text_pca256_lexical_w005
18489,53,minibatch_k64,text_pca256_lexical_w005
18490,23,minibatch_k64,text_pca256_lexical_w005
18491,39,minibatch_k64,text_pca256_lexical_w005
18492,8,minibatch_k64,text_pca256_lexical_w005
18493,0,minibatch_k64,text_pca256_lexical_w005
18494,39,minibatch_k64,text_pca256_lexical_w005
18495,8,minibatch_k64,text_pca256_lexical_w005
18496,23,minibatch_k64,text_pca256_lexical_w005
18497,62,minibatch_k64,text_pca256_lexical_w005
18498,62,minibatch_k64,text_pca256_lexical_w005
18499,8,minibatch_k64,text_pca256_lexical_w005
18500,15,minibatch_k64,text_pca256_lexical_w005
18501,15,minibatch_k64,text_pca256_lexical_w005
18502,15,minibatch_k64,text_pca256_lexical_w005
18503,0,minibatch_k64,text_pca256_lexical_w005
18504,39,minibatch_k64,text_pca256_lexical_w005
18505,61,minibatch_k64,text_pca256_lexical_w005
18506,10,minibatch_k64,text_pca256_lexical_w005
18507,0,minibatch_k64,text_pca256_lexical_w005
18508,15,minibatch_k64,text_pca256_lexical_w005
18509,23,minibatch_k64,text_pca256_lexical_w005
18510,23,minibatch_k64,text_pca256_lexical_w005
18511,2,minibatch_k64,text_pca256_lexical_w005
18512,23,minibatch_k64,text_pca256_lexical_w005
18513,39,minibatch_k64,text_pca256_lexical_w005
18514,23,minibatch_k64,text_pca256_lexical_w005
18515,62,minibatch_k64,text_pca256_lexical_w005
18516,42,minibatch_k64,text_pca256_lexical_w005
18517,23,minibatch_k64,text_pca256_lexical_w005
18518,0,minibatch_k64,text_pca256_lexical_w005
18519,59,minibatch_k64,text_pca256_lexical_w005
18520,59,minibatch_k64,text_pca256_lexical_w005
18521,59,minibatch_k64,text_pca256_lexical_w005
18522,62,minibatch_k64,text_pca256_lexical_w005
18523,14,minibatch_k64,text_pca256_lexical_w005
18524,14,minibatch_k64,text_pca256_lexical_w005
18525,62,minibatch_k64,text_pca256_lexical_w005
18526,23,minibatch_k64,text_pca256_lexical_w005
18527,0,minibatch_k64,text_pca256_lexical_w005
18528,0,minibatch_k64,text_pca256_lexical_w005
18529,0,minibatch_k64,text_pca256_lexical_w005
18530,10,minibatch_k64,text_pca256_lexical_w005
18531,39,minibatch_k64,text_pca256_lexical_w005
18532,8,minibatch_k64,text_pca256_lexical_w005
18533,23,minibatch_k64,text_pca256_lexical_w005
18534,62,minibatch_k64,text_pca256_lexical_w005
18535,14,minibatch_k64,text_pca256_lexical_w005
18536,62,minibatch_k64,text_pca256_lexical_w005
18537,14,minibatch_k64,text_pca256_lexical_w005
18538,62,minibatch_k64,text_pca256_lexical_w005
18539,62,minibatch_k64,text_pca256_lexical_w005
18540,14,minibatch_k64,text_pca256_lexical_w005
18541,62,minibatch_k64,text_pca256_lexical_w005
18542,15,minibatch_k64,text_pca256_lexical_w005
18543,21,minibatch_k64,text_pca256_lexical_w005
18544,21,minibatch_k64,text_pca256_lexical_w005
18545,45,minibatch_k64,text_pca256_lexical_w005
18546,59,minibatch_k64,text_pca256_lexical_w005
18547,23,minibatch_k64,text_pca256_lexical_w005
18548,62,minibatch_k64,text_pca256_lexical_w005
18549,23,minibatch_k64,text_pca256_lexical_w005
18550,45,minibatch_k64,text_pca256_lexical_w005
18551,45,minibatch_k64,text_pca256_lexical_w005
18552,38,minibatch_k64,text_pca256_lexical_w005
18553,45,minibatch_k64,text_pca256_lexical_w005
18554,45,minibatch_k64,text_pca256_lexical_w005
18555,15,minibatch_k64,text_pca256_lexical_w005
18556,0,minibatch_k64,text_pca256_lexical_w005
18557,23,minibatch_k64,text_pca256_lexical_w005
18558,45,minibatch_k64,text_pca256_lexical_w005
18559,0,minibatch_k64,text_pca256_lexical_w005
18560,55,minibatch_k64,text_pca256_lexical_w005
18561,0,minibatch_k64,text_pca256_lexical_w005
18562,0,minibatch_k64,text_pca256_lexical_w005
18563,22,minibatch_k64,text_pca256_lexical_w005
18564,10,minibatch_k64,text_pca256_lexical_w005
18565,10,minibatch_k64,text_pca256_lexical_w005
18566,23,minibatch_k64,text_pca256_lexical_w005
18567,10,minibatch_k64,text_pca256_lexical_w005
18568,2,minibatch_k64,text_pca256_lexical_w005
18569,45,minibatch_k64,text_pca256_lexical_w005
18570,21,minibatch_k64,text_pca256_lexical_w005
18571,45,minibatch_k64,text_pca256_lexical_w005
18572,62,minibatch_k64,text_pca256_lexical_w005
18573,23,minibatch_k64,text_pca256_lexical_w005
18574,45,minibatch_k64,text_pca256_lexical_w005
18575,0,minibatch_k64,text_pca256_lexical_w005
18576,15,minibatch_k64,text_pca256_lexical_w005
18577,33,minibatch_k64,text_pca256_lexical_w005
18578,33,minibatch_k64,text_pca256_lexical_w005
18579,45,minibatch_k64,text_pca256_lexical_w005
18580,45,minibatch_k64,text_pca256_lexical_w005
18581,4,minibatch_k64,text_pca256_lexical_w005
18582,62,minibatch_k64,text_pca256_lexical_w005
18583,45,minibatch_k64,text_pca256_lexical_w005
18584,4,minibatch_k64,text_pca256_lexical_w005
18585,45,minibatch_k64,text_pca256_lexical_w005
18586,0,minibatch_k64,text_pca256_lexical_w005
18587,45,minibatch_k64,text_pca256_lexical_w005
18588,45,minibatch_k64,text_pca256_lexical_w005
18589,2,minibatch_k64,text_pca256_lexical_w005
18590,59,minibatch_k64,text_pca256_lexical_w005
18591,23,minibatch_k64,text_pca256_lexical_w005
18592,59,minibatch_k64,text_pca256_lexical_w005
18593,4,minibatch_k64,text_pca256_lexical_w005
18594,23,minibatch_k64,text_pca256_lexical_w005
18595,10,minibatch_k64,text_pca256_lexical_w005
18596,23,minibatch_k64,text_pca256_lexical_w005
18597,23,minibatch_k64,text_pca256_lexical_w005
18598,4,minibatch_k64,text_pca256_lexical_w005
18599,45,minibatch_k64,text_pca256_lexical_w005
18600,45,minibatch_k64,text_pca256_lexical_w005
18601,21,minibatch_k64,text_pca256_lexical_w005
18602,42,minibatch_k64,text_pca256_lexical_w005
18603,15,minibatch_k64,text_pca256_lexical_w005
18604,45,minibatch_k64,text_pca256_lexical_w005
18605,23,minibatch_k64,text_pca256_lexical_w005
18606,23,minibatch_k64,text_pca256_lexical_w005
18607,23,minibatch_k64,text_pca256_lexical_w005
18608,0,minibatch_k64,text_pca256_lexical_w005
18609,45,minibatch_k64,text_pca256_lexical_w005
18610,45,minibatch_k64,text_pca256_lexical_w005
18611,4,minibatch_k64,text_pca256_lexical_w005
18612,4,minibatch_k64,text_pca256_lexical_w005
18613,33,minibatch_k64,text_pca256_lexical_w005
18614,23,minibatch_k64,text_pca256_lexical_w005
18615,2,minibatch_k64,text_pca256_lexical_w005
18616,62,minibatch_k64,text_pca256_lexical_w005
18617,45,minibatch_k64,text_pca256_lexical_w005
18618,45,minibatch_k64,text_pca256_lexical_w005
18619,23,minibatch_k64,text_pca256_lexical_w005
18620,45,minibatch_k64,text_pca256_lexical_w005
18621,45,minibatch_k64,text_pca256_lexical_w005
18622,0,minibatch_k64,text_pca256_lexical_w005
18623,45,minibatch_k64,text_pca256_lexical_w005
18624,45,minibatch_k64,text_pca256_lexical_w005
18625,45,minibatch_k64,text_pca256_lexical_w005
18626,45,minibatch_k64,text_pca256_lexical_w005
18627,45,minibatch_k64,text_pca256_lexical_w005
18628,45,minibatch_k64,text_pca256_lexical_w005
18629,45,minibatch_k64,text_pca256_lexical_w005
18630,45,minibatch_k64,text_pca256_lexical_w005
18631,45,minibatch_k64,text_pca256_lexical_w005
18632,45,minibatch_k64,text_pca256_lexical_w005
18633,21,minibatch_k64,text_pca256_lexical_w005
18634,45,minibatch_k64,text_pca256_lexical_w005
18635,8,minibatch_k64,text_pca256_lexical_w005
18636,0,minibatch_k64,text_pca256_lexical_w005
18637,45,minibatch_k64,text_pca256_lexical_w005
18638,8,minibatch_k64,text_pca256_lexical_w005
18639,23,minibatch_k64,text_pca256_lexical_w005
18640,62,minibatch_k64,text_pca256_lexical_w005
18641,23,minibatch_k64,text_pca256_lexical_w005
18642,8,minibatch_k64,text_pca256_lexical_w005
18643,23,minibatch_k64,text_pca256_lexical_w005
18644,23,minibatch_k64,text_pca256_lexical_w005
18645,23,minibatch_k64,text_pca256_lexical_w005
18646,50,minibatch_k64,text_pca256_lexical_w005
18647,45,minibatch_k64,text_pca256_lexical_w005
18648,0,minibatch_k64,text_pca256_lexical_w005
18649,23,minibatch_k64,text_pca256_lexical_w005
18650,23,minibatch_k64,text_pca256_lexical_w005
18651,59,minibatch_k64,text_pca256_lexical_w005
18652,45,minibatch_k64,text_pca256_lexical_w005
18653,23,minibatch_k64,text_pca256_lexical_w005
18654,0,minibatch_k64,text_pca256_lexical_w005
18655,0,minibatch_k64,text_pca256_lexical_w005
18656,10,minibatch_k64,text_pca256_lexical_w005
18657,23,minibatch_k64,text_pca256_lexical_w005
18658,33,minibatch_k64,text_pca256_lexical_w005
18659,33,minibatch_k64,text_pca256_lexical_w005
18660,23,minibatch_k64,text_pca256_lexical_w005
18661,23,minibatch_k64,text_pca256_lexical_w005
18662,62,minibatch_k64,text_pca256_lexical_w005
18663,23,minibatch_k64,text_pca256_lexical_w005
18664,23,minibatch_k64,text_pca256_lexical_w005
18665,62,minibatch_k64,text_pca256_lexical_w005
18666,23,minibatch_k64,text_pca256_lexical_w005
18667,23,minibatch_k64,text_pca256_lexical_w005
18668,39,minibatch_k64,text_pca256_lexical_w005
18669,59,minibatch_k64,text_pca256_lexical_w005
18670,62,minibatch_k64,text_pca256_lexical_w005
18671,23,minibatch_k64,text_pca256_lexical_w005
18672,0,minibatch_k64,text_pca256_lexical_w005
18673,8,minibatch_k64,text_pca256_lexical_w005
18674,39,minibatch_k64,text_pca256_lexical_w005
18675,59,minibatch_k64,text_pca256_lexical_w005
18676,0,minibatch_k64,text_pca256_lexical_w005
18677,61,minibatch_k64,text_pca256_lexical_w005
18678,45,minibatch_k64,text_pca256_lexical_w005
18679,33,minibatch_k64,text_pca256_lexical_w005
18680,45,minibatch_k64,text_pca256_lexical_w005
18681,62,minibatch_k64,text_pca256_lexical_w005
18682,62,minibatch_k64,text_pca256_lexical_w005
18683,62,minibatch_k64,text_pca256_lexical_w005
18684,62,minibatch_k64,text_pca256_lexical_w005
18685,0,minibatch_k64,text_pca256_lexical_w005
18686,0,minibatch_k64,text_pca256_lexical_w005
18687,23,minibatch_k64,text_pca256_lexical_w005
18688,59,minibatch_k64,text_pca256_lexical_w005
18689,39,minibatch_k64,text_pca256_lexical_w005
18690,42,minibatch_k64,text_pca256_lexical_w005
18691,62,minibatch_k64,text_pca256_lexical_w005
18692,33,minibatch_k64,text_pca256_lexical_w005
18693,39,minibatch_k64,text_pca256_lexical_w005
18694,21,minibatch_k64,text_pca256_lexical_w005
18695,39,minibatch_k64,text_pca256_lexical_w005
18696,27,minibatch_k64,text_pca256_lexical_w005
18697,0,minibatch_k64,text_pca256_lexical_w005
18698,62,minibatch_k64,text_pca256_lexical_w005
18699,39,minibatch_k64,text_pca256_lexical_w005
18700,62,minibatch_k64,text_pca256_lexical_w005
18701,45,minibatch_k64,text_pca256_lexical_w005
18702,33,minibatch_k64,text_pca256_lexical_w005
18703,8,minibatch_k64,text_pca256_lexical_w005
18704,23,minibatch_k64,text_pca256_lexical_w005
18705,42,minibatch_k64,text_pca256_lexical_w005
18706,15,minibatch_k64,text_pca256_lexical_w005
18707,59,minibatch_k64,text_pca256_lexical_w005
18708,0,minibatch_k64,text_pca256_lexical_w005
18709,59,minibatch_k64,text_pca256_lexical_w005
18710,0,minibatch_k64,text_pca256_lexical_w005
18711,8,minibatch_k64,text_pca256_lexical_w005
18712,0,minibatch_k64,text_pca256_lexical_w005
18713,10,minibatch_k64,text_pca256_lexical_w005
18714,33,minibatch_k64,text_pca256_lexical_w005
18715,0,minibatch_k64,text_pca256_lexical_w005
18716,23,minibatch_k64,text_pca256_lexical_w005
18717,8,minibatch_k64,text_pca256_lexical_w005
18718,23,minibatch_k64,text_pca256_lexical_w005
18719,0,minibatch_k64,text_pca256_lexical_w005
18720,15,minibatch_k64,text_pca256_lexical_w005
18721,23,minibatch_k64,text_pca256_lexical_w005
18722,39,minibatch_k64,text_pca256_lexical_w005
18723,10,minibatch_k64,text_pca256_lexical_w005
18724,23,minibatch_k64,text_pca256_lexical_w005
18725,21,minibatch_k64,text_pca256_lexical_w005
18726,62,minibatch_k64,text_pca256_lexical_w005
18727,59,minibatch_k64,text_pca256_lexical_w005
18728,45,minibatch_k64,text_pca256_lexical_w005
18729,21,minibatch_k64,text_pca256_lexical_w005
18730,8,minibatch_k64,text_pca256_lexical_w005
18731,10,minibatch_k64,text_pca256_lexical_w005
18732,15,minibatch_k64,text_pca256_lexical_w005
18733,45,minibatch_k64,text_pca256_lexical_w005
18734,39,minibatch_k64,text_pca256_lexical_w005
18735,10,minibatch_k64,text_pca256_lexical_w005
18736,23,minibatch_k64,text_pca256_lexical_w005
18737,8,minibatch_k64,text_pca256_lexical_w005
18738,23,minibatch_k64,text_pca256_lexical_w005
18739,23,minibatch_k64,text_pca256_lexical_w005
18740,15,minibatch_k64,text_pca256_lexical_w005
18741,8,minibatch_k64,text_pca256_lexical_w005
18742,59,minibatch_k64,text_pca256_lexical_w005
18743,10,minibatch_k64,text_pca256_lexical_w005
18744,0,minibatch_k64,text_pca256_lexical_w005
18745,2,minibatch_k64,text_pca256_lexical_w005
18746,15,minibatch_k64,text_pca256_lexical_w005
18747,23,minibatch_k64,text_pca256_lexical_w005
18748,23,minibatch_k64,text_pca256_lexical_w005
18749,33,minibatch_k64,text_pca256_lexical_w005
18750,21,minibatch_k64,text_pca256_lexical_w005
18751,45,minibatch_k64,text_pca256_lexical_w005
18752,61,minibatch_k64,text_pca256_lexical_w005
18753,21,minibatch_k64,text_pca256_lexical_w005
18754,62,minibatch_k64,text_pca256_lexical_w005
18755,33,minibatch_k64,text_pca256_lexical_w005
18756,15,minibatch_k64,text_pca256_lexical_w005
18757,21,minibatch_k64,text_pca256_lexical_w005
18758,39,minibatch_k64,text_pca256_lexical_w005
18759,33,minibatch_k64,text_pca256_lexical_w005
18760,23,minibatch_k64,text_pca256_lexical_w005
18761,59,minibatch_k64,text_pca256_lexical_w005
18762,39,minibatch_k64,text_pca256_lexical_w005
18763,42,minibatch_k64,text_pca256_lexical_w005
18764,42,minibatch_k64,text_pca256_lexical_w005
18765,42,minibatch_k64,text_pca256_lexical_w005
18766,59,minibatch_k64,text_pca256_lexical_w005
18767,45,minibatch_k64,text_pca256_lexical_w005
18768,42,minibatch_k64,text_pca256_lexical_w005
18769,42,minibatch_k64,text_pca256_lexical_w005
18770,8,minibatch_k64,text_pca256_lexical_w005
18771,23,minibatch_k64,text_pca256_lexical_w005
18772,45,minibatch_k64,text_pca256_lexical_w005
18773,39,minibatch_k64,text_pca256_lexical_w005
18774,23,minibatch_k64,text_pca256_lexical_w005
18775,0,minibatch_k64,text_pca256_lexical_w005
18776,2,minibatch_k64,text_pca256_lexical_w005
18777,0,minibatch_k64,text_pca256_lexical_w005
18778,23,minibatch_k64,text_pca256_lexical_w005
18779,0,minibatch_k64,text_pca256_lexical_w005
18780,23,minibatch_k64,text_pca256_lexical_w005
18781,23,minibatch_k64,text_pca256_lexical_w005
18782,21,minibatch_k64,text_pca256_lexical_w005
18783,62,minibatch_k64,text_pca256_lexical_w005
18784,53,minibatch_k64,text_pca256_lexical_w005
18785,8,minibatch_k64,text_pca256_lexical_w005
18786,50,minibatch_k64,text_pca256_lexical_w005
18787,39,minibatch_k64,text_pca256_lexical_w005
18788,23,minibatch_k64,text_pca256_lexical_w005
18789,23,minibatch_k64,text_pca256_lexical_w005
18790,21,minibatch_k64,text_pca256_lexical_w005
18791,14,minibatch_k64,text_pca256_lexical_w005
18792,39,minibatch_k64,text_pca256_lexical_w005
18793,23,minibatch_k64,text_pca256_lexical_w005
18794,33,minibatch_k64,text_pca256_lexical_w005
18795,14,minibatch_k64,text_pca256_lexical_w005
18796,14,minibatch_k64,text_pca256_lexical_w005
18797,38,minibatch_k64,text_pca256_lexical_w005
18798,8,minibatch_k64,text_pca256_lexical_w005
18799,62,minibatch_k64,text_pca256_lexical_w005
18800,23,minibatch_k64,text_pca256_lexical_w005
18801,8,minibatch_k64,text_pca256_lexical_w005
18802,8,minibatch_k64,text_pca256_lexical_w005
18803,8,minibatch_k64,text_pca256_lexical_w005
18804,33,minibatch_k64,text_pca256_lexical_w005
18805,39,minibatch_k64,text_pca256_lexical_w005
18806,14,minibatch_k64,text_pca256_lexical_w005
18807,23,minibatch_k64,text_pca256_lexical_w005
18808,10,minibatch_k64,text_pca256_lexical_w005
18809,50,minibatch_k64,text_pca256_lexical_w005
18810,10,minibatch_k64,text_pca256_lexical_w005
18811,45,minibatch_k64,text_pca256_lexical_w005
18812,62,minibatch_k64,text_pca256_lexical_w005
18813,45,minibatch_k64,text_pca256_lexical_w005
18814,45,minibatch_k64,text_pca256_lexical_w005
18815,55,minibatch_k64,text_pca256_lexical_w005
18816,23,minibatch_k64,text_pca256_lexical_w005
18817,60,minibatch_k64,text_pca256_lexical_w005
18818,15,minibatch_k64,text_pca256_lexical_w005
18819,45,minibatch_k64,text_pca256_lexical_w005
18820,15,minibatch_k64,text_pca256_lexical_w005
18821,8,minibatch_k64,text_pca256_lexical_w005
18822,23,minibatch_k64,text_pca256_lexical_w005
18823,33,minibatch_k64,text_pca256_lexical_w005
18824,23,minibatch_k64,text_pca256_lexical_w005
18825,14,minibatch_k64,text_pca256_lexical_w005
18826,45,minibatch_k64,text_pca256_lexical_w005
18827,59,minibatch_k64,text_pca256_lexical_w005
18828,45,minibatch_k64,text_pca256_lexical_w005
18829,45,minibatch_k64,text_pca256_lexical_w005
18830,45,minibatch_k64,text_pca256_lexical_w005
18831,0,minibatch_k64,text_pca256_lexical_w005
18832,39,minibatch_k64,text_pca256_lexical_w005
18833,39,minibatch_k64,text_pca256_lexical_w005
18834,62,minibatch_k64,text_pca256_lexical_w005
18835,15,minibatch_k64,text_pca256_lexical_w005
18836,45,minibatch_k64,text_pca256_lexical_w005
18837,23,minibatch_k64,text_pca256_lexical_w005
18838,2,minibatch_k64,text_pca256_lexical_w005
18839,45,minibatch_k64,text_pca256_lexical_w005
18840,0,minibatch_k64,text_pca256_lexical_w005
18841,45,minibatch_k64,text_pca256_lexical_w005
18842,33,minibatch_k64,text_pca256_lexical_w005
18843,23,minibatch_k64,text_pca256_lexical_w005
18844,33,minibatch_k64,text_pca256_lexical_w005
18845,50,minibatch_k64,text_pca256_lexical_w005
18846,4,minibatch_k64,text_pca256_lexical_w005
18847,45,minibatch_k64,text_pca256_lexical_w005
18848,45,minibatch_k64,text_pca256_lexical_w005
18849,48,minibatch_k64,text_pca256_lexical_w005
18850,50,minibatch_k64,text_pca256_lexical_w005
18851,23,minibatch_k64,text_pca256_lexical_w005
18852,45,minibatch_k64,text_pca256_lexical_w005
18853,42,minibatch_k64,text_pca256_lexical_w005
18854,45,minibatch_k64,text_pca256_lexical_w005
18855,62,minibatch_k64,text_pca256_lexical_w005
18856,10,minibatch_k64,text_pca256_lexical_w005
18857,23,minibatch_k64,text_pca256_lexical_w005
18858,23,minibatch_k64,text_pca256_lexical_w005
18859,4,minibatch_k64,text_pca256_lexical_w005
18860,45,minibatch_k64,text_pca256_lexical_w005
18861,45,minibatch_k64,text_pca256_lexical_w005
18862,45,minibatch_k64,text_pca256_lexical_w005
18863,23,minibatch_k64,text_pca256_lexical_w005
18864,33,minibatch_k64,text_pca256_lexical_w005
18865,45,minibatch_k64,text_pca256_lexical_w005
18866,45,minibatch_k64,text_pca256_lexical_w005
18867,15,minibatch_k64,text_pca256_lexical_w005
18868,45,minibatch_k64,text_pca256_lexical_w005
18869,50,minibatch_k64,text_pca256_lexical_w005
18870,15,minibatch_k64,text_pca256_lexical_w005
18871,23,minibatch_k64,text_pca256_lexical_w005
18872,23,minibatch_k64,text_pca256_lexical_w005
18873,0,minibatch_k64,text_pca256_lexical_w005
18874,23,minibatch_k64,text_pca256_lexical_w005
18875,21,minibatch_k64,text_pca256_lexical_w005
18876,21,minibatch_k64,text_pca256_lexical_w005
18877,45,minibatch_k64,text_pca256_lexical_w005
18878,0,minibatch_k64,text_pca256_lexical_w005
18879,45,minibatch_k64,text_pca256_lexical_w005
18880,56,minibatch_k64,text_pca256_lexical_w005
18881,8,minibatch_k64,text_pca256_lexical_w005
18882,23,minibatch_k64,text_pca256_lexical_w005
18883,23,minibatch_k64,text_pca256_lexical_w005
18884,45,minibatch_k64,text_pca256_lexical_w005
18885,45,minibatch_k64,text_pca256_lexical_w005
18886,62,minibatch_k64,text_pca256_lexical_w005
18887,23,minibatch_k64,text_pca256_lexical_w005
18888,45,minibatch_k64,text_pca256_lexical_w005
18889,45,minibatch_k64,text_pca256_lexical_w005
18890,45,minibatch_k64,text_pca256_lexical_w005
18891,23,minibatch_k64,text_pca256_lexical_w005
18892,10,minibatch_k64,text_pca256_lexical_w005
18893,10,minibatch_k64,text_pca256_lexical_w005
18894,23,minibatch_k64,text_pca256_lexical_w005
18895,15,minibatch_k64,text_pca256_lexical_w005
18896,8,minibatch_k64,text_pca256_lexical_w005
18897,21,minibatch_k64,text_pca256_lexical_w005
18898,45,minibatch_k64,text_pca256_lexical_w005
18899,0,minibatch_k64,text_pca256_lexical_w005
18900,23,minibatch_k64,text_pca256_lexical_w005
18901,23,minibatch_k64,text_pca256_lexical_w005
18902,45,minibatch_k64,text_pca256_lexical_w005
18903,0,minibatch_k64,text_pca256_lexical_w005
18904,45,minibatch_k64,text_pca256_lexical_w005
18905,45,minibatch_k64,text_pca256_lexical_w005
18906,45,minibatch_k64,text_pca256_lexical_w005
18907,45,minibatch_k64,text_pca256_lexical_w005
18908,61,minibatch_k64,text_pca256_lexical_w005
18909,50,minibatch_k64,text_pca256_lexical_w005
18910,23,minibatch_k64,text_pca256_lexical_w005
18911,45,minibatch_k64,text_pca256_lexical_w005
18912,45,minibatch_k64,text_pca256_lexical_w005
18913,0,minibatch_k64,text_pca256_lexical_w005
18914,15,minibatch_k64,text_pca256_lexical_w005
18915,21,minibatch_k64,text_pca256_lexical_w005
18916,2,minibatch_k64,text_pca256_lexical_w005
18917,10,minibatch_k64,text_pca256_lexical_w005
18918,59,minibatch_k64,text_pca256_lexical_w005
18919,23,minibatch_k64,text_pca256_lexical_w005
18920,15,minibatch_k64,text_pca256_lexical_w005
18921,62,minibatch_k64,text_pca256_lexical_w005
18922,50,minibatch_k64,text_pca256_lexical_w005
18923,39,minibatch_k64,text_pca256_lexical_w005
18924,0,minibatch_k64,text_pca256_lexical_w005
18925,45,minibatch_k64,text_pca256_lexical_w005
18926,23,minibatch_k64,text_pca256_lexical_w005
18927,0,minibatch_k64,text_pca256_lexical_w005
18928,45,minibatch_k64,text_pca256_lexical_w005
18929,62,minibatch_k64,text_pca256_lexical_w005
18930,8,minibatch_k64,text_pca256_lexical_w005
18931,39,minibatch_k64,text_pca256_lexical_w005
18932,39,minibatch_k64,text_pca256_lexical_w005
18933,10,minibatch_k64,text_pca256_lexical_w005
18934,10,minibatch_k64,text_pca256_lexical_w005
18935,59,minibatch_k64,text_pca256_lexical_w005
18936,23,minibatch_k64,text_pca256_lexical_w005
18937,0,minibatch_k64,text_pca256_lexical_w005
18938,8,minibatch_k64,text_pca256_lexical_w005
18939,8,minibatch_k64,text_pca256_lexical_w005
18940,21,minibatch_k64,text_pca256_lexical_w005
18941,8,minibatch_k64,text_pca256_lexical_w005
18942,23,minibatch_k64,text_pca256_lexical_w005
18943,0,minibatch_k64,text_pca256_lexical_w005
18944,0,minibatch_k64,text_pca256_lexical_w005
18945,59,minibatch_k64,text_pca256_lexical_w005
18946,50,minibatch_k64,text_pca256_lexical_w005
18947,62,minibatch_k64,text_pca256_lexical_w005
18948,23,minibatch_k64,text_pca256_lexical_w005
18949,61,minibatch_k64,text_pca256_lexical_w005
18950,23,minibatch_k64,text_pca256_lexical_w005
18951,23,minibatch_k64,text_pca256_lexical_w005
18952,23,minibatch_k64,text_pca256_lexical_w005
18953,23,minibatch_k64,text_pca256_lexical_w005
18954,23,minibatch_k64,text_pca256_lexical_w005
18955,62,minibatch_k64,text_pca256_lexical_w005
18956,2,minibatch_k64,text_pca256_lexical_w005
18957,0,minibatch_k64,text_pca256_lexical_w005
18958,23,minibatch_k64,text_pca256_lexical_w005
18959,23,minibatch_k64,text_pca256_lexical_w005
18960,0,minibatch_k64,text_pca256_lexical_w005
18961,15,minibatch_k64,text_pca256_lexical_w005
18962,61,minibatch_k64,text_pca256_lexical_w005
18963,0,minibatch_k64,text_pca256_lexical_w005
18964,23,minibatch_k64,text_pca256_lexical_w005
18965,59,minibatch_k64,text_pca256_lexical_w005
18966,23,minibatch_k64,text_pca256_lexical_w005
18967,15,minibatch_k64,text_pca256_lexical_w005
18968,23,minibatch_k64,text_pca256_lexical_w005
18969,59,minibatch_k64,text_pca256_lexical_w005
18970,23,minibatch_k64,text_pca256_lexical_w005
18971,21,minibatch_k64,text_pca256_lexical_w005
18972,10,minibatch_k64,text_pca256_lexical_w005
18973,39,minibatch_k64,text_pca256_lexical_w005
18974,23,minibatch_k64,text_pca256_lexical_w005
18975,23,minibatch_k64,text_pca256_lexical_w005
18976,23,minibatch_k64,text_pca256_lexical_w005
18977,15,minibatch_k64,text_pca256_lexical_w005
18978,0,minibatch_k64,text_pca256_lexical_w005
18979,39,minibatch_k64,text_pca256_lexical_w005
18980,23,minibatch_k64,text_pca256_lexical_w005
18981,21,minibatch_k64,text_pca256_lexical_w005
18982,23,minibatch_k64,text_pca256_lexical_w005
18983,50,minibatch_k64,text_pca256_lexical_w005
18984,62,minibatch_k64,text_pca256_lexical_w005
18985,39,minibatch_k64,text_pca256_lexical_w005
18986,62,minibatch_k64,text_pca256_lexical_w005
18987,45,minibatch_k64,text_pca256_lexical_w005
18988,61,minibatch_k64,text_pca256_lexical_w005
18989,8,minibatch_k64,text_pca256_lexical_w005
18990,62,minibatch_k64,text_pca256_lexical_w005
18991,59,minibatch_k64,text_pca256_lexical_w005
18992,23,minibatch_k64,text_pca256_lexical_w005
18993,61,minibatch_k64,text_pca256_lexical_w005
18994,23,minibatch_k64,text_pca256_lexical_w005
18995,8,minibatch_k64,text_pca256_lexical_w005
18996,45,minibatch_k64,text_pca256_lexical_w005
18997,62,minibatch_k64,text_pca256_lexical_w005
18998,53,minibatch_k64,text_pca256_lexical_w005
18999,48,minibatch_k64,text_pca256_lexical_w005
19000,59,minibatch_k64,text_pca256_lexical_w005
19001,10,minibatch_k64,text_pca256_lexical_w005
19002,10,minibatch_k64,text_pca256_lexical_w005
19003,8,minibatch_k64,text_pca256_lexical_w005
19004,8,minibatch_k64,text_pca256_lexical_w005
19005,2,minibatch_k64,text_pca256_lexical_w005
19006,15,minibatch_k64,text_pca256_lexical_w005
19007,62,minibatch_k64,text_pca256_lexical_w005
19008,62,minibatch_k64,text_pca256_lexical_w005
19009,0,minibatch_k64,text_pca256_lexical_w005
19010,59,minibatch_k64,text_pca256_lexical_w005
19011,59,minibatch_k64,text_pca256_lexical_w005
19012,59,minibatch_k64,text_pca256_lexical_w005
19013,8,minibatch_k64,text_pca256_lexical_w005
19014,62,minibatch_k64,text_pca256_lexical_w005
19015,62,minibatch_k64,text_pca256_lexical_w005
19016,23,minibatch_k64,text_pca256_lexical_w005
19017,8,minibatch_k64,text_pca256_lexical_w005
19018,0,minibatch_k64,text_pca256_lexical_w005
19019,0,minibatch_k64,text_pca256_lexical_w005
19020,8,minibatch_k64,text_pca256_lexical_w005
19021,53,minibatch_k64,text_pca256_lexical_w005
19022,62,minibatch_k64,text_pca256_lexical_w005
19023,15,minibatch_k64,text_pca256_lexical_w005
19024,0,minibatch_k64,text_pca256_lexical_w005
19025,62,minibatch_k64,text_pca256_lexical_w005
19026,23,minibatch_k64,text_pca256_lexical_w005
19027,43,minibatch_k64,text_pca256_lexical_w005
19028,8,minibatch_k64,text_pca256_lexical_w005
19029,8,minibatch_k64,text_pca256_lexical_w005
19030,39,minibatch_k64,text_pca256_lexical_w005
19031,39,minibatch_k64,text_pca256_lexical_w005
19032,45,minibatch_k64,text_pca256_lexical_w005
19033,62,minibatch_k64,text_pca256_lexical_w005
19034,48,minibatch_k64,text_pca256_lexical_w005
19035,23,minibatch_k64,text_pca256_lexical_w005
19036,10,minibatch_k64,text_pca256_lexical_w005
19037,45,minibatch_k64,text_pca256_lexical_w005
19038,45,minibatch_k64,text_pca256_lexical_w005
19039,23,minibatch_k64,text_pca256_lexical_w005
19040,23,minibatch_k64,text_pca256_lexical_w005
19041,45,minibatch_k64,text_pca256_lexical_w005
19042,10,minibatch_k64,text_pca256_lexical_w005
19043,23,minibatch_k64,text_pca256_lexical_w005
19044,0,minibatch_k64,text_pca256_lexical_w005
19045,15,minibatch_k64,text_pca256_lexical_w005
19046,39,minibatch_k64,text_pca256_lexical_w005
19047,39,minibatch_k64,text_pca256_lexical_w005
19048,10,minibatch_k64,text_pca256_lexical_w005
19049,0,minibatch_k64,text_pca256_lexical_w005
19050,45,minibatch_k64,text_pca256_lexical_w005
19051,45,minibatch_k64,text_pca256_lexical_w005
19052,23,minibatch_k64,text_pca256_lexical_w005
19053,23,minibatch_k64,text_pca256_lexical_w005
19054,23,minibatch_k64,text_pca256_lexical_w005
19055,0,minibatch_k64,text_pca256_lexical_w005
19056,10,minibatch_k64,text_pca256_lexical_w005
19057,23,minibatch_k64,text_pca256_lexical_w005
19058,45,minibatch_k64,text_pca256_lexical_w005
19059,45,minibatch_k64,text_pca256_lexical_w005
19060,59,minibatch_k64,text_pca256_lexical_w005
19061,45,minibatch_k64,text_pca256_lexical_w005
19062,50,minibatch_k64,text_pca256_lexical_w005
19063,45,minibatch_k64,text_pca256_lexical_w005
19064,59,minibatch_k64,text_pca256_lexical_w005
19065,45,minibatch_k64,text_pca256_lexical_w005
19066,23,minibatch_k64,text_pca256_lexical_w005
19067,0,minibatch_k64,text_pca256_lexical_w005
19068,23,minibatch_k64,text_pca256_lexical_w005
19069,59,minibatch_k64,text_pca256_lexical_w005
19070,45,minibatch_k64,text_pca256_lexical_w005
19071,8,minibatch_k64,text_pca256_lexical_w005
19072,45,minibatch_k64,text_pca256_lexical_w005
19073,62,minibatch_k64,text_pca256_lexical_w005
19074,8,minibatch_k64,text_pca256_lexical_w005
19075,42,minibatch_k64,text_pca256_lexical_w005
19076,18,minibatch_k64,text_pca256_lexical_w005
19077,62,minibatch_k64,text_pca256_lexical_w005
19078,33,minibatch_k64,text_pca256_lexical_w005
19079,8,minibatch_k64,text_pca256_lexical_w005
19080,59,minibatch_k64,text_pca256_lexical_w005
19081,18,minibatch_k64,text_pca256_lexical_w005
19082,8,minibatch_k64,text_pca256_lexical_w005
19083,23,minibatch_k64,text_pca256_lexical_w005
19084,8,minibatch_k64,text_pca256_lexical_w005
19085,59,minibatch_k64,text_pca256_lexical_w005
19086,0,minibatch_k64,text_pca256_lexical_w005
19087,10,minibatch_k64,text_pca256_lexical_w005
19088,62,minibatch_k64,text_pca256_lexical_w005
19089,8,minibatch_k64,text_pca256_lexical_w005
19090,39,minibatch_k64,text_pca256_lexical_w005
19091,18,minibatch_k64,text_pca256_lexical_w005
19092,27,minibatch_k64,text_pca256_lexical_w005
19093,45,minibatch_k64,text_pca256_lexical_w005
19094,10,minibatch_k64,text_pca256_lexical_w005
19095,10,minibatch_k64,text_pca256_lexical_w005
19096,0,minibatch_k64,text_pca256_lexical_w005
19097,45,minibatch_k64,text_pca256_lexical_w005
19098,59,minibatch_k64,text_pca256_lexical_w005
19099,18,minibatch_k64,text_pca256_lexical_w005
19100,15,minibatch_k64,text_pca256_lexical_w005
19101,23,minibatch_k64,text_pca256_lexical_w005
19102,45,minibatch_k64,text_pca256_lexical_w005
19103,8,minibatch_k64,text_pca256_lexical_w005
19104,0,minibatch_k64,text_pca256_lexical_w005
19105,0,minibatch_k64,text_pca256_lexical_w005
19106,23,minibatch_k64,text_pca256_lexical_w005
19107,23,minibatch_k64,text_pca256_lexical_w005
19108,43,minibatch_k64,text_pca256_lexical_w005
19109,39,minibatch_k64,text_pca256_lexical_w005
19110,59,minibatch_k64,text_pca256_lexical_w005
19111,0,minibatch_k64,text_pca256_lexical_w005
19112,23,minibatch_k64,text_pca256_lexical_w005
19113,50,minibatch_k64,text_pca256_lexical_w005
19114,23,minibatch_k64,text_pca256_lexical_w005
19115,23,minibatch_k64,text_pca256_lexical_w005
19116,27,minibatch_k64,text_pca256_lexical_w005
19117,0,minibatch_k64,text_pca256_lexical_w005
19118,15,minibatch_k64,text_pca256_lexical_w005
19119,61,minibatch_k64,text_pca256_lexical_w005
19120,0,minibatch_k64,text_pca256_lexical_w005
19121,59,minibatch_k64,text_pca256_lexical_w005
19122,39,minibatch_k64,text_pca256_lexical_w005
19123,8,minibatch_k64,text_pca256_lexical_w005
19124,23,minibatch_k64,text_pca256_lexical_w005
19125,8,minibatch_k64,text_pca256_lexical_w005
19126,23,minibatch_k64,text_pca256_lexical_w005
19127,15,minibatch_k64,text_pca256_lexical_w005
19128,23,minibatch_k64,text_pca256_lexical_w005
19129,61,minibatch_k64,text_pca256_lexical_w005
19130,23,minibatch_k64,text_pca256_lexical_w005
19131,62,minibatch_k64,text_pca256_lexical_w005
19132,39,minibatch_k64,text_pca256_lexical_w005
19133,23,minibatch_k64,text_pca256_lexical_w005
19134,33,minibatch_k64,text_pca256_lexical_w005
19135,23,minibatch_k64,text_pca256_lexical_w005
19136,33,minibatch_k64,text_pca256_lexical_w005
19137,59,minibatch_k64,text_pca256_lexical_w005
19138,23,minibatch_k64,text_pca256_lexical_w005
19139,8,minibatch_k64,text_pca256_lexical_w005
19140,10,minibatch_k64,text_pca256_lexical_w005
19141,33,minibatch_k64,text_pca256_lexical_w005
19142,8,minibatch_k64,text_pca256_lexical_w005
19143,0,minibatch_k64,text_pca256_lexical_w005
19144,15,minibatch_k64,text_pca256_lexical_w005
19145,0,minibatch_k64,text_pca256_lexical_w005
19146,10,minibatch_k64,text_pca256_lexical_w005
19147,0,minibatch_k64,text_pca256_lexical_w005
19148,0,minibatch_k64,text_pca256_lexical_w005
19149,23,minibatch_k64,text_pca256_lexical_w005
19150,23,minibatch_k64,text_pca256_lexical_w005
19151,8,minibatch_k64,text_pca256_lexical_w005
19152,39,minibatch_k64,text_pca256_lexical_w005
19153,23,minibatch_k64,text_pca256_lexical_w005
19154,61,minibatch_k64,text_pca256_lexical_w005
19155,23,minibatch_k64,text_pca256_lexical_w005
19156,0,minibatch_k64,text_pca256_lexical_w005
19157,23,minibatch_k64,text_pca256_lexical_w005
19158,15,minibatch_k64,text_pca256_lexical_w005
19159,45,minibatch_k64,text_pca256_lexical_w005
19160,10,minibatch_k64,text_pca256_lexical_w005
19161,10,minibatch_k64,text_pca256_lexical_w005
19162,45,minibatch_k64,text_pca256_lexical_w005
19163,45,minibatch_k64,text_pca256_lexical_w005
19164,45,minibatch_k64,text_pca256_lexical_w005
19165,23,minibatch_k64,text_pca256_lexical_w005
19166,45,minibatch_k64,text_pca256_lexical_w005
19167,23,minibatch_k64,text_pca256_lexical_w005
19168,45,minibatch_k64,text_pca256_lexical_w005
19169,0,minibatch_k64,text_pca256_lexical_w005
19170,0,minibatch_k64,text_pca256_lexical_w005
19171,39,minibatch_k64,text_pca256_lexical_w005
19172,23,minibatch_k64,text_pca256_lexical_w005
19173,59,minibatch_k64,text_pca256_lexical_w005
19174,10,minibatch_k64,text_pca256_lexical_w005
19175,10,minibatch_k64,text_pca256_lexical_w005
19176,23,minibatch_k64,text_pca256_lexical_w005
19177,33,minibatch_k64,text_pca256_lexical_w005
19178,10,minibatch_k64,text_pca256_lexical_w005
19179,8,minibatch_k64,text_pca256_lexical_w005
19180,59,minibatch_k64,text_pca256_lexical_w005
19181,39,minibatch_k64,text_pca256_lexical_w005
19182,39,minibatch_k64,text_pca256_lexical_w005
19183,59,minibatch_k64,text_pca256_lexical_w005
19184,15,minibatch_k64,text_pca256_lexical_w005
19185,23,minibatch_k64,text_pca256_lexical_w005
19186,10,minibatch_k64,text_pca256_lexical_w005
19187,15,minibatch_k64,text_pca256_lexical_w005
19188,10,minibatch_k64,text_pca256_lexical_w005
19189,59,minibatch_k64,text_pca256_lexical_w005
19190,4,minibatch_k64,text_pca256_lexical_w005
19191,10,minibatch_k64,text_pca256_lexical_w005
19192,8,minibatch_k64,text_pca256_lexical_w005
19193,10,minibatch_k64,text_pca256_lexical_w005
19194,0,minibatch_k64,text_pca256_lexical_w005
19195,59,minibatch_k64,text_pca256_lexical_w005
19196,23,minibatch_k64,text_pca256_lexical_w005
19197,2,minibatch_k64,text_pca256_lexical_w005
19198,0,minibatch_k64,text_pca256_lexical_w005
19199,0,minibatch_k64,text_pca256_lexical_w005
19200,62,minibatch_k64,text_pca256_lexical_w005
19201,61,minibatch_k64,text_pca256_lexical_w005
19202,59,minibatch_k64,text_pca256_lexical_w005
19203,23,minibatch_k64,text_pca256_lexical_w005
19204,0,minibatch_k64,text_pca256_lexical_w005
19205,10,minibatch_k64,text_pca256_lexical_w005
19206,23,minibatch_k64,text_pca256_lexical_w005
19207,8,minibatch_k64,text_pca256_lexical_w005
19208,59,minibatch_k64,text_pca256_lexical_w005
19209,39,minibatch_k64,text_pca256_lexical_w005
19210,45,minibatch_k64,text_pca256_lexical_w005
19211,62,minibatch_k64,text_pca256_lexical_w005
19212,15,minibatch_k64,text_pca256_lexical_w005
19213,62,minibatch_k64,text_pca256_lexical_w005
19214,15,minibatch_k64,text_pca256_lexical_w005
19215,62,minibatch_k64,text_pca256_lexical_w005
19216,23,minibatch_k64,text_pca256_lexical_w005
19217,10,minibatch_k64,text_pca256_lexical_w005
19218,8,minibatch_k64,text_pca256_lexical_w005
19219,0,minibatch_k64,text_pca256_lexical_w005
19220,42,minibatch_k64,text_pca256_lexical_w005
19221,0,minibatch_k64,text_pca256_lexical_w005
19222,39,minibatch_k64,text_pca256_lexical_w005
19223,39,minibatch_k64,text_pca256_lexical_w005
19224,23,minibatch_k64,text_pca256_lexical_w005
19225,23,minibatch_k64,text_pca256_lexical_w005
19226,33,minibatch_k64,text_pca256_lexical_w005
19227,45,minibatch_k64,text_pca256_lexical_w005
19228,15,minibatch_k64,text_pca256_lexical_w005
19229,23,minibatch_k64,text_pca256_lexical_w005
19230,45,minibatch_k64,text_pca256_lexical_w005
19231,10,minibatch_k64,text_pca256_lexical_w005
19232,45,minibatch_k64,text_pca256_lexical_w005
19233,45,minibatch_k64,text_pca256_lexical_w005
19234,48,minibatch_k64,text_pca256_lexical_w005
19235,45,minibatch_k64,text_pca256_lexical_w005
19236,45,minibatch_k64,text_pca256_lexical_w005
19237,45,minibatch_k64,text_pca256_lexical_w005
19238,62,minibatch_k64,text_pca256_lexical_w005
19239,45,minibatch_k64,text_pca256_lexical_w005
19240,27,minibatch_k64,text_pca256_lexical_w005
19241,56,minibatch_k64,text_pca256_lexical_w005
19242,8,minibatch_k64,text_pca256_lexical_w005
19243,10,minibatch_k64,text_pca256_lexical_w005
19244,45,minibatch_k64,text_pca256_lexical_w005
19245,45,minibatch_k64,text_pca256_lexical_w005
19246,45,minibatch_k64,text_pca256_lexical_w005
19247,0,minibatch_k64,text_pca256_lexical_w005
19248,0,minibatch_k64,text_pca256_lexical_w005
19249,45,minibatch_k64,text_pca256_lexical_w005
19250,0,minibatch_k64,text_pca256_lexical_w005
19251,23,minibatch_k64,text_pca256_lexical_w005
19252,0,minibatch_k64,text_pca256_lexical_w005
19253,62,minibatch_k64,text_pca256_lexical_w005
19254,23,minibatch_k64,text_pca256_lexical_w005
19255,18,minibatch_k64,text_pca256_lexical_w005
19256,23,minibatch_k64,text_pca256_lexical_w005
19257,23,minibatch_k64,text_pca256_lexical_w005
19258,45,minibatch_k64,text_pca256_lexical_w005
19259,45,minibatch_k64,text_pca256_lexical_w005
19260,62,minibatch_k64,text_pca256_lexical_w005
19261,45,minibatch_k64,text_pca256_lexical_w005
19262,59,minibatch_k64,text_pca256_lexical_w005
19263,10,minibatch_k64,text_pca256_lexical_w005
19264,0,minibatch_k64,text_pca256_lexical_w005
19265,45,minibatch_k64,text_pca256_lexical_w005
19266,62,minibatch_k64,text_pca256_lexical_w005
19267,59,minibatch_k64,text_pca256_lexical_w005
19268,27,minibatch_k64,text_pca256_lexical_w005
19269,8,minibatch_k64,text_pca256_lexical_w005
19270,50,minibatch_k64,text_pca256_lexical_w005
19271,15,minibatch_k64,text_pca256_lexical_w005
19272,23,minibatch_k64,text_pca256_lexical_w005
19273,59,minibatch_k64,text_pca256_lexical_w005
19274,0,minibatch_k64,text_pca256_lexical_w005
19275,15,minibatch_k64,text_pca256_lexical_w005
19276,59,minibatch_k64,text_pca256_lexical_w005
19277,59,minibatch_k64,text_pca256_lexical_w005
19278,8,minibatch_k64,text_pca256_lexical_w005
19279,50,minibatch_k64,text_pca256_lexical_w005
19280,8,minibatch_k64,text_pca256_lexical_w005
19281,33,minibatch_k64,text_pca256_lexical_w005
19282,23,minibatch_k64,text_pca256_lexical_w005
19283,8,minibatch_k64,text_pca256_lexical_w005
19284,45,minibatch_k64,text_pca256_lexical_w005
19285,8,minibatch_k64,text_pca256_lexical_w005
19286,10,minibatch_k64,text_pca256_lexical_w005
19287,62,minibatch_k64,text_pca256_lexical_w005
19288,59,minibatch_k64,text_pca256_lexical_w005
19289,23,minibatch_k64,text_pca256_lexical_w005
19290,18,minibatch_k64,text_pca256_lexical_w005
19291,0,minibatch_k64,text_pca256_lexical_w005
19292,8,minibatch_k64,text_pca256_lexical_w005
19293,23,minibatch_k64,text_pca256_lexical_w005
19294,18,minibatch_k64,text_pca256_lexical_w005
19295,59,minibatch_k64,text_pca256_lexical_w005
19296,23,minibatch_k64,text_pca256_lexical_w005
19297,8,minibatch_k64,text_pca256_lexical_w005
19298,59,minibatch_k64,text_pca256_lexical_w005
19299,8,minibatch_k64,text_pca256_lexical_w005
19300,0,minibatch_k64,text_pca256_lexical_w005
19301,8,minibatch_k64,text_pca256_lexical_w005
19302,33,minibatch_k64,text_pca256_lexical_w005
19303,10,minibatch_k64,text_pca256_lexical_w005
19304,33,minibatch_k64,text_pca256_lexical_w005
19305,59,minibatch_k64,text_pca256_lexical_w005
19306,23,minibatch_k64,text_pca256_lexical_w005
19307,62,minibatch_k64,text_pca256_lexical_w005
19308,23,minibatch_k64,text_pca256_lexical_w005
19309,23,minibatch_k64,text_pca256_lexical_w005
19310,23,minibatch_k64,text_pca256_lexical_w005
19311,0,minibatch_k64,text_pca256_lexical_w005
19312,45,minibatch_k64,text_pca256_lexical_w005
19313,23,minibatch_k64,text_pca256_lexical_w005
19314,0,minibatch_k64,text_pca256_lexical_w005
19315,62,minibatch_k64,text_pca256_lexical_w005
19316,8,minibatch_k64,text_pca256_lexical_w005
19317,62,minibatch_k64,text_pca256_lexical_w005
19318,59,minibatch_k64,text_pca256_lexical_w005
19319,8,minibatch_k64,text_pca256_lexical_w005
19320,45,minibatch_k64,text_pca256_lexical_w005
19321,15,minibatch_k64,text_pca256_lexical_w005
19322,62,minibatch_k64,text_pca256_lexical_w005
19323,2,minibatch_k64,text_pca256_lexical_w005
19324,56,minibatch_k64,text_pca256_lexical_w005
19325,15,minibatch_k64,text_pca256_lexical_w005
19326,23,minibatch_k64,text_pca256_lexical_w005
19327,23,minibatch_k64,text_pca256_lexical_w005
19328,59,minibatch_k64,text_pca256_lexical_w005
19329,59,minibatch_k64,text_pca256_lexical_w005
19330,23,minibatch_k64,text_pca256_lexical_w005
19331,45,minibatch_k64,text_pca256_lexical_w005
19332,59,minibatch_k64,text_pca256_lexical_w005
19333,45,minibatch_k64,text_pca256_lexical_w005
19334,59,minibatch_k64,text_pca256_lexical_w005
19335,23,minibatch_k64,text_pca256_lexical_w005
19336,59,minibatch_k64,text_pca256_lexical_w005
19337,45,minibatch_k64,text_pca256_lexical_w005
19338,18,minibatch_k64,text_pca256_lexical_w005
19339,59,minibatch_k64,text_pca256_lexical_w005
19340,21,minibatch_k64,text_pca256_lexical_w005
19341,18,minibatch_k64,text_pca256_lexical_w005
19342,0,minibatch_k64,text_pca256_lexical_w005
19343,59,minibatch_k64,text_pca256_lexical_w005
19344,33,minibatch_k64,text_pca256_lexical_w005
19345,33,minibatch_k64,text_pca256_lexical_w005
19346,45,minibatch_k64,text_pca256_lexical_w005
19347,45,minibatch_k64,text_pca256_lexical_w005
19348,8,minibatch_k64,text_pca256_lexical_w005
19349,10,minibatch_k64,text_pca256_lexical_w005
19350,15,minibatch_k64,text_pca256_lexical_w005
19351,62,minibatch_k64,text_pca256_lexical_w005
19352,53,minibatch_k64,text_pca256_lexical_w005
19353,39,minibatch_k64,text_pca256_lexical_w005
19354,45,minibatch_k64,text_pca256_lexical_w005
19355,62,minibatch_k64,text_pca256_lexical_w005
19356,48,minibatch_k64,text_pca256_lexical_w005
19357,33,minibatch_k64,text_pca256_lexical_w005
19358,33,minibatch_k64,text_pca256_lexical_w005
19359,0,minibatch_k64,text_pca256_lexical_w005
19360,0,minibatch_k64,text_pca256_lexical_w005
19361,23,minibatch_k64,text_pca256_lexical_w005
19362,0,minibatch_k64,text_pca256_lexical_w005
19363,2,minibatch_k64,text_pca256_lexical_w005
19364,45,minibatch_k64,text_pca256_lexical_w005
19365,8,minibatch_k64,text_pca256_lexical_w005
19366,10,minibatch_k64,text_pca256_lexical_w005
19367,10,minibatch_k64,text_pca256_lexical_w005
19368,0,minibatch_k64,text_pca256_lexical_w005
19369,62,minibatch_k64,text_pca256_lexical_w005
19370,0,minibatch_k64,text_pca256_lexical_w005
19371,0,minibatch_k64,text_pca256_lexical_w005
19372,62,minibatch_k64,text_pca256_lexical_w005
19373,10,minibatch_k64,text_pca256_lexical_w005
19374,0,minibatch_k64,text_pca256_lexical_w005
19375,10,minibatch_k64,text_pca256_lexical_w005
19376,23,minibatch_k64,text_pca256_lexical_w005
19377,15,minibatch_k64,text_pca256_lexical_w005
19378,45,minibatch_k64,text_pca256_lexical_w005
19379,8,minibatch_k64,text_pca256_lexical_w005
19380,21,minibatch_k64,text_pca256_lexical_w005
19381,45,minibatch_k64,text_pca256_lexical_w005
19382,59,minibatch_k64,text_pca256_lexical_w005
19383,42,minibatch_k64,text_pca256_lexical_w005
19384,62,minibatch_k64,text_pca256_lexical_w005
19385,59,minibatch_k64,text_pca256_lexical_w005
19386,33,minibatch_k64,text_pca256_lexical_w005
19387,59,minibatch_k64,text_pca256_lexical_w005
19388,23,minibatch_k64,text_pca256_lexical_w005
19389,23,minibatch_k64,text_pca256_lexical_w005
19390,23,minibatch_k64,text_pca256_lexical_w005
19391,45,minibatch_k64,text_pca256_lexical_w005
19392,10,minibatch_k64,text_pca256_lexical_w005
19393,23,minibatch_k64,text_pca256_lexical_w005
19394,23,minibatch_k64,text_pca256_lexical_w005
19395,15,minibatch_k64,text_pca256_lexical_w005
19396,59,minibatch_k64,text_pca256_lexical_w005
19397,45,minibatch_k64,text_pca256_lexical_w005
19398,18,minibatch_k64,text_pca256_lexical_w005
19399,23,minibatch_k64,text_pca256_lexical_w005
19400,62,minibatch_k64,text_pca256_lexical_w005
19401,10,minibatch_k64,text_pca256_lexical_w005
19402,59,minibatch_k64,text_pca256_lexical_w005
19403,45,minibatch_k64,text_pca256_lexical_w005
19404,0,minibatch_k64,text_pca256_lexical_w005
19405,62,minibatch_k64,text_pca256_lexical_w005
19406,0,minibatch_k64,text_pca256_lexical_w005
19407,45,minibatch_k64,text_pca256_lexical_w005
19408,8,minibatch_k64,text_pca256_lexical_w005
19409,23,minibatch_k64,text_pca256_lexical_w005
19410,8,minibatch_k64,text_pca256_lexical_w005
19411,10,minibatch_k64,text_pca256_lexical_w005
19412,62,minibatch_k64,text_pca256_lexical_w005
19413,45,minibatch_k64,text_pca256_lexical_w005
19414,0,minibatch_k64,text_pca256_lexical_w005
19415,59,minibatch_k64,text_pca256_lexical_w005
19416,59,minibatch_k64,text_pca256_lexical_w005
19417,59,minibatch_k64,text_pca256_lexical_w005
19418,45,minibatch_k64,text_pca256_lexical_w005
19419,45,minibatch_k64,text_pca256_lexical_w005
19420,23,minibatch_k64,text_pca256_lexical_w005
19421,8,minibatch_k64,text_pca256_lexical_w005
19422,59,minibatch_k64,text_pca256_lexical_w005
19423,23,minibatch_k64,text_pca256_lexical_w005
19424,43,minibatch_k64,text_pca256_lexical_w005
19425,4,minibatch_k64,text_pca256_lexical_w005
19426,62,minibatch_k64,text_pca256_lexical_w005
19427,39,minibatch_k64,text_pca256_lexical_w005
19428,62,minibatch_k64,text_pca256_lexical_w005
19429,59,minibatch_k64,text_pca256_lexical_w005
19430,59,minibatch_k64,text_pca256_lexical_w005
19431,59,minibatch_k64,text_pca256_lexical_w005
19432,0,minibatch_k64,text_pca256_lexical_w005
19433,23,minibatch_k64,text_pca256_lexical_w005
19434,15,minibatch_k64,text_pca256_lexical_w005
19435,15,minibatch_k64,text_pca256_lexical_w005
19436,8,minibatch_k64,text_pca256_lexical_w005
19437,59,minibatch_k64,text_pca256_lexical_w005
19438,59,minibatch_k64,text_pca256_lexical_w005
19439,0,minibatch_k64,text_pca256_lexical_w005
19440,15,minibatch_k64,text_pca256_lexical_w005
19441,23,minibatch_k64,text_pca256_lexical_w005
19442,50,minibatch_k64,text_pca256_lexical_w005
19443,59,minibatch_k64,text_pca256_lexical_w005
19444,8,minibatch_k64,text_pca256_lexical_w005
19445,21,minibatch_k64,text_pca256_lexical_w005
19446,0,minibatch_k64,text_pca256_lexical_w005
19447,39,minibatch_k64,text_pca256_lexical_w005
19448,23,minibatch_k64,text_pca256_lexical_w005
19449,23,minibatch_k64,text_pca256_lexical_w005
19450,8,minibatch_k64,text_pca256_lexical_w005
19451,10,minibatch_k64,text_pca256_lexical_w005
19452,23,minibatch_k64,text_pca256_lexical_w005
19453,59,minibatch_k64,text_pca256_lexical_w005
19454,23,minibatch_k64,text_pca256_lexical_w005
19455,59,minibatch_k64,text_pca256_lexical_w005
19456,23,minibatch_k64,text_pca256_lexical_w005
19457,59,minibatch_k64,text_pca256_lexical_w005
19458,59,minibatch_k64,text_pca256_lexical_w005
19459,8,minibatch_k64,text_pca256_lexical_w005
19460,50,minibatch_k64,text_pca256_lexical_w005
19461,62,minibatch_k64,text_pca256_lexical_w005
19462,59,minibatch_k64,text_pca256_lexical_w005
19463,45,minibatch_k64,text_pca256_lexical_w005
19464,23,minibatch_k64,text_pca256_lexical_w005
19465,45,minibatch_k64,text_pca256_lexical_w005
19466,23,minibatch_k64,text_pca256_lexical_w005
19467,2,minibatch_k64,text_pca256_lexical_w005
19468,39,minibatch_k64,text_pca256_lexical_w005
19469,45,minibatch_k64,text_pca256_lexical_w005
19470,10,minibatch_k64,text_pca256_lexical_w005
19471,0,minibatch_k64,text_pca256_lexical_w005
19472,33,minibatch_k64,text_pca256_lexical_w005
19473,59,minibatch_k64,text_pca256_lexical_w005
19474,0,minibatch_k64,text_pca256_lexical_w005
19475,8,minibatch_k64,text_pca256_lexical_w005
19476,45,minibatch_k64,text_pca256_lexical_w005
19477,45,minibatch_k64,text_pca256_lexical_w005
19478,0,minibatch_k64,text_pca256_lexical_w005
19479,0,minibatch_k64,text_pca256_lexical_w005
19480,45,minibatch_k64,text_pca256_lexical_w005
19481,0,minibatch_k64,text_pca256_lexical_w005
19482,45,minibatch_k64,text_pca256_lexical_w005
19483,23,minibatch_k64,text_pca256_lexical_w005
19484,10,minibatch_k64,text_pca256_lexical_w005
19485,59,minibatch_k64,text_pca256_lexical_w005
19486,59,minibatch_k64,text_pca256_lexical_w005
19487,59,minibatch_k64,text_pca256_lexical_w005
19488,10,minibatch_k64,text_pca256_lexical_w005
19489,59,minibatch_k64,text_pca256_lexical_w005
19490,8,minibatch_k64,text_pca256_lexical_w005
19491,15,minibatch_k64,text_pca256_lexical_w005
19492,59,minibatch_k64,text_pca256_lexical_w005
19493,59,minibatch_k64,text_pca256_lexical_w005
19494,34,minibatch_k64,text_pca256_lexical_w005
19495,0,minibatch_k64,text_pca256_lexical_w005
19496,59,minibatch_k64,text_pca256_lexical_w005
19497,62,minibatch_k64,text_pca256_lexical_w005
19498,59,minibatch_k64,text_pca256_lexical_w005
19499,59,minibatch_k64,text_pca256_lexical_w005
19500,0,minibatch_k64,text_pca256_lexical_w005
19501,0,minibatch_k64,text_pca256_lexical_w005
19502,10,minibatch_k64,text_pca256_lexical_w005
19503,8,minibatch_k64,text_pca256_lexical_w005
19504,8,minibatch_k64,text_pca256_lexical_w005
19505,23,minibatch_k64,text_pca256_lexical_w005
19506,0,minibatch_k64,text_pca256_lexical_w005
19507,59,minibatch_k64,text_pca256_lexical_w005
19508,15,minibatch_k64,text_pca256_lexical_w005
19509,23,minibatch_k64,text_pca256_lexical_w005
19510,62,minibatch_k64,text_pca256_lexical_w005
19511,42,minibatch_k64,text_pca256_lexical_w005
19512,62,minibatch_k64,text_pca256_lexical_w005
19513,0,minibatch_k64,text_pca256_lexical_w005
19514,23,minibatch_k64,text_pca256_lexical_w005
19515,45,minibatch_k64,text_pca256_lexical_w005
19516,59,minibatch_k64,text_pca256_lexical_w005
19517,59,minibatch_k64,text_pca256_lexical_w005
19518,0,minibatch_k64,text_pca256_lexical_w005
19519,53,minibatch_k64,text_pca256_lexical_w005
19520,59,minibatch_k64,text_pca256_lexical_w005
19521,42,minibatch_k64,text_pca256_lexical_w005
19522,59,minibatch_k64,text_pca256_lexical_w005
19523,59,minibatch_k64,text_pca256_lexical_w005
19524,2,minibatch_k64,text_pca256_lexical_w005
19525,59,minibatch_k64,text_pca256_lexical_w005
19526,42,minibatch_k64,text_pca256_lexical_w005
19527,8,minibatch_k64,text_pca256_lexical_w005
19528,62,minibatch_k64,text_pca256_lexical_w005
19529,59,minibatch_k64,text_pca256_lexical_w005
19530,59,minibatch_k64,text_pca256_lexical_w005
19531,23,minibatch_k64,text_pca256_lexical_w005
19532,59,minibatch_k64,text_pca256_lexical_w005
19533,59,minibatch_k64,text_pca256_lexical_w005
19534,15,minibatch_k64,text_pca256_lexical_w005
19535,2,minibatch_k64,text_pca256_lexical_w005
19536,61,minibatch_k64,text_pca256_lexical_w005
19537,62,minibatch_k64,text_pca256_lexical_w005
19538,23,minibatch_k64,text_pca256_lexical_w005
19539,59,minibatch_k64,text_pca256_lexical_w005
19540,23,minibatch_k64,text_pca256_lexical_w005
19541,62,minibatch_k64,text_pca256_lexical_w005
19542,10,minibatch_k64,text_pca256_lexical_w005
19543,8,minibatch_k64,text_pca256_lexical_w005
19544,8,minibatch_k64,text_pca256_lexical_w005
19545,59,minibatch_k64,text_pca256_lexical_w005
19546,62,minibatch_k64,text_pca256_lexical_w005
19547,59,minibatch_k64,text_pca256_lexical_w005
19548,45,minibatch_k64,text_pca256_lexical_w005
19549,8,minibatch_k64,text_pca256_lexical_w005
19550,8,minibatch_k64,text_pca256_lexical_w005
19551,23,minibatch_k64,text_pca256_lexical_w005
19552,61,minibatch_k64,text_pca256_lexical_w005
19553,23,minibatch_k64,text_pca256_lexical_w005
19554,45,minibatch_k64,text_pca256_lexical_w005
19555,23,minibatch_k64,text_pca256_lexical_w005
19556,45,minibatch_k64,text_pca256_lexical_w005
19557,45,minibatch_k64,text_pca256_lexical_w005
19558,15,minibatch_k64,text_pca256_lexical_w005
19559,45,minibatch_k64,text_pca256_lexical_w005
19560,45,minibatch_k64,text_pca256_lexical_w005
19561,23,minibatch_k64,text_pca256_lexical_w005
19562,59,minibatch_k64,text_pca256_lexical_w005
19563,0,minibatch_k64,text_pca256_lexical_w005
19564,59,minibatch_k64,text_pca256_lexical_w005
19565,23,minibatch_k64,text_pca256_lexical_w005
19566,10,minibatch_k64,text_pca256_lexical_w005
19567,8,minibatch_k64,text_pca256_lexical_w005
19568,15,minibatch_k64,text_pca256_lexical_w005
19569,0,minibatch_k64,text_pca256_lexical_w005
19570,8,minibatch_k64,text_pca256_lexical_w005
19571,8,minibatch_k64,text_pca256_lexical_w005
19572,0,minibatch_k64,text_pca256_lexical_w005
19573,0,minibatch_k64,text_pca256_lexical_w005
19574,8,minibatch_k64,text_pca256_lexical_w005
19575,21,minibatch_k64,text_pca256_lexical_w005
19576,8,minibatch_k64,text_pca256_lexical_w005
19577,8,minibatch_k64,text_pca256_lexical_w005
19578,8,minibatch_k64,text_pca256_lexical_w005
19579,21,minibatch_k64,text_pca256_lexical_w005
19580,38,minibatch_k64,text_pca256_lexical_w005
19581,58,minibatch_k64,text_pca256_lexical_w005
19582,55,minibatch_k64,text_pca256_lexical_w005
19583,63,minibatch_k64,text_pca256_lexical_w005
19584,21,minibatch_k64,text_pca256_lexical_w005
19585,0,minibatch_k64,text_pca256_lexical_w005
19586,46,minibatch_k64,text_pca256_lexical_w005
19587,62,minibatch_k64,text_pca256_lexical_w005
19588,42,minibatch_k64,text_pca256_lexical_w005
19589,58,minibatch_k64,text_pca256_lexical_w005
19590,38,minibatch_k64,text_pca256_lexical_w005
19591,55,minibatch_k64,text_pca256_lexical_w005
19592,63,minibatch_k64,text_pca256_lexical_w005
19593,40,minibatch_k64,text_pca256_lexical_w005
19594,32,minibatch_k64,text_pca256_lexical_w005
19595,38,minibatch_k64,text_pca256_lexical_w005
19596,58,minibatch_k64,text_pca256_lexical_w005
19597,10,minibatch_k64,text_pca256_lexical_w005
19598,63,minibatch_k64,text_pca256_lexical_w005
19599,20,minibatch_k64,text_pca256_lexical_w005
19600,38,minibatch_k64,text_pca256_lexical_w005
19601,63,minibatch_k64,text_pca256_lexical_w005
19602,62,minibatch_k64,text_pca256_lexical_w005
19603,38,minibatch_k64,text_pca256_lexical_w005
19604,55,minibatch_k64,text_pca256_lexical_w005
19605,35,minibatch_k64,text_pca256_lexical_w005
19606,23,minibatch_k64,text_pca256_lexical_w005
19607,38,minibatch_k64,text_pca256_lexical_w005
19608,4,minibatch_k64,text_pca256_lexical_w005
19609,55,minibatch_k64,text_pca256_lexical_w005
19610,63,minibatch_k64,text_pca256_lexical_w005
19611,2,minibatch_k64,text_pca256_lexical_w005
19612,47,minibatch_k64,text_pca256_lexical_w005
19613,8,minibatch_k64,text_pca256_lexical_w005
19614,23,minibatch_k64,text_pca256_lexical_w005
19615,0,minibatch_k64,text_pca256_lexical_w005
19616,20,minibatch_k64,text_pca256_lexical_w005
19617,18,minibatch_k64,text_pca256_lexical_w005
19618,10,minibatch_k64,text_pca256_lexical_w005
19619,0,minibatch_k64,text_pca256_lexical_w005
19620,20,minibatch_k64,text_pca256_lexical_w005
19621,62,minibatch_k64,text_pca256_lexical_w005
19622,18,minibatch_k64,text_pca256_lexical_w005
19623,20,minibatch_k64,text_pca256_lexical_w005
19624,45,minibatch_k64,text_pca256_lexical_w005
19625,62,minibatch_k64,text_pca256_lexical_w005
19626,27,minibatch_k64,text_pca256_lexical_w005
19627,20,minibatch_k64,text_pca256_lexical_w005
19628,18,minibatch_k64,text_pca256_lexical_w005
19629,27,minibatch_k64,text_pca256_lexical_w005
19630,38,minibatch_k64,text_pca256_lexical_w005
19631,55,minibatch_k64,text_pca256_lexical_w005
19632,13,minibatch_k64,text_pca256_lexical_w005
19633,45,minibatch_k64,text_pca256_lexical_w005
19634,45,minibatch_k64,text_pca256_lexical_w005
19635,2,minibatch_k64,text_pca256_lexical_w005
19636,18,minibatch_k64,text_pca256_lexical_w005
19637,38,minibatch_k64,text_pca256_lexical_w005
19638,55,minibatch_k64,text_pca256_lexical_w005
19639,63,minibatch_k64,text_pca256_lexical_w005
19640,18,minibatch_k64,text_pca256_lexical_w005
19641,5,minibatch_k64,text_pca256_lexical_w005
19642,10,minibatch_k64,text_pca256_lexical_w005
19643,38,minibatch_k64,text_pca256_lexical_w005
19644,45,minibatch_k64,text_pca256_lexical_w005
19645,21,minibatch_k64,text_pca256_lexical_w005
19646,62,minibatch_k64,text_pca256_lexical_w005
19647,21,minibatch_k64,text_pca256_lexical_w005
19648,38,minibatch_k64,text_pca256_lexical_w005
19649,45,minibatch_k64,text_pca256_lexical_w005
19650,33,minibatch_k64,text_pca256_lexical_w005
19651,21,minibatch_k64,text_pca256_lexical_w005
19652,38,minibatch_k64,text_pca256_lexical_w005
19653,45,minibatch_k64,text_pca256_lexical_w005
19654,21,minibatch_k64,text_pca256_lexical_w005
19655,58,minibatch_k64,text_pca256_lexical_w005
19656,45,minibatch_k64,text_pca256_lexical_w005
19657,21,minibatch_k64,text_pca256_lexical_w005
19658,21,minibatch_k64,text_pca256_lexical_w005
19659,38,minibatch_k64,text_pca256_lexical_w005
19660,45,minibatch_k64,text_pca256_lexical_w005
19661,37,minibatch_k64,text_pca256_lexical_w005
19662,42,minibatch_k64,text_pca256_lexical_w005
19663,21,minibatch_k64,text_pca256_lexical_w005
19664,62,minibatch_k64,text_pca256_lexical_w005
19665,58,minibatch_k64,text_pca256_lexical_w005
19666,45,minibatch_k64,text_pca256_lexical_w005
19667,45,minibatch_k64,text_pca256_lexical_w005
19668,60,minibatch_k64,text_pca256_lexical_w005
19669,2,minibatch_k64,text_pca256_lexical_w005
19670,38,minibatch_k64,text_pca256_lexical_w005
19671,45,minibatch_k64,text_pca256_lexical_w005
19672,54,minibatch_k64,text_pca256_lexical_w005
19673,21,minibatch_k64,text_pca256_lexical_w005
19674,21,minibatch_k64,text_pca256_lexical_w005
19675,10,minibatch_k64,text_pca256_lexical_w005
19676,21,minibatch_k64,text_pca256_lexical_w005
19677,62,minibatch_k64,text_pca256_lexical_w005
19678,40,minibatch_k64,text_pca256_lexical_w005
19679,38,minibatch_k64,text_pca256_lexical_w005
19680,12,minibatch_k64,text_pca256_lexical_w005
19681,2,minibatch_k64,text_pca256_lexical_w005
19682,54,minibatch_k64,text_pca256_lexical_w005
19683,0,minibatch_k64,text_pca256_lexical_w005
19684,33,minibatch_k64,text_pca256_lexical_w005
19685,62,minibatch_k64,text_pca256_lexical_w005
19686,5,minibatch_k64,text_pca256_lexical_w005
19687,5,minibatch_k64,text_pca256_lexical_w005
19688,5,minibatch_k64,text_pca256_lexical_w005
19689,5,minibatch_k64,text_pca256_lexical_w005
19690,33,minibatch_k64,text_pca256_lexical_w005
19691,15,minibatch_k64,text_pca256_lexical_w005
19692,62,minibatch_k64,text_pca256_lexical_w005
19693,8,minibatch_k64,text_pca256_lexical_w005
19694,62,minibatch_k64,text_pca256_lexical_w005
19695,38,minibatch_k64,text_pca256_lexical_w005
19696,55,minibatch_k64,text_pca256_lexical_w005
19697,37,minibatch_k64,text_pca256_lexical_w005
19698,10,minibatch_k64,text_pca256_lexical_w005
19699,21,minibatch_k64,text_pca256_lexical_w005
19700,61,minibatch_k64,text_pca256_lexical_w005
19701,0,minibatch_k64,text_pca256_lexical_w005
19702,21,minibatch_k64,text_pca256_lexical_w005
19703,10,minibatch_k64,text_pca256_lexical_w005
19704,42,minibatch_k64,text_pca256_lexical_w005
19705,58,minibatch_k64,text_pca256_lexical_w005
19706,38,minibatch_k64,text_pca256_lexical_w005
19707,55,minibatch_k64,text_pca256_lexical_w005
19708,37,minibatch_k64,text_pca256_lexical_w005
19709,33,minibatch_k64,text_pca256_lexical_w005
19710,0,minibatch_k64,text_pca256_lexical_w005
19711,20,minibatch_k64,text_pca256_lexical_w005
19712,20,minibatch_k64,text_pca256_lexical_w005
19713,8,minibatch_k64,text_pca256_lexical_w005
19714,4,minibatch_k64,text_pca256_lexical_w005
19715,23,minibatch_k64,text_pca256_lexical_w005
19716,38,minibatch_k64,text_pca256_lexical_w005
19717,55,minibatch_k64,text_pca256_lexical_w005
19718,37,minibatch_k64,text_pca256_lexical_w005
19719,8,minibatch_k64,text_pca256_lexical_w005
19720,20,minibatch_k64,text_pca256_lexical_w005
19721,0,minibatch_k64,text_pca256_lexical_w005
19722,20,minibatch_k64,text_pca256_lexical_w005
19723,20,minibatch_k64,text_pca256_lexical_w005
19724,20,minibatch_k64,text_pca256_lexical_w005
19725,20,minibatch_k64,text_pca256_lexical_w005
19726,62,minibatch_k64,text_pca256_lexical_w005
19727,33,minibatch_k64,text_pca256_lexical_w005
19728,38,minibatch_k64,text_pca256_lexical_w005
19729,37,minibatch_k64,text_pca256_lexical_w005
19730,62,minibatch_k64,text_pca256_lexical_w005
19731,62,minibatch_k64,text_pca256_lexical_w005
19732,2,minibatch_k64,text_pca256_lexical_w005
19733,61,minibatch_k64,text_pca256_lexical_w005
19734,33,minibatch_k64,text_pca256_lexical_w005
19735,21,minibatch_k64,text_pca256_lexical_w005
19736,20,minibatch_k64,text_pca256_lexical_w005
19737,0,minibatch_k64,text_pca256_lexical_w005
19738,8,minibatch_k64,text_pca256_lexical_w005
19739,8,minibatch_k64,text_pca256_lexical_w005
19740,0,minibatch_k64,text_pca256_lexical_w005
19741,38,minibatch_k64,text_pca256_lexical_w005
19742,37,minibatch_k64,text_pca256_lexical_w005
19743,0,minibatch_k64,text_pca256_lexical_w005
19744,59,minibatch_k64,text_pca256_lexical_w005
19745,8,minibatch_k64,text_pca256_lexical_w005
19746,62,minibatch_k64,text_pca256_lexical_w005
19747,33,minibatch_k64,text_pca256_lexical_w005
19748,53,minibatch_k64,text_pca256_lexical_w005
19749,23,minibatch_k64,text_pca256_lexical_w005
19750,18,minibatch_k64,text_pca256_lexical_w005
19751,8,minibatch_k64,text_pca256_lexical_w005
19752,12,minibatch_k64,text_pca256_lexical_w005
19753,25,minibatch_k64,text_pca256_lexical_w005
19754,37,minibatch_k64,text_pca256_lexical_w005
19755,0,minibatch_k64,text_pca256_lexical_w005
19756,0,minibatch_k64,text_pca256_lexical_w005
19757,23,minibatch_k64,text_pca256_lexical_w005
19758,21,minibatch_k64,text_pca256_lexical_w005
19759,21,minibatch_k64,text_pca256_lexical_w005
19760,21,minibatch_k64,text_pca256_lexical_w005
19761,45,minibatch_k64,text_pca256_lexical_w005
19762,38,minibatch_k64,text_pca256_lexical_w005
19763,25,minibatch_k64,text_pca256_lexical_w005
19764,37,minibatch_k64,text_pca256_lexical_w005
19765,2,minibatch_k64,text_pca256_lexical_w005
19766,56,minibatch_k64,text_pca256_lexical_w005
19767,15,minibatch_k64,text_pca256_lexical_w005
19768,15,minibatch_k64,text_pca256_lexical_w005
19769,2,minibatch_k64,text_pca256_lexical_w005
19770,8,minibatch_k64,text_pca256_lexical_w005
19771,17,minibatch_k64,text_pca256_lexical_w005
19772,10,minibatch_k64,text_pca256_lexical_w005
19773,33,minibatch_k64,text_pca256_lexical_w005
19774,30,minibatch_k64,text_pca256_lexical_w005
19775,21,minibatch_k64,text_pca256_lexical_w005
19776,17,minibatch_k64,text_pca256_lexical_w005
19777,0,minibatch_k64,text_pca256_lexical_w005
19778,39,minibatch_k64,text_pca256_lexical_w005
19779,32,minibatch_k64,text_pca256_lexical_w005
19780,45,minibatch_k64,text_pca256_lexical_w005
19781,38,minibatch_k64,text_pca256_lexical_w005
19782,36,minibatch_k64,text_pca256_lexical_w005
19783,55,minibatch_k64,text_pca256_lexical_w005
19784,30,minibatch_k64,text_pca256_lexical_w005
19785,37,minibatch_k64,text_pca256_lexical_w005
19786,10,minibatch_k64,text_pca256_lexical_w005
19787,8,minibatch_k64,text_pca256_lexical_w005
19788,15,minibatch_k64,text_pca256_lexical_w005
19789,15,minibatch_k64,text_pca256_lexical_w005
19790,30,minibatch_k64,text_pca256_lexical_w005
19791,17,minibatch_k64,text_pca256_lexical_w005
19792,30,minibatch_k64,text_pca256_lexical_w005
19793,17,minibatch_k64,text_pca256_lexical_w005
19794,62,minibatch_k64,text_pca256_lexical_w005
19795,8,minibatch_k64,text_pca256_lexical_w005
19796,30,minibatch_k64,text_pca256_lexical_w005
19797,38,minibatch_k64,text_pca256_lexical_w005
19798,25,minibatch_k64,text_pca256_lexical_w005
19799,36,minibatch_k64,text_pca256_lexical_w005
19800,55,minibatch_k64,text_pca256_lexical_w005
19801,37,minibatch_k64,text_pca256_lexical_w005
19802,0,minibatch_k64,text_pca256_lexical_w005
19803,0,minibatch_k64,text_pca256_lexical_w005
19804,23,minibatch_k64,text_pca256_lexical_w005
19805,8,minibatch_k64,text_pca256_lexical_w005
19806,18,minibatch_k64,text_pca256_lexical_w005
19807,32,minibatch_k64,text_pca256_lexical_w005
19808,53,minibatch_k64,text_pca256_lexical_w005
19809,12,minibatch_k64,text_pca256_lexical_w005
19810,8,minibatch_k64,text_pca256_lexical_w005
19811,10,minibatch_k64,text_pca256_lexical_w005
19812,10,minibatch_k64,text_pca256_lexical_w005
19813,30,minibatch_k64,text_pca256_lexical_w005
19814,21,minibatch_k64,text_pca256_lexical_w005
19815,30,minibatch_k64,text_pca256_lexical_w005
19816,62,minibatch_k64,text_pca256_lexical_w005
19817,8,minibatch_k64,text_pca256_lexical_w005
19818,30,minibatch_k64,text_pca256_lexical_w005
19819,17,minibatch_k64,text_pca256_lexical_w005
19820,41,minibatch_k64,text_pca256_lexical_w005
19821,41,minibatch_k64,text_pca256_lexical_w005
19822,10,minibatch_k64,text_pca256_lexical_w005
19823,15,minibatch_k64,text_pca256_lexical_w005
19824,10,minibatch_k64,text_pca256_lexical_w005
19825,41,minibatch_k64,text_pca256_lexical_w005
19826,41,minibatch_k64,text_pca256_lexical_w005
19827,0,minibatch_k64,text_pca256_lexical_w005
19828,59,minibatch_k64,text_pca256_lexical_w005
19829,41,minibatch_k64,text_pca256_lexical_w005
19830,15,minibatch_k64,text_pca256_lexical_w005
19831,41,minibatch_k64,text_pca256_lexical_w005
19832,41,minibatch_k64,text_pca256_lexical_w005
19833,42,minibatch_k64,text_pca256_lexical_w005
19834,0,minibatch_k64,text_pca256_lexical_w005
19835,30,minibatch_k64,text_pca256_lexical_w005
19836,62,minibatch_k64,text_pca256_lexical_w005
19837,59,minibatch_k64,text_pca256_lexical_w005
19838,62,minibatch_k64,text_pca256_lexical_w005
19839,0,minibatch_k64,text_pca256_lexical_w005
19840,41,minibatch_k64,text_pca256_lexical_w005
19841,62,minibatch_k64,text_pca256_lexical_w005
19842,41,minibatch_k64,text_pca256_lexical_w005
19843,62,minibatch_k64,text_pca256_lexical_w005
19844,62,minibatch_k64,text_pca256_lexical_w005
19845,62,minibatch_k64,text_pca256_lexical_w005
19846,59,minibatch_k64,text_pca256_lexical_w005
19847,62,minibatch_k64,text_pca256_lexical_w005
19848,62,minibatch_k64,text_pca256_lexical_w005
19849,62,minibatch_k64,text_pca256_lexical_w005
19850,62,minibatch_k64,text_pca256_lexical_w005
19851,62,minibatch_k64,text_pca256_lexical_w005
19852,62,minibatch_k64,text_pca256_lexical_w005
19853,33,minibatch_k64,text_pca256_lexical_w005
19854,6,minibatch_k64,text_pca256_lexical_w005
19855,33,minibatch_k64,text_pca256_lexical_w005
19856,33,minibatch_k64,text_pca256_lexical_w005
19857,62,minibatch_k64,text_pca256_lexical_w005
19858,41,minibatch_k64,text_pca256_lexical_w005
19859,0,minibatch_k64,text_pca256_lexical_w005
19860,34,minibatch_k64,text_pca256_lexical_w005
19861,0,minibatch_k64,text_pca256_lexical_w005
19862,62,minibatch_k64,text_pca256_lexical_w005
19863,62,minibatch_k64,text_pca256_lexical_w005
19864,21,minibatch_k64,text_pca256_lexical_w005
19865,62,minibatch_k64,text_pca256_lexical_w005
19866,62,minibatch_k64,text_pca256_lexical_w005
19867,62,minibatch_k64,text_pca256_lexical_w005
19868,21,minibatch_k64,text_pca256_lexical_w005
19869,53,minibatch_k64,text_pca256_lexical_w005
19870,62,minibatch_k64,text_pca256_lexical_w005
19871,62,minibatch_k64,text_pca256_lexical_w005
19872,62,minibatch_k64,text_pca256_lexical_w005
19873,62,minibatch_k64,text_pca256_lexical_w005
19874,62,minibatch_k64,text_pca256_lexical_w005
19875,21,minibatch_k64,text_pca256_lexical_w005
19876,21,minibatch_k64,text_pca256_lexical_w005
19877,15,minibatch_k64,text_pca256_lexical_w005
19878,21,minibatch_k64,text_pca256_lexical_w005
19879,21,minibatch_k64,text_pca256_lexical_w005
19880,39,minibatch_k64,text_pca256_lexical_w005
19881,62,minibatch_k64,text_pca256_lexical_w005
19882,6,minibatch_k64,text_pca256_lexical_w005
19883,21,minibatch_k64,text_pca256_lexical_w005
19884,0,minibatch_k64,text_pca256_lexical_w005
19885,0,minibatch_k64,text_pca256_lexical_w005
19886,15,minibatch_k64,text_pca256_lexical_w005
19887,0,minibatch_k64,text_pca256_lexical_w005
19888,21,minibatch_k64,text_pca256_lexical_w005
19889,62,minibatch_k64,text_pca256_lexical_w005
19890,53,minibatch_k64,text_pca256_lexical_w005
19891,53,minibatch_k64,text_pca256_lexical_w005
19892,10,minibatch_k64,text_pca256_lexical_w005
19893,10,minibatch_k64,text_pca256_lexical_w005
19894,0,minibatch_k64,text_pca256_lexical_w005
19895,6,minibatch_k64,text_pca256_lexical_w005
19896,15,minibatch_k64,text_pca256_lexical_w005
19897,15,minibatch_k64,text_pca256_lexical_w005
19898,6,minibatch_k64,text_pca256_lexical_w005
19899,6,minibatch_k64,text_pca256_lexical_w005
19900,62,minibatch_k64,text_pca256_lexical_w005
19901,62,minibatch_k64,text_pca256_lexical_w005
19902,62,minibatch_k64,text_pca256_lexical_w005
19903,62,minibatch_k64,text_pca256_lexical_w005
19904,62,minibatch_k64,text_pca256_lexical_w005
19905,62,minibatch_k64,text_pca256_lexical_w005
19906,62,minibatch_k64,text_pca256_lexical_w005
19907,41,minibatch_k64,text_pca256_lexical_w005
19908,39,minibatch_k64,text_pca256_lexical_w005
19909,41,minibatch_k64,text_pca256_lexical_w005
19910,41,minibatch_k64,text_pca256_lexical_w005
19911,41,minibatch_k64,text_pca256_lexical_w005
19912,42,minibatch_k64,text_pca256_lexical_w005
19913,41,minibatch_k64,text_pca256_lexical_w005
19914,41,minibatch_k64,text_pca256_lexical_w005
19915,6,minibatch_k64,text_pca256_lexical_w005
19916,41,minibatch_k64,text_pca256_lexical_w005
19917,15,minibatch_k64,text_pca256_lexical_w005
19918,33,minibatch_k64,text_pca256_lexical_w005
19919,10,minibatch_k64,text_pca256_lexical_w005
19920,10,minibatch_k64,text_pca256_lexical_w005
19921,15,minibatch_k64,text_pca256_lexical_w005
19922,39,minibatch_k64,text_pca256_lexical_w005
19923,41,minibatch_k64,text_pca256_lexical_w005
19924,34,minibatch_k64,text_pca256_lexical_w005
19925,62,minibatch_k64,text_pca256_lexical_w005
19926,23,minibatch_k64,text_pca256_lexical_w005
19927,8,minibatch_k64,text_pca256_lexical_w005
19928,33,minibatch_k64,text_pca256_lexical_w005
19929,8,minibatch_k64,text_pca256_lexical_w005
19930,38,minibatch_k64,text_pca256_lexical_w005
19931,23,minibatch_k64,text_pca256_lexical_w005
19932,0,minibatch_k64,text_pca256_lexical_w005
19933,23,minibatch_k64,text_pca256_lexical_w005
19934,32,minibatch_k64,text_pca256_lexical_w005
19935,0,minibatch_k64,text_pca256_lexical_w005
19936,2,minibatch_k64,text_pca256_lexical_w005
19937,23,minibatch_k64,text_pca256_lexical_w005
19938,15,minibatch_k64,text_pca256_lexical_w005
19939,42,minibatch_k64,text_pca256_lexical_w005
19940,21,minibatch_k64,text_pca256_lexical_w005
19941,42,minibatch_k64,text_pca256_lexical_w005
19942,32,minibatch_k64,text_pca256_lexical_w005
19943,2,minibatch_k64,text_pca256_lexical_w005
19944,2,minibatch_k64,text_pca256_lexical_w005
19945,23,minibatch_k64,text_pca256_lexical_w005
19946,0,minibatch_k64,text_pca256_lexical_w005
19947,21,minibatch_k64,text_pca256_lexical_w005
19948,2,minibatch_k64,text_pca256_lexical_w005
19949,10,minibatch_k64,text_pca256_lexical_w005
19950,62,minibatch_k64,text_pca256_lexical_w005
19951,33,minibatch_k64,text_pca256_lexical_w005
19952,15,minibatch_k64,text_pca256_lexical_w005
19953,21,minibatch_k64,text_pca256_lexical_w005
19954,21,minibatch_k64,text_pca256_lexical_w005
19955,62,minibatch_k64,text_pca256_lexical_w005
19956,21,minibatch_k64,text_pca256_lexical_w005
19957,0,minibatch_k64,text_pca256_lexical_w005
19958,52,minibatch_k64,text_pca256_lexical_w005
19959,38,minibatch_k64,text_pca256_lexical_w005
19960,45,minibatch_k64,text_pca256_lexical_w005
19961,55,minibatch_k64,text_pca256_lexical_w005
19962,62,minibatch_k64,text_pca256_lexical_w005
19963,25,minibatch_k64,text_pca256_lexical_w005
19964,52,minibatch_k64,text_pca256_lexical_w005
19965,38,minibatch_k64,text_pca256_lexical_w005
19966,10,minibatch_k64,text_pca256_lexical_w005
19967,10,minibatch_k64,text_pca256_lexical_w005
19968,62,minibatch_k64,text_pca256_lexical_w005
19969,52,minibatch_k64,text_pca256_lexical_w005
19970,59,minibatch_k64,text_pca256_lexical_w005
19971,52,minibatch_k64,text_pca256_lexical_w005
19972,25,minibatch_k64,text_pca256_lexical_w005
19973,47,minibatch_k64,text_pca256_lexical_w005
19974,15,minibatch_k64,text_pca256_lexical_w005
19975,47,minibatch_k64,text_pca256_lexical_w005
19976,47,minibatch_k64,text_pca256_lexical_w005
19977,62,minibatch_k64,text_pca256_lexical_w005
19978,15,minibatch_k64,text_pca256_lexical_w005
19979,0,minibatch_k64,text_pca256_lexical_w005
19980,0,minibatch_k64,text_pca256_lexical_w005
19981,47,minibatch_k64,text_pca256_lexical_w005
19982,0,minibatch_k64,text_pca256_lexical_w005
19983,47,minibatch_k64,text_pca256_lexical_w005
19984,38,minibatch_k64,text_pca256_lexical_w005
19985,55,minibatch_k64,text_pca256_lexical_w005
19986,62,minibatch_k64,text_pca256_lexical_w005
19987,0,minibatch_k64,text_pca256_lexical_w005
19988,2,minibatch_k64,text_pca256_lexical_w005
19989,29,minibatch_k64,text_pca256_lexical_w005
19990,62,minibatch_k64,text_pca256_lexical_w005
19991,25,minibatch_k64,text_pca256_lexical_w005
19992,25,minibatch_k64,text_pca256_lexical_w005
19993,29,minibatch_k64,text_pca256_lexical_w005
19994,8,minibatch_k64,text_pca256_lexical_w005
19995,29,minibatch_k64,text_pca256_lexical_w005
19996,62,minibatch_k64,text_pca256_lexical_w005
19997,62,minibatch_k64,text_pca256_lexical_w005
19998,38,minibatch_k64,text_pca256_lexical_w005
19999,55,minibatch_k64,text_pca256_lexical_w005
20000,8,minibatch_k64,text_pca256_lexical_w005
20001,15,minibatch_k64,text_pca256_lexical_w005
20002,47,minibatch_k64,text_pca256_lexical_w005
20003,21,minibatch_k64,text_pca256_lexical_w005
20004,25,minibatch_k64,text_pca256_lexical_w005
20005,47,minibatch_k64,text_pca256_lexical_w005
20006,10,minibatch_k64,text_pca256_lexical_w005
20007,38,minibatch_k64,text_pca256_lexical_w005
20008,45,minibatch_k64,text_pca256_lexical_w005
20009,55,minibatch_k64,text_pca256_lexical_w005
20010,15,minibatch_k64,text_pca256_lexical_w005
20011,25,minibatch_k64,text_pca256_lexical_w005
20012,15,minibatch_k64,text_pca256_lexical_w005
20013,38,minibatch_k64,text_pca256_lexical_w005
20014,53,minibatch_k64,text_pca256_lexical_w005
20015,55,minibatch_k64,text_pca256_lexical_w005
20016,62,minibatch_k64,text_pca256_lexical_w005
20017,25,minibatch_k64,text_pca256_lexical_w005
20018,38,minibatch_k64,text_pca256_lexical_w005
20019,59,minibatch_k64,text_pca256_lexical_w005
20020,55,minibatch_k64,text_pca256_lexical_w005
20021,62,minibatch_k64,text_pca256_lexical_w005
20022,0,minibatch_k64,text_pca256_lexical_w005
20023,25,minibatch_k64,text_pca256_lexical_w005
20024,38,minibatch_k64,text_pca256_lexical_w005
20025,55,minibatch_k64,text_pca256_lexical_w005
20026,5,minibatch_k64,text_pca256_lexical_w005
20027,5,minibatch_k64,text_pca256_lexical_w005
20028,8,minibatch_k64,text_pca256_lexical_w005
20029,8,minibatch_k64,text_pca256_lexical_w005
20030,25,minibatch_k64,text_pca256_lexical_w005
20031,62,minibatch_k64,text_pca256_lexical_w005
20032,62,minibatch_k64,text_pca256_lexical_w005
20033,8,minibatch_k64,text_pca256_lexical_w005
20034,0,minibatch_k64,text_pca256_lexical_w005
20035,62,minibatch_k64,text_pca256_lexical_w005
20036,25,minibatch_k64,text_pca256_lexical_w005
20037,29,minibatch_k64,text_pca256_lexical_w005
20038,38,minibatch_k64,text_pca256_lexical_w005
20039,59,minibatch_k64,text_pca256_lexical_w005
20040,62,minibatch_k64,text_pca256_lexical_w005
20041,5,minibatch_k64,text_pca256_lexical_w005
20042,5,minibatch_k64,text_pca256_lexical_w005
20043,25,minibatch_k64,text_pca256_lexical_w005
20044,8,minibatch_k64,text_pca256_lexical_w005
20045,21,minibatch_k64,text_pca256_lexical_w005
20046,8,minibatch_k64,text_pca256_lexical_w005
20047,33,minibatch_k64,text_pca256_lexical_w005
20048,38,minibatch_k64,text_pca256_lexical_w005
20049,55,minibatch_k64,text_pca256_lexical_w005
20050,25,minibatch_k64,text_pca256_lexical_w005
20051,0,minibatch_k64,text_pca256_lexical_w005
20052,0,minibatch_k64,text_pca256_lexical_w005
20053,15,minibatch_k64,text_pca256_lexical_w005
20054,62,minibatch_k64,text_pca256_lexical_w005
20055,25,minibatch_k64,text_pca256_lexical_w005
20056,33,minibatch_k64,text_pca256_lexical_w005
20057,0,minibatch_k64,text_pca256_lexical_w005
20058,62,minibatch_k64,text_pca256_lexical_w005
20059,0,minibatch_k64,text_pca256_lexical_w005
20060,38,minibatch_k64,text_pca256_lexical_w005
20061,55,minibatch_k64,text_pca256_lexical_w005
20062,8,minibatch_k64,text_pca256_lexical_w005
20063,25,minibatch_k64,text_pca256_lexical_w005
20064,0,minibatch_k64,text_pca256_lexical_w005
20065,38,minibatch_k64,text_pca256_lexical_w005
20066,55,minibatch_k64,text_pca256_lexical_w005
20067,0,minibatch_k64,text_pca256_lexical_w005
20068,4,minibatch_k64,text_pca256_lexical_w005
20069,8,minibatch_k64,text_pca256_lexical_w005
20070,0,minibatch_k64,text_pca256_lexical_w005
20071,8,minibatch_k64,text_pca256_lexical_w005
20072,21,minibatch_k64,text_pca256_lexical_w005
20073,38,minibatch_k64,text_pca256_lexical_w005
20074,55,minibatch_k64,text_pca256_lexical_w005
20075,8,minibatch_k64,text_pca256_lexical_w005
20076,59,minibatch_k64,text_pca256_lexical_w005
20077,62,minibatch_k64,text_pca256_lexical_w005
20078,10,minibatch_k64,text_pca256_lexical_w005
20079,25,minibatch_k64,text_pca256_lexical_w005
20080,62,minibatch_k64,text_pca256_lexical_w005
20081,2,minibatch_k64,text_pca256_lexical_w005
20082,8,minibatch_k64,text_pca256_lexical_w005
20083,38,minibatch_k64,text_pca256_lexical_w005
20084,55,minibatch_k64,text_pca256_lexical_w005
20085,8,minibatch_k64,text_pca256_lexical_w005
20086,25,minibatch_k64,text_pca256_lexical_w005
20087,38,minibatch_k64,text_pca256_lexical_w005
20088,55,minibatch_k64,text_pca256_lexical_w005
20089,25,minibatch_k64,text_pca256_lexical_w005
20090,38,minibatch_k64,text_pca256_lexical_w005
20091,10,minibatch_k64,text_pca256_lexical_w005
20092,8,minibatch_k64,text_pca256_lexical_w005
20093,8,minibatch_k64,text_pca256_lexical_w005
20094,0,minibatch_k64,text_pca256_lexical_w005
20095,23,minibatch_k64,text_pca256_lexical_w005
20096,21,minibatch_k64,text_pca256_lexical_w005
20097,62,minibatch_k64,text_pca256_lexical_w005
20098,33,minibatch_k64,text_pca256_lexical_w005
20099,8,minibatch_k64,text_pca256_lexical_w005
20100,39,minibatch_k64,text_pca256_lexical_w005
20101,10,minibatch_k64,text_pca256_lexical_w005
20102,34,minibatch_k64,text_pca256_lexical_w005
20103,21,minibatch_k64,text_pca256_lexical_w005
20104,23,minibatch_k64,text_pca256_lexical_w005
20105,21,minibatch_k64,text_pca256_lexical_w005
20106,23,minibatch_k64,text_pca256_lexical_w005
20107,23,minibatch_k64,text_pca256_lexical_w005
20108,23,minibatch_k64,text_pca256_lexical_w005
20109,23,minibatch_k64,text_pca256_lexical_w005
20110,10,minibatch_k64,text_pca256_lexical_w005
20111,23,minibatch_k64,text_pca256_lexical_w005
20112,23,minibatch_k64,text_pca256_lexical_w005
20113,23,minibatch_k64,text_pca256_lexical_w005
20114,8,minibatch_k64,text_pca256_lexical_w005
20115,23,minibatch_k64,text_pca256_lexical_w005
20116,23,minibatch_k64,text_pca256_lexical_w005
20117,23,minibatch_k64,text_pca256_lexical_w005
20118,23,minibatch_k64,text_pca256_lexical_w005
20119,42,minibatch_k64,text_pca256_lexical_w005
20120,33,minibatch_k64,text_pca256_lexical_w005
20121,23,minibatch_k64,text_pca256_lexical_w005
20122,23,minibatch_k64,text_pca256_lexical_w005
20123,23,minibatch_k64,text_pca256_lexical_w005
20124,23,minibatch_k64,text_pca256_lexical_w005
20125,8,minibatch_k64,text_pca256_lexical_w005
20126,23,minibatch_k64,text_pca256_lexical_w005
20127,23,minibatch_k64,text_pca256_lexical_w005
20128,23,minibatch_k64,text_pca256_lexical_w005
20129,23,minibatch_k64,text_pca256_lexical_w005
20130,23,minibatch_k64,text_pca256_lexical_w005
20131,23,minibatch_k64,text_pca256_lexical_w005
20132,23,minibatch_k64,text_pca256_lexical_w005
20133,23,minibatch_k64,text_pca256_lexical_w005
20134,23,minibatch_k64,text_pca256_lexical_w005
20135,50,minibatch_k64,text_pca256_lexical_w005
20136,23,minibatch_k64,text_pca256_lexical_w005
20137,23,minibatch_k64,text_pca256_lexical_w005
20138,23,minibatch_k64,text_pca256_lexical_w005
20139,8,minibatch_k64,text_pca256_lexical_w005
20140,62,minibatch_k64,text_pca256_lexical_w005
20141,23,minibatch_k64,text_pca256_lexical_w005
20142,23,minibatch_k64,text_pca256_lexical_w005
20143,62,minibatch_k64,text_pca256_lexical_w005
20144,23,minibatch_k64,text_pca256_lexical_w005
20145,0,minibatch_k64,text_pca256_lexical_w005
20146,59,minibatch_k64,text_pca256_lexical_w005
20147,23,minibatch_k64,text_pca256_lexical_w005
20148,0,minibatch_k64,text_pca256_lexical_w005
20149,23,minibatch_k64,text_pca256_lexical_w005
20150,50,minibatch_k64,text_pca256_lexical_w005
20151,23,minibatch_k64,text_pca256_lexical_w005
20152,5,minibatch_k64,text_pca256_lexical_w005
20153,42,minibatch_k64,text_pca256_lexical_w005
20154,23,minibatch_k64,text_pca256_lexical_w005
20155,23,minibatch_k64,text_pca256_lexical_w005
20156,38,minibatch_k64,text_pca256_lexical_w005
20157,55,minibatch_k64,text_pca256_lexical_w005
20158,23,minibatch_k64,text_pca256_lexical_w005
20159,38,minibatch_k64,text_pca256_lexical_w005
20160,23,minibatch_k64,text_pca256_lexical_w005
20161,23,minibatch_k64,text_pca256_lexical_w005
20162,38,minibatch_k64,text_pca256_lexical_w005
20163,23,minibatch_k64,text_pca256_lexical_w005
20164,0,minibatch_k64,text_pca256_lexical_w005
20165,23,minibatch_k64,text_pca256_lexical_w005
20166,23,minibatch_k64,text_pca256_lexical_w005
20167,53,minibatch_k64,text_pca256_lexical_w005
20168,38,minibatch_k64,text_pca256_lexical_w005
20169,55,minibatch_k64,text_pca256_lexical_w005
20170,23,minibatch_k64,text_pca256_lexical_w005
20171,23,minibatch_k64,text_pca256_lexical_w005
20172,23,minibatch_k64,text_pca256_lexical_w005
20173,18,minibatch_k64,text_pca256_lexical_w005
20174,8,minibatch_k64,text_pca256_lexical_w005
20175,38,minibatch_k64,text_pca256_lexical_w005
20176,15,minibatch_k64,text_pca256_lexical_w005
20177,55,minibatch_k64,text_pca256_lexical_w005
20178,0,minibatch_k64,text_pca256_lexical_w005
20179,23,minibatch_k64,text_pca256_lexical_w005
20180,23,minibatch_k64,text_pca256_lexical_w005
20181,38,minibatch_k64,text_pca256_lexical_w005
20182,55,minibatch_k64,text_pca256_lexical_w005
20183,0,minibatch_k64,text_pca256_lexical_w005
20184,15,minibatch_k64,text_pca256_lexical_w005
20185,23,minibatch_k64,text_pca256_lexical_w005
20186,23,minibatch_k64,text_pca256_lexical_w005
20187,23,minibatch_k64,text_pca256_lexical_w005
20188,38,minibatch_k64,text_pca256_lexical_w005
20189,23,minibatch_k64,text_pca256_lexical_w005
20190,55,minibatch_k64,text_pca256_lexical_w005
20191,0,minibatch_k64,text_pca256_lexical_w005
20192,23,minibatch_k64,text_pca256_lexical_w005
20193,23,minibatch_k64,text_pca256_lexical_w005
20194,23,minibatch_k64,text_pca256_lexical_w005
20195,39,minibatch_k64,text_pca256_lexical_w005
20196,23,minibatch_k64,text_pca256_lexical_w005
20197,0,minibatch_k64,text_pca256_lexical_w005
20198,23,minibatch_k64,text_pca256_lexical_w005
20199,0,minibatch_k64,text_pca256_lexical_w005
20200,23,minibatch_k64,text_pca256_lexical_w005
20201,62,minibatch_k64,text_pca256_lexical_w005
20202,10,minibatch_k64,text_pca256_lexical_w005
20203,59,minibatch_k64,text_pca256_lexical_w005
20204,45,minibatch_k64,text_pca256_lexical_w005
20205,61,minibatch_k64,text_pca256_lexical_w005
20206,23,minibatch_k64,text_pca256_lexical_w005
20207,18,minibatch_k64,text_pca256_lexical_w005
20208,18,minibatch_k64,text_pca256_lexical_w005
20209,59,minibatch_k64,text_pca256_lexical_w005
20210,62,minibatch_k64,text_pca256_lexical_w005
20211,59,minibatch_k64,text_pca256_lexical_w005
20212,23,minibatch_k64,text_pca256_lexical_w005
20213,62,minibatch_k64,text_pca256_lexical_w005
20214,33,minibatch_k64,text_pca256_lexical_w005
20215,23,minibatch_k64,text_pca256_lexical_w005
20216,59,minibatch_k64,text_pca256_lexical_w005
20217,23,minibatch_k64,text_pca256_lexical_w005
20218,23,minibatch_k64,text_pca256_lexical_w005
20219,15,minibatch_k64,text_pca256_lexical_w005
20220,8,minibatch_k64,text_pca256_lexical_w005
20221,15,minibatch_k64,text_pca256_lexical_w005
20222,8,minibatch_k64,text_pca256_lexical_w005
20223,8,minibatch_k64,text_pca256_lexical_w005
20224,8,minibatch_k64,text_pca256_lexical_w005
20225,6,minibatch_k64,text_pca256_lexical_w005
20226,23,minibatch_k64,text_pca256_lexical_w005
20227,59,minibatch_k64,text_pca256_lexical_w005
20228,23,minibatch_k64,text_pca256_lexical_w005
20229,48,minibatch_k64,text_pca256_lexical_w005
20230,23,minibatch_k64,text_pca256_lexical_w005
20231,8,minibatch_k64,text_pca256_lexical_w005
20232,23,minibatch_k64,text_pca256_lexical_w005
20233,8,minibatch_k64,text_pca256_lexical_w005
20234,23,minibatch_k64,text_pca256_lexical_w005
20235,23,minibatch_k64,text_pca256_lexical_w005
20236,23,minibatch_k64,text_pca256_lexical_w005
20237,8,minibatch_k64,text_pca256_lexical_w005
20238,23,minibatch_k64,text_pca256_lexical_w005
20239,23,minibatch_k64,text_pca256_lexical_w005
20240,33,minibatch_k64,text_pca256_lexical_w005
20241,33,minibatch_k64,text_pca256_lexical_w005
20242,62,minibatch_k64,text_pca256_lexical_w005
20243,50,minibatch_k64,text_pca256_lexical_w005
20244,0,minibatch_k64,text_pca256_lexical_w005
20245,10,minibatch_k64,text_pca256_lexical_w005
20246,0,minibatch_k64,text_pca256_lexical_w005
20247,0,minibatch_k64,text_pca256_lexical_w005
20248,2,minibatch_k64,text_pca256_lexical_w005
20249,0,minibatch_k64,text_pca256_lexical_w005
20250,42,minibatch_k64,text_pca256_lexical_w005
20251,33,minibatch_k64,text_pca256_lexical_w005
20252,2,minibatch_k64,text_pca256_lexical_w005
20253,5,minibatch_k64,text_pca256_lexical_w005
20254,33,minibatch_k64,text_pca256_lexical_w005
20255,8,minibatch_k64,text_pca256_lexical_w005
20256,46,minibatch_k64,text_pca256_lexical_w005
20257,42,minibatch_k64,text_pca256_lexical_w005
20258,2,minibatch_k64,text_pca256_lexical_w005
20259,15,minibatch_k64,text_pca256_lexical_w005
20260,2,minibatch_k64,text_pca256_lexical_w005
20261,46,minibatch_k64,text_pca256_lexical_w005
20262,33,minibatch_k64,text_pca256_lexical_w005
20263,46,minibatch_k64,text_pca256_lexical_w005
20264,0,minibatch_k64,text_pca256_lexical_w005
20265,62,minibatch_k64,text_pca256_lexical_w005
20266,46,minibatch_k64,text_pca256_lexical_w005
20267,62,minibatch_k64,text_pca256_lexical_w005
20268,10,minibatch_k64,text_pca256_lexical_w005
20269,46,minibatch_k64,text_pca256_lexical_w005
20270,46,minibatch_k64,text_pca256_lexical_w005
20271,46,minibatch_k64,text_pca256_lexical_w005
20272,46,minibatch_k64,text_pca256_lexical_w005
20273,42,minibatch_k64,text_pca256_lexical_w005
20274,46,minibatch_k64,text_pca256_lexical_w005
20275,2,minibatch_k64,text_pca256_lexical_w005
20276,46,minibatch_k64,text_pca256_lexical_w005
20277,0,minibatch_k64,text_pca256_lexical_w005
20278,46,minibatch_k64,text_pca256_lexical_w005
20279,0,minibatch_k64,text_pca256_lexical_w005
20280,46,minibatch_k64,text_pca256_lexical_w005
20281,0,minibatch_k64,text_pca256_lexical_w005
20282,62,minibatch_k64,text_pca256_lexical_w005
20283,8,minibatch_k64,text_pca256_lexical_w005
20284,46,minibatch_k64,text_pca256_lexical_w005
20285,46,minibatch_k64,text_pca256_lexical_w005
20286,5,minibatch_k64,text_pca256_lexical_w005
20287,0,minibatch_k64,text_pca256_lexical_w005
20288,46,minibatch_k64,text_pca256_lexical_w005
20289,5,minibatch_k64,text_pca256_lexical_w005
20290,0,minibatch_k64,text_pca256_lexical_w005
20291,42,minibatch_k64,text_pca256_lexical_w005
20292,46,minibatch_k64,text_pca256_lexical_w005
20293,62,minibatch_k64,text_pca256_lexical_w005
20294,21,minibatch_k64,text_pca256_lexical_w005
20295,46,minibatch_k64,text_pca256_lexical_w005
20296,8,minibatch_k64,text_pca256_lexical_w005
20297,21,minibatch_k64,text_pca256_lexical_w005
20298,15,minibatch_k64,text_pca256_lexical_w005
20299,8,minibatch_k64,text_pca256_lexical_w005
20300,62,minibatch_k64,text_pca256_lexical_w005
20301,33,minibatch_k64,text_pca256_lexical_w005
20302,46,minibatch_k64,text_pca256_lexical_w005
20303,0,minibatch_k64,text_pca256_lexical_w005
20304,15,minibatch_k64,text_pca256_lexical_w005
20305,0,minibatch_k64,text_pca256_lexical_w005
20306,46,minibatch_k64,text_pca256_lexical_w005
20307,46,minibatch_k64,text_pca256_lexical_w005
20308,2,minibatch_k64,text_pca256_lexical_w005
20309,5,minibatch_k64,text_pca256_lexical_w005
20310,5,minibatch_k64,text_pca256_lexical_w005
20311,2,minibatch_k64,text_pca256_lexical_w005
20312,23,minibatch_k64,text_pca256_lexical_w005
20313,2,minibatch_k64,text_pca256_lexical_w005
20314,5,minibatch_k64,text_pca256_lexical_w005
20315,46,minibatch_k64,text_pca256_lexical_w005
20316,0,minibatch_k64,text_pca256_lexical_w005
20317,33,minibatch_k64,text_pca256_lexical_w005
20318,46,minibatch_k64,text_pca256_lexical_w005
20319,46,minibatch_k64,text_pca256_lexical_w005
20320,5,minibatch_k64,text_pca256_lexical_w005
20321,2,minibatch_k64,text_pca256_lexical_w005
20322,46,minibatch_k64,text_pca256_lexical_w005
20323,21,minibatch_k64,text_pca256_lexical_w005
20324,46,minibatch_k64,text_pca256_lexical_w005
20325,46,minibatch_k64,text_pca256_lexical_w005
20326,46,minibatch_k64,text_pca256_lexical_w005
20327,46,minibatch_k64,text_pca256_lexical_w005
20328,46,minibatch_k64,text_pca256_lexical_w005
20329,46,minibatch_k64,text_pca256_lexical_w005
20330,46,minibatch_k64,text_pca256_lexical_w005
20331,46,minibatch_k64,text_pca256_lexical_w005
20332,46,minibatch_k64,text_pca256_lexical_w005
20333,42,minibatch_k64,text_pca256_lexical_w005
20334,46,minibatch_k64,text_pca256_lexical_w005
20335,5,minibatch_k64,text_pca256_lexical_w005
20336,5,minibatch_k64,text_pca256_lexical_w005
20337,5,minibatch_k64,text_pca256_lexical_w005
20338,46,minibatch_k64,text_pca256_lexical_w005
20339,42,minibatch_k64,text_pca256_lexical_w005
20340,46,minibatch_k64,text_pca256_lexical_w005
20341,46,minibatch_k64,text_pca256_lexical_w005
20342,0,minibatch_k64,text_pca256_lexical_w005
20343,0,minibatch_k64,text_pca256_lexical_w005
20344,21,minibatch_k64,text_pca256_lexical_w005
20345,50,minibatch_k64,text_pca256_lexical_w005
20346,5,minibatch_k64,text_pca256_lexical_w005
20347,23,minibatch_k64,text_pca256_lexical_w005
20348,8,minibatch_k64,text_pca256_lexical_w005
20349,0,minibatch_k64,text_pca256_lexical_w005
20350,0,minibatch_k64,text_pca256_lexical_w005
20351,8,minibatch_k64,text_pca256_lexical_w005
20352,46,minibatch_k64,text_pca256_lexical_w005
20353,5,minibatch_k64,text_pca256_lexical_w005
20354,2,minibatch_k64,text_pca256_lexical_w005
20355,46,minibatch_k64,text_pca256_lexical_w005
20356,46,minibatch_k64,text_pca256_lexical_w005
20357,23,minibatch_k64,text_pca256_lexical_w005
20358,15,minibatch_k64,text_pca256_lexical_w005
20359,33,minibatch_k64,text_pca256_lexical_w005
20360,0,minibatch_k64,text_pca256_lexical_w005
20361,21,minibatch_k64,text_pca256_lexical_w005
20362,8,minibatch_k64,text_pca256_lexical_w005
20363,46,minibatch_k64,text_pca256_lexical_w005
20364,23,minibatch_k64,text_pca256_lexical_w005
20365,0,minibatch_k64,text_pca256_lexical_w005
20366,23,minibatch_k64,text_pca256_lexical_w005
20367,33,minibatch_k64,text_pca256_lexical_w005
20368,0,minibatch_k64,text_pca256_lexical_w005
20369,50,minibatch_k64,text_pca256_lexical_w005
20370,23,minibatch_k64,text_pca256_lexical_w005
20371,0,minibatch_k64,text_pca256_lexical_w005
20372,23,minibatch_k64,text_pca256_lexical_w005
20373,50,minibatch_k64,text_pca256_lexical_w005
20374,23,minibatch_k64,text_pca256_lexical_w005
20375,8,minibatch_k64,text_pca256_lexical_w005
20376,62,minibatch_k64,text_pca256_lexical_w005
20377,8,minibatch_k64,text_pca256_lexical_w005
20378,50,minibatch_k64,text_pca256_lexical_w005
20379,0,minibatch_k64,text_pca256_lexical_w005
20380,23,minibatch_k64,text_pca256_lexical_w005
20381,33,minibatch_k64,text_pca256_lexical_w005
20382,62,minibatch_k64,text_pca256_lexical_w005
20383,0,minibatch_k64,text_pca256_lexical_w005
20384,2,minibatch_k64,text_pca256_lexical_w005
20385,0,minibatch_k64,text_pca256_lexical_w005
20386,0,minibatch_k64,text_pca256_lexical_w005
20387,0,minibatch_k64,text_pca256_lexical_w005
20388,8,minibatch_k64,text_pca256_lexical_w005
20389,0,minibatch_k64,text_pca256_lexical_w005
20390,23,minibatch_k64,text_pca256_lexical_w005
20391,21,minibatch_k64,text_pca256_lexical_w005
20392,10,minibatch_k64,text_pca256_lexical_w005
20393,62,minibatch_k64,text_pca256_lexical_w005
20394,38,minibatch_k64,text_pca256_lexical_w005
20395,58,minibatch_k64,text_pca256_lexical_w005
20396,23,minibatch_k64,text_pca256_lexical_w005
20397,45,minibatch_k64,text_pca256_lexical_w005
20398,37,minibatch_k64,text_pca256_lexical_w005
20399,0,minibatch_k64,text_pca256_lexical_w005
20400,62,minibatch_k64,text_pca256_lexical_w005
20401,62,minibatch_k64,text_pca256_lexical_w005
20402,23,minibatch_k64,text_pca256_lexical_w005
20403,26,minibatch_k64,text_pca256_lexical_w005
20404,62,minibatch_k64,text_pca256_lexical_w005
20405,23,minibatch_k64,text_pca256_lexical_w005
20406,0,minibatch_k64,text_pca256_lexical_w005
20407,40,minibatch_k64,text_pca256_lexical_w005
20408,0,minibatch_k64,text_pca256_lexical_w005
20409,0,minibatch_k64,text_pca256_lexical_w005
20410,12,minibatch_k64,text_pca256_lexical_w005
20411,0,minibatch_k64,text_pca256_lexical_w005
20412,0,minibatch_k64,text_pca256_lexical_w005
20413,48,minibatch_k64,text_pca256_lexical_w005
20414,12,minibatch_k64,text_pca256_lexical_w005
20415,0,minibatch_k64,text_pca256_lexical_w005
20416,40,minibatch_k64,text_pca256_lexical_w005
20417,62,minibatch_k64,text_pca256_lexical_w005
20418,0,minibatch_k64,text_pca256_lexical_w005
20419,62,minibatch_k64,text_pca256_lexical_w005
20420,0,minibatch_k64,text_pca256_lexical_w005
20421,62,minibatch_k64,text_pca256_lexical_w005
20422,0,minibatch_k64,text_pca256_lexical_w005
20423,0,minibatch_k64,text_pca256_lexical_w005
20424,0,minibatch_k64,text_pca256_lexical_w005
20425,0,minibatch_k64,text_pca256_lexical_w005
20426,62,minibatch_k64,text_pca256_lexical_w005
20427,0,minibatch_k64,text_pca256_lexical_w005
20428,21,minibatch_k64,text_pca256_lexical_w005
20429,45,minibatch_k64,text_pca256_lexical_w005
20430,58,minibatch_k64,text_pca256_lexical_w005
20431,40,minibatch_k64,text_pca256_lexical_w005
20432,38,minibatch_k64,text_pca256_lexical_w005
20433,12,minibatch_k64,text_pca256_lexical_w005
20434,23,minibatch_k64,text_pca256_lexical_w005
20435,55,minibatch_k64,text_pca256_lexical_w005
20436,60,minibatch_k64,text_pca256_lexical_w005
20437,5,minibatch_k64,text_pca256_lexical_w005
20438,18,minibatch_k64,text_pca256_lexical_w005
20439,0,minibatch_k64,text_pca256_lexical_w005
20440,15,minibatch_k64,text_pca256_lexical_w005
20441,0,minibatch_k64,text_pca256_lexical_w005
20442,10,minibatch_k64,text_pca256_lexical_w005
20443,40,minibatch_k64,text_pca256_lexical_w005
20444,12,minibatch_k64,text_pca256_lexical_w005
20445,45,minibatch_k64,text_pca256_lexical_w005
20446,62,minibatch_k64,text_pca256_lexical_w005
20447,62,minibatch_k64,text_pca256_lexical_w005
20448,4,minibatch_k64,text_pca256_lexical_w005
20449,0,minibatch_k64,text_pca256_lexical_w005
20450,62,minibatch_k64,text_pca256_lexical_w005
20451,38,minibatch_k64,text_pca256_lexical_w005
20452,58,minibatch_k64,text_pca256_lexical_w005
20453,45,minibatch_k64,text_pca256_lexical_w005
20454,10,minibatch_k64,text_pca256_lexical_w005
20455,54,minibatch_k64,text_pca256_lexical_w005
20456,62,minibatch_k64,text_pca256_lexical_w005
20457,0,minibatch_k64,text_pca256_lexical_w005
20458,2,minibatch_k64,text_pca256_lexical_w005
20459,45,minibatch_k64,text_pca256_lexical_w005
20460,28,minibatch_k64,text_pca256_lexical_w005
20461,45,minibatch_k64,text_pca256_lexical_w005
20462,5,minibatch_k64,text_pca256_lexical_w005
20463,8,minibatch_k64,text_pca256_lexical_w005
20464,0,minibatch_k64,text_pca256_lexical_w005
20465,62,minibatch_k64,text_pca256_lexical_w005
20466,45,minibatch_k64,text_pca256_lexical_w005
20467,2,minibatch_k64,text_pca256_lexical_w005
20468,62,minibatch_k64,text_pca256_lexical_w005
20469,5,minibatch_k64,text_pca256_lexical_w005
20470,33,minibatch_k64,text_pca256_lexical_w005
20471,18,minibatch_k64,text_pca256_lexical_w005
20472,38,minibatch_k64,text_pca256_lexical_w005
20473,45,minibatch_k64,text_pca256_lexical_w005
20474,58,minibatch_k64,text_pca256_lexical_w005
20475,55,minibatch_k64,text_pca256_lexical_w005
20476,0,minibatch_k64,text_pca256_lexical_w005
20477,54,minibatch_k64,text_pca256_lexical_w005
20478,42,minibatch_k64,text_pca256_lexical_w005
20479,0,minibatch_k64,text_pca256_lexical_w005
20480,10,minibatch_k64,text_pca256_lexical_w005
20481,23,minibatch_k64,text_pca256_lexical_w005
20482,0,minibatch_k64,text_pca256_lexical_w005
20483,15,minibatch_k64,text_pca256_lexical_w005
20484,38,minibatch_k64,text_pca256_lexical_w005
20485,45,minibatch_k64,text_pca256_lexical_w005
20486,0,minibatch_k64,text_pca256_lexical_w005
20487,35,minibatch_k64,text_pca256_lexical_w005
20488,59,minibatch_k64,text_pca256_lexical_w005
20489,39,minibatch_k64,text_pca256_lexical_w005
20490,0,minibatch_k64,text_pca256_lexical_w005
20491,0,minibatch_k64,text_pca256_lexical_w005
20492,38,minibatch_k64,text_pca256_lexical_w005
20493,58,minibatch_k64,text_pca256_lexical_w005
20494,55,minibatch_k64,text_pca256_lexical_w005
20495,37,minibatch_k64,text_pca256_lexical_w005
20496,20,minibatch_k64,text_pca256_lexical_w005
20497,15,minibatch_k64,text_pca256_lexical_w005
20498,0,minibatch_k64,text_pca256_lexical_w005
20499,38,minibatch_k64,text_pca256_lexical_w005
20500,55,minibatch_k64,text_pca256_lexical_w005
20501,54,minibatch_k64,text_pca256_lexical_w005
20502,10,minibatch_k64,text_pca256_lexical_w005
20503,59,minibatch_k64,text_pca256_lexical_w005
20504,39,minibatch_k64,text_pca256_lexical_w005
20505,38,minibatch_k64,text_pca256_lexical_w005
20506,36,minibatch_k64,text_pca256_lexical_w005
20507,55,minibatch_k64,text_pca256_lexical_w005
20508,37,minibatch_k64,text_pca256_lexical_w005
20509,10,minibatch_k64,text_pca256_lexical_w005
20510,8,minibatch_k64,text_pca256_lexical_w005
20511,23,minibatch_k64,text_pca256_lexical_w005
20512,18,minibatch_k64,text_pca256_lexical_w005
20513,45,minibatch_k64,text_pca256_lexical_w005
20514,38,minibatch_k64,text_pca256_lexical_w005
20515,10,minibatch_k64,text_pca256_lexical_w005
20516,36,minibatch_k64,text_pca256_lexical_w005
20517,55,minibatch_k64,text_pca256_lexical_w005
20518,60,minibatch_k64,text_pca256_lexical_w005
20519,0,minibatch_k64,text_pca256_lexical_w005
20520,47,minibatch_k64,text_pca256_lexical_w005
20521,39,minibatch_k64,text_pca256_lexical_w005
20522,39,minibatch_k64,text_pca256_lexical_w005
20523,39,minibatch_k64,text_pca256_lexical_w005
20524,0,minibatch_k64,text_pca256_lexical_w005
20525,45,minibatch_k64,text_pca256_lexical_w005
20526,10,minibatch_k64,text_pca256_lexical_w005
20527,45,minibatch_k64,text_pca256_lexical_w005
20528,36,minibatch_k64,text_pca256_lexical_w005
20529,55,minibatch_k64,text_pca256_lexical_w005
20530,59,minibatch_k64,text_pca256_lexical_w005
20531,37,minibatch_k64,text_pca256_lexical_w005
20532,45,minibatch_k64,text_pca256_lexical_w005
20533,15,minibatch_k64,text_pca256_lexical_w005
20534,2,minibatch_k64,text_pca256_lexical_w005
20535,59,minibatch_k64,text_pca256_lexical_w005
20536,45,minibatch_k64,text_pca256_lexical_w005
20537,38,minibatch_k64,text_pca256_lexical_w005
20538,45,minibatch_k64,text_pca256_lexical_w005
20539,36,minibatch_k64,text_pca256_lexical_w005
20540,59,minibatch_k64,text_pca256_lexical_w005
20541,60,minibatch_k64,text_pca256_lexical_w005
20542,62,minibatch_k64,text_pca256_lexical_w005
20543,59,minibatch_k64,text_pca256_lexical_w005
20544,59,minibatch_k64,text_pca256_lexical_w005
20545,2,minibatch_k64,text_pca256_lexical_w005
20546,45,minibatch_k64,text_pca256_lexical_w005
20547,59,minibatch_k64,text_pca256_lexical_w005
20548,10,minibatch_k64,text_pca256_lexical_w005
20549,10,minibatch_k64,text_pca256_lexical_w005
20550,59,minibatch_k64,text_pca256_lexical_w005
20551,45,minibatch_k64,text_pca256_lexical_w005
20552,17,minibatch_k64,text_pca256_lexical_w005
20553,59,minibatch_k64,text_pca256_lexical_w005
20554,0,minibatch_k64,text_pca256_lexical_w005
20555,23,minibatch_k64,text_pca256_lexical_w005
20556,59,minibatch_k64,text_pca256_lexical_w005
20557,8,minibatch_k64,text_pca256_lexical_w005
20558,2,minibatch_k64,text_pca256_lexical_w005
20559,45,minibatch_k64,text_pca256_lexical_w005
20560,62,minibatch_k64,text_pca256_lexical_w005
20561,62,minibatch_k64,text_pca256_lexical_w005
20562,59,minibatch_k64,text_pca256_lexical_w005
20563,18,minibatch_k64,text_pca256_lexical_w005
20564,59,minibatch_k64,text_pca256_lexical_w005
20565,59,minibatch_k64,text_pca256_lexical_w005
20566,59,minibatch_k64,text_pca256_lexical_w005
20567,8,minibatch_k64,text_pca256_lexical_w005
20568,59,minibatch_k64,text_pca256_lexical_w005
20569,18,minibatch_k64,text_pca256_lexical_w005
20570,18,minibatch_k64,text_pca256_lexical_w005
20571,18,minibatch_k64,text_pca256_lexical_w005
20572,45,minibatch_k64,text_pca256_lexical_w005
20573,45,minibatch_k64,text_pca256_lexical_w005
20574,62,minibatch_k64,text_pca256_lexical_w005
20575,2,minibatch_k64,text_pca256_lexical_w005
20576,18,minibatch_k64,text_pca256_lexical_w005
20577,27,minibatch_k64,text_pca256_lexical_w005
20578,45,minibatch_k64,text_pca256_lexical_w005
20579,59,minibatch_k64,text_pca256_lexical_w005
20580,18,minibatch_k64,text_pca256_lexical_w005
20581,18,minibatch_k64,text_pca256_lexical_w005
20582,62,minibatch_k64,text_pca256_lexical_w005
20583,2,minibatch_k64,text_pca256_lexical_w005
20584,59,minibatch_k64,text_pca256_lexical_w005
20585,23,minibatch_k64,text_pca256_lexical_w005
20586,8,minibatch_k64,text_pca256_lexical_w005
20587,45,minibatch_k64,text_pca256_lexical_w005
20588,62,minibatch_k64,text_pca256_lexical_w005
20589,59,minibatch_k64,text_pca256_lexical_w005
20590,15,minibatch_k64,text_pca256_lexical_w005
20591,45,minibatch_k64,text_pca256_lexical_w005
20592,45,minibatch_k64,text_pca256_lexical_w005
20593,59,minibatch_k64,text_pca256_lexical_w005
20594,10,minibatch_k64,text_pca256_lexical_w005
20595,45,minibatch_k64,text_pca256_lexical_w005
20596,7,minibatch_k64,text_pca256_lexical_w005
20597,34,minibatch_k64,text_pca256_lexical_w005
20598,34,minibatch_k64,text_pca256_lexical_w005
20599,34,minibatch_k64,text_pca256_lexical_w005
20600,59,minibatch_k64,text_pca256_lexical_w005
20601,34,minibatch_k64,text_pca256_lexical_w005
20602,7,minibatch_k64,text_pca256_lexical_w005
20603,34,minibatch_k64,text_pca256_lexical_w005
20604,6,minibatch_k64,text_pca256_lexical_w005
20605,34,minibatch_k64,text_pca256_lexical_w005
20606,34,minibatch_k64,text_pca256_lexical_w005
20607,45,minibatch_k64,text_pca256_lexical_w005
20608,59,minibatch_k64,text_pca256_lexical_w005
20609,34,minibatch_k64,text_pca256_lexical_w005
20610,34,minibatch_k64,text_pca256_lexical_w005
20611,34,minibatch_k64,text_pca256_lexical_w005
20612,6,minibatch_k64,text_pca256_lexical_w005
20613,34,minibatch_k64,text_pca256_lexical_w005
20614,7,minibatch_k64,text_pca256_lexical_w005
20615,34,minibatch_k64,text_pca256_lexical_w005
20616,21,minibatch_k64,text_pca256_lexical_w005
20617,0,minibatch_k64,text_pca256_lexical_w005
20618,45,minibatch_k64,text_pca256_lexical_w005
20619,8,minibatch_k64,text_pca256_lexical_w005
20620,59,minibatch_k64,text_pca256_lexical_w005
20621,59,minibatch_k64,text_pca256_lexical_w005
20622,59,minibatch_k64,text_pca256_lexical_w005
20623,21,minibatch_k64,text_pca256_lexical_w005
20624,0,minibatch_k64,text_pca256_lexical_w005
20625,59,minibatch_k64,text_pca256_lexical_w005
20626,59,minibatch_k64,text_pca256_lexical_w005
20627,10,minibatch_k64,text_pca256_lexical_w005
20628,45,minibatch_k64,text_pca256_lexical_w005
20629,0,minibatch_k64,text_pca256_lexical_w005
20630,59,minibatch_k64,text_pca256_lexical_w005
20631,6,minibatch_k64,text_pca256_lexical_w005
20632,45,minibatch_k64,text_pca256_lexical_w005
20633,41,minibatch_k64,text_pca256_lexical_w005
20634,59,minibatch_k64,text_pca256_lexical_w005
20635,59,minibatch_k64,text_pca256_lexical_w005
20636,59,minibatch_k64,text_pca256_lexical_w005
20637,33,minibatch_k64,text_pca256_lexical_w005
20638,41,minibatch_k64,text_pca256_lexical_w005
20639,59,minibatch_k64,text_pca256_lexical_w005
20640,59,minibatch_k64,text_pca256_lexical_w005
20641,59,minibatch_k64,text_pca256_lexical_w005
20642,41,minibatch_k64,text_pca256_lexical_w005
20643,41,minibatch_k64,text_pca256_lexical_w005
20644,41,minibatch_k64,text_pca256_lexical_w005
20645,41,minibatch_k64,text_pca256_lexical_w005
20646,41,minibatch_k64,text_pca256_lexical_w005
20647,41,minibatch_k64,text_pca256_lexical_w005
20648,41,minibatch_k64,text_pca256_lexical_w005
20649,41,minibatch_k64,text_pca256_lexical_w005
20650,41,minibatch_k64,text_pca256_lexical_w005
20651,41,minibatch_k64,text_pca256_lexical_w005
20652,59,minibatch_k64,text_pca256_lexical_w005
20653,48,minibatch_k64,text_pca256_lexical_w005
20654,59,minibatch_k64,text_pca256_lexical_w005
20655,48,minibatch_k64,text_pca256_lexical_w005
20656,59,minibatch_k64,text_pca256_lexical_w005
20657,8,minibatch_k64,text_pca256_lexical_w005
20658,62,minibatch_k64,text_pca256_lexical_w005
20659,15,minibatch_k64,text_pca256_lexical_w005
20660,62,minibatch_k64,text_pca256_lexical_w005
20661,0,minibatch_k64,text_pca256_lexical_w005
20662,56,minibatch_k64,text_pca256_lexical_w005
20663,62,minibatch_k64,text_pca256_lexical_w005
20664,15,minibatch_k64,text_pca256_lexical_w005
20665,62,minibatch_k64,text_pca256_lexical_w005
20666,47,minibatch_k64,text_pca256_lexical_w005
20667,47,minibatch_k64,text_pca256_lexical_w005
20668,62,minibatch_k64,text_pca256_lexical_w005
20669,55,minibatch_k64,text_pca256_lexical_w005
20670,0,minibatch_k64,text_pca256_lexical_w005
20671,62,minibatch_k64,text_pca256_lexical_w005
20672,32,minibatch_k64,text_pca256_lexical_w005
20673,10,minibatch_k64,text_pca256_lexical_w005
20674,10,minibatch_k64,text_pca256_lexical_w005
20675,45,minibatch_k64,text_pca256_lexical_w005
20676,0,minibatch_k64,text_pca256_lexical_w005
20677,56,minibatch_k64,text_pca256_lexical_w005
20678,62,minibatch_k64,text_pca256_lexical_w005
20679,62,minibatch_k64,text_pca256_lexical_w005
20680,0,minibatch_k64,text_pca256_lexical_w005
20681,56,minibatch_k64,text_pca256_lexical_w005
20682,0,minibatch_k64,text_pca256_lexical_w005
20683,62,minibatch_k64,text_pca256_lexical_w005
20684,55,minibatch_k64,text_pca256_lexical_w005
20685,8,minibatch_k64,text_pca256_lexical_w005
20686,56,minibatch_k64,text_pca256_lexical_w005
20687,47,minibatch_k64,text_pca256_lexical_w005
20688,55,minibatch_k64,text_pca256_lexical_w005
20689,56,minibatch_k64,text_pca256_lexical_w005
20690,23,minibatch_k64,text_pca256_lexical_w005
20691,56,minibatch_k64,text_pca256_lexical_w005
20692,5,minibatch_k64,text_pca256_lexical_w005
20693,56,minibatch_k64,text_pca256_lexical_w005
20694,39,minibatch_k64,text_pca256_lexical_w005
20695,29,minibatch_k64,text_pca256_lexical_w005
20696,62,minibatch_k64,text_pca256_lexical_w005
20697,29,minibatch_k64,text_pca256_lexical_w005
20698,0,minibatch_k64,text_pca256_lexical_w005
20699,29,minibatch_k64,text_pca256_lexical_w005
20700,47,minibatch_k64,text_pca256_lexical_w005
20701,29,minibatch_k64,text_pca256_lexical_w005
20702,39,minibatch_k64,text_pca256_lexical_w005
20703,33,minibatch_k64,text_pca256_lexical_w005
20704,0,minibatch_k64,text_pca256_lexical_w005
20705,47,minibatch_k64,text_pca256_lexical_w005
20706,47,minibatch_k64,text_pca256_lexical_w005
20707,56,minibatch_k64,text_pca256_lexical_w005
20708,29,minibatch_k64,text_pca256_lexical_w005
20709,29,minibatch_k64,text_pca256_lexical_w005
20710,29,minibatch_k64,text_pca256_lexical_w005
20711,47,minibatch_k64,text_pca256_lexical_w005
20712,0,minibatch_k64,text_pca256_lexical_w005
20713,55,minibatch_k64,text_pca256_lexical_w005
20714,62,minibatch_k64,text_pca256_lexical_w005
20715,23,minibatch_k64,text_pca256_lexical_w005
20716,62,minibatch_k64,text_pca256_lexical_w005
20717,62,minibatch_k64,text_pca256_lexical_w005
20718,59,minibatch_k64,text_pca256_lexical_w005
20719,59,minibatch_k64,text_pca256_lexical_w005
20720,59,minibatch_k64,text_pca256_lexical_w005
20721,55,minibatch_k64,text_pca256_lexical_w005
20722,0,minibatch_k64,text_pca256_lexical_w005
20723,62,minibatch_k64,text_pca256_lexical_w005
20724,0,minibatch_k64,text_pca256_lexical_w005
20725,32,minibatch_k64,text_pca256_lexical_w005
20726,0,minibatch_k64,text_pca256_lexical_w005
20727,50,minibatch_k64,text_pca256_lexical_w005
20728,39,minibatch_k64,text_pca256_lexical_w005
20729,62,minibatch_k64,text_pca256_lexical_w005
20730,47,minibatch_k64,text_pca256_lexical_w005
20731,0,minibatch_k64,text_pca256_lexical_w005
20732,56,minibatch_k64,text_pca256_lexical_w005
20733,18,minibatch_k64,text_pca256_lexical_w005
20734,56,minibatch_k64,text_pca256_lexical_w005
20735,59,minibatch_k64,text_pca256_lexical_w005
20736,18,minibatch_k64,text_pca256_lexical_w005
20737,53,minibatch_k64,text_pca256_lexical_w005
20738,55,minibatch_k64,text_pca256_lexical_w005
20739,45,minibatch_k64,text_pca256_lexical_w005
20740,45,minibatch_k64,text_pca256_lexical_w005
20741,56,minibatch_k64,text_pca256_lexical_w005
20742,45,minibatch_k64,text_pca256_lexical_w005
20743,0,minibatch_k64,text_pca256_lexical_w005
20744,18,minibatch_k64,text_pca256_lexical_w005
20745,45,minibatch_k64,text_pca256_lexical_w005
20746,56,minibatch_k64,text_pca256_lexical_w005
20747,18,minibatch_k64,text_pca256_lexical_w005
20748,56,minibatch_k64,text_pca256_lexical_w005
20749,18,minibatch_k64,text_pca256_lexical_w005
20750,45,minibatch_k64,text_pca256_lexical_w005
20751,10,minibatch_k64,text_pca256_lexical_w005
20752,41,minibatch_k64,text_pca256_lexical_w005
20753,41,minibatch_k64,text_pca256_lexical_w005
20754,41,minibatch_k64,text_pca256_lexical_w005
20755,56,minibatch_k64,text_pca256_lexical_w005
20756,59,minibatch_k64,text_pca256_lexical_w005
20757,59,minibatch_k64,text_pca256_lexical_w005
20758,56,minibatch_k64,text_pca256_lexical_w005
20759,56,minibatch_k64,text_pca256_lexical_w005
20760,59,minibatch_k64,text_pca256_lexical_w005
20761,27,minibatch_k64,text_pca256_lexical_w005
20762,59,minibatch_k64,text_pca256_lexical_w005
20763,56,minibatch_k64,text_pca256_lexical_w005
20764,56,minibatch_k64,text_pca256_lexical_w005
20765,34,minibatch_k64,text_pca256_lexical_w005
20766,6,minibatch_k64,text_pca256_lexical_w005
20767,6,minibatch_k64,text_pca256_lexical_w005
20768,6,minibatch_k64,text_pca256_lexical_w005
20769,62,minibatch_k64,text_pca256_lexical_w005
20770,6,minibatch_k64,text_pca256_lexical_w005
20771,6,minibatch_k64,text_pca256_lexical_w005
20772,2,minibatch_k64,text_pca256_lexical_w005
20773,20,minibatch_k64,text_pca256_lexical_w005
20774,23,minibatch_k64,text_pca256_lexical_w005
20775,40,minibatch_k64,text_pca256_lexical_w005
20776,8,minibatch_k64,text_pca256_lexical_w005
20777,23,minibatch_k64,text_pca256_lexical_w005
20778,0,minibatch_k64,text_pca256_lexical_w005
20779,10,minibatch_k64,text_pca256_lexical_w005
20780,23,minibatch_k64,text_pca256_lexical_w005
20781,62,minibatch_k64,text_pca256_lexical_w005
20782,0,minibatch_k64,text_pca256_lexical_w005
20783,23,minibatch_k64,text_pca256_lexical_w005
20784,23,minibatch_k64,text_pca256_lexical_w005
20785,15,minibatch_k64,text_pca256_lexical_w005
20786,6,minibatch_k64,text_pca256_lexical_w005
20787,6,minibatch_k64,text_pca256_lexical_w005
20788,6,minibatch_k64,text_pca256_lexical_w005
20789,6,minibatch_k64,text_pca256_lexical_w005
20790,6,minibatch_k64,text_pca256_lexical_w005
20791,39,minibatch_k64,text_pca256_lexical_w005
20792,39,minibatch_k64,text_pca256_lexical_w005
20793,8,minibatch_k64,text_pca256_lexical_w005
20794,39,minibatch_k64,text_pca256_lexical_w005
20795,10,minibatch_k64,text_pca256_lexical_w005
20796,0,minibatch_k64,text_pca256_lexical_w005
20797,62,minibatch_k64,text_pca256_lexical_w005
20798,8,minibatch_k64,text_pca256_lexical_w005
20799,8,minibatch_k64,text_pca256_lexical_w005
20800,39,minibatch_k64,text_pca256_lexical_w005
20801,5,minibatch_k64,text_pca256_lexical_w005
20802,42,minibatch_k64,text_pca256_lexical_w005
20803,21,minibatch_k64,text_pca256_lexical_w005
20804,5,minibatch_k64,text_pca256_lexical_w005
20805,5,minibatch_k64,text_pca256_lexical_w005
20806,21,minibatch_k64,text_pca256_lexical_w005
20807,10,minibatch_k64,text_pca256_lexical_w005
20808,5,minibatch_k64,text_pca256_lexical_w005
20809,62,minibatch_k64,text_pca256_lexical_w005
20810,5,minibatch_k64,text_pca256_lexical_w005
20811,5,minibatch_k64,text_pca256_lexical_w005
20812,5,minibatch_k64,text_pca256_lexical_w005
20813,5,minibatch_k64,text_pca256_lexical_w005
20814,5,minibatch_k64,text_pca256_lexical_w005
20815,5,minibatch_k64,text_pca256_lexical_w005
20816,46,minibatch_k64,text_pca256_lexical_w005
20817,5,minibatch_k64,text_pca256_lexical_w005
20818,5,minibatch_k64,text_pca256_lexical_w005
20819,5,minibatch_k64,text_pca256_lexical_w005
20820,5,minibatch_k64,text_pca256_lexical_w005
20821,46,minibatch_k64,text_pca256_lexical_w005
20822,5,minibatch_k64,text_pca256_lexical_w005
20823,2,minibatch_k64,text_pca256_lexical_w005
20824,5,minibatch_k64,text_pca256_lexical_w005
20825,5,minibatch_k64,text_pca256_lexical_w005
20826,5,minibatch_k64,text_pca256_lexical_w005
20827,5,minibatch_k64,text_pca256_lexical_w005
20828,5,minibatch_k64,text_pca256_lexical_w005
20829,5,minibatch_k64,text_pca256_lexical_w005
20830,39,minibatch_k64,text_pca256_lexical_w005
20831,5,minibatch_k64,text_pca256_lexical_w005
20832,5,minibatch_k64,text_pca256_lexical_w005
20833,39,minibatch_k64,text_pca256_lexical_w005
20834,5,minibatch_k64,text_pca256_lexical_w005
20835,5,minibatch_k64,text_pca256_lexical_w005
20836,5,minibatch_k64,text_pca256_lexical_w005
20837,5,minibatch_k64,text_pca256_lexical_w005
20838,5,minibatch_k64,text_pca256_lexical_w005
20839,5,minibatch_k64,text_pca256_lexical_w005
20840,5,minibatch_k64,text_pca256_lexical_w005
20841,59,minibatch_k64,text_pca256_lexical_w005
20842,59,minibatch_k64,text_pca256_lexical_w005
20843,5,minibatch_k64,text_pca256_lexical_w005
20844,5,minibatch_k64,text_pca256_lexical_w005
20845,5,minibatch_k64,text_pca256_lexical_w005
20846,33,minibatch_k64,text_pca256_lexical_w005
20847,5,minibatch_k64,text_pca256_lexical_w005
20848,5,minibatch_k64,text_pca256_lexical_w005
20849,5,minibatch_k64,text_pca256_lexical_w005
20850,5,minibatch_k64,text_pca256_lexical_w005
20851,39,minibatch_k64,text_pca256_lexical_w005
20852,5,minibatch_k64,text_pca256_lexical_w005
20853,0,minibatch_k64,text_pca256_lexical_w005
20854,21,minibatch_k64,text_pca256_lexical_w005
20855,0,minibatch_k64,text_pca256_lexical_w005
20856,15,minibatch_k64,text_pca256_lexical_w005
20857,62,minibatch_k64,text_pca256_lexical_w005
20858,5,minibatch_k64,text_pca256_lexical_w005
20859,5,minibatch_k64,text_pca256_lexical_w005
20860,5,minibatch_k64,text_pca256_lexical_w005
20861,62,minibatch_k64,text_pca256_lexical_w005
20862,5,minibatch_k64,text_pca256_lexical_w005
20863,5,minibatch_k64,text_pca256_lexical_w005
20864,5,minibatch_k64,text_pca256_lexical_w005
20865,5,minibatch_k64,text_pca256_lexical_w005
20866,0,minibatch_k64,text_pca256_lexical_w005
20867,46,minibatch_k64,text_pca256_lexical_w005
20868,62,minibatch_k64,text_pca256_lexical_w005
20869,5,minibatch_k64,text_pca256_lexical_w005
20870,5,minibatch_k64,text_pca256_lexical_w005
20871,5,minibatch_k64,text_pca256_lexical_w005
20872,5,minibatch_k64,text_pca256_lexical_w005
20873,62,minibatch_k64,text_pca256_lexical_w005
20874,0,minibatch_k64,text_pca256_lexical_w005
20875,42,minibatch_k64,text_pca256_lexical_w005
20876,5,minibatch_k64,text_pca256_lexical_w005
20877,5,minibatch_k64,text_pca256_lexical_w005
20878,5,minibatch_k64,text_pca256_lexical_w005
20879,39,minibatch_k64,text_pca256_lexical_w005
20880,5,minibatch_k64,text_pca256_lexical_w005
20881,5,minibatch_k64,text_pca256_lexical_w005
20882,15,minibatch_k64,text_pca256_lexical_w005
20883,15,minibatch_k64,text_pca256_lexical_w005
20884,0,minibatch_k64,text_pca256_lexical_w005
20885,0,minibatch_k64,text_pca256_lexical_w005
20886,59,minibatch_k64,text_pca256_lexical_w005
20887,8,minibatch_k64,text_pca256_lexical_w005
20888,62,minibatch_k64,text_pca256_lexical_w005
20889,5,minibatch_k64,text_pca256_lexical_w005
20890,62,minibatch_k64,text_pca256_lexical_w005
20891,5,minibatch_k64,text_pca256_lexical_w005
20892,42,minibatch_k64,text_pca256_lexical_w005
20893,42,minibatch_k64,text_pca256_lexical_w005
20894,5,minibatch_k64,text_pca256_lexical_w005
20895,5,minibatch_k64,text_pca256_lexical_w005
20896,5,minibatch_k64,text_pca256_lexical_w005
20897,5,minibatch_k64,text_pca256_lexical_w005
20898,5,minibatch_k64,text_pca256_lexical_w005
20899,5,minibatch_k64,text_pca256_lexical_w005
20900,5,minibatch_k64,text_pca256_lexical_w005
20901,5,minibatch_k64,text_pca256_lexical_w005
20902,5,minibatch_k64,text_pca256_lexical_w005
20903,5,minibatch_k64,text_pca256_lexical_w005
20904,15,minibatch_k64,text_pca256_lexical_w005
20905,21,minibatch_k64,text_pca256_lexical_w005
20906,23,minibatch_k64,text_pca256_lexical_w005
20907,42,minibatch_k64,text_pca256_lexical_w005
20908,59,minibatch_k64,text_pca256_lexical_w005
20909,33,minibatch_k64,text_pca256_lexical_w005
20910,23,minibatch_k64,text_pca256_lexical_w005
20911,5,minibatch_k64,text_pca256_lexical_w005
20912,5,minibatch_k64,text_pca256_lexical_w005
20913,15,minibatch_k64,text_pca256_lexical_w005
20914,15,minibatch_k64,text_pca256_lexical_w005
20915,15,minibatch_k64,text_pca256_lexical_w005
20916,33,minibatch_k64,text_pca256_lexical_w005
20917,33,minibatch_k64,text_pca256_lexical_w005
20918,56,minibatch_k64,text_pca256_lexical_w005
20919,23,minibatch_k64,text_pca256_lexical_w005
20920,8,minibatch_k64,text_pca256_lexical_w005
20921,0,minibatch_k64,text_pca256_lexical_w005
20922,33,minibatch_k64,text_pca256_lexical_w005
20923,33,minibatch_k64,text_pca256_lexical_w005
20924,56,minibatch_k64,text_pca256_lexical_w005
20925,5,minibatch_k64,text_pca256_lexical_w005
20926,56,minibatch_k64,text_pca256_lexical_w005
20927,46,minibatch_k64,text_pca256_lexical_w005
20928,56,minibatch_k64,text_pca256_lexical_w005
20929,5,minibatch_k64,text_pca256_lexical_w005
20930,56,minibatch_k64,text_pca256_lexical_w005
20931,8,minibatch_k64,text_pca256_lexical_w005
20932,56,minibatch_k64,text_pca256_lexical_w005
20933,56,minibatch_k64,text_pca256_lexical_w005
20934,56,minibatch_k64,text_pca256_lexical_w005
20935,56,minibatch_k64,text_pca256_lexical_w005
20936,56,minibatch_k64,text_pca256_lexical_w005
20937,56,minibatch_k64,text_pca256_lexical_w005
20938,56,minibatch_k64,text_pca256_lexical_w005
20939,56,minibatch_k64,text_pca256_lexical_w005
20940,56,minibatch_k64,text_pca256_lexical_w005
20941,21,minibatch_k64,text_pca256_lexical_w005
20942,0,minibatch_k64,text_pca256_lexical_w005
20943,56,minibatch_k64,text_pca256_lexical_w005
20944,21,minibatch_k64,text_pca256_lexical_w005
20945,21,minibatch_k64,text_pca256_lexical_w005
20946,56,minibatch_k64,text_pca256_lexical_w005
20947,56,minibatch_k64,text_pca256_lexical_w005
20948,0,minibatch_k64,text_pca256_lexical_w005
20949,21,minibatch_k64,text_pca256_lexical_w005
20950,0,minibatch_k64,text_pca256_lexical_w005
20951,56,minibatch_k64,text_pca256_lexical_w005
20952,56,minibatch_k64,text_pca256_lexical_w005
20953,8,minibatch_k64,text_pca256_lexical_w005
20954,56,minibatch_k64,text_pca256_lexical_w005
20955,52,minibatch_k64,text_pca256_lexical_w005
20956,8,minibatch_k64,text_pca256_lexical_w005
20957,8,minibatch_k64,text_pca256_lexical_w005
20958,8,minibatch_k64,text_pca256_lexical_w005
20959,56,minibatch_k64,text_pca256_lexical_w005
20960,56,minibatch_k64,text_pca256_lexical_w005
20961,8,minibatch_k64,text_pca256_lexical_w005
20962,56,minibatch_k64,text_pca256_lexical_w005
20963,56,minibatch_k64,text_pca256_lexical_w005
20964,56,minibatch_k64,text_pca256_lexical_w005
20965,25,minibatch_k64,text_pca256_lexical_w005
20966,56,minibatch_k64,text_pca256_lexical_w005
20967,15,minibatch_k64,text_pca256_lexical_w005
20968,15,minibatch_k64,text_pca256_lexical_w005
20969,56,minibatch_k64,text_pca256_lexical_w005
20970,56,minibatch_k64,text_pca256_lexical_w005
20971,56,minibatch_k64,text_pca256_lexical_w005
20972,56,minibatch_k64,text_pca256_lexical_w005
20973,56,minibatch_k64,text_pca256_lexical_w005
20974,56,minibatch_k64,text_pca256_lexical_w005
20975,38,minibatch_k64,text_pca256_lexical_w005
20976,56,minibatch_k64,text_pca256_lexical_w005
20977,55,minibatch_k64,text_pca256_lexical_w005
20978,56,minibatch_k64,text_pca256_lexical_w005
20979,4,minibatch_k64,text_pca256_lexical_w005
20980,56,minibatch_k64,text_pca256_lexical_w005
20981,56,minibatch_k64,text_pca256_lexical_w005
20982,50,minibatch_k64,text_pca256_lexical_w005
20983,52,minibatch_k64,text_pca256_lexical_w005
20984,50,minibatch_k64,text_pca256_lexical_w005
20985,56,minibatch_k64,text_pca256_lexical_w005
20986,56,minibatch_k64,text_pca256_lexical_w005
20987,56,minibatch_k64,text_pca256_lexical_w005
20988,52,minibatch_k64,text_pca256_lexical_w005
20989,56,minibatch_k64,text_pca256_lexical_w005
20990,21,minibatch_k64,text_pca256_lexical_w005
20991,56,minibatch_k64,text_pca256_lexical_w005
20992,25,minibatch_k64,text_pca256_lexical_w005
20993,56,minibatch_k64,text_pca256_lexical_w005
20994,56,minibatch_k64,text_pca256_lexical_w005
20995,21,minibatch_k64,text_pca256_lexical_w005
20996,56,minibatch_k64,text_pca256_lexical_w005
20997,56,minibatch_k64,text_pca256_lexical_w005
20998,38,minibatch_k64,text_pca256_lexical_w005
20999,21,minibatch_k64,text_pca256_lexical_w005
21000,56,minibatch_k64,text_pca256_lexical_w005
21001,56,minibatch_k64,text_pca256_lexical_w005
21002,55,minibatch_k64,text_pca256_lexical_w005
21003,52,minibatch_k64,text_pca256_lexical_w005
21004,56,minibatch_k64,text_pca256_lexical_w005
21005,0,minibatch_k64,text_pca256_lexical_w005
21006,15,minibatch_k64,text_pca256_lexical_w005
21007,0,minibatch_k64,text_pca256_lexical_w005
21008,56,minibatch_k64,text_pca256_lexical_w005
21009,52,minibatch_k64,text_pca256_lexical_w005
21010,56,minibatch_k64,text_pca256_lexical_w005
21011,21,minibatch_k64,text_pca256_lexical_w005
21012,56,minibatch_k64,text_pca256_lexical_w005
21013,56,minibatch_k64,text_pca256_lexical_w005
21014,42,minibatch_k64,text_pca256_lexical_w005
21015,56,minibatch_k64,text_pca256_lexical_w005
21016,0,minibatch_k64,text_pca256_lexical_w005
21017,56,minibatch_k64,text_pca256_lexical_w005
21018,8,minibatch_k64,text_pca256_lexical_w005
21019,56,minibatch_k64,text_pca256_lexical_w005
21020,8,minibatch_k64,text_pca256_lexical_w005
21021,38,minibatch_k64,text_pca256_lexical_w005
21022,56,minibatch_k64,text_pca256_lexical_w005
21023,5,minibatch_k64,text_pca256_lexical_w005
21024,56,minibatch_k64,text_pca256_lexical_w005
21025,56,minibatch_k64,text_pca256_lexical_w005
21026,21,minibatch_k64,text_pca256_lexical_w005
21027,25,minibatch_k64,text_pca256_lexical_w005
21028,38,minibatch_k64,text_pca256_lexical_w005
21029,56,minibatch_k64,text_pca256_lexical_w005
21030,56,minibatch_k64,text_pca256_lexical_w005
21031,62,minibatch_k64,text_pca256_lexical_w005
21032,0,minibatch_k64,text_pca256_lexical_w005
21033,56,minibatch_k64,text_pca256_lexical_w005
21034,45,minibatch_k64,text_pca256_lexical_w005
21035,4,minibatch_k64,text_pca256_lexical_w005
21036,4,minibatch_k64,text_pca256_lexical_w005
21037,4,minibatch_k64,text_pca256_lexical_w005
21038,4,minibatch_k64,text_pca256_lexical_w005
21039,23,minibatch_k64,text_pca256_lexical_w005
21040,56,minibatch_k64,text_pca256_lexical_w005
21041,56,minibatch_k64,text_pca256_lexical_w005
21042,56,minibatch_k64,text_pca256_lexical_w005
21043,56,minibatch_k64,text_pca256_lexical_w005
21044,56,minibatch_k64,text_pca256_lexical_w005
21045,8,minibatch_k64,text_pca256_lexical_w005
21046,15,minibatch_k64,text_pca256_lexical_w005
21047,56,minibatch_k64,text_pca256_lexical_w005
21048,56,minibatch_k64,text_pca256_lexical_w005
21049,15,minibatch_k64,text_pca256_lexical_w005
21050,56,minibatch_k64,text_pca256_lexical_w005
21051,25,minibatch_k64,text_pca256_lexical_w005
21052,62,minibatch_k64,text_pca256_lexical_w005
21053,62,minibatch_k64,text_pca256_lexical_w005
21054,56,minibatch_k64,text_pca256_lexical_w005
21055,56,minibatch_k64,text_pca256_lexical_w005
21056,56,minibatch_k64,text_pca256_lexical_w005
21057,21,minibatch_k64,text_pca256_lexical_w005
21058,33,minibatch_k64,text_pca256_lexical_w005
21059,38,minibatch_k64,text_pca256_lexical_w005
21060,56,minibatch_k64,text_pca256_lexical_w005
21061,56,minibatch_k64,text_pca256_lexical_w005
21062,56,minibatch_k64,text_pca256_lexical_w005
21063,56,minibatch_k64,text_pca256_lexical_w005
21064,56,minibatch_k64,text_pca256_lexical_w005
21065,42,minibatch_k64,text_pca256_lexical_w005
21066,33,minibatch_k64,text_pca256_lexical_w005
21067,56,minibatch_k64,text_pca256_lexical_w005
21068,56,minibatch_k64,text_pca256_lexical_w005
21069,62,minibatch_k64,text_pca256_lexical_w005
21070,56,minibatch_k64,text_pca256_lexical_w005
21071,42,minibatch_k64,text_pca256_lexical_w005
21072,0,minibatch_k64,text_pca256_lexical_w005
21073,56,minibatch_k64,text_pca256_lexical_w005
21074,56,minibatch_k64,text_pca256_lexical_w005
21075,56,minibatch_k64,text_pca256_lexical_w005
21076,25,minibatch_k64,text_pca256_lexical_w005
21077,56,minibatch_k64,text_pca256_lexical_w005
21078,56,minibatch_k64,text_pca256_lexical_w005
21079,56,minibatch_k64,text_pca256_lexical_w005
21080,56,minibatch_k64,text_pca256_lexical_w005
21081,42,minibatch_k64,text_pca256_lexical_w005
21082,58,minibatch_k64,text_pca256_lexical_w005
21083,38,minibatch_k64,text_pca256_lexical_w005
21084,56,minibatch_k64,text_pca256_lexical_w005
21085,55,minibatch_k64,text_pca256_lexical_w005
21086,56,minibatch_k64,text_pca256_lexical_w005
21087,8,minibatch_k64,text_pca256_lexical_w005
21088,0,minibatch_k64,text_pca256_lexical_w005
21089,56,minibatch_k64,text_pca256_lexical_w005
21090,56,minibatch_k64,text_pca256_lexical_w005
21091,56,minibatch_k64,text_pca256_lexical_w005
21092,56,minibatch_k64,text_pca256_lexical_w005
21093,56,minibatch_k64,text_pca256_lexical_w005
21094,56,minibatch_k64,text_pca256_lexical_w005
21095,8,minibatch_k64,text_pca256_lexical_w005
21096,25,minibatch_k64,text_pca256_lexical_w005
21097,8,minibatch_k64,text_pca256_lexical_w005
21098,21,minibatch_k64,text_pca256_lexical_w005
21099,38,minibatch_k64,text_pca256_lexical_w005
21100,56,minibatch_k64,text_pca256_lexical_w005
21101,33,minibatch_k64,text_pca256_lexical_w005
21102,10,minibatch_k64,text_pca256_lexical_w005
21103,56,minibatch_k64,text_pca256_lexical_w005
21104,8,minibatch_k64,text_pca256_lexical_w005
21105,33,minibatch_k64,text_pca256_lexical_w005
21106,56,minibatch_k64,text_pca256_lexical_w005
21107,56,minibatch_k64,text_pca256_lexical_w005
21108,42,minibatch_k64,text_pca256_lexical_w005
21109,10,minibatch_k64,text_pca256_lexical_w005
21110,56,minibatch_k64,text_pca256_lexical_w005
21111,25,minibatch_k64,text_pca256_lexical_w005
21112,8,minibatch_k64,text_pca256_lexical_w005
21113,56,minibatch_k64,text_pca256_lexical_w005
21114,38,minibatch_k64,text_pca256_lexical_w005
21115,56,minibatch_k64,text_pca256_lexical_w005
21116,55,minibatch_k64,text_pca256_lexical_w005
21117,37,minibatch_k64,text_pca256_lexical_w005
21118,33,minibatch_k64,text_pca256_lexical_w005
21119,23,minibatch_k64,text_pca256_lexical_w005
21120,56,minibatch_k64,text_pca256_lexical_w005
21121,56,minibatch_k64,text_pca256_lexical_w005
21122,56,minibatch_k64,text_pca256_lexical_w005
21123,33,minibatch_k64,text_pca256_lexical_w005
21124,33,minibatch_k64,text_pca256_lexical_w005
21125,8,minibatch_k64,text_pca256_lexical_w005
21126,21,minibatch_k64,text_pca256_lexical_w005
21127,8,minibatch_k64,text_pca256_lexical_w005
21128,25,minibatch_k64,text_pca256_lexical_w005
21129,10,minibatch_k64,text_pca256_lexical_w005
21130,4,minibatch_k64,text_pca256_lexical_w005
21131,56,minibatch_k64,text_pca256_lexical_w005
21132,56,minibatch_k64,text_pca256_lexical_w005
21133,0,minibatch_k64,text_pca256_lexical_w005
21134,62,minibatch_k64,text_pca256_lexical_w005
21135,0,minibatch_k64,text_pca256_lexical_w005
21136,56,minibatch_k64,text_pca256_lexical_w005
21137,0,minibatch_k64,text_pca256_lexical_w005
21138,62,minibatch_k64,text_pca256_lexical_w005
21139,0,minibatch_k64,text_pca256_lexical_w005
21140,10,minibatch_k64,text_pca256_lexical_w005
21141,56,minibatch_k64,text_pca256_lexical_w005
21142,56,minibatch_k64,text_pca256_lexical_w005
21143,0,minibatch_k64,text_pca256_lexical_w005
21144,56,minibatch_k64,text_pca256_lexical_w005
21145,8,minibatch_k64,text_pca256_lexical_w005
21146,56,minibatch_k64,text_pca256_lexical_w005
21147,0,minibatch_k64,text_pca256_lexical_w005
21148,56,minibatch_k64,text_pca256_lexical_w005
21149,0,minibatch_k64,text_pca256_lexical_w005
21150,56,minibatch_k64,text_pca256_lexical_w005
21151,56,minibatch_k64,text_pca256_lexical_w005
21152,56,minibatch_k64,text_pca256_lexical_w005
21153,0,minibatch_k64,text_pca256_lexical_w005
21154,0,minibatch_k64,text_pca256_lexical_w005
21155,0,minibatch_k64,text_pca256_lexical_w005
21156,0,minibatch_k64,text_pca256_lexical_w005
21157,0,minibatch_k64,text_pca256_lexical_w005
21158,56,minibatch_k64,text_pca256_lexical_w005
21159,62,minibatch_k64,text_pca256_lexical_w005
21160,0,minibatch_k64,text_pca256_lexical_w005
21161,10,minibatch_k64,text_pca256_lexical_w005
21162,56,minibatch_k64,text_pca256_lexical_w005
21163,56,minibatch_k64,text_pca256_lexical_w005
21164,0,minibatch_k64,text_pca256_lexical_w005
21165,0,minibatch_k64,text_pca256_lexical_w005
21166,0,minibatch_k64,text_pca256_lexical_w005
21167,0,minibatch_k64,text_pca256_lexical_w005
21168,56,minibatch_k64,text_pca256_lexical_w005
21169,25,minibatch_k64,text_pca256_lexical_w005
21170,56,minibatch_k64,text_pca256_lexical_w005
21171,38,minibatch_k64,text_pca256_lexical_w005
21172,55,minibatch_k64,text_pca256_lexical_w005
21173,37,minibatch_k64,text_pca256_lexical_w005
21174,44,minibatch_k64,text_pca256_lexical_w005
21175,56,minibatch_k64,text_pca256_lexical_w005
21176,44,minibatch_k64,text_pca256_lexical_w005
21177,44,minibatch_k64,text_pca256_lexical_w005
21178,44,minibatch_k64,text_pca256_lexical_w005
21179,44,minibatch_k64,text_pca256_lexical_w005
21180,44,minibatch_k64,text_pca256_lexical_w005
21181,44,minibatch_k64,text_pca256_lexical_w005
21182,44,minibatch_k64,text_pca256_lexical_w005
21183,44,minibatch_k64,text_pca256_lexical_w005
21184,44,minibatch_k64,text_pca256_lexical_w005
21185,44,minibatch_k64,text_pca256_lexical_w005
21186,56,minibatch_k64,text_pca256_lexical_w005
21187,44,minibatch_k64,text_pca256_lexical_w005
21188,56,minibatch_k64,text_pca256_lexical_w005
21189,44,minibatch_k64,text_pca256_lexical_w005
21190,15,minibatch_k64,text_pca256_lexical_w005
21191,56,minibatch_k64,text_pca256_lexical_w005
21192,56,minibatch_k64,text_pca256_lexical_w005
21193,8,minibatch_k64,text_pca256_lexical_w005
21194,56,minibatch_k64,text_pca256_lexical_w005
21195,21,minibatch_k64,text_pca256_lexical_w005
21196,21,minibatch_k64,text_pca256_lexical_w005
21197,25,minibatch_k64,text_pca256_lexical_w005
21198,10,minibatch_k64,text_pca256_lexical_w005
21199,56,minibatch_k64,text_pca256_lexical_w005
21200,33,minibatch_k64,text_pca256_lexical_w005
21201,56,minibatch_k64,text_pca256_lexical_w005
21202,20,minibatch_k64,text_pca256_lexical_w005
21203,56,minibatch_k64,text_pca256_lexical_w005
21204,56,minibatch_k64,text_pca256_lexical_w005
21205,56,minibatch_k64,text_pca256_lexical_w005
21206,38,minibatch_k64,text_pca256_lexical_w005
21207,55,minibatch_k64,text_pca256_lexical_w005
21208,56,minibatch_k64,text_pca256_lexical_w005
21209,56,minibatch_k64,text_pca256_lexical_w005
21210,8,minibatch_k64,text_pca256_lexical_w005
21211,25,minibatch_k64,text_pca256_lexical_w005
21212,56,minibatch_k64,text_pca256_lexical_w005
21213,38,minibatch_k64,text_pca256_lexical_w005
21214,56,minibatch_k64,text_pca256_lexical_w005
21215,56,minibatch_k64,text_pca256_lexical_w005
21216,35,minibatch_k64,text_pca256_lexical_w005
21217,56,minibatch_k64,text_pca256_lexical_w005
21218,8,minibatch_k64,text_pca256_lexical_w005
21219,33,minibatch_k64,text_pca256_lexical_w005
21220,56,minibatch_k64,text_pca256_lexical_w005
21221,56,minibatch_k64,text_pca256_lexical_w005
21222,42,minibatch_k64,text_pca256_lexical_w005
21223,56,minibatch_k64,text_pca256_lexical_w005
21224,10,minibatch_k64,text_pca256_lexical_w005
21225,0,minibatch_k64,text_pca256_lexical_w005
21226,15,minibatch_k64,text_pca256_lexical_w005
21227,56,minibatch_k64,text_pca256_lexical_w005
21228,38,minibatch_k64,text_pca256_lexical_w005
21229,35,minibatch_k64,text_pca256_lexical_w005
21230,56,minibatch_k64,text_pca256_lexical_w005
21231,56,minibatch_k64,text_pca256_lexical_w005
21232,56,minibatch_k64,text_pca256_lexical_w005
21233,56,minibatch_k64,text_pca256_lexical_w005
21234,4,minibatch_k64,text_pca256_lexical_w005
21235,56,minibatch_k64,text_pca256_lexical_w005
21236,15,minibatch_k64,text_pca256_lexical_w005
21237,38,minibatch_k64,text_pca256_lexical_w005
21238,56,minibatch_k64,text_pca256_lexical_w005
21239,56,minibatch_k64,text_pca256_lexical_w005
21240,25,minibatch_k64,text_pca256_lexical_w005
21241,56,minibatch_k64,text_pca256_lexical_w005
21242,33,minibatch_k64,text_pca256_lexical_w005
21243,39,minibatch_k64,text_pca256_lexical_w005
21244,0,minibatch_k64,text_pca256_lexical_w005
21245,56,minibatch_k64,text_pca256_lexical_w005
21246,10,minibatch_k64,text_pca256_lexical_w005
21247,33,minibatch_k64,text_pca256_lexical_w005
21248,56,minibatch_k64,text_pca256_lexical_w005
21249,56,minibatch_k64,text_pca256_lexical_w005
21250,56,minibatch_k64,text_pca256_lexical_w005
21251,23,minibatch_k64,text_pca256_lexical_w005
21252,56,minibatch_k64,text_pca256_lexical_w005
21253,56,minibatch_k64,text_pca256_lexical_w005
21254,56,minibatch_k64,text_pca256_lexical_w005
21255,47,minibatch_k64,text_pca256_lexical_w005
21256,42,minibatch_k64,text_pca256_lexical_w005
21257,56,minibatch_k64,text_pca256_lexical_w005
21258,15,minibatch_k64,text_pca256_lexical_w005
21259,8,minibatch_k64,text_pca256_lexical_w005
21260,56,minibatch_k64,text_pca256_lexical_w005
21261,0,minibatch_k64,text_pca256_lexical_w005
21262,56,minibatch_k64,text_pca256_lexical_w005
21263,56,minibatch_k64,text_pca256_lexical_w005
21264,23,minibatch_k64,text_pca256_lexical_w005
21265,42,minibatch_k64,text_pca256_lexical_w005
21266,25,minibatch_k64,text_pca256_lexical_w005
21267,56,minibatch_k64,text_pca256_lexical_w005
21268,56,minibatch_k64,text_pca256_lexical_w005
21269,4,minibatch_k64,text_pca256_lexical_w005
21270,56,minibatch_k64,text_pca256_lexical_w005
21271,23,minibatch_k64,text_pca256_lexical_w005
21272,56,minibatch_k64,text_pca256_lexical_w005
21273,56,minibatch_k64,text_pca256_lexical_w005
21274,56,minibatch_k64,text_pca256_lexical_w005
21275,45,minibatch_k64,text_pca256_lexical_w005
21276,56,minibatch_k64,text_pca256_lexical_w005
21277,56,minibatch_k64,text_pca256_lexical_w005
21278,8,minibatch_k64,text_pca256_lexical_w005
21279,56,minibatch_k64,text_pca256_lexical_w005
21280,53,minibatch_k64,text_pca256_lexical_w005
21281,56,minibatch_k64,text_pca256_lexical_w005
21282,53,minibatch_k64,text_pca256_lexical_w005
21283,62,minibatch_k64,text_pca256_lexical_w005
21284,56,minibatch_k64,text_pca256_lexical_w005
21285,56,minibatch_k64,text_pca256_lexical_w005
21286,42,minibatch_k64,text_pca256_lexical_w005
21287,2,minibatch_k64,text_pca256_lexical_w005
21288,45,minibatch_k64,text_pca256_lexical_w005
21289,56,minibatch_k64,text_pca256_lexical_w005
21290,45,minibatch_k64,text_pca256_lexical_w005
21291,38,minibatch_k64,text_pca256_lexical_w005
21292,0,minibatch_k64,text_pca256_lexical_w005
21293,56,minibatch_k64,text_pca256_lexical_w005
21294,0,minibatch_k64,text_pca256_lexical_w005
21295,39,minibatch_k64,text_pca256_lexical_w005
21296,56,minibatch_k64,text_pca256_lexical_w005
21297,59,minibatch_k64,text_pca256_lexical_w005
21298,10,minibatch_k64,text_pca256_lexical_w005
21299,62,minibatch_k64,text_pca256_lexical_w005
21300,56,minibatch_k64,text_pca256_lexical_w005
21301,56,minibatch_k64,text_pca256_lexical_w005
21302,56,minibatch_k64,text_pca256_lexical_w005
21303,56,minibatch_k64,text_pca256_lexical_w005
21304,56,minibatch_k64,text_pca256_lexical_w005
21305,56,minibatch_k64,text_pca256_lexical_w005
21306,56,minibatch_k64,text_pca256_lexical_w005
21307,59,minibatch_k64,text_pca256_lexical_w005
21308,56,minibatch_k64,text_pca256_lexical_w005
21309,0,minibatch_k64,text_pca256_lexical_w005
21310,56,minibatch_k64,text_pca256_lexical_w005
21311,56,minibatch_k64,text_pca256_lexical_w005
21312,56,minibatch_k64,text_pca256_lexical_w005
21313,56,minibatch_k64,text_pca256_lexical_w005
21314,20,minibatch_k64,text_pca256_lexical_w005
21315,42,minibatch_k64,text_pca256_lexical_w005
21316,56,minibatch_k64,text_pca256_lexical_w005
21317,56,minibatch_k64,text_pca256_lexical_w005
21318,56,minibatch_k64,text_pca256_lexical_w005
21319,0,minibatch_k64,text_pca256_lexical_w005
21320,25,minibatch_k64,text_pca256_lexical_w005
21321,38,minibatch_k64,text_pca256_lexical_w005
21322,42,minibatch_k64,text_pca256_lexical_w005
21323,55,minibatch_k64,text_pca256_lexical_w005
21324,10,minibatch_k64,text_pca256_lexical_w005
21325,56,minibatch_k64,text_pca256_lexical_w005
21326,56,minibatch_k64,text_pca256_lexical_w005
21327,42,minibatch_k64,text_pca256_lexical_w005
21328,56,minibatch_k64,text_pca256_lexical_w005
21329,56,minibatch_k64,text_pca256_lexical_w005
21330,56,minibatch_k64,text_pca256_lexical_w005
21331,45,minibatch_k64,text_pca256_lexical_w005
21332,42,minibatch_k64,text_pca256_lexical_w005
21333,25,minibatch_k64,text_pca256_lexical_w005
21334,42,minibatch_k64,text_pca256_lexical_w005
21335,42,minibatch_k64,text_pca256_lexical_w005
21336,59,minibatch_k64,text_pca256_lexical_w005
21337,59,minibatch_k64,text_pca256_lexical_w005
21338,56,minibatch_k64,text_pca256_lexical_w005
21339,56,minibatch_k64,text_pca256_lexical_w005
21340,56,minibatch_k64,text_pca256_lexical_w005
21341,56,minibatch_k64,text_pca256_lexical_w005
21342,56,minibatch_k64,text_pca256_lexical_w005
21343,45,minibatch_k64,text_pca256_lexical_w005
21344,18,minibatch_k64,text_pca256_lexical_w005
21345,45,minibatch_k64,text_pca256_lexical_w005
21346,45,minibatch_k64,text_pca256_lexical_w005
21347,56,minibatch_k64,text_pca256_lexical_w005
21348,39,minibatch_k64,text_pca256_lexical_w005
21349,56,minibatch_k64,text_pca256_lexical_w005
21350,59,minibatch_k64,text_pca256_lexical_w005
21351,56,minibatch_k64,text_pca256_lexical_w005
21352,59,minibatch_k64,text_pca256_lexical_w005
21353,10,minibatch_k64,text_pca256_lexical_w005
21354,56,minibatch_k64,text_pca256_lexical_w005
21355,56,minibatch_k64,text_pca256_lexical_w005
21356,59,minibatch_k64,text_pca256_lexical_w005
21357,59,minibatch_k64,text_pca256_lexical_w005
21358,56,minibatch_k64,text_pca256_lexical_w005
21359,15,minibatch_k64,text_pca256_lexical_w005
21360,56,minibatch_k64,text_pca256_lexical_w005
21361,59,minibatch_k64,text_pca256_lexical_w005
21362,56,minibatch_k64,text_pca256_lexical_w005
21363,56,minibatch_k64,text_pca256_lexical_w005
21364,56,minibatch_k64,text_pca256_lexical_w005
21365,59,minibatch_k64,text_pca256_lexical_w005
21366,56,minibatch_k64,text_pca256_lexical_w005
21367,45,minibatch_k64,text_pca256_lexical_w005
21368,56,minibatch_k64,text_pca256_lexical_w005
21369,59,minibatch_k64,text_pca256_lexical_w005
21370,0,minibatch_k64,text_pca256_lexical_w005
21371,59,minibatch_k64,text_pca256_lexical_w005
21372,42,minibatch_k64,text_pca256_lexical_w005
21373,56,minibatch_k64,text_pca256_lexical_w005
21374,59,minibatch_k64,text_pca256_lexical_w005
21375,59,minibatch_k64,text_pca256_lexical_w005
21376,59,minibatch_k64,text_pca256_lexical_w005
21377,59,minibatch_k64,text_pca256_lexical_w005
21378,39,minibatch_k64,text_pca256_lexical_w005
21379,56,minibatch_k64,text_pca256_lexical_w005
21380,2,minibatch_k64,text_pca256_lexical_w005
21381,62,minibatch_k64,text_pca256_lexical_w005
21382,0,minibatch_k64,text_pca256_lexical_w005
21383,8,minibatch_k64,text_pca256_lexical_w005
21384,10,minibatch_k64,text_pca256_lexical_w005
21385,56,minibatch_k64,text_pca256_lexical_w005
21386,56,minibatch_k64,text_pca256_lexical_w005
21387,33,minibatch_k64,text_pca256_lexical_w005
21388,56,minibatch_k64,text_pca256_lexical_w005
21389,59,minibatch_k64,text_pca256_lexical_w005
21390,59,minibatch_k64,text_pca256_lexical_w005
21391,59,minibatch_k64,text_pca256_lexical_w005
21392,56,minibatch_k64,text_pca256_lexical_w005
21393,0,minibatch_k64,text_pca256_lexical_w005
21394,15,minibatch_k64,text_pca256_lexical_w005
21395,8,minibatch_k64,text_pca256_lexical_w005
21396,56,minibatch_k64,text_pca256_lexical_w005
21397,56,minibatch_k64,text_pca256_lexical_w005
21398,56,minibatch_k64,text_pca256_lexical_w005
21399,56,minibatch_k64,text_pca256_lexical_w005
21400,41,minibatch_k64,text_pca256_lexical_w005
21401,6,minibatch_k64,text_pca256_lexical_w005
21402,41,minibatch_k64,text_pca256_lexical_w005
21403,56,minibatch_k64,text_pca256_lexical_w005
21404,56,minibatch_k64,text_pca256_lexical_w005
21405,56,minibatch_k64,text_pca256_lexical_w005
21406,6,minibatch_k64,text_pca256_lexical_w005
21407,41,minibatch_k64,text_pca256_lexical_w005
21408,41,minibatch_k64,text_pca256_lexical_w005
21409,41,minibatch_k64,text_pca256_lexical_w005
21410,41,minibatch_k64,text_pca256_lexical_w005
21411,41,minibatch_k64,text_pca256_lexical_w005
21412,41,minibatch_k64,text_pca256_lexical_w005
21413,41,minibatch_k64,text_pca256_lexical_w005
21414,41,minibatch_k64,text_pca256_lexical_w005
21415,10,minibatch_k64,text_pca256_lexical_w005
21416,56,minibatch_k64,text_pca256_lexical_w005
21417,33,minibatch_k64,text_pca256_lexical_w005
21418,21,minibatch_k64,text_pca256_lexical_w005
21419,33,minibatch_k64,text_pca256_lexical_w005
21420,21,minibatch_k64,text_pca256_lexical_w005
21421,15,minibatch_k64,text_pca256_lexical_w005
21422,10,minibatch_k64,text_pca256_lexical_w005
21423,8,minibatch_k64,text_pca256_lexical_w005
21424,32,minibatch_k64,text_pca256_lexical_w005
21425,16,minibatch_k64,text_pca256_lexical_w005
21426,8,minibatch_k64,text_pca256_lexical_w005
21427,23,minibatch_k64,text_pca256_lexical_w005
21428,38,minibatch_k64,text_pca256_lexical_w005
21429,50,minibatch_k64,text_pca256_lexical_w005
21430,36,minibatch_k64,text_pca256_lexical_w005
21431,55,minibatch_k64,text_pca256_lexical_w005
21432,23,minibatch_k64,text_pca256_lexical_w005
21433,8,minibatch_k64,text_pca256_lexical_w005
21434,62,minibatch_k64,text_pca256_lexical_w005
21435,42,minibatch_k64,text_pca256_lexical_w005
21436,62,minibatch_k64,text_pca256_lexical_w005
21437,38,minibatch_k64,text_pca256_lexical_w005
21438,36,minibatch_k64,text_pca256_lexical_w005
21439,35,minibatch_k64,text_pca256_lexical_w005
21440,33,minibatch_k64,text_pca256_lexical_w005
21441,21,minibatch_k64,text_pca256_lexical_w005
21442,20,minibatch_k64,text_pca256_lexical_w005
21443,0,minibatch_k64,text_pca256_lexical_w005
21444,32,minibatch_k64,text_pca256_lexical_w005
21445,45,minibatch_k64,text_pca256_lexical_w005
21446,38,minibatch_k64,text_pca256_lexical_w005
21447,45,minibatch_k64,text_pca256_lexical_w005
21448,36,minibatch_k64,text_pca256_lexical_w005
21449,55,minibatch_k64,text_pca256_lexical_w005
21450,45,minibatch_k64,text_pca256_lexical_w005
21451,60,minibatch_k64,text_pca256_lexical_w005
21452,45,minibatch_k64,text_pca256_lexical_w005
21453,10,minibatch_k64,text_pca256_lexical_w005
21454,45,minibatch_k64,text_pca256_lexical_w005
21455,62,minibatch_k64,text_pca256_lexical_w005
21456,27,minibatch_k64,text_pca256_lexical_w005
21457,45,minibatch_k64,text_pca256_lexical_w005
21458,23,minibatch_k64,text_pca256_lexical_w005
21459,8,minibatch_k64,text_pca256_lexical_w005
21460,59,minibatch_k64,text_pca256_lexical_w005
21461,45,minibatch_k64,text_pca256_lexical_w005
21462,45,minibatch_k64,text_pca256_lexical_w005
21463,10,minibatch_k64,text_pca256_lexical_w005
21464,45,minibatch_k64,text_pca256_lexical_w005
21465,15,minibatch_k64,text_pca256_lexical_w005
21466,33,minibatch_k64,text_pca256_lexical_w005
21467,62,minibatch_k64,text_pca256_lexical_w005
21468,62,minibatch_k64,text_pca256_lexical_w005
21469,62,minibatch_k64,text_pca256_lexical_w005
21470,62,minibatch_k64,text_pca256_lexical_w005
21471,27,minibatch_k64,text_pca256_lexical_w005
21472,45,minibatch_k64,text_pca256_lexical_w005
21473,45,minibatch_k64,text_pca256_lexical_w005
21474,0,minibatch_k64,text_pca256_lexical_w005
21475,0,minibatch_k64,text_pca256_lexical_w005
21476,27,minibatch_k64,text_pca256_lexical_w005
21477,45,minibatch_k64,text_pca256_lexical_w005
21478,18,minibatch_k64,text_pca256_lexical_w005
21479,45,minibatch_k64,text_pca256_lexical_w005
21480,62,minibatch_k64,text_pca256_lexical_w005
21481,33,minibatch_k64,text_pca256_lexical_w005
21482,18,minibatch_k64,text_pca256_lexical_w005
21483,10,minibatch_k64,text_pca256_lexical_w005
21484,62,minibatch_k64,text_pca256_lexical_w005
21485,10,minibatch_k64,text_pca256_lexical_w005
21486,10,minibatch_k64,text_pca256_lexical_w005
21487,18,minibatch_k64,text_pca256_lexical_w005
21488,18,minibatch_k64,text_pca256_lexical_w005
21489,10,minibatch_k64,text_pca256_lexical_w005
21490,18,minibatch_k64,text_pca256_lexical_w005
21491,59,minibatch_k64,text_pca256_lexical_w005
21492,62,minibatch_k64,text_pca256_lexical_w005
21493,45,minibatch_k64,text_pca256_lexical_w005
21494,45,minibatch_k64,text_pca256_lexical_w005
21495,34,minibatch_k64,text_pca256_lexical_w005
21496,7,minibatch_k64,text_pca256_lexical_w005
21497,34,minibatch_k64,text_pca256_lexical_w005
21498,62,minibatch_k64,text_pca256_lexical_w005
21499,10,minibatch_k64,text_pca256_lexical_w005
21500,45,minibatch_k64,text_pca256_lexical_w005
21501,0,minibatch_k64,text_pca256_lexical_w005
21502,4,minibatch_k64,text_pca256_lexical_w005
21503,6,minibatch_k64,text_pca256_lexical_w005
21504,41,minibatch_k64,text_pca256_lexical_w005
21505,10,minibatch_k64,text_pca256_lexical_w005
21506,62,minibatch_k64,text_pca256_lexical_w005
21507,6,minibatch_k64,text_pca256_lexical_w005
21508,6,minibatch_k64,text_pca256_lexical_w005
21509,5,minibatch_k64,text_pca256_lexical_w005
21510,62,minibatch_k64,text_pca256_lexical_w005
21511,0,minibatch_k64,text_pca256_lexical_w005
21512,8,minibatch_k64,text_pca256_lexical_w005
21513,62,minibatch_k64,text_pca256_lexical_w005
21514,5,minibatch_k64,text_pca256_lexical_w005
21515,15,minibatch_k64,text_pca256_lexical_w005
21516,8,minibatch_k64,text_pca256_lexical_w005
21517,8,minibatch_k64,text_pca256_lexical_w005
21518,0,minibatch_k64,text_pca256_lexical_w005
21519,47,minibatch_k64,text_pca256_lexical_w005
21520,58,minibatch_k64,text_pca256_lexical_w005
21521,0,minibatch_k64,text_pca256_lexical_w005
21522,38,minibatch_k64,text_pca256_lexical_w005
21523,25,minibatch_k64,text_pca256_lexical_w005
21524,55,minibatch_k64,text_pca256_lexical_w005
21525,0,minibatch_k64,text_pca256_lexical_w005
21526,8,minibatch_k64,text_pca256_lexical_w005
21527,21,minibatch_k64,text_pca256_lexical_w005
21528,15,minibatch_k64,text_pca256_lexical_w005
21529,0,minibatch_k64,text_pca256_lexical_w005
21530,0,minibatch_k64,text_pca256_lexical_w005
21531,0,minibatch_k64,text_pca256_lexical_w005
21532,0,minibatch_k64,text_pca256_lexical_w005
21533,62,minibatch_k64,text_pca256_lexical_w005
21534,38,minibatch_k64,text_pca256_lexical_w005
21535,58,minibatch_k64,text_pca256_lexical_w005
21536,25,minibatch_k64,text_pca256_lexical_w005
21537,55,minibatch_k64,text_pca256_lexical_w005
21538,0,minibatch_k64,text_pca256_lexical_w005
21539,8,minibatch_k64,text_pca256_lexical_w005
21540,62,minibatch_k64,text_pca256_lexical_w005
21541,10,minibatch_k64,text_pca256_lexical_w005
21542,62,minibatch_k64,text_pca256_lexical_w005
21543,39,minibatch_k64,text_pca256_lexical_w005
21544,0,minibatch_k64,text_pca256_lexical_w005
21545,62,minibatch_k64,text_pca256_lexical_w005
21546,0,minibatch_k64,text_pca256_lexical_w005
21547,23,minibatch_k64,text_pca256_lexical_w005
21548,29,minibatch_k64,text_pca256_lexical_w005
21549,29,minibatch_k64,text_pca256_lexical_w005
21550,8,minibatch_k64,text_pca256_lexical_w005
21551,58,minibatch_k64,text_pca256_lexical_w005
21552,15,minibatch_k64,text_pca256_lexical_w005
21553,38,minibatch_k64,text_pca256_lexical_w005
21554,29,minibatch_k64,text_pca256_lexical_w005
21555,29,minibatch_k64,text_pca256_lexical_w005
21556,25,minibatch_k64,text_pca256_lexical_w005
21557,55,minibatch_k64,text_pca256_lexical_w005
21558,4,minibatch_k64,text_pca256_lexical_w005
21559,0,minibatch_k64,text_pca256_lexical_w005
21560,29,minibatch_k64,text_pca256_lexical_w005
21561,29,minibatch_k64,text_pca256_lexical_w005
21562,39,minibatch_k64,text_pca256_lexical_w005
21563,0,minibatch_k64,text_pca256_lexical_w005
21564,59,minibatch_k64,text_pca256_lexical_w005
21565,0,minibatch_k64,text_pca256_lexical_w005
21566,59,minibatch_k64,text_pca256_lexical_w005
21567,8,minibatch_k64,text_pca256_lexical_w005
21568,29,minibatch_k64,text_pca256_lexical_w005
21569,0,minibatch_k64,text_pca256_lexical_w005
21570,15,minibatch_k64,text_pca256_lexical_w005
21571,21,minibatch_k64,text_pca256_lexical_w005
21572,33,minibatch_k64,text_pca256_lexical_w005
21573,0,minibatch_k64,text_pca256_lexical_w005
21574,29,minibatch_k64,text_pca256_lexical_w005
21575,8,minibatch_k64,text_pca256_lexical_w005
21576,62,minibatch_k64,text_pca256_lexical_w005
21577,62,minibatch_k64,text_pca256_lexical_w005
21578,29,minibatch_k64,text_pca256_lexical_w005
21579,62,minibatch_k64,text_pca256_lexical_w005
21580,47,minibatch_k64,text_pca256_lexical_w005
21581,47,minibatch_k64,text_pca256_lexical_w005
21582,38,minibatch_k64,text_pca256_lexical_w005
21583,58,minibatch_k64,text_pca256_lexical_w005
21584,10,minibatch_k64,text_pca256_lexical_w005
21585,8,minibatch_k64,text_pca256_lexical_w005
21586,62,minibatch_k64,text_pca256_lexical_w005
21587,0,minibatch_k64,text_pca256_lexical_w005
21588,0,minibatch_k64,text_pca256_lexical_w005
21589,0,minibatch_k64,text_pca256_lexical_w005
21590,42,minibatch_k64,text_pca256_lexical_w005
21591,42,minibatch_k64,text_pca256_lexical_w005
21592,8,minibatch_k64,text_pca256_lexical_w005
21593,58,minibatch_k64,text_pca256_lexical_w005
21594,38,minibatch_k64,text_pca256_lexical_w005
21595,25,minibatch_k64,text_pca256_lexical_w005
21596,8,minibatch_k64,text_pca256_lexical_w005
21597,0,minibatch_k64,text_pca256_lexical_w005
21598,8,minibatch_k64,text_pca256_lexical_w005
21599,0,minibatch_k64,text_pca256_lexical_w005
21600,23,minibatch_k64,text_pca256_lexical_w005
21601,56,minibatch_k64,text_pca256_lexical_w005
21602,62,minibatch_k64,text_pca256_lexical_w005
21603,2,minibatch_k64,text_pca256_lexical_w005
21604,42,minibatch_k64,text_pca256_lexical_w005
21605,39,minibatch_k64,text_pca256_lexical_w005
21606,23,minibatch_k64,text_pca256_lexical_w005
21607,8,minibatch_k64,text_pca256_lexical_w005
21608,0,minibatch_k64,text_pca256_lexical_w005
21609,8,minibatch_k64,text_pca256_lexical_w005
21610,62,minibatch_k64,text_pca256_lexical_w005
21611,62,minibatch_k64,text_pca256_lexical_w005
21612,0,minibatch_k64,text_pca256_lexical_w005
21613,62,minibatch_k64,text_pca256_lexical_w005
21614,38,minibatch_k64,text_pca256_lexical_w005
21615,58,minibatch_k64,text_pca256_lexical_w005
21616,25,minibatch_k64,text_pca256_lexical_w005
21617,55,minibatch_k64,text_pca256_lexical_w005
21618,8,minibatch_k64,text_pca256_lexical_w005
21619,8,minibatch_k64,text_pca256_lexical_w005
21620,38,minibatch_k64,text_pca256_lexical_w005
21621,55,minibatch_k64,text_pca256_lexical_w005
21622,8,minibatch_k64,text_pca256_lexical_w005
21623,42,minibatch_k64,text_pca256_lexical_w005
21624,62,minibatch_k64,text_pca256_lexical_w005
21625,8,minibatch_k64,text_pca256_lexical_w005
21626,21,minibatch_k64,text_pca256_lexical_w005
21627,0,minibatch_k64,text_pca256_lexical_w005
21628,58,minibatch_k64,text_pca256_lexical_w005
21629,38,minibatch_k64,text_pca256_lexical_w005
21630,62,minibatch_k64,text_pca256_lexical_w005
21631,59,minibatch_k64,text_pca256_lexical_w005
21632,62,minibatch_k64,text_pca256_lexical_w005
21633,39,minibatch_k64,text_pca256_lexical_w005
21634,8,minibatch_k64,text_pca256_lexical_w005
21635,25,minibatch_k64,text_pca256_lexical_w005
21636,0,minibatch_k64,text_pca256_lexical_w005
21637,15,minibatch_k64,text_pca256_lexical_w005
21638,10,minibatch_k64,text_pca256_lexical_w005
21639,39,minibatch_k64,text_pca256_lexical_w005
21640,8,minibatch_k64,text_pca256_lexical_w005
21641,8,minibatch_k64,text_pca256_lexical_w005
21642,8,minibatch_k64,text_pca256_lexical_w005
21643,8,minibatch_k64,text_pca256_lexical_w005
21644,38,minibatch_k64,text_pca256_lexical_w005
21645,58,minibatch_k64,text_pca256_lexical_w005
21646,10,minibatch_k64,text_pca256_lexical_w005
21647,23,minibatch_k64,text_pca256_lexical_w005
21648,15,minibatch_k64,text_pca256_lexical_w005
21649,20,minibatch_k64,text_pca256_lexical_w005
21650,21,minibatch_k64,text_pca256_lexical_w005
21651,23,minibatch_k64,text_pca256_lexical_w005
21652,38,minibatch_k64,text_pca256_lexical_w005
21653,58,minibatch_k64,text_pca256_lexical_w005
21654,0,minibatch_k64,text_pca256_lexical_w005
21655,21,minibatch_k64,text_pca256_lexical_w005
21656,23,minibatch_k64,text_pca256_lexical_w005
21657,38,minibatch_k64,text_pca256_lexical_w005
21658,33,minibatch_k64,text_pca256_lexical_w005
21659,58,minibatch_k64,text_pca256_lexical_w005
21660,0,minibatch_k64,text_pca256_lexical_w005
21661,55,minibatch_k64,text_pca256_lexical_w005
21662,0,minibatch_k64,text_pca256_lexical_w005
21663,38,minibatch_k64,text_pca256_lexical_w005
21664,33,minibatch_k64,text_pca256_lexical_w005
21665,33,minibatch_k64,text_pca256_lexical_w005
21666,45,minibatch_k64,text_pca256_lexical_w005
21667,45,minibatch_k64,text_pca256_lexical_w005
21668,45,minibatch_k64,text_pca256_lexical_w005
21669,45,minibatch_k64,text_pca256_lexical_w005
21670,45,minibatch_k64,text_pca256_lexical_w005
21671,45,minibatch_k64,text_pca256_lexical_w005
21672,33,minibatch_k64,text_pca256_lexical_w005
21673,59,minibatch_k64,text_pca256_lexical_w005
21674,59,minibatch_k64,text_pca256_lexical_w005
21675,39,minibatch_k64,text_pca256_lexical_w005
21676,62,minibatch_k64,text_pca256_lexical_w005
21677,18,minibatch_k64,text_pca256_lexical_w005
21678,10,minibatch_k64,text_pca256_lexical_w005
21679,0,minibatch_k64,text_pca256_lexical_w005
21680,45,minibatch_k64,text_pca256_lexical_w005
21681,18,minibatch_k64,text_pca256_lexical_w005
21682,61,minibatch_k64,text_pca256_lexical_w005
21683,32,minibatch_k64,text_pca256_lexical_w005
21684,62,minibatch_k64,text_pca256_lexical_w005
21685,45,minibatch_k64,text_pca256_lexical_w005
21686,18,minibatch_k64,text_pca256_lexical_w005
21687,45,minibatch_k64,text_pca256_lexical_w005
21688,33,minibatch_k64,text_pca256_lexical_w005
21689,62,minibatch_k64,text_pca256_lexical_w005
21690,15,minibatch_k64,text_pca256_lexical_w005
21691,10,minibatch_k64,text_pca256_lexical_w005
21692,10,minibatch_k64,text_pca256_lexical_w005
21693,39,minibatch_k64,text_pca256_lexical_w005
21694,10,minibatch_k64,text_pca256_lexical_w005
21695,45,minibatch_k64,text_pca256_lexical_w005
21696,8,minibatch_k64,text_pca256_lexical_w005
21697,45,minibatch_k64,text_pca256_lexical_w005
21698,59,minibatch_k64,text_pca256_lexical_w005
21699,10,minibatch_k64,text_pca256_lexical_w005
21700,18,minibatch_k64,text_pca256_lexical_w005
21701,18,minibatch_k64,text_pca256_lexical_w005
21702,62,minibatch_k64,text_pca256_lexical_w005
21703,45,minibatch_k64,text_pca256_lexical_w005
21704,45,minibatch_k64,text_pca256_lexical_w005
21705,33,minibatch_k64,text_pca256_lexical_w005
21706,45,minibatch_k64,text_pca256_lexical_w005
21707,18,minibatch_k64,text_pca256_lexical_w005
21708,45,minibatch_k64,text_pca256_lexical_w005
21709,32,minibatch_k64,text_pca256_lexical_w005
21710,45,minibatch_k64,text_pca256_lexical_w005
21711,32,minibatch_k64,text_pca256_lexical_w005
21712,45,minibatch_k64,text_pca256_lexical_w005
21713,45,minibatch_k64,text_pca256_lexical_w005
21714,10,minibatch_k64,text_pca256_lexical_w005
21715,32,minibatch_k64,text_pca256_lexical_w005
21716,45,minibatch_k64,text_pca256_lexical_w005
21717,10,minibatch_k64,text_pca256_lexical_w005
21718,45,minibatch_k64,text_pca256_lexical_w005
21719,8,minibatch_k64,text_pca256_lexical_w005
21720,10,minibatch_k64,text_pca256_lexical_w005
21721,45,minibatch_k64,text_pca256_lexical_w005
21722,45,minibatch_k64,text_pca256_lexical_w005
21723,45,minibatch_k64,text_pca256_lexical_w005
21724,45,minibatch_k64,text_pca256_lexical_w005
21725,0,minibatch_k64,text_pca256_lexical_w005
21726,45,minibatch_k64,text_pca256_lexical_w005
21727,45,minibatch_k64,text_pca256_lexical_w005
21728,45,minibatch_k64,text_pca256_lexical_w005
21729,18,minibatch_k64,text_pca256_lexical_w005
21730,45,minibatch_k64,text_pca256_lexical_w005
21731,18,minibatch_k64,text_pca256_lexical_w005
21732,45,minibatch_k64,text_pca256_lexical_w005
21733,18,minibatch_k64,text_pca256_lexical_w005
21734,45,minibatch_k64,text_pca256_lexical_w005
21735,45,minibatch_k64,text_pca256_lexical_w005
21736,45,minibatch_k64,text_pca256_lexical_w005
21737,45,minibatch_k64,text_pca256_lexical_w005
21738,18,minibatch_k64,text_pca256_lexical_w005
21739,45,minibatch_k64,text_pca256_lexical_w005
21740,45,minibatch_k64,text_pca256_lexical_w005
21741,45,minibatch_k64,text_pca256_lexical_w005
21742,18,minibatch_k64,text_pca256_lexical_w005
21743,0,minibatch_k64,text_pca256_lexical_w005
21744,45,minibatch_k64,text_pca256_lexical_w005
21745,45,minibatch_k64,text_pca256_lexical_w005
21746,10,minibatch_k64,text_pca256_lexical_w005
21747,18,minibatch_k64,text_pca256_lexical_w005
21748,0,minibatch_k64,text_pca256_lexical_w005
21749,18,minibatch_k64,text_pca256_lexical_w005
21750,15,minibatch_k64,text_pca256_lexical_w005
21751,30,minibatch_k64,text_pca256_lexical_w005
21752,62,minibatch_k64,text_pca256_lexical_w005
21753,62,minibatch_k64,text_pca256_lexical_w005
21754,62,minibatch_k64,text_pca256_lexical_w005
21755,62,minibatch_k64,text_pca256_lexical_w005
21756,62,minibatch_k64,text_pca256_lexical_w005
21757,62,minibatch_k64,text_pca256_lexical_w005
21758,62,minibatch_k64,text_pca256_lexical_w005
21759,41,minibatch_k64,text_pca256_lexical_w005
21760,0,minibatch_k64,text_pca256_lexical_w005
21761,6,minibatch_k64,text_pca256_lexical_w005
21762,0,minibatch_k64,text_pca256_lexical_w005
21763,0,minibatch_k64,text_pca256_lexical_w005
21764,0,minibatch_k64,text_pca256_lexical_w005
21765,0,minibatch_k64,text_pca256_lexical_w005
21766,0,minibatch_k64,text_pca256_lexical_w005
21767,6,minibatch_k64,text_pca256_lexical_w005
21768,0,minibatch_k64,text_pca256_lexical_w005
21769,15,minibatch_k64,text_pca256_lexical_w005
21770,62,minibatch_k64,text_pca256_lexical_w005
21771,62,minibatch_k64,text_pca256_lexical_w005
21772,62,minibatch_k64,text_pca256_lexical_w005
21773,0,minibatch_k64,text_pca256_lexical_w005
21774,62,minibatch_k64,text_pca256_lexical_w005
21775,10,minibatch_k64,text_pca256_lexical_w005
21776,41,minibatch_k64,text_pca256_lexical_w005
21777,41,minibatch_k64,text_pca256_lexical_w005
21778,34,minibatch_k64,text_pca256_lexical_w005
21779,0,minibatch_k64,text_pca256_lexical_w005
21780,34,minibatch_k64,text_pca256_lexical_w005
21781,10,minibatch_k64,text_pca256_lexical_w005
21782,58,minibatch_k64,text_pca256_lexical_w005
21783,10,minibatch_k64,text_pca256_lexical_w005
21784,58,minibatch_k64,text_pca256_lexical_w005
21785,23,minibatch_k64,text_pca256_lexical_w005
21786,33,minibatch_k64,text_pca256_lexical_w005
21787,38,minibatch_k64,text_pca256_lexical_w005
21788,23,minibatch_k64,text_pca256_lexical_w005
21789,10,minibatch_k64,text_pca256_lexical_w005
21790,62,minibatch_k64,text_pca256_lexical_w005
21791,23,minibatch_k64,text_pca256_lexical_w005
21792,38,minibatch_k64,text_pca256_lexical_w005
21793,23,minibatch_k64,text_pca256_lexical_w005
21794,38,minibatch_k64,text_pca256_lexical_w005
21795,23,minibatch_k64,text_pca256_lexical_w005
21796,8,minibatch_k64,text_pca256_lexical_w005
21797,10,minibatch_k64,text_pca256_lexical_w005
21798,8,minibatch_k64,text_pca256_lexical_w005
21799,62,minibatch_k64,text_pca256_lexical_w005
21800,10,minibatch_k64,text_pca256_lexical_w005
21801,47,minibatch_k64,text_pca256_lexical_w005
21802,0,minibatch_k64,text_pca256_lexical_w005
21803,47,minibatch_k64,text_pca256_lexical_w005
21804,62,minibatch_k64,text_pca256_lexical_w005
21805,8,minibatch_k64,text_pca256_lexical_w005
21806,8,minibatch_k64,text_pca256_lexical_w005
21807,23,minibatch_k64,text_pca256_lexical_w005
21808,38,minibatch_k64,text_pca256_lexical_w005
21809,45,minibatch_k64,text_pca256_lexical_w005
21810,55,minibatch_k64,text_pca256_lexical_w005
21811,59,minibatch_k64,text_pca256_lexical_w005
21812,38,minibatch_k64,text_pca256_lexical_w005
21813,8,minibatch_k64,text_pca256_lexical_w005
21814,23,minibatch_k64,text_pca256_lexical_w005
21815,0,minibatch_k64,text_pca256_lexical_w005
21816,32,minibatch_k64,text_pca256_lexical_w005
21817,40,minibatch_k64,text_pca256_lexical_w005
21818,23,minibatch_k64,text_pca256_lexical_w005
21819,16,minibatch_k64,text_pca256_lexical_w005
21820,11,minibatch_k64,text_pca256_lexical_w005
21821,57,minibatch_k64,text_pca256_lexical_w005
21822,11,minibatch_k64,text_pca256_lexical_w005
21823,32,minibatch_k64,text_pca256_lexical_w005
21824,40,minibatch_k64,text_pca256_lexical_w005
21825,16,minibatch_k64,text_pca256_lexical_w005
21826,57,minibatch_k64,text_pca256_lexical_w005
21827,0,minibatch_k64,text_pca256_lexical_w005
21828,11,minibatch_k64,text_pca256_lexical_w005
21829,32,minibatch_k64,text_pca256_lexical_w005
21830,21,minibatch_k64,text_pca256_lexical_w005
21831,23,minibatch_k64,text_pca256_lexical_w005
21832,0,minibatch_k64,text_pca256_lexical_w005
21833,59,minibatch_k64,text_pca256_lexical_w005
21834,38,minibatch_k64,text_pca256_lexical_w005
21835,55,minibatch_k64,text_pca256_lexical_w005
21836,23,minibatch_k64,text_pca256_lexical_w005
21837,62,minibatch_k64,text_pca256_lexical_w005
21838,23,minibatch_k64,text_pca256_lexical_w005
21839,40,minibatch_k64,text_pca256_lexical_w005
21840,38,minibatch_k64,text_pca256_lexical_w005
21841,45,minibatch_k64,text_pca256_lexical_w005
21842,55,minibatch_k64,text_pca256_lexical_w005
21843,62,minibatch_k64,text_pca256_lexical_w005
21844,0,minibatch_k64,text_pca256_lexical_w005
21845,38,minibatch_k64,text_pca256_lexical_w005
21846,55,minibatch_k64,text_pca256_lexical_w005
21847,53,minibatch_k64,text_pca256_lexical_w005
21848,38,minibatch_k64,text_pca256_lexical_w005
21849,45,minibatch_k64,text_pca256_lexical_w005
21850,55,minibatch_k64,text_pca256_lexical_w005
21851,23,minibatch_k64,text_pca256_lexical_w005
21852,23,minibatch_k64,text_pca256_lexical_w005
21853,8,minibatch_k64,text_pca256_lexical_w005
21854,23,minibatch_k64,text_pca256_lexical_w005
21855,18,minibatch_k64,text_pca256_lexical_w005
21856,23,minibatch_k64,text_pca256_lexical_w005
21857,23,minibatch_k64,text_pca256_lexical_w005
21858,0,minibatch_k64,text_pca256_lexical_w005
21859,18,minibatch_k64,text_pca256_lexical_w005
21860,18,minibatch_k64,text_pca256_lexical_w005
21861,18,minibatch_k64,text_pca256_lexical_w005
21862,15,minibatch_k64,text_pca256_lexical_w005
21863,33,minibatch_k64,text_pca256_lexical_w005
21864,16,minibatch_k64,text_pca256_lexical_w005
21865,23,minibatch_k64,text_pca256_lexical_w005
21866,47,minibatch_k64,text_pca256_lexical_w005
21867,47,minibatch_k64,text_pca256_lexical_w005
21868,18,minibatch_k64,text_pca256_lexical_w005
21869,0,minibatch_k64,text_pca256_lexical_w005
21870,18,minibatch_k64,text_pca256_lexical_w005
21871,61,minibatch_k64,text_pca256_lexical_w005
21872,18,minibatch_k64,text_pca256_lexical_w005
21873,8,minibatch_k64,text_pca256_lexical_w005
21874,18,minibatch_k64,text_pca256_lexical_w005
21875,47,minibatch_k64,text_pca256_lexical_w005
21876,62,minibatch_k64,text_pca256_lexical_w005
21877,23,minibatch_k64,text_pca256_lexical_w005
21878,47,minibatch_k64,text_pca256_lexical_w005
21879,8,minibatch_k64,text_pca256_lexical_w005
21880,8,minibatch_k64,text_pca256_lexical_w005
21881,2,minibatch_k64,text_pca256_lexical_w005
21882,15,minibatch_k64,text_pca256_lexical_w005
21883,15,minibatch_k64,text_pca256_lexical_w005
21884,18,minibatch_k64,text_pca256_lexical_w005
21885,62,minibatch_k64,text_pca256_lexical_w005
21886,23,minibatch_k64,text_pca256_lexical_w005
21887,10,minibatch_k64,text_pca256_lexical_w005
21888,18,minibatch_k64,text_pca256_lexical_w005
21889,18,minibatch_k64,text_pca256_lexical_w005
21890,47,minibatch_k64,text_pca256_lexical_w005
21891,38,minibatch_k64,text_pca256_lexical_w005
21892,45,minibatch_k64,text_pca256_lexical_w005
21893,55,minibatch_k64,text_pca256_lexical_w005
21894,45,minibatch_k64,text_pca256_lexical_w005
21895,45,minibatch_k64,text_pca256_lexical_w005
21896,45,minibatch_k64,text_pca256_lexical_w005
21897,45,minibatch_k64,text_pca256_lexical_w005
21898,45,minibatch_k64,text_pca256_lexical_w005
21899,23,minibatch_k64,text_pca256_lexical_w005
21900,62,minibatch_k64,text_pca256_lexical_w005
21901,23,minibatch_k64,text_pca256_lexical_w005
21902,23,minibatch_k64,text_pca256_lexical_w005
21903,16,minibatch_k64,text_pca256_lexical_w005
21904,23,minibatch_k64,text_pca256_lexical_w005
21905,12,minibatch_k64,text_pca256_lexical_w005
21906,27,minibatch_k64,text_pca256_lexical_w005
21907,38,minibatch_k64,text_pca256_lexical_w005
21908,45,minibatch_k64,text_pca256_lexical_w005
21909,55,minibatch_k64,text_pca256_lexical_w005
21910,2,minibatch_k64,text_pca256_lexical_w005
21911,8,minibatch_k64,text_pca256_lexical_w005
21912,23,minibatch_k64,text_pca256_lexical_w005
21913,11,minibatch_k64,text_pca256_lexical_w005
21914,23,minibatch_k64,text_pca256_lexical_w005
21915,10,minibatch_k64,text_pca256_lexical_w005
21916,57,minibatch_k64,text_pca256_lexical_w005
21917,16,minibatch_k64,text_pca256_lexical_w005
21918,11,minibatch_k64,text_pca256_lexical_w005
21919,0,minibatch_k64,text_pca256_lexical_w005
21920,45,minibatch_k64,text_pca256_lexical_w005
21921,0,minibatch_k64,text_pca256_lexical_w005
21922,0,minibatch_k64,text_pca256_lexical_w005
21923,59,minibatch_k64,text_pca256_lexical_w005
21924,18,minibatch_k64,text_pca256_lexical_w005
21925,57,minibatch_k64,text_pca256_lexical_w005
21926,18,minibatch_k64,text_pca256_lexical_w005
21927,11,minibatch_k64,text_pca256_lexical_w005
21928,27,minibatch_k64,text_pca256_lexical_w005
21929,38,minibatch_k64,text_pca256_lexical_w005
21930,8,minibatch_k64,text_pca256_lexical_w005
21931,55,minibatch_k64,text_pca256_lexical_w005
21932,8,minibatch_k64,text_pca256_lexical_w005
21933,23,minibatch_k64,text_pca256_lexical_w005
21934,62,minibatch_k64,text_pca256_lexical_w005
21935,18,minibatch_k64,text_pca256_lexical_w005
21936,32,minibatch_k64,text_pca256_lexical_w005
21937,8,minibatch_k64,text_pca256_lexical_w005
21938,62,minibatch_k64,text_pca256_lexical_w005
21939,23,minibatch_k64,text_pca256_lexical_w005
21940,53,minibatch_k64,text_pca256_lexical_w005
21941,45,minibatch_k64,text_pca256_lexical_w005
21942,18,minibatch_k64,text_pca256_lexical_w005
21943,0,minibatch_k64,text_pca256_lexical_w005
21944,18,minibatch_k64,text_pca256_lexical_w005
21945,18,minibatch_k64,text_pca256_lexical_w005
21946,18,minibatch_k64,text_pca256_lexical_w005
21947,18,minibatch_k64,text_pca256_lexical_w005
21948,27,minibatch_k64,text_pca256_lexical_w005
21949,18,minibatch_k64,text_pca256_lexical_w005
21950,23,minibatch_k64,text_pca256_lexical_w005
21951,18,minibatch_k64,text_pca256_lexical_w005
21952,18,minibatch_k64,text_pca256_lexical_w005
21953,23,minibatch_k64,text_pca256_lexical_w005
21954,18,minibatch_k64,text_pca256_lexical_w005
21955,18,minibatch_k64,text_pca256_lexical_w005
21956,23,minibatch_k64,text_pca256_lexical_w005
21957,18,minibatch_k64,text_pca256_lexical_w005
21958,18,minibatch_k64,text_pca256_lexical_w005
21959,18,minibatch_k64,text_pca256_lexical_w005
21960,59,minibatch_k64,text_pca256_lexical_w005
21961,10,minibatch_k64,text_pca256_lexical_w005
21962,18,minibatch_k64,text_pca256_lexical_w005
21963,18,minibatch_k64,text_pca256_lexical_w005
21964,15,minibatch_k64,text_pca256_lexical_w005
21965,18,minibatch_k64,text_pca256_lexical_w005
21966,10,minibatch_k64,text_pca256_lexical_w005
21967,5,minibatch_k64,text_pca256_lexical_w005
21968,5,minibatch_k64,text_pca256_lexical_w005
21969,5,minibatch_k64,text_pca256_lexical_w005
21970,46,minibatch_k64,text_pca256_lexical_w005
21971,5,minibatch_k64,text_pca256_lexical_w005
21972,5,minibatch_k64,text_pca256_lexical_w005
21973,23,minibatch_k64,text_pca256_lexical_w005
21974,46,minibatch_k64,text_pca256_lexical_w005
21975,48,minibatch_k64,text_pca256_lexical_w005
21976,23,minibatch_k64,text_pca256_lexical_w005
21977,0,minibatch_k64,text_pca256_lexical_w005
21978,62,minibatch_k64,text_pca256_lexical_w005
21979,8,minibatch_k64,text_pca256_lexical_w005
21980,62,minibatch_k64,text_pca256_lexical_w005
21981,23,minibatch_k64,text_pca256_lexical_w005
21982,62,minibatch_k64,text_pca256_lexical_w005
21983,5,minibatch_k64,text_pca256_lexical_w005
21984,48,minibatch_k64,text_pca256_lexical_w005
21985,5,minibatch_k64,text_pca256_lexical_w005
21986,45,minibatch_k64,text_pca256_lexical_w005
21987,5,minibatch_k64,text_pca256_lexical_w005
21988,4,minibatch_k64,text_pca256_lexical_w005
21989,5,minibatch_k64,text_pca256_lexical_w005
21990,5,minibatch_k64,text_pca256_lexical_w005
21991,21,minibatch_k64,text_pca256_lexical_w005
21992,5,minibatch_k64,text_pca256_lexical_w005
21993,5,minibatch_k64,text_pca256_lexical_w005
21994,42,minibatch_k64,text_pca256_lexical_w005
21995,50,minibatch_k64,text_pca256_lexical_w005
21996,5,minibatch_k64,text_pca256_lexical_w005
21997,0,minibatch_k64,text_pca256_lexical_w005
21998,23,minibatch_k64,text_pca256_lexical_w005
21999,0,minibatch_k64,text_pca256_lexical_w005
22000,15,minibatch_k64,text_pca256_lexical_w005
22001,47,minibatch_k64,text_pca256_lexical_w005
22002,52,minibatch_k64,text_pca256_lexical_w005
22003,14,minibatch_k64,text_pca256_lexical_w005
22004,0,minibatch_k64,text_pca256_lexical_w005
22005,23,minibatch_k64,text_pca256_lexical_w005
22006,61,minibatch_k64,text_pca256_lexical_w005
22007,23,minibatch_k64,text_pca256_lexical_w005
22008,62,minibatch_k64,text_pca256_lexical_w005
22009,52,minibatch_k64,text_pca256_lexical_w005
22010,47,minibatch_k64,text_pca256_lexical_w005
22011,42,minibatch_k64,text_pca256_lexical_w005
22012,8,minibatch_k64,text_pca256_lexical_w005
22013,23,minibatch_k64,text_pca256_lexical_w005
22014,8,minibatch_k64,text_pca256_lexical_w005
22015,62,minibatch_k64,text_pca256_lexical_w005
22016,38,minibatch_k64,text_pca256_lexical_w005
22017,23,minibatch_k64,text_pca256_lexical_w005
22018,45,minibatch_k64,text_pca256_lexical_w005
22019,25,minibatch_k64,text_pca256_lexical_w005
22020,55,minibatch_k64,text_pca256_lexical_w005
22021,13,minibatch_k64,text_pca256_lexical_w005
22022,23,minibatch_k64,text_pca256_lexical_w005
22023,62,minibatch_k64,text_pca256_lexical_w005
22024,0,minibatch_k64,text_pca256_lexical_w005
22025,5,minibatch_k64,text_pca256_lexical_w005
22026,5,minibatch_k64,text_pca256_lexical_w005
22027,5,minibatch_k64,text_pca256_lexical_w005
22028,5,minibatch_k64,text_pca256_lexical_w005
22029,14,minibatch_k64,text_pca256_lexical_w005
22030,33,minibatch_k64,text_pca256_lexical_w005
22031,0,minibatch_k64,text_pca256_lexical_w005
22032,2,minibatch_k64,text_pca256_lexical_w005
22033,50,minibatch_k64,text_pca256_lexical_w005
22034,62,minibatch_k64,text_pca256_lexical_w005
22035,21,minibatch_k64,text_pca256_lexical_w005
22036,5,minibatch_k64,text_pca256_lexical_w005
22037,10,minibatch_k64,text_pca256_lexical_w005
22038,5,minibatch_k64,text_pca256_lexical_w005
22039,8,minibatch_k64,text_pca256_lexical_w005
22040,10,minibatch_k64,text_pca256_lexical_w005
22041,0,minibatch_k64,text_pca256_lexical_w005
22042,8,minibatch_k64,text_pca256_lexical_w005
22043,56,minibatch_k64,text_pca256_lexical_w005
22044,0,minibatch_k64,text_pca256_lexical_w005
22045,14,minibatch_k64,text_pca256_lexical_w005
22046,0,minibatch_k64,text_pca256_lexical_w005
22047,52,minibatch_k64,text_pca256_lexical_w005
22048,23,minibatch_k64,text_pca256_lexical_w005
22049,0,minibatch_k64,text_pca256_lexical_w005
22050,62,minibatch_k64,text_pca256_lexical_w005
22051,14,minibatch_k64,text_pca256_lexical_w005
22052,0,minibatch_k64,text_pca256_lexical_w005
22053,0,minibatch_k64,text_pca256_lexical_w005
22054,2,minibatch_k64,text_pca256_lexical_w005
22055,52,minibatch_k64,text_pca256_lexical_w005
22056,38,minibatch_k64,text_pca256_lexical_w005
22057,23,minibatch_k64,text_pca256_lexical_w005
22058,45,minibatch_k64,text_pca256_lexical_w005
22059,42,minibatch_k64,text_pca256_lexical_w005
22060,23,minibatch_k64,text_pca256_lexical_w005
22061,25,minibatch_k64,text_pca256_lexical_w005
22062,55,minibatch_k64,text_pca256_lexical_w005
22063,23,minibatch_k64,text_pca256_lexical_w005
22064,22,minibatch_k64,text_pca256_lexical_w005
22065,8,minibatch_k64,text_pca256_lexical_w005
22066,8,minibatch_k64,text_pca256_lexical_w005
22067,4,minibatch_k64,text_pca256_lexical_w005
22068,15,minibatch_k64,text_pca256_lexical_w005
22069,15,minibatch_k64,text_pca256_lexical_w005
22070,26,minibatch_k64,text_pca256_lexical_w005
22071,62,minibatch_k64,text_pca256_lexical_w005
22072,0,minibatch_k64,text_pca256_lexical_w005
22073,62,minibatch_k64,text_pca256_lexical_w005
22074,62,minibatch_k64,text_pca256_lexical_w005
22075,5,minibatch_k64,text_pca256_lexical_w005
22076,5,minibatch_k64,text_pca256_lexical_w005
22077,14,minibatch_k64,text_pca256_lexical_w005
22078,0,minibatch_k64,text_pca256_lexical_w005
22079,5,minibatch_k64,text_pca256_lexical_w005
22080,23,minibatch_k64,text_pca256_lexical_w005
22081,2,minibatch_k64,text_pca256_lexical_w005
22082,5,minibatch_k64,text_pca256_lexical_w005
22083,5,minibatch_k64,text_pca256_lexical_w005
22084,0,minibatch_k64,text_pca256_lexical_w005
22085,15,minibatch_k64,text_pca256_lexical_w005
22086,15,minibatch_k64,text_pca256_lexical_w005
22087,0,minibatch_k64,text_pca256_lexical_w005
22088,5,minibatch_k64,text_pca256_lexical_w005
22089,62,minibatch_k64,text_pca256_lexical_w005
22090,0,minibatch_k64,text_pca256_lexical_w005
22091,0,minibatch_k64,text_pca256_lexical_w005
22092,0,minibatch_k64,text_pca256_lexical_w005
22093,47,minibatch_k64,text_pca256_lexical_w005
22094,14,minibatch_k64,text_pca256_lexical_w005
22095,62,minibatch_k64,text_pca256_lexical_w005
22096,50,minibatch_k64,text_pca256_lexical_w005
22097,0,minibatch_k64,text_pca256_lexical_w005
22098,23,minibatch_k64,text_pca256_lexical_w005
22099,52,minibatch_k64,text_pca256_lexical_w005
22100,8,minibatch_k64,text_pca256_lexical_w005
22101,14,minibatch_k64,text_pca256_lexical_w005
22102,15,minibatch_k64,text_pca256_lexical_w005
22103,15,minibatch_k64,text_pca256_lexical_w005
22104,62,minibatch_k64,text_pca256_lexical_w005
22105,50,minibatch_k64,text_pca256_lexical_w005
22106,8,minibatch_k64,text_pca256_lexical_w005
22107,47,minibatch_k64,text_pca256_lexical_w005
22108,0,minibatch_k64,text_pca256_lexical_w005
22109,52,minibatch_k64,text_pca256_lexical_w005
22110,0,minibatch_k64,text_pca256_lexical_w005
22111,38,minibatch_k64,text_pca256_lexical_w005
22112,45,minibatch_k64,text_pca256_lexical_w005
22113,62,minibatch_k64,text_pca256_lexical_w005
22114,2,minibatch_k64,text_pca256_lexical_w005
22115,25,minibatch_k64,text_pca256_lexical_w005
22116,55,minibatch_k64,text_pca256_lexical_w005
22117,22,minibatch_k64,text_pca256_lexical_w005
22118,23,minibatch_k64,text_pca256_lexical_w005
22119,4,minibatch_k64,text_pca256_lexical_w005
22120,5,minibatch_k64,text_pca256_lexical_w005
22121,62,minibatch_k64,text_pca256_lexical_w005
22122,14,minibatch_k64,text_pca256_lexical_w005
22123,5,minibatch_k64,text_pca256_lexical_w005
22124,5,minibatch_k64,text_pca256_lexical_w005
22125,15,minibatch_k64,text_pca256_lexical_w005
22126,42,minibatch_k64,text_pca256_lexical_w005
22127,33,minibatch_k64,text_pca256_lexical_w005
22128,5,minibatch_k64,text_pca256_lexical_w005
22129,8,minibatch_k64,text_pca256_lexical_w005
22130,23,minibatch_k64,text_pca256_lexical_w005
22131,4,minibatch_k64,text_pca256_lexical_w005
22132,8,minibatch_k64,text_pca256_lexical_w005
22133,5,minibatch_k64,text_pca256_lexical_w005
22134,0,minibatch_k64,text_pca256_lexical_w005
22135,5,minibatch_k64,text_pca256_lexical_w005
22136,0,minibatch_k64,text_pca256_lexical_w005
22137,5,minibatch_k64,text_pca256_lexical_w005
22138,50,minibatch_k64,text_pca256_lexical_w005
22139,8,minibatch_k64,text_pca256_lexical_w005
22140,14,minibatch_k64,text_pca256_lexical_w005
22141,0,minibatch_k64,text_pca256_lexical_w005
22142,0,minibatch_k64,text_pca256_lexical_w005
22143,10,minibatch_k64,text_pca256_lexical_w005
22144,8,minibatch_k64,text_pca256_lexical_w005
22145,8,minibatch_k64,text_pca256_lexical_w005
22146,62,minibatch_k64,text_pca256_lexical_w005
22147,62,minibatch_k64,text_pca256_lexical_w005
22148,38,minibatch_k64,text_pca256_lexical_w005
22149,45,minibatch_k64,text_pca256_lexical_w005
22150,62,minibatch_k64,text_pca256_lexical_w005
22151,45,minibatch_k64,text_pca256_lexical_w005
22152,45,minibatch_k64,text_pca256_lexical_w005
22153,0,minibatch_k64,text_pca256_lexical_w005
22154,55,minibatch_k64,text_pca256_lexical_w005
22155,22,minibatch_k64,text_pca256_lexical_w005
22156,8,minibatch_k64,text_pca256_lexical_w005
22157,25,minibatch_k64,text_pca256_lexical_w005
22158,33,minibatch_k64,text_pca256_lexical_w005
22159,8,minibatch_k64,text_pca256_lexical_w005
22160,8,minibatch_k64,text_pca256_lexical_w005
22161,15,minibatch_k64,text_pca256_lexical_w005
22162,15,minibatch_k64,text_pca256_lexical_w005
22163,62,minibatch_k64,text_pca256_lexical_w005
22164,0,minibatch_k64,text_pca256_lexical_w005
22165,56,minibatch_k64,text_pca256_lexical_w005
22166,23,minibatch_k64,text_pca256_lexical_w005
22167,39,minibatch_k64,text_pca256_lexical_w005
22168,23,minibatch_k64,text_pca256_lexical_w005
22169,21,minibatch_k64,text_pca256_lexical_w005
22170,0,minibatch_k64,text_pca256_lexical_w005
22171,14,minibatch_k64,text_pca256_lexical_w005
22172,8,minibatch_k64,text_pca256_lexical_w005
22173,10,minibatch_k64,text_pca256_lexical_w005
22174,23,minibatch_k64,text_pca256_lexical_w005
22175,45,minibatch_k64,text_pca256_lexical_w005
22176,62,minibatch_k64,text_pca256_lexical_w005
22177,18,minibatch_k64,text_pca256_lexical_w005
22178,0,minibatch_k64,text_pca256_lexical_w005
22179,45,minibatch_k64,text_pca256_lexical_w005
22180,0,minibatch_k64,text_pca256_lexical_w005
22181,0,minibatch_k64,text_pca256_lexical_w005
22182,0,minibatch_k64,text_pca256_lexical_w005
22183,0,minibatch_k64,text_pca256_lexical_w005
22184,33,minibatch_k64,text_pca256_lexical_w005
22185,0,minibatch_k64,text_pca256_lexical_w005
22186,53,minibatch_k64,text_pca256_lexical_w005
22187,0,minibatch_k64,text_pca256_lexical_w005
22188,62,minibatch_k64,text_pca256_lexical_w005
22189,8,minibatch_k64,text_pca256_lexical_w005
22190,33,minibatch_k64,text_pca256_lexical_w005
22191,23,minibatch_k64,text_pca256_lexical_w005
22192,39,minibatch_k64,text_pca256_lexical_w005
22193,3,minibatch_k64,text_pca256_lexical_w005
22194,14,minibatch_k64,text_pca256_lexical_w005
22195,14,minibatch_k64,text_pca256_lexical_w005
22196,50,minibatch_k64,text_pca256_lexical_w005
22197,38,minibatch_k64,text_pca256_lexical_w005
22198,45,minibatch_k64,text_pca256_lexical_w005
22199,45,minibatch_k64,text_pca256_lexical_w005
22200,23,minibatch_k64,text_pca256_lexical_w005
22201,55,minibatch_k64,text_pca256_lexical_w005
22202,13,minibatch_k64,text_pca256_lexical_w005
22203,4,minibatch_k64,text_pca256_lexical_w005
22204,0,minibatch_k64,text_pca256_lexical_w005
22205,0,minibatch_k64,text_pca256_lexical_w005
22206,23,minibatch_k64,text_pca256_lexical_w005
22207,14,minibatch_k64,text_pca256_lexical_w005
22208,50,minibatch_k64,text_pca256_lexical_w005
22209,8,minibatch_k64,text_pca256_lexical_w005
22210,8,minibatch_k64,text_pca256_lexical_w005
22211,4,minibatch_k64,text_pca256_lexical_w005
22212,4,minibatch_k64,text_pca256_lexical_w005
22213,23,minibatch_k64,text_pca256_lexical_w005
22214,23,minibatch_k64,text_pca256_lexical_w005
22215,23,minibatch_k64,text_pca256_lexical_w005
22216,23,minibatch_k64,text_pca256_lexical_w005
22217,53,minibatch_k64,text_pca256_lexical_w005
22218,5,minibatch_k64,text_pca256_lexical_w005
22219,8,minibatch_k64,text_pca256_lexical_w005
22220,15,minibatch_k64,text_pca256_lexical_w005
22221,8,minibatch_k64,text_pca256_lexical_w005
22222,5,minibatch_k64,text_pca256_lexical_w005
22223,5,minibatch_k64,text_pca256_lexical_w005
22224,8,minibatch_k64,text_pca256_lexical_w005
22225,50,minibatch_k64,text_pca256_lexical_w005
22226,23,minibatch_k64,text_pca256_lexical_w005
22227,53,minibatch_k64,text_pca256_lexical_w005
22228,8,minibatch_k64,text_pca256_lexical_w005
22229,0,minibatch_k64,text_pca256_lexical_w005
22230,50,minibatch_k64,text_pca256_lexical_w005
22231,10,minibatch_k64,text_pca256_lexical_w005
22232,0,minibatch_k64,text_pca256_lexical_w005
22233,62,minibatch_k64,text_pca256_lexical_w005
22234,62,minibatch_k64,text_pca256_lexical_w005
22235,53,minibatch_k64,text_pca256_lexical_w005
22236,14,minibatch_k64,text_pca256_lexical_w005
22237,53,minibatch_k64,text_pca256_lexical_w005
22238,59,minibatch_k64,text_pca256_lexical_w005
22239,8,minibatch_k64,text_pca256_lexical_w005
22240,2,minibatch_k64,text_pca256_lexical_w005
22241,62,minibatch_k64,text_pca256_lexical_w005
22242,38,minibatch_k64,text_pca256_lexical_w005
22243,45,minibatch_k64,text_pca256_lexical_w005
22244,45,minibatch_k64,text_pca256_lexical_w005
22245,62,minibatch_k64,text_pca256_lexical_w005
22246,23,minibatch_k64,text_pca256_lexical_w005
22247,25,minibatch_k64,text_pca256_lexical_w005
22248,45,minibatch_k64,text_pca256_lexical_w005
22249,55,minibatch_k64,text_pca256_lexical_w005
22250,22,minibatch_k64,text_pca256_lexical_w005
22251,10,minibatch_k64,text_pca256_lexical_w005
22252,62,minibatch_k64,text_pca256_lexical_w005
22253,0,minibatch_k64,text_pca256_lexical_w005
22254,5,minibatch_k64,text_pca256_lexical_w005
22255,5,minibatch_k64,text_pca256_lexical_w005
22256,0,minibatch_k64,text_pca256_lexical_w005
22257,14,minibatch_k64,text_pca256_lexical_w005
22258,0,minibatch_k64,text_pca256_lexical_w005
22259,45,minibatch_k64,text_pca256_lexical_w005
22260,45,minibatch_k64,text_pca256_lexical_w005
22261,45,minibatch_k64,text_pca256_lexical_w005
22262,10,minibatch_k64,text_pca256_lexical_w005
22263,15,minibatch_k64,text_pca256_lexical_w005
22264,2,minibatch_k64,text_pca256_lexical_w005
22265,0,minibatch_k64,text_pca256_lexical_w005
22266,45,minibatch_k64,text_pca256_lexical_w005
22267,62,minibatch_k64,text_pca256_lexical_w005
22268,15,minibatch_k64,text_pca256_lexical_w005
22269,2,minibatch_k64,text_pca256_lexical_w005
22270,23,minibatch_k64,text_pca256_lexical_w005
22271,5,minibatch_k64,text_pca256_lexical_w005
22272,2,minibatch_k64,text_pca256_lexical_w005
22273,23,minibatch_k64,text_pca256_lexical_w005
22274,62,minibatch_k64,text_pca256_lexical_w005
22275,3,minibatch_k64,text_pca256_lexical_w005
22276,23,minibatch_k64,text_pca256_lexical_w005
22277,8,minibatch_k64,text_pca256_lexical_w005
22278,38,minibatch_k64,text_pca256_lexical_w005
22279,62,minibatch_k64,text_pca256_lexical_w005
22280,0,minibatch_k64,text_pca256_lexical_w005
22281,45,minibatch_k64,text_pca256_lexical_w005
22282,62,minibatch_k64,text_pca256_lexical_w005
22283,45,minibatch_k64,text_pca256_lexical_w005
22284,45,minibatch_k64,text_pca256_lexical_w005
22285,55,minibatch_k64,text_pca256_lexical_w005
22286,60,minibatch_k64,text_pca256_lexical_w005
22287,23,minibatch_k64,text_pca256_lexical_w005
22288,23,minibatch_k64,text_pca256_lexical_w005
22289,5,minibatch_k64,text_pca256_lexical_w005
22290,42,minibatch_k64,text_pca256_lexical_w005
22291,0,minibatch_k64,text_pca256_lexical_w005
22292,0,minibatch_k64,text_pca256_lexical_w005
22293,0,minibatch_k64,text_pca256_lexical_w005
22294,10,minibatch_k64,text_pca256_lexical_w005
22295,14,minibatch_k64,text_pca256_lexical_w005
22296,45,minibatch_k64,text_pca256_lexical_w005
22297,4,minibatch_k64,text_pca256_lexical_w005
22298,4,minibatch_k64,text_pca256_lexical_w005
22299,0,minibatch_k64,text_pca256_lexical_w005
22300,4,minibatch_k64,text_pca256_lexical_w005
22301,62,minibatch_k64,text_pca256_lexical_w005
22302,4,minibatch_k64,text_pca256_lexical_w005
22303,4,minibatch_k64,text_pca256_lexical_w005
22304,45,minibatch_k64,text_pca256_lexical_w005
22305,62,minibatch_k64,text_pca256_lexical_w005
22306,15,minibatch_k64,text_pca256_lexical_w005
22307,45,minibatch_k64,text_pca256_lexical_w005
22308,45,minibatch_k64,text_pca256_lexical_w005
22309,23,minibatch_k64,text_pca256_lexical_w005
22310,0,minibatch_k64,text_pca256_lexical_w005
22311,39,minibatch_k64,text_pca256_lexical_w005
22312,0,minibatch_k64,text_pca256_lexical_w005
22313,0,minibatch_k64,text_pca256_lexical_w005
22314,0,minibatch_k64,text_pca256_lexical_w005
22315,53,minibatch_k64,text_pca256_lexical_w005
22316,15,minibatch_k64,text_pca256_lexical_w005
22317,15,minibatch_k64,text_pca256_lexical_w005
22318,0,minibatch_k64,text_pca256_lexical_w005
22319,10,minibatch_k64,text_pca256_lexical_w005
22320,23,minibatch_k64,text_pca256_lexical_w005
22321,23,minibatch_k64,text_pca256_lexical_w005
22322,42,minibatch_k64,text_pca256_lexical_w005
22323,8,minibatch_k64,text_pca256_lexical_w005
22324,33,minibatch_k64,text_pca256_lexical_w005
22325,8,minibatch_k64,text_pca256_lexical_w005
22326,8,minibatch_k64,text_pca256_lexical_w005
22327,8,minibatch_k64,text_pca256_lexical_w005
22328,58,minibatch_k64,text_pca256_lexical_w005
22329,45,minibatch_k64,text_pca256_lexical_w005
22330,45,minibatch_k64,text_pca256_lexical_w005
22331,55,minibatch_k64,text_pca256_lexical_w005
22332,22,minibatch_k64,text_pca256_lexical_w005
22333,25,minibatch_k64,text_pca256_lexical_w005
22334,23,minibatch_k64,text_pca256_lexical_w005
22335,23,minibatch_k64,text_pca256_lexical_w005
22336,0,minibatch_k64,text_pca256_lexical_w005
22337,45,minibatch_k64,text_pca256_lexical_w005
22338,0,minibatch_k64,text_pca256_lexical_w005
22339,23,minibatch_k64,text_pca256_lexical_w005
22340,62,minibatch_k64,text_pca256_lexical_w005
22341,10,minibatch_k64,text_pca256_lexical_w005
22342,23,minibatch_k64,text_pca256_lexical_w005
22343,4,minibatch_k64,text_pca256_lexical_w005
22344,8,minibatch_k64,text_pca256_lexical_w005
22345,23,minibatch_k64,text_pca256_lexical_w005
22346,4,minibatch_k64,text_pca256_lexical_w005
22347,62,minibatch_k64,text_pca256_lexical_w005
22348,14,minibatch_k64,text_pca256_lexical_w005
22349,46,minibatch_k64,text_pca256_lexical_w005
22350,46,minibatch_k64,text_pca256_lexical_w005
22351,62,minibatch_k64,text_pca256_lexical_w005
22352,5,minibatch_k64,text_pca256_lexical_w005
22353,5,minibatch_k64,text_pca256_lexical_w005
22354,23,minibatch_k64,text_pca256_lexical_w005
22355,62,minibatch_k64,text_pca256_lexical_w005
22356,4,minibatch_k64,text_pca256_lexical_w005
22357,0,minibatch_k64,text_pca256_lexical_w005
22358,39,minibatch_k64,text_pca256_lexical_w005
22359,0,minibatch_k64,text_pca256_lexical_w005
22360,23,minibatch_k64,text_pca256_lexical_w005
22361,5,minibatch_k64,text_pca256_lexical_w005
22362,2,minibatch_k64,text_pca256_lexical_w005
22363,45,minibatch_k64,text_pca256_lexical_w005
22364,18,minibatch_k64,text_pca256_lexical_w005
22365,23,minibatch_k64,text_pca256_lexical_w005
22366,0,minibatch_k64,text_pca256_lexical_w005
22367,10,minibatch_k64,text_pca256_lexical_w005
22368,33,minibatch_k64,text_pca256_lexical_w005
22369,45,minibatch_k64,text_pca256_lexical_w005
22370,62,minibatch_k64,text_pca256_lexical_w005
22371,59,minibatch_k64,text_pca256_lexical_w005
22372,4,minibatch_k64,text_pca256_lexical_w005
22373,46,minibatch_k64,text_pca256_lexical_w005
22374,5,minibatch_k64,text_pca256_lexical_w005
22375,2,minibatch_k64,text_pca256_lexical_w005
22376,45,minibatch_k64,text_pca256_lexical_w005
22377,0,minibatch_k64,text_pca256_lexical_w005
22378,42,minibatch_k64,text_pca256_lexical_w005
22379,23,minibatch_k64,text_pca256_lexical_w005
22380,45,minibatch_k64,text_pca256_lexical_w005
22381,23,minibatch_k64,text_pca256_lexical_w005
22382,42,minibatch_k64,text_pca256_lexical_w005
22383,10,minibatch_k64,text_pca256_lexical_w005
22384,8,minibatch_k64,text_pca256_lexical_w005
22385,53,minibatch_k64,text_pca256_lexical_w005
22386,18,minibatch_k64,text_pca256_lexical_w005
22387,62,minibatch_k64,text_pca256_lexical_w005
22388,42,minibatch_k64,text_pca256_lexical_w005
22389,10,minibatch_k64,text_pca256_lexical_w005
22390,23,minibatch_k64,text_pca256_lexical_w005
22391,59,minibatch_k64,text_pca256_lexical_w005
22392,15,minibatch_k64,text_pca256_lexical_w005
22393,0,minibatch_k64,text_pca256_lexical_w005
22394,10,minibatch_k64,text_pca256_lexical_w005
22395,18,minibatch_k64,text_pca256_lexical_w005
22396,0,minibatch_k64,text_pca256_lexical_w005
22397,5,minibatch_k64,text_pca256_lexical_w005
22398,62,minibatch_k64,text_pca256_lexical_w005
22399,0,minibatch_k64,text_pca256_lexical_w005
22400,62,minibatch_k64,text_pca256_lexical_w005
22401,62,minibatch_k64,text_pca256_lexical_w005
22402,62,minibatch_k64,text_pca256_lexical_w005
22403,62,minibatch_k64,text_pca256_lexical_w005
22404,23,minibatch_k64,text_pca256_lexical_w005
22405,62,minibatch_k64,text_pca256_lexical_w005
22406,23,minibatch_k64,text_pca256_lexical_w005
22407,0,minibatch_k64,text_pca256_lexical_w005
22408,56,minibatch_k64,text_pca256_lexical_w005
22409,62,minibatch_k64,text_pca256_lexical_w005
22410,62,minibatch_k64,text_pca256_lexical_w005
22411,21,minibatch_k64,text_pca256_lexical_w005
22412,8,minibatch_k64,text_pca256_lexical_w005
22413,8,minibatch_k64,text_pca256_lexical_w005
22414,62,minibatch_k64,text_pca256_lexical_w005
22415,4,minibatch_k64,text_pca256_lexical_w005
22416,23,minibatch_k64,text_pca256_lexical_w005
22417,23,minibatch_k64,text_pca256_lexical_w005
22418,62,minibatch_k64,text_pca256_lexical_w005
22419,15,minibatch_k64,text_pca256_lexical_w005
22420,62,minibatch_k64,text_pca256_lexical_w005
22421,62,minibatch_k64,text_pca256_lexical_w005
22422,62,minibatch_k64,text_pca256_lexical_w005
22423,23,minibatch_k64,text_pca256_lexical_w005
22424,15,minibatch_k64,text_pca256_lexical_w005
22425,3,minibatch_k64,text_pca256_lexical_w005
22426,62,minibatch_k64,text_pca256_lexical_w005
22427,15,minibatch_k64,text_pca256_lexical_w005
22428,62,minibatch_k64,text_pca256_lexical_w005
22429,0,minibatch_k64,text_pca256_lexical_w005
22430,62,minibatch_k64,text_pca256_lexical_w005
22431,38,minibatch_k64,text_pca256_lexical_w005
22432,0,minibatch_k64,text_pca256_lexical_w005
22433,45,minibatch_k64,text_pca256_lexical_w005
22434,55,minibatch_k64,text_pca256_lexical_w005
22435,13,minibatch_k64,text_pca256_lexical_w005
22436,23,minibatch_k64,text_pca256_lexical_w005
22437,0,minibatch_k64,text_pca256_lexical_w005
22438,8,minibatch_k64,text_pca256_lexical_w005
22439,5,minibatch_k64,text_pca256_lexical_w005
22440,23,minibatch_k64,text_pca256_lexical_w005
22441,5,minibatch_k64,text_pca256_lexical_w005
22442,23,minibatch_k64,text_pca256_lexical_w005
22443,5,minibatch_k64,text_pca256_lexical_w005
22444,46,minibatch_k64,text_pca256_lexical_w005
22445,45,minibatch_k64,text_pca256_lexical_w005
22446,5,minibatch_k64,text_pca256_lexical_w005
22447,2,minibatch_k64,text_pca256_lexical_w005
22448,8,minibatch_k64,text_pca256_lexical_w005
22449,5,minibatch_k64,text_pca256_lexical_w005
22450,5,minibatch_k64,text_pca256_lexical_w005
22451,45,minibatch_k64,text_pca256_lexical_w005
22452,45,minibatch_k64,text_pca256_lexical_w005
22453,5,minibatch_k64,text_pca256_lexical_w005
22454,0,minibatch_k64,text_pca256_lexical_w005
22455,21,minibatch_k64,text_pca256_lexical_w005
22456,45,minibatch_k64,text_pca256_lexical_w005
22457,45,minibatch_k64,text_pca256_lexical_w005
22458,45,minibatch_k64,text_pca256_lexical_w005
22459,45,minibatch_k64,text_pca256_lexical_w005
22460,0,minibatch_k64,text_pca256_lexical_w005
22461,0,minibatch_k64,text_pca256_lexical_w005
22462,0,minibatch_k64,text_pca256_lexical_w005
22463,46,minibatch_k64,text_pca256_lexical_w005
22464,2,minibatch_k64,text_pca256_lexical_w005
22465,0,minibatch_k64,text_pca256_lexical_w005
22466,23,minibatch_k64,text_pca256_lexical_w005
22467,62,minibatch_k64,text_pca256_lexical_w005
22468,5,minibatch_k64,text_pca256_lexical_w005
22469,53,minibatch_k64,text_pca256_lexical_w005
22470,42,minibatch_k64,text_pca256_lexical_w005
22471,0,minibatch_k64,text_pca256_lexical_w005
22472,8,minibatch_k64,text_pca256_lexical_w005
22473,23,minibatch_k64,text_pca256_lexical_w005
22474,62,minibatch_k64,text_pca256_lexical_w005
22475,5,minibatch_k64,text_pca256_lexical_w005
22476,23,minibatch_k64,text_pca256_lexical_w005
22477,2,minibatch_k64,text_pca256_lexical_w005
22478,0,minibatch_k64,text_pca256_lexical_w005
22479,0,minibatch_k64,text_pca256_lexical_w005
22480,0,minibatch_k64,text_pca256_lexical_w005
22481,23,minibatch_k64,text_pca256_lexical_w005
22482,10,minibatch_k64,text_pca256_lexical_w005
22483,5,minibatch_k64,text_pca256_lexical_w005
22484,23,minibatch_k64,text_pca256_lexical_w005
22485,0,minibatch_k64,text_pca256_lexical_w005
22486,23,minibatch_k64,text_pca256_lexical_w005
22487,62,minibatch_k64,text_pca256_lexical_w005
22488,0,minibatch_k64,text_pca256_lexical_w005
22489,0,minibatch_k64,text_pca256_lexical_w005
22490,59,minibatch_k64,text_pca256_lexical_w005
22491,62,minibatch_k64,text_pca256_lexical_w005
22492,8,minibatch_k64,text_pca256_lexical_w005
22493,18,minibatch_k64,text_pca256_lexical_w005
22494,0,minibatch_k64,text_pca256_lexical_w005
22495,45,minibatch_k64,text_pca256_lexical_w005
22496,23,minibatch_k64,text_pca256_lexical_w005
22497,15,minibatch_k64,text_pca256_lexical_w005
22498,45,minibatch_k64,text_pca256_lexical_w005
22499,62,minibatch_k64,text_pca256_lexical_w005
22500,23,minibatch_k64,text_pca256_lexical_w005
22501,5,minibatch_k64,text_pca256_lexical_w005
22502,23,minibatch_k64,text_pca256_lexical_w005
22503,5,minibatch_k64,text_pca256_lexical_w005
22504,2,minibatch_k64,text_pca256_lexical_w005
22505,46,minibatch_k64,text_pca256_lexical_w005
22506,5,minibatch_k64,text_pca256_lexical_w005
22507,5,minibatch_k64,text_pca256_lexical_w005
22508,5,minibatch_k64,text_pca256_lexical_w005
22509,5,minibatch_k64,text_pca256_lexical_w005
22510,5,minibatch_k64,text_pca256_lexical_w005
22511,33,minibatch_k64,text_pca256_lexical_w005
22512,5,minibatch_k64,text_pca256_lexical_w005
22513,62,minibatch_k64,text_pca256_lexical_w005
22514,5,minibatch_k64,text_pca256_lexical_w005
22515,5,minibatch_k64,text_pca256_lexical_w005
22516,5,minibatch_k64,text_pca256_lexical_w005
22517,5,minibatch_k64,text_pca256_lexical_w005
22518,5,minibatch_k64,text_pca256_lexical_w005
22519,5,minibatch_k64,text_pca256_lexical_w005
22520,42,minibatch_k64,text_pca256_lexical_w005
22521,62,minibatch_k64,text_pca256_lexical_w005
22522,39,minibatch_k64,text_pca256_lexical_w005
22523,5,minibatch_k64,text_pca256_lexical_w005
22524,5,minibatch_k64,text_pca256_lexical_w005
22525,53,minibatch_k64,text_pca256_lexical_w005
22526,23,minibatch_k64,text_pca256_lexical_w005
22527,8,minibatch_k64,text_pca256_lexical_w005
22528,5,minibatch_k64,text_pca256_lexical_w005
22529,62,minibatch_k64,text_pca256_lexical_w005
22530,33,minibatch_k64,text_pca256_lexical_w005
22531,8,minibatch_k64,text_pca256_lexical_w005
22532,62,minibatch_k64,text_pca256_lexical_w005
22533,0,minibatch_k64,text_pca256_lexical_w005
22534,15,minibatch_k64,text_pca256_lexical_w005
22535,15,minibatch_k64,text_pca256_lexical_w005
22536,62,minibatch_k64,text_pca256_lexical_w005
22537,62,minibatch_k64,text_pca256_lexical_w005
22538,62,minibatch_k64,text_pca256_lexical_w005
22539,45,minibatch_k64,text_pca256_lexical_w005
22540,0,minibatch_k64,text_pca256_lexical_w005
22541,15,minibatch_k64,text_pca256_lexical_w005
22542,62,minibatch_k64,text_pca256_lexical_w005
22543,8,minibatch_k64,text_pca256_lexical_w005
22544,10,minibatch_k64,text_pca256_lexical_w005
22545,45,minibatch_k64,text_pca256_lexical_w005
22546,62,minibatch_k64,text_pca256_lexical_w005
22547,39,minibatch_k64,text_pca256_lexical_w005
22548,42,minibatch_k64,text_pca256_lexical_w005
22549,8,minibatch_k64,text_pca256_lexical_w005
22550,23,minibatch_k64,text_pca256_lexical_w005
22551,62,minibatch_k64,text_pca256_lexical_w005
22552,2,minibatch_k64,text_pca256_lexical_w005
22553,62,minibatch_k64,text_pca256_lexical_w005
22554,8,minibatch_k64,text_pca256_lexical_w005
22555,5,minibatch_k64,text_pca256_lexical_w005
22556,5,minibatch_k64,text_pca256_lexical_w005
22557,5,minibatch_k64,text_pca256_lexical_w005
22558,5,minibatch_k64,text_pca256_lexical_w005
22559,5,minibatch_k64,text_pca256_lexical_w005
22560,5,minibatch_k64,text_pca256_lexical_w005
22561,5,minibatch_k64,text_pca256_lexical_w005
22562,5,minibatch_k64,text_pca256_lexical_w005
22563,5,minibatch_k64,text_pca256_lexical_w005
22564,5,minibatch_k64,text_pca256_lexical_w005
22565,5,minibatch_k64,text_pca256_lexical_w005
22566,42,minibatch_k64,text_pca256_lexical_w005
22567,5,minibatch_k64,text_pca256_lexical_w005
22568,56,minibatch_k64,text_pca256_lexical_w005
22569,42,minibatch_k64,text_pca256_lexical_w005
22570,5,minibatch_k64,text_pca256_lexical_w005
22571,62,minibatch_k64,text_pca256_lexical_w005
22572,5,minibatch_k64,text_pca256_lexical_w005
22573,39,minibatch_k64,text_pca256_lexical_w005
22574,33,minibatch_k64,text_pca256_lexical_w005
22575,0,minibatch_k64,text_pca256_lexical_w005
22576,8,minibatch_k64,text_pca256_lexical_w005
22577,20,minibatch_k64,text_pca256_lexical_w005
22578,62,minibatch_k64,text_pca256_lexical_w005
22579,62,minibatch_k64,text_pca256_lexical_w005
22580,20,minibatch_k64,text_pca256_lexical_w005
22581,10,minibatch_k64,text_pca256_lexical_w005
22582,62,minibatch_k64,text_pca256_lexical_w005
22583,23,minibatch_k64,text_pca256_lexical_w005
22584,23,minibatch_k64,text_pca256_lexical_w005
22585,23,minibatch_k64,text_pca256_lexical_w005
22586,21,minibatch_k64,text_pca256_lexical_w005
22587,8,minibatch_k64,text_pca256_lexical_w005
22588,62,minibatch_k64,text_pca256_lexical_w005
22589,10,minibatch_k64,text_pca256_lexical_w005
22590,23,minibatch_k64,text_pca256_lexical_w005
22591,62,minibatch_k64,text_pca256_lexical_w005
22592,15,minibatch_k64,text_pca256_lexical_w005
22593,62,minibatch_k64,text_pca256_lexical_w005
22594,39,minibatch_k64,text_pca256_lexical_w005
22595,23,minibatch_k64,text_pca256_lexical_w005
22596,8,minibatch_k64,text_pca256_lexical_w005
22597,8,minibatch_k64,text_pca256_lexical_w005
22598,45,minibatch_k64,text_pca256_lexical_w005
22599,5,minibatch_k64,text_pca256_lexical_w005
22600,58,minibatch_k64,text_pca256_lexical_w005
22601,58,minibatch_k64,text_pca256_lexical_w005
22602,0,minibatch_k64,text_pca256_lexical_w005
22603,62,minibatch_k64,text_pca256_lexical_w005
22604,55,minibatch_k64,text_pca256_lexical_w005
22605,22,minibatch_k64,text_pca256_lexical_w005
22606,25,minibatch_k64,text_pca256_lexical_w005
22607,8,minibatch_k64,text_pca256_lexical_w005
22608,8,minibatch_k64,text_pca256_lexical_w005
22609,0,minibatch_k64,text_pca256_lexical_w005
22610,14,minibatch_k64,text_pca256_lexical_w005
22611,23,minibatch_k64,text_pca256_lexical_w005
22612,15,minibatch_k64,text_pca256_lexical_w005
22613,23,minibatch_k64,text_pca256_lexical_w005
22614,8,minibatch_k64,text_pca256_lexical_w005
22615,8,minibatch_k64,text_pca256_lexical_w005
22616,57,minibatch_k64,text_pca256_lexical_w005
22617,62,minibatch_k64,text_pca256_lexical_w005
22618,23,minibatch_k64,text_pca256_lexical_w005
22619,57,minibatch_k64,text_pca256_lexical_w005
22620,15,minibatch_k64,text_pca256_lexical_w005
22621,8,minibatch_k64,text_pca256_lexical_w005
22622,15,minibatch_k64,text_pca256_lexical_w005
22623,5,minibatch_k64,text_pca256_lexical_w005
22624,11,minibatch_k64,text_pca256_lexical_w005
22625,0,minibatch_k64,text_pca256_lexical_w005
22626,8,minibatch_k64,text_pca256_lexical_w005
22627,23,minibatch_k64,text_pca256_lexical_w005
22628,62,minibatch_k64,text_pca256_lexical_w005
22629,10,minibatch_k64,text_pca256_lexical_w005
22630,39,minibatch_k64,text_pca256_lexical_w005
22631,33,minibatch_k64,text_pca256_lexical_w005
22632,62,minibatch_k64,text_pca256_lexical_w005
22633,8,minibatch_k64,text_pca256_lexical_w005
22634,23,minibatch_k64,text_pca256_lexical_w005
22635,0,minibatch_k64,text_pca256_lexical_w005
22636,4,minibatch_k64,text_pca256_lexical_w005
22637,23,minibatch_k64,text_pca256_lexical_w005
22638,39,minibatch_k64,text_pca256_lexical_w005
22639,20,minibatch_k64,text_pca256_lexical_w005
22640,3,minibatch_k64,text_pca256_lexical_w005
22641,15,minibatch_k64,text_pca256_lexical_w005
22642,38,minibatch_k64,text_pca256_lexical_w005
22643,45,minibatch_k64,text_pca256_lexical_w005
22644,45,minibatch_k64,text_pca256_lexical_w005
22645,45,minibatch_k64,text_pca256_lexical_w005
22646,55,minibatch_k64,text_pca256_lexical_w005
22647,13,minibatch_k64,text_pca256_lexical_w005
22648,23,minibatch_k64,text_pca256_lexical_w005
22649,0,minibatch_k64,text_pca256_lexical_w005
22650,0,minibatch_k64,text_pca256_lexical_w005
22651,14,minibatch_k64,text_pca256_lexical_w005
22652,23,minibatch_k64,text_pca256_lexical_w005
22653,50,minibatch_k64,text_pca256_lexical_w005
22654,8,minibatch_k64,text_pca256_lexical_w005
22655,62,minibatch_k64,text_pca256_lexical_w005
22656,8,minibatch_k64,text_pca256_lexical_w005
22657,23,minibatch_k64,text_pca256_lexical_w005
22658,8,minibatch_k64,text_pca256_lexical_w005
22659,23,minibatch_k64,text_pca256_lexical_w005
22660,8,minibatch_k64,text_pca256_lexical_w005
22661,23,minibatch_k64,text_pca256_lexical_w005
22662,23,minibatch_k64,text_pca256_lexical_w005
22663,8,minibatch_k64,text_pca256_lexical_w005
22664,8,minibatch_k64,text_pca256_lexical_w005
22665,3,minibatch_k64,text_pca256_lexical_w005
22666,0,minibatch_k64,text_pca256_lexical_w005
22667,23,minibatch_k64,text_pca256_lexical_w005
22668,38,minibatch_k64,text_pca256_lexical_w005
22669,23,minibatch_k64,text_pca256_lexical_w005
22670,23,minibatch_k64,text_pca256_lexical_w005
22671,58,minibatch_k64,text_pca256_lexical_w005
22672,23,minibatch_k64,text_pca256_lexical_w005
22673,55,minibatch_k64,text_pca256_lexical_w005
22674,22,minibatch_k64,text_pca256_lexical_w005
22675,23,minibatch_k64,text_pca256_lexical_w005
22676,23,minibatch_k64,text_pca256_lexical_w005
22677,21,minibatch_k64,text_pca256_lexical_w005
22678,23,minibatch_k64,text_pca256_lexical_w005
22679,8,minibatch_k64,text_pca256_lexical_w005
22680,14,minibatch_k64,text_pca256_lexical_w005
22681,33,minibatch_k64,text_pca256_lexical_w005
22682,23,minibatch_k64,text_pca256_lexical_w005
22683,8,minibatch_k64,text_pca256_lexical_w005
22684,62,minibatch_k64,text_pca256_lexical_w005
22685,0,minibatch_k64,text_pca256_lexical_w005
22686,15,minibatch_k64,text_pca256_lexical_w005
22687,50,minibatch_k64,text_pca256_lexical_w005
22688,15,minibatch_k64,text_pca256_lexical_w005
22689,23,minibatch_k64,text_pca256_lexical_w005
22690,23,minibatch_k64,text_pca256_lexical_w005
22691,62,minibatch_k64,text_pca256_lexical_w005
22692,8,minibatch_k64,text_pca256_lexical_w005
22693,8,minibatch_k64,text_pca256_lexical_w005
22694,62,minibatch_k64,text_pca256_lexical_w005
22695,33,minibatch_k64,text_pca256_lexical_w005
22696,15,minibatch_k64,text_pca256_lexical_w005
22697,23,minibatch_k64,text_pca256_lexical_w005
22698,8,minibatch_k64,text_pca256_lexical_w005
22699,33,minibatch_k64,text_pca256_lexical_w005
22700,23,minibatch_k64,text_pca256_lexical_w005
22701,23,minibatch_k64,text_pca256_lexical_w005
22702,2,minibatch_k64,text_pca256_lexical_w005
22703,33,minibatch_k64,text_pca256_lexical_w005
22704,23,minibatch_k64,text_pca256_lexical_w005
22705,33,minibatch_k64,text_pca256_lexical_w005
22706,23,minibatch_k64,text_pca256_lexical_w005
22707,53,minibatch_k64,text_pca256_lexical_w005
22708,53,minibatch_k64,text_pca256_lexical_w005
22709,23,minibatch_k64,text_pca256_lexical_w005
22710,23,minibatch_k64,text_pca256_lexical_w005
22711,62,minibatch_k64,text_pca256_lexical_w005
22712,62,minibatch_k64,text_pca256_lexical_w005
22713,8,minibatch_k64,text_pca256_lexical_w005
22714,23,minibatch_k64,text_pca256_lexical_w005
22715,62,minibatch_k64,text_pca256_lexical_w005
22716,23,minibatch_k64,text_pca256_lexical_w005
22717,39,minibatch_k64,text_pca256_lexical_w005
22718,57,minibatch_k64,text_pca256_lexical_w005
22719,23,minibatch_k64,text_pca256_lexical_w005
22720,23,minibatch_k64,text_pca256_lexical_w005
22721,23,minibatch_k64,text_pca256_lexical_w005
22722,38,minibatch_k64,text_pca256_lexical_w005
22723,23,minibatch_k64,text_pca256_lexical_w005
22724,23,minibatch_k64,text_pca256_lexical_w005
22725,23,minibatch_k64,text_pca256_lexical_w005
22726,55,minibatch_k64,text_pca256_lexical_w005
22727,22,minibatch_k64,text_pca256_lexical_w005
22728,23,minibatch_k64,text_pca256_lexical_w005
22729,10,minibatch_k64,text_pca256_lexical_w005
22730,57,minibatch_k64,text_pca256_lexical_w005
22731,11,minibatch_k64,text_pca256_lexical_w005
22732,14,minibatch_k64,text_pca256_lexical_w005
22733,53,minibatch_k64,text_pca256_lexical_w005
22734,8,minibatch_k64,text_pca256_lexical_w005
22735,23,minibatch_k64,text_pca256_lexical_w005
22736,57,minibatch_k64,text_pca256_lexical_w005
22737,11,minibatch_k64,text_pca256_lexical_w005
22738,62,minibatch_k64,text_pca256_lexical_w005
22739,23,minibatch_k64,text_pca256_lexical_w005
22740,10,minibatch_k64,text_pca256_lexical_w005
22741,8,minibatch_k64,text_pca256_lexical_w005
22742,21,minibatch_k64,text_pca256_lexical_w005
22743,21,minibatch_k64,text_pca256_lexical_w005
22744,39,minibatch_k64,text_pca256_lexical_w005
22745,23,minibatch_k64,text_pca256_lexical_w005
22746,8,minibatch_k64,text_pca256_lexical_w005
22747,8,minibatch_k64,text_pca256_lexical_w005
22748,38,minibatch_k64,text_pca256_lexical_w005
22749,8,minibatch_k64,text_pca256_lexical_w005
22750,23,minibatch_k64,text_pca256_lexical_w005
22751,36,minibatch_k64,text_pca256_lexical_w005
22752,55,minibatch_k64,text_pca256_lexical_w005
22753,22,minibatch_k64,text_pca256_lexical_w005
22754,25,minibatch_k64,text_pca256_lexical_w005
22755,8,minibatch_k64,text_pca256_lexical_w005
22756,15,minibatch_k64,text_pca256_lexical_w005
22757,15,minibatch_k64,text_pca256_lexical_w005
22758,62,minibatch_k64,text_pca256_lexical_w005
22759,14,minibatch_k64,text_pca256_lexical_w005
22760,23,minibatch_k64,text_pca256_lexical_w005
22761,23,minibatch_k64,text_pca256_lexical_w005
22762,0,minibatch_k64,text_pca256_lexical_w005
22763,45,minibatch_k64,text_pca256_lexical_w005
22764,62,minibatch_k64,text_pca256_lexical_w005
22765,15,minibatch_k64,text_pca256_lexical_w005
22766,8,minibatch_k64,text_pca256_lexical_w005
22767,45,minibatch_k64,text_pca256_lexical_w005
22768,23,minibatch_k64,text_pca256_lexical_w005
22769,53,minibatch_k64,text_pca256_lexical_w005
22770,23,minibatch_k64,text_pca256_lexical_w005
22771,23,minibatch_k64,text_pca256_lexical_w005
22772,23,minibatch_k64,text_pca256_lexical_w005
22773,45,minibatch_k64,text_pca256_lexical_w005
22774,0,minibatch_k64,text_pca256_lexical_w005
22775,53,minibatch_k64,text_pca256_lexical_w005
22776,62,minibatch_k64,text_pca256_lexical_w005
22777,23,minibatch_k64,text_pca256_lexical_w005
22778,23,minibatch_k64,text_pca256_lexical_w005
22779,0,minibatch_k64,text_pca256_lexical_w005
22780,2,minibatch_k64,text_pca256_lexical_w005
22781,8,minibatch_k64,text_pca256_lexical_w005
22782,0,minibatch_k64,text_pca256_lexical_w005
22783,53,minibatch_k64,text_pca256_lexical_w005
22784,42,minibatch_k64,text_pca256_lexical_w005
22785,23,minibatch_k64,text_pca256_lexical_w005
22786,20,minibatch_k64,text_pca256_lexical_w005
22787,8,minibatch_k64,text_pca256_lexical_w005
22788,23,minibatch_k64,text_pca256_lexical_w005
22789,33,minibatch_k64,text_pca256_lexical_w005
22790,0,minibatch_k64,text_pca256_lexical_w005
22791,10,minibatch_k64,text_pca256_lexical_w005
22792,23,minibatch_k64,text_pca256_lexical_w005
22793,8,minibatch_k64,text_pca256_lexical_w005
22794,8,minibatch_k64,text_pca256_lexical_w005
22795,8,minibatch_k64,text_pca256_lexical_w005
22796,8,minibatch_k64,text_pca256_lexical_w005
22797,23,minibatch_k64,text_pca256_lexical_w005
22798,8,minibatch_k64,text_pca256_lexical_w005
22799,23,minibatch_k64,text_pca256_lexical_w005
22800,10,minibatch_k64,text_pca256_lexical_w005
22801,23,minibatch_k64,text_pca256_lexical_w005
22802,33,minibatch_k64,text_pca256_lexical_w005
22803,8,minibatch_k64,text_pca256_lexical_w005
22804,18,minibatch_k64,text_pca256_lexical_w005
22805,23,minibatch_k64,text_pca256_lexical_w005
22806,62,minibatch_k64,text_pca256_lexical_w005
22807,10,minibatch_k64,text_pca256_lexical_w005
22808,15,minibatch_k64,text_pca256_lexical_w005
22809,62,minibatch_k64,text_pca256_lexical_w005
22810,23,minibatch_k64,text_pca256_lexical_w005
22811,53,minibatch_k64,text_pca256_lexical_w005
22812,15,minibatch_k64,text_pca256_lexical_w005
22813,8,minibatch_k64,text_pca256_lexical_w005
22814,23,minibatch_k64,text_pca256_lexical_w005
22815,45,minibatch_k64,text_pca256_lexical_w005
22816,8,minibatch_k64,text_pca256_lexical_w005
22817,0,minibatch_k64,text_pca256_lexical_w005
22818,53,minibatch_k64,text_pca256_lexical_w005
22819,0,minibatch_k64,text_pca256_lexical_w005
22820,62,minibatch_k64,text_pca256_lexical_w005
22821,4,minibatch_k64,text_pca256_lexical_w005
22822,39,minibatch_k64,text_pca256_lexical_w005
22823,0,minibatch_k64,text_pca256_lexical_w005
22824,53,minibatch_k64,text_pca256_lexical_w005
22825,62,minibatch_k64,text_pca256_lexical_w005
22826,15,minibatch_k64,text_pca256_lexical_w005
22827,62,minibatch_k64,text_pca256_lexical_w005
22828,62,minibatch_k64,text_pca256_lexical_w005
22829,0,minibatch_k64,text_pca256_lexical_w005
22830,39,minibatch_k64,text_pca256_lexical_w005
22831,23,minibatch_k64,text_pca256_lexical_w005
22832,23,minibatch_k64,text_pca256_lexical_w005
22833,45,minibatch_k64,text_pca256_lexical_w005
22834,45,minibatch_k64,text_pca256_lexical_w005
22835,62,minibatch_k64,text_pca256_lexical_w005
22836,23,minibatch_k64,text_pca256_lexical_w005
22837,16,minibatch_k64,text_pca256_lexical_w005
22838,62,minibatch_k64,text_pca256_lexical_w005
22839,23,minibatch_k64,text_pca256_lexical_w005
22840,12,minibatch_k64,text_pca256_lexical_w005
22841,36,minibatch_k64,text_pca256_lexical_w005
22842,15,minibatch_k64,text_pca256_lexical_w005
22843,54,minibatch_k64,text_pca256_lexical_w005
22844,45,minibatch_k64,text_pca256_lexical_w005
22845,4,minibatch_k64,text_pca256_lexical_w005
22846,8,minibatch_k64,text_pca256_lexical_w005
22847,62,minibatch_k64,text_pca256_lexical_w005
22848,23,minibatch_k64,text_pca256_lexical_w005
22849,10,minibatch_k64,text_pca256_lexical_w005
22850,21,minibatch_k64,text_pca256_lexical_w005
22851,23,minibatch_k64,text_pca256_lexical_w005
22852,62,minibatch_k64,text_pca256_lexical_w005
22853,62,minibatch_k64,text_pca256_lexical_w005
22854,33,minibatch_k64,text_pca256_lexical_w005
22855,53,minibatch_k64,text_pca256_lexical_w005
22856,62,minibatch_k64,text_pca256_lexical_w005
22857,15,minibatch_k64,text_pca256_lexical_w005
22858,0,minibatch_k64,text_pca256_lexical_w005
22859,23,minibatch_k64,text_pca256_lexical_w005
22860,23,minibatch_k64,text_pca256_lexical_w005
22861,45,minibatch_k64,text_pca256_lexical_w005
22862,45,minibatch_k64,text_pca256_lexical_w005
22863,62,minibatch_k64,text_pca256_lexical_w005
22864,42,minibatch_k64,text_pca256_lexical_w005
22865,23,minibatch_k64,text_pca256_lexical_w005
22866,48,minibatch_k64,text_pca256_lexical_w005
22867,0,minibatch_k64,text_pca256_lexical_w005
22868,15,minibatch_k64,text_pca256_lexical_w005
22869,23,minibatch_k64,text_pca256_lexical_w005
22870,45,minibatch_k64,text_pca256_lexical_w005
22871,10,minibatch_k64,text_pca256_lexical_w005
22872,45,minibatch_k64,text_pca256_lexical_w005
22873,33,minibatch_k64,text_pca256_lexical_w005
22874,38,minibatch_k64,text_pca256_lexical_w005
22875,23,minibatch_k64,text_pca256_lexical_w005
22876,36,minibatch_k64,text_pca256_lexical_w005
22877,8,minibatch_k64,text_pca256_lexical_w005
22878,55,minibatch_k64,text_pca256_lexical_w005
22879,2,minibatch_k64,text_pca256_lexical_w005
22880,54,minibatch_k64,text_pca256_lexical_w005
22881,62,minibatch_k64,text_pca256_lexical_w005
22882,4,minibatch_k64,text_pca256_lexical_w005
22883,8,minibatch_k64,text_pca256_lexical_w005
22884,45,minibatch_k64,text_pca256_lexical_w005
22885,14,minibatch_k64,text_pca256_lexical_w005
22886,18,minibatch_k64,text_pca256_lexical_w005
22887,10,minibatch_k64,text_pca256_lexical_w005
22888,33,minibatch_k64,text_pca256_lexical_w005
22889,62,minibatch_k64,text_pca256_lexical_w005
22890,27,minibatch_k64,text_pca256_lexical_w005
22891,45,minibatch_k64,text_pca256_lexical_w005
22892,45,minibatch_k64,text_pca256_lexical_w005
22893,45,minibatch_k64,text_pca256_lexical_w005
22894,45,minibatch_k64,text_pca256_lexical_w005
22895,45,minibatch_k64,text_pca256_lexical_w005
22896,15,minibatch_k64,text_pca256_lexical_w005
22897,27,minibatch_k64,text_pca256_lexical_w005
22898,23,minibatch_k64,text_pca256_lexical_w005
22899,23,minibatch_k64,text_pca256_lexical_w005
22900,0,minibatch_k64,text_pca256_lexical_w005
22901,23,minibatch_k64,text_pca256_lexical_w005
22902,23,minibatch_k64,text_pca256_lexical_w005
22903,20,minibatch_k64,text_pca256_lexical_w005
22904,45,minibatch_k64,text_pca256_lexical_w005
22905,0,minibatch_k64,text_pca256_lexical_w005
22906,23,minibatch_k64,text_pca256_lexical_w005
22907,53,minibatch_k64,text_pca256_lexical_w005
22908,15,minibatch_k64,text_pca256_lexical_w005
22909,0,minibatch_k64,text_pca256_lexical_w005
22910,0,minibatch_k64,text_pca256_lexical_w005
22911,0,minibatch_k64,text_pca256_lexical_w005
22912,62,minibatch_k64,text_pca256_lexical_w005
22913,33,minibatch_k64,text_pca256_lexical_w005
22914,23,minibatch_k64,text_pca256_lexical_w005
22915,50,minibatch_k64,text_pca256_lexical_w005
22916,62,minibatch_k64,text_pca256_lexical_w005
22917,0,minibatch_k64,text_pca256_lexical_w005
22918,10,minibatch_k64,text_pca256_lexical_w005
22919,23,minibatch_k64,text_pca256_lexical_w005
22920,42,minibatch_k64,text_pca256_lexical_w005
22921,62,minibatch_k64,text_pca256_lexical_w005
22922,62,minibatch_k64,text_pca256_lexical_w005
22923,23,minibatch_k64,text_pca256_lexical_w005
22924,62,minibatch_k64,text_pca256_lexical_w005
22925,23,minibatch_k64,text_pca256_lexical_w005
22926,8,minibatch_k64,text_pca256_lexical_w005
22927,33,minibatch_k64,text_pca256_lexical_w005
22928,45,minibatch_k64,text_pca256_lexical_w005
22929,27,minibatch_k64,text_pca256_lexical_w005
22930,23,minibatch_k64,text_pca256_lexical_w005
22931,45,minibatch_k64,text_pca256_lexical_w005
22932,53,minibatch_k64,text_pca256_lexical_w005
22933,45,minibatch_k64,text_pca256_lexical_w005
22934,45,minibatch_k64,text_pca256_lexical_w005
22935,23,minibatch_k64,text_pca256_lexical_w005
22936,8,minibatch_k64,text_pca256_lexical_w005
22937,36,minibatch_k64,text_pca256_lexical_w005
22938,25,minibatch_k64,text_pca256_lexical_w005
22939,55,minibatch_k64,text_pca256_lexical_w005
22940,54,minibatch_k64,text_pca256_lexical_w005
22941,45,minibatch_k64,text_pca256_lexical_w005
22942,8,minibatch_k64,text_pca256_lexical_w005
22943,62,minibatch_k64,text_pca256_lexical_w005
22944,14,minibatch_k64,text_pca256_lexical_w005
22945,23,minibatch_k64,text_pca256_lexical_w005
22946,45,minibatch_k64,text_pca256_lexical_w005
22947,62,minibatch_k64,text_pca256_lexical_w005
22948,45,minibatch_k64,text_pca256_lexical_w005
22949,8,minibatch_k64,text_pca256_lexical_w005
22950,45,minibatch_k64,text_pca256_lexical_w005
22951,4,minibatch_k64,text_pca256_lexical_w005
22952,8,minibatch_k64,text_pca256_lexical_w005
22953,62,minibatch_k64,text_pca256_lexical_w005
22954,23,minibatch_k64,text_pca256_lexical_w005
22955,8,minibatch_k64,text_pca256_lexical_w005
22956,42,minibatch_k64,text_pca256_lexical_w005
22957,42,minibatch_k64,text_pca256_lexical_w005
22958,8,minibatch_k64,text_pca256_lexical_w005
22959,48,minibatch_k64,text_pca256_lexical_w005
22960,45,minibatch_k64,text_pca256_lexical_w005
22961,59,minibatch_k64,text_pca256_lexical_w005
22962,18,minibatch_k64,text_pca256_lexical_w005
22963,23,minibatch_k64,text_pca256_lexical_w005
22964,45,minibatch_k64,text_pca256_lexical_w005
22965,8,minibatch_k64,text_pca256_lexical_w005
22966,45,minibatch_k64,text_pca256_lexical_w005
22967,23,minibatch_k64,text_pca256_lexical_w005
22968,42,minibatch_k64,text_pca256_lexical_w005
22969,62,minibatch_k64,text_pca256_lexical_w005
22970,2,minibatch_k64,text_pca256_lexical_w005
22971,45,minibatch_k64,text_pca256_lexical_w005
22972,23,minibatch_k64,text_pca256_lexical_w005
22973,15,minibatch_k64,text_pca256_lexical_w005
22974,0,minibatch_k64,text_pca256_lexical_w005
22975,2,minibatch_k64,text_pca256_lexical_w005
22976,23,minibatch_k64,text_pca256_lexical_w005
22977,23,minibatch_k64,text_pca256_lexical_w005
22978,53,minibatch_k64,text_pca256_lexical_w005
22979,59,minibatch_k64,text_pca256_lexical_w005
22980,23,minibatch_k64,text_pca256_lexical_w005
22981,23,minibatch_k64,text_pca256_lexical_w005
22982,23,minibatch_k64,text_pca256_lexical_w005
22983,33,minibatch_k64,text_pca256_lexical_w005
22984,62,minibatch_k64,text_pca256_lexical_w005
22985,18,minibatch_k64,text_pca256_lexical_w005
22986,0,minibatch_k64,text_pca256_lexical_w005
22987,15,minibatch_k64,text_pca256_lexical_w005
22988,23,minibatch_k64,text_pca256_lexical_w005
22989,62,minibatch_k64,text_pca256_lexical_w005
22990,45,minibatch_k64,text_pca256_lexical_w005
22991,23,minibatch_k64,text_pca256_lexical_w005
22992,10,minibatch_k64,text_pca256_lexical_w005
22993,45,minibatch_k64,text_pca256_lexical_w005
22994,45,minibatch_k64,text_pca256_lexical_w005
22995,62,minibatch_k64,text_pca256_lexical_w005
22996,59,minibatch_k64,text_pca256_lexical_w005
22997,23,minibatch_k64,text_pca256_lexical_w005
22998,62,minibatch_k64,text_pca256_lexical_w005
22999,59,minibatch_k64,text_pca256_lexical_w005
23000,45,minibatch_k64,text_pca256_lexical_w005
23001,45,minibatch_k64,text_pca256_lexical_w005
23002,45,minibatch_k64,text_pca256_lexical_w005
23003,45,minibatch_k64,text_pca256_lexical_w005
23004,45,minibatch_k64,text_pca256_lexical_w005
23005,45,minibatch_k64,text_pca256_lexical_w005
23006,59,minibatch_k64,text_pca256_lexical_w005
23007,45,minibatch_k64,text_pca256_lexical_w005
23008,45,minibatch_k64,text_pca256_lexical_w005
23009,45,minibatch_k64,text_pca256_lexical_w005
23010,45,minibatch_k64,text_pca256_lexical_w005
23011,18,minibatch_k64,text_pca256_lexical_w005
23012,18,minibatch_k64,text_pca256_lexical_w005
23013,33,minibatch_k64,text_pca256_lexical_w005
23014,45,minibatch_k64,text_pca256_lexical_w005
23015,0,minibatch_k64,text_pca256_lexical_w005
23016,45,minibatch_k64,text_pca256_lexical_w005
23017,45,minibatch_k64,text_pca256_lexical_w005
23018,4,minibatch_k64,text_pca256_lexical_w005
23019,23,minibatch_k64,text_pca256_lexical_w005
23020,62,minibatch_k64,text_pca256_lexical_w005
23021,59,minibatch_k64,text_pca256_lexical_w005
23022,48,minibatch_k64,text_pca256_lexical_w005
23023,33,minibatch_k64,text_pca256_lexical_w005
23024,0,minibatch_k64,text_pca256_lexical_w005
23025,0,minibatch_k64,text_pca256_lexical_w005
23026,33,minibatch_k64,text_pca256_lexical_w005
23027,0,minibatch_k64,text_pca256_lexical_w005
23028,15,minibatch_k64,text_pca256_lexical_w005
23029,2,minibatch_k64,text_pca256_lexical_w005
23030,45,minibatch_k64,text_pca256_lexical_w005
23031,23,minibatch_k64,text_pca256_lexical_w005
23032,23,minibatch_k64,text_pca256_lexical_w005
23033,23,minibatch_k64,text_pca256_lexical_w005
23034,21,minibatch_k64,text_pca256_lexical_w005
23035,59,minibatch_k64,text_pca256_lexical_w005
23036,45,minibatch_k64,text_pca256_lexical_w005
23037,0,minibatch_k64,text_pca256_lexical_w005
23038,21,minibatch_k64,text_pca256_lexical_w005
23039,23,minibatch_k64,text_pca256_lexical_w005
23040,23,minibatch_k64,text_pca256_lexical_w005
23041,23,minibatch_k64,text_pca256_lexical_w005
23042,45,minibatch_k64,text_pca256_lexical_w005
23043,41,minibatch_k64,text_pca256_lexical_w005
23044,41,minibatch_k64,text_pca256_lexical_w005
23045,41,minibatch_k64,text_pca256_lexical_w005
23046,41,minibatch_k64,text_pca256_lexical_w005
23047,41,minibatch_k64,text_pca256_lexical_w005
23048,48,minibatch_k64,text_pca256_lexical_w005
23049,45,minibatch_k64,text_pca256_lexical_w005
23050,23,minibatch_k64,text_pca256_lexical_w005
23051,45,minibatch_k64,text_pca256_lexical_w005
23052,10,minibatch_k64,text_pca256_lexical_w005
23053,62,minibatch_k64,text_pca256_lexical_w005
23054,2,minibatch_k64,text_pca256_lexical_w005
23055,59,minibatch_k64,text_pca256_lexical_w005
23056,23,minibatch_k64,text_pca256_lexical_w005
23057,59,minibatch_k64,text_pca256_lexical_w005
23058,23,minibatch_k64,text_pca256_lexical_w005
23059,45,minibatch_k64,text_pca256_lexical_w005
23060,62,minibatch_k64,text_pca256_lexical_w005
23061,45,minibatch_k64,text_pca256_lexical_w005
23062,23,minibatch_k64,text_pca256_lexical_w005
23063,15,minibatch_k64,text_pca256_lexical_w005
23064,45,minibatch_k64,text_pca256_lexical_w005
23065,59,minibatch_k64,text_pca256_lexical_w005
23066,10,minibatch_k64,text_pca256_lexical_w005
23067,45,minibatch_k64,text_pca256_lexical_w005
23068,41,minibatch_k64,text_pca256_lexical_w005
23069,41,minibatch_k64,text_pca256_lexical_w005
23070,41,minibatch_k64,text_pca256_lexical_w005
23071,59,minibatch_k64,text_pca256_lexical_w005
23072,23,minibatch_k64,text_pca256_lexical_w005
23073,45,minibatch_k64,text_pca256_lexical_w005
23074,23,minibatch_k64,text_pca256_lexical_w005
23075,21,minibatch_k64,text_pca256_lexical_w005
23076,8,minibatch_k64,text_pca256_lexical_w005
23077,45,minibatch_k64,text_pca256_lexical_w005
23078,45,minibatch_k64,text_pca256_lexical_w005
23079,59,minibatch_k64,text_pca256_lexical_w005
23080,8,minibatch_k64,text_pca256_lexical_w005
23081,8,minibatch_k64,text_pca256_lexical_w005
23082,8,minibatch_k64,text_pca256_lexical_w005
23083,10,minibatch_k64,text_pca256_lexical_w005
23084,2,minibatch_k64,text_pca256_lexical_w005
23085,2,minibatch_k64,text_pca256_lexical_w005
23086,10,minibatch_k64,text_pca256_lexical_w005
23087,10,minibatch_k64,text_pca256_lexical_w005
23088,10,minibatch_k64,text_pca256_lexical_w005
23089,10,minibatch_k64,text_pca256_lexical_w005
23090,59,minibatch_k64,text_pca256_lexical_w005
23091,45,minibatch_k64,text_pca256_lexical_w005
23092,45,minibatch_k64,text_pca256_lexical_w005
23093,48,minibatch_k64,text_pca256_lexical_w005
23094,6,minibatch_k64,text_pca256_lexical_w005
23095,10,minibatch_k64,text_pca256_lexical_w005
23096,10,minibatch_k64,text_pca256_lexical_w005
23097,10,minibatch_k64,text_pca256_lexical_w005
23098,10,minibatch_k64,text_pca256_lexical_w005
23099,10,minibatch_k64,text_pca256_lexical_w005
23100,62,minibatch_k64,text_pca256_lexical_w005
23101,59,minibatch_k64,text_pca256_lexical_w005
23102,45,minibatch_k64,text_pca256_lexical_w005
23103,62,minibatch_k64,text_pca256_lexical_w005
23104,59,minibatch_k64,text_pca256_lexical_w005
23105,62,minibatch_k64,text_pca256_lexical_w005
23106,59,minibatch_k64,text_pca256_lexical_w005
23107,59,minibatch_k64,text_pca256_lexical_w005
23108,53,minibatch_k64,text_pca256_lexical_w005
23109,62,minibatch_k64,text_pca256_lexical_w005
23110,59,minibatch_k64,text_pca256_lexical_w005
23111,8,minibatch_k64,text_pca256_lexical_w005
23112,23,minibatch_k64,text_pca256_lexical_w005
23113,39,minibatch_k64,text_pca256_lexical_w005
23114,39,minibatch_k64,text_pca256_lexical_w005
23115,59,minibatch_k64,text_pca256_lexical_w005
23116,10,minibatch_k64,text_pca256_lexical_w005
23117,23,minibatch_k64,text_pca256_lexical_w005
23118,23,minibatch_k64,text_pca256_lexical_w005
23119,6,minibatch_k64,text_pca256_lexical_w005
23120,59,minibatch_k64,text_pca256_lexical_w005
23121,59,minibatch_k64,text_pca256_lexical_w005
23122,62,minibatch_k64,text_pca256_lexical_w005
23123,59,minibatch_k64,text_pca256_lexical_w005
23124,50,minibatch_k64,text_pca256_lexical_w005
23125,10,minibatch_k64,text_pca256_lexical_w005
23126,59,minibatch_k64,text_pca256_lexical_w005
23127,59,minibatch_k64,text_pca256_lexical_w005
23128,10,minibatch_k64,text_pca256_lexical_w005
23129,10,minibatch_k64,text_pca256_lexical_w005
23130,10,minibatch_k64,text_pca256_lexical_w005
23131,6,minibatch_k64,text_pca256_lexical_w005
23132,59,minibatch_k64,text_pca256_lexical_w005
23133,10,minibatch_k64,text_pca256_lexical_w005
23134,10,minibatch_k64,text_pca256_lexical_w005
23135,42,minibatch_k64,text_pca256_lexical_w005
23136,39,minibatch_k64,text_pca256_lexical_w005
23137,39,minibatch_k64,text_pca256_lexical_w005
23138,62,minibatch_k64,text_pca256_lexical_w005
23139,50,minibatch_k64,text_pca256_lexical_w005
23140,42,minibatch_k64,text_pca256_lexical_w005
23141,59,minibatch_k64,text_pca256_lexical_w005
23142,10,minibatch_k64,text_pca256_lexical_w005
23143,10,minibatch_k64,text_pca256_lexical_w005
23144,23,minibatch_k64,text_pca256_lexical_w005
23145,45,minibatch_k64,text_pca256_lexical_w005
23146,23,minibatch_k64,text_pca256_lexical_w005
23147,59,minibatch_k64,text_pca256_lexical_w005
23148,8,minibatch_k64,text_pca256_lexical_w005
23149,59,minibatch_k64,text_pca256_lexical_w005
23150,42,minibatch_k64,text_pca256_lexical_w005
23151,39,minibatch_k64,text_pca256_lexical_w005
23152,39,minibatch_k64,text_pca256_lexical_w005
23153,10,minibatch_k64,text_pca256_lexical_w005
23154,39,minibatch_k64,text_pca256_lexical_w005
23155,33,minibatch_k64,text_pca256_lexical_w005
23156,10,minibatch_k64,text_pca256_lexical_w005
23157,38,minibatch_k64,text_pca256_lexical_w005
23158,0,minibatch_k64,text_pca256_lexical_w005
23159,0,minibatch_k64,text_pca256_lexical_w005
23160,62,minibatch_k64,text_pca256_lexical_w005
23161,50,minibatch_k64,text_pca256_lexical_w005
23162,38,minibatch_k64,text_pca256_lexical_w005
23163,0,minibatch_k64,text_pca256_lexical_w005
23164,21,minibatch_k64,text_pca256_lexical_w005
23165,33,minibatch_k64,text_pca256_lexical_w005
23166,33,minibatch_k64,text_pca256_lexical_w005
23167,62,minibatch_k64,text_pca256_lexical_w005
23168,38,minibatch_k64,text_pca256_lexical_w005
23169,45,minibatch_k64,text_pca256_lexical_w005
23170,0,minibatch_k64,text_pca256_lexical_w005
23171,21,minibatch_k64,text_pca256_lexical_w005
23172,21,minibatch_k64,text_pca256_lexical_w005
23173,21,minibatch_k64,text_pca256_lexical_w005
23174,0,minibatch_k64,text_pca256_lexical_w005
23175,21,minibatch_k64,text_pca256_lexical_w005
23176,21,minibatch_k64,text_pca256_lexical_w005
23177,21,minibatch_k64,text_pca256_lexical_w005
23178,21,minibatch_k64,text_pca256_lexical_w005
23179,0,minibatch_k64,text_pca256_lexical_w005
23180,38,minibatch_k64,text_pca256_lexical_w005
23181,0,minibatch_k64,text_pca256_lexical_w005
23182,8,minibatch_k64,text_pca256_lexical_w005
23183,15,minibatch_k64,text_pca256_lexical_w005
23184,62,minibatch_k64,text_pca256_lexical_w005
23185,38,minibatch_k64,text_pca256_lexical_w005
23186,33,minibatch_k64,text_pca256_lexical_w005
23187,25,minibatch_k64,text_pca256_lexical_w005
23188,8,minibatch_k64,text_pca256_lexical_w005
23189,59,minibatch_k64,text_pca256_lexical_w005
23190,56,minibatch_k64,text_pca256_lexical_w005
23191,42,minibatch_k64,text_pca256_lexical_w005
23192,8,minibatch_k64,text_pca256_lexical_w005
23193,38,minibatch_k64,text_pca256_lexical_w005
23194,45,minibatch_k64,text_pca256_lexical_w005
23195,0,minibatch_k64,text_pca256_lexical_w005
23196,56,minibatch_k64,text_pca256_lexical_w005
23197,23,minibatch_k64,text_pca256_lexical_w005
23198,25,minibatch_k64,text_pca256_lexical_w005
23199,62,minibatch_k64,text_pca256_lexical_w005
23200,62,minibatch_k64,text_pca256_lexical_w005
23201,62,minibatch_k64,text_pca256_lexical_w005
23202,38,minibatch_k64,text_pca256_lexical_w005
23203,0,minibatch_k64,text_pca256_lexical_w005
23204,0,minibatch_k64,text_pca256_lexical_w005
23205,38,minibatch_k64,text_pca256_lexical_w005
23206,25,minibatch_k64,text_pca256_lexical_w005
23207,55,minibatch_k64,text_pca256_lexical_w005
23208,15,minibatch_k64,text_pca256_lexical_w005
23209,23,minibatch_k64,text_pca256_lexical_w005
23210,62,minibatch_k64,text_pca256_lexical_w005
23211,23,minibatch_k64,text_pca256_lexical_w005
23212,0,minibatch_k64,text_pca256_lexical_w005
23213,50,minibatch_k64,text_pca256_lexical_w005
23214,8,minibatch_k64,text_pca256_lexical_w005
23215,23,minibatch_k64,text_pca256_lexical_w005
23216,18,minibatch_k64,text_pca256_lexical_w005
23217,18,minibatch_k64,text_pca256_lexical_w005
23218,18,minibatch_k64,text_pca256_lexical_w005
23219,41,minibatch_k64,text_pca256_lexical_w005
23220,41,minibatch_k64,text_pca256_lexical_w005
23221,41,minibatch_k64,text_pca256_lexical_w005
23222,34,minibatch_k64,text_pca256_lexical_w005
23223,10,minibatch_k64,text_pca256_lexical_w005
23224,7,minibatch_k64,text_pca256_lexical_w005
23225,34,minibatch_k64,text_pca256_lexical_w005
23226,41,minibatch_k64,text_pca256_lexical_w005
23227,41,minibatch_k64,text_pca256_lexical_w005
23228,41,minibatch_k64,text_pca256_lexical_w005
23229,41,minibatch_k64,text_pca256_lexical_w005
23230,41,minibatch_k64,text_pca256_lexical_w005
23231,41,minibatch_k64,text_pca256_lexical_w005
23232,41,minibatch_k64,text_pca256_lexical_w005
23233,10,minibatch_k64,text_pca256_lexical_w005
23234,50,minibatch_k64,text_pca256_lexical_w005
23235,62,minibatch_k64,text_pca256_lexical_w005
23236,62,minibatch_k64,text_pca256_lexical_w005
23237,4,minibatch_k64,text_pca256_lexical_w005
23238,5,minibatch_k64,text_pca256_lexical_w005
23239,5,minibatch_k64,text_pca256_lexical_w005
23240,59,minibatch_k64,text_pca256_lexical_w005
23241,0,minibatch_k64,text_pca256_lexical_w005
23242,8,minibatch_k64,text_pca256_lexical_w005
23243,8,minibatch_k64,text_pca256_lexical_w005
23244,62,minibatch_k64,text_pca256_lexical_w005
23245,5,minibatch_k64,text_pca256_lexical_w005
23246,46,minibatch_k64,text_pca256_lexical_w005
23247,2,minibatch_k64,text_pca256_lexical_w005
23248,5,minibatch_k64,text_pca256_lexical_w005
23249,45,minibatch_k64,text_pca256_lexical_w005
23250,0,minibatch_k64,text_pca256_lexical_w005
23251,5,minibatch_k64,text_pca256_lexical_w005
23252,8,minibatch_k64,text_pca256_lexical_w005
23253,5,minibatch_k64,text_pca256_lexical_w005
23254,4,minibatch_k64,text_pca256_lexical_w005
23255,5,minibatch_k64,text_pca256_lexical_w005
23256,62,minibatch_k64,text_pca256_lexical_w005
23257,62,minibatch_k64,text_pca256_lexical_w005
23258,62,minibatch_k64,text_pca256_lexical_w005
23259,21,minibatch_k64,text_pca256_lexical_w005
23260,62,minibatch_k64,text_pca256_lexical_w005
23261,0,minibatch_k64,text_pca256_lexical_w005
23262,0,minibatch_k64,text_pca256_lexical_w005
23263,0,minibatch_k64,text_pca256_lexical_w005
23264,10,minibatch_k64,text_pca256_lexical_w005
23265,0,minibatch_k64,text_pca256_lexical_w005
23266,21,minibatch_k64,text_pca256_lexical_w005
23267,4,minibatch_k64,text_pca256_lexical_w005
23268,21,minibatch_k64,text_pca256_lexical_w005
23269,0,minibatch_k64,text_pca256_lexical_w005
23270,62,minibatch_k64,text_pca256_lexical_w005
23271,0,minibatch_k64,text_pca256_lexical_w005
23272,21,minibatch_k64,text_pca256_lexical_w005
23273,62,minibatch_k64,text_pca256_lexical_w005
23274,21,minibatch_k64,text_pca256_lexical_w005
23275,62,minibatch_k64,text_pca256_lexical_w005
23276,5,minibatch_k64,text_pca256_lexical_w005
23277,5,minibatch_k64,text_pca256_lexical_w005
23278,5,minibatch_k64,text_pca256_lexical_w005
23279,0,minibatch_k64,text_pca256_lexical_w005
23280,21,minibatch_k64,text_pca256_lexical_w005
23281,5,minibatch_k64,text_pca256_lexical_w005
23282,21,minibatch_k64,text_pca256_lexical_w005
23283,46,minibatch_k64,text_pca256_lexical_w005
23284,5,minibatch_k64,text_pca256_lexical_w005
23285,5,minibatch_k64,text_pca256_lexical_w005
23286,5,minibatch_k64,text_pca256_lexical_w005
23287,5,minibatch_k64,text_pca256_lexical_w005
23288,62,minibatch_k64,text_pca256_lexical_w005
23289,23,minibatch_k64,text_pca256_lexical_w005
23290,0,minibatch_k64,text_pca256_lexical_w005
23291,0,minibatch_k64,text_pca256_lexical_w005
23292,0,minibatch_k64,text_pca256_lexical_w005
23293,62,minibatch_k64,text_pca256_lexical_w005
23294,42,minibatch_k64,text_pca256_lexical_w005
23295,4,minibatch_k64,text_pca256_lexical_w005
23296,0,minibatch_k64,text_pca256_lexical_w005
23297,55,minibatch_k64,text_pca256_lexical_w005
23298,0,minibatch_k64,text_pca256_lexical_w005
23299,39,minibatch_k64,text_pca256_lexical_w005
23300,23,minibatch_k64,text_pca256_lexical_w005
23301,21,minibatch_k64,text_pca256_lexical_w005
23302,0,minibatch_k64,text_pca256_lexical_w005
23303,59,minibatch_k64,text_pca256_lexical_w005
23304,0,minibatch_k64,text_pca256_lexical_w005
23305,5,minibatch_k64,text_pca256_lexical_w005
23306,5,minibatch_k64,text_pca256_lexical_w005
23307,62,minibatch_k64,text_pca256_lexical_w005
23308,21,minibatch_k64,text_pca256_lexical_w005
23309,15,minibatch_k64,text_pca256_lexical_w005
23310,55,minibatch_k64,text_pca256_lexical_w005
23311,10,minibatch_k64,text_pca256_lexical_w005
23312,0,minibatch_k64,text_pca256_lexical_w005
23313,59,minibatch_k64,text_pca256_lexical_w005
23314,0,minibatch_k64,text_pca256_lexical_w005
23315,15,minibatch_k64,text_pca256_lexical_w005
23316,23,minibatch_k64,text_pca256_lexical_w005
23317,23,minibatch_k64,text_pca256_lexical_w005
23318,0,minibatch_k64,text_pca256_lexical_w005
23319,23,minibatch_k64,text_pca256_lexical_w005
23320,0,minibatch_k64,text_pca256_lexical_w005
23321,42,minibatch_k64,text_pca256_lexical_w005
23322,59,minibatch_k64,text_pca256_lexical_w005
23323,0,minibatch_k64,text_pca256_lexical_w005
23324,15,minibatch_k64,text_pca256_lexical_w005
23325,8,minibatch_k64,text_pca256_lexical_w005
23326,15,minibatch_k64,text_pca256_lexical_w005
23327,50,minibatch_k64,text_pca256_lexical_w005
23328,55,minibatch_k64,text_pca256_lexical_w005
23329,42,minibatch_k64,text_pca256_lexical_w005
23330,50,minibatch_k64,text_pca256_lexical_w005
23331,0,minibatch_k64,text_pca256_lexical_w005
23332,8,minibatch_k64,text_pca256_lexical_w005
23333,15,minibatch_k64,text_pca256_lexical_w005
23334,15,minibatch_k64,text_pca256_lexical_w005
23335,23,minibatch_k64,text_pca256_lexical_w005
23336,15,minibatch_k64,text_pca256_lexical_w005
23337,10,minibatch_k64,text_pca256_lexical_w005
23338,8,minibatch_k64,text_pca256_lexical_w005
23339,15,minibatch_k64,text_pca256_lexical_w005
23340,23,minibatch_k64,text_pca256_lexical_w005
23341,0,minibatch_k64,text_pca256_lexical_w005
23342,15,minibatch_k64,text_pca256_lexical_w005
23343,32,minibatch_k64,text_pca256_lexical_w005
23344,15,minibatch_k64,text_pca256_lexical_w005
23345,15,minibatch_k64,text_pca256_lexical_w005
23346,42,minibatch_k64,text_pca256_lexical_w005
23347,23,minibatch_k64,text_pca256_lexical_w005
23348,23,minibatch_k64,text_pca256_lexical_w005
23349,21,minibatch_k64,text_pca256_lexical_w005
23350,15,minibatch_k64,text_pca256_lexical_w005
23351,23,minibatch_k64,text_pca256_lexical_w005
23352,8,minibatch_k64,text_pca256_lexical_w005
23353,15,minibatch_k64,text_pca256_lexical_w005
23354,0,minibatch_k64,text_pca256_lexical_w005
23355,23,minibatch_k64,text_pca256_lexical_w005
23356,23,minibatch_k64,text_pca256_lexical_w005
23357,8,minibatch_k64,text_pca256_lexical_w005
23358,23,minibatch_k64,text_pca256_lexical_w005
23359,55,minibatch_k64,text_pca256_lexical_w005
23360,10,minibatch_k64,text_pca256_lexical_w005
23361,23,minibatch_k64,text_pca256_lexical_w005
23362,23,minibatch_k64,text_pca256_lexical_w005
23363,10,minibatch_k64,text_pca256_lexical_w005
23364,15,minibatch_k64,text_pca256_lexical_w005
23365,0,minibatch_k64,text_pca256_lexical_w005
23366,21,minibatch_k64,text_pca256_lexical_w005
23367,23,minibatch_k64,text_pca256_lexical_w005
23368,55,minibatch_k64,text_pca256_lexical_w005
23369,59,minibatch_k64,text_pca256_lexical_w005
23370,23,minibatch_k64,text_pca256_lexical_w005
23371,12,minibatch_k64,text_pca256_lexical_w005
23372,40,minibatch_k64,text_pca256_lexical_w005
23373,8,minibatch_k64,text_pca256_lexical_w005
23374,40,minibatch_k64,text_pca256_lexical_w005
23375,62,minibatch_k64,text_pca256_lexical_w005
23376,0,minibatch_k64,text_pca256_lexical_w005
23377,23,minibatch_k64,text_pca256_lexical_w005
23378,8,minibatch_k64,text_pca256_lexical_w005
23379,42,minibatch_k64,text_pca256_lexical_w005
23380,0,minibatch_k64,text_pca256_lexical_w005
23381,42,minibatch_k64,text_pca256_lexical_w005
23382,8,minibatch_k64,text_pca256_lexical_w005
23383,42,minibatch_k64,text_pca256_lexical_w005
23384,55,minibatch_k64,text_pca256_lexical_w005
23385,42,minibatch_k64,text_pca256_lexical_w005
23386,21,minibatch_k64,text_pca256_lexical_w005
23387,62,minibatch_k64,text_pca256_lexical_w005
23388,21,minibatch_k64,text_pca256_lexical_w005
23389,15,minibatch_k64,text_pca256_lexical_w005
23390,23,minibatch_k64,text_pca256_lexical_w005
23391,8,minibatch_k64,text_pca256_lexical_w005
23392,62,minibatch_k64,text_pca256_lexical_w005
23393,0,minibatch_k64,text_pca256_lexical_w005
23394,0,minibatch_k64,text_pca256_lexical_w005
23395,0,minibatch_k64,text_pca256_lexical_w005
23396,59,minibatch_k64,text_pca256_lexical_w005
23397,23,minibatch_k64,text_pca256_lexical_w005
23398,62,minibatch_k64,text_pca256_lexical_w005
23399,10,minibatch_k64,text_pca256_lexical_w005
23400,50,minibatch_k64,text_pca256_lexical_w005
23401,0,minibatch_k64,text_pca256_lexical_w005
23402,33,minibatch_k64,text_pca256_lexical_w005
23403,0,minibatch_k64,text_pca256_lexical_w005
23404,0,minibatch_k64,text_pca256_lexical_w005
23405,59,minibatch_k64,text_pca256_lexical_w005
23406,33,minibatch_k64,text_pca256_lexical_w005
23407,55,minibatch_k64,text_pca256_lexical_w005
23408,23,minibatch_k64,text_pca256_lexical_w005
23409,62,minibatch_k64,text_pca256_lexical_w005
23410,4,minibatch_k64,text_pca256_lexical_w005
23411,40,minibatch_k64,text_pca256_lexical_w005
23412,55,minibatch_k64,text_pca256_lexical_w005
23413,23,minibatch_k64,text_pca256_lexical_w005
23414,40,minibatch_k64,text_pca256_lexical_w005
23415,16,minibatch_k64,text_pca256_lexical_w005
23416,62,minibatch_k64,text_pca256_lexical_w005
23417,55,minibatch_k64,text_pca256_lexical_w005
23418,20,minibatch_k64,text_pca256_lexical_w005
23419,59,minibatch_k64,text_pca256_lexical_w005
23420,62,minibatch_k64,text_pca256_lexical_w005
23421,23,minibatch_k64,text_pca256_lexical_w005
23422,23,minibatch_k64,text_pca256_lexical_w005
23423,10,minibatch_k64,text_pca256_lexical_w005
23424,23,minibatch_k64,text_pca256_lexical_w005
23425,0,minibatch_k64,text_pca256_lexical_w005
23426,4,minibatch_k64,text_pca256_lexical_w005
23427,55,minibatch_k64,text_pca256_lexical_w005
23428,23,minibatch_k64,text_pca256_lexical_w005
23429,23,minibatch_k64,text_pca256_lexical_w005
23430,55,minibatch_k64,text_pca256_lexical_w005
23431,20,minibatch_k64,text_pca256_lexical_w005
23432,0,minibatch_k64,text_pca256_lexical_w005
23433,0,minibatch_k64,text_pca256_lexical_w005
23434,23,minibatch_k64,text_pca256_lexical_w005
23435,23,minibatch_k64,text_pca256_lexical_w005
23436,23,minibatch_k64,text_pca256_lexical_w005
23437,18,minibatch_k64,text_pca256_lexical_w005
23438,23,minibatch_k64,text_pca256_lexical_w005
23439,0,minibatch_k64,text_pca256_lexical_w005
23440,8,minibatch_k64,text_pca256_lexical_w005
23441,21,minibatch_k64,text_pca256_lexical_w005
23442,10,minibatch_k64,text_pca256_lexical_w005
23443,23,minibatch_k64,text_pca256_lexical_w005
23444,0,minibatch_k64,text_pca256_lexical_w005
23445,0,minibatch_k64,text_pca256_lexical_w005
23446,0,minibatch_k64,text_pca256_lexical_w005
23447,0,minibatch_k64,text_pca256_lexical_w005
23448,23,minibatch_k64,text_pca256_lexical_w005
23449,23,minibatch_k64,text_pca256_lexical_w005
23450,39,minibatch_k64,text_pca256_lexical_w005
23451,15,minibatch_k64,text_pca256_lexical_w005
23452,2,minibatch_k64,text_pca256_lexical_w005
23453,45,minibatch_k64,text_pca256_lexical_w005
23454,5,minibatch_k64,text_pca256_lexical_w005
23455,38,minibatch_k64,text_pca256_lexical_w005
23456,0,minibatch_k64,text_pca256_lexical_w005
23457,55,minibatch_k64,text_pca256_lexical_w005
23458,8,minibatch_k64,text_pca256_lexical_w005
23459,0,minibatch_k64,text_pca256_lexical_w005
23460,0,minibatch_k64,text_pca256_lexical_w005
23461,23,minibatch_k64,text_pca256_lexical_w005
23462,33,minibatch_k64,text_pca256_lexical_w005
23463,15,minibatch_k64,text_pca256_lexical_w005
23464,15,minibatch_k64,text_pca256_lexical_w005
23465,0,minibatch_k64,text_pca256_lexical_w005
23466,23,minibatch_k64,text_pca256_lexical_w005
23467,0,minibatch_k64,text_pca256_lexical_w005
23468,62,minibatch_k64,text_pca256_lexical_w005
23469,38,minibatch_k64,text_pca256_lexical_w005
23470,55,minibatch_k64,text_pca256_lexical_w005
23471,55,minibatch_k64,text_pca256_lexical_w005
23472,15,minibatch_k64,text_pca256_lexical_w005
23473,15,minibatch_k64,text_pca256_lexical_w005
23474,61,minibatch_k64,text_pca256_lexical_w005
23475,23,minibatch_k64,text_pca256_lexical_w005
23476,4,minibatch_k64,text_pca256_lexical_w005
23477,4,minibatch_k64,text_pca256_lexical_w005
23478,0,minibatch_k64,text_pca256_lexical_w005
23479,0,minibatch_k64,text_pca256_lexical_w005
23480,8,minibatch_k64,text_pca256_lexical_w005
23481,23,minibatch_k64,text_pca256_lexical_w005
23482,15,minibatch_k64,text_pca256_lexical_w005
23483,15,minibatch_k64,text_pca256_lexical_w005
23484,23,minibatch_k64,text_pca256_lexical_w005
23485,0,minibatch_k64,text_pca256_lexical_w005
23486,0,minibatch_k64,text_pca256_lexical_w005
23487,15,minibatch_k64,text_pca256_lexical_w005
23488,23,minibatch_k64,text_pca256_lexical_w005
23489,0,minibatch_k64,text_pca256_lexical_w005
23490,50,minibatch_k64,text_pca256_lexical_w005
23491,15,minibatch_k64,text_pca256_lexical_w005
23492,61,minibatch_k64,text_pca256_lexical_w005
23493,2,minibatch_k64,text_pca256_lexical_w005
23494,8,minibatch_k64,text_pca256_lexical_w005
23495,38,minibatch_k64,text_pca256_lexical_w005
23496,23,minibatch_k64,text_pca256_lexical_w005
23497,55,minibatch_k64,text_pca256_lexical_w005
23498,0,minibatch_k64,text_pca256_lexical_w005
23499,15,minibatch_k64,text_pca256_lexical_w005
23500,23,minibatch_k64,text_pca256_lexical_w005
23501,0,minibatch_k64,text_pca256_lexical_w005
23502,55,minibatch_k64,text_pca256_lexical_w005
23503,23,minibatch_k64,text_pca256_lexical_w005
23504,0,minibatch_k64,text_pca256_lexical_w005
23505,15,minibatch_k64,text_pca256_lexical_w005
23506,23,minibatch_k64,text_pca256_lexical_w005
23507,23,minibatch_k64,text_pca256_lexical_w005
23508,15,minibatch_k64,text_pca256_lexical_w005
23509,15,minibatch_k64,text_pca256_lexical_w005
23510,15,minibatch_k64,text_pca256_lexical_w005
23511,62,minibatch_k64,text_pca256_lexical_w005
23512,21,minibatch_k64,text_pca256_lexical_w005
23513,23,minibatch_k64,text_pca256_lexical_w005
23514,15,minibatch_k64,text_pca256_lexical_w005
23515,23,minibatch_k64,text_pca256_lexical_w005
23516,23,minibatch_k64,text_pca256_lexical_w005
23517,50,minibatch_k64,text_pca256_lexical_w005
23518,8,minibatch_k64,text_pca256_lexical_w005
23519,21,minibatch_k64,text_pca256_lexical_w005
23520,23,minibatch_k64,text_pca256_lexical_w005
23521,15,minibatch_k64,text_pca256_lexical_w005
23522,23,minibatch_k64,text_pca256_lexical_w005
23523,18,minibatch_k64,text_pca256_lexical_w005
23524,62,minibatch_k64,text_pca256_lexical_w005
23525,0,minibatch_k64,text_pca256_lexical_w005
23526,15,minibatch_k64,text_pca256_lexical_w005
23527,23,minibatch_k64,text_pca256_lexical_w005
23528,62,minibatch_k64,text_pca256_lexical_w005
23529,23,minibatch_k64,text_pca256_lexical_w005
23530,15,minibatch_k64,text_pca256_lexical_w005
23531,15,minibatch_k64,text_pca256_lexical_w005
23532,15,minibatch_k64,text_pca256_lexical_w005
23533,53,minibatch_k64,text_pca256_lexical_w005
23534,0,minibatch_k64,text_pca256_lexical_w005
23535,23,minibatch_k64,text_pca256_lexical_w005
23536,23,minibatch_k64,text_pca256_lexical_w005
23537,0,minibatch_k64,text_pca256_lexical_w005
23538,23,minibatch_k64,text_pca256_lexical_w005
23539,21,minibatch_k64,text_pca256_lexical_w005
23540,33,minibatch_k64,text_pca256_lexical_w005
23541,23,minibatch_k64,text_pca256_lexical_w005
23542,12,minibatch_k64,text_pca256_lexical_w005
23543,0,minibatch_k64,text_pca256_lexical_w005
23544,40,minibatch_k64,text_pca256_lexical_w005
23545,23,minibatch_k64,text_pca256_lexical_w005
23546,23,minibatch_k64,text_pca256_lexical_w005
23547,18,minibatch_k64,text_pca256_lexical_w005
23548,23,minibatch_k64,text_pca256_lexical_w005
23549,40,minibatch_k64,text_pca256_lexical_w005
23550,62,minibatch_k64,text_pca256_lexical_w005
23551,0,minibatch_k64,text_pca256_lexical_w005
23552,8,minibatch_k64,text_pca256_lexical_w005
23553,8,minibatch_k64,text_pca256_lexical_w005
23554,23,minibatch_k64,text_pca256_lexical_w005
23555,62,minibatch_k64,text_pca256_lexical_w005
23556,12,minibatch_k64,text_pca256_lexical_w005
23557,40,minibatch_k64,text_pca256_lexical_w005
23558,0,minibatch_k64,text_pca256_lexical_w005
23559,23,minibatch_k64,text_pca256_lexical_w005
23560,0,minibatch_k64,text_pca256_lexical_w005
23561,23,minibatch_k64,text_pca256_lexical_w005
23562,23,minibatch_k64,text_pca256_lexical_w005
23563,23,minibatch_k64,text_pca256_lexical_w005
23564,23,minibatch_k64,text_pca256_lexical_w005
23565,15,minibatch_k64,text_pca256_lexical_w005
23566,8,minibatch_k64,text_pca256_lexical_w005
23567,8,minibatch_k64,text_pca256_lexical_w005
23568,8,minibatch_k64,text_pca256_lexical_w005
23569,0,minibatch_k64,text_pca256_lexical_w005
23570,33,minibatch_k64,text_pca256_lexical_w005
23571,33,minibatch_k64,text_pca256_lexical_w005
23572,15,minibatch_k64,text_pca256_lexical_w005
23573,12,minibatch_k64,text_pca256_lexical_w005
23574,40,minibatch_k64,text_pca256_lexical_w005
23575,40,minibatch_k64,text_pca256_lexical_w005
23576,33,minibatch_k64,text_pca256_lexical_w005
23577,15,minibatch_k64,text_pca256_lexical_w005
23578,0,minibatch_k64,text_pca256_lexical_w005
23579,12,minibatch_k64,text_pca256_lexical_w005
23580,15,minibatch_k64,text_pca256_lexical_w005
23581,23,minibatch_k64,text_pca256_lexical_w005
23582,0,minibatch_k64,text_pca256_lexical_w005
23583,62,minibatch_k64,text_pca256_lexical_w005
23584,23,minibatch_k64,text_pca256_lexical_w005
23585,23,minibatch_k64,text_pca256_lexical_w005
23586,10,minibatch_k64,text_pca256_lexical_w005
23587,0,minibatch_k64,text_pca256_lexical_w005
23588,8,minibatch_k64,text_pca256_lexical_w005
23589,33,minibatch_k64,text_pca256_lexical_w005
23590,21,minibatch_k64,text_pca256_lexical_w005
23591,23,minibatch_k64,text_pca256_lexical_w005
23592,0,minibatch_k64,text_pca256_lexical_w005
23593,55,minibatch_k64,text_pca256_lexical_w005
23594,23,minibatch_k64,text_pca256_lexical_w005
23595,33,minibatch_k64,text_pca256_lexical_w005
23596,23,minibatch_k64,text_pca256_lexical_w005
23597,23,minibatch_k64,text_pca256_lexical_w005
23598,15,minibatch_k64,text_pca256_lexical_w005
23599,0,minibatch_k64,text_pca256_lexical_w005
23600,21,minibatch_k64,text_pca256_lexical_w005
23601,23,minibatch_k64,text_pca256_lexical_w005
23602,12,minibatch_k64,text_pca256_lexical_w005
23603,40,minibatch_k64,text_pca256_lexical_w005
23604,0,minibatch_k64,text_pca256_lexical_w005
23605,4,minibatch_k64,text_pca256_lexical_w005
23606,12,minibatch_k64,text_pca256_lexical_w005
23607,40,minibatch_k64,text_pca256_lexical_w005
23608,23,minibatch_k64,text_pca256_lexical_w005
23609,23,minibatch_k64,text_pca256_lexical_w005
23610,21,minibatch_k64,text_pca256_lexical_w005
23611,62,minibatch_k64,text_pca256_lexical_w005
23612,15,minibatch_k64,text_pca256_lexical_w005
23613,33,minibatch_k64,text_pca256_lexical_w005
23614,23,minibatch_k64,text_pca256_lexical_w005
23615,0,minibatch_k64,text_pca256_lexical_w005
23616,23,minibatch_k64,text_pca256_lexical_w005
23617,15,minibatch_k64,text_pca256_lexical_w005
23618,23,minibatch_k64,text_pca256_lexical_w005
23619,10,minibatch_k64,text_pca256_lexical_w005
23620,23,minibatch_k64,text_pca256_lexical_w005
23621,23,minibatch_k64,text_pca256_lexical_w005
23622,5,minibatch_k64,text_pca256_lexical_w005
23623,21,minibatch_k64,text_pca256_lexical_w005
23624,23,minibatch_k64,text_pca256_lexical_w005
23625,23,minibatch_k64,text_pca256_lexical_w005
23626,42,minibatch_k64,text_pca256_lexical_w005
23627,18,minibatch_k64,text_pca256_lexical_w005
23628,0,minibatch_k64,text_pca256_lexical_w005
23629,8,minibatch_k64,text_pca256_lexical_w005
23630,23,minibatch_k64,text_pca256_lexical_w005
23631,33,minibatch_k64,text_pca256_lexical_w005
23632,0,minibatch_k64,text_pca256_lexical_w005
23633,23,minibatch_k64,text_pca256_lexical_w005
23634,32,minibatch_k64,text_pca256_lexical_w005
23635,40,minibatch_k64,text_pca256_lexical_w005
23636,16,minibatch_k64,text_pca256_lexical_w005
23637,23,minibatch_k64,text_pca256_lexical_w005
23638,23,minibatch_k64,text_pca256_lexical_w005
23639,8,minibatch_k64,text_pca256_lexical_w005
23640,40,minibatch_k64,text_pca256_lexical_w005
23641,62,minibatch_k64,text_pca256_lexical_w005
23642,23,minibatch_k64,text_pca256_lexical_w005
23643,32,minibatch_k64,text_pca256_lexical_w005
23644,40,minibatch_k64,text_pca256_lexical_w005
23645,23,minibatch_k64,text_pca256_lexical_w005
23646,21,minibatch_k64,text_pca256_lexical_w005
23647,0,minibatch_k64,text_pca256_lexical_w005
23648,33,minibatch_k64,text_pca256_lexical_w005
23649,23,minibatch_k64,text_pca256_lexical_w005
23650,15,minibatch_k64,text_pca256_lexical_w005
23651,0,minibatch_k64,text_pca256_lexical_w005
23652,33,minibatch_k64,text_pca256_lexical_w005
23653,23,minibatch_k64,text_pca256_lexical_w005
23654,32,minibatch_k64,text_pca256_lexical_w005
23655,0,minibatch_k64,text_pca256_lexical_w005
23656,32,minibatch_k64,text_pca256_lexical_w005
23657,16,minibatch_k64,text_pca256_lexical_w005
23658,23,minibatch_k64,text_pca256_lexical_w005
23659,8,minibatch_k64,text_pca256_lexical_w005
23660,23,minibatch_k64,text_pca256_lexical_w005
23661,32,minibatch_k64,text_pca256_lexical_w005
23662,8,minibatch_k64,text_pca256_lexical_w005
23663,12,minibatch_k64,text_pca256_lexical_w005
23664,10,minibatch_k64,text_pca256_lexical_w005
23665,59,minibatch_k64,text_pca256_lexical_w005
23666,4,minibatch_k64,text_pca256_lexical_w005
23667,4,minibatch_k64,text_pca256_lexical_w005
23668,50,minibatch_k64,text_pca256_lexical_w005
23669,15,minibatch_k64,text_pca256_lexical_w005
23670,4,minibatch_k64,text_pca256_lexical_w005
23671,4,minibatch_k64,text_pca256_lexical_w005
23672,4,minibatch_k64,text_pca256_lexical_w005
23673,46,minibatch_k64,text_pca256_lexical_w005
23674,23,minibatch_k64,text_pca256_lexical_w005
23675,15,minibatch_k64,text_pca256_lexical_w005
23676,0,minibatch_k64,text_pca256_lexical_w005
23677,23,minibatch_k64,text_pca256_lexical_w005
23678,5,minibatch_k64,text_pca256_lexical_w005
23679,4,minibatch_k64,text_pca256_lexical_w005
23680,8,minibatch_k64,text_pca256_lexical_w005
23681,0,minibatch_k64,text_pca256_lexical_w005
23682,5,minibatch_k64,text_pca256_lexical_w005
23683,23,minibatch_k64,text_pca256_lexical_w005
23684,23,minibatch_k64,text_pca256_lexical_w005
23685,62,minibatch_k64,text_pca256_lexical_w005
23686,23,minibatch_k64,text_pca256_lexical_w005
23687,2,minibatch_k64,text_pca256_lexical_w005
23688,46,minibatch_k64,text_pca256_lexical_w005
23689,61,minibatch_k64,text_pca256_lexical_w005
23690,10,minibatch_k64,text_pca256_lexical_w005
23691,62,minibatch_k64,text_pca256_lexical_w005
23692,61,minibatch_k64,text_pca256_lexical_w005
23693,61,minibatch_k64,text_pca256_lexical_w005
23694,2,minibatch_k64,text_pca256_lexical_w005
23695,61,minibatch_k64,text_pca256_lexical_w005
23696,10,minibatch_k64,text_pca256_lexical_w005
23697,61,minibatch_k64,text_pca256_lexical_w005
23698,61,minibatch_k64,text_pca256_lexical_w005
23699,62,minibatch_k64,text_pca256_lexical_w005
23700,61,minibatch_k64,text_pca256_lexical_w005
23701,61,minibatch_k64,text_pca256_lexical_w005
23702,0,minibatch_k64,text_pca256_lexical_w005
23703,59,minibatch_k64,text_pca256_lexical_w005
23704,0,minibatch_k64,text_pca256_lexical_w005
23705,15,minibatch_k64,text_pca256_lexical_w005
23706,23,minibatch_k64,text_pca256_lexical_w005
23707,0,minibatch_k64,text_pca256_lexical_w005
23708,15,minibatch_k64,text_pca256_lexical_w005
23709,38,minibatch_k64,text_pca256_lexical_w005
23710,4,minibatch_k64,text_pca256_lexical_w005
23711,8,minibatch_k64,text_pca256_lexical_w005
23712,15,minibatch_k64,text_pca256_lexical_w005
23713,15,minibatch_k64,text_pca256_lexical_w005
23714,2,minibatch_k64,text_pca256_lexical_w005
23715,39,minibatch_k64,text_pca256_lexical_w005
23716,8,minibatch_k64,text_pca256_lexical_w005
23717,23,minibatch_k64,text_pca256_lexical_w005
23718,23,minibatch_k64,text_pca256_lexical_w005
23719,23,minibatch_k64,text_pca256_lexical_w005
23720,8,minibatch_k64,text_pca256_lexical_w005
23721,62,minibatch_k64,text_pca256_lexical_w005
23722,62,minibatch_k64,text_pca256_lexical_w005
23723,0,minibatch_k64,text_pca256_lexical_w005
23724,50,minibatch_k64,text_pca256_lexical_w005
23725,2,minibatch_k64,text_pca256_lexical_w005
23726,5,minibatch_k64,text_pca256_lexical_w005
23727,45,minibatch_k64,text_pca256_lexical_w005
23728,38,minibatch_k64,text_pca256_lexical_w005
23729,55,minibatch_k64,text_pca256_lexical_w005
23730,0,minibatch_k64,text_pca256_lexical_w005
23731,61,minibatch_k64,text_pca256_lexical_w005
23732,10,minibatch_k64,text_pca256_lexical_w005
23733,0,minibatch_k64,text_pca256_lexical_w005
23734,18,minibatch_k64,text_pca256_lexical_w005
23735,18,minibatch_k64,text_pca256_lexical_w005
23736,62,minibatch_k64,text_pca256_lexical_w005
23737,21,minibatch_k64,text_pca256_lexical_w005
23738,4,minibatch_k64,text_pca256_lexical_w005
23739,61,minibatch_k64,text_pca256_lexical_w005
23740,61,minibatch_k64,text_pca256_lexical_w005
23741,59,minibatch_k64,text_pca256_lexical_w005
23742,61,minibatch_k64,text_pca256_lexical_w005
23743,61,minibatch_k64,text_pca256_lexical_w005
23744,23,minibatch_k64,text_pca256_lexical_w005
23745,5,minibatch_k64,text_pca256_lexical_w005
23746,5,minibatch_k64,text_pca256_lexical_w005
23747,10,minibatch_k64,text_pca256_lexical_w005
23748,38,minibatch_k64,text_pca256_lexical_w005
23749,23,minibatch_k64,text_pca256_lexical_w005
23750,0,minibatch_k64,text_pca256_lexical_w005
23751,8,minibatch_k64,text_pca256_lexical_w005
23752,5,minibatch_k64,text_pca256_lexical_w005
23753,10,minibatch_k64,text_pca256_lexical_w005
23754,10,minibatch_k64,text_pca256_lexical_w005
23755,15,minibatch_k64,text_pca256_lexical_w005
23756,15,minibatch_k64,text_pca256_lexical_w005
23757,23,minibatch_k64,text_pca256_lexical_w005
23758,15,minibatch_k64,text_pca256_lexical_w005
23759,15,minibatch_k64,text_pca256_lexical_w005
23760,53,minibatch_k64,text_pca256_lexical_w005
23761,38,minibatch_k64,text_pca256_lexical_w005
23762,21,minibatch_k64,text_pca256_lexical_w005
23763,55,minibatch_k64,text_pca256_lexical_w005
23764,23,minibatch_k64,text_pca256_lexical_w005
23765,4,minibatch_k64,text_pca256_lexical_w005
23766,62,minibatch_k64,text_pca256_lexical_w005
23767,4,minibatch_k64,text_pca256_lexical_w005
23768,45,minibatch_k64,text_pca256_lexical_w005
23769,8,minibatch_k64,text_pca256_lexical_w005
23770,21,minibatch_k64,text_pca256_lexical_w005
23771,0,minibatch_k64,text_pca256_lexical_w005
23772,10,minibatch_k64,text_pca256_lexical_w005
23773,21,minibatch_k64,text_pca256_lexical_w005
23774,8,minibatch_k64,text_pca256_lexical_w005
23775,56,minibatch_k64,text_pca256_lexical_w005
23776,23,minibatch_k64,text_pca256_lexical_w005
23777,0,minibatch_k64,text_pca256_lexical_w005
23778,45,minibatch_k64,text_pca256_lexical_w005
23779,59,minibatch_k64,text_pca256_lexical_w005
23780,0,minibatch_k64,text_pca256_lexical_w005
23781,15,minibatch_k64,text_pca256_lexical_w005
23782,23,minibatch_k64,text_pca256_lexical_w005
23783,38,minibatch_k64,text_pca256_lexical_w005
23784,0,minibatch_k64,text_pca256_lexical_w005
23785,23,minibatch_k64,text_pca256_lexical_w005
23786,8,minibatch_k64,text_pca256_lexical_w005
23787,23,minibatch_k64,text_pca256_lexical_w005
23788,23,minibatch_k64,text_pca256_lexical_w005
23789,59,minibatch_k64,text_pca256_lexical_w005
23790,23,minibatch_k64,text_pca256_lexical_w005
23791,38,minibatch_k64,text_pca256_lexical_w005
23792,40,minibatch_k64,text_pca256_lexical_w005
23793,23,minibatch_k64,text_pca256_lexical_w005
23794,23,minibatch_k64,text_pca256_lexical_w005
23795,12,minibatch_k64,text_pca256_lexical_w005
23796,4,minibatch_k64,text_pca256_lexical_w005
23797,23,minibatch_k64,text_pca256_lexical_w005
23798,8,minibatch_k64,text_pca256_lexical_w005
23799,8,minibatch_k64,text_pca256_lexical_w005
23800,0,minibatch_k64,text_pca256_lexical_w005
23801,59,minibatch_k64,text_pca256_lexical_w005
23802,0,minibatch_k64,text_pca256_lexical_w005
23803,0,minibatch_k64,text_pca256_lexical_w005
23804,8,minibatch_k64,text_pca256_lexical_w005
23805,0,minibatch_k64,text_pca256_lexical_w005
23806,15,minibatch_k64,text_pca256_lexical_w005
23807,0,minibatch_k64,text_pca256_lexical_w005
23808,8,minibatch_k64,text_pca256_lexical_w005
23809,0,minibatch_k64,text_pca256_lexical_w005
23810,0,minibatch_k64,text_pca256_lexical_w005
23811,21,minibatch_k64,text_pca256_lexical_w005
23812,15,minibatch_k64,text_pca256_lexical_w005
23813,62,minibatch_k64,text_pca256_lexical_w005
23814,0,minibatch_k64,text_pca256_lexical_w005
23815,8,minibatch_k64,text_pca256_lexical_w005
23816,0,minibatch_k64,text_pca256_lexical_w005
23817,0,minibatch_k64,text_pca256_lexical_w005
23818,38,minibatch_k64,text_pca256_lexical_w005
23819,55,minibatch_k64,text_pca256_lexical_w005
23820,21,minibatch_k64,text_pca256_lexical_w005
23821,21,minibatch_k64,text_pca256_lexical_w005
23822,62,minibatch_k64,text_pca256_lexical_w005
23823,59,minibatch_k64,text_pca256_lexical_w005
23824,23,minibatch_k64,text_pca256_lexical_w005
23825,62,minibatch_k64,text_pca256_lexical_w005
23826,62,minibatch_k64,text_pca256_lexical_w005
23827,8,minibatch_k64,text_pca256_lexical_w005
23828,0,minibatch_k64,text_pca256_lexical_w005
23829,8,minibatch_k64,text_pca256_lexical_w005
23830,23,minibatch_k64,text_pca256_lexical_w005
23831,62,minibatch_k64,text_pca256_lexical_w005
23832,0,minibatch_k64,text_pca256_lexical_w005
23833,0,minibatch_k64,text_pca256_lexical_w005
23834,23,minibatch_k64,text_pca256_lexical_w005
23835,0,minibatch_k64,text_pca256_lexical_w005
23836,23,minibatch_k64,text_pca256_lexical_w005
23837,56,minibatch_k64,text_pca256_lexical_w005
23838,0,minibatch_k64,text_pca256_lexical_w005
23839,21,minibatch_k64,text_pca256_lexical_w005
23840,0,minibatch_k64,text_pca256_lexical_w005
23841,23,minibatch_k64,text_pca256_lexical_w005
23842,23,minibatch_k64,text_pca256_lexical_w005
23843,0,minibatch_k64,text_pca256_lexical_w005
23844,33,minibatch_k64,text_pca256_lexical_w005
23845,0,minibatch_k64,text_pca256_lexical_w005
23846,21,minibatch_k64,text_pca256_lexical_w005
23847,47,minibatch_k64,text_pca256_lexical_w005
23848,40,minibatch_k64,text_pca256_lexical_w005
23849,8,minibatch_k64,text_pca256_lexical_w005
23850,38,minibatch_k64,text_pca256_lexical_w005
23851,55,minibatch_k64,text_pca256_lexical_w005
23852,0,minibatch_k64,text_pca256_lexical_w005
23853,37,minibatch_k64,text_pca256_lexical_w005
23854,23,minibatch_k64,text_pca256_lexical_w005
23855,12,minibatch_k64,text_pca256_lexical_w005
23856,40,minibatch_k64,text_pca256_lexical_w005
23857,23,minibatch_k64,text_pca256_lexical_w005
23858,40,minibatch_k64,text_pca256_lexical_w005
23859,0,minibatch_k64,text_pca256_lexical_w005
23860,0,minibatch_k64,text_pca256_lexical_w005
23861,23,minibatch_k64,text_pca256_lexical_w005
23862,23,minibatch_k64,text_pca256_lexical_w005
23863,0,minibatch_k64,text_pca256_lexical_w005
23864,23,minibatch_k64,text_pca256_lexical_w005
23865,59,minibatch_k64,text_pca256_lexical_w005
23866,0,minibatch_k64,text_pca256_lexical_w005
23867,62,minibatch_k64,text_pca256_lexical_w005
23868,42,minibatch_k64,text_pca256_lexical_w005
23869,0,minibatch_k64,text_pca256_lexical_w005
23870,23,minibatch_k64,text_pca256_lexical_w005
23871,23,minibatch_k64,text_pca256_lexical_w005
23872,33,minibatch_k64,text_pca256_lexical_w005
23873,23,minibatch_k64,text_pca256_lexical_w005
23874,12,minibatch_k64,text_pca256_lexical_w005
23875,23,minibatch_k64,text_pca256_lexical_w005
23876,21,minibatch_k64,text_pca256_lexical_w005
23877,0,minibatch_k64,text_pca256_lexical_w005
23878,59,minibatch_k64,text_pca256_lexical_w005
23879,0,minibatch_k64,text_pca256_lexical_w005
23880,21,minibatch_k64,text_pca256_lexical_w005
23881,23,minibatch_k64,text_pca256_lexical_w005
23882,23,minibatch_k64,text_pca256_lexical_w005
23883,8,minibatch_k64,text_pca256_lexical_w005
23884,21,minibatch_k64,text_pca256_lexical_w005
23885,62,minibatch_k64,text_pca256_lexical_w005
23886,62,minibatch_k64,text_pca256_lexical_w005
23887,23,minibatch_k64,text_pca256_lexical_w005
23888,23,minibatch_k64,text_pca256_lexical_w005
23889,2,minibatch_k64,text_pca256_lexical_w005
23890,0,minibatch_k64,text_pca256_lexical_w005
23891,0,minibatch_k64,text_pca256_lexical_w005
23892,8,minibatch_k64,text_pca256_lexical_w005
23893,23,minibatch_k64,text_pca256_lexical_w005
23894,5,minibatch_k64,text_pca256_lexical_w005
23895,0,minibatch_k64,text_pca256_lexical_w005
23896,0,minibatch_k64,text_pca256_lexical_w005
23897,8,minibatch_k64,text_pca256_lexical_w005
23898,62,minibatch_k64,text_pca256_lexical_w005
23899,23,minibatch_k64,text_pca256_lexical_w005
23900,23,minibatch_k64,text_pca256_lexical_w005
23901,0,minibatch_k64,text_pca256_lexical_w005
23902,0,minibatch_k64,text_pca256_lexical_w005
23903,0,minibatch_k64,text_pca256_lexical_w005
23904,39,minibatch_k64,text_pca256_lexical_w005
23905,23,minibatch_k64,text_pca256_lexical_w005
23906,21,minibatch_k64,text_pca256_lexical_w005
23907,42,minibatch_k64,text_pca256_lexical_w005
23908,62,minibatch_k64,text_pca256_lexical_w005
23909,8,minibatch_k64,text_pca256_lexical_w005
23910,0,minibatch_k64,text_pca256_lexical_w005
23911,8,minibatch_k64,text_pca256_lexical_w005
23912,0,minibatch_k64,text_pca256_lexical_w005
23913,55,minibatch_k64,text_pca256_lexical_w005
23914,46,minibatch_k64,text_pca256_lexical_w005
23915,5,minibatch_k64,text_pca256_lexical_w005
23916,55,minibatch_k64,text_pca256_lexical_w005
23917,10,minibatch_k64,text_pca256_lexical_w005
23918,62,minibatch_k64,text_pca256_lexical_w005
23919,20,minibatch_k64,text_pca256_lexical_w005
23920,20,minibatch_k64,text_pca256_lexical_w005
23921,20,minibatch_k64,text_pca256_lexical_w005
23922,20,minibatch_k64,text_pca256_lexical_w005
23923,40,minibatch_k64,text_pca256_lexical_w005
23924,61,minibatch_k64,text_pca256_lexical_w005
23925,23,minibatch_k64,text_pca256_lexical_w005
23926,4,minibatch_k64,text_pca256_lexical_w005
23927,15,minibatch_k64,text_pca256_lexical_w005
23928,23,minibatch_k64,text_pca256_lexical_w005
23929,23,minibatch_k64,text_pca256_lexical_w005
23930,23,minibatch_k64,text_pca256_lexical_w005
23931,55,minibatch_k64,text_pca256_lexical_w005
23932,38,minibatch_k64,text_pca256_lexical_w005
23933,23,minibatch_k64,text_pca256_lexical_w005
23934,53,minibatch_k64,text_pca256_lexical_w005
23935,12,minibatch_k64,text_pca256_lexical_w005
23936,55,minibatch_k64,text_pca256_lexical_w005
23937,10,minibatch_k64,text_pca256_lexical_w005
23938,10,minibatch_k64,text_pca256_lexical_w005
23939,10,minibatch_k64,text_pca256_lexical_w005
23940,10,minibatch_k64,text_pca256_lexical_w005
23941,10,minibatch_k64,text_pca256_lexical_w005
23942,10,minibatch_k64,text_pca256_lexical_w005
23943,10,minibatch_k64,text_pca256_lexical_w005
23944,10,minibatch_k64,text_pca256_lexical_w005
23945,10,minibatch_k64,text_pca256_lexical_w005
23946,10,minibatch_k64,text_pca256_lexical_w005
23947,10,minibatch_k64,text_pca256_lexical_w005
23948,10,minibatch_k64,text_pca256_lexical_w005
23949,10,minibatch_k64,text_pca256_lexical_w005
23950,10,minibatch_k64,text_pca256_lexical_w005
23951,10,minibatch_k64,text_pca256_lexical_w005
23952,10,minibatch_k64,text_pca256_lexical_w005
23953,10,minibatch_k64,text_pca256_lexical_w005
23954,10,minibatch_k64,text_pca256_lexical_w005
23955,10,minibatch_k64,text_pca256_lexical_w005
23956,0,minibatch_k64,text_pca256_lexical_w005
23957,23,minibatch_k64,text_pca256_lexical_w005
23958,59,minibatch_k64,text_pca256_lexical_w005
23959,15,minibatch_k64,text_pca256_lexical_w005
23960,53,minibatch_k64,text_pca256_lexical_w005
23961,15,minibatch_k64,text_pca256_lexical_w005
23962,55,minibatch_k64,text_pca256_lexical_w005
23963,18,minibatch_k64,text_pca256_lexical_w005
23964,23,minibatch_k64,text_pca256_lexical_w005
23965,15,minibatch_k64,text_pca256_lexical_w005
23966,20,minibatch_k64,text_pca256_lexical_w005
23967,23,minibatch_k64,text_pca256_lexical_w005
23968,8,minibatch_k64,text_pca256_lexical_w005
23969,18,minibatch_k64,text_pca256_lexical_w005
23970,0,minibatch_k64,text_pca256_lexical_w005
23971,23,minibatch_k64,text_pca256_lexical_w005
23972,18,minibatch_k64,text_pca256_lexical_w005
23973,32,minibatch_k64,text_pca256_lexical_w005
23974,0,minibatch_k64,text_pca256_lexical_w005
23975,32,minibatch_k64,text_pca256_lexical_w005
23976,23,minibatch_k64,text_pca256_lexical_w005
23977,18,minibatch_k64,text_pca256_lexical_w005
23978,18,minibatch_k64,text_pca256_lexical_w005
23979,20,minibatch_k64,text_pca256_lexical_w005
23980,18,minibatch_k64,text_pca256_lexical_w005
23981,27,minibatch_k64,text_pca256_lexical_w005
23982,55,minibatch_k64,text_pca256_lexical_w005
23983,50,minibatch_k64,text_pca256_lexical_w005
23984,2,minibatch_k64,text_pca256_lexical_w005
23985,23,minibatch_k64,text_pca256_lexical_w005
23986,20,minibatch_k64,text_pca256_lexical_w005
23987,23,minibatch_k64,text_pca256_lexical_w005
23988,23,minibatch_k64,text_pca256_lexical_w005
23989,23,minibatch_k64,text_pca256_lexical_w005
23990,23,minibatch_k64,text_pca256_lexical_w005
23991,10,minibatch_k64,text_pca256_lexical_w005
23992,23,minibatch_k64,text_pca256_lexical_w005
23993,48,minibatch_k64,text_pca256_lexical_w005
23994,18,minibatch_k64,text_pca256_lexical_w005
23995,16,minibatch_k64,text_pca256_lexical_w005
23996,61,minibatch_k64,text_pca256_lexical_w005
23997,18,minibatch_k64,text_pca256_lexical_w005
23998,59,minibatch_k64,text_pca256_lexical_w005
23999,59,minibatch_k64,text_pca256_lexical_w005
24000,8,minibatch_k64,text_pca256_lexical_w005
24001,23,minibatch_k64,text_pca256_lexical_w005
24002,23,minibatch_k64,text_pca256_lexical_w005
24003,8,minibatch_k64,text_pca256_lexical_w005
24004,23,minibatch_k64,text_pca256_lexical_w005
24005,23,minibatch_k64,text_pca256_lexical_w005
24006,8,minibatch_k64,text_pca256_lexical_w005
24007,45,minibatch_k64,text_pca256_lexical_w005
24008,33,minibatch_k64,text_pca256_lexical_w005
24009,8,minibatch_k64,text_pca256_lexical_w005
24010,33,minibatch_k64,text_pca256_lexical_w005
24011,0,minibatch_k64,text_pca256_lexical_w005
24012,23,minibatch_k64,text_pca256_lexical_w005
24013,45,minibatch_k64,text_pca256_lexical_w005
24014,0,minibatch_k64,text_pca256_lexical_w005
24015,62,minibatch_k64,text_pca256_lexical_w005
24016,59,minibatch_k64,text_pca256_lexical_w005
24017,62,minibatch_k64,text_pca256_lexical_w005
24018,32,minibatch_k64,text_pca256_lexical_w005
24019,16,minibatch_k64,text_pca256_lexical_w005
24020,59,minibatch_k64,text_pca256_lexical_w005
24021,0,minibatch_k64,text_pca256_lexical_w005
24022,37,minibatch_k64,text_pca256_lexical_w005
24023,62,minibatch_k64,text_pca256_lexical_w005
24024,23,minibatch_k64,text_pca256_lexical_w005
24025,33,minibatch_k64,text_pca256_lexical_w005
24026,0,minibatch_k64,text_pca256_lexical_w005
24027,23,minibatch_k64,text_pca256_lexical_w005
24028,23,minibatch_k64,text_pca256_lexical_w005
24029,62,minibatch_k64,text_pca256_lexical_w005
24030,10,minibatch_k64,text_pca256_lexical_w005
24031,59,minibatch_k64,text_pca256_lexical_w005
24032,62,minibatch_k64,text_pca256_lexical_w005
24033,62,minibatch_k64,text_pca256_lexical_w005
24034,0,minibatch_k64,text_pca256_lexical_w005
24035,10,minibatch_k64,text_pca256_lexical_w005
24036,10,minibatch_k64,text_pca256_lexical_w005
24037,62,minibatch_k64,text_pca256_lexical_w005
24038,45,minibatch_k64,text_pca256_lexical_w005
24039,18,minibatch_k64,text_pca256_lexical_w005
24040,27,minibatch_k64,text_pca256_lexical_w005
24041,10,minibatch_k64,text_pca256_lexical_w005
24042,38,minibatch_k64,text_pca256_lexical_w005
24043,55,minibatch_k64,text_pca256_lexical_w005
24044,37,minibatch_k64,text_pca256_lexical_w005
24045,45,minibatch_k64,text_pca256_lexical_w005
24046,10,minibatch_k64,text_pca256_lexical_w005
24047,23,minibatch_k64,text_pca256_lexical_w005
24048,8,minibatch_k64,text_pca256_lexical_w005
24049,23,minibatch_k64,text_pca256_lexical_w005
24050,23,minibatch_k64,text_pca256_lexical_w005
24051,2,minibatch_k64,text_pca256_lexical_w005
24052,23,minibatch_k64,text_pca256_lexical_w005
24053,23,minibatch_k64,text_pca256_lexical_w005
24054,45,minibatch_k64,text_pca256_lexical_w005
24055,45,minibatch_k64,text_pca256_lexical_w005
24056,62,minibatch_k64,text_pca256_lexical_w005
24057,33,minibatch_k64,text_pca256_lexical_w005
24058,17,minibatch_k64,text_pca256_lexical_w005
24059,18,minibatch_k64,text_pca256_lexical_w005
24060,18,minibatch_k64,text_pca256_lexical_w005
24061,18,minibatch_k64,text_pca256_lexical_w005
24062,62,minibatch_k64,text_pca256_lexical_w005
24063,21,minibatch_k64,text_pca256_lexical_w005
24064,33,minibatch_k64,text_pca256_lexical_w005
24065,33,minibatch_k64,text_pca256_lexical_w005
24066,62,minibatch_k64,text_pca256_lexical_w005
24067,45,minibatch_k64,text_pca256_lexical_w005
24068,62,minibatch_k64,text_pca256_lexical_w005
24069,8,minibatch_k64,text_pca256_lexical_w005
24070,33,minibatch_k64,text_pca256_lexical_w005
24071,33,minibatch_k64,text_pca256_lexical_w005
24072,10,minibatch_k64,text_pca256_lexical_w005
24073,15,minibatch_k64,text_pca256_lexical_w005
24074,23,minibatch_k64,text_pca256_lexical_w005
24075,23,minibatch_k64,text_pca256_lexical_w005
24076,39,minibatch_k64,text_pca256_lexical_w005
24077,8,minibatch_k64,text_pca256_lexical_w005
24078,10,minibatch_k64,text_pca256_lexical_w005
24079,48,minibatch_k64,text_pca256_lexical_w005
24080,18,minibatch_k64,text_pca256_lexical_w005
24081,10,minibatch_k64,text_pca256_lexical_w005
24082,8,minibatch_k64,text_pca256_lexical_w005
24083,10,minibatch_k64,text_pca256_lexical_w005
24084,53,minibatch_k64,text_pca256_lexical_w005
24085,42,minibatch_k64,text_pca256_lexical_w005
24086,8,minibatch_k64,text_pca256_lexical_w005
24087,18,minibatch_k64,text_pca256_lexical_w005
24088,18,minibatch_k64,text_pca256_lexical_w005
24089,18,minibatch_k64,text_pca256_lexical_w005
24090,18,minibatch_k64,text_pca256_lexical_w005
24091,0,minibatch_k64,text_pca256_lexical_w005
24092,23,minibatch_k64,text_pca256_lexical_w005
24093,5,minibatch_k64,text_pca256_lexical_w005
24094,5,minibatch_k64,text_pca256_lexical_w005
24095,46,minibatch_k64,text_pca256_lexical_w005
24096,0,minibatch_k64,text_pca256_lexical_w005
24097,5,minibatch_k64,text_pca256_lexical_w005
24098,5,minibatch_k64,text_pca256_lexical_w005
24099,46,minibatch_k64,text_pca256_lexical_w005
24100,5,minibatch_k64,text_pca256_lexical_w005
24101,5,minibatch_k64,text_pca256_lexical_w005
24102,5,minibatch_k64,text_pca256_lexical_w005
24103,5,minibatch_k64,text_pca256_lexical_w005
24104,10,minibatch_k64,text_pca256_lexical_w005
24105,5,minibatch_k64,text_pca256_lexical_w005
24106,23,minibatch_k64,text_pca256_lexical_w005
24107,5,minibatch_k64,text_pca256_lexical_w005
24108,5,minibatch_k64,text_pca256_lexical_w005
24109,10,minibatch_k64,text_pca256_lexical_w005
24110,62,minibatch_k64,text_pca256_lexical_w005
24111,10,minibatch_k64,text_pca256_lexical_w005
24112,5,minibatch_k64,text_pca256_lexical_w005
24113,5,minibatch_k64,text_pca256_lexical_w005
24114,62,minibatch_k64,text_pca256_lexical_w005
24115,5,minibatch_k64,text_pca256_lexical_w005
24116,62,minibatch_k64,text_pca256_lexical_w005
24117,42,minibatch_k64,text_pca256_lexical_w005
24118,5,minibatch_k64,text_pca256_lexical_w005
24119,5,minibatch_k64,text_pca256_lexical_w005
24120,46,minibatch_k64,text_pca256_lexical_w005
24121,0,minibatch_k64,text_pca256_lexical_w005
24122,62,minibatch_k64,text_pca256_lexical_w005
24123,15,minibatch_k64,text_pca256_lexical_w005
24124,0,minibatch_k64,text_pca256_lexical_w005
24125,8,minibatch_k64,text_pca256_lexical_w005
24126,62,minibatch_k64,text_pca256_lexical_w005
24127,0,minibatch_k64,text_pca256_lexical_w005
24128,39,minibatch_k64,text_pca256_lexical_w005
24129,5,minibatch_k64,text_pca256_lexical_w005
24130,62,minibatch_k64,text_pca256_lexical_w005
24131,33,minibatch_k64,text_pca256_lexical_w005
24132,23,minibatch_k64,text_pca256_lexical_w005
24133,10,minibatch_k64,text_pca256_lexical_w005
24134,62,minibatch_k64,text_pca256_lexical_w005
24135,8,minibatch_k64,text_pca256_lexical_w005
24136,0,minibatch_k64,text_pca256_lexical_w005
24137,5,minibatch_k64,text_pca256_lexical_w005
24138,21,minibatch_k64,text_pca256_lexical_w005
24139,21,minibatch_k64,text_pca256_lexical_w005
24140,21,minibatch_k64,text_pca256_lexical_w005
24141,5,minibatch_k64,text_pca256_lexical_w005
24142,5,minibatch_k64,text_pca256_lexical_w005
24143,42,minibatch_k64,text_pca256_lexical_w005
24144,23,minibatch_k64,text_pca256_lexical_w005
24145,10,minibatch_k64,text_pca256_lexical_w005
24146,5,minibatch_k64,text_pca256_lexical_w005
24147,42,minibatch_k64,text_pca256_lexical_w005
24148,0,minibatch_k64,text_pca256_lexical_w005
24149,10,minibatch_k64,text_pca256_lexical_w005
24150,10,minibatch_k64,text_pca256_lexical_w005
24151,23,minibatch_k64,text_pca256_lexical_w005
24152,62,minibatch_k64,text_pca256_lexical_w005
24153,5,minibatch_k64,text_pca256_lexical_w005
24154,45,minibatch_k64,text_pca256_lexical_w005
24155,62,minibatch_k64,text_pca256_lexical_w005
24156,8,minibatch_k64,text_pca256_lexical_w005
24157,23,minibatch_k64,text_pca256_lexical_w005
24158,42,minibatch_k64,text_pca256_lexical_w005
24159,0,minibatch_k64,text_pca256_lexical_w005
24160,5,minibatch_k64,text_pca256_lexical_w005
24161,5,minibatch_k64,text_pca256_lexical_w005
24162,23,minibatch_k64,text_pca256_lexical_w005
24163,31,minibatch_k64,text_pca256_lexical_w005
24164,4,minibatch_k64,text_pca256_lexical_w005
24165,0,minibatch_k64,text_pca256_lexical_w005
24166,5,minibatch_k64,text_pca256_lexical_w005
24167,0,minibatch_k64,text_pca256_lexical_w005
24168,5,minibatch_k64,text_pca256_lexical_w005
24169,5,minibatch_k64,text_pca256_lexical_w005
24170,23,minibatch_k64,text_pca256_lexical_w005
24171,23,minibatch_k64,text_pca256_lexical_w005
24172,10,minibatch_k64,text_pca256_lexical_w005
24173,45,minibatch_k64,text_pca256_lexical_w005
24174,62,minibatch_k64,text_pca256_lexical_w005
24175,62,minibatch_k64,text_pca256_lexical_w005
24176,14,minibatch_k64,text_pca256_lexical_w005
24177,5,minibatch_k64,text_pca256_lexical_w005
24178,8,minibatch_k64,text_pca256_lexical_w005
24179,52,minibatch_k64,text_pca256_lexical_w005
24180,0,minibatch_k64,text_pca256_lexical_w005
24181,39,minibatch_k64,text_pca256_lexical_w005
24182,50,minibatch_k64,text_pca256_lexical_w005
24183,8,minibatch_k64,text_pca256_lexical_w005
24184,0,minibatch_k64,text_pca256_lexical_w005
24185,8,minibatch_k64,text_pca256_lexical_w005
24186,10,minibatch_k64,text_pca256_lexical_w005
24187,42,minibatch_k64,text_pca256_lexical_w005
24188,50,minibatch_k64,text_pca256_lexical_w005
24189,39,minibatch_k64,text_pca256_lexical_w005
24190,15,minibatch_k64,text_pca256_lexical_w005
24191,62,minibatch_k64,text_pca256_lexical_w005
24192,23,minibatch_k64,text_pca256_lexical_w005
24193,5,minibatch_k64,text_pca256_lexical_w005
24194,8,minibatch_k64,text_pca256_lexical_w005
24195,5,minibatch_k64,text_pca256_lexical_w005
24196,42,minibatch_k64,text_pca256_lexical_w005
24197,52,minibatch_k64,text_pca256_lexical_w005
24198,0,minibatch_k64,text_pca256_lexical_w005
24199,5,minibatch_k64,text_pca256_lexical_w005
24200,5,minibatch_k64,text_pca256_lexical_w005
24201,10,minibatch_k64,text_pca256_lexical_w005
24202,5,minibatch_k64,text_pca256_lexical_w005
24203,46,minibatch_k64,text_pca256_lexical_w005
24204,46,minibatch_k64,text_pca256_lexical_w005
24205,5,minibatch_k64,text_pca256_lexical_w005
24206,42,minibatch_k64,text_pca256_lexical_w005
24207,5,minibatch_k64,text_pca256_lexical_w005
24208,5,minibatch_k64,text_pca256_lexical_w005
24209,5,minibatch_k64,text_pca256_lexical_w005
24210,5,minibatch_k64,text_pca256_lexical_w005
24211,25,minibatch_k64,text_pca256_lexical_w005
24212,15,minibatch_k64,text_pca256_lexical_w005
24213,15,minibatch_k64,text_pca256_lexical_w005
24214,5,minibatch_k64,text_pca256_lexical_w005
24215,42,minibatch_k64,text_pca256_lexical_w005
24216,21,minibatch_k64,text_pca256_lexical_w005
24217,5,minibatch_k64,text_pca256_lexical_w005
24218,5,minibatch_k64,text_pca256_lexical_w005
24219,46,minibatch_k64,text_pca256_lexical_w005
24220,5,minibatch_k64,text_pca256_lexical_w005
24221,0,minibatch_k64,text_pca256_lexical_w005
24222,8,minibatch_k64,text_pca256_lexical_w005
24223,39,minibatch_k64,text_pca256_lexical_w005
24224,15,minibatch_k64,text_pca256_lexical_w005
24225,39,minibatch_k64,text_pca256_lexical_w005
24226,48,minibatch_k64,text_pca256_lexical_w005
24227,0,minibatch_k64,text_pca256_lexical_w005
24228,38,minibatch_k64,text_pca256_lexical_w005
24229,50,minibatch_k64,text_pca256_lexical_w005
24230,23,minibatch_k64,text_pca256_lexical_w005
24231,31,minibatch_k64,text_pca256_lexical_w005
24232,45,minibatch_k64,text_pca256_lexical_w005
24233,58,minibatch_k64,text_pca256_lexical_w005
24234,55,minibatch_k64,text_pca256_lexical_w005
24235,22,minibatch_k64,text_pca256_lexical_w005
24236,62,minibatch_k64,text_pca256_lexical_w005
24237,4,minibatch_k64,text_pca256_lexical_w005
24238,0,minibatch_k64,text_pca256_lexical_w005
24239,0,minibatch_k64,text_pca256_lexical_w005
24240,23,minibatch_k64,text_pca256_lexical_w005
24241,21,minibatch_k64,text_pca256_lexical_w005
24242,0,minibatch_k64,text_pca256_lexical_w005
24243,42,minibatch_k64,text_pca256_lexical_w005
24244,10,minibatch_k64,text_pca256_lexical_w005
24245,42,minibatch_k64,text_pca256_lexical_w005
24246,8,minibatch_k64,text_pca256_lexical_w005
24247,15,minibatch_k64,text_pca256_lexical_w005
24248,5,minibatch_k64,text_pca256_lexical_w005
24249,62,minibatch_k64,text_pca256_lexical_w005
24250,0,minibatch_k64,text_pca256_lexical_w005
24251,5,minibatch_k64,text_pca256_lexical_w005
24252,0,minibatch_k64,text_pca256_lexical_w005
24253,5,minibatch_k64,text_pca256_lexical_w005
24254,10,minibatch_k64,text_pca256_lexical_w005
24255,0,minibatch_k64,text_pca256_lexical_w005
24256,62,minibatch_k64,text_pca256_lexical_w005
24257,23,minibatch_k64,text_pca256_lexical_w005
24258,45,minibatch_k64,text_pca256_lexical_w005
24259,10,minibatch_k64,text_pca256_lexical_w005
24260,23,minibatch_k64,text_pca256_lexical_w005
24261,62,minibatch_k64,text_pca256_lexical_w005
24262,8,minibatch_k64,text_pca256_lexical_w005
24263,52,minibatch_k64,text_pca256_lexical_w005
24264,2,minibatch_k64,text_pca256_lexical_w005
24265,8,minibatch_k64,text_pca256_lexical_w005
24266,23,minibatch_k64,text_pca256_lexical_w005
24267,42,minibatch_k64,text_pca256_lexical_w005
24268,21,minibatch_k64,text_pca256_lexical_w005
24269,42,minibatch_k64,text_pca256_lexical_w005
24270,62,minibatch_k64,text_pca256_lexical_w005
24271,42,minibatch_k64,text_pca256_lexical_w005
24272,62,minibatch_k64,text_pca256_lexical_w005
24273,52,minibatch_k64,text_pca256_lexical_w005
24274,15,minibatch_k64,text_pca256_lexical_w005
24275,15,minibatch_k64,text_pca256_lexical_w005
24276,15,minibatch_k64,text_pca256_lexical_w005
24277,8,minibatch_k64,text_pca256_lexical_w005
24278,10,minibatch_k64,text_pca256_lexical_w005
24279,14,minibatch_k64,text_pca256_lexical_w005
24280,8,minibatch_k64,text_pca256_lexical_w005
24281,59,minibatch_k64,text_pca256_lexical_w005
24282,8,minibatch_k64,text_pca256_lexical_w005
24283,21,minibatch_k64,text_pca256_lexical_w005
24284,21,minibatch_k64,text_pca256_lexical_w005
24285,21,minibatch_k64,text_pca256_lexical_w005
24286,8,minibatch_k64,text_pca256_lexical_w005
24287,5,minibatch_k64,text_pca256_lexical_w005
24288,14,minibatch_k64,text_pca256_lexical_w005
24289,42,minibatch_k64,text_pca256_lexical_w005
24290,42,minibatch_k64,text_pca256_lexical_w005
24291,0,minibatch_k64,text_pca256_lexical_w005
24292,8,minibatch_k64,text_pca256_lexical_w005
24293,42,minibatch_k64,text_pca256_lexical_w005
24294,5,minibatch_k64,text_pca256_lexical_w005
24295,10,minibatch_k64,text_pca256_lexical_w005
24296,25,minibatch_k64,text_pca256_lexical_w005
24297,42,minibatch_k64,text_pca256_lexical_w005
24298,0,minibatch_k64,text_pca256_lexical_w005
24299,15,minibatch_k64,text_pca256_lexical_w005
24300,38,minibatch_k64,text_pca256_lexical_w005
24301,58,minibatch_k64,text_pca256_lexical_w005
24302,45,minibatch_k64,text_pca256_lexical_w005
24303,8,minibatch_k64,text_pca256_lexical_w005
24304,23,minibatch_k64,text_pca256_lexical_w005
24305,23,minibatch_k64,text_pca256_lexical_w005
24306,0,minibatch_k64,text_pca256_lexical_w005
24307,8,minibatch_k64,text_pca256_lexical_w005
24308,55,minibatch_k64,text_pca256_lexical_w005
24309,31,minibatch_k64,text_pca256_lexical_w005
24310,10,minibatch_k64,text_pca256_lexical_w005
24311,42,minibatch_k64,text_pca256_lexical_w005
24312,62,minibatch_k64,text_pca256_lexical_w005
24313,45,minibatch_k64,text_pca256_lexical_w005
24314,15,minibatch_k64,text_pca256_lexical_w005
24315,0,minibatch_k64,text_pca256_lexical_w005
24316,15,minibatch_k64,text_pca256_lexical_w005
24317,0,minibatch_k64,text_pca256_lexical_w005
24318,4,minibatch_k64,text_pca256_lexical_w005
24319,23,minibatch_k64,text_pca256_lexical_w005
24320,8,minibatch_k64,text_pca256_lexical_w005
24321,5,minibatch_k64,text_pca256_lexical_w005
24322,5,minibatch_k64,text_pca256_lexical_w005
24323,46,minibatch_k64,text_pca256_lexical_w005
24324,62,minibatch_k64,text_pca256_lexical_w005
24325,45,minibatch_k64,text_pca256_lexical_w005
24326,59,minibatch_k64,text_pca256_lexical_w005
24327,0,minibatch_k64,text_pca256_lexical_w005
24328,62,minibatch_k64,text_pca256_lexical_w005
24329,33,minibatch_k64,text_pca256_lexical_w005
24330,8,minibatch_k64,text_pca256_lexical_w005
24331,10,minibatch_k64,text_pca256_lexical_w005
24332,10,minibatch_k64,text_pca256_lexical_w005
24333,48,minibatch_k64,text_pca256_lexical_w005
24334,10,minibatch_k64,text_pca256_lexical_w005
24335,10,minibatch_k64,text_pca256_lexical_w005
24336,42,minibatch_k64,text_pca256_lexical_w005
24337,21,minibatch_k64,text_pca256_lexical_w005
24338,50,minibatch_k64,text_pca256_lexical_w005
24339,21,minibatch_k64,text_pca256_lexical_w005
24340,8,minibatch_k64,text_pca256_lexical_w005
24341,15,minibatch_k64,text_pca256_lexical_w005
24342,0,minibatch_k64,text_pca256_lexical_w005
24343,62,minibatch_k64,text_pca256_lexical_w005
24344,10,minibatch_k64,text_pca256_lexical_w005
24345,0,minibatch_k64,text_pca256_lexical_w005
24346,62,minibatch_k64,text_pca256_lexical_w005
24347,14,minibatch_k64,text_pca256_lexical_w005
24348,23,minibatch_k64,text_pca256_lexical_w005
24349,0,minibatch_k64,text_pca256_lexical_w005
24350,23,minibatch_k64,text_pca256_lexical_w005
24351,4,minibatch_k64,text_pca256_lexical_w005
24352,0,minibatch_k64,text_pca256_lexical_w005
24353,0,minibatch_k64,text_pca256_lexical_w005
24354,0,minibatch_k64,text_pca256_lexical_w005
24355,0,minibatch_k64,text_pca256_lexical_w005
24356,15,minibatch_k64,text_pca256_lexical_w005
24357,0,minibatch_k64,text_pca256_lexical_w005
24358,62,minibatch_k64,text_pca256_lexical_w005
24359,21,minibatch_k64,text_pca256_lexical_w005
24360,4,minibatch_k64,text_pca256_lexical_w005
24361,14,minibatch_k64,text_pca256_lexical_w005
24362,59,minibatch_k64,text_pca256_lexical_w005
24363,42,minibatch_k64,text_pca256_lexical_w005
24364,8,minibatch_k64,text_pca256_lexical_w005
24365,46,minibatch_k64,text_pca256_lexical_w005
24366,5,minibatch_k64,text_pca256_lexical_w005
24367,8,minibatch_k64,text_pca256_lexical_w005
24368,5,minibatch_k64,text_pca256_lexical_w005
24369,8,minibatch_k64,text_pca256_lexical_w005
24370,46,minibatch_k64,text_pca256_lexical_w005
24371,23,minibatch_k64,text_pca256_lexical_w005
24372,45,minibatch_k64,text_pca256_lexical_w005
24373,23,minibatch_k64,text_pca256_lexical_w005
24374,5,minibatch_k64,text_pca256_lexical_w005
24375,5,minibatch_k64,text_pca256_lexical_w005
24376,5,minibatch_k64,text_pca256_lexical_w005
24377,0,minibatch_k64,text_pca256_lexical_w005
24378,8,minibatch_k64,text_pca256_lexical_w005
24379,62,minibatch_k64,text_pca256_lexical_w005
24380,58,minibatch_k64,text_pca256_lexical_w005
24381,38,minibatch_k64,text_pca256_lexical_w005
24382,31,minibatch_k64,text_pca256_lexical_w005
24383,45,minibatch_k64,text_pca256_lexical_w005
24384,0,minibatch_k64,text_pca256_lexical_w005
24385,45,minibatch_k64,text_pca256_lexical_w005
24386,45,minibatch_k64,text_pca256_lexical_w005
24387,55,minibatch_k64,text_pca256_lexical_w005
24388,62,minibatch_k64,text_pca256_lexical_w005
24389,5,minibatch_k64,text_pca256_lexical_w005
24390,15,minibatch_k64,text_pca256_lexical_w005
24391,31,minibatch_k64,text_pca256_lexical_w005
24392,5,minibatch_k64,text_pca256_lexical_w005
24393,33,minibatch_k64,text_pca256_lexical_w005
24394,8,minibatch_k64,text_pca256_lexical_w005
24395,23,minibatch_k64,text_pca256_lexical_w005
24396,62,minibatch_k64,text_pca256_lexical_w005
24397,46,minibatch_k64,text_pca256_lexical_w005
24398,46,minibatch_k64,text_pca256_lexical_w005
24399,62,minibatch_k64,text_pca256_lexical_w005
24400,8,minibatch_k64,text_pca256_lexical_w005
24401,8,minibatch_k64,text_pca256_lexical_w005
24402,2,minibatch_k64,text_pca256_lexical_w005
24403,45,minibatch_k64,text_pca256_lexical_w005
24404,0,minibatch_k64,text_pca256_lexical_w005
24405,23,minibatch_k64,text_pca256_lexical_w005
24406,4,minibatch_k64,text_pca256_lexical_w005
24407,62,minibatch_k64,text_pca256_lexical_w005
24408,45,minibatch_k64,text_pca256_lexical_w005
24409,62,minibatch_k64,text_pca256_lexical_w005
24410,8,minibatch_k64,text_pca256_lexical_w005
24411,8,minibatch_k64,text_pca256_lexical_w005
24412,5,minibatch_k64,text_pca256_lexical_w005
24413,62,minibatch_k64,text_pca256_lexical_w005
24414,62,minibatch_k64,text_pca256_lexical_w005
24415,29,minibatch_k64,text_pca256_lexical_w005
24416,62,minibatch_k64,text_pca256_lexical_w005
24417,0,minibatch_k64,text_pca256_lexical_w005
24418,0,minibatch_k64,text_pca256_lexical_w005
24419,0,minibatch_k64,text_pca256_lexical_w005
24420,62,minibatch_k64,text_pca256_lexical_w005
24421,33,minibatch_k64,text_pca256_lexical_w005
24422,62,minibatch_k64,text_pca256_lexical_w005
24423,15,minibatch_k64,text_pca256_lexical_w005
24424,48,minibatch_k64,text_pca256_lexical_w005
24425,25,minibatch_k64,text_pca256_lexical_w005
24426,10,minibatch_k64,text_pca256_lexical_w005
24427,8,minibatch_k64,text_pca256_lexical_w005
24428,0,minibatch_k64,text_pca256_lexical_w005
24429,23,minibatch_k64,text_pca256_lexical_w005
24430,23,minibatch_k64,text_pca256_lexical_w005
24431,0,minibatch_k64,text_pca256_lexical_w005
24432,62,minibatch_k64,text_pca256_lexical_w005
24433,15,minibatch_k64,text_pca256_lexical_w005
24434,0,minibatch_k64,text_pca256_lexical_w005
24435,0,minibatch_k64,text_pca256_lexical_w005
24436,0,minibatch_k64,text_pca256_lexical_w005
24437,45,minibatch_k64,text_pca256_lexical_w005
24438,62,minibatch_k64,text_pca256_lexical_w005
24439,0,minibatch_k64,text_pca256_lexical_w005
24440,0,minibatch_k64,text_pca256_lexical_w005
24441,21,minibatch_k64,text_pca256_lexical_w005
24442,10,minibatch_k64,text_pca256_lexical_w005
24443,10,minibatch_k64,text_pca256_lexical_w005
24444,15,minibatch_k64,text_pca256_lexical_w005
24445,0,minibatch_k64,text_pca256_lexical_w005
24446,62,minibatch_k64,text_pca256_lexical_w005
24447,50,minibatch_k64,text_pca256_lexical_w005
24448,23,minibatch_k64,text_pca256_lexical_w005
24449,62,minibatch_k64,text_pca256_lexical_w005
24450,14,minibatch_k64,text_pca256_lexical_w005
24451,0,minibatch_k64,text_pca256_lexical_w005
24452,10,minibatch_k64,text_pca256_lexical_w005
24453,45,minibatch_k64,text_pca256_lexical_w005
24454,0,minibatch_k64,text_pca256_lexical_w005
24455,62,minibatch_k64,text_pca256_lexical_w005
24456,62,minibatch_k64,text_pca256_lexical_w005
24457,23,minibatch_k64,text_pca256_lexical_w005
24458,0,minibatch_k64,text_pca256_lexical_w005
24459,0,minibatch_k64,text_pca256_lexical_w005
24460,0,minibatch_k64,text_pca256_lexical_w005
24461,0,minibatch_k64,text_pca256_lexical_w005
24462,0,minibatch_k64,text_pca256_lexical_w005
24463,0,minibatch_k64,text_pca256_lexical_w005
24464,33,minibatch_k64,text_pca256_lexical_w005
24465,15,minibatch_k64,text_pca256_lexical_w005
24466,21,minibatch_k64,text_pca256_lexical_w005
24467,8,minibatch_k64,text_pca256_lexical_w005
24468,45,minibatch_k64,text_pca256_lexical_w005
24469,62,minibatch_k64,text_pca256_lexical_w005
24470,45,minibatch_k64,text_pca256_lexical_w005
24471,0,minibatch_k64,text_pca256_lexical_w005
24472,0,minibatch_k64,text_pca256_lexical_w005
24473,33,minibatch_k64,text_pca256_lexical_w005
24474,59,minibatch_k64,text_pca256_lexical_w005
24475,62,minibatch_k64,text_pca256_lexical_w005
24476,0,minibatch_k64,text_pca256_lexical_w005
24477,33,minibatch_k64,text_pca256_lexical_w005
24478,45,minibatch_k64,text_pca256_lexical_w005
24479,8,minibatch_k64,text_pca256_lexical_w005
24480,8,minibatch_k64,text_pca256_lexical_w005
24481,0,minibatch_k64,text_pca256_lexical_w005
24482,0,minibatch_k64,text_pca256_lexical_w005
24483,4,minibatch_k64,text_pca256_lexical_w005
24484,14,minibatch_k64,text_pca256_lexical_w005
24485,8,minibatch_k64,text_pca256_lexical_w005
24486,8,minibatch_k64,text_pca256_lexical_w005
24487,4,minibatch_k64,text_pca256_lexical_w005
24488,0,minibatch_k64,text_pca256_lexical_w005
24489,62,minibatch_k64,text_pca256_lexical_w005
24490,62,minibatch_k64,text_pca256_lexical_w005
24491,56,minibatch_k64,text_pca256_lexical_w005
24492,0,minibatch_k64,text_pca256_lexical_w005
24493,18,minibatch_k64,text_pca256_lexical_w005
24494,33,minibatch_k64,text_pca256_lexical_w005
24495,33,minibatch_k64,text_pca256_lexical_w005
24496,23,minibatch_k64,text_pca256_lexical_w005
24497,62,minibatch_k64,text_pca256_lexical_w005
24498,62,minibatch_k64,text_pca256_lexical_w005
24499,21,minibatch_k64,text_pca256_lexical_w005
24500,8,minibatch_k64,text_pca256_lexical_w005
24501,8,minibatch_k64,text_pca256_lexical_w005
24502,21,minibatch_k64,text_pca256_lexical_w005
24503,10,minibatch_k64,text_pca256_lexical_w005
24504,45,minibatch_k64,text_pca256_lexical_w005
24505,45,minibatch_k64,text_pca256_lexical_w005
24506,48,minibatch_k64,text_pca256_lexical_w005
24507,15,minibatch_k64,text_pca256_lexical_w005
24508,38,minibatch_k64,text_pca256_lexical_w005
24509,45,minibatch_k64,text_pca256_lexical_w005
24510,58,minibatch_k64,text_pca256_lexical_w005
24511,0,minibatch_k64,text_pca256_lexical_w005
24512,4,minibatch_k64,text_pca256_lexical_w005
24513,31,minibatch_k64,text_pca256_lexical_w005
24514,55,minibatch_k64,text_pca256_lexical_w005
24515,0,minibatch_k64,text_pca256_lexical_w005
24516,21,minibatch_k64,text_pca256_lexical_w005
24517,56,minibatch_k64,text_pca256_lexical_w005
24518,0,minibatch_k64,text_pca256_lexical_w005
24519,4,minibatch_k64,text_pca256_lexical_w005
24520,23,minibatch_k64,text_pca256_lexical_w005
24521,0,minibatch_k64,text_pca256_lexical_w005
24522,21,minibatch_k64,text_pca256_lexical_w005
24523,0,minibatch_k64,text_pca256_lexical_w005
24524,21,minibatch_k64,text_pca256_lexical_w005
24525,62,minibatch_k64,text_pca256_lexical_w005
24526,8,minibatch_k64,text_pca256_lexical_w005
24527,25,minibatch_k64,text_pca256_lexical_w005
24528,0,minibatch_k64,text_pca256_lexical_w005
24529,23,minibatch_k64,text_pca256_lexical_w005
24530,59,minibatch_k64,text_pca256_lexical_w005
24531,21,minibatch_k64,text_pca256_lexical_w005
24532,23,minibatch_k64,text_pca256_lexical_w005
24533,8,minibatch_k64,text_pca256_lexical_w005
24534,0,minibatch_k64,text_pca256_lexical_w005
24535,0,minibatch_k64,text_pca256_lexical_w005
24536,23,minibatch_k64,text_pca256_lexical_w005
24537,8,minibatch_k64,text_pca256_lexical_w005
24538,0,minibatch_k64,text_pca256_lexical_w005
24539,0,minibatch_k64,text_pca256_lexical_w005
24540,33,minibatch_k64,text_pca256_lexical_w005
24541,48,minibatch_k64,text_pca256_lexical_w005
24542,33,minibatch_k64,text_pca256_lexical_w005
24543,14,minibatch_k64,text_pca256_lexical_w005
24544,33,minibatch_k64,text_pca256_lexical_w005
24545,62,minibatch_k64,text_pca256_lexical_w005
24546,23,minibatch_k64,text_pca256_lexical_w005
24547,10,minibatch_k64,text_pca256_lexical_w005
24548,62,minibatch_k64,text_pca256_lexical_w005
24549,62,minibatch_k64,text_pca256_lexical_w005
24550,62,minibatch_k64,text_pca256_lexical_w005
24551,62,minibatch_k64,text_pca256_lexical_w005
24552,62,minibatch_k64,text_pca256_lexical_w005
24553,62,minibatch_k64,text_pca256_lexical_w005
24554,23,minibatch_k64,text_pca256_lexical_w005
24555,56,minibatch_k64,text_pca256_lexical_w005
24556,42,minibatch_k64,text_pca256_lexical_w005
24557,0,minibatch_k64,text_pca256_lexical_w005
24558,2,minibatch_k64,text_pca256_lexical_w005
24559,0,minibatch_k64,text_pca256_lexical_w005
24560,62,minibatch_k64,text_pca256_lexical_w005
24561,62,minibatch_k64,text_pca256_lexical_w005
24562,0,minibatch_k64,text_pca256_lexical_w005
24563,62,minibatch_k64,text_pca256_lexical_w005
24564,0,minibatch_k64,text_pca256_lexical_w005
24565,62,minibatch_k64,text_pca256_lexical_w005
24566,62,minibatch_k64,text_pca256_lexical_w005
24567,8,minibatch_k64,text_pca256_lexical_w005
24568,45,minibatch_k64,text_pca256_lexical_w005
24569,10,minibatch_k64,text_pca256_lexical_w005
24570,10,minibatch_k64,text_pca256_lexical_w005
24571,59,minibatch_k64,text_pca256_lexical_w005
24572,62,minibatch_k64,text_pca256_lexical_w005
24573,50,minibatch_k64,text_pca256_lexical_w005
24574,21,minibatch_k64,text_pca256_lexical_w005
24575,39,minibatch_k64,text_pca256_lexical_w005
24576,39,minibatch_k64,text_pca256_lexical_w005
24577,21,minibatch_k64,text_pca256_lexical_w005
24578,59,minibatch_k64,text_pca256_lexical_w005
24579,4,minibatch_k64,text_pca256_lexical_w005
24580,0,minibatch_k64,text_pca256_lexical_w005
24581,42,minibatch_k64,text_pca256_lexical_w005
24582,62,minibatch_k64,text_pca256_lexical_w005
24583,0,minibatch_k64,text_pca256_lexical_w005
24584,0,minibatch_k64,text_pca256_lexical_w005
24585,5,minibatch_k64,text_pca256_lexical_w005
24586,0,minibatch_k64,text_pca256_lexical_w005
24587,62,minibatch_k64,text_pca256_lexical_w005
24588,14,minibatch_k64,text_pca256_lexical_w005
24589,0,minibatch_k64,text_pca256_lexical_w005
24590,21,minibatch_k64,text_pca256_lexical_w005
24591,62,minibatch_k64,text_pca256_lexical_w005
24592,62,minibatch_k64,text_pca256_lexical_w005
24593,0,minibatch_k64,text_pca256_lexical_w005
24594,23,minibatch_k64,text_pca256_lexical_w005
24595,21,minibatch_k64,text_pca256_lexical_w005
24596,0,minibatch_k64,text_pca256_lexical_w005
24597,21,minibatch_k64,text_pca256_lexical_w005
24598,0,minibatch_k64,text_pca256_lexical_w005
24599,8,minibatch_k64,text_pca256_lexical_w005
24600,14,minibatch_k64,text_pca256_lexical_w005
24601,0,minibatch_k64,text_pca256_lexical_w005
24602,10,minibatch_k64,text_pca256_lexical_w005
24603,8,minibatch_k64,text_pca256_lexical_w005
24604,8,minibatch_k64,text_pca256_lexical_w005
24605,4,minibatch_k64,text_pca256_lexical_w005
24606,0,minibatch_k64,text_pca256_lexical_w005
24607,18,minibatch_k64,text_pca256_lexical_w005
24608,8,minibatch_k64,text_pca256_lexical_w005
24609,8,minibatch_k64,text_pca256_lexical_w005
24610,0,minibatch_k64,text_pca256_lexical_w005
24611,0,minibatch_k64,text_pca256_lexical_w005
24612,62,minibatch_k64,text_pca256_lexical_w005
24613,25,minibatch_k64,text_pca256_lexical_w005
24614,10,minibatch_k64,text_pca256_lexical_w005
24615,10,minibatch_k64,text_pca256_lexical_w005
24616,50,minibatch_k64,text_pca256_lexical_w005
24617,56,minibatch_k64,text_pca256_lexical_w005
24618,58,minibatch_k64,text_pca256_lexical_w005
24619,58,minibatch_k64,text_pca256_lexical_w005
24620,23,minibatch_k64,text_pca256_lexical_w005
24621,10,minibatch_k64,text_pca256_lexical_w005
24622,45,minibatch_k64,text_pca256_lexical_w005
24623,62,minibatch_k64,text_pca256_lexical_w005
24624,55,minibatch_k64,text_pca256_lexical_w005
24625,22,minibatch_k64,text_pca256_lexical_w005
24626,2,minibatch_k64,text_pca256_lexical_w005
24627,0,minibatch_k64,text_pca256_lexical_w005
24628,4,minibatch_k64,text_pca256_lexical_w005
24629,15,minibatch_k64,text_pca256_lexical_w005
24630,45,minibatch_k64,text_pca256_lexical_w005
24631,45,minibatch_k64,text_pca256_lexical_w005
24632,0,minibatch_k64,text_pca256_lexical_w005
24633,10,minibatch_k64,text_pca256_lexical_w005
24634,33,minibatch_k64,text_pca256_lexical_w005
24635,45,minibatch_k64,text_pca256_lexical_w005
24636,0,minibatch_k64,text_pca256_lexical_w005
24637,8,minibatch_k64,text_pca256_lexical_w005
24638,23,minibatch_k64,text_pca256_lexical_w005
24639,33,minibatch_k64,text_pca256_lexical_w005
24640,0,minibatch_k64,text_pca256_lexical_w005
24641,0,minibatch_k64,text_pca256_lexical_w005
24642,62,minibatch_k64,text_pca256_lexical_w005
24643,45,minibatch_k64,text_pca256_lexical_w005
24644,8,minibatch_k64,text_pca256_lexical_w005
24645,33,minibatch_k64,text_pca256_lexical_w005
24646,48,minibatch_k64,text_pca256_lexical_w005
24647,23,minibatch_k64,text_pca256_lexical_w005
24648,10,minibatch_k64,text_pca256_lexical_w005
24649,8,minibatch_k64,text_pca256_lexical_w005
24650,8,minibatch_k64,text_pca256_lexical_w005
24651,8,minibatch_k64,text_pca256_lexical_w005
24652,45,minibatch_k64,text_pca256_lexical_w005
24653,45,minibatch_k64,text_pca256_lexical_w005
24654,23,minibatch_k64,text_pca256_lexical_w005
24655,0,minibatch_k64,text_pca256_lexical_w005
24656,8,minibatch_k64,text_pca256_lexical_w005
24657,5,minibatch_k64,text_pca256_lexical_w005
24658,4,minibatch_k64,text_pca256_lexical_w005
24659,4,minibatch_k64,text_pca256_lexical_w005
24660,5,minibatch_k64,text_pca256_lexical_w005
24661,62,minibatch_k64,text_pca256_lexical_w005
24662,8,minibatch_k64,text_pca256_lexical_w005
24663,15,minibatch_k64,text_pca256_lexical_w005
24664,62,minibatch_k64,text_pca256_lexical_w005
24665,8,minibatch_k64,text_pca256_lexical_w005
24666,56,minibatch_k64,text_pca256_lexical_w005
24667,50,minibatch_k64,text_pca256_lexical_w005
24668,62,minibatch_k64,text_pca256_lexical_w005
24669,62,minibatch_k64,text_pca256_lexical_w005
24670,59,minibatch_k64,text_pca256_lexical_w005
24671,59,minibatch_k64,text_pca256_lexical_w005
24672,5,minibatch_k64,text_pca256_lexical_w005
24673,14,minibatch_k64,text_pca256_lexical_w005
24674,56,minibatch_k64,text_pca256_lexical_w005
24675,8,minibatch_k64,text_pca256_lexical_w005
24676,62,minibatch_k64,text_pca256_lexical_w005
24677,15,minibatch_k64,text_pca256_lexical_w005
24678,62,minibatch_k64,text_pca256_lexical_w005
24679,0,minibatch_k64,text_pca256_lexical_w005
24680,42,minibatch_k64,text_pca256_lexical_w005
24681,39,minibatch_k64,text_pca256_lexical_w005
24682,21,minibatch_k64,text_pca256_lexical_w005
24683,21,minibatch_k64,text_pca256_lexical_w005
24684,10,minibatch_k64,text_pca256_lexical_w005
24685,62,minibatch_k64,text_pca256_lexical_w005
24686,62,minibatch_k64,text_pca256_lexical_w005
24687,62,minibatch_k64,text_pca256_lexical_w005
24688,14,minibatch_k64,text_pca256_lexical_w005
24689,21,minibatch_k64,text_pca256_lexical_w005
24690,5,minibatch_k64,text_pca256_lexical_w005
24691,0,minibatch_k64,text_pca256_lexical_w005
24692,62,minibatch_k64,text_pca256_lexical_w005
24693,0,minibatch_k64,text_pca256_lexical_w005
24694,0,minibatch_k64,text_pca256_lexical_w005
24695,0,minibatch_k64,text_pca256_lexical_w005
24696,33,minibatch_k64,text_pca256_lexical_w005
24697,8,minibatch_k64,text_pca256_lexical_w005
24698,0,minibatch_k64,text_pca256_lexical_w005
24699,0,minibatch_k64,text_pca256_lexical_w005
24700,8,minibatch_k64,text_pca256_lexical_w005
24701,5,minibatch_k64,text_pca256_lexical_w005
24702,2,minibatch_k64,text_pca256_lexical_w005
24703,56,minibatch_k64,text_pca256_lexical_w005
24704,0,minibatch_k64,text_pca256_lexical_w005
24705,42,minibatch_k64,text_pca256_lexical_w005
24706,8,minibatch_k64,text_pca256_lexical_w005
24707,0,minibatch_k64,text_pca256_lexical_w005
24708,25,minibatch_k64,text_pca256_lexical_w005
24709,33,minibatch_k64,text_pca256_lexical_w005
24710,10,minibatch_k64,text_pca256_lexical_w005
24711,45,minibatch_k64,text_pca256_lexical_w005
24712,58,minibatch_k64,text_pca256_lexical_w005
24713,58,minibatch_k64,text_pca256_lexical_w005
24714,33,minibatch_k64,text_pca256_lexical_w005
24715,45,minibatch_k64,text_pca256_lexical_w005
24716,45,minibatch_k64,text_pca256_lexical_w005
24717,55,minibatch_k64,text_pca256_lexical_w005
24718,22,minibatch_k64,text_pca256_lexical_w005
24719,10,minibatch_k64,text_pca256_lexical_w005
24720,45,minibatch_k64,text_pca256_lexical_w005
24721,56,minibatch_k64,text_pca256_lexical_w005
24722,10,minibatch_k64,text_pca256_lexical_w005
24723,23,minibatch_k64,text_pca256_lexical_w005
24724,33,minibatch_k64,text_pca256_lexical_w005
24725,21,minibatch_k64,text_pca256_lexical_w005
24726,23,minibatch_k64,text_pca256_lexical_w005
24727,5,minibatch_k64,text_pca256_lexical_w005
24728,5,minibatch_k64,text_pca256_lexical_w005
24729,0,minibatch_k64,text_pca256_lexical_w005
24730,5,minibatch_k64,text_pca256_lexical_w005
24731,5,minibatch_k64,text_pca256_lexical_w005
24732,56,minibatch_k64,text_pca256_lexical_w005
24733,0,minibatch_k64,text_pca256_lexical_w005
24734,23,minibatch_k64,text_pca256_lexical_w005
24735,59,minibatch_k64,text_pca256_lexical_w005
24736,15,minibatch_k64,text_pca256_lexical_w005
24737,0,minibatch_k64,text_pca256_lexical_w005
24738,33,minibatch_k64,text_pca256_lexical_w005
24739,0,minibatch_k64,text_pca256_lexical_w005
24740,62,minibatch_k64,text_pca256_lexical_w005
24741,0,minibatch_k64,text_pca256_lexical_w005
24742,62,minibatch_k64,text_pca256_lexical_w005
24743,8,minibatch_k64,text_pca256_lexical_w005
24744,62,minibatch_k64,text_pca256_lexical_w005
24745,62,minibatch_k64,text_pca256_lexical_w005
24746,45,minibatch_k64,text_pca256_lexical_w005
24747,33,minibatch_k64,text_pca256_lexical_w005
24748,0,minibatch_k64,text_pca256_lexical_w005
24749,62,minibatch_k64,text_pca256_lexical_w005
24750,0,minibatch_k64,text_pca256_lexical_w005
24751,62,minibatch_k64,text_pca256_lexical_w005
24752,0,minibatch_k64,text_pca256_lexical_w005
24753,29,minibatch_k64,text_pca256_lexical_w005
24754,8,minibatch_k64,text_pca256_lexical_w005
24755,8,minibatch_k64,text_pca256_lexical_w005
24756,45,minibatch_k64,text_pca256_lexical_w005
24757,8,minibatch_k64,text_pca256_lexical_w005
24758,0,minibatch_k64,text_pca256_lexical_w005
24759,21,minibatch_k64,text_pca256_lexical_w005
24760,62,minibatch_k64,text_pca256_lexical_w005
24761,0,minibatch_k64,text_pca256_lexical_w005
24762,8,minibatch_k64,text_pca256_lexical_w005
24763,0,minibatch_k64,text_pca256_lexical_w005
24764,62,minibatch_k64,text_pca256_lexical_w005
24765,21,minibatch_k64,text_pca256_lexical_w005
24766,0,minibatch_k64,text_pca256_lexical_w005
24767,21,minibatch_k64,text_pca256_lexical_w005
24768,42,minibatch_k64,text_pca256_lexical_w005
24769,8,minibatch_k64,text_pca256_lexical_w005
24770,8,minibatch_k64,text_pca256_lexical_w005
24771,42,minibatch_k64,text_pca256_lexical_w005
24772,15,minibatch_k64,text_pca256_lexical_w005
24773,62,minibatch_k64,text_pca256_lexical_w005
24774,62,minibatch_k64,text_pca256_lexical_w005
24775,0,minibatch_k64,text_pca256_lexical_w005
24776,10,minibatch_k64,text_pca256_lexical_w005
24777,23,minibatch_k64,text_pca256_lexical_w005
24778,8,minibatch_k64,text_pca256_lexical_w005
24779,10,minibatch_k64,text_pca256_lexical_w005
24780,8,minibatch_k64,text_pca256_lexical_w005
24781,62,minibatch_k64,text_pca256_lexical_w005
24782,10,minibatch_k64,text_pca256_lexical_w005
24783,10,minibatch_k64,text_pca256_lexical_w005
24784,62,minibatch_k64,text_pca256_lexical_w005
24785,23,minibatch_k64,text_pca256_lexical_w005
24786,56,minibatch_k64,text_pca256_lexical_w005
24787,33,minibatch_k64,text_pca256_lexical_w005
24788,4,minibatch_k64,text_pca256_lexical_w005
24789,14,minibatch_k64,text_pca256_lexical_w005
24790,8,minibatch_k64,text_pca256_lexical_w005
24791,10,minibatch_k64,text_pca256_lexical_w005
24792,62,minibatch_k64,text_pca256_lexical_w005
24793,0,minibatch_k64,text_pca256_lexical_w005
24794,10,minibatch_k64,text_pca256_lexical_w005
24795,0,minibatch_k64,text_pca256_lexical_w005
24796,0,minibatch_k64,text_pca256_lexical_w005
24797,62,minibatch_k64,text_pca256_lexical_w005
24798,10,minibatch_k64,text_pca256_lexical_w005
24799,62,minibatch_k64,text_pca256_lexical_w005
24800,0,minibatch_k64,text_pca256_lexical_w005
24801,62,minibatch_k64,text_pca256_lexical_w005
24802,62,minibatch_k64,text_pca256_lexical_w005
24803,33,minibatch_k64,text_pca256_lexical_w005
24804,14,minibatch_k64,text_pca256_lexical_w005
24805,62,minibatch_k64,text_pca256_lexical_w005
24806,23,minibatch_k64,text_pca256_lexical_w005
24807,62,minibatch_k64,text_pca256_lexical_w005
24808,23,minibatch_k64,text_pca256_lexical_w005
24809,33,minibatch_k64,text_pca256_lexical_w005
24810,62,minibatch_k64,text_pca256_lexical_w005
24811,42,minibatch_k64,text_pca256_lexical_w005
24812,0,minibatch_k64,text_pca256_lexical_w005
24813,0,minibatch_k64,text_pca256_lexical_w005
24814,21,minibatch_k64,text_pca256_lexical_w005
24815,48,minibatch_k64,text_pca256_lexical_w005
24816,21,minibatch_k64,text_pca256_lexical_w005
24817,0,minibatch_k64,text_pca256_lexical_w005
24818,58,minibatch_k64,text_pca256_lexical_w005
24819,62,minibatch_k64,text_pca256_lexical_w005
24820,45,minibatch_k64,text_pca256_lexical_w005
24821,58,minibatch_k64,text_pca256_lexical_w005
24822,45,minibatch_k64,text_pca256_lexical_w005
24823,23,minibatch_k64,text_pca256_lexical_w005
24824,55,minibatch_k64,text_pca256_lexical_w005
24825,8,minibatch_k64,text_pca256_lexical_w005
24826,22,minibatch_k64,text_pca256_lexical_w005
24827,45,minibatch_k64,text_pca256_lexical_w005
24828,10,minibatch_k64,text_pca256_lexical_w005
24829,23,minibatch_k64,text_pca256_lexical_w005
24830,0,minibatch_k64,text_pca256_lexical_w005
24831,8,minibatch_k64,text_pca256_lexical_w005
24832,56,minibatch_k64,text_pca256_lexical_w005
24833,23,minibatch_k64,text_pca256_lexical_w005
24834,8,minibatch_k64,text_pca256_lexical_w005
24835,23,minibatch_k64,text_pca256_lexical_w005
24836,0,minibatch_k64,text_pca256_lexical_w005
24837,0,minibatch_k64,text_pca256_lexical_w005
24838,21,minibatch_k64,text_pca256_lexical_w005
24839,62,minibatch_k64,text_pca256_lexical_w005
24840,23,minibatch_k64,text_pca256_lexical_w005
24841,8,minibatch_k64,text_pca256_lexical_w005
24842,10,minibatch_k64,text_pca256_lexical_w005
24843,8,minibatch_k64,text_pca256_lexical_w005
24844,21,minibatch_k64,text_pca256_lexical_w005
24845,59,minibatch_k64,text_pca256_lexical_w005
24846,15,minibatch_k64,text_pca256_lexical_w005
24847,59,minibatch_k64,text_pca256_lexical_w005
24848,8,minibatch_k64,text_pca256_lexical_w005
24849,50,minibatch_k64,text_pca256_lexical_w005
24850,8,minibatch_k64,text_pca256_lexical_w005
24851,25,minibatch_k64,text_pca256_lexical_w005
24852,0,minibatch_k64,text_pca256_lexical_w005
24853,21,minibatch_k64,text_pca256_lexical_w005
24854,0,minibatch_k64,text_pca256_lexical_w005
24855,50,minibatch_k64,text_pca256_lexical_w005
24856,0,minibatch_k64,text_pca256_lexical_w005
24857,62,minibatch_k64,text_pca256_lexical_w005
24858,61,minibatch_k64,text_pca256_lexical_w005
24859,50,minibatch_k64,text_pca256_lexical_w005
24860,8,minibatch_k64,text_pca256_lexical_w005
24861,23,minibatch_k64,text_pca256_lexical_w005
24862,0,minibatch_k64,text_pca256_lexical_w005
24863,45,minibatch_k64,text_pca256_lexical_w005
24864,8,minibatch_k64,text_pca256_lexical_w005
24865,15,minibatch_k64,text_pca256_lexical_w005
24866,62,minibatch_k64,text_pca256_lexical_w005
24867,21,minibatch_k64,text_pca256_lexical_w005
24868,23,minibatch_k64,text_pca256_lexical_w005
24869,21,minibatch_k64,text_pca256_lexical_w005
24870,21,minibatch_k64,text_pca256_lexical_w005
24871,8,minibatch_k64,text_pca256_lexical_w005
24872,23,minibatch_k64,text_pca256_lexical_w005
24873,4,minibatch_k64,text_pca256_lexical_w005
24874,23,minibatch_k64,text_pca256_lexical_w005
24875,21,minibatch_k64,text_pca256_lexical_w005
24876,8,minibatch_k64,text_pca256_lexical_w005
24877,0,minibatch_k64,text_pca256_lexical_w005
24878,14,minibatch_k64,text_pca256_lexical_w005
24879,0,minibatch_k64,text_pca256_lexical_w005
24880,56,minibatch_k64,text_pca256_lexical_w005
24881,45,minibatch_k64,text_pca256_lexical_w005
24882,18,minibatch_k64,text_pca256_lexical_w005
24883,0,minibatch_k64,text_pca256_lexical_w005
24884,14,minibatch_k64,text_pca256_lexical_w005
24885,45,minibatch_k64,text_pca256_lexical_w005
24886,45,minibatch_k64,text_pca256_lexical_w005
24887,8,minibatch_k64,text_pca256_lexical_w005
24888,23,minibatch_k64,text_pca256_lexical_w005
24889,21,minibatch_k64,text_pca256_lexical_w005
24890,62,minibatch_k64,text_pca256_lexical_w005
24891,56,minibatch_k64,text_pca256_lexical_w005
24892,5,minibatch_k64,text_pca256_lexical_w005
24893,21,minibatch_k64,text_pca256_lexical_w005
24894,0,minibatch_k64,text_pca256_lexical_w005
24895,62,minibatch_k64,text_pca256_lexical_w005
24896,45,minibatch_k64,text_pca256_lexical_w005
24897,21,minibatch_k64,text_pca256_lexical_w005
24898,48,minibatch_k64,text_pca256_lexical_w005
24899,0,minibatch_k64,text_pca256_lexical_w005
24900,38,minibatch_k64,text_pca256_lexical_w005
24901,45,minibatch_k64,text_pca256_lexical_w005
24902,45,minibatch_k64,text_pca256_lexical_w005
24903,45,minibatch_k64,text_pca256_lexical_w005
24904,58,minibatch_k64,text_pca256_lexical_w005
24905,23,minibatch_k64,text_pca256_lexical_w005
24906,55,minibatch_k64,text_pca256_lexical_w005
24907,22,minibatch_k64,text_pca256_lexical_w005
24908,62,minibatch_k64,text_pca256_lexical_w005
24909,0,minibatch_k64,text_pca256_lexical_w005
24910,56,minibatch_k64,text_pca256_lexical_w005
24911,45,minibatch_k64,text_pca256_lexical_w005
24912,39,minibatch_k64,text_pca256_lexical_w005
24913,2,minibatch_k64,text_pca256_lexical_w005
24914,21,minibatch_k64,text_pca256_lexical_w005
24915,8,minibatch_k64,text_pca256_lexical_w005
24916,8,minibatch_k64,text_pca256_lexical_w005
24917,15,minibatch_k64,text_pca256_lexical_w005
24918,62,minibatch_k64,text_pca256_lexical_w005
24919,0,minibatch_k64,text_pca256_lexical_w005
24920,8,minibatch_k64,text_pca256_lexical_w005
24921,5,minibatch_k64,text_pca256_lexical_w005
24922,8,minibatch_k64,text_pca256_lexical_w005
24923,8,minibatch_k64,text_pca256_lexical_w005
24924,15,minibatch_k64,text_pca256_lexical_w005
24925,25,minibatch_k64,text_pca256_lexical_w005
24926,21,minibatch_k64,text_pca256_lexical_w005
24927,23,minibatch_k64,text_pca256_lexical_w005
24928,8,minibatch_k64,text_pca256_lexical_w005
24929,0,minibatch_k64,text_pca256_lexical_w005
24930,42,minibatch_k64,text_pca256_lexical_w005
24931,15,minibatch_k64,text_pca256_lexical_w005
24932,15,minibatch_k64,text_pca256_lexical_w005
24933,33,minibatch_k64,text_pca256_lexical_w005
24934,39,minibatch_k64,text_pca256_lexical_w005
24935,21,minibatch_k64,text_pca256_lexical_w005
24936,62,minibatch_k64,text_pca256_lexical_w005
24937,23,minibatch_k64,text_pca256_lexical_w005
24938,48,minibatch_k64,text_pca256_lexical_w005
24939,10,minibatch_k64,text_pca256_lexical_w005
24940,8,minibatch_k64,text_pca256_lexical_w005
24941,33,minibatch_k64,text_pca256_lexical_w005
24942,10,minibatch_k64,text_pca256_lexical_w005
24943,8,minibatch_k64,text_pca256_lexical_w005
24944,0,minibatch_k64,text_pca256_lexical_w005
24945,0,minibatch_k64,text_pca256_lexical_w005
24946,15,minibatch_k64,text_pca256_lexical_w005
24947,0,minibatch_k64,text_pca256_lexical_w005
24948,4,minibatch_k64,text_pca256_lexical_w005
24949,39,minibatch_k64,text_pca256_lexical_w005
24950,4,minibatch_k64,text_pca256_lexical_w005
24951,8,minibatch_k64,text_pca256_lexical_w005
24952,42,minibatch_k64,text_pca256_lexical_w005
24953,15,minibatch_k64,text_pca256_lexical_w005
24954,8,minibatch_k64,text_pca256_lexical_w005
24955,8,minibatch_k64,text_pca256_lexical_w005
24956,33,minibatch_k64,text_pca256_lexical_w005
24957,33,minibatch_k64,text_pca256_lexical_w005
24958,8,minibatch_k64,text_pca256_lexical_w005
24959,15,minibatch_k64,text_pca256_lexical_w005
24960,39,minibatch_k64,text_pca256_lexical_w005
24961,8,minibatch_k64,text_pca256_lexical_w005
24962,8,minibatch_k64,text_pca256_lexical_w005
24963,59,minibatch_k64,text_pca256_lexical_w005
24964,8,minibatch_k64,text_pca256_lexical_w005
24965,62,minibatch_k64,text_pca256_lexical_w005
24966,15,minibatch_k64,text_pca256_lexical_w005
24967,0,minibatch_k64,text_pca256_lexical_w005
24968,10,minibatch_k64,text_pca256_lexical_w005
24969,10,minibatch_k64,text_pca256_lexical_w005
24970,8,minibatch_k64,text_pca256_lexical_w005
24971,8,minibatch_k64,text_pca256_lexical_w005
24972,8,minibatch_k64,text_pca256_lexical_w005
24973,0,minibatch_k64,text_pca256_lexical_w005
24974,21,minibatch_k64,text_pca256_lexical_w005
24975,42,minibatch_k64,text_pca256_lexical_w005
24976,62,minibatch_k64,text_pca256_lexical_w005
24977,21,minibatch_k64,text_pca256_lexical_w005
24978,62,minibatch_k64,text_pca256_lexical_w005
24979,45,minibatch_k64,text_pca256_lexical_w005
24980,58,minibatch_k64,text_pca256_lexical_w005
24981,21,minibatch_k64,text_pca256_lexical_w005
24982,59,minibatch_k64,text_pca256_lexical_w005
24983,5,minibatch_k64,text_pca256_lexical_w005
24984,8,minibatch_k64,text_pca256_lexical_w005
24985,0,minibatch_k64,text_pca256_lexical_w005
24986,8,minibatch_k64,text_pca256_lexical_w005
24987,46,minibatch_k64,text_pca256_lexical_w005
24988,0,minibatch_k64,text_pca256_lexical_w005
24989,45,minibatch_k64,text_pca256_lexical_w005
24990,33,minibatch_k64,text_pca256_lexical_w005
24991,8,minibatch_k64,text_pca256_lexical_w005
24992,0,minibatch_k64,text_pca256_lexical_w005
24993,45,minibatch_k64,text_pca256_lexical_w005
24994,2,minibatch_k64,text_pca256_lexical_w005
24995,62,minibatch_k64,text_pca256_lexical_w005
24996,5,minibatch_k64,text_pca256_lexical_w005
24997,5,minibatch_k64,text_pca256_lexical_w005
24998,42,minibatch_k64,text_pca256_lexical_w005
24999,62,minibatch_k64,text_pca256_lexical_w005
25000,5,minibatch_k64,text_pca256_lexical_w005
25001,0,minibatch_k64,text_pca256_lexical_w005
25002,62,minibatch_k64,text_pca256_lexical_w005
25003,23,minibatch_k64,text_pca256_lexical_w005
25004,62,minibatch_k64,text_pca256_lexical_w005
25005,5,minibatch_k64,text_pca256_lexical_w005
25006,23,minibatch_k64,text_pca256_lexical_w005
25007,23,minibatch_k64,text_pca256_lexical_w005
25008,4,minibatch_k64,text_pca256_lexical_w005
25009,42,minibatch_k64,text_pca256_lexical_w005
25010,23,minibatch_k64,text_pca256_lexical_w005
25011,23,minibatch_k64,text_pca256_lexical_w005
25012,23,minibatch_k64,text_pca256_lexical_w005
25013,62,minibatch_k64,text_pca256_lexical_w005
25014,0,minibatch_k64,text_pca256_lexical_w005
25015,21,minibatch_k64,text_pca256_lexical_w005
25016,23,minibatch_k64,text_pca256_lexical_w005
25017,15,minibatch_k64,text_pca256_lexical_w005
25018,23,minibatch_k64,text_pca256_lexical_w005
25019,5,minibatch_k64,text_pca256_lexical_w005
25020,4,minibatch_k64,text_pca256_lexical_w005
25021,0,minibatch_k64,text_pca256_lexical_w005
25022,5,minibatch_k64,text_pca256_lexical_w005
25023,0,minibatch_k64,text_pca256_lexical_w005
25024,62,minibatch_k64,text_pca256_lexical_w005
25025,62,minibatch_k64,text_pca256_lexical_w005
25026,0,minibatch_k64,text_pca256_lexical_w005
25027,33,minibatch_k64,text_pca256_lexical_w005
25028,62,minibatch_k64,text_pca256_lexical_w005
25029,0,minibatch_k64,text_pca256_lexical_w005
25030,29,minibatch_k64,text_pca256_lexical_w005
25031,0,minibatch_k64,text_pca256_lexical_w005
25032,0,minibatch_k64,text_pca256_lexical_w005
25033,21,minibatch_k64,text_pca256_lexical_w005
25034,23,minibatch_k64,text_pca256_lexical_w005
25035,5,minibatch_k64,text_pca256_lexical_w005
25036,5,minibatch_k64,text_pca256_lexical_w005
25037,5,minibatch_k64,text_pca256_lexical_w005
25038,38,minibatch_k64,text_pca256_lexical_w005
25039,54,minibatch_k64,text_pca256_lexical_w005
25040,62,minibatch_k64,text_pca256_lexical_w005
25041,33,minibatch_k64,text_pca256_lexical_w005
25042,2,minibatch_k64,text_pca256_lexical_w005
25043,23,minibatch_k64,text_pca256_lexical_w005
25044,14,minibatch_k64,text_pca256_lexical_w005
25045,15,minibatch_k64,text_pca256_lexical_w005
25046,39,minibatch_k64,text_pca256_lexical_w005
25047,38,minibatch_k64,text_pca256_lexical_w005
25048,15,minibatch_k64,text_pca256_lexical_w005
25049,23,minibatch_k64,text_pca256_lexical_w005
25050,54,minibatch_k64,text_pca256_lexical_w005
25051,15,minibatch_k64,text_pca256_lexical_w005
25052,45,minibatch_k64,text_pca256_lexical_w005
25053,39,minibatch_k64,text_pca256_lexical_w005
25054,0,minibatch_k64,text_pca256_lexical_w005
25055,0,minibatch_k64,text_pca256_lexical_w005
25056,8,minibatch_k64,text_pca256_lexical_w005
25057,15,minibatch_k64,text_pca256_lexical_w005
25058,15,minibatch_k64,text_pca256_lexical_w005
25059,50,minibatch_k64,text_pca256_lexical_w005
25060,15,minibatch_k64,text_pca256_lexical_w005
25061,21,minibatch_k64,text_pca256_lexical_w005
25062,8,minibatch_k64,text_pca256_lexical_w005
25063,45,minibatch_k64,text_pca256_lexical_w005
25064,15,minibatch_k64,text_pca256_lexical_w005
25065,50,minibatch_k64,text_pca256_lexical_w005
25066,42,minibatch_k64,text_pca256_lexical_w005
25067,21,minibatch_k64,text_pca256_lexical_w005
25068,50,minibatch_k64,text_pca256_lexical_w005
25069,50,minibatch_k64,text_pca256_lexical_w005
25070,23,minibatch_k64,text_pca256_lexical_w005
25071,61,minibatch_k64,text_pca256_lexical_w005
25072,8,minibatch_k64,text_pca256_lexical_w005
25073,61,minibatch_k64,text_pca256_lexical_w005
25074,40,minibatch_k64,text_pca256_lexical_w005
25075,40,minibatch_k64,text_pca256_lexical_w005
25076,16,minibatch_k64,text_pca256_lexical_w005
25077,0,minibatch_k64,text_pca256_lexical_w005
25078,39,minibatch_k64,text_pca256_lexical_w005
25079,62,minibatch_k64,text_pca256_lexical_w005
25080,5,minibatch_k64,text_pca256_lexical_w005
25081,21,minibatch_k64,text_pca256_lexical_w005
25082,23,minibatch_k64,text_pca256_lexical_w005
25083,39,minibatch_k64,text_pca256_lexical_w005
25084,42,minibatch_k64,text_pca256_lexical_w005
25085,21,minibatch_k64,text_pca256_lexical_w005
25086,0,minibatch_k64,text_pca256_lexical_w005
25087,62,minibatch_k64,text_pca256_lexical_w005
25088,53,minibatch_k64,text_pca256_lexical_w005
25089,45,minibatch_k64,text_pca256_lexical_w005
25090,38,minibatch_k64,text_pca256_lexical_w005
25091,55,minibatch_k64,text_pca256_lexical_w005
25092,13,minibatch_k64,text_pca256_lexical_w005
25093,39,minibatch_k64,text_pca256_lexical_w005
25094,39,minibatch_k64,text_pca256_lexical_w005
25095,42,minibatch_k64,text_pca256_lexical_w005
25096,62,minibatch_k64,text_pca256_lexical_w005
25097,40,minibatch_k64,text_pca256_lexical_w005
25098,38,minibatch_k64,text_pca256_lexical_w005
25099,45,minibatch_k64,text_pca256_lexical_w005
25100,55,minibatch_k64,text_pca256_lexical_w005
25101,63,minibatch_k64,text_pca256_lexical_w005
25102,40,minibatch_k64,text_pca256_lexical_w005
25103,39,minibatch_k64,text_pca256_lexical_w005
25104,39,minibatch_k64,text_pca256_lexical_w005
25105,20,minibatch_k64,text_pca256_lexical_w005
25106,16,minibatch_k64,text_pca256_lexical_w005
25107,12,minibatch_k64,text_pca256_lexical_w005
25108,8,minibatch_k64,text_pca256_lexical_w005
25109,39,minibatch_k64,text_pca256_lexical_w005
25110,62,minibatch_k64,text_pca256_lexical_w005
25111,0,minibatch_k64,text_pca256_lexical_w005
25112,55,minibatch_k64,text_pca256_lexical_w005
25113,22,minibatch_k64,text_pca256_lexical_w005
25114,33,minibatch_k64,text_pca256_lexical_w005
25115,56,minibatch_k64,text_pca256_lexical_w005
25116,39,minibatch_k64,text_pca256_lexical_w005
25117,38,minibatch_k64,text_pca256_lexical_w005
25118,0,minibatch_k64,text_pca256_lexical_w005
25119,55,minibatch_k64,text_pca256_lexical_w005
25120,8,minibatch_k64,text_pca256_lexical_w005
25121,8,minibatch_k64,text_pca256_lexical_w005
25122,8,minibatch_k64,text_pca256_lexical_w005
25123,38,minibatch_k64,text_pca256_lexical_w005
25124,32,minibatch_k64,text_pca256_lexical_w005
25125,45,minibatch_k64,text_pca256_lexical_w005
25126,55,minibatch_k64,text_pca256_lexical_w005
25127,62,minibatch_k64,text_pca256_lexical_w005
25128,23,minibatch_k64,text_pca256_lexical_w005
25129,62,minibatch_k64,text_pca256_lexical_w005
25130,62,minibatch_k64,text_pca256_lexical_w005
25131,0,minibatch_k64,text_pca256_lexical_w005
25132,47,minibatch_k64,text_pca256_lexical_w005
25133,0,minibatch_k64,text_pca256_lexical_w005
25134,62,minibatch_k64,text_pca256_lexical_w005
25135,15,minibatch_k64,text_pca256_lexical_w005
25136,8,minibatch_k64,text_pca256_lexical_w005
25137,15,minibatch_k64,text_pca256_lexical_w005
25138,0,minibatch_k64,text_pca256_lexical_w005
25139,8,minibatch_k64,text_pca256_lexical_w005
25140,0,minibatch_k64,text_pca256_lexical_w005
25141,18,minibatch_k64,text_pca256_lexical_w005
25142,0,minibatch_k64,text_pca256_lexical_w005
25143,45,minibatch_k64,text_pca256_lexical_w005
25144,18,minibatch_k64,text_pca256_lexical_w005
25145,38,minibatch_k64,text_pca256_lexical_w005
25146,45,minibatch_k64,text_pca256_lexical_w005
25147,55,minibatch_k64,text_pca256_lexical_w005
25148,62,minibatch_k64,text_pca256_lexical_w005
25149,12,minibatch_k64,text_pca256_lexical_w005
25150,62,minibatch_k64,text_pca256_lexical_w005
25151,53,minibatch_k64,text_pca256_lexical_w005
25152,45,minibatch_k64,text_pca256_lexical_w005
25153,20,minibatch_k64,text_pca256_lexical_w005
25154,33,minibatch_k64,text_pca256_lexical_w005
25155,10,minibatch_k64,text_pca256_lexical_w005
25156,42,minibatch_k64,text_pca256_lexical_w005
25157,45,minibatch_k64,text_pca256_lexical_w005
25158,62,minibatch_k64,text_pca256_lexical_w005
25159,59,minibatch_k64,text_pca256_lexical_w005
25160,45,minibatch_k64,text_pca256_lexical_w005
25161,62,minibatch_k64,text_pca256_lexical_w005
25162,0,minibatch_k64,text_pca256_lexical_w005
25163,62,minibatch_k64,text_pca256_lexical_w005
25164,27,minibatch_k64,text_pca256_lexical_w005
25165,62,minibatch_k64,text_pca256_lexical_w005
25166,39,minibatch_k64,text_pca256_lexical_w005
25167,38,minibatch_k64,text_pca256_lexical_w005
25168,32,minibatch_k64,text_pca256_lexical_w005
25169,0,minibatch_k64,text_pca256_lexical_w005
25170,55,minibatch_k64,text_pca256_lexical_w005
25171,45,minibatch_k64,text_pca256_lexical_w005
25172,0,minibatch_k64,text_pca256_lexical_w005
25173,45,minibatch_k64,text_pca256_lexical_w005
25174,38,minibatch_k64,text_pca256_lexical_w005
25175,32,minibatch_k64,text_pca256_lexical_w005
25176,45,minibatch_k64,text_pca256_lexical_w005
25177,55,minibatch_k64,text_pca256_lexical_w005
25178,50,minibatch_k64,text_pca256_lexical_w005
25179,18,minibatch_k64,text_pca256_lexical_w005
25180,10,minibatch_k64,text_pca256_lexical_w005
25181,59,minibatch_k64,text_pca256_lexical_w005
25182,62,minibatch_k64,text_pca256_lexical_w005
25183,45,minibatch_k64,text_pca256_lexical_w005
25184,59,minibatch_k64,text_pca256_lexical_w005
25185,45,minibatch_k64,text_pca256_lexical_w005
25186,0,minibatch_k64,text_pca256_lexical_w005
25187,33,minibatch_k64,text_pca256_lexical_w005
25188,62,minibatch_k64,text_pca256_lexical_w005
25189,10,minibatch_k64,text_pca256_lexical_w005
25190,18,minibatch_k64,text_pca256_lexical_w005
25191,18,minibatch_k64,text_pca256_lexical_w005
25192,10,minibatch_k64,text_pca256_lexical_w005
25193,8,minibatch_k64,text_pca256_lexical_w005
25194,0,minibatch_k64,text_pca256_lexical_w005
25195,8,minibatch_k64,text_pca256_lexical_w005
25196,6,minibatch_k64,text_pca256_lexical_w005
25197,6,minibatch_k64,text_pca256_lexical_w005
25198,6,minibatch_k64,text_pca256_lexical_w005
25199,10,minibatch_k64,text_pca256_lexical_w005
25200,6,minibatch_k64,text_pca256_lexical_w005
25201,10,minibatch_k64,text_pca256_lexical_w005
25202,10,minibatch_k64,text_pca256_lexical_w005
25203,45,minibatch_k64,text_pca256_lexical_w005
25204,33,minibatch_k64,text_pca256_lexical_w005
25205,42,minibatch_k64,text_pca256_lexical_w005
25206,0,minibatch_k64,text_pca256_lexical_w005
25207,0,minibatch_k64,text_pca256_lexical_w005
25208,0,minibatch_k64,text_pca256_lexical_w005
25209,62,minibatch_k64,text_pca256_lexical_w005
25210,42,minibatch_k64,text_pca256_lexical_w005
25211,21,minibatch_k64,text_pca256_lexical_w005
25212,2,minibatch_k64,text_pca256_lexical_w005
25213,0,minibatch_k64,text_pca256_lexical_w005
25214,45,minibatch_k64,text_pca256_lexical_w005
25215,33,minibatch_k64,text_pca256_lexical_w005
25216,15,minibatch_k64,text_pca256_lexical_w005
25217,50,minibatch_k64,text_pca256_lexical_w005
25218,0,minibatch_k64,text_pca256_lexical_w005
25219,21,minibatch_k64,text_pca256_lexical_w005
25220,33,minibatch_k64,text_pca256_lexical_w005
25221,33,minibatch_k64,text_pca256_lexical_w005
25222,50,minibatch_k64,text_pca256_lexical_w005
25223,62,minibatch_k64,text_pca256_lexical_w005
25224,62,minibatch_k64,text_pca256_lexical_w005
25225,0,minibatch_k64,text_pca256_lexical_w005
25226,0,minibatch_k64,text_pca256_lexical_w005
25227,15,minibatch_k64,text_pca256_lexical_w005
25228,8,minibatch_k64,text_pca256_lexical_w005
25229,21,minibatch_k64,text_pca256_lexical_w005
25230,0,minibatch_k64,text_pca256_lexical_w005
25231,62,minibatch_k64,text_pca256_lexical_w005
25232,0,minibatch_k64,text_pca256_lexical_w005
25233,10,minibatch_k64,text_pca256_lexical_w005
25234,2,minibatch_k64,text_pca256_lexical_w005
25235,2,minibatch_k64,text_pca256_lexical_w005
25236,8,minibatch_k64,text_pca256_lexical_w005
25237,33,minibatch_k64,text_pca256_lexical_w005
25238,62,minibatch_k64,text_pca256_lexical_w005
25239,21,minibatch_k64,text_pca256_lexical_w005
25240,10,minibatch_k64,text_pca256_lexical_w005
25241,33,minibatch_k64,text_pca256_lexical_w005
25242,15,minibatch_k64,text_pca256_lexical_w005
25243,21,minibatch_k64,text_pca256_lexical_w005
25244,21,minibatch_k64,text_pca256_lexical_w005
25245,33,minibatch_k64,text_pca256_lexical_w005
25246,33,minibatch_k64,text_pca256_lexical_w005
25247,23,minibatch_k64,text_pca256_lexical_w005
25248,15,minibatch_k64,text_pca256_lexical_w005
25249,33,minibatch_k64,text_pca256_lexical_w005
25250,50,minibatch_k64,text_pca256_lexical_w005
25251,21,minibatch_k64,text_pca256_lexical_w005
25252,2,minibatch_k64,text_pca256_lexical_w005
25253,8,minibatch_k64,text_pca256_lexical_w005
25254,33,minibatch_k64,text_pca256_lexical_w005
25255,15,minibatch_k64,text_pca256_lexical_w005
25256,2,minibatch_k64,text_pca256_lexical_w005
25257,50,minibatch_k64,text_pca256_lexical_w005
25258,2,minibatch_k64,text_pca256_lexical_w005
25259,15,minibatch_k64,text_pca256_lexical_w005
25260,33,minibatch_k64,text_pca256_lexical_w005
25261,0,minibatch_k64,text_pca256_lexical_w005
25262,0,minibatch_k64,text_pca256_lexical_w005
25263,8,minibatch_k64,text_pca256_lexical_w005
25264,2,minibatch_k64,text_pca256_lexical_w005
25265,33,minibatch_k64,text_pca256_lexical_w005
25266,33,minibatch_k64,text_pca256_lexical_w005
25267,33,minibatch_k64,text_pca256_lexical_w005
25268,23,minibatch_k64,text_pca256_lexical_w005
25269,33,minibatch_k64,text_pca256_lexical_w005
25270,2,minibatch_k64,text_pca256_lexical_w005
25271,21,minibatch_k64,text_pca256_lexical_w005
25272,21,minibatch_k64,text_pca256_lexical_w005
25273,10,minibatch_k64,text_pca256_lexical_w005
25274,33,minibatch_k64,text_pca256_lexical_w005
25275,0,minibatch_k64,text_pca256_lexical_w005
25276,0,minibatch_k64,text_pca256_lexical_w005
25277,62,minibatch_k64,text_pca256_lexical_w005
25278,33,minibatch_k64,text_pca256_lexical_w005
25279,50,minibatch_k64,text_pca256_lexical_w005
25280,33,minibatch_k64,text_pca256_lexical_w005
25281,10,minibatch_k64,text_pca256_lexical_w005
25282,10,minibatch_k64,text_pca256_lexical_w005
25283,10,minibatch_k64,text_pca256_lexical_w005
25284,21,minibatch_k64,text_pca256_lexical_w005
25285,8,minibatch_k64,text_pca256_lexical_w005
25286,21,minibatch_k64,text_pca256_lexical_w005
25287,0,minibatch_k64,text_pca256_lexical_w005
25288,21,minibatch_k64,text_pca256_lexical_w005
25289,8,minibatch_k64,text_pca256_lexical_w005
25290,0,minibatch_k64,text_pca256_lexical_w005
25291,45,minibatch_k64,text_pca256_lexical_w005
25292,2,minibatch_k64,text_pca256_lexical_w005
25293,50,minibatch_k64,text_pca256_lexical_w005
25294,21,minibatch_k64,text_pca256_lexical_w005
25295,21,minibatch_k64,text_pca256_lexical_w005
25296,10,minibatch_k64,text_pca256_lexical_w005
25297,21,minibatch_k64,text_pca256_lexical_w005
25298,50,minibatch_k64,text_pca256_lexical_w005
25299,50,minibatch_k64,text_pca256_lexical_w005
25300,62,minibatch_k64,text_pca256_lexical_w005
25301,21,minibatch_k64,text_pca256_lexical_w005
25302,10,minibatch_k64,text_pca256_lexical_w005
25303,8,minibatch_k64,text_pca256_lexical_w005
25304,33,minibatch_k64,text_pca256_lexical_w005
25305,0,minibatch_k64,text_pca256_lexical_w005
25306,33,minibatch_k64,text_pca256_lexical_w005
25307,33,minibatch_k64,text_pca256_lexical_w005
25308,0,minibatch_k64,text_pca256_lexical_w005
25309,4,minibatch_k64,text_pca256_lexical_w005
25310,15,minibatch_k64,text_pca256_lexical_w005
25311,21,minibatch_k64,text_pca256_lexical_w005
25312,23,minibatch_k64,text_pca256_lexical_w005
25313,33,minibatch_k64,text_pca256_lexical_w005
25314,33,minibatch_k64,text_pca256_lexical_w005
25315,0,minibatch_k64,text_pca256_lexical_w005
25316,8,minibatch_k64,text_pca256_lexical_w005
25317,42,minibatch_k64,text_pca256_lexical_w005
25318,50,minibatch_k64,text_pca256_lexical_w005
25319,8,minibatch_k64,text_pca256_lexical_w005
25320,21,minibatch_k64,text_pca256_lexical_w005
25321,23,minibatch_k64,text_pca256_lexical_w005
25322,21,minibatch_k64,text_pca256_lexical_w005
25323,62,minibatch_k64,text_pca256_lexical_w005
25324,50,minibatch_k64,text_pca256_lexical_w005
25325,8,minibatch_k64,text_pca256_lexical_w005
25326,0,minibatch_k64,text_pca256_lexical_w005
25327,21,minibatch_k64,text_pca256_lexical_w005
25328,0,minibatch_k64,text_pca256_lexical_w005
25329,0,minibatch_k64,text_pca256_lexical_w005
25330,10,minibatch_k64,text_pca256_lexical_w005
25331,23,minibatch_k64,text_pca256_lexical_w005
25332,21,minibatch_k64,text_pca256_lexical_w005
25333,0,minibatch_k64,text_pca256_lexical_w005
25334,0,minibatch_k64,text_pca256_lexical_w005
25335,2,minibatch_k64,text_pca256_lexical_w005
25336,21,minibatch_k64,text_pca256_lexical_w005
25337,62,minibatch_k64,text_pca256_lexical_w005
25338,21,minibatch_k64,text_pca256_lexical_w005
25339,0,minibatch_k64,text_pca256_lexical_w005
25340,0,minibatch_k64,text_pca256_lexical_w005
25341,33,minibatch_k64,text_pca256_lexical_w005
25342,45,minibatch_k64,text_pca256_lexical_w005
25343,0,minibatch_k64,text_pca256_lexical_w005
25344,53,minibatch_k64,text_pca256_lexical_w005
25345,8,minibatch_k64,text_pca256_lexical_w005
25346,21,minibatch_k64,text_pca256_lexical_w005
25347,33,minibatch_k64,text_pca256_lexical_w005
25348,62,minibatch_k64,text_pca256_lexical_w005
25349,0,minibatch_k64,text_pca256_lexical_w005
25350,21,minibatch_k64,text_pca256_lexical_w005
25351,0,minibatch_k64,text_pca256_lexical_w005
25352,21,minibatch_k64,text_pca256_lexical_w005
25353,0,minibatch_k64,text_pca256_lexical_w005
25354,21,minibatch_k64,text_pca256_lexical_w005
25355,21,minibatch_k64,text_pca256_lexical_w005
25356,23,minibatch_k64,text_pca256_lexical_w005
25357,50,minibatch_k64,text_pca256_lexical_w005
25358,33,minibatch_k64,text_pca256_lexical_w005
25359,62,minibatch_k64,text_pca256_lexical_w005
25360,21,minibatch_k64,text_pca256_lexical_w005
25361,33,minibatch_k64,text_pca256_lexical_w005
25362,0,minibatch_k64,text_pca256_lexical_w005
25363,33,minibatch_k64,text_pca256_lexical_w005
25364,0,minibatch_k64,text_pca256_lexical_w005
25365,21,minibatch_k64,text_pca256_lexical_w005
25366,21,minibatch_k64,text_pca256_lexical_w005
25367,0,minibatch_k64,text_pca256_lexical_w005
25368,50,minibatch_k64,text_pca256_lexical_w005
25369,42,minibatch_k64,text_pca256_lexical_w005
25370,2,minibatch_k64,text_pca256_lexical_w005
25371,21,minibatch_k64,text_pca256_lexical_w005
25372,21,minibatch_k64,text_pca256_lexical_w005
25373,21,minibatch_k64,text_pca256_lexical_w005
25374,42,minibatch_k64,text_pca256_lexical_w005
25375,21,minibatch_k64,text_pca256_lexical_w005
25376,0,minibatch_k64,text_pca256_lexical_w005
25377,0,minibatch_k64,text_pca256_lexical_w005
25378,21,minibatch_k64,text_pca256_lexical_w005
25379,2,minibatch_k64,text_pca256_lexical_w005
25380,21,minibatch_k64,text_pca256_lexical_w005
25381,50,minibatch_k64,text_pca256_lexical_w005
25382,33,minibatch_k64,text_pca256_lexical_w005
25383,2,minibatch_k64,text_pca256_lexical_w005
25384,0,minibatch_k64,text_pca256_lexical_w005
25385,33,minibatch_k64,text_pca256_lexical_w005
25386,21,minibatch_k64,text_pca256_lexical_w005
25387,0,minibatch_k64,text_pca256_lexical_w005
25388,33,minibatch_k64,text_pca256_lexical_w005
25389,33,minibatch_k64,text_pca256_lexical_w005
25390,10,minibatch_k64,text_pca256_lexical_w005
25391,2,minibatch_k64,text_pca256_lexical_w005
25392,33,minibatch_k64,text_pca256_lexical_w005
25393,15,minibatch_k64,text_pca256_lexical_w005
25394,0,minibatch_k64,text_pca256_lexical_w005
25395,4,minibatch_k64,text_pca256_lexical_w005
25396,50,minibatch_k64,text_pca256_lexical_w005
25397,33,minibatch_k64,text_pca256_lexical_w005
25398,10,minibatch_k64,text_pca256_lexical_w005
25399,21,minibatch_k64,text_pca256_lexical_w005
25400,62,minibatch_k64,text_pca256_lexical_w005
25401,0,minibatch_k64,text_pca256_lexical_w005
25402,21,minibatch_k64,text_pca256_lexical_w005
25403,2,minibatch_k64,text_pca256_lexical_w005
25404,33,minibatch_k64,text_pca256_lexical_w005
25405,33,minibatch_k64,text_pca256_lexical_w005
25406,15,minibatch_k64,text_pca256_lexical_w005
25407,62,minibatch_k64,text_pca256_lexical_w005
25408,33,minibatch_k64,text_pca256_lexical_w005
25409,33,minibatch_k64,text_pca256_lexical_w005
25410,33,minibatch_k64,text_pca256_lexical_w005
25411,10,minibatch_k64,text_pca256_lexical_w005
25412,15,minibatch_k64,text_pca256_lexical_w005
25413,33,minibatch_k64,text_pca256_lexical_w005
25414,33,minibatch_k64,text_pca256_lexical_w005
25415,50,minibatch_k64,text_pca256_lexical_w005
25416,10,minibatch_k64,text_pca256_lexical_w005
25417,33,minibatch_k64,text_pca256_lexical_w005
25418,33,minibatch_k64,text_pca256_lexical_w005
25419,50,minibatch_k64,text_pca256_lexical_w005
25420,0,minibatch_k64,text_pca256_lexical_w005
25421,62,minibatch_k64,text_pca256_lexical_w005
25422,21,minibatch_k64,text_pca256_lexical_w005
25423,33,minibatch_k64,text_pca256_lexical_w005
25424,33,minibatch_k64,text_pca256_lexical_w005
25425,15,minibatch_k64,text_pca256_lexical_w005
25426,0,minibatch_k64,text_pca256_lexical_w005
25427,50,minibatch_k64,text_pca256_lexical_w005
25428,21,minibatch_k64,text_pca256_lexical_w005
25429,45,minibatch_k64,text_pca256_lexical_w005
25430,62,minibatch_k64,text_pca256_lexical_w005
25431,42,minibatch_k64,text_pca256_lexical_w005
25432,42,minibatch_k64,text_pca256_lexical_w005
25433,42,minibatch_k64,text_pca256_lexical_w005
25434,42,minibatch_k64,text_pca256_lexical_w005
25435,0,minibatch_k64,text_pca256_lexical_w005
25436,8,minibatch_k64,text_pca256_lexical_w005
25437,59,minibatch_k64,text_pca256_lexical_w005
25438,46,minibatch_k64,text_pca256_lexical_w005
25439,5,minibatch_k64,text_pca256_lexical_w005
25440,21,minibatch_k64,text_pca256_lexical_w005
25441,8,minibatch_k64,text_pca256_lexical_w005
25442,5,minibatch_k64,text_pca256_lexical_w005
25443,59,minibatch_k64,text_pca256_lexical_w005
25444,8,minibatch_k64,text_pca256_lexical_w005
25445,59,minibatch_k64,text_pca256_lexical_w005
25446,15,minibatch_k64,text_pca256_lexical_w005
25447,5,minibatch_k64,text_pca256_lexical_w005
25448,45,minibatch_k64,text_pca256_lexical_w005
25449,45,minibatch_k64,text_pca256_lexical_w005
25450,8,minibatch_k64,text_pca256_lexical_w005
25451,21,minibatch_k64,text_pca256_lexical_w005
25452,4,minibatch_k64,text_pca256_lexical_w005
25453,39,minibatch_k64,text_pca256_lexical_w005
25454,0,minibatch_k64,text_pca256_lexical_w005
25455,62,minibatch_k64,text_pca256_lexical_w005
25456,62,minibatch_k64,text_pca256_lexical_w005
25457,5,minibatch_k64,text_pca256_lexical_w005
25458,62,minibatch_k64,text_pca256_lexical_w005
25459,50,minibatch_k64,text_pca256_lexical_w005
25460,50,minibatch_k64,text_pca256_lexical_w005
25461,62,minibatch_k64,text_pca256_lexical_w005
25462,0,minibatch_k64,text_pca256_lexical_w005
25463,8,minibatch_k64,text_pca256_lexical_w005
25464,47,minibatch_k64,text_pca256_lexical_w005
25465,62,minibatch_k64,text_pca256_lexical_w005
25466,8,minibatch_k64,text_pca256_lexical_w005
25467,23,minibatch_k64,text_pca256_lexical_w005
25468,0,minibatch_k64,text_pca256_lexical_w005
25469,21,minibatch_k64,text_pca256_lexical_w005
25470,21,minibatch_k64,text_pca256_lexical_w005
25471,0,minibatch_k64,text_pca256_lexical_w005
25472,0,minibatch_k64,text_pca256_lexical_w005
25473,0,minibatch_k64,text_pca256_lexical_w005
25474,21,minibatch_k64,text_pca256_lexical_w005
25475,62,minibatch_k64,text_pca256_lexical_w005
25476,0,minibatch_k64,text_pca256_lexical_w005
25477,21,minibatch_k64,text_pca256_lexical_w005
25478,5,minibatch_k64,text_pca256_lexical_w005
25479,5,minibatch_k64,text_pca256_lexical_w005
25480,46,minibatch_k64,text_pca256_lexical_w005
25481,5,minibatch_k64,text_pca256_lexical_w005
25482,5,minibatch_k64,text_pca256_lexical_w005
25483,5,minibatch_k64,text_pca256_lexical_w005
25484,5,minibatch_k64,text_pca256_lexical_w005
25485,5,minibatch_k64,text_pca256_lexical_w005
25486,45,minibatch_k64,text_pca256_lexical_w005
25487,21,minibatch_k64,text_pca256_lexical_w005
25488,8,minibatch_k64,text_pca256_lexical_w005
25489,5,minibatch_k64,text_pca256_lexical_w005
25490,0,minibatch_k64,text_pca256_lexical_w005
25491,4,minibatch_k64,text_pca256_lexical_w005
25492,5,minibatch_k64,text_pca256_lexical_w005
25493,0,minibatch_k64,text_pca256_lexical_w005
25494,0,minibatch_k64,text_pca256_lexical_w005
25495,8,minibatch_k64,text_pca256_lexical_w005
25496,62,minibatch_k64,text_pca256_lexical_w005
25497,33,minibatch_k64,text_pca256_lexical_w005
25498,0,minibatch_k64,text_pca256_lexical_w005
25499,0,minibatch_k64,text_pca256_lexical_w005
25500,0,minibatch_k64,text_pca256_lexical_w005
25501,14,minibatch_k64,text_pca256_lexical_w005
25502,50,minibatch_k64,text_pca256_lexical_w005
25503,47,minibatch_k64,text_pca256_lexical_w005
25504,0,minibatch_k64,text_pca256_lexical_w005
25505,14,minibatch_k64,text_pca256_lexical_w005
25506,59,minibatch_k64,text_pca256_lexical_w005
25507,33,minibatch_k64,text_pca256_lexical_w005
25508,62,minibatch_k64,text_pca256_lexical_w005
25509,62,minibatch_k64,text_pca256_lexical_w005
25510,62,minibatch_k64,text_pca256_lexical_w005
25511,56,minibatch_k64,text_pca256_lexical_w005
25512,42,minibatch_k64,text_pca256_lexical_w005
25513,23,minibatch_k64,text_pca256_lexical_w005
25514,21,minibatch_k64,text_pca256_lexical_w005
25515,5,minibatch_k64,text_pca256_lexical_w005
25516,5,minibatch_k64,text_pca256_lexical_w005
25517,5,minibatch_k64,text_pca256_lexical_w005
25518,62,minibatch_k64,text_pca256_lexical_w005
25519,5,minibatch_k64,text_pca256_lexical_w005
25520,62,minibatch_k64,text_pca256_lexical_w005
25521,8,minibatch_k64,text_pca256_lexical_w005
25522,21,minibatch_k64,text_pca256_lexical_w005
25523,47,minibatch_k64,text_pca256_lexical_w005
25524,0,minibatch_k64,text_pca256_lexical_w005
25525,8,minibatch_k64,text_pca256_lexical_w005
25526,56,minibatch_k64,text_pca256_lexical_w005
25527,56,minibatch_k64,text_pca256_lexical_w005
25528,0,minibatch_k64,text_pca256_lexical_w005
25529,0,minibatch_k64,text_pca256_lexical_w005
25530,45,minibatch_k64,text_pca256_lexical_w005
25531,38,minibatch_k64,text_pca256_lexical_w005
25532,15,minibatch_k64,text_pca256_lexical_w005
25533,23,minibatch_k64,text_pca256_lexical_w005
25534,45,minibatch_k64,text_pca256_lexical_w005
25535,8,minibatch_k64,text_pca256_lexical_w005
25536,21,minibatch_k64,text_pca256_lexical_w005
25537,58,minibatch_k64,text_pca256_lexical_w005
25538,55,minibatch_k64,text_pca256_lexical_w005
25539,25,minibatch_k64,text_pca256_lexical_w005
25540,15,minibatch_k64,text_pca256_lexical_w005
25541,23,minibatch_k64,text_pca256_lexical_w005
25542,62,minibatch_k64,text_pca256_lexical_w005
25543,4,minibatch_k64,text_pca256_lexical_w005
25544,45,minibatch_k64,text_pca256_lexical_w005
25545,4,minibatch_k64,text_pca256_lexical_w005
25546,15,minibatch_k64,text_pca256_lexical_w005
25547,62,minibatch_k64,text_pca256_lexical_w005
25548,45,minibatch_k64,text_pca256_lexical_w005
25549,45,minibatch_k64,text_pca256_lexical_w005
25550,59,minibatch_k64,text_pca256_lexical_w005
25551,50,minibatch_k64,text_pca256_lexical_w005
25552,8,minibatch_k64,text_pca256_lexical_w005
25553,23,minibatch_k64,text_pca256_lexical_w005
25554,23,minibatch_k64,text_pca256_lexical_w005
25555,42,minibatch_k64,text_pca256_lexical_w005
25556,59,minibatch_k64,text_pca256_lexical_w005
25557,56,minibatch_k64,text_pca256_lexical_w005
25558,10,minibatch_k64,text_pca256_lexical_w005
25559,42,minibatch_k64,text_pca256_lexical_w005
25560,33,minibatch_k64,text_pca256_lexical_w005
25561,62,minibatch_k64,text_pca256_lexical_w005
25562,15,minibatch_k64,text_pca256_lexical_w005
25563,62,minibatch_k64,text_pca256_lexical_w005
25564,8,minibatch_k64,text_pca256_lexical_w005
25565,62,minibatch_k64,text_pca256_lexical_w005
25566,42,minibatch_k64,text_pca256_lexical_w005
25567,42,minibatch_k64,text_pca256_lexical_w005
25568,42,minibatch_k64,text_pca256_lexical_w005
25569,42,minibatch_k64,text_pca256_lexical_w005
25570,14,minibatch_k64,text_pca256_lexical_w005
25571,62,minibatch_k64,text_pca256_lexical_w005
25572,14,minibatch_k64,text_pca256_lexical_w005
25573,18,minibatch_k64,text_pca256_lexical_w005
25574,42,minibatch_k64,text_pca256_lexical_w005
25575,14,minibatch_k64,text_pca256_lexical_w005
25576,5,minibatch_k64,text_pca256_lexical_w005
25577,59,minibatch_k64,text_pca256_lexical_w005
25578,0,minibatch_k64,text_pca256_lexical_w005
25579,0,minibatch_k64,text_pca256_lexical_w005
25580,0,minibatch_k64,text_pca256_lexical_w005
25581,0,minibatch_k64,text_pca256_lexical_w005
25582,42,minibatch_k64,text_pca256_lexical_w005
25583,42,minibatch_k64,text_pca256_lexical_w005
25584,5,minibatch_k64,text_pca256_lexical_w005
25585,33,minibatch_k64,text_pca256_lexical_w005
25586,33,minibatch_k64,text_pca256_lexical_w005
25587,62,minibatch_k64,text_pca256_lexical_w005
25588,5,minibatch_k64,text_pca256_lexical_w005
25589,5,minibatch_k64,text_pca256_lexical_w005
25590,62,minibatch_k64,text_pca256_lexical_w005
25591,62,minibatch_k64,text_pca256_lexical_w005
25592,46,minibatch_k64,text_pca256_lexical_w005
25593,5,minibatch_k64,text_pca256_lexical_w005
25594,62,minibatch_k64,text_pca256_lexical_w005
25595,62,minibatch_k64,text_pca256_lexical_w005
25596,8,minibatch_k64,text_pca256_lexical_w005
25597,8,minibatch_k64,text_pca256_lexical_w005
25598,38,minibatch_k64,text_pca256_lexical_w005
25599,62,minibatch_k64,text_pca256_lexical_w005
25600,58,minibatch_k64,text_pca256_lexical_w005
25601,45,minibatch_k64,text_pca256_lexical_w005
25602,45,minibatch_k64,text_pca256_lexical_w005
25603,55,minibatch_k64,text_pca256_lexical_w005
25604,25,minibatch_k64,text_pca256_lexical_w005
25605,45,minibatch_k64,text_pca256_lexical_w005
25606,59,minibatch_k64,text_pca256_lexical_w005
25607,4,minibatch_k64,text_pca256_lexical_w005
25608,8,minibatch_k64,text_pca256_lexical_w005
25609,15,minibatch_k64,text_pca256_lexical_w005
25610,0,minibatch_k64,text_pca256_lexical_w005
25611,23,minibatch_k64,text_pca256_lexical_w005
25612,42,minibatch_k64,text_pca256_lexical_w005
25613,42,minibatch_k64,text_pca256_lexical_w005
25614,8,minibatch_k64,text_pca256_lexical_w005
25615,42,minibatch_k64,text_pca256_lexical_w005
25616,62,minibatch_k64,text_pca256_lexical_w005
25617,8,minibatch_k64,text_pca256_lexical_w005
25618,23,minibatch_k64,text_pca256_lexical_w005
25619,62,minibatch_k64,text_pca256_lexical_w005
25620,45,minibatch_k64,text_pca256_lexical_w005
25621,0,minibatch_k64,text_pca256_lexical_w005
25622,5,minibatch_k64,text_pca256_lexical_w005
25623,33,minibatch_k64,text_pca256_lexical_w005
25624,42,minibatch_k64,text_pca256_lexical_w005
25625,42,minibatch_k64,text_pca256_lexical_w005
25626,5,minibatch_k64,text_pca256_lexical_w005
25627,5,minibatch_k64,text_pca256_lexical_w005
25628,5,minibatch_k64,text_pca256_lexical_w005
25629,5,minibatch_k64,text_pca256_lexical_w005
25630,5,minibatch_k64,text_pca256_lexical_w005
25631,5,minibatch_k64,text_pca256_lexical_w005
25632,5,minibatch_k64,text_pca256_lexical_w005
25633,5,minibatch_k64,text_pca256_lexical_w005
25634,5,minibatch_k64,text_pca256_lexical_w005
25635,46,minibatch_k64,text_pca256_lexical_w005
25636,46,minibatch_k64,text_pca256_lexical_w005
25637,5,minibatch_k64,text_pca256_lexical_w005
25638,5,minibatch_k64,text_pca256_lexical_w005
25639,62,minibatch_k64,text_pca256_lexical_w005
25640,39,minibatch_k64,text_pca256_lexical_w005
25641,5,minibatch_k64,text_pca256_lexical_w005
25642,15,minibatch_k64,text_pca256_lexical_w005
25643,8,minibatch_k64,text_pca256_lexical_w005
25644,42,minibatch_k64,text_pca256_lexical_w005
25645,0,minibatch_k64,text_pca256_lexical_w005
25646,0,minibatch_k64,text_pca256_lexical_w005
25647,0,minibatch_k64,text_pca256_lexical_w005
25648,23,minibatch_k64,text_pca256_lexical_w005
25649,21,minibatch_k64,text_pca256_lexical_w005
25650,0,minibatch_k64,text_pca256_lexical_w005
25651,0,minibatch_k64,text_pca256_lexical_w005
25652,42,minibatch_k64,text_pca256_lexical_w005
25653,0,minibatch_k64,text_pca256_lexical_w005
25654,21,minibatch_k64,text_pca256_lexical_w005
25655,59,minibatch_k64,text_pca256_lexical_w005
25656,59,minibatch_k64,text_pca256_lexical_w005
25657,8,minibatch_k64,text_pca256_lexical_w005
25658,0,minibatch_k64,text_pca256_lexical_w005
25659,8,minibatch_k64,text_pca256_lexical_w005
25660,62,minibatch_k64,text_pca256_lexical_w005
25661,0,minibatch_k64,text_pca256_lexical_w005
25662,0,minibatch_k64,text_pca256_lexical_w005
25663,62,minibatch_k64,text_pca256_lexical_w005
25664,62,minibatch_k64,text_pca256_lexical_w005
25665,23,minibatch_k64,text_pca256_lexical_w005
25666,0,minibatch_k64,text_pca256_lexical_w005
25667,0,minibatch_k64,text_pca256_lexical_w005
25668,23,minibatch_k64,text_pca256_lexical_w005
25669,45,minibatch_k64,text_pca256_lexical_w005
25670,10,minibatch_k64,text_pca256_lexical_w005
25671,0,minibatch_k64,text_pca256_lexical_w005
25672,26,minibatch_k64,text_pca256_lexical_w005
25673,5,minibatch_k64,text_pca256_lexical_w005
25674,5,minibatch_k64,text_pca256_lexical_w005
25675,5,minibatch_k64,text_pca256_lexical_w005
25676,5,minibatch_k64,text_pca256_lexical_w005
25677,5,minibatch_k64,text_pca256_lexical_w005
25678,5,minibatch_k64,text_pca256_lexical_w005
25679,62,minibatch_k64,text_pca256_lexical_w005
25680,5,minibatch_k64,text_pca256_lexical_w005
25681,5,minibatch_k64,text_pca256_lexical_w005
25682,5,minibatch_k64,text_pca256_lexical_w005
25683,5,minibatch_k64,text_pca256_lexical_w005
25684,46,minibatch_k64,text_pca256_lexical_w005
25685,5,minibatch_k64,text_pca256_lexical_w005
25686,33,minibatch_k64,text_pca256_lexical_w005
25687,62,minibatch_k64,text_pca256_lexical_w005
25688,0,minibatch_k64,text_pca256_lexical_w005
25689,62,minibatch_k64,text_pca256_lexical_w005
25690,23,minibatch_k64,text_pca256_lexical_w005
25691,23,minibatch_k64,text_pca256_lexical_w005
25692,33,minibatch_k64,text_pca256_lexical_w005
25693,39,minibatch_k64,text_pca256_lexical_w005
25694,62,minibatch_k64,text_pca256_lexical_w005
25695,62,minibatch_k64,text_pca256_lexical_w005
25696,14,minibatch_k64,text_pca256_lexical_w005
25697,0,minibatch_k64,text_pca256_lexical_w005
25698,15,minibatch_k64,text_pca256_lexical_w005
25699,15,minibatch_k64,text_pca256_lexical_w005
25700,62,minibatch_k64,text_pca256_lexical_w005
25701,8,minibatch_k64,text_pca256_lexical_w005
25702,0,minibatch_k64,text_pca256_lexical_w005
25703,18,minibatch_k64,text_pca256_lexical_w005
25704,0,minibatch_k64,text_pca256_lexical_w005
25705,8,minibatch_k64,text_pca256_lexical_w005
25706,8,minibatch_k64,text_pca256_lexical_w005
25707,58,minibatch_k64,text_pca256_lexical_w005
25708,2,minibatch_k64,text_pca256_lexical_w005
25709,8,minibatch_k64,text_pca256_lexical_w005
25710,38,minibatch_k64,text_pca256_lexical_w005
25711,2,minibatch_k64,text_pca256_lexical_w005
25712,45,minibatch_k64,text_pca256_lexical_w005
25713,10,minibatch_k64,text_pca256_lexical_w005
25714,55,minibatch_k64,text_pca256_lexical_w005
25715,39,minibatch_k64,text_pca256_lexical_w005
25716,23,minibatch_k64,text_pca256_lexical_w005
25717,54,minibatch_k64,text_pca256_lexical_w005
25718,15,minibatch_k64,text_pca256_lexical_w005
25719,4,minibatch_k64,text_pca256_lexical_w005
25720,0,minibatch_k64,text_pca256_lexical_w005
25721,5,minibatch_k64,text_pca256_lexical_w005
25722,45,minibatch_k64,text_pca256_lexical_w005
25723,5,minibatch_k64,text_pca256_lexical_w005
25724,5,minibatch_k64,text_pca256_lexical_w005
25725,5,minibatch_k64,text_pca256_lexical_w005
25726,62,minibatch_k64,text_pca256_lexical_w005
25727,5,minibatch_k64,text_pca256_lexical_w005
25728,5,minibatch_k64,text_pca256_lexical_w005
25729,5,minibatch_k64,text_pca256_lexical_w005
25730,62,minibatch_k64,text_pca256_lexical_w005
25731,62,minibatch_k64,text_pca256_lexical_w005
25732,23,minibatch_k64,text_pca256_lexical_w005
25733,42,minibatch_k64,text_pca256_lexical_w005
25734,5,minibatch_k64,text_pca256_lexical_w005
25735,59,minibatch_k64,text_pca256_lexical_w005
25736,62,minibatch_k64,text_pca256_lexical_w005
25737,15,minibatch_k64,text_pca256_lexical_w005
25738,59,minibatch_k64,text_pca256_lexical_w005
25739,8,minibatch_k64,text_pca256_lexical_w005
25740,5,minibatch_k64,text_pca256_lexical_w005
25741,62,minibatch_k64,text_pca256_lexical_w005
25742,5,minibatch_k64,text_pca256_lexical_w005
25743,59,minibatch_k64,text_pca256_lexical_w005
25744,50,minibatch_k64,text_pca256_lexical_w005
25745,62,minibatch_k64,text_pca256_lexical_w005
25746,23,minibatch_k64,text_pca256_lexical_w005
25747,0,minibatch_k64,text_pca256_lexical_w005
25748,62,minibatch_k64,text_pca256_lexical_w005
25749,15,minibatch_k64,text_pca256_lexical_w005
25750,15,minibatch_k64,text_pca256_lexical_w005
25751,47,minibatch_k64,text_pca256_lexical_w005
25752,8,minibatch_k64,text_pca256_lexical_w005
25753,47,minibatch_k64,text_pca256_lexical_w005
25754,14,minibatch_k64,text_pca256_lexical_w005
25755,59,minibatch_k64,text_pca256_lexical_w005
25756,23,minibatch_k64,text_pca256_lexical_w005
25757,0,minibatch_k64,text_pca256_lexical_w005
25758,8,minibatch_k64,text_pca256_lexical_w005
25759,58,minibatch_k64,text_pca256_lexical_w005
25760,0,minibatch_k64,text_pca256_lexical_w005
25761,23,minibatch_k64,text_pca256_lexical_w005
25762,0,minibatch_k64,text_pca256_lexical_w005
25763,15,minibatch_k64,text_pca256_lexical_w005
25764,45,minibatch_k64,text_pca256_lexical_w005
25765,10,minibatch_k64,text_pca256_lexical_w005
25766,15,minibatch_k64,text_pca256_lexical_w005
25767,0,minibatch_k64,text_pca256_lexical_w005
25768,38,minibatch_k64,text_pca256_lexical_w005
25769,42,minibatch_k64,text_pca256_lexical_w005
25770,8,minibatch_k64,text_pca256_lexical_w005
25771,15,minibatch_k64,text_pca256_lexical_w005
25772,55,minibatch_k64,text_pca256_lexical_w005
25773,62,minibatch_k64,text_pca256_lexical_w005
25774,15,minibatch_k64,text_pca256_lexical_w005
25775,23,minibatch_k64,text_pca256_lexical_w005
25776,54,minibatch_k64,text_pca256_lexical_w005
25777,0,minibatch_k64,text_pca256_lexical_w005
25778,33,minibatch_k64,text_pca256_lexical_w005
25779,10,minibatch_k64,text_pca256_lexical_w005
25780,5,minibatch_k64,text_pca256_lexical_w005
25781,10,minibatch_k64,text_pca256_lexical_w005
25782,5,minibatch_k64,text_pca256_lexical_w005
25783,23,minibatch_k64,text_pca256_lexical_w005
25784,23,minibatch_k64,text_pca256_lexical_w005
25785,0,minibatch_k64,text_pca256_lexical_w005
25786,42,minibatch_k64,text_pca256_lexical_w005
25787,5,minibatch_k64,text_pca256_lexical_w005
25788,21,minibatch_k64,text_pca256_lexical_w005
25789,62,minibatch_k64,text_pca256_lexical_w005
25790,39,minibatch_k64,text_pca256_lexical_w005
25791,21,minibatch_k64,text_pca256_lexical_w005
25792,21,minibatch_k64,text_pca256_lexical_w005
25793,0,minibatch_k64,text_pca256_lexical_w005
25794,0,minibatch_k64,text_pca256_lexical_w005
25795,0,minibatch_k64,text_pca256_lexical_w005
25796,0,minibatch_k64,text_pca256_lexical_w005
25797,8,minibatch_k64,text_pca256_lexical_w005
25798,15,minibatch_k64,text_pca256_lexical_w005
25799,0,minibatch_k64,text_pca256_lexical_w005
25800,5,minibatch_k64,text_pca256_lexical_w005
25801,59,minibatch_k64,text_pca256_lexical_w005
25802,15,minibatch_k64,text_pca256_lexical_w005
25803,62,minibatch_k64,text_pca256_lexical_w005
25804,23,minibatch_k64,text_pca256_lexical_w005
25805,23,minibatch_k64,text_pca256_lexical_w005
25806,0,minibatch_k64,text_pca256_lexical_w005
25807,56,minibatch_k64,text_pca256_lexical_w005
25808,0,minibatch_k64,text_pca256_lexical_w005
25809,8,minibatch_k64,text_pca256_lexical_w005
25810,14,minibatch_k64,text_pca256_lexical_w005
25811,14,minibatch_k64,text_pca256_lexical_w005
25812,0,minibatch_k64,text_pca256_lexical_w005
25813,15,minibatch_k64,text_pca256_lexical_w005
25814,47,minibatch_k64,text_pca256_lexical_w005
25815,2,minibatch_k64,text_pca256_lexical_w005
25816,0,minibatch_k64,text_pca256_lexical_w005
25817,33,minibatch_k64,text_pca256_lexical_w005
25818,8,minibatch_k64,text_pca256_lexical_w005
25819,50,minibatch_k64,text_pca256_lexical_w005
25820,48,minibatch_k64,text_pca256_lexical_w005
25821,33,minibatch_k64,text_pca256_lexical_w005
25822,62,minibatch_k64,text_pca256_lexical_w005
25823,58,minibatch_k64,text_pca256_lexical_w005
25824,33,minibatch_k64,text_pca256_lexical_w005
25825,8,minibatch_k64,text_pca256_lexical_w005
25826,0,minibatch_k64,text_pca256_lexical_w005
25827,0,minibatch_k64,text_pca256_lexical_w005
25828,38,minibatch_k64,text_pca256_lexical_w005
25829,33,minibatch_k64,text_pca256_lexical_w005
25830,15,minibatch_k64,text_pca256_lexical_w005
25831,45,minibatch_k64,text_pca256_lexical_w005
25832,55,minibatch_k64,text_pca256_lexical_w005
25833,0,minibatch_k64,text_pca256_lexical_w005
25834,62,minibatch_k64,text_pca256_lexical_w005
25835,23,minibatch_k64,text_pca256_lexical_w005
25836,8,minibatch_k64,text_pca256_lexical_w005
25837,4,minibatch_k64,text_pca256_lexical_w005
25838,4,minibatch_k64,text_pca256_lexical_w005
25839,62,minibatch_k64,text_pca256_lexical_w005
25840,0,minibatch_k64,text_pca256_lexical_w005
25841,62,minibatch_k64,text_pca256_lexical_w005
25842,5,minibatch_k64,text_pca256_lexical_w005
25843,33,minibatch_k64,text_pca256_lexical_w005
25844,62,minibatch_k64,text_pca256_lexical_w005
25845,5,minibatch_k64,text_pca256_lexical_w005
25846,46,minibatch_k64,text_pca256_lexical_w005
25847,62,minibatch_k64,text_pca256_lexical_w005
25848,5,minibatch_k64,text_pca256_lexical_w005
25849,8,minibatch_k64,text_pca256_lexical_w005
25850,61,minibatch_k64,text_pca256_lexical_w005
25851,23,minibatch_k64,text_pca256_lexical_w005
25852,10,minibatch_k64,text_pca256_lexical_w005
25853,23,minibatch_k64,text_pca256_lexical_w005
25854,23,minibatch_k64,text_pca256_lexical_w005
25855,62,minibatch_k64,text_pca256_lexical_w005
25856,0,minibatch_k64,text_pca256_lexical_w005
25857,0,minibatch_k64,text_pca256_lexical_w005
25858,47,minibatch_k64,text_pca256_lexical_w005
25859,50,minibatch_k64,text_pca256_lexical_w005
25860,47,minibatch_k64,text_pca256_lexical_w005
25861,45,minibatch_k64,text_pca256_lexical_w005
25862,0,minibatch_k64,text_pca256_lexical_w005
25863,4,minibatch_k64,text_pca256_lexical_w005
25864,21,minibatch_k64,text_pca256_lexical_w005
25865,62,minibatch_k64,text_pca256_lexical_w005
25866,62,minibatch_k64,text_pca256_lexical_w005
25867,5,minibatch_k64,text_pca256_lexical_w005
25868,62,minibatch_k64,text_pca256_lexical_w005
25869,21,minibatch_k64,text_pca256_lexical_w005
25870,42,minibatch_k64,text_pca256_lexical_w005
25871,8,minibatch_k64,text_pca256_lexical_w005
25872,42,minibatch_k64,text_pca256_lexical_w005
25873,42,minibatch_k64,text_pca256_lexical_w005
25874,8,minibatch_k64,text_pca256_lexical_w005
25875,8,minibatch_k64,text_pca256_lexical_w005
25876,0,minibatch_k64,text_pca256_lexical_w005
25877,14,minibatch_k64,text_pca256_lexical_w005
25878,45,minibatch_k64,text_pca256_lexical_w005
25879,0,minibatch_k64,text_pca256_lexical_w005
25880,58,minibatch_k64,text_pca256_lexical_w005
25881,38,minibatch_k64,text_pca256_lexical_w005
25882,45,minibatch_k64,text_pca256_lexical_w005
25883,25,minibatch_k64,text_pca256_lexical_w005
25884,55,minibatch_k64,text_pca256_lexical_w005
25885,54,minibatch_k64,text_pca256_lexical_w005
25886,23,minibatch_k64,text_pca256_lexical_w005
25887,62,minibatch_k64,text_pca256_lexical_w005
25888,62,minibatch_k64,text_pca256_lexical_w005
25889,23,minibatch_k64,text_pca256_lexical_w005
25890,8,minibatch_k64,text_pca256_lexical_w005
25891,10,minibatch_k64,text_pca256_lexical_w005
25892,0,minibatch_k64,text_pca256_lexical_w005
25893,0,minibatch_k64,text_pca256_lexical_w005
25894,0,minibatch_k64,text_pca256_lexical_w005
25895,59,minibatch_k64,text_pca256_lexical_w005
25896,0,minibatch_k64,text_pca256_lexical_w005
25897,33,minibatch_k64,text_pca256_lexical_w005
25898,8,minibatch_k64,text_pca256_lexical_w005
25899,21,minibatch_k64,text_pca256_lexical_w005
25900,42,minibatch_k64,text_pca256_lexical_w005
25901,42,minibatch_k64,text_pca256_lexical_w005
25902,0,minibatch_k64,text_pca256_lexical_w005
25903,42,minibatch_k64,text_pca256_lexical_w005
25904,15,minibatch_k64,text_pca256_lexical_w005
25905,10,minibatch_k64,text_pca256_lexical_w005
25906,14,minibatch_k64,text_pca256_lexical_w005
25907,33,minibatch_k64,text_pca256_lexical_w005
25908,47,minibatch_k64,text_pca256_lexical_w005
25909,62,minibatch_k64,text_pca256_lexical_w005
25910,15,minibatch_k64,text_pca256_lexical_w005
25911,62,minibatch_k64,text_pca256_lexical_w005
25912,58,minibatch_k64,text_pca256_lexical_w005
25913,10,minibatch_k64,text_pca256_lexical_w005
25914,38,minibatch_k64,text_pca256_lexical_w005
25915,55,minibatch_k64,text_pca256_lexical_w005
25916,54,minibatch_k64,text_pca256_lexical_w005
25917,59,minibatch_k64,text_pca256_lexical_w005
25918,39,minibatch_k64,text_pca256_lexical_w005
25919,42,minibatch_k64,text_pca256_lexical_w005
25920,4,minibatch_k64,text_pca256_lexical_w005
25921,0,minibatch_k64,text_pca256_lexical_w005
25922,62,minibatch_k64,text_pca256_lexical_w005
25923,62,minibatch_k64,text_pca256_lexical_w005
25924,10,minibatch_k64,text_pca256_lexical_w005
25925,15,minibatch_k64,text_pca256_lexical_w005
25926,15,minibatch_k64,text_pca256_lexical_w005
25927,42,minibatch_k64,text_pca256_lexical_w005
25928,15,minibatch_k64,text_pca256_lexical_w005
25929,56,minibatch_k64,text_pca256_lexical_w005
25930,14,minibatch_k64,text_pca256_lexical_w005
25931,10,minibatch_k64,text_pca256_lexical_w005
25932,58,minibatch_k64,text_pca256_lexical_w005
25933,45,minibatch_k64,text_pca256_lexical_w005
25934,38,minibatch_k64,text_pca256_lexical_w005
25935,45,minibatch_k64,text_pca256_lexical_w005
25936,25,minibatch_k64,text_pca256_lexical_w005
25937,25,minibatch_k64,text_pca256_lexical_w005
25938,10,minibatch_k64,text_pca256_lexical_w005
25939,23,minibatch_k64,text_pca256_lexical_w005
25940,54,minibatch_k64,text_pca256_lexical_w005
25941,23,minibatch_k64,text_pca256_lexical_w005
25942,8,minibatch_k64,text_pca256_lexical_w005
25943,0,minibatch_k64,text_pca256_lexical_w005
25944,10,minibatch_k64,text_pca256_lexical_w005
25945,15,minibatch_k64,text_pca256_lexical_w005
25946,15,minibatch_k64,text_pca256_lexical_w005
25947,25,minibatch_k64,text_pca256_lexical_w005
25948,42,minibatch_k64,text_pca256_lexical_w005
25949,10,minibatch_k64,text_pca256_lexical_w005
25950,45,minibatch_k64,text_pca256_lexical_w005
25951,15,minibatch_k64,text_pca256_lexical_w005
25952,38,minibatch_k64,text_pca256_lexical_w005
25953,58,minibatch_k64,text_pca256_lexical_w005
25954,10,minibatch_k64,text_pca256_lexical_w005
25955,55,minibatch_k64,text_pca256_lexical_w005
25956,35,minibatch_k64,text_pca256_lexical_w005
25957,45,minibatch_k64,text_pca256_lexical_w005
25958,14,minibatch_k64,text_pca256_lexical_w005
25959,62,minibatch_k64,text_pca256_lexical_w005
25960,56,minibatch_k64,text_pca256_lexical_w005
25961,0,minibatch_k64,text_pca256_lexical_w005
25962,62,minibatch_k64,text_pca256_lexical_w005
25963,62,minibatch_k64,text_pca256_lexical_w005
25964,0,minibatch_k64,text_pca256_lexical_w005
25965,47,minibatch_k64,text_pca256_lexical_w005
25966,18,minibatch_k64,text_pca256_lexical_w005
25967,47,minibatch_k64,text_pca256_lexical_w005
25968,42,minibatch_k64,text_pca256_lexical_w005
25969,42,minibatch_k64,text_pca256_lexical_w005
25970,0,minibatch_k64,text_pca256_lexical_w005
25971,3,minibatch_k64,text_pca256_lexical_w005
25972,56,minibatch_k64,text_pca256_lexical_w005
25973,62,minibatch_k64,text_pca256_lexical_w005
25974,14,minibatch_k64,text_pca256_lexical_w005
25975,62,minibatch_k64,text_pca256_lexical_w005
25976,10,minibatch_k64,text_pca256_lexical_w005
25977,58,minibatch_k64,text_pca256_lexical_w005
25978,38,minibatch_k64,text_pca256_lexical_w005
25979,55,minibatch_k64,text_pca256_lexical_w005
25980,60,minibatch_k64,text_pca256_lexical_w005
25981,33,minibatch_k64,text_pca256_lexical_w005
25982,0,minibatch_k64,text_pca256_lexical_w005
25983,0,minibatch_k64,text_pca256_lexical_w005
25984,15,minibatch_k64,text_pca256_lexical_w005
25985,16,minibatch_k64,text_pca256_lexical_w005
25986,10,minibatch_k64,text_pca256_lexical_w005
25987,59,minibatch_k64,text_pca256_lexical_w005
25988,3,minibatch_k64,text_pca256_lexical_w005
25989,23,minibatch_k64,text_pca256_lexical_w005
25990,62,minibatch_k64,text_pca256_lexical_w005
25991,10,minibatch_k64,text_pca256_lexical_w005
25992,15,minibatch_k64,text_pca256_lexical_w005
25993,21,minibatch_k64,text_pca256_lexical_w005
25994,14,minibatch_k64,text_pca256_lexical_w005
25995,23,minibatch_k64,text_pca256_lexical_w005
25996,58,minibatch_k64,text_pca256_lexical_w005
25997,58,minibatch_k64,text_pca256_lexical_w005
25998,55,minibatch_k64,text_pca256_lexical_w005
25999,42,minibatch_k64,text_pca256_lexical_w005
26000,60,minibatch_k64,text_pca256_lexical_w005
26001,62,minibatch_k64,text_pca256_lexical_w005
26002,8,minibatch_k64,text_pca256_lexical_w005
26003,62,minibatch_k64,text_pca256_lexical_w005
26004,61,minibatch_k64,text_pca256_lexical_w005
26005,15,minibatch_k64,text_pca256_lexical_w005
26006,61,minibatch_k64,text_pca256_lexical_w005
26007,62,minibatch_k64,text_pca256_lexical_w005
26008,5,minibatch_k64,text_pca256_lexical_w005
26009,8,minibatch_k64,text_pca256_lexical_w005
26010,33,minibatch_k64,text_pca256_lexical_w005
26011,3,minibatch_k64,text_pca256_lexical_w005
26012,12,minibatch_k64,text_pca256_lexical_w005
26013,0,minibatch_k64,text_pca256_lexical_w005
26014,61,minibatch_k64,text_pca256_lexical_w005
26015,42,minibatch_k64,text_pca256_lexical_w005
26016,62,minibatch_k64,text_pca256_lexical_w005
26017,61,minibatch_k64,text_pca256_lexical_w005
26018,10,minibatch_k64,text_pca256_lexical_w005
26019,61,minibatch_k64,text_pca256_lexical_w005
26020,0,minibatch_k64,text_pca256_lexical_w005
26021,12,minibatch_k64,text_pca256_lexical_w005
26022,33,minibatch_k64,text_pca256_lexical_w005
26023,62,minibatch_k64,text_pca256_lexical_w005
26024,58,minibatch_k64,text_pca256_lexical_w005
26025,58,minibatch_k64,text_pca256_lexical_w005
26026,40,minibatch_k64,text_pca256_lexical_w005
26027,55,minibatch_k64,text_pca256_lexical_w005
26028,59,minibatch_k64,text_pca256_lexical_w005
26029,22,minibatch_k64,text_pca256_lexical_w005
26030,23,minibatch_k64,text_pca256_lexical_w005
26031,0,minibatch_k64,text_pca256_lexical_w005
26032,62,minibatch_k64,text_pca256_lexical_w005
26033,0,minibatch_k64,text_pca256_lexical_w005
26034,8,minibatch_k64,text_pca256_lexical_w005
26035,10,minibatch_k64,text_pca256_lexical_w005
26036,12,minibatch_k64,text_pca256_lexical_w005
26037,48,minibatch_k64,text_pca256_lexical_w005
26038,38,minibatch_k64,text_pca256_lexical_w005
26039,25,minibatch_k64,text_pca256_lexical_w005
26040,58,minibatch_k64,text_pca256_lexical_w005
26041,40,minibatch_k64,text_pca256_lexical_w005
26042,55,minibatch_k64,text_pca256_lexical_w005
26043,10,minibatch_k64,text_pca256_lexical_w005
26044,15,minibatch_k64,text_pca256_lexical_w005
26045,33,minibatch_k64,text_pca256_lexical_w005
26046,23,minibatch_k64,text_pca256_lexical_w005
26047,15,minibatch_k64,text_pca256_lexical_w005
26048,50,minibatch_k64,text_pca256_lexical_w005
26049,50,minibatch_k64,text_pca256_lexical_w005
26050,8,minibatch_k64,text_pca256_lexical_w005
26051,10,minibatch_k64,text_pca256_lexical_w005
26052,10,minibatch_k64,text_pca256_lexical_w005
26053,2,minibatch_k64,text_pca256_lexical_w005
26054,15,minibatch_k64,text_pca256_lexical_w005
26055,33,minibatch_k64,text_pca256_lexical_w005
26056,21,minibatch_k64,text_pca256_lexical_w005
26057,50,minibatch_k64,text_pca256_lexical_w005
26058,10,minibatch_k64,text_pca256_lexical_w005
26059,0,minibatch_k64,text_pca256_lexical_w005
26060,8,minibatch_k64,text_pca256_lexical_w005
26061,62,minibatch_k64,text_pca256_lexical_w005
26062,8,minibatch_k64,text_pca256_lexical_w005
26063,8,minibatch_k64,text_pca256_lexical_w005
26064,50,minibatch_k64,text_pca256_lexical_w005
26065,50,minibatch_k64,text_pca256_lexical_w005
26066,8,minibatch_k64,text_pca256_lexical_w005
26067,50,minibatch_k64,text_pca256_lexical_w005
26068,50,minibatch_k64,text_pca256_lexical_w005
26069,21,minibatch_k64,text_pca256_lexical_w005
26070,42,minibatch_k64,text_pca256_lexical_w005
26071,59,minibatch_k64,text_pca256_lexical_w005
26072,23,minibatch_k64,text_pca256_lexical_w005
26073,14,minibatch_k64,text_pca256_lexical_w005
26074,2,minibatch_k64,text_pca256_lexical_w005
26075,33,minibatch_k64,text_pca256_lexical_w005
26076,15,minibatch_k64,text_pca256_lexical_w005
26077,15,minibatch_k64,text_pca256_lexical_w005
26078,2,minibatch_k64,text_pca256_lexical_w005
26079,33,minibatch_k64,text_pca256_lexical_w005
26080,23,minibatch_k64,text_pca256_lexical_w005
26081,62,minibatch_k64,text_pca256_lexical_w005
26082,39,minibatch_k64,text_pca256_lexical_w005
26083,62,minibatch_k64,text_pca256_lexical_w005
26084,33,minibatch_k64,text_pca256_lexical_w005
26085,59,minibatch_k64,text_pca256_lexical_w005
26086,59,minibatch_k64,text_pca256_lexical_w005
26087,33,minibatch_k64,text_pca256_lexical_w005
26088,33,minibatch_k64,text_pca256_lexical_w005
26089,23,minibatch_k64,text_pca256_lexical_w005
26090,14,minibatch_k64,text_pca256_lexical_w005
26091,8,minibatch_k64,text_pca256_lexical_w005
26092,62,minibatch_k64,text_pca256_lexical_w005
26093,0,minibatch_k64,text_pca256_lexical_w005
26094,62,minibatch_k64,text_pca256_lexical_w005
26095,0,minibatch_k64,text_pca256_lexical_w005
26096,8,minibatch_k64,text_pca256_lexical_w005
26097,0,minibatch_k64,text_pca256_lexical_w005
26098,33,minibatch_k64,text_pca256_lexical_w005
26099,32,minibatch_k64,text_pca256_lexical_w005
26100,62,minibatch_k64,text_pca256_lexical_w005
26101,15,minibatch_k64,text_pca256_lexical_w005
26102,10,minibatch_k64,text_pca256_lexical_w005
26103,10,minibatch_k64,text_pca256_lexical_w005
26104,10,minibatch_k64,text_pca256_lexical_w005
26105,33,minibatch_k64,text_pca256_lexical_w005
26106,16,minibatch_k64,text_pca256_lexical_w005
26107,8,minibatch_k64,text_pca256_lexical_w005
26108,42,minibatch_k64,text_pca256_lexical_w005
26109,8,minibatch_k64,text_pca256_lexical_w005
26110,23,minibatch_k64,text_pca256_lexical_w005
26111,33,minibatch_k64,text_pca256_lexical_w005
26112,0,minibatch_k64,text_pca256_lexical_w005
26113,36,minibatch_k64,text_pca256_lexical_w005
26114,55,minibatch_k64,text_pca256_lexical_w005
26115,13,minibatch_k64,text_pca256_lexical_w005
26116,0,minibatch_k64,text_pca256_lexical_w005
26117,8,minibatch_k64,text_pca256_lexical_w005
26118,33,minibatch_k64,text_pca256_lexical_w005
26119,25,minibatch_k64,text_pca256_lexical_w005
26120,56,minibatch_k64,text_pca256_lexical_w005
26121,62,minibatch_k64,text_pca256_lexical_w005
26122,50,minibatch_k64,text_pca256_lexical_w005
26123,50,minibatch_k64,text_pca256_lexical_w005
26124,8,minibatch_k64,text_pca256_lexical_w005
26125,8,minibatch_k64,text_pca256_lexical_w005
26126,25,minibatch_k64,text_pca256_lexical_w005
26127,62,minibatch_k64,text_pca256_lexical_w005
26128,8,minibatch_k64,text_pca256_lexical_w005
26129,14,minibatch_k64,text_pca256_lexical_w005
26130,14,minibatch_k64,text_pca256_lexical_w005
26131,14,minibatch_k64,text_pca256_lexical_w005
26132,14,minibatch_k64,text_pca256_lexical_w005
26133,14,minibatch_k64,text_pca256_lexical_w005
26134,14,minibatch_k64,text_pca256_lexical_w005
26135,14,minibatch_k64,text_pca256_lexical_w005
26136,14,minibatch_k64,text_pca256_lexical_w005
26137,14,minibatch_k64,text_pca256_lexical_w005
26138,14,minibatch_k64,text_pca256_lexical_w005
26139,57,minibatch_k64,text_pca256_lexical_w005
26140,11,minibatch_k64,text_pca256_lexical_w005
26141,25,minibatch_k64,text_pca256_lexical_w005
26142,57,minibatch_k64,text_pca256_lexical_w005
26143,0,minibatch_k64,text_pca256_lexical_w005
26144,14,minibatch_k64,text_pca256_lexical_w005
26145,15,minibatch_k64,text_pca256_lexical_w005
26146,62,minibatch_k64,text_pca256_lexical_w005
26147,0,minibatch_k64,text_pca256_lexical_w005
26148,45,minibatch_k64,text_pca256_lexical_w005
26149,45,minibatch_k64,text_pca256_lexical_w005
26150,59,minibatch_k64,text_pca256_lexical_w005
26151,36,minibatch_k64,text_pca256_lexical_w005
26152,22,minibatch_k64,text_pca256_lexical_w005
26153,21,minibatch_k64,text_pca256_lexical_w005
26154,10,minibatch_k64,text_pca256_lexical_w005
26155,10,minibatch_k64,text_pca256_lexical_w005
26156,4,minibatch_k64,text_pca256_lexical_w005
26157,10,minibatch_k64,text_pca256_lexical_w005
26158,62,minibatch_k64,text_pca256_lexical_w005
26159,42,minibatch_k64,text_pca256_lexical_w005
26160,25,minibatch_k64,text_pca256_lexical_w005
26161,10,minibatch_k64,text_pca256_lexical_w005
26162,62,minibatch_k64,text_pca256_lexical_w005
26163,8,minibatch_k64,text_pca256_lexical_w005
26164,62,minibatch_k64,text_pca256_lexical_w005
26165,62,minibatch_k64,text_pca256_lexical_w005
26166,62,minibatch_k64,text_pca256_lexical_w005
26167,8,minibatch_k64,text_pca256_lexical_w005
26168,33,minibatch_k64,text_pca256_lexical_w005
26169,8,minibatch_k64,text_pca256_lexical_w005
26170,0,minibatch_k64,text_pca256_lexical_w005
26171,14,minibatch_k64,text_pca256_lexical_w005
26172,59,minibatch_k64,text_pca256_lexical_w005
26173,8,minibatch_k64,text_pca256_lexical_w005
26174,15,minibatch_k64,text_pca256_lexical_w005
26175,45,minibatch_k64,text_pca256_lexical_w005
26176,38,minibatch_k64,text_pca256_lexical_w005
26177,36,minibatch_k64,text_pca256_lexical_w005
26178,55,minibatch_k64,text_pca256_lexical_w005
26179,22,minibatch_k64,text_pca256_lexical_w005
26180,45,minibatch_k64,text_pca256_lexical_w005
26181,62,minibatch_k64,text_pca256_lexical_w005
26182,15,minibatch_k64,text_pca256_lexical_w005
26183,62,minibatch_k64,text_pca256_lexical_w005
26184,59,minibatch_k64,text_pca256_lexical_w005
26185,18,minibatch_k64,text_pca256_lexical_w005
26186,10,minibatch_k64,text_pca256_lexical_w005
26187,45,minibatch_k64,text_pca256_lexical_w005
26188,25,minibatch_k64,text_pca256_lexical_w005
26189,10,minibatch_k64,text_pca256_lexical_w005
26190,45,minibatch_k64,text_pca256_lexical_w005
26191,59,minibatch_k64,text_pca256_lexical_w005
26192,39,minibatch_k64,text_pca256_lexical_w005
26193,0,minibatch_k64,text_pca256_lexical_w005
26194,42,minibatch_k64,text_pca256_lexical_w005
26195,18,minibatch_k64,text_pca256_lexical_w005
26196,10,minibatch_k64,text_pca256_lexical_w005
26197,62,minibatch_k64,text_pca256_lexical_w005
26198,45,minibatch_k64,text_pca256_lexical_w005
26199,45,minibatch_k64,text_pca256_lexical_w005
26200,10,minibatch_k64,text_pca256_lexical_w005
26201,38,minibatch_k64,text_pca256_lexical_w005
26202,45,minibatch_k64,text_pca256_lexical_w005
26203,36,minibatch_k64,text_pca256_lexical_w005
26204,45,minibatch_k64,text_pca256_lexical_w005
26205,55,minibatch_k64,text_pca256_lexical_w005
26206,22,minibatch_k64,text_pca256_lexical_w005
26207,45,minibatch_k64,text_pca256_lexical_w005
26208,56,minibatch_k64,text_pca256_lexical_w005
26209,53,minibatch_k64,text_pca256_lexical_w005
26210,8,minibatch_k64,text_pca256_lexical_w005
26211,8,minibatch_k64,text_pca256_lexical_w005
26212,62,minibatch_k64,text_pca256_lexical_w005
26213,25,minibatch_k64,text_pca256_lexical_w005
26214,56,minibatch_k64,text_pca256_lexical_w005
26215,39,minibatch_k64,text_pca256_lexical_w005
26216,18,minibatch_k64,text_pca256_lexical_w005
26217,53,minibatch_k64,text_pca256_lexical_w005
26218,48,minibatch_k64,text_pca256_lexical_w005
26219,45,minibatch_k64,text_pca256_lexical_w005
26220,45,minibatch_k64,text_pca256_lexical_w005
26221,45,minibatch_k64,text_pca256_lexical_w005
26222,45,minibatch_k64,text_pca256_lexical_w005
26223,59,minibatch_k64,text_pca256_lexical_w005
26224,27,minibatch_k64,text_pca256_lexical_w005
26225,18,minibatch_k64,text_pca256_lexical_w005
26226,23,minibatch_k64,text_pca256_lexical_w005
26227,53,minibatch_k64,text_pca256_lexical_w005
26228,62,minibatch_k64,text_pca256_lexical_w005
26229,33,minibatch_k64,text_pca256_lexical_w005
26230,33,minibatch_k64,text_pca256_lexical_w005
26231,56,minibatch_k64,text_pca256_lexical_w005
26232,45,minibatch_k64,text_pca256_lexical_w005
26233,27,minibatch_k64,text_pca256_lexical_w005
26234,48,minibatch_k64,text_pca256_lexical_w005
26235,18,minibatch_k64,text_pca256_lexical_w005
26236,10,minibatch_k64,text_pca256_lexical_w005
26237,45,minibatch_k64,text_pca256_lexical_w005
26238,45,minibatch_k64,text_pca256_lexical_w005
26239,62,minibatch_k64,text_pca256_lexical_w005
26240,62,minibatch_k64,text_pca256_lexical_w005
26241,23,minibatch_k64,text_pca256_lexical_w005
26242,23,minibatch_k64,text_pca256_lexical_w005
26243,45,minibatch_k64,text_pca256_lexical_w005
26244,23,minibatch_k64,text_pca256_lexical_w005
26245,62,minibatch_k64,text_pca256_lexical_w005
26246,59,minibatch_k64,text_pca256_lexical_w005
26247,33,minibatch_k64,text_pca256_lexical_w005
26248,10,minibatch_k64,text_pca256_lexical_w005
26249,56,minibatch_k64,text_pca256_lexical_w005
26250,42,minibatch_k64,text_pca256_lexical_w005
26251,23,minibatch_k64,text_pca256_lexical_w005
26252,59,minibatch_k64,text_pca256_lexical_w005
26253,59,minibatch_k64,text_pca256_lexical_w005
26254,45,minibatch_k64,text_pca256_lexical_w005
26255,0,minibatch_k64,text_pca256_lexical_w005
26256,45,minibatch_k64,text_pca256_lexical_w005
26257,45,minibatch_k64,text_pca256_lexical_w005
26258,59,minibatch_k64,text_pca256_lexical_w005
26259,62,minibatch_k64,text_pca256_lexical_w005
26260,5,minibatch_k64,text_pca256_lexical_w005
26261,62,minibatch_k64,text_pca256_lexical_w005
26262,30,minibatch_k64,text_pca256_lexical_w005
26263,17,minibatch_k64,text_pca256_lexical_w005
26264,30,minibatch_k64,text_pca256_lexical_w005
26265,62,minibatch_k64,text_pca256_lexical_w005
26266,17,minibatch_k64,text_pca256_lexical_w005
26267,59,minibatch_k64,text_pca256_lexical_w005
26268,21,minibatch_k64,text_pca256_lexical_w005
26269,45,minibatch_k64,text_pca256_lexical_w005
26270,8,minibatch_k64,text_pca256_lexical_w005
26271,8,minibatch_k64,text_pca256_lexical_w005
26272,15,minibatch_k64,text_pca256_lexical_w005
26273,8,minibatch_k64,text_pca256_lexical_w005
26274,8,minibatch_k64,text_pca256_lexical_w005
26275,59,minibatch_k64,text_pca256_lexical_w005
26276,59,minibatch_k64,text_pca256_lexical_w005
26277,8,minibatch_k64,text_pca256_lexical_w005
26278,23,minibatch_k64,text_pca256_lexical_w005
26279,59,minibatch_k64,text_pca256_lexical_w005
26280,18,minibatch_k64,text_pca256_lexical_w005
26281,33,minibatch_k64,text_pca256_lexical_w005
26282,0,minibatch_k64,text_pca256_lexical_w005
26283,0,minibatch_k64,text_pca256_lexical_w005
26284,0,minibatch_k64,text_pca256_lexical_w005
26285,48,minibatch_k64,text_pca256_lexical_w005
26286,0,minibatch_k64,text_pca256_lexical_w005
26287,59,minibatch_k64,text_pca256_lexical_w005
26288,59,minibatch_k64,text_pca256_lexical_w005
26289,10,minibatch_k64,text_pca256_lexical_w005
26290,10,minibatch_k64,text_pca256_lexical_w005
26291,15,minibatch_k64,text_pca256_lexical_w005
26292,42,minibatch_k64,text_pca256_lexical_w005
26293,59,minibatch_k64,text_pca256_lexical_w005
26294,10,minibatch_k64,text_pca256_lexical_w005
26295,42,minibatch_k64,text_pca256_lexical_w005
26296,4,minibatch_k64,text_pca256_lexical_w005
26297,33,minibatch_k64,text_pca256_lexical_w005
26298,21,minibatch_k64,text_pca256_lexical_w005
26299,45,minibatch_k64,text_pca256_lexical_w005
26300,33,minibatch_k64,text_pca256_lexical_w005
26301,41,minibatch_k64,text_pca256_lexical_w005
26302,0,minibatch_k64,text_pca256_lexical_w005
26303,62,minibatch_k64,text_pca256_lexical_w005
26304,62,minibatch_k64,text_pca256_lexical_w005
26305,56,minibatch_k64,text_pca256_lexical_w005
26306,62,minibatch_k64,text_pca256_lexical_w005
26307,59,minibatch_k64,text_pca256_lexical_w005
26308,59,minibatch_k64,text_pca256_lexical_w005
26309,62,minibatch_k64,text_pca256_lexical_w005
26310,10,minibatch_k64,text_pca256_lexical_w005
26311,10,minibatch_k64,text_pca256_lexical_w005
26312,33,minibatch_k64,text_pca256_lexical_w005
26313,33,minibatch_k64,text_pca256_lexical_w005
26314,48,minibatch_k64,text_pca256_lexical_w005
26315,45,minibatch_k64,text_pca256_lexical_w005
26316,45,minibatch_k64,text_pca256_lexical_w005
26317,8,minibatch_k64,text_pca256_lexical_w005
26318,8,minibatch_k64,text_pca256_lexical_w005
26319,0,minibatch_k64,text_pca256_lexical_w005
26320,23,minibatch_k64,text_pca256_lexical_w005
26321,23,minibatch_k64,text_pca256_lexical_w005
26322,47,minibatch_k64,text_pca256_lexical_w005
26323,29,minibatch_k64,text_pca256_lexical_w005
26324,5,minibatch_k64,text_pca256_lexical_w005
26325,23,minibatch_k64,text_pca256_lexical_w005
26326,0,minibatch_k64,text_pca256_lexical_w005
26327,62,minibatch_k64,text_pca256_lexical_w005
26328,0,minibatch_k64,text_pca256_lexical_w005
26329,23,minibatch_k64,text_pca256_lexical_w005
26330,0,minibatch_k64,text_pca256_lexical_w005
26331,45,minibatch_k64,text_pca256_lexical_w005
26332,23,minibatch_k64,text_pca256_lexical_w005
26333,23,minibatch_k64,text_pca256_lexical_w005
26334,23,minibatch_k64,text_pca256_lexical_w005
26335,62,minibatch_k64,text_pca256_lexical_w005
26336,8,minibatch_k64,text_pca256_lexical_w005
26337,10,minibatch_k64,text_pca256_lexical_w005
26338,62,minibatch_k64,text_pca256_lexical_w005
26339,10,minibatch_k64,text_pca256_lexical_w005
26340,8,minibatch_k64,text_pca256_lexical_w005
26341,0,minibatch_k64,text_pca256_lexical_w005
26342,8,minibatch_k64,text_pca256_lexical_w005
26343,61,minibatch_k64,text_pca256_lexical_w005
26344,10,minibatch_k64,text_pca256_lexical_w005
26345,61,minibatch_k64,text_pca256_lexical_w005
26346,8,minibatch_k64,text_pca256_lexical_w005
26347,0,minibatch_k64,text_pca256_lexical_w005
26348,61,minibatch_k64,text_pca256_lexical_w005
26349,61,minibatch_k64,text_pca256_lexical_w005
26350,10,minibatch_k64,text_pca256_lexical_w005
26351,61,minibatch_k64,text_pca256_lexical_w005
26352,8,minibatch_k64,text_pca256_lexical_w005
26353,0,minibatch_k64,text_pca256_lexical_w005
26354,61,minibatch_k64,text_pca256_lexical_w005
26355,61,minibatch_k64,text_pca256_lexical_w005
26356,0,minibatch_k64,text_pca256_lexical_w005
26357,8,minibatch_k64,text_pca256_lexical_w005
26358,61,minibatch_k64,text_pca256_lexical_w005
26359,61,minibatch_k64,text_pca256_lexical_w005
26360,10,minibatch_k64,text_pca256_lexical_w005
26361,61,minibatch_k64,text_pca256_lexical_w005
26362,61,minibatch_k64,text_pca256_lexical_w005
26363,0,minibatch_k64,text_pca256_lexical_w005
26364,61,minibatch_k64,text_pca256_lexical_w005
26365,8,minibatch_k64,text_pca256_lexical_w005
26366,62,minibatch_k64,text_pca256_lexical_w005
26367,10,minibatch_k64,text_pca256_lexical_w005
26368,10,minibatch_k64,text_pca256_lexical_w005
26369,61,minibatch_k64,text_pca256_lexical_w005
26370,62,minibatch_k64,text_pca256_lexical_w005
26371,61,minibatch_k64,text_pca256_lexical_w005
26372,10,minibatch_k64,text_pca256_lexical_w005
26373,61,minibatch_k64,text_pca256_lexical_w005
26374,8,minibatch_k64,text_pca256_lexical_w005
26375,10,minibatch_k64,text_pca256_lexical_w005
26376,61,minibatch_k64,text_pca256_lexical_w005
26377,10,minibatch_k64,text_pca256_lexical_w005
26378,61,minibatch_k64,text_pca256_lexical_w005
26379,61,minibatch_k64,text_pca256_lexical_w005
26380,61,minibatch_k64,text_pca256_lexical_w005
26381,61,minibatch_k64,text_pca256_lexical_w005
26382,10,minibatch_k64,text_pca256_lexical_w005
26383,15,minibatch_k64,text_pca256_lexical_w005
26384,15,minibatch_k64,text_pca256_lexical_w005
26385,10,minibatch_k64,text_pca256_lexical_w005
26386,5,minibatch_k64,text_pca256_lexical_w005
26387,59,minibatch_k64,text_pca256_lexical_w005
26388,23,minibatch_k64,text_pca256_lexical_w005
26389,10,minibatch_k64,text_pca256_lexical_w005
26390,61,minibatch_k64,text_pca256_lexical_w005
26391,38,minibatch_k64,text_pca256_lexical_w005
26392,47,minibatch_k64,text_pca256_lexical_w005
26393,62,minibatch_k64,text_pca256_lexical_w005
26394,25,minibatch_k64,text_pca256_lexical_w005
26395,23,minibatch_k64,text_pca256_lexical_w005
26396,61,minibatch_k64,text_pca256_lexical_w005
26397,5,minibatch_k64,text_pca256_lexical_w005
26398,61,minibatch_k64,text_pca256_lexical_w005
26399,61,minibatch_k64,text_pca256_lexical_w005
26400,61,minibatch_k64,text_pca256_lexical_w005
26401,23,minibatch_k64,text_pca256_lexical_w005
26402,61,minibatch_k64,text_pca256_lexical_w005
26403,61,minibatch_k64,text_pca256_lexical_w005
26404,61,minibatch_k64,text_pca256_lexical_w005
26405,5,minibatch_k64,text_pca256_lexical_w005
26406,10,minibatch_k64,text_pca256_lexical_w005
26407,61,minibatch_k64,text_pca256_lexical_w005
26408,61,minibatch_k64,text_pca256_lexical_w005
26409,10,minibatch_k64,text_pca256_lexical_w005
26410,61,minibatch_k64,text_pca256_lexical_w005
26411,15,minibatch_k64,text_pca256_lexical_w005
26412,10,minibatch_k64,text_pca256_lexical_w005
26413,23,minibatch_k64,text_pca256_lexical_w005
26414,15,minibatch_k64,text_pca256_lexical_w005
26415,0,minibatch_k64,text_pca256_lexical_w005
26416,0,minibatch_k64,text_pca256_lexical_w005
26417,61,minibatch_k64,text_pca256_lexical_w005
26418,0,minibatch_k64,text_pca256_lexical_w005
26419,61,minibatch_k64,text_pca256_lexical_w005
26420,23,minibatch_k64,text_pca256_lexical_w005
26421,23,minibatch_k64,text_pca256_lexical_w005
26422,61,minibatch_k64,text_pca256_lexical_w005
26423,8,minibatch_k64,text_pca256_lexical_w005
26424,61,minibatch_k64,text_pca256_lexical_w005
26425,61,minibatch_k64,text_pca256_lexical_w005
26426,61,minibatch_k64,text_pca256_lexical_w005
26427,61,minibatch_k64,text_pca256_lexical_w005
26428,61,minibatch_k64,text_pca256_lexical_w005
26429,61,minibatch_k64,text_pca256_lexical_w005
26430,23,minibatch_k64,text_pca256_lexical_w005
26431,23,minibatch_k64,text_pca256_lexical_w005
26432,0,minibatch_k64,text_pca256_lexical_w005
26433,23,minibatch_k64,text_pca256_lexical_w005
26434,10,minibatch_k64,text_pca256_lexical_w005
26435,62,minibatch_k64,text_pca256_lexical_w005
26436,62,minibatch_k64,text_pca256_lexical_w005
26437,62,minibatch_k64,text_pca256_lexical_w005
26438,38,minibatch_k64,text_pca256_lexical_w005
26439,15,minibatch_k64,text_pca256_lexical_w005
26440,15,minibatch_k64,text_pca256_lexical_w005
26441,23,minibatch_k64,text_pca256_lexical_w005
26442,45,minibatch_k64,text_pca256_lexical_w005
26443,25,minibatch_k64,text_pca256_lexical_w005
26444,55,minibatch_k64,text_pca256_lexical_w005
26445,23,minibatch_k64,text_pca256_lexical_w005
26446,60,minibatch_k64,text_pca256_lexical_w005
26447,4,minibatch_k64,text_pca256_lexical_w005
26448,15,minibatch_k64,text_pca256_lexical_w005
26449,8,minibatch_k64,text_pca256_lexical_w005
26450,15,minibatch_k64,text_pca256_lexical_w005
26451,62,minibatch_k64,text_pca256_lexical_w005
26452,0,minibatch_k64,text_pca256_lexical_w005
26453,8,minibatch_k64,text_pca256_lexical_w005
26454,15,minibatch_k64,text_pca256_lexical_w005
26455,0,minibatch_k64,text_pca256_lexical_w005
26456,23,minibatch_k64,text_pca256_lexical_w005
26457,62,minibatch_k64,text_pca256_lexical_w005
26458,33,minibatch_k64,text_pca256_lexical_w005
26459,10,minibatch_k64,text_pca256_lexical_w005
26460,0,minibatch_k64,text_pca256_lexical_w005
26461,0,minibatch_k64,text_pca256_lexical_w005
26462,23,minibatch_k64,text_pca256_lexical_w005
26463,38,minibatch_k64,text_pca256_lexical_w005
26464,8,minibatch_k64,text_pca256_lexical_w005
26465,8,minibatch_k64,text_pca256_lexical_w005
26466,8,minibatch_k64,text_pca256_lexical_w005
26467,45,minibatch_k64,text_pca256_lexical_w005
26468,25,minibatch_k64,text_pca256_lexical_w005
26469,55,minibatch_k64,text_pca256_lexical_w005
26470,60,minibatch_k64,text_pca256_lexical_w005
26471,23,minibatch_k64,text_pca256_lexical_w005
26472,23,minibatch_k64,text_pca256_lexical_w005
26473,23,minibatch_k64,text_pca256_lexical_w005
26474,0,minibatch_k64,text_pca256_lexical_w005
26475,0,minibatch_k64,text_pca256_lexical_w005
26476,0,minibatch_k64,text_pca256_lexical_w005
26477,38,minibatch_k64,text_pca256_lexical_w005
26478,45,minibatch_k64,text_pca256_lexical_w005
26479,23,minibatch_k64,text_pca256_lexical_w005
26480,25,minibatch_k64,text_pca256_lexical_w005
26481,55,minibatch_k64,text_pca256_lexical_w005
26482,60,minibatch_k64,text_pca256_lexical_w005
26483,18,minibatch_k64,text_pca256_lexical_w005
26484,10,minibatch_k64,text_pca256_lexical_w005
26485,0,minibatch_k64,text_pca256_lexical_w005
26486,23,minibatch_k64,text_pca256_lexical_w005
26487,23,minibatch_k64,text_pca256_lexical_w005
26488,0,minibatch_k64,text_pca256_lexical_w005
26489,56,minibatch_k64,text_pca256_lexical_w005
26490,8,minibatch_k64,text_pca256_lexical_w005
26491,0,minibatch_k64,text_pca256_lexical_w005
26492,33,minibatch_k64,text_pca256_lexical_w005
26493,21,minibatch_k64,text_pca256_lexical_w005
26494,29,minibatch_k64,text_pca256_lexical_w005
26495,40,minibatch_k64,text_pca256_lexical_w005
26496,38,minibatch_k64,text_pca256_lexical_w005
26497,0,minibatch_k64,text_pca256_lexical_w005
26498,45,minibatch_k64,text_pca256_lexical_w005
26499,0,minibatch_k64,text_pca256_lexical_w005
26500,25,minibatch_k64,text_pca256_lexical_w005
26501,55,minibatch_k64,text_pca256_lexical_w005
26502,54,minibatch_k64,text_pca256_lexical_w005
26503,4,minibatch_k64,text_pca256_lexical_w005
26504,0,minibatch_k64,text_pca256_lexical_w005
26505,23,minibatch_k64,text_pca256_lexical_w005
26506,23,minibatch_k64,text_pca256_lexical_w005
26507,12,minibatch_k64,text_pca256_lexical_w005
26508,40,minibatch_k64,text_pca256_lexical_w005
26509,23,minibatch_k64,text_pca256_lexical_w005
26510,23,minibatch_k64,text_pca256_lexical_w005
26511,62,minibatch_k64,text_pca256_lexical_w005
26512,23,minibatch_k64,text_pca256_lexical_w005
26513,45,minibatch_k64,text_pca256_lexical_w005
26514,38,minibatch_k64,text_pca256_lexical_w005
26515,45,minibatch_k64,text_pca256_lexical_w005
26516,45,minibatch_k64,text_pca256_lexical_w005
26517,25,minibatch_k64,text_pca256_lexical_w005
26518,55,minibatch_k64,text_pca256_lexical_w005
26519,54,minibatch_k64,text_pca256_lexical_w005
26520,4,minibatch_k64,text_pca256_lexical_w005
26521,47,minibatch_k64,text_pca256_lexical_w005
26522,62,minibatch_k64,text_pca256_lexical_w005
26523,23,minibatch_k64,text_pca256_lexical_w005
26524,10,minibatch_k64,text_pca256_lexical_w005
26525,21,minibatch_k64,text_pca256_lexical_w005
26526,23,minibatch_k64,text_pca256_lexical_w005
26527,39,minibatch_k64,text_pca256_lexical_w005
26528,59,minibatch_k64,text_pca256_lexical_w005
26529,50,minibatch_k64,text_pca256_lexical_w005
26530,38,minibatch_k64,text_pca256_lexical_w005
26531,45,minibatch_k64,text_pca256_lexical_w005
26532,45,minibatch_k64,text_pca256_lexical_w005
26533,25,minibatch_k64,text_pca256_lexical_w005
26534,55,minibatch_k64,text_pca256_lexical_w005
26535,54,minibatch_k64,text_pca256_lexical_w005
26536,23,minibatch_k64,text_pca256_lexical_w005
26537,0,minibatch_k64,text_pca256_lexical_w005
26538,0,minibatch_k64,text_pca256_lexical_w005
26539,0,minibatch_k64,text_pca256_lexical_w005
26540,40,minibatch_k64,text_pca256_lexical_w005
26541,48,minibatch_k64,text_pca256_lexical_w005
26542,45,minibatch_k64,text_pca256_lexical_w005
26543,38,minibatch_k64,text_pca256_lexical_w005
26544,55,minibatch_k64,text_pca256_lexical_w005
26545,25,minibatch_k64,text_pca256_lexical_w005
26546,55,minibatch_k64,text_pca256_lexical_w005
26547,0,minibatch_k64,text_pca256_lexical_w005
26548,10,minibatch_k64,text_pca256_lexical_w005
26549,40,minibatch_k64,text_pca256_lexical_w005
26550,45,minibatch_k64,text_pca256_lexical_w005
26551,48,minibatch_k64,text_pca256_lexical_w005
26552,23,minibatch_k64,text_pca256_lexical_w005
26553,45,minibatch_k64,text_pca256_lexical_w005
26554,0,minibatch_k64,text_pca256_lexical_w005
26555,0,minibatch_k64,text_pca256_lexical_w005
26556,23,minibatch_k64,text_pca256_lexical_w005
26557,4,minibatch_k64,text_pca256_lexical_w005
26558,62,minibatch_k64,text_pca256_lexical_w005
26559,23,minibatch_k64,text_pca256_lexical_w005
26560,23,minibatch_k64,text_pca256_lexical_w005
26561,0,minibatch_k64,text_pca256_lexical_w005
26562,62,minibatch_k64,text_pca256_lexical_w005
26563,42,minibatch_k64,text_pca256_lexical_w005
26564,45,minibatch_k64,text_pca256_lexical_w005
26565,62,minibatch_k64,text_pca256_lexical_w005
26566,47,minibatch_k64,text_pca256_lexical_w005
26567,0,minibatch_k64,text_pca256_lexical_w005
26568,18,minibatch_k64,text_pca256_lexical_w005
26569,45,minibatch_k64,text_pca256_lexical_w005
26570,10,minibatch_k64,text_pca256_lexical_w005
26571,45,minibatch_k64,text_pca256_lexical_w005
26572,5,minibatch_k64,text_pca256_lexical_w005
26573,38,minibatch_k64,text_pca256_lexical_w005
26574,48,minibatch_k64,text_pca256_lexical_w005
26575,15,minibatch_k64,text_pca256_lexical_w005
26576,45,minibatch_k64,text_pca256_lexical_w005
26577,25,minibatch_k64,text_pca256_lexical_w005
26578,55,minibatch_k64,text_pca256_lexical_w005
26579,10,minibatch_k64,text_pca256_lexical_w005
26580,54,minibatch_k64,text_pca256_lexical_w005
26581,8,minibatch_k64,text_pca256_lexical_w005
26582,10,minibatch_k64,text_pca256_lexical_w005
26583,62,minibatch_k64,text_pca256_lexical_w005
26584,38,minibatch_k64,text_pca256_lexical_w005
26585,25,minibatch_k64,text_pca256_lexical_w005
26586,55,minibatch_k64,text_pca256_lexical_w005
26587,54,minibatch_k64,text_pca256_lexical_w005
26588,23,minibatch_k64,text_pca256_lexical_w005
26589,38,minibatch_k64,text_pca256_lexical_w005
26590,25,minibatch_k64,text_pca256_lexical_w005
26591,55,minibatch_k64,text_pca256_lexical_w005
26592,54,minibatch_k64,text_pca256_lexical_w005
26593,62,minibatch_k64,text_pca256_lexical_w005
26594,38,minibatch_k64,text_pca256_lexical_w005
26595,53,minibatch_k64,text_pca256_lexical_w005
26596,25,minibatch_k64,text_pca256_lexical_w005
26597,55,minibatch_k64,text_pca256_lexical_w005
26598,10,minibatch_k64,text_pca256_lexical_w005
26599,10,minibatch_k64,text_pca256_lexical_w005
26600,54,minibatch_k64,text_pca256_lexical_w005
26601,0,minibatch_k64,text_pca256_lexical_w005
26602,8,minibatch_k64,text_pca256_lexical_w005
26603,0,minibatch_k64,text_pca256_lexical_w005
26604,0,minibatch_k64,text_pca256_lexical_w005
26605,23,minibatch_k64,text_pca256_lexical_w005
26606,45,minibatch_k64,text_pca256_lexical_w005
26607,38,minibatch_k64,text_pca256_lexical_w005
26608,45,minibatch_k64,text_pca256_lexical_w005
26609,54,minibatch_k64,text_pca256_lexical_w005
26610,62,minibatch_k64,text_pca256_lexical_w005
26611,50,minibatch_k64,text_pca256_lexical_w005
26612,39,minibatch_k64,text_pca256_lexical_w005
26613,45,minibatch_k64,text_pca256_lexical_w005
26614,38,minibatch_k64,text_pca256_lexical_w005
26615,45,minibatch_k64,text_pca256_lexical_w005
26616,25,minibatch_k64,text_pca256_lexical_w005
26617,55,minibatch_k64,text_pca256_lexical_w005
26618,54,minibatch_k64,text_pca256_lexical_w005
26619,0,minibatch_k64,text_pca256_lexical_w005
26620,23,minibatch_k64,text_pca256_lexical_w005
26621,8,minibatch_k64,text_pca256_lexical_w005
26622,38,minibatch_k64,text_pca256_lexical_w005
26623,23,minibatch_k64,text_pca256_lexical_w005
26624,45,minibatch_k64,text_pca256_lexical_w005
26625,62,minibatch_k64,text_pca256_lexical_w005
26626,25,minibatch_k64,text_pca256_lexical_w005
26627,55,minibatch_k64,text_pca256_lexical_w005
26628,36,minibatch_k64,text_pca256_lexical_w005
26629,54,minibatch_k64,text_pca256_lexical_w005
26630,23,minibatch_k64,text_pca256_lexical_w005
26631,5,minibatch_k64,text_pca256_lexical_w005
26632,62,minibatch_k64,text_pca256_lexical_w005
26633,56,minibatch_k64,text_pca256_lexical_w005
26634,59,minibatch_k64,text_pca256_lexical_w005
26635,10,minibatch_k64,text_pca256_lexical_w005
26636,39,minibatch_k64,text_pca256_lexical_w005
26637,10,minibatch_k64,text_pca256_lexical_w005
26638,20,minibatch_k64,text_pca256_lexical_w005
26639,10,minibatch_k64,text_pca256_lexical_w005
26640,30,minibatch_k64,text_pca256_lexical_w005
26641,62,minibatch_k64,text_pca256_lexical_w005
26642,18,minibatch_k64,text_pca256_lexical_w005
26643,38,minibatch_k64,text_pca256_lexical_w005
26644,0,minibatch_k64,text_pca256_lexical_w005
26645,45,minibatch_k64,text_pca256_lexical_w005
26646,25,minibatch_k64,text_pca256_lexical_w005
26647,55,minibatch_k64,text_pca256_lexical_w005
26648,54,minibatch_k64,text_pca256_lexical_w005
26649,10,minibatch_k64,text_pca256_lexical_w005
26650,36,minibatch_k64,text_pca256_lexical_w005
26651,0,minibatch_k64,text_pca256_lexical_w005
26652,10,minibatch_k64,text_pca256_lexical_w005
26653,59,minibatch_k64,text_pca256_lexical_w005
26654,62,minibatch_k64,text_pca256_lexical_w005
26655,0,minibatch_k64,text_pca256_lexical_w005
26656,38,minibatch_k64,text_pca256_lexical_w005
26657,45,minibatch_k64,text_pca256_lexical_w005
26658,45,minibatch_k64,text_pca256_lexical_w005
26659,25,minibatch_k64,text_pca256_lexical_w005
26660,55,minibatch_k64,text_pca256_lexical_w005
26661,54,minibatch_k64,text_pca256_lexical_w005
26662,59,minibatch_k64,text_pca256_lexical_w005
26663,30,minibatch_k64,text_pca256_lexical_w005
26664,17,minibatch_k64,text_pca256_lexical_w005
26665,17,minibatch_k64,text_pca256_lexical_w005
26666,17,minibatch_k64,text_pca256_lexical_w005
26667,30,minibatch_k64,text_pca256_lexical_w005
26668,18,minibatch_k64,text_pca256_lexical_w005
26669,45,minibatch_k64,text_pca256_lexical_w005
26670,23,minibatch_k64,text_pca256_lexical_w005
26671,17,minibatch_k64,text_pca256_lexical_w005
26672,45,minibatch_k64,text_pca256_lexical_w005
26673,48,minibatch_k64,text_pca256_lexical_w005
26674,18,minibatch_k64,text_pca256_lexical_w005
26675,62,minibatch_k64,text_pca256_lexical_w005
26676,59,minibatch_k64,text_pca256_lexical_w005
26677,17,minibatch_k64,text_pca256_lexical_w005
26678,30,minibatch_k64,text_pca256_lexical_w005
26679,23,minibatch_k64,text_pca256_lexical_w005
26680,30,minibatch_k64,text_pca256_lexical_w005
26681,15,minibatch_k64,text_pca256_lexical_w005
26682,30,minibatch_k64,text_pca256_lexical_w005
26683,45,minibatch_k64,text_pca256_lexical_w005
26684,45,minibatch_k64,text_pca256_lexical_w005
26685,62,minibatch_k64,text_pca256_lexical_w005
26686,59,minibatch_k64,text_pca256_lexical_w005
26687,59,minibatch_k64,text_pca256_lexical_w005
26688,45,minibatch_k64,text_pca256_lexical_w005
26689,45,minibatch_k64,text_pca256_lexical_w005
26690,0,minibatch_k64,text_pca256_lexical_w005
26691,45,minibatch_k64,text_pca256_lexical_w005
26692,0,minibatch_k64,text_pca256_lexical_w005
26693,15,minibatch_k64,text_pca256_lexical_w005
26694,18,minibatch_k64,text_pca256_lexical_w005
26695,18,minibatch_k64,text_pca256_lexical_w005
26696,18,minibatch_k64,text_pca256_lexical_w005
26697,45,minibatch_k64,text_pca256_lexical_w005
26698,62,minibatch_k64,text_pca256_lexical_w005
26699,62,minibatch_k64,text_pca256_lexical_w005
26700,18,minibatch_k64,text_pca256_lexical_w005
26701,59,minibatch_k64,text_pca256_lexical_w005
26702,59,minibatch_k64,text_pca256_lexical_w005
26703,45,minibatch_k64,text_pca256_lexical_w005
26704,18,minibatch_k64,text_pca256_lexical_w005
26705,62,minibatch_k64,text_pca256_lexical_w005
26706,0,minibatch_k64,text_pca256_lexical_w005
26707,45,minibatch_k64,text_pca256_lexical_w005
26708,45,minibatch_k64,text_pca256_lexical_w005
26709,59,minibatch_k64,text_pca256_lexical_w005
26710,59,minibatch_k64,text_pca256_lexical_w005
26711,23,minibatch_k64,text_pca256_lexical_w005
26712,59,minibatch_k64,text_pca256_lexical_w005
26713,10,minibatch_k64,text_pca256_lexical_w005
26714,8,minibatch_k64,text_pca256_lexical_w005
26715,45,minibatch_k64,text_pca256_lexical_w005
26716,8,minibatch_k64,text_pca256_lexical_w005
26717,8,minibatch_k64,text_pca256_lexical_w005
26718,59,minibatch_k64,text_pca256_lexical_w005
26719,0,minibatch_k64,text_pca256_lexical_w005
26720,23,minibatch_k64,text_pca256_lexical_w005
26721,45,minibatch_k64,text_pca256_lexical_w005
26722,48,minibatch_k64,text_pca256_lexical_w005
26723,2,minibatch_k64,text_pca256_lexical_w005
26724,45,minibatch_k64,text_pca256_lexical_w005
26725,45,minibatch_k64,text_pca256_lexical_w005
26726,34,minibatch_k64,text_pca256_lexical_w005
26727,34,minibatch_k64,text_pca256_lexical_w005
26728,59,minibatch_k64,text_pca256_lexical_w005
26729,34,minibatch_k64,text_pca256_lexical_w005
26730,59,minibatch_k64,text_pca256_lexical_w005
26731,62,minibatch_k64,text_pca256_lexical_w005
26732,48,minibatch_k64,text_pca256_lexical_w005
26733,45,minibatch_k64,text_pca256_lexical_w005
26734,0,minibatch_k64,text_pca256_lexical_w005
26735,45,minibatch_k64,text_pca256_lexical_w005
26736,59,minibatch_k64,text_pca256_lexical_w005
26737,59,minibatch_k64,text_pca256_lexical_w005
26738,62,minibatch_k64,text_pca256_lexical_w005
26739,45,minibatch_k64,text_pca256_lexical_w005
26740,15,minibatch_k64,text_pca256_lexical_w005
26741,10,minibatch_k64,text_pca256_lexical_w005
26742,10,minibatch_k64,text_pca256_lexical_w005
26743,2,minibatch_k64,text_pca256_lexical_w005
26744,6,minibatch_k64,text_pca256_lexical_w005
26745,53,minibatch_k64,text_pca256_lexical_w005
26746,45,minibatch_k64,text_pca256_lexical_w005
26747,53,minibatch_k64,text_pca256_lexical_w005
26748,62,minibatch_k64,text_pca256_lexical_w005
26749,0,minibatch_k64,text_pca256_lexical_w005
26750,33,minibatch_k64,text_pca256_lexical_w005
26751,33,minibatch_k64,text_pca256_lexical_w005
26752,41,minibatch_k64,text_pca256_lexical_w005
26753,59,minibatch_k64,text_pca256_lexical_w005
26754,21,minibatch_k64,text_pca256_lexical_w005
26755,41,minibatch_k64,text_pca256_lexical_w005
26756,33,minibatch_k64,text_pca256_lexical_w005
26757,59,minibatch_k64,text_pca256_lexical_w005
26758,59,minibatch_k64,text_pca256_lexical_w005
26759,2,minibatch_k64,text_pca256_lexical_w005
26760,21,minibatch_k64,text_pca256_lexical_w005
26761,6,minibatch_k64,text_pca256_lexical_w005
26762,10,minibatch_k64,text_pca256_lexical_w005
26763,41,minibatch_k64,text_pca256_lexical_w005
26764,45,minibatch_k64,text_pca256_lexical_w005
26765,10,minibatch_k64,text_pca256_lexical_w005
26766,48,minibatch_k64,text_pca256_lexical_w005
26767,10,minibatch_k64,text_pca256_lexical_w005
26768,10,minibatch_k64,text_pca256_lexical_w005
26769,53,minibatch_k64,text_pca256_lexical_w005
26770,21,minibatch_k64,text_pca256_lexical_w005
26771,59,minibatch_k64,text_pca256_lexical_w005
26772,0,minibatch_k64,text_pca256_lexical_w005
26773,0,minibatch_k64,text_pca256_lexical_w005
26774,23,minibatch_k64,text_pca256_lexical_w005
26775,10,minibatch_k64,text_pca256_lexical_w005
26776,21,minibatch_k64,text_pca256_lexical_w005
26777,59,minibatch_k64,text_pca256_lexical_w005
26778,59,minibatch_k64,text_pca256_lexical_w005
26779,10,minibatch_k64,text_pca256_lexical_w005
26780,59,minibatch_k64,text_pca256_lexical_w005
26781,10,minibatch_k64,text_pca256_lexical_w005
26782,8,minibatch_k64,text_pca256_lexical_w005
26783,42,minibatch_k64,text_pca256_lexical_w005
26784,42,minibatch_k64,text_pca256_lexical_w005
26785,10,minibatch_k64,text_pca256_lexical_w005
26786,41,minibatch_k64,text_pca256_lexical_w005
26787,59,minibatch_k64,text_pca256_lexical_w005
26788,15,minibatch_k64,text_pca256_lexical_w005
26789,23,minibatch_k64,text_pca256_lexical_w005
26790,39,minibatch_k64,text_pca256_lexical_w005
26791,15,minibatch_k64,text_pca256_lexical_w005
26792,15,minibatch_k64,text_pca256_lexical_w005
26793,45,minibatch_k64,text_pca256_lexical_w005
26794,10,minibatch_k64,text_pca256_lexical_w005
26795,10,minibatch_k64,text_pca256_lexical_w005
26796,42,minibatch_k64,text_pca256_lexical_w005
26797,42,minibatch_k64,text_pca256_lexical_w005
26798,59,minibatch_k64,text_pca256_lexical_w005
26799,0,minibatch_k64,text_pca256_lexical_w005
26800,15,minibatch_k64,text_pca256_lexical_w005
26801,62,minibatch_k64,text_pca256_lexical_w005
26802,10,minibatch_k64,text_pca256_lexical_w005
26803,6,minibatch_k64,text_pca256_lexical_w005
26804,10,minibatch_k64,text_pca256_lexical_w005
26805,45,minibatch_k64,text_pca256_lexical_w005
26806,15,minibatch_k64,text_pca256_lexical_w005
26807,59,minibatch_k64,text_pca256_lexical_w005
26808,2,minibatch_k64,text_pca256_lexical_w005
26809,45,minibatch_k64,text_pca256_lexical_w005
26810,45,minibatch_k64,text_pca256_lexical_w005
26811,62,minibatch_k64,text_pca256_lexical_w005
26812,23,minibatch_k64,text_pca256_lexical_w005
26813,48,minibatch_k64,text_pca256_lexical_w005
26814,10,minibatch_k64,text_pca256_lexical_w005
26815,45,minibatch_k64,text_pca256_lexical_w005
26816,0,minibatch_k64,text_pca256_lexical_w005
26817,53,minibatch_k64,text_pca256_lexical_w005
26818,48,minibatch_k64,text_pca256_lexical_w005
26819,59,minibatch_k64,text_pca256_lexical_w005
26820,45,minibatch_k64,text_pca256_lexical_w005
26821,39,minibatch_k64,text_pca256_lexical_w005
26822,8,minibatch_k64,text_pca256_lexical_w005
26823,10,minibatch_k64,text_pca256_lexical_w005
26824,10,minibatch_k64,text_pca256_lexical_w005
26825,10,minibatch_k64,text_pca256_lexical_w005
26826,53,minibatch_k64,text_pca256_lexical_w005
26827,53,minibatch_k64,text_pca256_lexical_w005
26828,39,minibatch_k64,text_pca256_lexical_w005
26829,14,minibatch_k64,text_pca256_lexical_w005
26830,2,minibatch_k64,text_pca256_lexical_w005
26831,62,minibatch_k64,text_pca256_lexical_w005
26832,18,minibatch_k64,text_pca256_lexical_w005
26833,62,minibatch_k64,text_pca256_lexical_w005
26834,59,minibatch_k64,text_pca256_lexical_w005
26835,62,minibatch_k64,text_pca256_lexical_w005
26836,59,minibatch_k64,text_pca256_lexical_w005
26837,59,minibatch_k64,text_pca256_lexical_w005
26838,45,minibatch_k64,text_pca256_lexical_w005
26839,18,minibatch_k64,text_pca256_lexical_w005
26840,23,minibatch_k64,text_pca256_lexical_w005
26841,0,minibatch_k64,text_pca256_lexical_w005
26842,15,minibatch_k64,text_pca256_lexical_w005
26843,45,minibatch_k64,text_pca256_lexical_w005
26844,18,minibatch_k64,text_pca256_lexical_w005
26845,59,minibatch_k64,text_pca256_lexical_w005
26846,8,minibatch_k64,text_pca256_lexical_w005
26847,59,minibatch_k64,text_pca256_lexical_w005
26848,39,minibatch_k64,text_pca256_lexical_w005
26849,59,minibatch_k64,text_pca256_lexical_w005
26850,59,minibatch_k64,text_pca256_lexical_w005
26851,59,minibatch_k64,text_pca256_lexical_w005
26852,23,minibatch_k64,text_pca256_lexical_w005
26853,33,minibatch_k64,text_pca256_lexical_w005
26854,62,minibatch_k64,text_pca256_lexical_w005
26855,62,minibatch_k64,text_pca256_lexical_w005
26856,23,minibatch_k64,text_pca256_lexical_w005
26857,23,minibatch_k64,text_pca256_lexical_w005
26858,45,minibatch_k64,text_pca256_lexical_w005
26859,18,minibatch_k64,text_pca256_lexical_w005
26860,45,minibatch_k64,text_pca256_lexical_w005
26861,27,minibatch_k64,text_pca256_lexical_w005
26862,62,minibatch_k64,text_pca256_lexical_w005
26863,55,minibatch_k64,text_pca256_lexical_w005
26864,37,minibatch_k64,text_pca256_lexical_w005
26865,23,minibatch_k64,text_pca256_lexical_w005
26866,0,minibatch_k64,text_pca256_lexical_w005
26867,23,minibatch_k64,text_pca256_lexical_w005
26868,21,minibatch_k64,text_pca256_lexical_w005
26869,0,minibatch_k64,text_pca256_lexical_w005
26870,18,minibatch_k64,text_pca256_lexical_w005
26871,0,minibatch_k64,text_pca256_lexical_w005
26872,15,minibatch_k64,text_pca256_lexical_w005
26873,38,minibatch_k64,text_pca256_lexical_w005
26874,62,minibatch_k64,text_pca256_lexical_w005
26875,45,minibatch_k64,text_pca256_lexical_w005
26876,36,minibatch_k64,text_pca256_lexical_w005
26877,35,minibatch_k64,text_pca256_lexical_w005
26878,62,minibatch_k64,text_pca256_lexical_w005
26879,33,minibatch_k64,text_pca256_lexical_w005
26880,0,minibatch_k64,text_pca256_lexical_w005
26881,23,minibatch_k64,text_pca256_lexical_w005
26882,18,minibatch_k64,text_pca256_lexical_w005
26883,39,minibatch_k64,text_pca256_lexical_w005
26884,61,minibatch_k64,text_pca256_lexical_w005
26885,23,minibatch_k64,text_pca256_lexical_w005
26886,59,minibatch_k64,text_pca256_lexical_w005
26887,45,minibatch_k64,text_pca256_lexical_w005
26888,33,minibatch_k64,text_pca256_lexical_w005
26889,23,minibatch_k64,text_pca256_lexical_w005
26890,42,minibatch_k64,text_pca256_lexical_w005
26891,8,minibatch_k64,text_pca256_lexical_w005
26892,18,minibatch_k64,text_pca256_lexical_w005
26893,23,minibatch_k64,text_pca256_lexical_w005
26894,33,minibatch_k64,text_pca256_lexical_w005
26895,23,minibatch_k64,text_pca256_lexical_w005
26896,21,minibatch_k64,text_pca256_lexical_w005
26897,33,minibatch_k64,text_pca256_lexical_w005
26898,18,minibatch_k64,text_pca256_lexical_w005
26899,18,minibatch_k64,text_pca256_lexical_w005
26900,59,minibatch_k64,text_pca256_lexical_w005
26901,61,minibatch_k64,text_pca256_lexical_w005
26902,61,minibatch_k64,text_pca256_lexical_w005
26903,39,minibatch_k64,text_pca256_lexical_w005
26904,15,minibatch_k64,text_pca256_lexical_w005
26905,45,minibatch_k64,text_pca256_lexical_w005
26906,27,minibatch_k64,text_pca256_lexical_w005
26907,18,minibatch_k64,text_pca256_lexical_w005
26908,23,minibatch_k64,text_pca256_lexical_w005
26909,23,minibatch_k64,text_pca256_lexical_w005
26910,39,minibatch_k64,text_pca256_lexical_w005
26911,62,minibatch_k64,text_pca256_lexical_w005
26912,18,minibatch_k64,text_pca256_lexical_w005
26913,27,minibatch_k64,text_pca256_lexical_w005
26914,0,minibatch_k64,text_pca256_lexical_w005
26915,23,minibatch_k64,text_pca256_lexical_w005
26916,59,minibatch_k64,text_pca256_lexical_w005
26917,33,minibatch_k64,text_pca256_lexical_w005
26918,59,minibatch_k64,text_pca256_lexical_w005
26919,18,minibatch_k64,text_pca256_lexical_w005
26920,21,minibatch_k64,text_pca256_lexical_w005
26921,62,minibatch_k64,text_pca256_lexical_w005
26922,18,minibatch_k64,text_pca256_lexical_w005
26923,23,minibatch_k64,text_pca256_lexical_w005
26924,59,minibatch_k64,text_pca256_lexical_w005
26925,18,minibatch_k64,text_pca256_lexical_w005
26926,18,minibatch_k64,text_pca256_lexical_w005
26927,18,minibatch_k64,text_pca256_lexical_w005
26928,45,minibatch_k64,text_pca256_lexical_w005
26929,45,minibatch_k64,text_pca256_lexical_w005
26930,59,minibatch_k64,text_pca256_lexical_w005
26931,45,minibatch_k64,text_pca256_lexical_w005
26932,59,minibatch_k64,text_pca256_lexical_w005
26933,62,minibatch_k64,text_pca256_lexical_w005
26934,45,minibatch_k64,text_pca256_lexical_w005
26935,45,minibatch_k64,text_pca256_lexical_w005
26936,41,minibatch_k64,text_pca256_lexical_w005
26937,41,minibatch_k64,text_pca256_lexical_w005
26938,45,minibatch_k64,text_pca256_lexical_w005
26939,0,minibatch_k64,text_pca256_lexical_w005
26940,62,minibatch_k64,text_pca256_lexical_w005
26941,15,minibatch_k64,text_pca256_lexical_w005
26942,59,minibatch_k64,text_pca256_lexical_w005
26943,0,minibatch_k64,text_pca256_lexical_w005
26944,59,minibatch_k64,text_pca256_lexical_w005
26945,0,minibatch_k64,text_pca256_lexical_w005
26946,59,minibatch_k64,text_pca256_lexical_w005
26947,62,minibatch_k64,text_pca256_lexical_w005
26948,8,minibatch_k64,text_pca256_lexical_w005
26949,62,minibatch_k64,text_pca256_lexical_w005
26950,33,minibatch_k64,text_pca256_lexical_w005
26951,59,minibatch_k64,text_pca256_lexical_w005
26952,0,minibatch_k64,text_pca256_lexical_w005
26953,21,minibatch_k64,text_pca256_lexical_w005
26954,62,minibatch_k64,text_pca256_lexical_w005
26955,0,minibatch_k64,text_pca256_lexical_w005
26956,59,minibatch_k64,text_pca256_lexical_w005
26957,41,minibatch_k64,text_pca256_lexical_w005
26958,45,minibatch_k64,text_pca256_lexical_w005
26959,33,minibatch_k64,text_pca256_lexical_w005
26960,42,minibatch_k64,text_pca256_lexical_w005
26961,45,minibatch_k64,text_pca256_lexical_w005
26962,53,minibatch_k64,text_pca256_lexical_w005
26963,10,minibatch_k64,text_pca256_lexical_w005
26964,59,minibatch_k64,text_pca256_lexical_w005
26965,53,minibatch_k64,text_pca256_lexical_w005
26966,23,minibatch_k64,text_pca256_lexical_w005
26967,59,minibatch_k64,text_pca256_lexical_w005
26968,15,minibatch_k64,text_pca256_lexical_w005
26969,45,minibatch_k64,text_pca256_lexical_w005
26970,4,minibatch_k64,text_pca256_lexical_w005
26971,59,minibatch_k64,text_pca256_lexical_w005
26972,45,minibatch_k64,text_pca256_lexical_w005
26973,45,minibatch_k64,text_pca256_lexical_w005
26974,23,minibatch_k64,text_pca256_lexical_w005
26975,59,minibatch_k64,text_pca256_lexical_w005
26976,45,minibatch_k64,text_pca256_lexical_w005
26977,10,minibatch_k64,text_pca256_lexical_w005
26978,27,minibatch_k64,text_pca256_lexical_w005
26979,62,minibatch_k64,text_pca256_lexical_w005
26980,27,minibatch_k64,text_pca256_lexical_w005
26981,59,minibatch_k64,text_pca256_lexical_w005
26982,27,minibatch_k64,text_pca256_lexical_w005
26983,27,minibatch_k64,text_pca256_lexical_w005
26984,45,minibatch_k64,text_pca256_lexical_w005
26985,27,minibatch_k64,text_pca256_lexical_w005
26986,62,minibatch_k64,text_pca256_lexical_w005
26987,59,minibatch_k64,text_pca256_lexical_w005
26988,21,minibatch_k64,text_pca256_lexical_w005
26989,27,minibatch_k64,text_pca256_lexical_w005
26990,0,minibatch_k64,text_pca256_lexical_w005
26991,23,minibatch_k64,text_pca256_lexical_w005
26992,59,minibatch_k64,text_pca256_lexical_w005
26993,59,minibatch_k64,text_pca256_lexical_w005
26994,59,minibatch_k64,text_pca256_lexical_w005
26995,4,minibatch_k64,text_pca256_lexical_w005
26996,59,minibatch_k64,text_pca256_lexical_w005
26997,62,minibatch_k64,text_pca256_lexical_w005
26998,27,minibatch_k64,text_pca256_lexical_w005
26999,45,minibatch_k64,text_pca256_lexical_w005
27000,62,minibatch_k64,text_pca256_lexical_w005
27001,62,minibatch_k64,text_pca256_lexical_w005
27002,62,minibatch_k64,text_pca256_lexical_w005
27003,62,minibatch_k64,text_pca256_lexical_w005
27004,45,minibatch_k64,text_pca256_lexical_w005
27005,10,minibatch_k64,text_pca256_lexical_w005
27006,10,minibatch_k64,text_pca256_lexical_w005
27007,62,minibatch_k64,text_pca256_lexical_w005
27008,62,minibatch_k64,text_pca256_lexical_w005
27009,10,minibatch_k64,text_pca256_lexical_w005
27010,10,minibatch_k64,text_pca256_lexical_w005
27011,23,minibatch_k64,text_pca256_lexical_w005
27012,23,minibatch_k64,text_pca256_lexical_w005
27013,59,minibatch_k64,text_pca256_lexical_w005
27014,53,minibatch_k64,text_pca256_lexical_w005
27015,10,minibatch_k64,text_pca256_lexical_w005
27016,62,minibatch_k64,text_pca256_lexical_w005
27017,10,minibatch_k64,text_pca256_lexical_w005
27018,62,minibatch_k64,text_pca256_lexical_w005
27019,6,minibatch_k64,text_pca256_lexical_w005
27020,45,minibatch_k64,text_pca256_lexical_w005
27021,62,minibatch_k64,text_pca256_lexical_w005
27022,33,minibatch_k64,text_pca256_lexical_w005
27023,62,minibatch_k64,text_pca256_lexical_w005
27024,62,minibatch_k64,text_pca256_lexical_w005
27025,6,minibatch_k64,text_pca256_lexical_w005
27026,45,minibatch_k64,text_pca256_lexical_w005
27027,45,minibatch_k64,text_pca256_lexical_w005
27028,62,minibatch_k64,text_pca256_lexical_w005
27029,34,minibatch_k64,text_pca256_lexical_w005
27030,62,minibatch_k64,text_pca256_lexical_w005
27031,62,minibatch_k64,text_pca256_lexical_w005
27032,59,minibatch_k64,text_pca256_lexical_w005
27033,45,minibatch_k64,text_pca256_lexical_w005
27034,59,minibatch_k64,text_pca256_lexical_w005
27035,59,minibatch_k64,text_pca256_lexical_w005
27036,0,minibatch_k64,text_pca256_lexical_w005
27037,59,minibatch_k64,text_pca256_lexical_w005
27038,45,minibatch_k64,text_pca256_lexical_w005
27039,8,minibatch_k64,text_pca256_lexical_w005
27040,15,minibatch_k64,text_pca256_lexical_w005
27041,0,minibatch_k64,text_pca256_lexical_w005
27042,8,minibatch_k64,text_pca256_lexical_w005
27043,5,minibatch_k64,text_pca256_lexical_w005
27044,0,minibatch_k64,text_pca256_lexical_w005
27045,0,minibatch_k64,text_pca256_lexical_w005
27046,10,minibatch_k64,text_pca256_lexical_w005
27047,0,minibatch_k64,text_pca256_lexical_w005
27048,0,minibatch_k64,text_pca256_lexical_w005
27049,0,minibatch_k64,text_pca256_lexical_w005
27050,0,minibatch_k64,text_pca256_lexical_w005
27051,0,minibatch_k64,text_pca256_lexical_w005
27052,0,minibatch_k64,text_pca256_lexical_w005
27053,8,minibatch_k64,text_pca256_lexical_w005
27054,0,minibatch_k64,text_pca256_lexical_w005
27055,8,minibatch_k64,text_pca256_lexical_w005
27056,0,minibatch_k64,text_pca256_lexical_w005
27057,8,minibatch_k64,text_pca256_lexical_w005
27058,25,minibatch_k64,text_pca256_lexical_w005
27059,23,minibatch_k64,text_pca256_lexical_w005
27060,23,minibatch_k64,text_pca256_lexical_w005
27061,45,minibatch_k64,text_pca256_lexical_w005
27062,23,minibatch_k64,text_pca256_lexical_w005
27063,5,minibatch_k64,text_pca256_lexical_w005
27064,38,minibatch_k64,text_pca256_lexical_w005
27065,25,minibatch_k64,text_pca256_lexical_w005
27066,21,minibatch_k64,text_pca256_lexical_w005
27067,8,minibatch_k64,text_pca256_lexical_w005
27068,45,minibatch_k64,text_pca256_lexical_w005
27069,10,minibatch_k64,text_pca256_lexical_w005
27070,8,minibatch_k64,text_pca256_lexical_w005
27071,42,minibatch_k64,text_pca256_lexical_w005
27072,33,minibatch_k64,text_pca256_lexical_w005
27073,3,minibatch_k64,text_pca256_lexical_w005
27074,8,minibatch_k64,text_pca256_lexical_w005
27075,0,minibatch_k64,text_pca256_lexical_w005
27076,5,minibatch_k64,text_pca256_lexical_w005
27077,33,minibatch_k64,text_pca256_lexical_w005
27078,45,minibatch_k64,text_pca256_lexical_w005
27079,0,minibatch_k64,text_pca256_lexical_w005
27080,25,minibatch_k64,text_pca256_lexical_w005
27081,8,minibatch_k64,text_pca256_lexical_w005
27082,8,minibatch_k64,text_pca256_lexical_w005
27083,14,minibatch_k64,text_pca256_lexical_w005
27084,8,minibatch_k64,text_pca256_lexical_w005
27085,21,minibatch_k64,text_pca256_lexical_w005
27086,21,minibatch_k64,text_pca256_lexical_w005
27087,25,minibatch_k64,text_pca256_lexical_w005
27088,42,minibatch_k64,text_pca256_lexical_w005
27089,59,minibatch_k64,text_pca256_lexical_w005
27090,8,minibatch_k64,text_pca256_lexical_w005
27091,50,minibatch_k64,text_pca256_lexical_w005
27092,8,minibatch_k64,text_pca256_lexical_w005
27093,5,minibatch_k64,text_pca256_lexical_w005
27094,0,minibatch_k64,text_pca256_lexical_w005
27095,62,minibatch_k64,text_pca256_lexical_w005
27096,33,minibatch_k64,text_pca256_lexical_w005
27097,38,minibatch_k64,text_pca256_lexical_w005
27098,25,minibatch_k64,text_pca256_lexical_w005
27099,8,minibatch_k64,text_pca256_lexical_w005
27100,8,minibatch_k64,text_pca256_lexical_w005
27101,8,minibatch_k64,text_pca256_lexical_w005
27102,21,minibatch_k64,text_pca256_lexical_w005
27103,2,minibatch_k64,text_pca256_lexical_w005
27104,25,minibatch_k64,text_pca256_lexical_w005
27105,4,minibatch_k64,text_pca256_lexical_w005
27106,33,minibatch_k64,text_pca256_lexical_w005
27107,8,minibatch_k64,text_pca256_lexical_w005
27108,8,minibatch_k64,text_pca256_lexical_w005
27109,62,minibatch_k64,text_pca256_lexical_w005
27110,0,minibatch_k64,text_pca256_lexical_w005
27111,42,minibatch_k64,text_pca256_lexical_w005
27112,38,minibatch_k64,text_pca256_lexical_w005
27113,21,minibatch_k64,text_pca256_lexical_w005
27114,25,minibatch_k64,text_pca256_lexical_w005
27115,23,minibatch_k64,text_pca256_lexical_w005
27116,8,minibatch_k64,text_pca256_lexical_w005
27117,39,minibatch_k64,text_pca256_lexical_w005
27118,42,minibatch_k64,text_pca256_lexical_w005
27119,8,minibatch_k64,text_pca256_lexical_w005
27120,21,minibatch_k64,text_pca256_lexical_w005
27121,33,minibatch_k64,text_pca256_lexical_w005
27122,33,minibatch_k64,text_pca256_lexical_w005
27123,33,minibatch_k64,text_pca256_lexical_w005
27124,62,minibatch_k64,text_pca256_lexical_w005
27125,21,minibatch_k64,text_pca256_lexical_w005
27126,3,minibatch_k64,text_pca256_lexical_w005
27127,8,minibatch_k64,text_pca256_lexical_w005
27128,59,minibatch_k64,text_pca256_lexical_w005
27129,8,minibatch_k64,text_pca256_lexical_w005
27130,62,minibatch_k64,text_pca256_lexical_w005
27131,39,minibatch_k64,text_pca256_lexical_w005
27132,8,minibatch_k64,text_pca256_lexical_w005
27133,8,minibatch_k64,text_pca256_lexical_w005
27134,8,minibatch_k64,text_pca256_lexical_w005
27135,21,minibatch_k64,text_pca256_lexical_w005
27136,62,minibatch_k64,text_pca256_lexical_w005
27137,5,minibatch_k64,text_pca256_lexical_w005
27138,38,minibatch_k64,text_pca256_lexical_w005
27139,25,minibatch_k64,text_pca256_lexical_w005
27140,45,minibatch_k64,text_pca256_lexical_w005
27141,4,minibatch_k64,text_pca256_lexical_w005
27142,8,minibatch_k64,text_pca256_lexical_w005
27143,21,minibatch_k64,text_pca256_lexical_w005
27144,8,minibatch_k64,text_pca256_lexical_w005
27145,2,minibatch_k64,text_pca256_lexical_w005
27146,42,minibatch_k64,text_pca256_lexical_w005
27147,8,minibatch_k64,text_pca256_lexical_w005
27148,50,minibatch_k64,text_pca256_lexical_w005
27149,8,minibatch_k64,text_pca256_lexical_w005
27150,50,minibatch_k64,text_pca256_lexical_w005
27151,25,minibatch_k64,text_pca256_lexical_w005
27152,20,minibatch_k64,text_pca256_lexical_w005
27153,21,minibatch_k64,text_pca256_lexical_w005
27154,8,minibatch_k64,text_pca256_lexical_w005
27155,39,minibatch_k64,text_pca256_lexical_w005
27156,42,minibatch_k64,text_pca256_lexical_w005
27157,33,minibatch_k64,text_pca256_lexical_w005
27158,23,minibatch_k64,text_pca256_lexical_w005
27159,42,minibatch_k64,text_pca256_lexical_w005
27160,8,minibatch_k64,text_pca256_lexical_w005
27161,42,minibatch_k64,text_pca256_lexical_w005
27162,8,minibatch_k64,text_pca256_lexical_w005
27163,21,minibatch_k64,text_pca256_lexical_w005
27164,38,minibatch_k64,text_pca256_lexical_w005
27165,25,minibatch_k64,text_pca256_lexical_w005
27166,8,minibatch_k64,text_pca256_lexical_w005
27167,8,minibatch_k64,text_pca256_lexical_w005
27168,25,minibatch_k64,text_pca256_lexical_w005
27169,33,minibatch_k64,text_pca256_lexical_w005
27170,62,minibatch_k64,text_pca256_lexical_w005
27171,50,minibatch_k64,text_pca256_lexical_w005
27172,8,minibatch_k64,text_pca256_lexical_w005
27173,8,minibatch_k64,text_pca256_lexical_w005
27174,21,minibatch_k64,text_pca256_lexical_w005
27175,42,minibatch_k64,text_pca256_lexical_w005
27176,53,minibatch_k64,text_pca256_lexical_w005
27177,21,minibatch_k64,text_pca256_lexical_w005
27178,8,minibatch_k64,text_pca256_lexical_w005
27179,33,minibatch_k64,text_pca256_lexical_w005
27180,10,minibatch_k64,text_pca256_lexical_w005
27181,0,minibatch_k64,text_pca256_lexical_w005
27182,42,minibatch_k64,text_pca256_lexical_w005
27183,8,minibatch_k64,text_pca256_lexical_w005
27184,42,minibatch_k64,text_pca256_lexical_w005
27185,8,minibatch_k64,text_pca256_lexical_w005
27186,21,minibatch_k64,text_pca256_lexical_w005
27187,8,minibatch_k64,text_pca256_lexical_w005
27188,8,minibatch_k64,text_pca256_lexical_w005
27189,4,minibatch_k64,text_pca256_lexical_w005
27190,8,minibatch_k64,text_pca256_lexical_w005
27191,0,minibatch_k64,text_pca256_lexical_w005
27192,8,minibatch_k64,text_pca256_lexical_w005
27193,33,minibatch_k64,text_pca256_lexical_w005
27194,21,minibatch_k64,text_pca256_lexical_w005
27195,25,minibatch_k64,text_pca256_lexical_w005
27196,8,minibatch_k64,text_pca256_lexical_w005
27197,42,minibatch_k64,text_pca256_lexical_w005
27198,42,minibatch_k64,text_pca256_lexical_w005
27199,4,minibatch_k64,text_pca256_lexical_w005
27200,42,minibatch_k64,text_pca256_lexical_w005
27201,8,minibatch_k64,text_pca256_lexical_w005
27202,8,minibatch_k64,text_pca256_lexical_w005
27203,20,minibatch_k64,text_pca256_lexical_w005
27204,25,minibatch_k64,text_pca256_lexical_w005
27205,23,minibatch_k64,text_pca256_lexical_w005
27206,42,minibatch_k64,text_pca256_lexical_w005
27207,0,minibatch_k64,text_pca256_lexical_w005
27208,21,minibatch_k64,text_pca256_lexical_w005
27209,21,minibatch_k64,text_pca256_lexical_w005
27210,23,minibatch_k64,text_pca256_lexical_w005
27211,23,minibatch_k64,text_pca256_lexical_w005
27212,23,minibatch_k64,text_pca256_lexical_w005
27213,23,minibatch_k64,text_pca256_lexical_w005
27214,59,minibatch_k64,text_pca256_lexical_w005
27215,5,minibatch_k64,text_pca256_lexical_w005
27216,23,minibatch_k64,text_pca256_lexical_w005
27217,8,minibatch_k64,text_pca256_lexical_w005
27218,8,minibatch_k64,text_pca256_lexical_w005
27219,15,minibatch_k64,text_pca256_lexical_w005
27220,0,minibatch_k64,text_pca256_lexical_w005
27221,0,minibatch_k64,text_pca256_lexical_w005
27222,15,minibatch_k64,text_pca256_lexical_w005
27223,15,minibatch_k64,text_pca256_lexical_w005
27224,15,minibatch_k64,text_pca256_lexical_w005
27225,15,minibatch_k64,text_pca256_lexical_w005
27226,42,minibatch_k64,text_pca256_lexical_w005
27227,15,minibatch_k64,text_pca256_lexical_w005
27228,23,minibatch_k64,text_pca256_lexical_w005
27229,15,minibatch_k64,text_pca256_lexical_w005
27230,38,minibatch_k64,text_pca256_lexical_w005
27231,15,minibatch_k64,text_pca256_lexical_w005
27232,55,minibatch_k64,text_pca256_lexical_w005
27233,15,minibatch_k64,text_pca256_lexical_w005
27234,15,minibatch_k64,text_pca256_lexical_w005
27235,23,minibatch_k64,text_pca256_lexical_w005
27236,62,minibatch_k64,text_pca256_lexical_w005
27237,2,minibatch_k64,text_pca256_lexical_w005
27238,18,minibatch_k64,text_pca256_lexical_w005
27239,23,minibatch_k64,text_pca256_lexical_w005
27240,8,minibatch_k64,text_pca256_lexical_w005
27241,15,minibatch_k64,text_pca256_lexical_w005
27242,15,minibatch_k64,text_pca256_lexical_w005
27243,0,minibatch_k64,text_pca256_lexical_w005
27244,15,minibatch_k64,text_pca256_lexical_w005
27245,8,minibatch_k64,text_pca256_lexical_w005
27246,15,minibatch_k64,text_pca256_lexical_w005
27247,15,minibatch_k64,text_pca256_lexical_w005
27248,15,minibatch_k64,text_pca256_lexical_w005
27249,10,minibatch_k64,text_pca256_lexical_w005
27250,15,minibatch_k64,text_pca256_lexical_w005
27251,10,minibatch_k64,text_pca256_lexical_w005
27252,15,minibatch_k64,text_pca256_lexical_w005
27253,23,minibatch_k64,text_pca256_lexical_w005
27254,0,minibatch_k64,text_pca256_lexical_w005
27255,29,minibatch_k64,text_pca256_lexical_w005
27256,29,minibatch_k64,text_pca256_lexical_w005
27257,0,minibatch_k64,text_pca256_lexical_w005
27258,8,minibatch_k64,text_pca256_lexical_w005
27259,18,minibatch_k64,text_pca256_lexical_w005
27260,23,minibatch_k64,text_pca256_lexical_w005
27261,8,minibatch_k64,text_pca256_lexical_w005
27262,23,minibatch_k64,text_pca256_lexical_w005
27263,23,minibatch_k64,text_pca256_lexical_w005
27264,38,minibatch_k64,text_pca256_lexical_w005
27265,59,minibatch_k64,text_pca256_lexical_w005
27266,23,minibatch_k64,text_pca256_lexical_w005
27267,23,minibatch_k64,text_pca256_lexical_w005
27268,55,minibatch_k64,text_pca256_lexical_w005
27269,23,minibatch_k64,text_pca256_lexical_w005
27270,62,minibatch_k64,text_pca256_lexical_w005
27271,23,minibatch_k64,text_pca256_lexical_w005
27272,38,minibatch_k64,text_pca256_lexical_w005
27273,23,minibatch_k64,text_pca256_lexical_w005
27274,42,minibatch_k64,text_pca256_lexical_w005
27275,23,minibatch_k64,text_pca256_lexical_w005
27276,12,minibatch_k64,text_pca256_lexical_w005
27277,40,minibatch_k64,text_pca256_lexical_w005
27278,8,minibatch_k64,text_pca256_lexical_w005
27279,40,minibatch_k64,text_pca256_lexical_w005
27280,23,minibatch_k64,text_pca256_lexical_w005
27281,23,minibatch_k64,text_pca256_lexical_w005
27282,62,minibatch_k64,text_pca256_lexical_w005
27283,40,minibatch_k64,text_pca256_lexical_w005
27284,42,minibatch_k64,text_pca256_lexical_w005
27285,23,minibatch_k64,text_pca256_lexical_w005
27286,62,minibatch_k64,text_pca256_lexical_w005
27287,10,minibatch_k64,text_pca256_lexical_w005
27288,23,minibatch_k64,text_pca256_lexical_w005
27289,10,minibatch_k64,text_pca256_lexical_w005
27290,23,minibatch_k64,text_pca256_lexical_w005
27291,10,minibatch_k64,text_pca256_lexical_w005
27292,62,minibatch_k64,text_pca256_lexical_w005
27293,12,minibatch_k64,text_pca256_lexical_w005
27294,40,minibatch_k64,text_pca256_lexical_w005
27295,40,minibatch_k64,text_pca256_lexical_w005
27296,23,minibatch_k64,text_pca256_lexical_w005
27297,15,minibatch_k64,text_pca256_lexical_w005
27298,0,minibatch_k64,text_pca256_lexical_w005
27299,8,minibatch_k64,text_pca256_lexical_w005
27300,21,minibatch_k64,text_pca256_lexical_w005
27301,8,minibatch_k64,text_pca256_lexical_w005
27302,0,minibatch_k64,text_pca256_lexical_w005
27303,62,minibatch_k64,text_pca256_lexical_w005
27304,62,minibatch_k64,text_pca256_lexical_w005
27305,38,minibatch_k64,text_pca256_lexical_w005
27306,23,minibatch_k64,text_pca256_lexical_w005
27307,55,minibatch_k64,text_pca256_lexical_w005
27308,62,minibatch_k64,text_pca256_lexical_w005
27309,33,minibatch_k64,text_pca256_lexical_w005
27310,62,minibatch_k64,text_pca256_lexical_w005
27311,50,minibatch_k64,text_pca256_lexical_w005
27312,59,minibatch_k64,text_pca256_lexical_w005
27313,23,minibatch_k64,text_pca256_lexical_w005
27314,8,minibatch_k64,text_pca256_lexical_w005
27315,8,minibatch_k64,text_pca256_lexical_w005
27316,33,minibatch_k64,text_pca256_lexical_w005
27317,0,minibatch_k64,text_pca256_lexical_w005
27318,12,minibatch_k64,text_pca256_lexical_w005
27319,40,minibatch_k64,text_pca256_lexical_w005
27320,40,minibatch_k64,text_pca256_lexical_w005
27321,38,minibatch_k64,text_pca256_lexical_w005
27322,23,minibatch_k64,text_pca256_lexical_w005
27323,55,minibatch_k64,text_pca256_lexical_w005
27324,8,minibatch_k64,text_pca256_lexical_w005
27325,8,minibatch_k64,text_pca256_lexical_w005
27326,8,minibatch_k64,text_pca256_lexical_w005
27327,23,minibatch_k64,text_pca256_lexical_w005
27328,12,minibatch_k64,text_pca256_lexical_w005
27329,40,minibatch_k64,text_pca256_lexical_w005
27330,8,minibatch_k64,text_pca256_lexical_w005
27331,40,minibatch_k64,text_pca256_lexical_w005
27332,8,minibatch_k64,text_pca256_lexical_w005
27333,8,minibatch_k64,text_pca256_lexical_w005
27334,21,minibatch_k64,text_pca256_lexical_w005
27335,12,minibatch_k64,text_pca256_lexical_w005
27336,23,minibatch_k64,text_pca256_lexical_w005
27337,62,minibatch_k64,text_pca256_lexical_w005
27338,0,minibatch_k64,text_pca256_lexical_w005
27339,23,minibatch_k64,text_pca256_lexical_w005
27340,40,minibatch_k64,text_pca256_lexical_w005
27341,33,minibatch_k64,text_pca256_lexical_w005
27342,62,minibatch_k64,text_pca256_lexical_w005
27343,23,minibatch_k64,text_pca256_lexical_w005
27344,59,minibatch_k64,text_pca256_lexical_w005
27345,23,minibatch_k64,text_pca256_lexical_w005
27346,40,minibatch_k64,text_pca256_lexical_w005
27347,0,minibatch_k64,text_pca256_lexical_w005
27348,59,minibatch_k64,text_pca256_lexical_w005
27349,23,minibatch_k64,text_pca256_lexical_w005
27350,23,minibatch_k64,text_pca256_lexical_w005
27351,38,minibatch_k64,text_pca256_lexical_w005
27352,62,minibatch_k64,text_pca256_lexical_w005
27353,10,minibatch_k64,text_pca256_lexical_w005
27354,33,minibatch_k64,text_pca256_lexical_w005
27355,59,minibatch_k64,text_pca256_lexical_w005
27356,23,minibatch_k64,text_pca256_lexical_w005
27357,0,minibatch_k64,text_pca256_lexical_w005
27358,40,minibatch_k64,text_pca256_lexical_w005
27359,23,minibatch_k64,text_pca256_lexical_w005
27360,0,minibatch_k64,text_pca256_lexical_w005
27361,8,minibatch_k64,text_pca256_lexical_w005
27362,62,minibatch_k64,text_pca256_lexical_w005
27363,0,minibatch_k64,text_pca256_lexical_w005
27364,15,minibatch_k64,text_pca256_lexical_w005
27365,46,minibatch_k64,text_pca256_lexical_w005
27366,23,minibatch_k64,text_pca256_lexical_w005
27367,23,minibatch_k64,text_pca256_lexical_w005
27368,23,minibatch_k64,text_pca256_lexical_w005
27369,16,minibatch_k64,text_pca256_lexical_w005
27370,23,minibatch_k64,text_pca256_lexical_w005
27371,8,minibatch_k64,text_pca256_lexical_w005
27372,0,minibatch_k64,text_pca256_lexical_w005
27373,23,minibatch_k64,text_pca256_lexical_w005
27374,62,minibatch_k64,text_pca256_lexical_w005
27375,15,minibatch_k64,text_pca256_lexical_w005
27376,0,minibatch_k64,text_pca256_lexical_w005
27377,23,minibatch_k64,text_pca256_lexical_w005
27378,33,minibatch_k64,text_pca256_lexical_w005
27379,23,minibatch_k64,text_pca256_lexical_w005
27380,23,minibatch_k64,text_pca256_lexical_w005
27381,33,minibatch_k64,text_pca256_lexical_w005
27382,42,minibatch_k64,text_pca256_lexical_w005
27383,0,minibatch_k64,text_pca256_lexical_w005
27384,33,minibatch_k64,text_pca256_lexical_w005
27385,8,minibatch_k64,text_pca256_lexical_w005
27386,32,minibatch_k64,text_pca256_lexical_w005
27387,8,minibatch_k64,text_pca256_lexical_w005
27388,2,minibatch_k64,text_pca256_lexical_w005
27389,23,minibatch_k64,text_pca256_lexical_w005
27390,40,minibatch_k64,text_pca256_lexical_w005
27391,59,minibatch_k64,text_pca256_lexical_w005
27392,62,minibatch_k64,text_pca256_lexical_w005
27393,15,minibatch_k64,text_pca256_lexical_w005
27394,16,minibatch_k64,text_pca256_lexical_w005
27395,23,minibatch_k64,text_pca256_lexical_w005
27396,23,minibatch_k64,text_pca256_lexical_w005
27397,23,minibatch_k64,text_pca256_lexical_w005
27398,21,minibatch_k64,text_pca256_lexical_w005
27399,62,minibatch_k64,text_pca256_lexical_w005
27400,8,minibatch_k64,text_pca256_lexical_w005
27401,23,minibatch_k64,text_pca256_lexical_w005
27402,21,minibatch_k64,text_pca256_lexical_w005
27403,21,minibatch_k64,text_pca256_lexical_w005
27404,21,minibatch_k64,text_pca256_lexical_w005
27405,23,minibatch_k64,text_pca256_lexical_w005
27406,59,minibatch_k64,text_pca256_lexical_w005
27407,23,minibatch_k64,text_pca256_lexical_w005
27408,23,minibatch_k64,text_pca256_lexical_w005
27409,21,minibatch_k64,text_pca256_lexical_w005
27410,21,minibatch_k64,text_pca256_lexical_w005
27411,21,minibatch_k64,text_pca256_lexical_w005
27412,21,minibatch_k64,text_pca256_lexical_w005
27413,21,minibatch_k64,text_pca256_lexical_w005
27414,21,minibatch_k64,text_pca256_lexical_w005
27415,21,minibatch_k64,text_pca256_lexical_w005
27416,21,minibatch_k64,text_pca256_lexical_w005
27417,21,minibatch_k64,text_pca256_lexical_w005
27418,21,minibatch_k64,text_pca256_lexical_w005
27419,23,minibatch_k64,text_pca256_lexical_w005
27420,23,minibatch_k64,text_pca256_lexical_w005
27421,16,minibatch_k64,text_pca256_lexical_w005
27422,23,minibatch_k64,text_pca256_lexical_w005
27423,23,minibatch_k64,text_pca256_lexical_w005
27424,32,minibatch_k64,text_pca256_lexical_w005
27425,10,minibatch_k64,text_pca256_lexical_w005
27426,8,minibatch_k64,text_pca256_lexical_w005
27427,20,minibatch_k64,text_pca256_lexical_w005
27428,16,minibatch_k64,text_pca256_lexical_w005
27429,23,minibatch_k64,text_pca256_lexical_w005
27430,23,minibatch_k64,text_pca256_lexical_w005
27431,10,minibatch_k64,text_pca256_lexical_w005
27432,15,minibatch_k64,text_pca256_lexical_w005
27433,21,minibatch_k64,text_pca256_lexical_w005
27434,21,minibatch_k64,text_pca256_lexical_w005
27435,32,minibatch_k64,text_pca256_lexical_w005
27436,32,minibatch_k64,text_pca256_lexical_w005
27437,8,minibatch_k64,text_pca256_lexical_w005
27438,32,minibatch_k64,text_pca256_lexical_w005
27439,39,minibatch_k64,text_pca256_lexical_w005
27440,0,minibatch_k64,text_pca256_lexical_w005
27441,21,minibatch_k64,text_pca256_lexical_w005
27442,20,minibatch_k64,text_pca256_lexical_w005
27443,0,minibatch_k64,text_pca256_lexical_w005
27444,62,minibatch_k64,text_pca256_lexical_w005
27445,62,minibatch_k64,text_pca256_lexical_w005
27446,33,minibatch_k64,text_pca256_lexical_w005
27447,2,minibatch_k64,text_pca256_lexical_w005
27448,23,minibatch_k64,text_pca256_lexical_w005
27449,23,minibatch_k64,text_pca256_lexical_w005
27450,23,minibatch_k64,text_pca256_lexical_w005
27451,16,minibatch_k64,text_pca256_lexical_w005
27452,32,minibatch_k64,text_pca256_lexical_w005
27453,23,minibatch_k64,text_pca256_lexical_w005
27454,16,minibatch_k64,text_pca256_lexical_w005
27455,20,minibatch_k64,text_pca256_lexical_w005
27456,0,minibatch_k64,text_pca256_lexical_w005
27457,23,minibatch_k64,text_pca256_lexical_w005
27458,16,minibatch_k64,text_pca256_lexical_w005
27459,16,minibatch_k64,text_pca256_lexical_w005
27460,0,minibatch_k64,text_pca256_lexical_w005
27461,32,minibatch_k64,text_pca256_lexical_w005
27462,62,minibatch_k64,text_pca256_lexical_w005
27463,23,minibatch_k64,text_pca256_lexical_w005
27464,32,minibatch_k64,text_pca256_lexical_w005
27465,33,minibatch_k64,text_pca256_lexical_w005
27466,23,minibatch_k64,text_pca256_lexical_w005
27467,15,minibatch_k64,text_pca256_lexical_w005
27468,21,minibatch_k64,text_pca256_lexical_w005
27469,23,minibatch_k64,text_pca256_lexical_w005
27470,10,minibatch_k64,text_pca256_lexical_w005
27471,23,minibatch_k64,text_pca256_lexical_w005
27472,32,minibatch_k64,text_pca256_lexical_w005
27473,8,minibatch_k64,text_pca256_lexical_w005
27474,62,minibatch_k64,text_pca256_lexical_w005
27475,4,minibatch_k64,text_pca256_lexical_w005
27476,59,minibatch_k64,text_pca256_lexical_w005
27477,18,minibatch_k64,text_pca256_lexical_w005
27478,18,minibatch_k64,text_pca256_lexical_w005
27479,23,minibatch_k64,text_pca256_lexical_w005
27480,23,minibatch_k64,text_pca256_lexical_w005
27481,23,minibatch_k64,text_pca256_lexical_w005
27482,23,minibatch_k64,text_pca256_lexical_w005
27483,59,minibatch_k64,text_pca256_lexical_w005
27484,45,minibatch_k64,text_pca256_lexical_w005
27485,62,minibatch_k64,text_pca256_lexical_w005
27486,18,minibatch_k64,text_pca256_lexical_w005
27487,18,minibatch_k64,text_pca256_lexical_w005
27488,45,minibatch_k64,text_pca256_lexical_w005
27489,15,minibatch_k64,text_pca256_lexical_w005
27490,59,minibatch_k64,text_pca256_lexical_w005
27491,45,minibatch_k64,text_pca256_lexical_w005
27492,8,minibatch_k64,text_pca256_lexical_w005
27493,45,minibatch_k64,text_pca256_lexical_w005
27494,59,minibatch_k64,text_pca256_lexical_w005
27495,45,minibatch_k64,text_pca256_lexical_w005
27496,45,minibatch_k64,text_pca256_lexical_w005
27497,59,minibatch_k64,text_pca256_lexical_w005
27498,0,minibatch_k64,text_pca256_lexical_w005
27499,23,minibatch_k64,text_pca256_lexical_w005
27500,59,minibatch_k64,text_pca256_lexical_w005
27501,59,minibatch_k64,text_pca256_lexical_w005
27502,15,minibatch_k64,text_pca256_lexical_w005
27503,59,minibatch_k64,text_pca256_lexical_w005
27504,23,minibatch_k64,text_pca256_lexical_w005
27505,45,minibatch_k64,text_pca256_lexical_w005
27506,8,minibatch_k64,text_pca256_lexical_w005
27507,45,minibatch_k64,text_pca256_lexical_w005
27508,50,minibatch_k64,text_pca256_lexical_w005
27509,59,minibatch_k64,text_pca256_lexical_w005
27510,59,minibatch_k64,text_pca256_lexical_w005
27511,59,minibatch_k64,text_pca256_lexical_w005
27512,59,minibatch_k64,text_pca256_lexical_w005
27513,59,minibatch_k64,text_pca256_lexical_w005
27514,59,minibatch_k64,text_pca256_lexical_w005
27515,45,minibatch_k64,text_pca256_lexical_w005
27516,59,minibatch_k64,text_pca256_lexical_w005
27517,23,minibatch_k64,text_pca256_lexical_w005
27518,0,minibatch_k64,text_pca256_lexical_w005
27519,59,minibatch_k64,text_pca256_lexical_w005
27520,0,minibatch_k64,text_pca256_lexical_w005
27521,0,minibatch_k64,text_pca256_lexical_w005
27522,59,minibatch_k64,text_pca256_lexical_w005
27523,59,minibatch_k64,text_pca256_lexical_w005
27524,59,minibatch_k64,text_pca256_lexical_w005
27525,0,minibatch_k64,text_pca256_lexical_w005
27526,21,minibatch_k64,text_pca256_lexical_w005
27527,15,minibatch_k64,text_pca256_lexical_w005
27528,15,minibatch_k64,text_pca256_lexical_w005
27529,15,minibatch_k64,text_pca256_lexical_w005
27530,0,minibatch_k64,text_pca256_lexical_w005
27531,15,minibatch_k64,text_pca256_lexical_w005
27532,21,minibatch_k64,text_pca256_lexical_w005
27533,15,minibatch_k64,text_pca256_lexical_w005
27534,4,minibatch_k64,text_pca256_lexical_w005
27535,15,minibatch_k64,text_pca256_lexical_w005
27536,15,minibatch_k64,text_pca256_lexical_w005
27537,15,minibatch_k64,text_pca256_lexical_w005
27538,0,minibatch_k64,text_pca256_lexical_w005
27539,8,minibatch_k64,text_pca256_lexical_w005
27540,0,minibatch_k64,text_pca256_lexical_w005
27541,21,minibatch_k64,text_pca256_lexical_w005
27542,15,minibatch_k64,text_pca256_lexical_w005
27543,62,minibatch_k64,text_pca256_lexical_w005
27544,50,minibatch_k64,text_pca256_lexical_w005
27545,10,minibatch_k64,text_pca256_lexical_w005
27546,0,minibatch_k64,text_pca256_lexical_w005
27547,15,minibatch_k64,text_pca256_lexical_w005
27548,15,minibatch_k64,text_pca256_lexical_w005
27549,15,minibatch_k64,text_pca256_lexical_w005
27550,8,minibatch_k64,text_pca256_lexical_w005
27551,0,minibatch_k64,text_pca256_lexical_w005
27552,0,minibatch_k64,text_pca256_lexical_w005
27553,21,minibatch_k64,text_pca256_lexical_w005
27554,21,minibatch_k64,text_pca256_lexical_w005
27555,21,minibatch_k64,text_pca256_lexical_w005
27556,0,minibatch_k64,text_pca256_lexical_w005
27557,15,minibatch_k64,text_pca256_lexical_w005
27558,15,minibatch_k64,text_pca256_lexical_w005
27559,0,minibatch_k64,text_pca256_lexical_w005
27560,50,minibatch_k64,text_pca256_lexical_w005
27561,15,minibatch_k64,text_pca256_lexical_w005
27562,42,minibatch_k64,text_pca256_lexical_w005
27563,21,minibatch_k64,text_pca256_lexical_w005
27564,33,minibatch_k64,text_pca256_lexical_w005
27565,21,minibatch_k64,text_pca256_lexical_w005
27566,33,minibatch_k64,text_pca256_lexical_w005
27567,0,minibatch_k64,text_pca256_lexical_w005
27568,15,minibatch_k64,text_pca256_lexical_w005
27569,15,minibatch_k64,text_pca256_lexical_w005
27570,0,minibatch_k64,text_pca256_lexical_w005
27571,15,minibatch_k64,text_pca256_lexical_w005
27572,15,minibatch_k64,text_pca256_lexical_w005
27573,0,minibatch_k64,text_pca256_lexical_w005
27574,0,minibatch_k64,text_pca256_lexical_w005
27575,15,minibatch_k64,text_pca256_lexical_w005
27576,62,minibatch_k64,text_pca256_lexical_w005
27577,33,minibatch_k64,text_pca256_lexical_w005
27578,50,minibatch_k64,text_pca256_lexical_w005
27579,62,minibatch_k64,text_pca256_lexical_w005
27580,8,minibatch_k64,text_pca256_lexical_w005
27581,33,minibatch_k64,text_pca256_lexical_w005
27582,8,minibatch_k64,text_pca256_lexical_w005
27583,8,minibatch_k64,text_pca256_lexical_w005
27584,33,minibatch_k64,text_pca256_lexical_w005
27585,0,minibatch_k64,text_pca256_lexical_w005
27586,15,minibatch_k64,text_pca256_lexical_w005
27587,0,minibatch_k64,text_pca256_lexical_w005
27588,45,minibatch_k64,text_pca256_lexical_w005
27589,50,minibatch_k64,text_pca256_lexical_w005
27590,8,minibatch_k64,text_pca256_lexical_w005
27591,0,minibatch_k64,text_pca256_lexical_w005
27592,2,minibatch_k64,text_pca256_lexical_w005
27593,33,minibatch_k64,text_pca256_lexical_w005
27594,0,minibatch_k64,text_pca256_lexical_w005
27595,15,minibatch_k64,text_pca256_lexical_w005
27596,42,minibatch_k64,text_pca256_lexical_w005
27597,33,minibatch_k64,text_pca256_lexical_w005
27598,62,minibatch_k64,text_pca256_lexical_w005
27599,62,minibatch_k64,text_pca256_lexical_w005
27600,21,minibatch_k64,text_pca256_lexical_w005
27601,21,minibatch_k64,text_pca256_lexical_w005
27602,21,minibatch_k64,text_pca256_lexical_w005
27603,62,minibatch_k64,text_pca256_lexical_w005
27604,8,minibatch_k64,text_pca256_lexical_w005
27605,62,minibatch_k64,text_pca256_lexical_w005
27606,62,minibatch_k64,text_pca256_lexical_w005
27607,62,minibatch_k64,text_pca256_lexical_w005
27608,0,minibatch_k64,text_pca256_lexical_w005
27609,25,minibatch_k64,text_pca256_lexical_w005
27610,62,minibatch_k64,text_pca256_lexical_w005
27611,0,minibatch_k64,text_pca256_lexical_w005
27612,62,minibatch_k64,text_pca256_lexical_w005
27613,25,minibatch_k64,text_pca256_lexical_w005
27614,0,minibatch_k64,text_pca256_lexical_w005
27615,0,minibatch_k64,text_pca256_lexical_w005
27616,0,minibatch_k64,text_pca256_lexical_w005
27617,25,minibatch_k64,text_pca256_lexical_w005
27618,42,minibatch_k64,text_pca256_lexical_w005
27619,0,minibatch_k64,text_pca256_lexical_w005
27620,25,minibatch_k64,text_pca256_lexical_w005
27621,25,minibatch_k64,text_pca256_lexical_w005
27622,0,minibatch_k64,text_pca256_lexical_w005
27623,8,minibatch_k64,text_pca256_lexical_w005
27624,59,minibatch_k64,text_pca256_lexical_w005
27625,25,minibatch_k64,text_pca256_lexical_w005
27626,0,minibatch_k64,text_pca256_lexical_w005
27627,62,minibatch_k64,text_pca256_lexical_w005
27628,0,minibatch_k64,text_pca256_lexical_w005
27629,0,minibatch_k64,text_pca256_lexical_w005
27630,25,minibatch_k64,text_pca256_lexical_w005
27631,0,minibatch_k64,text_pca256_lexical_w005
27632,0,minibatch_k64,text_pca256_lexical_w005
27633,25,minibatch_k64,text_pca256_lexical_w005
27634,33,minibatch_k64,text_pca256_lexical_w005
27635,0,minibatch_k64,text_pca256_lexical_w005
27636,25,minibatch_k64,text_pca256_lexical_w005
27637,45,minibatch_k64,text_pca256_lexical_w005
27638,10,minibatch_k64,text_pca256_lexical_w005
27639,33,minibatch_k64,text_pca256_lexical_w005
27640,25,minibatch_k64,text_pca256_lexical_w005
27641,0,minibatch_k64,text_pca256_lexical_w005
27642,4,minibatch_k64,text_pca256_lexical_w005
27643,25,minibatch_k64,text_pca256_lexical_w005
27644,21,minibatch_k64,text_pca256_lexical_w005
27645,33,minibatch_k64,text_pca256_lexical_w005
27646,45,minibatch_k64,text_pca256_lexical_w005
27647,0,minibatch_k64,text_pca256_lexical_w005
27648,25,minibatch_k64,text_pca256_lexical_w005
27649,8,minibatch_k64,text_pca256_lexical_w005
27650,23,minibatch_k64,text_pca256_lexical_w005
27651,0,minibatch_k64,text_pca256_lexical_w005
27652,25,minibatch_k64,text_pca256_lexical_w005
27653,8,minibatch_k64,text_pca256_lexical_w005
27654,0,minibatch_k64,text_pca256_lexical_w005
27655,25,minibatch_k64,text_pca256_lexical_w005
27656,0,minibatch_k64,text_pca256_lexical_w005
27657,15,minibatch_k64,text_pca256_lexical_w005
27658,62,minibatch_k64,text_pca256_lexical_w005
27659,62,minibatch_k64,text_pca256_lexical_w005
27660,6,minibatch_k64,text_pca256_lexical_w005
27661,0,minibatch_k64,text_pca256_lexical_w005
27662,59,minibatch_k64,text_pca256_lexical_w005
27663,6,minibatch_k64,text_pca256_lexical_w005
27664,21,minibatch_k64,text_pca256_lexical_w005
27665,6,minibatch_k64,text_pca256_lexical_w005
27666,8,minibatch_k64,text_pca256_lexical_w005
27667,10,minibatch_k64,text_pca256_lexical_w005
27668,21,minibatch_k64,text_pca256_lexical_w005
27669,5,minibatch_k64,text_pca256_lexical_w005
27670,39,minibatch_k64,text_pca256_lexical_w005
27671,0,minibatch_k64,text_pca256_lexical_w005
27672,33,minibatch_k64,text_pca256_lexical_w005
27673,15,minibatch_k64,text_pca256_lexical_w005
27674,56,minibatch_k64,text_pca256_lexical_w005
27675,56,minibatch_k64,text_pca256_lexical_w005
27676,56,minibatch_k64,text_pca256_lexical_w005
27677,56,minibatch_k64,text_pca256_lexical_w005
27678,62,minibatch_k64,text_pca256_lexical_w005
27679,56,minibatch_k64,text_pca256_lexical_w005
27680,55,minibatch_k64,text_pca256_lexical_w005
27681,37,minibatch_k64,text_pca256_lexical_w005
27682,8,minibatch_k64,text_pca256_lexical_w005
27683,4,minibatch_k64,text_pca256_lexical_w005
27684,0,minibatch_k64,text_pca256_lexical_w005
27685,0,minibatch_k64,text_pca256_lexical_w005
27686,32,minibatch_k64,text_pca256_lexical_w005
27687,8,minibatch_k64,text_pca256_lexical_w005
27688,56,minibatch_k64,text_pca256_lexical_w005
27689,56,minibatch_k64,text_pca256_lexical_w005
27690,62,minibatch_k64,text_pca256_lexical_w005
27691,25,minibatch_k64,text_pca256_lexical_w005
27692,56,minibatch_k64,text_pca256_lexical_w005
27693,56,minibatch_k64,text_pca256_lexical_w005
27694,62,minibatch_k64,text_pca256_lexical_w005
27695,56,minibatch_k64,text_pca256_lexical_w005
27696,38,minibatch_k64,text_pca256_lexical_w005
27697,36,minibatch_k64,text_pca256_lexical_w005
27698,0,minibatch_k64,text_pca256_lexical_w005
27699,56,minibatch_k64,text_pca256_lexical_w005
27700,54,minibatch_k64,text_pca256_lexical_w005
27701,56,minibatch_k64,text_pca256_lexical_w005
27702,56,minibatch_k64,text_pca256_lexical_w005
27703,56,minibatch_k64,text_pca256_lexical_w005
27704,56,minibatch_k64,text_pca256_lexical_w005
27705,0,minibatch_k64,text_pca256_lexical_w005
27706,39,minibatch_k64,text_pca256_lexical_w005
27707,56,minibatch_k64,text_pca256_lexical_w005
27708,39,minibatch_k64,text_pca256_lexical_w005
27709,5,minibatch_k64,text_pca256_lexical_w005
27710,18,minibatch_k64,text_pca256_lexical_w005
27711,56,minibatch_k64,text_pca256_lexical_w005
27712,56,minibatch_k64,text_pca256_lexical_w005
27713,45,minibatch_k64,text_pca256_lexical_w005
27714,8,minibatch_k64,text_pca256_lexical_w005
27715,59,minibatch_k64,text_pca256_lexical_w005
27716,8,minibatch_k64,text_pca256_lexical_w005
27717,59,minibatch_k64,text_pca256_lexical_w005
27718,56,minibatch_k64,text_pca256_lexical_w005
27719,59,minibatch_k64,text_pca256_lexical_w005
27720,56,minibatch_k64,text_pca256_lexical_w005
27721,56,minibatch_k64,text_pca256_lexical_w005
27722,56,minibatch_k64,text_pca256_lexical_w005
27723,42,minibatch_k64,text_pca256_lexical_w005
27724,33,minibatch_k64,text_pca256_lexical_w005
27725,56,minibatch_k64,text_pca256_lexical_w005
27726,56,minibatch_k64,text_pca256_lexical_w005
27727,8,minibatch_k64,text_pca256_lexical_w005
27728,8,minibatch_k64,text_pca256_lexical_w005
27729,56,minibatch_k64,text_pca256_lexical_w005
27730,62,minibatch_k64,text_pca256_lexical_w005
27731,39,minibatch_k64,text_pca256_lexical_w005
27732,6,minibatch_k64,text_pca256_lexical_w005
27733,59,minibatch_k64,text_pca256_lexical_w005
27734,56,minibatch_k64,text_pca256_lexical_w005
27735,56,minibatch_k64,text_pca256_lexical_w005
27736,56,minibatch_k64,text_pca256_lexical_w005
27737,6,minibatch_k64,text_pca256_lexical_w005
27738,56,minibatch_k64,text_pca256_lexical_w005
27739,56,minibatch_k64,text_pca256_lexical_w005
27740,59,minibatch_k64,text_pca256_lexical_w005
27741,59,minibatch_k64,text_pca256_lexical_w005
27742,8,minibatch_k64,text_pca256_lexical_w005
27743,58,minibatch_k64,text_pca256_lexical_w005
27744,21,minibatch_k64,text_pca256_lexical_w005
27745,62,minibatch_k64,text_pca256_lexical_w005
27746,42,minibatch_k64,text_pca256_lexical_w005
27747,15,minibatch_k64,text_pca256_lexical_w005
27748,42,minibatch_k64,text_pca256_lexical_w005
27749,38,minibatch_k64,text_pca256_lexical_w005
27750,42,minibatch_k64,text_pca256_lexical_w005
27751,15,minibatch_k64,text_pca256_lexical_w005
27752,5,minibatch_k64,text_pca256_lexical_w005
27753,8,minibatch_k64,text_pca256_lexical_w005
27754,4,minibatch_k64,text_pca256_lexical_w005
27755,21,minibatch_k64,text_pca256_lexical_w005
27756,5,minibatch_k64,text_pca256_lexical_w005
27757,5,minibatch_k64,text_pca256_lexical_w005
27758,8,minibatch_k64,text_pca256_lexical_w005
27759,62,minibatch_k64,text_pca256_lexical_w005
27760,0,minibatch_k64,text_pca256_lexical_w005
27761,59,minibatch_k64,text_pca256_lexical_w005
27762,62,minibatch_k64,text_pca256_lexical_w005
27763,10,minibatch_k64,text_pca256_lexical_w005
27764,0,minibatch_k64,text_pca256_lexical_w005
27765,62,minibatch_k64,text_pca256_lexical_w005
27766,42,minibatch_k64,text_pca256_lexical_w005
27767,0,minibatch_k64,text_pca256_lexical_w005
27768,0,minibatch_k64,text_pca256_lexical_w005
27769,8,minibatch_k64,text_pca256_lexical_w005
27770,62,minibatch_k64,text_pca256_lexical_w005
27771,42,minibatch_k64,text_pca256_lexical_w005
27772,42,minibatch_k64,text_pca256_lexical_w005
27773,62,minibatch_k64,text_pca256_lexical_w005
27774,62,minibatch_k64,text_pca256_lexical_w005
27775,62,minibatch_k64,text_pca256_lexical_w005
27776,0,minibatch_k64,text_pca256_lexical_w005
27777,4,minibatch_k64,text_pca256_lexical_w005
27778,5,minibatch_k64,text_pca256_lexical_w005
27779,8,minibatch_k64,text_pca256_lexical_w005
27780,4,minibatch_k64,text_pca256_lexical_w005
27781,4,minibatch_k64,text_pca256_lexical_w005
27782,4,minibatch_k64,text_pca256_lexical_w005
27783,4,minibatch_k64,text_pca256_lexical_w005
27784,4,minibatch_k64,text_pca256_lexical_w005
27785,4,minibatch_k64,text_pca256_lexical_w005
27786,4,minibatch_k64,text_pca256_lexical_w005
27787,4,minibatch_k64,text_pca256_lexical_w005
27788,4,minibatch_k64,text_pca256_lexical_w005
27789,5,minibatch_k64,text_pca256_lexical_w005
27790,45,minibatch_k64,text_pca256_lexical_w005
27791,0,minibatch_k64,text_pca256_lexical_w005
27792,4,minibatch_k64,text_pca256_lexical_w005
27793,5,minibatch_k64,text_pca256_lexical_w005
27794,4,minibatch_k64,text_pca256_lexical_w005
27795,4,minibatch_k64,text_pca256_lexical_w005
27796,5,minibatch_k64,text_pca256_lexical_w005
27797,4,minibatch_k64,text_pca256_lexical_w005
27798,62,minibatch_k64,text_pca256_lexical_w005
27799,8,minibatch_k64,text_pca256_lexical_w005
27800,21,minibatch_k64,text_pca256_lexical_w005
27801,8,minibatch_k64,text_pca256_lexical_w005
27802,0,minibatch_k64,text_pca256_lexical_w005
27803,52,minibatch_k64,text_pca256_lexical_w005
27804,59,minibatch_k64,text_pca256_lexical_w005
27805,23,minibatch_k64,text_pca256_lexical_w005
27806,42,minibatch_k64,text_pca256_lexical_w005
27807,5,minibatch_k64,text_pca256_lexical_w005
27808,0,minibatch_k64,text_pca256_lexical_w005
27809,5,minibatch_k64,text_pca256_lexical_w005
27810,38,minibatch_k64,text_pca256_lexical_w005
27811,58,minibatch_k64,text_pca256_lexical_w005
27812,45,minibatch_k64,text_pca256_lexical_w005
27813,59,minibatch_k64,text_pca256_lexical_w005
27814,15,minibatch_k64,text_pca256_lexical_w005
27815,23,minibatch_k64,text_pca256_lexical_w005
27816,22,minibatch_k64,text_pca256_lexical_w005
27817,4,minibatch_k64,text_pca256_lexical_w005
27818,0,minibatch_k64,text_pca256_lexical_w005
27819,8,minibatch_k64,text_pca256_lexical_w005
27820,5,minibatch_k64,text_pca256_lexical_w005
27821,2,minibatch_k64,text_pca256_lexical_w005
27822,0,minibatch_k64,text_pca256_lexical_w005
27823,23,minibatch_k64,text_pca256_lexical_w005
27824,59,minibatch_k64,text_pca256_lexical_w005
27825,8,minibatch_k64,text_pca256_lexical_w005
27826,8,minibatch_k64,text_pca256_lexical_w005
27827,52,minibatch_k64,text_pca256_lexical_w005
27828,8,minibatch_k64,text_pca256_lexical_w005
27829,25,minibatch_k64,text_pca256_lexical_w005
27830,39,minibatch_k64,text_pca256_lexical_w005
27831,15,minibatch_k64,text_pca256_lexical_w005
27832,8,minibatch_k64,text_pca256_lexical_w005
27833,8,minibatch_k64,text_pca256_lexical_w005
27834,0,minibatch_k64,text_pca256_lexical_w005
27835,39,minibatch_k64,text_pca256_lexical_w005
27836,42,minibatch_k64,text_pca256_lexical_w005
27837,52,minibatch_k64,text_pca256_lexical_w005
27838,0,minibatch_k64,text_pca256_lexical_w005
27839,0,minibatch_k64,text_pca256_lexical_w005
27840,0,minibatch_k64,text_pca256_lexical_w005
27841,42,minibatch_k64,text_pca256_lexical_w005
27842,52,minibatch_k64,text_pca256_lexical_w005
27843,53,minibatch_k64,text_pca256_lexical_w005
27844,8,minibatch_k64,text_pca256_lexical_w005
27845,0,minibatch_k64,text_pca256_lexical_w005
27846,15,minibatch_k64,text_pca256_lexical_w005
27847,33,minibatch_k64,text_pca256_lexical_w005
27848,25,minibatch_k64,text_pca256_lexical_w005
27849,23,minibatch_k64,text_pca256_lexical_w005
27850,38,minibatch_k64,text_pca256_lexical_w005
27851,58,minibatch_k64,text_pca256_lexical_w005
27852,23,minibatch_k64,text_pca256_lexical_w005
27853,55,minibatch_k64,text_pca256_lexical_w005
27854,22,minibatch_k64,text_pca256_lexical_w005
27855,23,minibatch_k64,text_pca256_lexical_w005
27856,4,minibatch_k64,text_pca256_lexical_w005
27857,42,minibatch_k64,text_pca256_lexical_w005
27858,10,minibatch_k64,text_pca256_lexical_w005
27859,23,minibatch_k64,text_pca256_lexical_w005
27860,5,minibatch_k64,text_pca256_lexical_w005
27861,53,minibatch_k64,text_pca256_lexical_w005
27862,52,minibatch_k64,text_pca256_lexical_w005
27863,52,minibatch_k64,text_pca256_lexical_w005
27864,0,minibatch_k64,text_pca256_lexical_w005
27865,15,minibatch_k64,text_pca256_lexical_w005
27866,56,minibatch_k64,text_pca256_lexical_w005
27867,8,minibatch_k64,text_pca256_lexical_w005
27868,38,minibatch_k64,text_pca256_lexical_w005
27869,45,minibatch_k64,text_pca256_lexical_w005
27870,58,minibatch_k64,text_pca256_lexical_w005
27871,45,minibatch_k64,text_pca256_lexical_w005
27872,55,minibatch_k64,text_pca256_lexical_w005
27873,23,minibatch_k64,text_pca256_lexical_w005
27874,45,minibatch_k64,text_pca256_lexical_w005
27875,25,minibatch_k64,text_pca256_lexical_w005
27876,0,minibatch_k64,text_pca256_lexical_w005
27877,45,minibatch_k64,text_pca256_lexical_w005
27878,4,minibatch_k64,text_pca256_lexical_w005
27879,4,minibatch_k64,text_pca256_lexical_w005
27880,4,minibatch_k64,text_pca256_lexical_w005
27881,4,minibatch_k64,text_pca256_lexical_w005
27882,4,minibatch_k64,text_pca256_lexical_w005
27883,4,minibatch_k64,text_pca256_lexical_w005
27884,23,minibatch_k64,text_pca256_lexical_w005
27885,4,minibatch_k64,text_pca256_lexical_w005
27886,33,minibatch_k64,text_pca256_lexical_w005
27887,10,minibatch_k64,text_pca256_lexical_w005
27888,62,minibatch_k64,text_pca256_lexical_w005
27889,0,minibatch_k64,text_pca256_lexical_w005
27890,33,minibatch_k64,text_pca256_lexical_w005
27891,45,minibatch_k64,text_pca256_lexical_w005
27892,29,minibatch_k64,text_pca256_lexical_w005
27893,45,minibatch_k64,text_pca256_lexical_w005
27894,0,minibatch_k64,text_pca256_lexical_w005
27895,45,minibatch_k64,text_pca256_lexical_w005
27896,45,minibatch_k64,text_pca256_lexical_w005
27897,15,minibatch_k64,text_pca256_lexical_w005
27898,15,minibatch_k64,text_pca256_lexical_w005
27899,58,minibatch_k64,text_pca256_lexical_w005
27900,38,minibatch_k64,text_pca256_lexical_w005
27901,45,minibatch_k64,text_pca256_lexical_w005
27902,45,minibatch_k64,text_pca256_lexical_w005
27903,55,minibatch_k64,text_pca256_lexical_w005
27904,47,minibatch_k64,text_pca256_lexical_w005
27905,23,minibatch_k64,text_pca256_lexical_w005
27906,63,minibatch_k64,text_pca256_lexical_w005
27907,59,minibatch_k64,text_pca256_lexical_w005
27908,4,minibatch_k64,text_pca256_lexical_w005
27909,4,minibatch_k64,text_pca256_lexical_w005
27910,23,minibatch_k64,text_pca256_lexical_w005
27911,25,minibatch_k64,text_pca256_lexical_w005
27912,4,minibatch_k64,text_pca256_lexical_w005
27913,4,minibatch_k64,text_pca256_lexical_w005
27914,8,minibatch_k64,text_pca256_lexical_w005
27915,29,minibatch_k64,text_pca256_lexical_w005
27916,23,minibatch_k64,text_pca256_lexical_w005
27917,0,minibatch_k64,text_pca256_lexical_w005
27918,4,minibatch_k64,text_pca256_lexical_w005
27919,59,minibatch_k64,text_pca256_lexical_w005
27920,4,minibatch_k64,text_pca256_lexical_w005
27921,62,minibatch_k64,text_pca256_lexical_w005
27922,0,minibatch_k64,text_pca256_lexical_w005
27923,59,minibatch_k64,text_pca256_lexical_w005
27924,45,minibatch_k64,text_pca256_lexical_w005
27925,45,minibatch_k64,text_pca256_lexical_w005
27926,0,minibatch_k64,text_pca256_lexical_w005
27927,0,minibatch_k64,text_pca256_lexical_w005
27928,8,minibatch_k64,text_pca256_lexical_w005
27929,59,minibatch_k64,text_pca256_lexical_w005
27930,0,minibatch_k64,text_pca256_lexical_w005
27931,33,minibatch_k64,text_pca256_lexical_w005
27932,8,minibatch_k64,text_pca256_lexical_w005
27933,0,minibatch_k64,text_pca256_lexical_w005
27934,33,minibatch_k64,text_pca256_lexical_w005
27935,59,minibatch_k64,text_pca256_lexical_w005
27936,8,minibatch_k64,text_pca256_lexical_w005
27937,42,minibatch_k64,text_pca256_lexical_w005
27938,42,minibatch_k64,text_pca256_lexical_w005
27939,56,minibatch_k64,text_pca256_lexical_w005
27940,62,minibatch_k64,text_pca256_lexical_w005
27941,62,minibatch_k64,text_pca256_lexical_w005
27942,0,minibatch_k64,text_pca256_lexical_w005
27943,62,minibatch_k64,text_pca256_lexical_w005
27944,23,minibatch_k64,text_pca256_lexical_w005
27945,23,minibatch_k64,text_pca256_lexical_w005
27946,62,minibatch_k64,text_pca256_lexical_w005
27947,0,minibatch_k64,text_pca256_lexical_w005
27948,62,minibatch_k64,text_pca256_lexical_w005
27949,23,minibatch_k64,text_pca256_lexical_w005
27950,8,minibatch_k64,text_pca256_lexical_w005
27951,33,minibatch_k64,text_pca256_lexical_w005
27952,8,minibatch_k64,text_pca256_lexical_w005
27953,56,minibatch_k64,text_pca256_lexical_w005
27954,33,minibatch_k64,text_pca256_lexical_w005
27955,8,minibatch_k64,text_pca256_lexical_w005
27956,2,minibatch_k64,text_pca256_lexical_w005
27957,59,minibatch_k64,text_pca256_lexical_w005
27958,59,minibatch_k64,text_pca256_lexical_w005
27959,33,minibatch_k64,text_pca256_lexical_w005
27960,8,minibatch_k64,text_pca256_lexical_w005
27961,8,minibatch_k64,text_pca256_lexical_w005
27962,8,minibatch_k64,text_pca256_lexical_w005
27963,0,minibatch_k64,text_pca256_lexical_w005
27964,8,minibatch_k64,text_pca256_lexical_w005
27965,23,minibatch_k64,text_pca256_lexical_w005
27966,62,minibatch_k64,text_pca256_lexical_w005
27967,0,minibatch_k64,text_pca256_lexical_w005
27968,42,minibatch_k64,text_pca256_lexical_w005
27969,62,minibatch_k64,text_pca256_lexical_w005
27970,2,minibatch_k64,text_pca256_lexical_w005
27971,62,minibatch_k64,text_pca256_lexical_w005
27972,10,minibatch_k64,text_pca256_lexical_w005
27973,10,minibatch_k64,text_pca256_lexical_w005
27974,8,minibatch_k64,text_pca256_lexical_w005
27975,10,minibatch_k64,text_pca256_lexical_w005
27976,62,minibatch_k64,text_pca256_lexical_w005
27977,0,minibatch_k64,text_pca256_lexical_w005
27978,33,minibatch_k64,text_pca256_lexical_w005
27979,62,minibatch_k64,text_pca256_lexical_w005
27980,62,minibatch_k64,text_pca256_lexical_w005
27981,8,minibatch_k64,text_pca256_lexical_w005
27982,10,minibatch_k64,text_pca256_lexical_w005
27983,0,minibatch_k64,text_pca256_lexical_w005
27984,15,minibatch_k64,text_pca256_lexical_w005
27985,0,minibatch_k64,text_pca256_lexical_w005
27986,56,minibatch_k64,text_pca256_lexical_w005
27987,42,minibatch_k64,text_pca256_lexical_w005
27988,0,minibatch_k64,text_pca256_lexical_w005
27989,0,minibatch_k64,text_pca256_lexical_w005
27990,45,minibatch_k64,text_pca256_lexical_w005
27991,23,minibatch_k64,text_pca256_lexical_w005
27992,8,minibatch_k64,text_pca256_lexical_w005
27993,45,minibatch_k64,text_pca256_lexical_w005
27994,58,minibatch_k64,text_pca256_lexical_w005
27995,55,minibatch_k64,text_pca256_lexical_w005
27996,22,minibatch_k64,text_pca256_lexical_w005
27997,10,minibatch_k64,text_pca256_lexical_w005
27998,4,minibatch_k64,text_pca256_lexical_w005
27999,45,minibatch_k64,text_pca256_lexical_w005
28000,0,minibatch_k64,text_pca256_lexical_w005
28001,45,minibatch_k64,text_pca256_lexical_w005
28002,4,minibatch_k64,text_pca256_lexical_w005
28003,23,minibatch_k64,text_pca256_lexical_w005
28004,4,minibatch_k64,text_pca256_lexical_w005
28005,59,minibatch_k64,text_pca256_lexical_w005
28006,10,minibatch_k64,text_pca256_lexical_w005
28007,4,minibatch_k64,text_pca256_lexical_w005
28008,4,minibatch_k64,text_pca256_lexical_w005
28009,4,minibatch_k64,text_pca256_lexical_w005
28010,45,minibatch_k64,text_pca256_lexical_w005
28011,45,minibatch_k64,text_pca256_lexical_w005
28012,45,minibatch_k64,text_pca256_lexical_w005
28013,45,minibatch_k64,text_pca256_lexical_w005
28014,56,minibatch_k64,text_pca256_lexical_w005
28015,8,minibatch_k64,text_pca256_lexical_w005
28016,62,minibatch_k64,text_pca256_lexical_w005
28017,62,minibatch_k64,text_pca256_lexical_w005
28018,0,minibatch_k64,text_pca256_lexical_w005
28019,59,minibatch_k64,text_pca256_lexical_w005
28020,25,minibatch_k64,text_pca256_lexical_w005
28021,0,minibatch_k64,text_pca256_lexical_w005
28022,59,minibatch_k64,text_pca256_lexical_w005
28023,56,minibatch_k64,text_pca256_lexical_w005
28024,0,minibatch_k64,text_pca256_lexical_w005
28025,0,minibatch_k64,text_pca256_lexical_w005
28026,62,minibatch_k64,text_pca256_lexical_w005
28027,15,minibatch_k64,text_pca256_lexical_w005
28028,39,minibatch_k64,text_pca256_lexical_w005
28029,42,minibatch_k64,text_pca256_lexical_w005
28030,62,minibatch_k64,text_pca256_lexical_w005
28031,15,minibatch_k64,text_pca256_lexical_w005
28032,42,minibatch_k64,text_pca256_lexical_w005
28033,59,minibatch_k64,text_pca256_lexical_w005
28034,0,minibatch_k64,text_pca256_lexical_w005
28035,56,minibatch_k64,text_pca256_lexical_w005
28036,2,minibatch_k64,text_pca256_lexical_w005
28037,23,minibatch_k64,text_pca256_lexical_w005
28038,8,minibatch_k64,text_pca256_lexical_w005
28039,0,minibatch_k64,text_pca256_lexical_w005
28040,0,minibatch_k64,text_pca256_lexical_w005
28041,0,minibatch_k64,text_pca256_lexical_w005
28042,62,minibatch_k64,text_pca256_lexical_w005
28043,59,minibatch_k64,text_pca256_lexical_w005
28044,62,minibatch_k64,text_pca256_lexical_w005
28045,59,minibatch_k64,text_pca256_lexical_w005
28046,15,minibatch_k64,text_pca256_lexical_w005
28047,62,minibatch_k64,text_pca256_lexical_w005
28048,62,minibatch_k64,text_pca256_lexical_w005
28049,0,minibatch_k64,text_pca256_lexical_w005
28050,0,minibatch_k64,text_pca256_lexical_w005
28051,0,minibatch_k64,text_pca256_lexical_w005
28052,10,minibatch_k64,text_pca256_lexical_w005
28053,62,minibatch_k64,text_pca256_lexical_w005
28054,12,minibatch_k64,text_pca256_lexical_w005
28055,62,minibatch_k64,text_pca256_lexical_w005
28056,0,minibatch_k64,text_pca256_lexical_w005
28057,0,minibatch_k64,text_pca256_lexical_w005
28058,10,minibatch_k64,text_pca256_lexical_w005
28059,62,minibatch_k64,text_pca256_lexical_w005
28060,0,minibatch_k64,text_pca256_lexical_w005
28061,62,minibatch_k64,text_pca256_lexical_w005
28062,62,minibatch_k64,text_pca256_lexical_w005
28063,10,minibatch_k64,text_pca256_lexical_w005
28064,0,minibatch_k64,text_pca256_lexical_w005
28065,0,minibatch_k64,text_pca256_lexical_w005
28066,62,minibatch_k64,text_pca256_lexical_w005
28067,25,minibatch_k64,text_pca256_lexical_w005
28068,25,minibatch_k64,text_pca256_lexical_w005
28069,0,minibatch_k64,text_pca256_lexical_w005
28070,0,minibatch_k64,text_pca256_lexical_w005
28071,45,minibatch_k64,text_pca256_lexical_w005
28072,4,minibatch_k64,text_pca256_lexical_w005
28073,23,minibatch_k64,text_pca256_lexical_w005
28074,62,minibatch_k64,text_pca256_lexical_w005
28075,38,minibatch_k64,text_pca256_lexical_w005
28076,45,minibatch_k64,text_pca256_lexical_w005
28077,58,minibatch_k64,text_pca256_lexical_w005
28078,45,minibatch_k64,text_pca256_lexical_w005
28079,55,minibatch_k64,text_pca256_lexical_w005
28080,10,minibatch_k64,text_pca256_lexical_w005
28081,23,minibatch_k64,text_pca256_lexical_w005
28082,10,minibatch_k64,text_pca256_lexical_w005
28083,45,minibatch_k64,text_pca256_lexical_w005
28084,4,minibatch_k64,text_pca256_lexical_w005
28085,5,minibatch_k64,text_pca256_lexical_w005
28086,62,minibatch_k64,text_pca256_lexical_w005
28087,4,minibatch_k64,text_pca256_lexical_w005
28088,45,minibatch_k64,text_pca256_lexical_w005
28089,5,minibatch_k64,text_pca256_lexical_w005
28090,8,minibatch_k64,text_pca256_lexical_w005
28091,45,minibatch_k64,text_pca256_lexical_w005
28092,45,minibatch_k64,text_pca256_lexical_w005
28093,4,minibatch_k64,text_pca256_lexical_w005
28094,62,minibatch_k64,text_pca256_lexical_w005
28095,45,minibatch_k64,text_pca256_lexical_w005
28096,62,minibatch_k64,text_pca256_lexical_w005
28097,56,minibatch_k64,text_pca256_lexical_w005
28098,59,minibatch_k64,text_pca256_lexical_w005
28099,8,minibatch_k64,text_pca256_lexical_w005
28100,2,minibatch_k64,text_pca256_lexical_w005
28101,10,minibatch_k64,text_pca256_lexical_w005
28102,23,minibatch_k64,text_pca256_lexical_w005
28103,8,minibatch_k64,text_pca256_lexical_w005
28104,62,minibatch_k64,text_pca256_lexical_w005
28105,62,minibatch_k64,text_pca256_lexical_w005
28106,23,minibatch_k64,text_pca256_lexical_w005
28107,0,minibatch_k64,text_pca256_lexical_w005
28108,2,minibatch_k64,text_pca256_lexical_w005
28109,8,minibatch_k64,text_pca256_lexical_w005
28110,15,minibatch_k64,text_pca256_lexical_w005
28111,0,minibatch_k64,text_pca256_lexical_w005
28112,62,minibatch_k64,text_pca256_lexical_w005
28113,42,minibatch_k64,text_pca256_lexical_w005
28114,10,minibatch_k64,text_pca256_lexical_w005
28115,59,minibatch_k64,text_pca256_lexical_w005
28116,62,minibatch_k64,text_pca256_lexical_w005
28117,62,minibatch_k64,text_pca256_lexical_w005
28118,62,minibatch_k64,text_pca256_lexical_w005
28119,23,minibatch_k64,text_pca256_lexical_w005
28120,42,minibatch_k64,text_pca256_lexical_w005
28121,0,minibatch_k64,text_pca256_lexical_w005
28122,2,minibatch_k64,text_pca256_lexical_w005
28123,23,minibatch_k64,text_pca256_lexical_w005
28124,0,minibatch_k64,text_pca256_lexical_w005
28125,56,minibatch_k64,text_pca256_lexical_w005
28126,8,minibatch_k64,text_pca256_lexical_w005
28127,5,minibatch_k64,text_pca256_lexical_w005
28128,15,minibatch_k64,text_pca256_lexical_w005
28129,58,minibatch_k64,text_pca256_lexical_w005
28130,8,minibatch_k64,text_pca256_lexical_w005
28131,38,minibatch_k64,text_pca256_lexical_w005
28132,45,minibatch_k64,text_pca256_lexical_w005
28133,55,minibatch_k64,text_pca256_lexical_w005
28134,22,minibatch_k64,text_pca256_lexical_w005
28135,4,minibatch_k64,text_pca256_lexical_w005
28136,15,minibatch_k64,text_pca256_lexical_w005
28137,15,minibatch_k64,text_pca256_lexical_w005
28138,25,minibatch_k64,text_pca256_lexical_w005
28139,10,minibatch_k64,text_pca256_lexical_w005
28140,45,minibatch_k64,text_pca256_lexical_w005
28141,4,minibatch_k64,text_pca256_lexical_w005
28142,4,minibatch_k64,text_pca256_lexical_w005
28143,59,minibatch_k64,text_pca256_lexical_w005
28144,62,minibatch_k64,text_pca256_lexical_w005
28145,62,minibatch_k64,text_pca256_lexical_w005
28146,59,minibatch_k64,text_pca256_lexical_w005
28147,58,minibatch_k64,text_pca256_lexical_w005
28148,38,minibatch_k64,text_pca256_lexical_w005
28149,45,minibatch_k64,text_pca256_lexical_w005
28150,55,minibatch_k64,text_pca256_lexical_w005
28151,62,minibatch_k64,text_pca256_lexical_w005
28152,22,minibatch_k64,text_pca256_lexical_w005
28153,4,minibatch_k64,text_pca256_lexical_w005
28154,18,minibatch_k64,text_pca256_lexical_w005
28155,25,minibatch_k64,text_pca256_lexical_w005
28156,62,minibatch_k64,text_pca256_lexical_w005
28157,0,minibatch_k64,text_pca256_lexical_w005
28158,0,minibatch_k64,text_pca256_lexical_w005
28159,8,minibatch_k64,text_pca256_lexical_w005
28160,47,minibatch_k64,text_pca256_lexical_w005
28161,10,minibatch_k64,text_pca256_lexical_w005
28162,8,minibatch_k64,text_pca256_lexical_w005
28163,0,minibatch_k64,text_pca256_lexical_w005
28164,0,minibatch_k64,text_pca256_lexical_w005
28165,10,minibatch_k64,text_pca256_lexical_w005
28166,0,minibatch_k64,text_pca256_lexical_w005
28167,0,minibatch_k64,text_pca256_lexical_w005
28168,21,minibatch_k64,text_pca256_lexical_w005
28169,0,minibatch_k64,text_pca256_lexical_w005
28170,45,minibatch_k64,text_pca256_lexical_w005
28171,8,minibatch_k64,text_pca256_lexical_w005
28172,0,minibatch_k64,text_pca256_lexical_w005
28173,23,minibatch_k64,text_pca256_lexical_w005
28174,0,minibatch_k64,text_pca256_lexical_w005
28175,0,minibatch_k64,text_pca256_lexical_w005
28176,62,minibatch_k64,text_pca256_lexical_w005
28177,0,minibatch_k64,text_pca256_lexical_w005
28178,8,minibatch_k64,text_pca256_lexical_w005
28179,62,minibatch_k64,text_pca256_lexical_w005
28180,56,minibatch_k64,text_pca256_lexical_w005
28181,62,minibatch_k64,text_pca256_lexical_w005
28182,8,minibatch_k64,text_pca256_lexical_w005
28183,8,minibatch_k64,text_pca256_lexical_w005
28184,45,minibatch_k64,text_pca256_lexical_w005
28185,0,minibatch_k64,text_pca256_lexical_w005
28186,5,minibatch_k64,text_pca256_lexical_w005
28187,15,minibatch_k64,text_pca256_lexical_w005
28188,45,minibatch_k64,text_pca256_lexical_w005
28189,23,minibatch_k64,text_pca256_lexical_w005
28190,10,minibatch_k64,text_pca256_lexical_w005
28191,15,minibatch_k64,text_pca256_lexical_w005
28192,45,minibatch_k64,text_pca256_lexical_w005
28193,5,minibatch_k64,text_pca256_lexical_w005
28194,0,minibatch_k64,text_pca256_lexical_w005
28195,0,minibatch_k64,text_pca256_lexical_w005
28196,15,minibatch_k64,text_pca256_lexical_w005
28197,62,minibatch_k64,text_pca256_lexical_w005
28198,62,minibatch_k64,text_pca256_lexical_w005
28199,58,minibatch_k64,text_pca256_lexical_w005
28200,38,minibatch_k64,text_pca256_lexical_w005
28201,55,minibatch_k64,text_pca256_lexical_w005
28202,63,minibatch_k64,text_pca256_lexical_w005
28203,25,minibatch_k64,text_pca256_lexical_w005
28204,0,minibatch_k64,text_pca256_lexical_w005
28205,8,minibatch_k64,text_pca256_lexical_w005
28206,0,minibatch_k64,text_pca256_lexical_w005
28207,42,minibatch_k64,text_pca256_lexical_w005
28208,59,minibatch_k64,text_pca256_lexical_w005
28209,5,minibatch_k64,text_pca256_lexical_w005
28210,0,minibatch_k64,text_pca256_lexical_w005
28211,10,minibatch_k64,text_pca256_lexical_w005
28212,0,minibatch_k64,text_pca256_lexical_w005
28213,33,minibatch_k64,text_pca256_lexical_w005
28214,59,minibatch_k64,text_pca256_lexical_w005
28215,33,minibatch_k64,text_pca256_lexical_w005
28216,8,minibatch_k64,text_pca256_lexical_w005
28217,21,minibatch_k64,text_pca256_lexical_w005
28218,8,minibatch_k64,text_pca256_lexical_w005
28219,0,minibatch_k64,text_pca256_lexical_w005
28220,0,minibatch_k64,text_pca256_lexical_w005
28221,42,minibatch_k64,text_pca256_lexical_w005
28222,58,minibatch_k64,text_pca256_lexical_w005
28223,38,minibatch_k64,text_pca256_lexical_w005
28224,23,minibatch_k64,text_pca256_lexical_w005
28225,55,minibatch_k64,text_pca256_lexical_w005
28226,25,minibatch_k64,text_pca256_lexical_w005
28227,0,minibatch_k64,text_pca256_lexical_w005
28228,62,minibatch_k64,text_pca256_lexical_w005
28229,0,minibatch_k64,text_pca256_lexical_w005
28230,20,minibatch_k64,text_pca256_lexical_w005
28231,15,minibatch_k64,text_pca256_lexical_w005
28232,0,minibatch_k64,text_pca256_lexical_w005
28233,25,minibatch_k64,text_pca256_lexical_w005
28234,38,minibatch_k64,text_pca256_lexical_w005
28235,55,minibatch_k64,text_pca256_lexical_w005
28236,22,minibatch_k64,text_pca256_lexical_w005
28237,0,minibatch_k64,text_pca256_lexical_w005
28238,8,minibatch_k64,text_pca256_lexical_w005
28239,10,minibatch_k64,text_pca256_lexical_w005
28240,42,minibatch_k64,text_pca256_lexical_w005
28241,8,minibatch_k64,text_pca256_lexical_w005
28242,8,minibatch_k64,text_pca256_lexical_w005
28243,8,minibatch_k64,text_pca256_lexical_w005
28244,62,minibatch_k64,text_pca256_lexical_w005
28245,59,minibatch_k64,text_pca256_lexical_w005
28246,59,minibatch_k64,text_pca256_lexical_w005
28247,8,minibatch_k64,text_pca256_lexical_w005
28248,0,minibatch_k64,text_pca256_lexical_w005
28249,62,minibatch_k64,text_pca256_lexical_w005
28250,21,minibatch_k64,text_pca256_lexical_w005
28251,8,minibatch_k64,text_pca256_lexical_w005
28252,38,minibatch_k64,text_pca256_lexical_w005
28253,59,minibatch_k64,text_pca256_lexical_w005
28254,25,minibatch_k64,text_pca256_lexical_w005
28255,23,minibatch_k64,text_pca256_lexical_w005
28256,59,minibatch_k64,text_pca256_lexical_w005
28257,23,minibatch_k64,text_pca256_lexical_w005
28258,0,minibatch_k64,text_pca256_lexical_w005
28259,8,minibatch_k64,text_pca256_lexical_w005
28260,0,minibatch_k64,text_pca256_lexical_w005
28261,38,minibatch_k64,text_pca256_lexical_w005
28262,36,minibatch_k64,text_pca256_lexical_w005
28263,55,minibatch_k64,text_pca256_lexical_w005
28264,22,minibatch_k64,text_pca256_lexical_w005
28265,25,minibatch_k64,text_pca256_lexical_w005
28266,0,minibatch_k64,text_pca256_lexical_w005
28267,42,minibatch_k64,text_pca256_lexical_w005
28268,8,minibatch_k64,text_pca256_lexical_w005
28269,42,minibatch_k64,text_pca256_lexical_w005
28270,0,minibatch_k64,text_pca256_lexical_w005
28271,0,minibatch_k64,text_pca256_lexical_w005
28272,8,minibatch_k64,text_pca256_lexical_w005
28273,8,minibatch_k64,text_pca256_lexical_w005
28274,62,minibatch_k64,text_pca256_lexical_w005
28275,45,minibatch_k64,text_pca256_lexical_w005
28276,45,minibatch_k64,text_pca256_lexical_w005
28277,62,minibatch_k64,text_pca256_lexical_w005
28278,42,minibatch_k64,text_pca256_lexical_w005
28279,8,minibatch_k64,text_pca256_lexical_w005
28280,8,minibatch_k64,text_pca256_lexical_w005
28281,8,minibatch_k64,text_pca256_lexical_w005
28282,25,minibatch_k64,text_pca256_lexical_w005
28283,0,minibatch_k64,text_pca256_lexical_w005
28284,2,minibatch_k64,text_pca256_lexical_w005
28285,33,minibatch_k64,text_pca256_lexical_w005
28286,56,minibatch_k64,text_pca256_lexical_w005
28287,59,minibatch_k64,text_pca256_lexical_w005
28288,10,minibatch_k64,text_pca256_lexical_w005
28289,8,minibatch_k64,text_pca256_lexical_w005
28290,8,minibatch_k64,text_pca256_lexical_w005
28291,25,minibatch_k64,text_pca256_lexical_w005
28292,56,minibatch_k64,text_pca256_lexical_w005
28293,59,minibatch_k64,text_pca256_lexical_w005
28294,62,minibatch_k64,text_pca256_lexical_w005
28295,59,minibatch_k64,text_pca256_lexical_w005
28296,38,minibatch_k64,text_pca256_lexical_w005
28297,45,minibatch_k64,text_pca256_lexical_w005
28298,36,minibatch_k64,text_pca256_lexical_w005
28299,23,minibatch_k64,text_pca256_lexical_w005
28300,55,minibatch_k64,text_pca256_lexical_w005
28301,22,minibatch_k64,text_pca256_lexical_w005
28302,4,minibatch_k64,text_pca256_lexical_w005
28303,0,minibatch_k64,text_pca256_lexical_w005
28304,8,minibatch_k64,text_pca256_lexical_w005
28305,0,minibatch_k64,text_pca256_lexical_w005
28306,8,minibatch_k64,text_pca256_lexical_w005
28307,45,minibatch_k64,text_pca256_lexical_w005
28308,45,minibatch_k64,text_pca256_lexical_w005
28309,38,minibatch_k64,text_pca256_lexical_w005
28310,45,minibatch_k64,text_pca256_lexical_w005
28311,36,minibatch_k64,text_pca256_lexical_w005
28312,45,minibatch_k64,text_pca256_lexical_w005
28313,55,minibatch_k64,text_pca256_lexical_w005
28314,63,minibatch_k64,text_pca256_lexical_w005
28315,23,minibatch_k64,text_pca256_lexical_w005
28316,45,minibatch_k64,text_pca256_lexical_w005
28317,25,minibatch_k64,text_pca256_lexical_w005
28318,62,minibatch_k64,text_pca256_lexical_w005
28319,62,minibatch_k64,text_pca256_lexical_w005
28320,59,minibatch_k64,text_pca256_lexical_w005
28321,59,minibatch_k64,text_pca256_lexical_w005
28322,59,minibatch_k64,text_pca256_lexical_w005
28323,8,minibatch_k64,text_pca256_lexical_w005
28324,59,minibatch_k64,text_pca256_lexical_w005
28325,8,minibatch_k64,text_pca256_lexical_w005
28326,45,minibatch_k64,text_pca256_lexical_w005
28327,45,minibatch_k64,text_pca256_lexical_w005
28328,36,minibatch_k64,text_pca256_lexical_w005
28329,0,minibatch_k64,text_pca256_lexical_w005
28330,55,minibatch_k64,text_pca256_lexical_w005
28331,22,minibatch_k64,text_pca256_lexical_w005
28332,23,minibatch_k64,text_pca256_lexical_w005
28333,45,minibatch_k64,text_pca256_lexical_w005
28334,23,minibatch_k64,text_pca256_lexical_w005
28335,23,minibatch_k64,text_pca256_lexical_w005
28336,25,minibatch_k64,text_pca256_lexical_w005
28337,45,minibatch_k64,text_pca256_lexical_w005
28338,33,minibatch_k64,text_pca256_lexical_w005
28339,59,minibatch_k64,text_pca256_lexical_w005
28340,0,minibatch_k64,text_pca256_lexical_w005
28341,4,minibatch_k64,text_pca256_lexical_w005
28342,42,minibatch_k64,text_pca256_lexical_w005
28343,8,minibatch_k64,text_pca256_lexical_w005
28344,59,minibatch_k64,text_pca256_lexical_w005
28345,59,minibatch_k64,text_pca256_lexical_w005
28346,62,minibatch_k64,text_pca256_lexical_w005
28347,8,minibatch_k64,text_pca256_lexical_w005
28348,8,minibatch_k64,text_pca256_lexical_w005
28349,62,minibatch_k64,text_pca256_lexical_w005
28350,42,minibatch_k64,text_pca256_lexical_w005
28351,43,minibatch_k64,text_pca256_lexical_w005
28352,45,minibatch_k64,text_pca256_lexical_w005
28353,48,minibatch_k64,text_pca256_lexical_w005
28354,45,minibatch_k64,text_pca256_lexical_w005
28355,10,minibatch_k64,text_pca256_lexical_w005
28356,45,minibatch_k64,text_pca256_lexical_w005
28357,45,minibatch_k64,text_pca256_lexical_w005
28358,0,minibatch_k64,text_pca256_lexical_w005
28359,59,minibatch_k64,text_pca256_lexical_w005
28360,8,minibatch_k64,text_pca256_lexical_w005
28361,42,minibatch_k64,text_pca256_lexical_w005
28362,59,minibatch_k64,text_pca256_lexical_w005
28363,59,minibatch_k64,text_pca256_lexical_w005
28364,59,minibatch_k64,text_pca256_lexical_w005
28365,45,minibatch_k64,text_pca256_lexical_w005
28366,45,minibatch_k64,text_pca256_lexical_w005
28367,45,minibatch_k64,text_pca256_lexical_w005
28368,59,minibatch_k64,text_pca256_lexical_w005
28369,45,minibatch_k64,text_pca256_lexical_w005
28370,33,minibatch_k64,text_pca256_lexical_w005
28371,45,minibatch_k64,text_pca256_lexical_w005
28372,45,minibatch_k64,text_pca256_lexical_w005
28373,45,minibatch_k64,text_pca256_lexical_w005
28374,45,minibatch_k64,text_pca256_lexical_w005
28375,62,minibatch_k64,text_pca256_lexical_w005
28376,27,minibatch_k64,text_pca256_lexical_w005
28377,45,minibatch_k64,text_pca256_lexical_w005
28378,45,minibatch_k64,text_pca256_lexical_w005
28379,45,minibatch_k64,text_pca256_lexical_w005
28380,59,minibatch_k64,text_pca256_lexical_w005
28381,45,minibatch_k64,text_pca256_lexical_w005
28382,45,minibatch_k64,text_pca256_lexical_w005
28383,33,minibatch_k64,text_pca256_lexical_w005
28384,42,minibatch_k64,text_pca256_lexical_w005
28385,0,minibatch_k64,text_pca256_lexical_w005
28386,27,minibatch_k64,text_pca256_lexical_w005
28387,27,minibatch_k64,text_pca256_lexical_w005
28388,8,minibatch_k64,text_pca256_lexical_w005
28389,0,minibatch_k64,text_pca256_lexical_w005
28390,45,minibatch_k64,text_pca256_lexical_w005
28391,23,minibatch_k64,text_pca256_lexical_w005
28392,10,minibatch_k64,text_pca256_lexical_w005
28393,10,minibatch_k64,text_pca256_lexical_w005
28394,62,minibatch_k64,text_pca256_lexical_w005
28395,39,minibatch_k64,text_pca256_lexical_w005
28396,45,minibatch_k64,text_pca256_lexical_w005
28397,62,minibatch_k64,text_pca256_lexical_w005
28398,62,minibatch_k64,text_pca256_lexical_w005
28399,45,minibatch_k64,text_pca256_lexical_w005
28400,0,minibatch_k64,text_pca256_lexical_w005
28401,45,minibatch_k64,text_pca256_lexical_w005
28402,45,minibatch_k64,text_pca256_lexical_w005
28403,45,minibatch_k64,text_pca256_lexical_w005
28404,59,minibatch_k64,text_pca256_lexical_w005
28405,50,minibatch_k64,text_pca256_lexical_w005
28406,59,minibatch_k64,text_pca256_lexical_w005
28407,59,minibatch_k64,text_pca256_lexical_w005
28408,59,minibatch_k64,text_pca256_lexical_w005
28409,48,minibatch_k64,text_pca256_lexical_w005
28410,59,minibatch_k64,text_pca256_lexical_w005
28411,0,minibatch_k64,text_pca256_lexical_w005
28412,59,minibatch_k64,text_pca256_lexical_w005
28413,45,minibatch_k64,text_pca256_lexical_w005
28414,59,minibatch_k64,text_pca256_lexical_w005
28415,59,minibatch_k64,text_pca256_lexical_w005
28416,45,minibatch_k64,text_pca256_lexical_w005
28417,59,minibatch_k64,text_pca256_lexical_w005
28418,10,minibatch_k64,text_pca256_lexical_w005
28419,42,minibatch_k64,text_pca256_lexical_w005
28420,59,minibatch_k64,text_pca256_lexical_w005
28421,59,minibatch_k64,text_pca256_lexical_w005
28422,59,minibatch_k64,text_pca256_lexical_w005
28423,8,minibatch_k64,text_pca256_lexical_w005
28424,59,minibatch_k64,text_pca256_lexical_w005
28425,59,minibatch_k64,text_pca256_lexical_w005
28426,8,minibatch_k64,text_pca256_lexical_w005
28427,59,minibatch_k64,text_pca256_lexical_w005
28428,59,minibatch_k64,text_pca256_lexical_w005
28429,15,minibatch_k64,text_pca256_lexical_w005
28430,45,minibatch_k64,text_pca256_lexical_w005
28431,45,minibatch_k64,text_pca256_lexical_w005
28432,8,minibatch_k64,text_pca256_lexical_w005
28433,42,minibatch_k64,text_pca256_lexical_w005
28434,59,minibatch_k64,text_pca256_lexical_w005
28435,8,minibatch_k64,text_pca256_lexical_w005
28436,8,minibatch_k64,text_pca256_lexical_w005
28437,62,minibatch_k64,text_pca256_lexical_w005
28438,15,minibatch_k64,text_pca256_lexical_w005
28439,45,minibatch_k64,text_pca256_lexical_w005
28440,45,minibatch_k64,text_pca256_lexical_w005
28441,33,minibatch_k64,text_pca256_lexical_w005
28442,23,minibatch_k64,text_pca256_lexical_w005
28443,59,minibatch_k64,text_pca256_lexical_w005
28444,45,minibatch_k64,text_pca256_lexical_w005
28445,45,minibatch_k64,text_pca256_lexical_w005
28446,59,minibatch_k64,text_pca256_lexical_w005
28447,59,minibatch_k64,text_pca256_lexical_w005
28448,59,minibatch_k64,text_pca256_lexical_w005
28449,59,minibatch_k64,text_pca256_lexical_w005
28450,59,minibatch_k64,text_pca256_lexical_w005
28451,0,minibatch_k64,text_pca256_lexical_w005
28452,59,minibatch_k64,text_pca256_lexical_w005
28453,0,minibatch_k64,text_pca256_lexical_w005
28454,0,minibatch_k64,text_pca256_lexical_w005
28455,59,minibatch_k64,text_pca256_lexical_w005
28456,59,minibatch_k64,text_pca256_lexical_w005
28457,45,minibatch_k64,text_pca256_lexical_w005
28458,59,minibatch_k64,text_pca256_lexical_w005
28459,59,minibatch_k64,text_pca256_lexical_w005
28460,8,minibatch_k64,text_pca256_lexical_w005
28461,59,minibatch_k64,text_pca256_lexical_w005
28462,45,minibatch_k64,text_pca256_lexical_w005
28463,42,minibatch_k64,text_pca256_lexical_w005
28464,45,minibatch_k64,text_pca256_lexical_w005
28465,42,minibatch_k64,text_pca256_lexical_w005
28466,59,minibatch_k64,text_pca256_lexical_w005
28467,45,minibatch_k64,text_pca256_lexical_w005
28468,45,minibatch_k64,text_pca256_lexical_w005
28469,59,minibatch_k64,text_pca256_lexical_w005
28470,45,minibatch_k64,text_pca256_lexical_w005
28471,59,minibatch_k64,text_pca256_lexical_w005
28472,10,minibatch_k64,text_pca256_lexical_w005
28473,53,minibatch_k64,text_pca256_lexical_w005
28474,0,minibatch_k64,text_pca256_lexical_w005
28475,33,minibatch_k64,text_pca256_lexical_w005
28476,8,minibatch_k64,text_pca256_lexical_w005
28477,59,minibatch_k64,text_pca256_lexical_w005
28478,59,minibatch_k64,text_pca256_lexical_w005
28479,45,minibatch_k64,text_pca256_lexical_w005
28480,34,minibatch_k64,text_pca256_lexical_w005
28481,15,minibatch_k64,text_pca256_lexical_w005
28482,59,minibatch_k64,text_pca256_lexical_w005
28483,50,minibatch_k64,text_pca256_lexical_w005
28484,15,minibatch_k64,text_pca256_lexical_w005
28485,59,minibatch_k64,text_pca256_lexical_w005
28486,0,minibatch_k64,text_pca256_lexical_w005
28487,15,minibatch_k64,text_pca256_lexical_w005
28488,10,minibatch_k64,text_pca256_lexical_w005
28489,62,minibatch_k64,text_pca256_lexical_w005
28490,15,minibatch_k64,text_pca256_lexical_w005
28491,48,minibatch_k64,text_pca256_lexical_w005
28492,42,minibatch_k64,text_pca256_lexical_w005
28493,59,minibatch_k64,text_pca256_lexical_w005
28494,6,minibatch_k64,text_pca256_lexical_w005
28495,10,minibatch_k64,text_pca256_lexical_w005
28496,59,minibatch_k64,text_pca256_lexical_w005
28497,59,minibatch_k64,text_pca256_lexical_w005
28498,59,minibatch_k64,text_pca256_lexical_w005
28499,15,minibatch_k64,text_pca256_lexical_w005
28500,59,minibatch_k64,text_pca256_lexical_w005
28501,59,minibatch_k64,text_pca256_lexical_w005
28502,59,minibatch_k64,text_pca256_lexical_w005
28503,59,minibatch_k64,text_pca256_lexical_w005
28504,59,minibatch_k64,text_pca256_lexical_w005
28505,59,minibatch_k64,text_pca256_lexical_w005
28506,0,minibatch_k64,text_pca256_lexical_w005
28507,10,minibatch_k64,text_pca256_lexical_w005
28508,33,minibatch_k64,text_pca256_lexical_w005
28509,59,minibatch_k64,text_pca256_lexical_w005
28510,59,minibatch_k64,text_pca256_lexical_w005
28511,59,minibatch_k64,text_pca256_lexical_w005
28512,59,minibatch_k64,text_pca256_lexical_w005
28513,59,minibatch_k64,text_pca256_lexical_w005
28514,59,minibatch_k64,text_pca256_lexical_w005
28515,15,minibatch_k64,text_pca256_lexical_w005
28516,42,minibatch_k64,text_pca256_lexical_w005
28517,6,minibatch_k64,text_pca256_lexical_w005
28518,42,minibatch_k64,text_pca256_lexical_w005
28519,10,minibatch_k64,text_pca256_lexical_w005
28520,59,minibatch_k64,text_pca256_lexical_w005
28521,21,minibatch_k64,text_pca256_lexical_w005
28522,45,minibatch_k64,text_pca256_lexical_w005
28523,59,minibatch_k64,text_pca256_lexical_w005
28524,23,minibatch_k64,text_pca256_lexical_w005
28525,59,minibatch_k64,text_pca256_lexical_w005
28526,10,minibatch_k64,text_pca256_lexical_w005
28527,8,minibatch_k64,text_pca256_lexical_w005
28528,8,minibatch_k64,text_pca256_lexical_w005
28529,15,minibatch_k64,text_pca256_lexical_w005
28530,59,minibatch_k64,text_pca256_lexical_w005
28531,10,minibatch_k64,text_pca256_lexical_w005
28532,59,minibatch_k64,text_pca256_lexical_w005
28533,42,minibatch_k64,text_pca256_lexical_w005
28534,10,minibatch_k64,text_pca256_lexical_w005
28535,10,minibatch_k64,text_pca256_lexical_w005
28536,8,minibatch_k64,text_pca256_lexical_w005
28537,10,minibatch_k64,text_pca256_lexical_w005
28538,0,minibatch_k64,text_pca256_lexical_w005
28539,2,minibatch_k64,text_pca256_lexical_w005
28540,21,minibatch_k64,text_pca256_lexical_w005
28541,8,minibatch_k64,text_pca256_lexical_w005
28542,6,minibatch_k64,text_pca256_lexical_w005
28543,6,minibatch_k64,text_pca256_lexical_w005
28544,45,minibatch_k64,text_pca256_lexical_w005
28545,45,minibatch_k64,text_pca256_lexical_w005
28546,45,minibatch_k64,text_pca256_lexical_w005
28547,45,minibatch_k64,text_pca256_lexical_w005
28548,8,minibatch_k64,text_pca256_lexical_w005
28549,62,minibatch_k64,text_pca256_lexical_w005
28550,8,minibatch_k64,text_pca256_lexical_w005
28551,8,minibatch_k64,text_pca256_lexical_w005
28552,8,minibatch_k64,text_pca256_lexical_w005
28553,8,minibatch_k64,text_pca256_lexical_w005
28554,42,minibatch_k64,text_pca256_lexical_w005
28555,42,minibatch_k64,text_pca256_lexical_w005
28556,59,minibatch_k64,text_pca256_lexical_w005
28557,45,minibatch_k64,text_pca256_lexical_w005
28558,6,minibatch_k64,text_pca256_lexical_w005
28559,59,minibatch_k64,text_pca256_lexical_w005
28560,59,minibatch_k64,text_pca256_lexical_w005
28561,33,minibatch_k64,text_pca256_lexical_w005
28562,15,minibatch_k64,text_pca256_lexical_w005
28563,59,minibatch_k64,text_pca256_lexical_w005
28564,45,minibatch_k64,text_pca256_lexical_w005
28565,42,minibatch_k64,text_pca256_lexical_w005
28566,59,minibatch_k64,text_pca256_lexical_w005
28567,42,minibatch_k64,text_pca256_lexical_w005
28568,15,minibatch_k64,text_pca256_lexical_w005
28569,59,minibatch_k64,text_pca256_lexical_w005
28570,59,minibatch_k64,text_pca256_lexical_w005
28571,59,minibatch_k64,text_pca256_lexical_w005
28572,8,minibatch_k64,text_pca256_lexical_w005
28573,50,minibatch_k64,text_pca256_lexical_w005
28574,8,minibatch_k64,text_pca256_lexical_w005
28575,59,minibatch_k64,text_pca256_lexical_w005
28576,59,minibatch_k64,text_pca256_lexical_w005
28577,59,minibatch_k64,text_pca256_lexical_w005
28578,53,minibatch_k64,text_pca256_lexical_w005
28579,59,minibatch_k64,text_pca256_lexical_w005
28580,59,minibatch_k64,text_pca256_lexical_w005
28581,59,minibatch_k64,text_pca256_lexical_w005
28582,59,minibatch_k64,text_pca256_lexical_w005
28583,45,minibatch_k64,text_pca256_lexical_w005
28584,0,minibatch_k64,text_pca256_lexical_w005
28585,0,minibatch_k64,text_pca256_lexical_w005
28586,59,minibatch_k64,text_pca256_lexical_w005
28587,10,minibatch_k64,text_pca256_lexical_w005
28588,59,minibatch_k64,text_pca256_lexical_w005
28589,59,minibatch_k64,text_pca256_lexical_w005
28590,59,minibatch_k64,text_pca256_lexical_w005
28591,59,minibatch_k64,text_pca256_lexical_w005
28592,59,minibatch_k64,text_pca256_lexical_w005
28593,59,minibatch_k64,text_pca256_lexical_w005
28594,59,minibatch_k64,text_pca256_lexical_w005
28595,59,minibatch_k64,text_pca256_lexical_w005
28596,59,minibatch_k64,text_pca256_lexical_w005
28597,45,minibatch_k64,text_pca256_lexical_w005
28598,59,minibatch_k64,text_pca256_lexical_w005
28599,59,minibatch_k64,text_pca256_lexical_w005
28600,59,minibatch_k64,text_pca256_lexical_w005
28601,59,minibatch_k64,text_pca256_lexical_w005
28602,59,minibatch_k64,text_pca256_lexical_w005
28603,8,minibatch_k64,text_pca256_lexical_w005
28604,0,minibatch_k64,text_pca256_lexical_w005
28605,53,minibatch_k64,text_pca256_lexical_w005
28606,42,minibatch_k64,text_pca256_lexical_w005
28607,62,minibatch_k64,text_pca256_lexical_w005
28608,8,minibatch_k64,text_pca256_lexical_w005
28609,59,minibatch_k64,text_pca256_lexical_w005
28610,8,minibatch_k64,text_pca256_lexical_w005
28611,0,minibatch_k64,text_pca256_lexical_w005
28612,5,minibatch_k64,text_pca256_lexical_w005
28613,29,minibatch_k64,text_pca256_lexical_w005
28614,29,minibatch_k64,text_pca256_lexical_w005
28615,29,minibatch_k64,text_pca256_lexical_w005
28616,62,minibatch_k64,text_pca256_lexical_w005
28617,21,minibatch_k64,text_pca256_lexical_w005
28618,8,minibatch_k64,text_pca256_lexical_w005
28619,42,minibatch_k64,text_pca256_lexical_w005
28620,42,minibatch_k64,text_pca256_lexical_w005
28621,21,minibatch_k64,text_pca256_lexical_w005
28622,42,minibatch_k64,text_pca256_lexical_w005
28623,0,minibatch_k64,text_pca256_lexical_w005
28624,0,minibatch_k64,text_pca256_lexical_w005
28625,38,minibatch_k64,text_pca256_lexical_w005
28626,58,minibatch_k64,text_pca256_lexical_w005
28627,15,minibatch_k64,text_pca256_lexical_w005
28628,45,minibatch_k64,text_pca256_lexical_w005
28629,15,minibatch_k64,text_pca256_lexical_w005
28630,23,minibatch_k64,text_pca256_lexical_w005
28631,62,minibatch_k64,text_pca256_lexical_w005
28632,8,minibatch_k64,text_pca256_lexical_w005
28633,8,minibatch_k64,text_pca256_lexical_w005
28634,0,minibatch_k64,text_pca256_lexical_w005
28635,42,minibatch_k64,text_pca256_lexical_w005
28636,42,minibatch_k64,text_pca256_lexical_w005
28637,62,minibatch_k64,text_pca256_lexical_w005
28638,29,minibatch_k64,text_pca256_lexical_w005
28639,8,minibatch_k64,text_pca256_lexical_w005
28640,29,minibatch_k64,text_pca256_lexical_w005
28641,0,minibatch_k64,text_pca256_lexical_w005
28642,29,minibatch_k64,text_pca256_lexical_w005
28643,0,minibatch_k64,text_pca256_lexical_w005
28644,2,minibatch_k64,text_pca256_lexical_w005
28645,8,minibatch_k64,text_pca256_lexical_w005
28646,29,minibatch_k64,text_pca256_lexical_w005
28647,29,minibatch_k64,text_pca256_lexical_w005
28648,29,minibatch_k64,text_pca256_lexical_w005
28649,29,minibatch_k64,text_pca256_lexical_w005
28650,62,minibatch_k64,text_pca256_lexical_w005
28651,29,minibatch_k64,text_pca256_lexical_w005
28652,42,minibatch_k64,text_pca256_lexical_w005
28653,0,minibatch_k64,text_pca256_lexical_w005
28654,5,minibatch_k64,text_pca256_lexical_w005
28655,0,minibatch_k64,text_pca256_lexical_w005
28656,42,minibatch_k64,text_pca256_lexical_w005
28657,38,minibatch_k64,text_pca256_lexical_w005
28658,45,minibatch_k64,text_pca256_lexical_w005
28659,25,minibatch_k64,text_pca256_lexical_w005
28660,0,minibatch_k64,text_pca256_lexical_w005
28661,8,minibatch_k64,text_pca256_lexical_w005
28662,8,minibatch_k64,text_pca256_lexical_w005
28663,62,minibatch_k64,text_pca256_lexical_w005
28664,21,minibatch_k64,text_pca256_lexical_w005
28665,62,minibatch_k64,text_pca256_lexical_w005
28666,29,minibatch_k64,text_pca256_lexical_w005
28667,62,minibatch_k64,text_pca256_lexical_w005
28668,62,minibatch_k64,text_pca256_lexical_w005
28669,62,minibatch_k64,text_pca256_lexical_w005
28670,21,minibatch_k64,text_pca256_lexical_w005
28671,10,minibatch_k64,text_pca256_lexical_w005
28672,15,minibatch_k64,text_pca256_lexical_w005
28673,0,minibatch_k64,text_pca256_lexical_w005
28674,62,minibatch_k64,text_pca256_lexical_w005
28675,8,minibatch_k64,text_pca256_lexical_w005
28676,61,minibatch_k64,text_pca256_lexical_w005
28677,3,minibatch_k64,text_pca256_lexical_w005
28678,58,minibatch_k64,text_pca256_lexical_w005
28679,38,minibatch_k64,text_pca256_lexical_w005
28680,45,minibatch_k64,text_pca256_lexical_w005
28681,8,minibatch_k64,text_pca256_lexical_w005
28682,23,minibatch_k64,text_pca256_lexical_w005
28683,50,minibatch_k64,text_pca256_lexical_w005
28684,62,minibatch_k64,text_pca256_lexical_w005
28685,8,minibatch_k64,text_pca256_lexical_w005
28686,21,minibatch_k64,text_pca256_lexical_w005
28687,62,minibatch_k64,text_pca256_lexical_w005
28688,8,minibatch_k64,text_pca256_lexical_w005
28689,29,minibatch_k64,text_pca256_lexical_w005
28690,59,minibatch_k64,text_pca256_lexical_w005
28691,42,minibatch_k64,text_pca256_lexical_w005
28692,5,minibatch_k64,text_pca256_lexical_w005
28693,15,minibatch_k64,text_pca256_lexical_w005
28694,50,minibatch_k64,text_pca256_lexical_w005
28695,42,minibatch_k64,text_pca256_lexical_w005
28696,62,minibatch_k64,text_pca256_lexical_w005
28697,0,minibatch_k64,text_pca256_lexical_w005
28698,58,minibatch_k64,text_pca256_lexical_w005
28699,38,minibatch_k64,text_pca256_lexical_w005
28700,0,minibatch_k64,text_pca256_lexical_w005
28701,0,minibatch_k64,text_pca256_lexical_w005
28702,29,minibatch_k64,text_pca256_lexical_w005
28703,29,minibatch_k64,text_pca256_lexical_w005
28704,0,minibatch_k64,text_pca256_lexical_w005
28705,0,minibatch_k64,text_pca256_lexical_w005
28706,62,minibatch_k64,text_pca256_lexical_w005
28707,42,minibatch_k64,text_pca256_lexical_w005
28708,62,minibatch_k64,text_pca256_lexical_w005
28709,38,minibatch_k64,text_pca256_lexical_w005
28710,62,minibatch_k64,text_pca256_lexical_w005
28711,21,minibatch_k64,text_pca256_lexical_w005
28712,8,minibatch_k64,text_pca256_lexical_w005
28713,8,minibatch_k64,text_pca256_lexical_w005
28714,38,minibatch_k64,text_pca256_lexical_w005
28715,0,minibatch_k64,text_pca256_lexical_w005
28716,58,minibatch_k64,text_pca256_lexical_w005
28717,62,minibatch_k64,text_pca256_lexical_w005
28718,39,minibatch_k64,text_pca256_lexical_w005
28719,62,minibatch_k64,text_pca256_lexical_w005
28720,8,minibatch_k64,text_pca256_lexical_w005
28721,62,minibatch_k64,text_pca256_lexical_w005
28722,8,minibatch_k64,text_pca256_lexical_w005
28723,8,minibatch_k64,text_pca256_lexical_w005
28724,0,minibatch_k64,text_pca256_lexical_w005
28725,38,minibatch_k64,text_pca256_lexical_w005
28726,58,minibatch_k64,text_pca256_lexical_w005
28727,15,minibatch_k64,text_pca256_lexical_w005
28728,40,minibatch_k64,text_pca256_lexical_w005
28729,16,minibatch_k64,text_pca256_lexical_w005
28730,16,minibatch_k64,text_pca256_lexical_w005
28731,38,minibatch_k64,text_pca256_lexical_w005
28732,38,minibatch_k64,text_pca256_lexical_w005
28733,0,minibatch_k64,text_pca256_lexical_w005
28734,4,minibatch_k64,text_pca256_lexical_w005
28735,0,minibatch_k64,text_pca256_lexical_w005
28736,42,minibatch_k64,text_pca256_lexical_w005
28737,42,minibatch_k64,text_pca256_lexical_w005
28738,50,minibatch_k64,text_pca256_lexical_w005
28739,8,minibatch_k64,text_pca256_lexical_w005
28740,8,minibatch_k64,text_pca256_lexical_w005
28741,62,minibatch_k64,text_pca256_lexical_w005
28742,10,minibatch_k64,text_pca256_lexical_w005
28743,16,minibatch_k64,text_pca256_lexical_w005
28744,38,minibatch_k64,text_pca256_lexical_w005
28745,0,minibatch_k64,text_pca256_lexical_w005
28746,0,minibatch_k64,text_pca256_lexical_w005
28747,42,minibatch_k64,text_pca256_lexical_w005
28748,0,minibatch_k64,text_pca256_lexical_w005
28749,45,minibatch_k64,text_pca256_lexical_w005
28750,10,minibatch_k64,text_pca256_lexical_w005
28751,59,minibatch_k64,text_pca256_lexical_w005
28752,10,minibatch_k64,text_pca256_lexical_w005
28753,23,minibatch_k64,text_pca256_lexical_w005
28754,42,minibatch_k64,text_pca256_lexical_w005
28755,58,minibatch_k64,text_pca256_lexical_w005
28756,0,minibatch_k64,text_pca256_lexical_w005
28757,30,minibatch_k64,text_pca256_lexical_w005
28758,17,minibatch_k64,text_pca256_lexical_w005
28759,30,minibatch_k64,text_pca256_lexical_w005
28760,45,minibatch_k64,text_pca256_lexical_w005
28761,59,minibatch_k64,text_pca256_lexical_w005
28762,59,minibatch_k64,text_pca256_lexical_w005
28763,45,minibatch_k64,text_pca256_lexical_w005
28764,45,minibatch_k64,text_pca256_lexical_w005
28765,30,minibatch_k64,text_pca256_lexical_w005
28766,30,minibatch_k64,text_pca256_lexical_w005
28767,30,minibatch_k64,text_pca256_lexical_w005
28768,17,minibatch_k64,text_pca256_lexical_w005
28769,10,minibatch_k64,text_pca256_lexical_w005
28770,10,minibatch_k64,text_pca256_lexical_w005
28771,45,minibatch_k64,text_pca256_lexical_w005
28772,27,minibatch_k64,text_pca256_lexical_w005
28773,59,minibatch_k64,text_pca256_lexical_w005
28774,42,minibatch_k64,text_pca256_lexical_w005
28775,59,minibatch_k64,text_pca256_lexical_w005
28776,45,minibatch_k64,text_pca256_lexical_w005
28777,62,minibatch_k64,text_pca256_lexical_w005
28778,0,minibatch_k64,text_pca256_lexical_w005
28779,8,minibatch_k64,text_pca256_lexical_w005
28780,27,minibatch_k64,text_pca256_lexical_w005
28781,18,minibatch_k64,text_pca256_lexical_w005
28782,59,minibatch_k64,text_pca256_lexical_w005
28783,45,minibatch_k64,text_pca256_lexical_w005
28784,45,minibatch_k64,text_pca256_lexical_w005
28785,18,minibatch_k64,text_pca256_lexical_w005
28786,10,minibatch_k64,text_pca256_lexical_w005
28787,0,minibatch_k64,text_pca256_lexical_w005
28788,62,minibatch_k64,text_pca256_lexical_w005
28789,59,minibatch_k64,text_pca256_lexical_w005
28790,39,minibatch_k64,text_pca256_lexical_w005
28791,39,minibatch_k64,text_pca256_lexical_w005
28792,62,minibatch_k64,text_pca256_lexical_w005
28793,8,minibatch_k64,text_pca256_lexical_w005
28794,8,minibatch_k64,text_pca256_lexical_w005
28795,59,minibatch_k64,text_pca256_lexical_w005
28796,8,minibatch_k64,text_pca256_lexical_w005
28797,8,minibatch_k64,text_pca256_lexical_w005
28798,8,minibatch_k64,text_pca256_lexical_w005
28799,59,minibatch_k64,text_pca256_lexical_w005
28800,59,minibatch_k64,text_pca256_lexical_w005
28801,7,minibatch_k64,text_pca256_lexical_w005
28802,8,minibatch_k64,text_pca256_lexical_w005
28803,8,minibatch_k64,text_pca256_lexical_w005
28804,53,minibatch_k64,text_pca256_lexical_w005
28805,8,minibatch_k64,text_pca256_lexical_w005
28806,27,minibatch_k64,text_pca256_lexical_w005
28807,27,minibatch_k64,text_pca256_lexical_w005
28808,45,minibatch_k64,text_pca256_lexical_w005
28809,8,minibatch_k64,text_pca256_lexical_w005
28810,27,minibatch_k64,text_pca256_lexical_w005
28811,39,minibatch_k64,text_pca256_lexical_w005
28812,27,minibatch_k64,text_pca256_lexical_w005
28813,53,minibatch_k64,text_pca256_lexical_w005
28814,59,minibatch_k64,text_pca256_lexical_w005
28815,53,minibatch_k64,text_pca256_lexical_w005
28816,8,minibatch_k64,text_pca256_lexical_w005
28817,45,minibatch_k64,text_pca256_lexical_w005
28818,27,minibatch_k64,text_pca256_lexical_w005
28819,42,minibatch_k64,text_pca256_lexical_w005
28820,59,minibatch_k64,text_pca256_lexical_w005
28821,59,minibatch_k64,text_pca256_lexical_w005
28822,8,minibatch_k64,text_pca256_lexical_w005
28823,59,minibatch_k64,text_pca256_lexical_w005
28824,59,minibatch_k64,text_pca256_lexical_w005
28825,59,minibatch_k64,text_pca256_lexical_w005
28826,59,minibatch_k64,text_pca256_lexical_w005
28827,59,minibatch_k64,text_pca256_lexical_w005
28828,45,minibatch_k64,text_pca256_lexical_w005
28829,27,minibatch_k64,text_pca256_lexical_w005
28830,0,minibatch_k64,text_pca256_lexical_w005
28831,59,minibatch_k64,text_pca256_lexical_w005
28832,62,minibatch_k64,text_pca256_lexical_w005
28833,59,minibatch_k64,text_pca256_lexical_w005
28834,59,minibatch_k64,text_pca256_lexical_w005
28835,53,minibatch_k64,text_pca256_lexical_w005
28836,53,minibatch_k64,text_pca256_lexical_w005
28837,33,minibatch_k64,text_pca256_lexical_w005
28838,33,minibatch_k64,text_pca256_lexical_w005
28839,33,minibatch_k64,text_pca256_lexical_w005
28840,10,minibatch_k64,text_pca256_lexical_w005
28841,10,minibatch_k64,text_pca256_lexical_w005
28842,53,minibatch_k64,text_pca256_lexical_w005
28843,53,minibatch_k64,text_pca256_lexical_w005
28844,53,minibatch_k64,text_pca256_lexical_w005
28845,41,minibatch_k64,text_pca256_lexical_w005
28846,53,minibatch_k64,text_pca256_lexical_w005
28847,53,minibatch_k64,text_pca256_lexical_w005
28848,53,minibatch_k64,text_pca256_lexical_w005
28849,41,minibatch_k64,text_pca256_lexical_w005
28850,59,minibatch_k64,text_pca256_lexical_w005
28851,8,minibatch_k64,text_pca256_lexical_w005
28852,53,minibatch_k64,text_pca256_lexical_w005
28853,45,minibatch_k64,text_pca256_lexical_w005
28854,0,minibatch_k64,text_pca256_lexical_w005
28855,59,minibatch_k64,text_pca256_lexical_w005
28856,2,minibatch_k64,text_pca256_lexical_w005
28857,33,minibatch_k64,text_pca256_lexical_w005
28858,59,minibatch_k64,text_pca256_lexical_w005
28859,62,minibatch_k64,text_pca256_lexical_w005
28860,8,minibatch_k64,text_pca256_lexical_w005
28861,62,minibatch_k64,text_pca256_lexical_w005
28862,10,minibatch_k64,text_pca256_lexical_w005
28863,2,minibatch_k64,text_pca256_lexical_w005
28864,47,minibatch_k64,text_pca256_lexical_w005
28865,45,minibatch_k64,text_pca256_lexical_w005
28866,45,minibatch_k64,text_pca256_lexical_w005
28867,2,minibatch_k64,text_pca256_lexical_w005
28868,23,minibatch_k64,text_pca256_lexical_w005
28869,10,minibatch_k64,text_pca256_lexical_w005
28870,0,minibatch_k64,text_pca256_lexical_w005
28871,59,minibatch_k64,text_pca256_lexical_w005
28872,23,minibatch_k64,text_pca256_lexical_w005
28873,2,minibatch_k64,text_pca256_lexical_w005
28874,29,minibatch_k64,text_pca256_lexical_w005
28875,62,minibatch_k64,text_pca256_lexical_w005
28876,4,minibatch_k64,text_pca256_lexical_w005
28877,8,minibatch_k64,text_pca256_lexical_w005
28878,0,minibatch_k64,text_pca256_lexical_w005
28879,39,minibatch_k64,text_pca256_lexical_w005
28880,38,minibatch_k64,text_pca256_lexical_w005
28881,23,minibatch_k64,text_pca256_lexical_w005
28882,45,minibatch_k64,text_pca256_lexical_w005
28883,23,minibatch_k64,text_pca256_lexical_w005
28884,59,minibatch_k64,text_pca256_lexical_w005
28885,45,minibatch_k64,text_pca256_lexical_w005
28886,23,minibatch_k64,text_pca256_lexical_w005
28887,56,minibatch_k64,text_pca256_lexical_w005
28888,45,minibatch_k64,text_pca256_lexical_w005
28889,2,minibatch_k64,text_pca256_lexical_w005
28890,15,minibatch_k64,text_pca256_lexical_w005
28891,18,minibatch_k64,text_pca256_lexical_w005
28892,39,minibatch_k64,text_pca256_lexical_w005
28893,45,minibatch_k64,text_pca256_lexical_w005
28894,0,minibatch_k64,text_pca256_lexical_w005
28895,39,minibatch_k64,text_pca256_lexical_w005
28896,10,minibatch_k64,text_pca256_lexical_w005
28897,0,minibatch_k64,text_pca256_lexical_w005
28898,0,minibatch_k64,text_pca256_lexical_w005
28899,0,minibatch_k64,text_pca256_lexical_w005
28900,56,minibatch_k64,text_pca256_lexical_w005
28901,0,minibatch_k64,text_pca256_lexical_w005
28902,0,minibatch_k64,text_pca256_lexical_w005
28903,62,minibatch_k64,text_pca256_lexical_w005
28904,0,minibatch_k64,text_pca256_lexical_w005
28905,56,minibatch_k64,text_pca256_lexical_w005
28906,56,minibatch_k64,text_pca256_lexical_w005
28907,0,minibatch_k64,text_pca256_lexical_w005
28908,8,minibatch_k64,text_pca256_lexical_w005
28909,0,minibatch_k64,text_pca256_lexical_w005
28910,62,minibatch_k64,text_pca256_lexical_w005
28911,23,minibatch_k64,text_pca256_lexical_w005
28912,62,minibatch_k64,text_pca256_lexical_w005
28913,4,minibatch_k64,text_pca256_lexical_w005
28914,0,minibatch_k64,text_pca256_lexical_w005
28915,62,minibatch_k64,text_pca256_lexical_w005
28916,29,minibatch_k64,text_pca256_lexical_w005
28917,0,minibatch_k64,text_pca256_lexical_w005
28918,0,minibatch_k64,text_pca256_lexical_w005
28919,38,minibatch_k64,text_pca256_lexical_w005
28920,58,minibatch_k64,text_pca256_lexical_w005
28921,45,minibatch_k64,text_pca256_lexical_w005
28922,55,minibatch_k64,text_pca256_lexical_w005
28923,0,minibatch_k64,text_pca256_lexical_w005
28924,2,minibatch_k64,text_pca256_lexical_w005
28925,2,minibatch_k64,text_pca256_lexical_w005
28926,2,minibatch_k64,text_pca256_lexical_w005
28927,56,minibatch_k64,text_pca256_lexical_w005
28928,56,minibatch_k64,text_pca256_lexical_w005
28929,56,minibatch_k64,text_pca256_lexical_w005
28930,56,minibatch_k64,text_pca256_lexical_w005
28931,56,minibatch_k64,text_pca256_lexical_w005
28932,0,minibatch_k64,text_pca256_lexical_w005
28933,38,minibatch_k64,text_pca256_lexical_w005
28934,15,minibatch_k64,text_pca256_lexical_w005
28935,45,minibatch_k64,text_pca256_lexical_w005
28936,55,minibatch_k64,text_pca256_lexical_w005
28937,55,minibatch_k64,text_pca256_lexical_w005
28938,62,minibatch_k64,text_pca256_lexical_w005
28939,4,minibatch_k64,text_pca256_lexical_w005
28940,21,minibatch_k64,text_pca256_lexical_w005
28941,56,minibatch_k64,text_pca256_lexical_w005
28942,56,minibatch_k64,text_pca256_lexical_w005
28943,0,minibatch_k64,text_pca256_lexical_w005
28944,47,minibatch_k64,text_pca256_lexical_w005
28945,56,minibatch_k64,text_pca256_lexical_w005
28946,47,minibatch_k64,text_pca256_lexical_w005
28947,38,minibatch_k64,text_pca256_lexical_w005
28948,45,minibatch_k64,text_pca256_lexical_w005
28949,59,minibatch_k64,text_pca256_lexical_w005
28950,60,minibatch_k64,text_pca256_lexical_w005
28951,4,minibatch_k64,text_pca256_lexical_w005
28952,33,minibatch_k64,text_pca256_lexical_w005
28953,2,minibatch_k64,text_pca256_lexical_w005
28954,47,minibatch_k64,text_pca256_lexical_w005
28955,10,minibatch_k64,text_pca256_lexical_w005
28956,47,minibatch_k64,text_pca256_lexical_w005
28957,0,minibatch_k64,text_pca256_lexical_w005
28958,47,minibatch_k64,text_pca256_lexical_w005
28959,21,minibatch_k64,text_pca256_lexical_w005
28960,38,minibatch_k64,text_pca256_lexical_w005
28961,58,minibatch_k64,text_pca256_lexical_w005
28962,23,minibatch_k64,text_pca256_lexical_w005
28963,45,minibatch_k64,text_pca256_lexical_w005
28964,23,minibatch_k64,text_pca256_lexical_w005
28965,55,minibatch_k64,text_pca256_lexical_w005
28966,54,minibatch_k64,text_pca256_lexical_w005
28967,0,minibatch_k64,text_pca256_lexical_w005
28968,18,minibatch_k64,text_pca256_lexical_w005
28969,0,minibatch_k64,text_pca256_lexical_w005
28970,62,minibatch_k64,text_pca256_lexical_w005
28971,4,minibatch_k64,text_pca256_lexical_w005
28972,58,minibatch_k64,text_pca256_lexical_w005
28973,38,minibatch_k64,text_pca256_lexical_w005
28974,45,minibatch_k64,text_pca256_lexical_w005
28975,23,minibatch_k64,text_pca256_lexical_w005
28976,55,minibatch_k64,text_pca256_lexical_w005
28977,60,minibatch_k64,text_pca256_lexical_w005
28978,8,minibatch_k64,text_pca256_lexical_w005
28979,62,minibatch_k64,text_pca256_lexical_w005
28980,8,minibatch_k64,text_pca256_lexical_w005
28981,10,minibatch_k64,text_pca256_lexical_w005
28982,10,minibatch_k64,text_pca256_lexical_w005
28983,8,minibatch_k64,text_pca256_lexical_w005
28984,0,minibatch_k64,text_pca256_lexical_w005
28985,0,minibatch_k64,text_pca256_lexical_w005
28986,58,minibatch_k64,text_pca256_lexical_w005
28987,38,minibatch_k64,text_pca256_lexical_w005
28988,45,minibatch_k64,text_pca256_lexical_w005
28989,59,minibatch_k64,text_pca256_lexical_w005
28990,60,minibatch_k64,text_pca256_lexical_w005
28991,23,minibatch_k64,text_pca256_lexical_w005
28992,0,minibatch_k64,text_pca256_lexical_w005
28993,0,minibatch_k64,text_pca256_lexical_w005
28994,23,minibatch_k64,text_pca256_lexical_w005
28995,58,minibatch_k64,text_pca256_lexical_w005
28996,38,minibatch_k64,text_pca256_lexical_w005
28997,59,minibatch_k64,text_pca256_lexical_w005
28998,60,minibatch_k64,text_pca256_lexical_w005
28999,0,minibatch_k64,text_pca256_lexical_w005
29000,0,minibatch_k64,text_pca256_lexical_w005
29001,8,minibatch_k64,text_pca256_lexical_w005
29002,0,minibatch_k64,text_pca256_lexical_w005
29003,62,minibatch_k64,text_pca256_lexical_w005
29004,23,minibatch_k64,text_pca256_lexical_w005
29005,47,minibatch_k64,text_pca256_lexical_w005
29006,0,minibatch_k64,text_pca256_lexical_w005
29007,0,minibatch_k64,text_pca256_lexical_w005
29008,47,minibatch_k64,text_pca256_lexical_w005
29009,45,minibatch_k64,text_pca256_lexical_w005
29010,4,minibatch_k64,text_pca256_lexical_w005
29011,2,minibatch_k64,text_pca256_lexical_w005
29012,38,minibatch_k64,text_pca256_lexical_w005
29013,58,minibatch_k64,text_pca256_lexical_w005
29014,45,minibatch_k64,text_pca256_lexical_w005
29015,55,minibatch_k64,text_pca256_lexical_w005
29016,23,minibatch_k64,text_pca256_lexical_w005
29017,54,minibatch_k64,text_pca256_lexical_w005
29018,0,minibatch_k64,text_pca256_lexical_w005
29019,56,minibatch_k64,text_pca256_lexical_w005
29020,38,minibatch_k64,text_pca256_lexical_w005
29021,58,minibatch_k64,text_pca256_lexical_w005
29022,55,minibatch_k64,text_pca256_lexical_w005
29023,35,minibatch_k64,text_pca256_lexical_w005
29024,38,minibatch_k64,text_pca256_lexical_w005
29025,55,minibatch_k64,text_pca256_lexical_w005
29026,35,minibatch_k64,text_pca256_lexical_w005
29027,55,minibatch_k64,text_pca256_lexical_w005
29028,35,minibatch_k64,text_pca256_lexical_w005
29029,35,minibatch_k64,text_pca256_lexical_w005
29030,0,minibatch_k64,text_pca256_lexical_w005
29031,23,minibatch_k64,text_pca256_lexical_w005
29032,42,minibatch_k64,text_pca256_lexical_w005
29033,38,minibatch_k64,text_pca256_lexical_w005
29034,55,minibatch_k64,text_pca256_lexical_w005
29035,35,minibatch_k64,text_pca256_lexical_w005
29036,15,minibatch_k64,text_pca256_lexical_w005
29037,45,minibatch_k64,text_pca256_lexical_w005
29038,38,minibatch_k64,text_pca256_lexical_w005
29039,60,minibatch_k64,text_pca256_lexical_w005
29040,39,minibatch_k64,text_pca256_lexical_w005
29041,59,minibatch_k64,text_pca256_lexical_w005
29042,15,minibatch_k64,text_pca256_lexical_w005
29043,10,minibatch_k64,text_pca256_lexical_w005
29044,38,minibatch_k64,text_pca256_lexical_w005
29045,59,minibatch_k64,text_pca256_lexical_w005
29046,54,minibatch_k64,text_pca256_lexical_w005
29047,10,minibatch_k64,text_pca256_lexical_w005
29048,0,minibatch_k64,text_pca256_lexical_w005
29049,45,minibatch_k64,text_pca256_lexical_w005
29050,38,minibatch_k64,text_pca256_lexical_w005
29051,55,minibatch_k64,text_pca256_lexical_w005
29052,60,minibatch_k64,text_pca256_lexical_w005
29053,8,minibatch_k64,text_pca256_lexical_w005
29054,39,minibatch_k64,text_pca256_lexical_w005
29055,30,minibatch_k64,text_pca256_lexical_w005
29056,30,minibatch_k64,text_pca256_lexical_w005
29057,30,minibatch_k64,text_pca256_lexical_w005
29058,45,minibatch_k64,text_pca256_lexical_w005
29059,30,minibatch_k64,text_pca256_lexical_w005
29060,45,minibatch_k64,text_pca256_lexical_w005
29061,30,minibatch_k64,text_pca256_lexical_w005
29062,30,minibatch_k64,text_pca256_lexical_w005
29063,62,minibatch_k64,text_pca256_lexical_w005
29064,45,minibatch_k64,text_pca256_lexical_w005
29065,30,minibatch_k64,text_pca256_lexical_w005
29066,18,minibatch_k64,text_pca256_lexical_w005
29067,45,minibatch_k64,text_pca256_lexical_w005
29068,45,minibatch_k64,text_pca256_lexical_w005
29069,59,minibatch_k64,text_pca256_lexical_w005
29070,45,minibatch_k64,text_pca256_lexical_w005
29071,18,minibatch_k64,text_pca256_lexical_w005
29072,45,minibatch_k64,text_pca256_lexical_w005
29073,0,minibatch_k64,text_pca256_lexical_w005
29074,45,minibatch_k64,text_pca256_lexical_w005
29075,59,minibatch_k64,text_pca256_lexical_w005
29076,56,minibatch_k64,text_pca256_lexical_w005
29077,10,minibatch_k64,text_pca256_lexical_w005
29078,59,minibatch_k64,text_pca256_lexical_w005
29079,45,minibatch_k64,text_pca256_lexical_w005
29080,45,minibatch_k64,text_pca256_lexical_w005
29081,45,minibatch_k64,text_pca256_lexical_w005
29082,45,minibatch_k64,text_pca256_lexical_w005
29083,45,minibatch_k64,text_pca256_lexical_w005
29084,45,minibatch_k64,text_pca256_lexical_w005
29085,45,minibatch_k64,text_pca256_lexical_w005
29086,59,minibatch_k64,text_pca256_lexical_w005
29087,0,minibatch_k64,text_pca256_lexical_w005
29088,18,minibatch_k64,text_pca256_lexical_w005
29089,59,minibatch_k64,text_pca256_lexical_w005
29090,59,minibatch_k64,text_pca256_lexical_w005
29091,45,minibatch_k64,text_pca256_lexical_w005
29092,50,minibatch_k64,text_pca256_lexical_w005
29093,41,minibatch_k64,text_pca256_lexical_w005
29094,41,minibatch_k64,text_pca256_lexical_w005
29095,45,minibatch_k64,text_pca256_lexical_w005
29096,56,minibatch_k64,text_pca256_lexical_w005
29097,45,minibatch_k64,text_pca256_lexical_w005
29098,41,minibatch_k64,text_pca256_lexical_w005
29099,45,minibatch_k64,text_pca256_lexical_w005
29100,59,minibatch_k64,text_pca256_lexical_w005
29101,59,minibatch_k64,text_pca256_lexical_w005
29102,59,minibatch_k64,text_pca256_lexical_w005
29103,59,minibatch_k64,text_pca256_lexical_w005
29104,45,minibatch_k64,text_pca256_lexical_w005
29105,45,minibatch_k64,text_pca256_lexical_w005
29106,45,minibatch_k64,text_pca256_lexical_w005
29107,45,minibatch_k64,text_pca256_lexical_w005
29108,45,minibatch_k64,text_pca256_lexical_w005
29109,45,minibatch_k64,text_pca256_lexical_w005
29110,45,minibatch_k64,text_pca256_lexical_w005
29111,0,minibatch_k64,text_pca256_lexical_w005
29112,45,minibatch_k64,text_pca256_lexical_w005
29113,59,minibatch_k64,text_pca256_lexical_w005
29114,59,minibatch_k64,text_pca256_lexical_w005
29115,59,minibatch_k64,text_pca256_lexical_w005
29116,34,minibatch_k64,text_pca256_lexical_w005
29117,62,minibatch_k64,text_pca256_lexical_w005
29118,59,minibatch_k64,text_pca256_lexical_w005
29119,59,minibatch_k64,text_pca256_lexical_w005
29120,59,minibatch_k64,text_pca256_lexical_w005
29121,10,minibatch_k64,text_pca256_lexical_w005
29122,59,minibatch_k64,text_pca256_lexical_w005
29123,10,minibatch_k64,text_pca256_lexical_w005
29124,59,minibatch_k64,text_pca256_lexical_w005
29125,59,minibatch_k64,text_pca256_lexical_w005
29126,0,minibatch_k64,text_pca256_lexical_w005
29127,33,minibatch_k64,text_pca256_lexical_w005
29128,41,minibatch_k64,text_pca256_lexical_w005
29129,41,minibatch_k64,text_pca256_lexical_w005
29130,62,minibatch_k64,text_pca256_lexical_w005
29131,62,minibatch_k64,text_pca256_lexical_w005
29132,55,minibatch_k64,text_pca256_lexical_w005
29133,2,minibatch_k64,text_pca256_lexical_w005
29134,23,minibatch_k64,text_pca256_lexical_w005
29135,15,minibatch_k64,text_pca256_lexical_w005
29136,20,minibatch_k64,text_pca256_lexical_w005
29137,55,minibatch_k64,text_pca256_lexical_w005
29138,0,minibatch_k64,text_pca256_lexical_w005
29139,2,minibatch_k64,text_pca256_lexical_w005
29140,62,minibatch_k64,text_pca256_lexical_w005
29141,10,minibatch_k64,text_pca256_lexical_w005
29142,15,minibatch_k64,text_pca256_lexical_w005
29143,40,minibatch_k64,text_pca256_lexical_w005
29144,45,minibatch_k64,text_pca256_lexical_w005
29145,38,minibatch_k64,text_pca256_lexical_w005
29146,32,minibatch_k64,text_pca256_lexical_w005
29147,35,minibatch_k64,text_pca256_lexical_w005
29148,8,minibatch_k64,text_pca256_lexical_w005
29149,8,minibatch_k64,text_pca256_lexical_w005
29150,8,minibatch_k64,text_pca256_lexical_w005
29151,38,minibatch_k64,text_pca256_lexical_w005
29152,55,minibatch_k64,text_pca256_lexical_w005
29153,37,minibatch_k64,text_pca256_lexical_w005
29154,23,minibatch_k64,text_pca256_lexical_w005
29155,0,minibatch_k64,text_pca256_lexical_w005
29156,45,minibatch_k64,text_pca256_lexical_w005
29157,15,minibatch_k64,text_pca256_lexical_w005
29158,15,minibatch_k64,text_pca256_lexical_w005
29159,59,minibatch_k64,text_pca256_lexical_w005
29160,45,minibatch_k64,text_pca256_lexical_w005
29161,15,minibatch_k64,text_pca256_lexical_w005
29162,38,minibatch_k64,text_pca256_lexical_w005
29163,36,minibatch_k64,text_pca256_lexical_w005
29164,55,minibatch_k64,text_pca256_lexical_w005
29165,60,minibatch_k64,text_pca256_lexical_w005
29166,23,minibatch_k64,text_pca256_lexical_w005
29167,23,minibatch_k64,text_pca256_lexical_w005
29168,62,minibatch_k64,text_pca256_lexical_w005
29169,10,minibatch_k64,text_pca256_lexical_w005
29170,4,minibatch_k64,text_pca256_lexical_w005
29171,45,minibatch_k64,text_pca256_lexical_w005
29172,45,minibatch_k64,text_pca256_lexical_w005
29173,4,minibatch_k64,text_pca256_lexical_w005
29174,15,minibatch_k64,text_pca256_lexical_w005
29175,53,minibatch_k64,text_pca256_lexical_w005
29176,10,minibatch_k64,text_pca256_lexical_w005
29177,53,minibatch_k64,text_pca256_lexical_w005
29178,23,minibatch_k64,text_pca256_lexical_w005
29179,62,minibatch_k64,text_pca256_lexical_w005
29180,10,minibatch_k64,text_pca256_lexical_w005
29181,15,minibatch_k64,text_pca256_lexical_w005
29182,15,minibatch_k64,text_pca256_lexical_w005
29183,39,minibatch_k64,text_pca256_lexical_w005
29184,0,minibatch_k64,text_pca256_lexical_w005
29185,0,minibatch_k64,text_pca256_lexical_w005
29186,0,minibatch_k64,text_pca256_lexical_w005
29187,23,minibatch_k64,text_pca256_lexical_w005
29188,0,minibatch_k64,text_pca256_lexical_w005
29189,39,minibatch_k64,text_pca256_lexical_w005
29190,8,minibatch_k64,text_pca256_lexical_w005
29191,0,minibatch_k64,text_pca256_lexical_w005
29192,15,minibatch_k64,text_pca256_lexical_w005
29193,38,minibatch_k64,text_pca256_lexical_w005
29194,55,minibatch_k64,text_pca256_lexical_w005
29195,15,minibatch_k64,text_pca256_lexical_w005
29196,2,minibatch_k64,text_pca256_lexical_w005
29197,39,minibatch_k64,text_pca256_lexical_w005
29198,15,minibatch_k64,text_pca256_lexical_w005
29199,0,minibatch_k64,text_pca256_lexical_w005
29200,62,minibatch_k64,text_pca256_lexical_w005
29201,38,minibatch_k64,text_pca256_lexical_w005
29202,0,minibatch_k64,text_pca256_lexical_w005
29203,0,minibatch_k64,text_pca256_lexical_w005
29204,23,minibatch_k64,text_pca256_lexical_w005
29205,0,minibatch_k64,text_pca256_lexical_w005
29206,15,minibatch_k64,text_pca256_lexical_w005
29207,59,minibatch_k64,text_pca256_lexical_w005
29208,23,minibatch_k64,text_pca256_lexical_w005
29209,8,minibatch_k64,text_pca256_lexical_w005
29210,45,minibatch_k64,text_pca256_lexical_w005
29211,15,minibatch_k64,text_pca256_lexical_w005
29212,38,minibatch_k64,text_pca256_lexical_w005
29213,23,minibatch_k64,text_pca256_lexical_w005
29214,55,minibatch_k64,text_pca256_lexical_w005
29215,0,minibatch_k64,text_pca256_lexical_w005
29216,0,minibatch_k64,text_pca256_lexical_w005
29217,23,minibatch_k64,text_pca256_lexical_w005
29218,23,minibatch_k64,text_pca256_lexical_w005
29219,62,minibatch_k64,text_pca256_lexical_w005
29220,8,minibatch_k64,text_pca256_lexical_w005
29221,8,minibatch_k64,text_pca256_lexical_w005
29222,8,minibatch_k64,text_pca256_lexical_w005
29223,45,minibatch_k64,text_pca256_lexical_w005
29224,38,minibatch_k64,text_pca256_lexical_w005
29225,59,minibatch_k64,text_pca256_lexical_w005
29226,15,minibatch_k64,text_pca256_lexical_w005
29227,37,minibatch_k64,text_pca256_lexical_w005
29228,23,minibatch_k64,text_pca256_lexical_w005
29229,0,minibatch_k64,text_pca256_lexical_w005
29230,62,minibatch_k64,text_pca256_lexical_w005
29231,0,minibatch_k64,text_pca256_lexical_w005
29232,40,minibatch_k64,text_pca256_lexical_w005
29233,45,minibatch_k64,text_pca256_lexical_w005
29234,38,minibatch_k64,text_pca256_lexical_w005
29235,23,minibatch_k64,text_pca256_lexical_w005
29236,55,minibatch_k64,text_pca256_lexical_w005
29237,38,minibatch_k64,text_pca256_lexical_w005
29238,55,minibatch_k64,text_pca256_lexical_w005
29239,0,minibatch_k64,text_pca256_lexical_w005
29240,0,minibatch_k64,text_pca256_lexical_w005
29241,0,minibatch_k64,text_pca256_lexical_w005
29242,62,minibatch_k64,text_pca256_lexical_w005
29243,50,minibatch_k64,text_pca256_lexical_w005
29244,0,minibatch_k64,text_pca256_lexical_w005
29245,38,minibatch_k64,text_pca256_lexical_w005
29246,55,minibatch_k64,text_pca256_lexical_w005
29247,0,minibatch_k64,text_pca256_lexical_w005
29248,5,minibatch_k64,text_pca256_lexical_w005
29249,23,minibatch_k64,text_pca256_lexical_w005
29250,56,minibatch_k64,text_pca256_lexical_w005
29251,53,minibatch_k64,text_pca256_lexical_w005
29252,38,minibatch_k64,text_pca256_lexical_w005
29253,23,minibatch_k64,text_pca256_lexical_w005
29254,55,minibatch_k64,text_pca256_lexical_w005
29255,23,minibatch_k64,text_pca256_lexical_w005
29256,0,minibatch_k64,text_pca256_lexical_w005
29257,0,minibatch_k64,text_pca256_lexical_w005
29258,23,minibatch_k64,text_pca256_lexical_w005
29259,23,minibatch_k64,text_pca256_lexical_w005
29260,45,minibatch_k64,text_pca256_lexical_w005
29261,23,minibatch_k64,text_pca256_lexical_w005
29262,0,minibatch_k64,text_pca256_lexical_w005
29263,0,minibatch_k64,text_pca256_lexical_w005
29264,0,minibatch_k64,text_pca256_lexical_w005
29265,40,minibatch_k64,text_pca256_lexical_w005
29266,10,minibatch_k64,text_pca256_lexical_w005
29267,40,minibatch_k64,text_pca256_lexical_w005
29268,38,minibatch_k64,text_pca256_lexical_w005
29269,55,minibatch_k64,text_pca256_lexical_w005
29270,10,minibatch_k64,text_pca256_lexical_w005
29271,40,minibatch_k64,text_pca256_lexical_w005
29272,38,minibatch_k64,text_pca256_lexical_w005
29273,23,minibatch_k64,text_pca256_lexical_w005
29274,40,minibatch_k64,text_pca256_lexical_w005
29275,40,minibatch_k64,text_pca256_lexical_w005
29276,38,minibatch_k64,text_pca256_lexical_w005
29277,23,minibatch_k64,text_pca256_lexical_w005
29278,38,minibatch_k64,text_pca256_lexical_w005
29279,32,minibatch_k64,text_pca256_lexical_w005
29280,23,minibatch_k64,text_pca256_lexical_w005
29281,38,minibatch_k64,text_pca256_lexical_w005
29282,36,minibatch_k64,text_pca256_lexical_w005
29283,23,minibatch_k64,text_pca256_lexical_w005
29284,38,minibatch_k64,text_pca256_lexical_w005
29285,23,minibatch_k64,text_pca256_lexical_w005
29286,32,minibatch_k64,text_pca256_lexical_w005
29287,32,minibatch_k64,text_pca256_lexical_w005
29288,38,minibatch_k64,text_pca256_lexical_w005
29289,36,minibatch_k64,text_pca256_lexical_w005
29290,23,minibatch_k64,text_pca256_lexical_w005
29291,36,minibatch_k64,text_pca256_lexical_w005
29292,23,minibatch_k64,text_pca256_lexical_w005
29293,0,minibatch_k64,text_pca256_lexical_w005
29294,6,minibatch_k64,text_pca256_lexical_w005
29295,0,minibatch_k64,text_pca256_lexical_w005
29296,0,minibatch_k64,text_pca256_lexical_w005
29297,10,minibatch_k64,text_pca256_lexical_w005
29298,6,minibatch_k64,text_pca256_lexical_w005
29299,62,minibatch_k64,text_pca256_lexical_w005
29300,6,minibatch_k64,text_pca256_lexical_w005
29301,15,minibatch_k64,text_pca256_lexical_w005
29302,0,minibatch_k64,text_pca256_lexical_w005
29303,5,minibatch_k64,text_pca256_lexical_w005
29304,5,minibatch_k64,text_pca256_lexical_w005
29305,8,minibatch_k64,text_pca256_lexical_w005
29306,0,minibatch_k64,text_pca256_lexical_w005
29307,0,minibatch_k64,text_pca256_lexical_w005
29308,62,minibatch_k64,text_pca256_lexical_w005
29309,8,minibatch_k64,text_pca256_lexical_w005
29310,0,minibatch_k64,text_pca256_lexical_w005
29311,0,minibatch_k64,text_pca256_lexical_w005
29312,0,minibatch_k64,text_pca256_lexical_w005
29313,62,minibatch_k64,text_pca256_lexical_w005
29314,42,minibatch_k64,text_pca256_lexical_w005
29315,5,minibatch_k64,text_pca256_lexical_w005
29316,5,minibatch_k64,text_pca256_lexical_w005
29317,10,minibatch_k64,text_pca256_lexical_w005
29318,10,minibatch_k64,text_pca256_lexical_w005
29319,33,minibatch_k64,text_pca256_lexical_w005
29320,8,minibatch_k64,text_pca256_lexical_w005
29321,62,minibatch_k64,text_pca256_lexical_w005
29322,8,minibatch_k64,text_pca256_lexical_w005
29323,18,minibatch_k64,text_pca256_lexical_w005
29324,62,minibatch_k64,text_pca256_lexical_w005
29325,0,minibatch_k64,text_pca256_lexical_w005
29326,62,minibatch_k64,text_pca256_lexical_w005
29327,62,minibatch_k64,text_pca256_lexical_w005
29328,50,minibatch_k64,text_pca256_lexical_w005
29329,62,minibatch_k64,text_pca256_lexical_w005
29330,42,minibatch_k64,text_pca256_lexical_w005
29331,0,minibatch_k64,text_pca256_lexical_w005
29332,29,minibatch_k64,text_pca256_lexical_w005
29333,29,minibatch_k64,text_pca256_lexical_w005
29334,29,minibatch_k64,text_pca256_lexical_w005
29335,62,minibatch_k64,text_pca256_lexical_w005
29336,62,minibatch_k64,text_pca256_lexical_w005
29337,29,minibatch_k64,text_pca256_lexical_w005
29338,47,minibatch_k64,text_pca256_lexical_w005
29339,0,minibatch_k64,text_pca256_lexical_w005
29340,0,minibatch_k64,text_pca256_lexical_w005
29341,29,minibatch_k64,text_pca256_lexical_w005
29342,62,minibatch_k64,text_pca256_lexical_w005
29343,4,minibatch_k64,text_pca256_lexical_w005
29344,29,minibatch_k64,text_pca256_lexical_w005
29345,29,minibatch_k64,text_pca256_lexical_w005
29346,29,minibatch_k64,text_pca256_lexical_w005
29347,62,minibatch_k64,text_pca256_lexical_w005
29348,0,minibatch_k64,text_pca256_lexical_w005
29349,29,minibatch_k64,text_pca256_lexical_w005
29350,47,minibatch_k64,text_pca256_lexical_w005
29351,29,minibatch_k64,text_pca256_lexical_w005
29352,62,minibatch_k64,text_pca256_lexical_w005
29353,8,minibatch_k64,text_pca256_lexical_w005
29354,29,minibatch_k64,text_pca256_lexical_w005
29355,62,minibatch_k64,text_pca256_lexical_w005
29356,0,minibatch_k64,text_pca256_lexical_w005
29357,0,minibatch_k64,text_pca256_lexical_w005
29358,15,minibatch_k64,text_pca256_lexical_w005
29359,0,minibatch_k64,text_pca256_lexical_w005
29360,0,minibatch_k64,text_pca256_lexical_w005
29361,52,minibatch_k64,text_pca256_lexical_w005
29362,62,minibatch_k64,text_pca256_lexical_w005
29363,8,minibatch_k64,text_pca256_lexical_w005
29364,33,minibatch_k64,text_pca256_lexical_w005
29365,42,minibatch_k64,text_pca256_lexical_w005
29366,8,minibatch_k64,text_pca256_lexical_w005
29367,42,minibatch_k64,text_pca256_lexical_w005
29368,0,minibatch_k64,text_pca256_lexical_w005
29369,25,minibatch_k64,text_pca256_lexical_w005
29370,0,minibatch_k64,text_pca256_lexical_w005
29371,15,minibatch_k64,text_pca256_lexical_w005
29372,15,minibatch_k64,text_pca256_lexical_w005
29373,5,minibatch_k64,text_pca256_lexical_w005
29374,29,minibatch_k64,text_pca256_lexical_w005
29375,62,minibatch_k64,text_pca256_lexical_w005
29376,38,minibatch_k64,text_pca256_lexical_w005
29377,58,minibatch_k64,text_pca256_lexical_w005
29378,45,minibatch_k64,text_pca256_lexical_w005
29379,55,minibatch_k64,text_pca256_lexical_w005
29380,5,minibatch_k64,text_pca256_lexical_w005
29381,10,minibatch_k64,text_pca256_lexical_w005
29382,29,minibatch_k64,text_pca256_lexical_w005
29383,0,minibatch_k64,text_pca256_lexical_w005
29384,62,minibatch_k64,text_pca256_lexical_w005
29385,38,minibatch_k64,text_pca256_lexical_w005
29386,58,minibatch_k64,text_pca256_lexical_w005
29387,23,minibatch_k64,text_pca256_lexical_w005
29388,55,minibatch_k64,text_pca256_lexical_w005
29389,35,minibatch_k64,text_pca256_lexical_w005
29390,4,minibatch_k64,text_pca256_lexical_w005
29391,0,minibatch_k64,text_pca256_lexical_w005
29392,62,minibatch_k64,text_pca256_lexical_w005
29393,62,minibatch_k64,text_pca256_lexical_w005
29394,0,minibatch_k64,text_pca256_lexical_w005
29395,62,minibatch_k64,text_pca256_lexical_w005
29396,33,minibatch_k64,text_pca256_lexical_w005
29397,29,minibatch_k64,text_pca256_lexical_w005
29398,0,minibatch_k64,text_pca256_lexical_w005
29399,29,minibatch_k64,text_pca256_lexical_w005
29400,29,minibatch_k64,text_pca256_lexical_w005
29401,62,minibatch_k64,text_pca256_lexical_w005
29402,4,minibatch_k64,text_pca256_lexical_w005
29403,38,minibatch_k64,text_pca256_lexical_w005
29404,45,minibatch_k64,text_pca256_lexical_w005
29405,55,minibatch_k64,text_pca256_lexical_w005
29406,23,minibatch_k64,text_pca256_lexical_w005
29407,5,minibatch_k64,text_pca256_lexical_w005
29408,62,minibatch_k64,text_pca256_lexical_w005
29409,33,minibatch_k64,text_pca256_lexical_w005
29410,38,minibatch_k64,text_pca256_lexical_w005
29411,58,minibatch_k64,text_pca256_lexical_w005
29412,45,minibatch_k64,text_pca256_lexical_w005
29413,55,minibatch_k64,text_pca256_lexical_w005
29414,62,minibatch_k64,text_pca256_lexical_w005
29415,62,minibatch_k64,text_pca256_lexical_w005
29416,8,minibatch_k64,text_pca256_lexical_w005
29417,15,minibatch_k64,text_pca256_lexical_w005
29418,8,minibatch_k64,text_pca256_lexical_w005
29419,0,minibatch_k64,text_pca256_lexical_w005
29420,39,minibatch_k64,text_pca256_lexical_w005
29421,62,minibatch_k64,text_pca256_lexical_w005
29422,62,minibatch_k64,text_pca256_lexical_w005
29423,0,minibatch_k64,text_pca256_lexical_w005
29424,10,minibatch_k64,text_pca256_lexical_w005
29425,8,minibatch_k64,text_pca256_lexical_w005
29426,25,minibatch_k64,text_pca256_lexical_w005
29427,59,minibatch_k64,text_pca256_lexical_w005
29428,15,minibatch_k64,text_pca256_lexical_w005
29429,15,minibatch_k64,text_pca256_lexical_w005
29430,53,minibatch_k64,text_pca256_lexical_w005
29431,38,minibatch_k64,text_pca256_lexical_w005
29432,58,minibatch_k64,text_pca256_lexical_w005
29433,62,minibatch_k64,text_pca256_lexical_w005
29434,23,minibatch_k64,text_pca256_lexical_w005
29435,55,minibatch_k64,text_pca256_lexical_w005
29436,35,minibatch_k64,text_pca256_lexical_w005
29437,62,minibatch_k64,text_pca256_lexical_w005
29438,62,minibatch_k64,text_pca256_lexical_w005
29439,62,minibatch_k64,text_pca256_lexical_w005
29440,0,minibatch_k64,text_pca256_lexical_w005
29441,0,minibatch_k64,text_pca256_lexical_w005
29442,42,minibatch_k64,text_pca256_lexical_w005
29443,62,minibatch_k64,text_pca256_lexical_w005
29444,0,minibatch_k64,text_pca256_lexical_w005
29445,62,minibatch_k64,text_pca256_lexical_w005
29446,39,minibatch_k64,text_pca256_lexical_w005
29447,0,minibatch_k64,text_pca256_lexical_w005
29448,39,minibatch_k64,text_pca256_lexical_w005
29449,45,minibatch_k64,text_pca256_lexical_w005
29450,10,minibatch_k64,text_pca256_lexical_w005
29451,62,minibatch_k64,text_pca256_lexical_w005
29452,38,minibatch_k64,text_pca256_lexical_w005
29453,0,minibatch_k64,text_pca256_lexical_w005
29454,45,minibatch_k64,text_pca256_lexical_w005
29455,35,minibatch_k64,text_pca256_lexical_w005
29456,10,minibatch_k64,text_pca256_lexical_w005
29457,45,minibatch_k64,text_pca256_lexical_w005
29458,0,minibatch_k64,text_pca256_lexical_w005
29459,53,minibatch_k64,text_pca256_lexical_w005
29460,62,minibatch_k64,text_pca256_lexical_w005
29461,42,minibatch_k64,text_pca256_lexical_w005
29462,8,minibatch_k64,text_pca256_lexical_w005
29463,0,minibatch_k64,text_pca256_lexical_w005
29464,62,minibatch_k64,text_pca256_lexical_w005
29465,62,minibatch_k64,text_pca256_lexical_w005
29466,0,minibatch_k64,text_pca256_lexical_w005
29467,42,minibatch_k64,text_pca256_lexical_w005
29468,62,minibatch_k64,text_pca256_lexical_w005
29469,40,minibatch_k64,text_pca256_lexical_w005
29470,40,minibatch_k64,text_pca256_lexical_w005
29471,18,minibatch_k64,text_pca256_lexical_w005
29472,8,minibatch_k64,text_pca256_lexical_w005
29473,0,minibatch_k64,text_pca256_lexical_w005
29474,59,minibatch_k64,text_pca256_lexical_w005
29475,40,minibatch_k64,text_pca256_lexical_w005
29476,38,minibatch_k64,text_pca256_lexical_w005
29477,60,minibatch_k64,text_pca256_lexical_w005
29478,45,minibatch_k64,text_pca256_lexical_w005
29479,45,minibatch_k64,text_pca256_lexical_w005
29480,4,minibatch_k64,text_pca256_lexical_w005
29481,0,minibatch_k64,text_pca256_lexical_w005
29482,45,minibatch_k64,text_pca256_lexical_w005
29483,45,minibatch_k64,text_pca256_lexical_w005
29484,0,minibatch_k64,text_pca256_lexical_w005
29485,0,minibatch_k64,text_pca256_lexical_w005
29486,8,minibatch_k64,text_pca256_lexical_w005
29487,47,minibatch_k64,text_pca256_lexical_w005
29488,62,minibatch_k64,text_pca256_lexical_w005
29489,56,minibatch_k64,text_pca256_lexical_w005
29490,42,minibatch_k64,text_pca256_lexical_w005
29491,62,minibatch_k64,text_pca256_lexical_w005
29492,62,minibatch_k64,text_pca256_lexical_w005
29493,0,minibatch_k64,text_pca256_lexical_w005
29494,62,minibatch_k64,text_pca256_lexical_w005
29495,47,minibatch_k64,text_pca256_lexical_w005
29496,62,minibatch_k64,text_pca256_lexical_w005
29497,47,minibatch_k64,text_pca256_lexical_w005
29498,59,minibatch_k64,text_pca256_lexical_w005
29499,0,minibatch_k64,text_pca256_lexical_w005
29500,0,minibatch_k64,text_pca256_lexical_w005
29501,47,minibatch_k64,text_pca256_lexical_w005
29502,5,minibatch_k64,text_pca256_lexical_w005
29503,38,minibatch_k64,text_pca256_lexical_w005
29504,55,minibatch_k64,text_pca256_lexical_w005
29505,60,minibatch_k64,text_pca256_lexical_w005
29506,4,minibatch_k64,text_pca256_lexical_w005
29507,59,minibatch_k64,text_pca256_lexical_w005
29508,47,minibatch_k64,text_pca256_lexical_w005
29509,8,minibatch_k64,text_pca256_lexical_w005
29510,4,minibatch_k64,text_pca256_lexical_w005
29511,23,minibatch_k64,text_pca256_lexical_w005
29512,23,minibatch_k64,text_pca256_lexical_w005
29513,4,minibatch_k64,text_pca256_lexical_w005
29514,47,minibatch_k64,text_pca256_lexical_w005
29515,8,minibatch_k64,text_pca256_lexical_w005
29516,42,minibatch_k64,text_pca256_lexical_w005
29517,42,minibatch_k64,text_pca256_lexical_w005
29518,29,minibatch_k64,text_pca256_lexical_w005
29519,15,minibatch_k64,text_pca256_lexical_w005
29520,62,minibatch_k64,text_pca256_lexical_w005
29521,29,minibatch_k64,text_pca256_lexical_w005
29522,0,minibatch_k64,text_pca256_lexical_w005
29523,0,minibatch_k64,text_pca256_lexical_w005
29524,62,minibatch_k64,text_pca256_lexical_w005
29525,39,minibatch_k64,text_pca256_lexical_w005
29526,59,minibatch_k64,text_pca256_lexical_w005
29527,39,minibatch_k64,text_pca256_lexical_w005
29528,39,minibatch_k64,text_pca256_lexical_w005
29529,0,minibatch_k64,text_pca256_lexical_w005
29530,29,minibatch_k64,text_pca256_lexical_w005
29531,18,minibatch_k64,text_pca256_lexical_w005
29532,47,minibatch_k64,text_pca256_lexical_w005
29533,62,minibatch_k64,text_pca256_lexical_w005
29534,8,minibatch_k64,text_pca256_lexical_w005
29535,62,minibatch_k64,text_pca256_lexical_w005
29536,62,minibatch_k64,text_pca256_lexical_w005
29537,62,minibatch_k64,text_pca256_lexical_w005
29538,8,minibatch_k64,text_pca256_lexical_w005
29539,25,minibatch_k64,text_pca256_lexical_w005
29540,8,minibatch_k64,text_pca256_lexical_w005
29541,0,minibatch_k64,text_pca256_lexical_w005
29542,45,minibatch_k64,text_pca256_lexical_w005
29543,0,minibatch_k64,text_pca256_lexical_w005
29544,23,minibatch_k64,text_pca256_lexical_w005
29545,23,minibatch_k64,text_pca256_lexical_w005
29546,45,minibatch_k64,text_pca256_lexical_w005
29547,59,minibatch_k64,text_pca256_lexical_w005
29548,0,minibatch_k64,text_pca256_lexical_w005
29549,23,minibatch_k64,text_pca256_lexical_w005
29550,23,minibatch_k64,text_pca256_lexical_w005
29551,0,minibatch_k64,text_pca256_lexical_w005
29552,50,minibatch_k64,text_pca256_lexical_w005
29553,23,minibatch_k64,text_pca256_lexical_w005
29554,0,minibatch_k64,text_pca256_lexical_w005
29555,45,minibatch_k64,text_pca256_lexical_w005
29556,0,minibatch_k64,text_pca256_lexical_w005
29557,42,minibatch_k64,text_pca256_lexical_w005
29558,15,minibatch_k64,text_pca256_lexical_w005
29559,0,minibatch_k64,text_pca256_lexical_w005
29560,15,minibatch_k64,text_pca256_lexical_w005
29561,39,minibatch_k64,text_pca256_lexical_w005
29562,0,minibatch_k64,text_pca256_lexical_w005
29563,62,minibatch_k64,text_pca256_lexical_w005
29564,62,minibatch_k64,text_pca256_lexical_w005
29565,59,minibatch_k64,text_pca256_lexical_w005
29566,0,minibatch_k64,text_pca256_lexical_w005
29567,0,minibatch_k64,text_pca256_lexical_w005
29568,0,minibatch_k64,text_pca256_lexical_w005
29569,5,minibatch_k64,text_pca256_lexical_w005
29570,15,minibatch_k64,text_pca256_lexical_w005
29571,0,minibatch_k64,text_pca256_lexical_w005
29572,0,minibatch_k64,text_pca256_lexical_w005
29573,33,minibatch_k64,text_pca256_lexical_w005
29574,39,minibatch_k64,text_pca256_lexical_w005
29575,62,minibatch_k64,text_pca256_lexical_w005
29576,5,minibatch_k64,text_pca256_lexical_w005
29577,53,minibatch_k64,text_pca256_lexical_w005
29578,59,minibatch_k64,text_pca256_lexical_w005
29579,10,minibatch_k64,text_pca256_lexical_w005
29580,0,minibatch_k64,text_pca256_lexical_w005
29581,0,minibatch_k64,text_pca256_lexical_w005
29582,0,minibatch_k64,text_pca256_lexical_w005
29583,20,minibatch_k64,text_pca256_lexical_w005
29584,38,minibatch_k64,text_pca256_lexical_w005
29585,55,minibatch_k64,text_pca256_lexical_w005
29586,60,minibatch_k64,text_pca256_lexical_w005
29587,8,minibatch_k64,text_pca256_lexical_w005
29588,23,minibatch_k64,text_pca256_lexical_w005
29589,0,minibatch_k64,text_pca256_lexical_w005
29590,10,minibatch_k64,text_pca256_lexical_w005
29591,15,minibatch_k64,text_pca256_lexical_w005
29592,8,minibatch_k64,text_pca256_lexical_w005
29593,25,minibatch_k64,text_pca256_lexical_w005
29594,58,minibatch_k64,text_pca256_lexical_w005
29595,38,minibatch_k64,text_pca256_lexical_w005
29596,2,minibatch_k64,text_pca256_lexical_w005
29597,60,minibatch_k64,text_pca256_lexical_w005
29598,8,minibatch_k64,text_pca256_lexical_w005
29599,8,minibatch_k64,text_pca256_lexical_w005
29600,38,minibatch_k64,text_pca256_lexical_w005
29601,55,minibatch_k64,text_pca256_lexical_w005
29602,60,minibatch_k64,text_pca256_lexical_w005
29603,33,minibatch_k64,text_pca256_lexical_w005
29604,40,minibatch_k64,text_pca256_lexical_w005
29605,33,minibatch_k64,text_pca256_lexical_w005
29606,38,minibatch_k64,text_pca256_lexical_w005
29607,39,minibatch_k64,text_pca256_lexical_w005
29608,8,minibatch_k64,text_pca256_lexical_w005
29609,0,minibatch_k64,text_pca256_lexical_w005
29610,39,minibatch_k64,text_pca256_lexical_w005
29611,0,minibatch_k64,text_pca256_lexical_w005
29612,38,minibatch_k64,text_pca256_lexical_w005
29613,55,minibatch_k64,text_pca256_lexical_w005
29614,60,minibatch_k64,text_pca256_lexical_w005
29615,20,minibatch_k64,text_pca256_lexical_w005
29616,39,minibatch_k64,text_pca256_lexical_w005
29617,8,minibatch_k64,text_pca256_lexical_w005
29618,39,minibatch_k64,text_pca256_lexical_w005
29619,8,minibatch_k64,text_pca256_lexical_w005
29620,8,minibatch_k64,text_pca256_lexical_w005
29621,8,minibatch_k64,text_pca256_lexical_w005
29622,62,minibatch_k64,text_pca256_lexical_w005
29623,45,minibatch_k64,text_pca256_lexical_w005
29624,45,minibatch_k64,text_pca256_lexical_w005
29625,33,minibatch_k64,text_pca256_lexical_w005
29626,38,minibatch_k64,text_pca256_lexical_w005
29627,45,minibatch_k64,text_pca256_lexical_w005
29628,55,minibatch_k64,text_pca256_lexical_w005
29629,60,minibatch_k64,text_pca256_lexical_w005
29630,45,minibatch_k64,text_pca256_lexical_w005
29631,2,minibatch_k64,text_pca256_lexical_w005
29632,45,minibatch_k64,text_pca256_lexical_w005
29633,0,minibatch_k64,text_pca256_lexical_w005
29634,59,minibatch_k64,text_pca256_lexical_w005
29635,45,minibatch_k64,text_pca256_lexical_w005
29636,45,minibatch_k64,text_pca256_lexical_w005
29637,45,minibatch_k64,text_pca256_lexical_w005
29638,33,minibatch_k64,text_pca256_lexical_w005
29639,59,minibatch_k64,text_pca256_lexical_w005
29640,39,minibatch_k64,text_pca256_lexical_w005
29641,10,minibatch_k64,text_pca256_lexical_w005
29642,59,minibatch_k64,text_pca256_lexical_w005
29643,45,minibatch_k64,text_pca256_lexical_w005
29644,59,minibatch_k64,text_pca256_lexical_w005
29645,0,minibatch_k64,text_pca256_lexical_w005
29646,27,minibatch_k64,text_pca256_lexical_w005
29647,0,minibatch_k64,text_pca256_lexical_w005
29648,59,minibatch_k64,text_pca256_lexical_w005
29649,0,minibatch_k64,text_pca256_lexical_w005
29650,50,minibatch_k64,text_pca256_lexical_w005
29651,0,minibatch_k64,text_pca256_lexical_w005
29652,38,minibatch_k64,text_pca256_lexical_w005
29653,45,minibatch_k64,text_pca256_lexical_w005
29654,55,minibatch_k64,text_pca256_lexical_w005
29655,27,minibatch_k64,text_pca256_lexical_w005
29656,60,minibatch_k64,text_pca256_lexical_w005
29657,18,minibatch_k64,text_pca256_lexical_w005
29658,45,minibatch_k64,text_pca256_lexical_w005
29659,45,minibatch_k64,text_pca256_lexical_w005
29660,27,minibatch_k64,text_pca256_lexical_w005
29661,39,minibatch_k64,text_pca256_lexical_w005
29662,62,minibatch_k64,text_pca256_lexical_w005
29663,27,minibatch_k64,text_pca256_lexical_w005
29664,53,minibatch_k64,text_pca256_lexical_w005
29665,27,minibatch_k64,text_pca256_lexical_w005
29666,18,minibatch_k64,text_pca256_lexical_w005
29667,27,minibatch_k64,text_pca256_lexical_w005
29668,0,minibatch_k64,text_pca256_lexical_w005
29669,18,minibatch_k64,text_pca256_lexical_w005
29670,45,minibatch_k64,text_pca256_lexical_w005
29671,8,minibatch_k64,text_pca256_lexical_w005
29672,45,minibatch_k64,text_pca256_lexical_w005
29673,0,minibatch_k64,text_pca256_lexical_w005
29674,62,minibatch_k64,text_pca256_lexical_w005
29675,27,minibatch_k64,text_pca256_lexical_w005
29676,27,minibatch_k64,text_pca256_lexical_w005
29677,45,minibatch_k64,text_pca256_lexical_w005
29678,38,minibatch_k64,text_pca256_lexical_w005
29679,55,minibatch_k64,text_pca256_lexical_w005
29680,37,minibatch_k64,text_pca256_lexical_w005
29681,10,minibatch_k64,text_pca256_lexical_w005
29682,59,minibatch_k64,text_pca256_lexical_w005
29683,27,minibatch_k64,text_pca256_lexical_w005
29684,50,minibatch_k64,text_pca256_lexical_w005
29685,50,minibatch_k64,text_pca256_lexical_w005
29686,2,minibatch_k64,text_pca256_lexical_w005
29687,59,minibatch_k64,text_pca256_lexical_w005
29688,62,minibatch_k64,text_pca256_lexical_w005
29689,59,minibatch_k64,text_pca256_lexical_w005
29690,62,minibatch_k64,text_pca256_lexical_w005
29691,0,minibatch_k64,text_pca256_lexical_w005
29692,27,minibatch_k64,text_pca256_lexical_w005
29693,45,minibatch_k64,text_pca256_lexical_w005
29694,27,minibatch_k64,text_pca256_lexical_w005
29695,45,minibatch_k64,text_pca256_lexical_w005
29696,8,minibatch_k64,text_pca256_lexical_w005
29697,27,minibatch_k64,text_pca256_lexical_w005
29698,0,minibatch_k64,text_pca256_lexical_w005
29699,18,minibatch_k64,text_pca256_lexical_w005
29700,62,minibatch_k64,text_pca256_lexical_w005
29701,27,minibatch_k64,text_pca256_lexical_w005
29702,0,minibatch_k64,text_pca256_lexical_w005
29703,33,minibatch_k64,text_pca256_lexical_w005
29704,45,minibatch_k64,text_pca256_lexical_w005
29705,50,minibatch_k64,text_pca256_lexical_w005
29706,27,minibatch_k64,text_pca256_lexical_w005
29707,62,minibatch_k64,text_pca256_lexical_w005
29708,62,minibatch_k64,text_pca256_lexical_w005
29709,45,minibatch_k64,text_pca256_lexical_w005
29710,27,minibatch_k64,text_pca256_lexical_w005
29711,45,minibatch_k64,text_pca256_lexical_w005
29712,18,minibatch_k64,text_pca256_lexical_w005
29713,59,minibatch_k64,text_pca256_lexical_w005
29714,0,minibatch_k64,text_pca256_lexical_w005
29715,30,minibatch_k64,text_pca256_lexical_w005
29716,0,minibatch_k64,text_pca256_lexical_w005
29717,0,minibatch_k64,text_pca256_lexical_w005
29718,30,minibatch_k64,text_pca256_lexical_w005
29719,30,minibatch_k64,text_pca256_lexical_w005
29720,30,minibatch_k64,text_pca256_lexical_w005
29721,62,minibatch_k64,text_pca256_lexical_w005
29722,30,minibatch_k64,text_pca256_lexical_w005
29723,45,minibatch_k64,text_pca256_lexical_w005
29724,8,minibatch_k64,text_pca256_lexical_w005
29725,59,minibatch_k64,text_pca256_lexical_w005
29726,45,minibatch_k64,text_pca256_lexical_w005
29727,45,minibatch_k64,text_pca256_lexical_w005
29728,45,minibatch_k64,text_pca256_lexical_w005
29729,59,minibatch_k64,text_pca256_lexical_w005
29730,0,minibatch_k64,text_pca256_lexical_w005
29731,0,minibatch_k64,text_pca256_lexical_w005
29732,59,minibatch_k64,text_pca256_lexical_w005
29733,59,minibatch_k64,text_pca256_lexical_w005
29734,59,minibatch_k64,text_pca256_lexical_w005
29735,8,minibatch_k64,text_pca256_lexical_w005
29736,59,minibatch_k64,text_pca256_lexical_w005
29737,59,minibatch_k64,text_pca256_lexical_w005
29738,59,minibatch_k64,text_pca256_lexical_w005
29739,62,minibatch_k64,text_pca256_lexical_w005
29740,0,minibatch_k64,text_pca256_lexical_w005
29741,8,minibatch_k64,text_pca256_lexical_w005
29742,59,minibatch_k64,text_pca256_lexical_w005
29743,8,minibatch_k64,text_pca256_lexical_w005
29744,59,minibatch_k64,text_pca256_lexical_w005
29745,59,minibatch_k64,text_pca256_lexical_w005
29746,59,minibatch_k64,text_pca256_lexical_w005
29747,8,minibatch_k64,text_pca256_lexical_w005
29748,59,minibatch_k64,text_pca256_lexical_w005
29749,8,minibatch_k64,text_pca256_lexical_w005
29750,59,minibatch_k64,text_pca256_lexical_w005
29751,10,minibatch_k64,text_pca256_lexical_w005
29752,59,minibatch_k64,text_pca256_lexical_w005
29753,8,minibatch_k64,text_pca256_lexical_w005
29754,33,minibatch_k64,text_pca256_lexical_w005
29755,45,minibatch_k64,text_pca256_lexical_w005
29756,39,minibatch_k64,text_pca256_lexical_w005
29757,39,minibatch_k64,text_pca256_lexical_w005
29758,33,minibatch_k64,text_pca256_lexical_w005
29759,45,minibatch_k64,text_pca256_lexical_w005
29760,34,minibatch_k64,text_pca256_lexical_w005
29761,59,minibatch_k64,text_pca256_lexical_w005
29762,45,minibatch_k64,text_pca256_lexical_w005
29763,45,minibatch_k64,text_pca256_lexical_w005
29764,45,minibatch_k64,text_pca256_lexical_w005
29765,45,minibatch_k64,text_pca256_lexical_w005
29766,59,minibatch_k64,text_pca256_lexical_w005
29767,8,minibatch_k64,text_pca256_lexical_w005
29768,45,minibatch_k64,text_pca256_lexical_w005
29769,39,minibatch_k64,text_pca256_lexical_w005
29770,6,minibatch_k64,text_pca256_lexical_w005
29771,41,minibatch_k64,text_pca256_lexical_w005
29772,6,minibatch_k64,text_pca256_lexical_w005
29773,10,minibatch_k64,text_pca256_lexical_w005
29774,62,minibatch_k64,text_pca256_lexical_w005
29775,10,minibatch_k64,text_pca256_lexical_w005
29776,6,minibatch_k64,text_pca256_lexical_w005
29777,10,minibatch_k64,text_pca256_lexical_w005
29778,6,minibatch_k64,text_pca256_lexical_w005
29779,8,minibatch_k64,text_pca256_lexical_w005
29780,0,minibatch_k64,text_pca256_lexical_w005
29781,62,minibatch_k64,text_pca256_lexical_w005
29782,48,minibatch_k64,text_pca256_lexical_w005
29783,42,minibatch_k64,text_pca256_lexical_w005
29784,41,minibatch_k64,text_pca256_lexical_w005
29785,41,minibatch_k64,text_pca256_lexical_w005
29786,41,minibatch_k64,text_pca256_lexical_w005
29787,59,minibatch_k64,text_pca256_lexical_w005
29788,42,minibatch_k64,text_pca256_lexical_w005
29789,62,minibatch_k64,text_pca256_lexical_w005
29790,23,minibatch_k64,text_pca256_lexical_w005
29791,0,minibatch_k64,text_pca256_lexical_w005
29792,5,minibatch_k64,text_pca256_lexical_w005
29793,4,minibatch_k64,text_pca256_lexical_w005
29794,62,minibatch_k64,text_pca256_lexical_w005
29795,23,minibatch_k64,text_pca256_lexical_w005
29796,4,minibatch_k64,text_pca256_lexical_w005
29797,62,minibatch_k64,text_pca256_lexical_w005
29798,5,minibatch_k64,text_pca256_lexical_w005
29799,62,minibatch_k64,text_pca256_lexical_w005
29800,15,minibatch_k64,text_pca256_lexical_w005
29801,42,minibatch_k64,text_pca256_lexical_w005
29802,0,minibatch_k64,text_pca256_lexical_w005
29803,8,minibatch_k64,text_pca256_lexical_w005
29804,47,minibatch_k64,text_pca256_lexical_w005
29805,10,minibatch_k64,text_pca256_lexical_w005
29806,10,minibatch_k64,text_pca256_lexical_w005
29807,8,minibatch_k64,text_pca256_lexical_w005
29808,10,minibatch_k64,text_pca256_lexical_w005
29809,62,minibatch_k64,text_pca256_lexical_w005
29810,23,minibatch_k64,text_pca256_lexical_w005
29811,15,minibatch_k64,text_pca256_lexical_w005
29812,45,minibatch_k64,text_pca256_lexical_w005
29813,15,minibatch_k64,text_pca256_lexical_w005
29814,45,minibatch_k64,text_pca256_lexical_w005
29815,45,minibatch_k64,text_pca256_lexical_w005
29816,4,minibatch_k64,text_pca256_lexical_w005
29817,0,minibatch_k64,text_pca256_lexical_w005
29818,15,minibatch_k64,text_pca256_lexical_w005
29819,8,minibatch_k64,text_pca256_lexical_w005
29820,5,minibatch_k64,text_pca256_lexical_w005
29821,5,minibatch_k64,text_pca256_lexical_w005
29822,5,minibatch_k64,text_pca256_lexical_w005
29823,5,minibatch_k64,text_pca256_lexical_w005
29824,0,minibatch_k64,text_pca256_lexical_w005
29825,15,minibatch_k64,text_pca256_lexical_w005
29826,33,minibatch_k64,text_pca256_lexical_w005
29827,15,minibatch_k64,text_pca256_lexical_w005
29828,62,minibatch_k64,text_pca256_lexical_w005
29829,0,minibatch_k64,text_pca256_lexical_w005
29830,0,minibatch_k64,text_pca256_lexical_w005
29831,15,minibatch_k64,text_pca256_lexical_w005
29832,15,minibatch_k64,text_pca256_lexical_w005
29833,15,minibatch_k64,text_pca256_lexical_w005
29834,47,minibatch_k64,text_pca256_lexical_w005
29835,0,minibatch_k64,text_pca256_lexical_w005
29836,15,minibatch_k64,text_pca256_lexical_w005
29837,33,minibatch_k64,text_pca256_lexical_w005
29838,8,minibatch_k64,text_pca256_lexical_w005
29839,45,minibatch_k64,text_pca256_lexical_w005
29840,15,minibatch_k64,text_pca256_lexical_w005
29841,33,minibatch_k64,text_pca256_lexical_w005
29842,33,minibatch_k64,text_pca256_lexical_w005
29843,38,minibatch_k64,text_pca256_lexical_w005
29844,58,minibatch_k64,text_pca256_lexical_w005
29845,0,minibatch_k64,text_pca256_lexical_w005
29846,23,minibatch_k64,text_pca256_lexical_w005
29847,15,minibatch_k64,text_pca256_lexical_w005
29848,0,minibatch_k64,text_pca256_lexical_w005
29849,15,minibatch_k64,text_pca256_lexical_w005
29850,55,minibatch_k64,text_pca256_lexical_w005
29851,23,minibatch_k64,text_pca256_lexical_w005
29852,22,minibatch_k64,text_pca256_lexical_w005
29853,33,minibatch_k64,text_pca256_lexical_w005
29854,15,minibatch_k64,text_pca256_lexical_w005
29855,15,minibatch_k64,text_pca256_lexical_w005
29856,39,minibatch_k64,text_pca256_lexical_w005
29857,0,minibatch_k64,text_pca256_lexical_w005
29858,0,minibatch_k64,text_pca256_lexical_w005
29859,15,minibatch_k64,text_pca256_lexical_w005
29860,4,minibatch_k64,text_pca256_lexical_w005
29861,62,minibatch_k64,text_pca256_lexical_w005
29862,10,minibatch_k64,text_pca256_lexical_w005
29863,33,minibatch_k64,text_pca256_lexical_w005
29864,0,minibatch_k64,text_pca256_lexical_w005
29865,15,minibatch_k64,text_pca256_lexical_w005
29866,5,minibatch_k64,text_pca256_lexical_w005
29867,62,minibatch_k64,text_pca256_lexical_w005
29868,21,minibatch_k64,text_pca256_lexical_w005
29869,5,minibatch_k64,text_pca256_lexical_w005
29870,0,minibatch_k64,text_pca256_lexical_w005
29871,8,minibatch_k64,text_pca256_lexical_w005
29872,39,minibatch_k64,text_pca256_lexical_w005
29873,62,minibatch_k64,text_pca256_lexical_w005
29874,62,minibatch_k64,text_pca256_lexical_w005
29875,0,minibatch_k64,text_pca256_lexical_w005
29876,15,minibatch_k64,text_pca256_lexical_w005
29877,15,minibatch_k64,text_pca256_lexical_w005
29878,15,minibatch_k64,text_pca256_lexical_w005
29879,46,minibatch_k64,text_pca256_lexical_w005
29880,0,minibatch_k64,text_pca256_lexical_w005
29881,5,minibatch_k64,text_pca256_lexical_w005
29882,5,minibatch_k64,text_pca256_lexical_w005
29883,33,minibatch_k64,text_pca256_lexical_w005
29884,39,minibatch_k64,text_pca256_lexical_w005
29885,8,minibatch_k64,text_pca256_lexical_w005
29886,0,minibatch_k64,text_pca256_lexical_w005
29887,15,minibatch_k64,text_pca256_lexical_w005
29888,15,minibatch_k64,text_pca256_lexical_w005
29889,15,minibatch_k64,text_pca256_lexical_w005
29890,15,minibatch_k64,text_pca256_lexical_w005
29891,50,minibatch_k64,text_pca256_lexical_w005
29892,25,minibatch_k64,text_pca256_lexical_w005
29893,10,minibatch_k64,text_pca256_lexical_w005
29894,15,minibatch_k64,text_pca256_lexical_w005
29895,45,minibatch_k64,text_pca256_lexical_w005
29896,62,minibatch_k64,text_pca256_lexical_w005
29897,38,minibatch_k64,text_pca256_lexical_w005
29898,58,minibatch_k64,text_pca256_lexical_w005
29899,10,minibatch_k64,text_pca256_lexical_w005
29900,45,minibatch_k64,text_pca256_lexical_w005
29901,15,minibatch_k64,text_pca256_lexical_w005
29902,45,minibatch_k64,text_pca256_lexical_w005
29903,55,minibatch_k64,text_pca256_lexical_w005
29904,62,minibatch_k64,text_pca256_lexical_w005
29905,22,minibatch_k64,text_pca256_lexical_w005
29906,23,minibatch_k64,text_pca256_lexical_w005
29907,53,minibatch_k64,text_pca256_lexical_w005
29908,39,minibatch_k64,text_pca256_lexical_w005
29909,62,minibatch_k64,text_pca256_lexical_w005
29910,21,minibatch_k64,text_pca256_lexical_w005
29911,15,minibatch_k64,text_pca256_lexical_w005
29912,56,minibatch_k64,text_pca256_lexical_w005
29913,15,minibatch_k64,text_pca256_lexical_w005
29914,15,minibatch_k64,text_pca256_lexical_w005
29915,8,minibatch_k64,text_pca256_lexical_w005
29916,53,minibatch_k64,text_pca256_lexical_w005
29917,8,minibatch_k64,text_pca256_lexical_w005
29918,0,minibatch_k64,text_pca256_lexical_w005
29919,33,minibatch_k64,text_pca256_lexical_w005
29920,0,minibatch_k64,text_pca256_lexical_w005
29921,33,minibatch_k64,text_pca256_lexical_w005
29922,15,minibatch_k64,text_pca256_lexical_w005
29923,8,minibatch_k64,text_pca256_lexical_w005
29924,23,minibatch_k64,text_pca256_lexical_w005
29925,15,minibatch_k64,text_pca256_lexical_w005
29926,42,minibatch_k64,text_pca256_lexical_w005
29927,8,minibatch_k64,text_pca256_lexical_w005
29928,8,minibatch_k64,text_pca256_lexical_w005
29929,15,minibatch_k64,text_pca256_lexical_w005
29930,15,minibatch_k64,text_pca256_lexical_w005
29931,0,minibatch_k64,text_pca256_lexical_w005
29932,8,minibatch_k64,text_pca256_lexical_w005
29933,8,minibatch_k64,text_pca256_lexical_w005
29934,62,minibatch_k64,text_pca256_lexical_w005
29935,33,minibatch_k64,text_pca256_lexical_w005
29936,33,minibatch_k64,text_pca256_lexical_w005
29937,25,minibatch_k64,text_pca256_lexical_w005
29938,45,minibatch_k64,text_pca256_lexical_w005
29939,42,minibatch_k64,text_pca256_lexical_w005
29940,33,minibatch_k64,text_pca256_lexical_w005
29941,38,minibatch_k64,text_pca256_lexical_w005
29942,15,minibatch_k64,text_pca256_lexical_w005
29943,45,minibatch_k64,text_pca256_lexical_w005
29944,58,minibatch_k64,text_pca256_lexical_w005
29945,15,minibatch_k64,text_pca256_lexical_w005
29946,55,minibatch_k64,text_pca256_lexical_w005
29947,23,minibatch_k64,text_pca256_lexical_w005
29948,22,minibatch_k64,text_pca256_lexical_w005
29949,8,minibatch_k64,text_pca256_lexical_w005
29950,45,minibatch_k64,text_pca256_lexical_w005
29951,15,minibatch_k64,text_pca256_lexical_w005
29952,33,minibatch_k64,text_pca256_lexical_w005
29953,15,minibatch_k64,text_pca256_lexical_w005
29954,21,minibatch_k64,text_pca256_lexical_w005
29955,23,minibatch_k64,text_pca256_lexical_w005
29956,0,minibatch_k64,text_pca256_lexical_w005
29957,15,minibatch_k64,text_pca256_lexical_w005
29958,45,minibatch_k64,text_pca256_lexical_w005
29959,8,minibatch_k64,text_pca256_lexical_w005
29960,0,minibatch_k64,text_pca256_lexical_w005
29961,23,minibatch_k64,text_pca256_lexical_w005
29962,5,minibatch_k64,text_pca256_lexical_w005
29963,23,minibatch_k64,text_pca256_lexical_w005
29964,5,minibatch_k64,text_pca256_lexical_w005
29965,53,minibatch_k64,text_pca256_lexical_w005
29966,50,minibatch_k64,text_pca256_lexical_w005
29967,5,minibatch_k64,text_pca256_lexical_w005
29968,33,minibatch_k64,text_pca256_lexical_w005
29969,15,minibatch_k64,text_pca256_lexical_w005
29970,8,minibatch_k64,text_pca256_lexical_w005
29971,15,minibatch_k64,text_pca256_lexical_w005
29972,15,minibatch_k64,text_pca256_lexical_w005
29973,0,minibatch_k64,text_pca256_lexical_w005
29974,59,minibatch_k64,text_pca256_lexical_w005
29975,0,minibatch_k64,text_pca256_lexical_w005
29976,62,minibatch_k64,text_pca256_lexical_w005
29977,15,minibatch_k64,text_pca256_lexical_w005
29978,15,minibatch_k64,text_pca256_lexical_w005
29979,62,minibatch_k64,text_pca256_lexical_w005
29980,25,minibatch_k64,text_pca256_lexical_w005
29981,48,minibatch_k64,text_pca256_lexical_w005
29982,23,minibatch_k64,text_pca256_lexical_w005
29983,38,minibatch_k64,text_pca256_lexical_w005
29984,12,minibatch_k64,text_pca256_lexical_w005
29985,45,minibatch_k64,text_pca256_lexical_w005
29986,55,minibatch_k64,text_pca256_lexical_w005
29987,8,minibatch_k64,text_pca256_lexical_w005
29988,10,minibatch_k64,text_pca256_lexical_w005
29989,15,minibatch_k64,text_pca256_lexical_w005
29990,15,minibatch_k64,text_pca256_lexical_w005
29991,0,minibatch_k64,text_pca256_lexical_w005
29992,23,minibatch_k64,text_pca256_lexical_w005
29993,45,minibatch_k64,text_pca256_lexical_w005
29994,45,minibatch_k64,text_pca256_lexical_w005
29995,8,minibatch_k64,text_pca256_lexical_w005
29996,23,minibatch_k64,text_pca256_lexical_w005
29997,10,minibatch_k64,text_pca256_lexical_w005
29998,8,minibatch_k64,text_pca256_lexical_w005
29999,10,minibatch_k64,text_pca256_lexical_w005
30000,50,minibatch_k64,text_pca256_lexical_w005
30001,0,minibatch_k64,text_pca256_lexical_w005
30002,0,minibatch_k64,text_pca256_lexical_w005
30003,21,minibatch_k64,text_pca256_lexical_w005
30004,8,minibatch_k64,text_pca256_lexical_w005
30005,0,minibatch_k64,text_pca256_lexical_w005
30006,15,minibatch_k64,text_pca256_lexical_w005
30007,21,minibatch_k64,text_pca256_lexical_w005
30008,0,minibatch_k64,text_pca256_lexical_w005
30009,45,minibatch_k64,text_pca256_lexical_w005
30010,0,minibatch_k64,text_pca256_lexical_w005
30011,15,minibatch_k64,text_pca256_lexical_w005
30012,0,minibatch_k64,text_pca256_lexical_w005
30013,59,minibatch_k64,text_pca256_lexical_w005
30014,15,minibatch_k64,text_pca256_lexical_w005
30015,15,minibatch_k64,text_pca256_lexical_w005
30016,10,minibatch_k64,text_pca256_lexical_w005
30017,56,minibatch_k64,text_pca256_lexical_w005
30018,0,minibatch_k64,text_pca256_lexical_w005
30019,0,minibatch_k64,text_pca256_lexical_w005
30020,33,minibatch_k64,text_pca256_lexical_w005
30021,8,minibatch_k64,text_pca256_lexical_w005
30022,15,minibatch_k64,text_pca256_lexical_w005
30023,0,minibatch_k64,text_pca256_lexical_w005
30024,15,minibatch_k64,text_pca256_lexical_w005
30025,62,minibatch_k64,text_pca256_lexical_w005
30026,48,minibatch_k64,text_pca256_lexical_w005
30027,62,minibatch_k64,text_pca256_lexical_w005
30028,15,minibatch_k64,text_pca256_lexical_w005
30029,10,minibatch_k64,text_pca256_lexical_w005
30030,15,minibatch_k64,text_pca256_lexical_w005
30031,62,minibatch_k64,text_pca256_lexical_w005
30032,8,minibatch_k64,text_pca256_lexical_w005
30033,3,minibatch_k64,text_pca256_lexical_w005
30034,48,minibatch_k64,text_pca256_lexical_w005
30035,15,minibatch_k64,text_pca256_lexical_w005
30036,2,minibatch_k64,text_pca256_lexical_w005
30037,45,minibatch_k64,text_pca256_lexical_w005
30038,38,minibatch_k64,text_pca256_lexical_w005
30039,12,minibatch_k64,text_pca256_lexical_w005
30040,23,minibatch_k64,text_pca256_lexical_w005
30041,58,minibatch_k64,text_pca256_lexical_w005
30042,15,minibatch_k64,text_pca256_lexical_w005
30043,55,minibatch_k64,text_pca256_lexical_w005
30044,54,minibatch_k64,text_pca256_lexical_w005
30045,62,minibatch_k64,text_pca256_lexical_w005
30046,15,minibatch_k64,text_pca256_lexical_w005
30047,15,minibatch_k64,text_pca256_lexical_w005
30048,25,minibatch_k64,text_pca256_lexical_w005
30049,62,minibatch_k64,text_pca256_lexical_w005
30050,45,minibatch_k64,text_pca256_lexical_w005
30051,62,minibatch_k64,text_pca256_lexical_w005
30052,62,minibatch_k64,text_pca256_lexical_w005
30053,62,minibatch_k64,text_pca256_lexical_w005
30054,53,minibatch_k64,text_pca256_lexical_w005
30055,8,minibatch_k64,text_pca256_lexical_w005
30056,8,minibatch_k64,text_pca256_lexical_w005
30057,8,minibatch_k64,text_pca256_lexical_w005
30058,33,minibatch_k64,text_pca256_lexical_w005
30059,4,minibatch_k64,text_pca256_lexical_w005
30060,0,minibatch_k64,text_pca256_lexical_w005
30061,0,minibatch_k64,text_pca256_lexical_w005
30062,0,minibatch_k64,text_pca256_lexical_w005
30063,62,minibatch_k64,text_pca256_lexical_w005
30064,10,minibatch_k64,text_pca256_lexical_w005
30065,15,minibatch_k64,text_pca256_lexical_w005
30066,62,minibatch_k64,text_pca256_lexical_w005
30067,10,minibatch_k64,text_pca256_lexical_w005
30068,39,minibatch_k64,text_pca256_lexical_w005
30069,15,minibatch_k64,text_pca256_lexical_w005
30070,56,minibatch_k64,text_pca256_lexical_w005
30071,45,minibatch_k64,text_pca256_lexical_w005
30072,62,minibatch_k64,text_pca256_lexical_w005
30073,4,minibatch_k64,text_pca256_lexical_w005
30074,62,minibatch_k64,text_pca256_lexical_w005
30075,21,minibatch_k64,text_pca256_lexical_w005
30076,45,minibatch_k64,text_pca256_lexical_w005
30077,62,minibatch_k64,text_pca256_lexical_w005
30078,4,minibatch_k64,text_pca256_lexical_w005
30079,10,minibatch_k64,text_pca256_lexical_w005
30080,0,minibatch_k64,text_pca256_lexical_w005
30081,53,minibatch_k64,text_pca256_lexical_w005
30082,62,minibatch_k64,text_pca256_lexical_w005
30083,0,minibatch_k64,text_pca256_lexical_w005
30084,39,minibatch_k64,text_pca256_lexical_w005
30085,10,minibatch_k64,text_pca256_lexical_w005
30086,0,minibatch_k64,text_pca256_lexical_w005
30087,0,minibatch_k64,text_pca256_lexical_w005
30088,23,minibatch_k64,text_pca256_lexical_w005
30089,23,minibatch_k64,text_pca256_lexical_w005
30090,15,minibatch_k64,text_pca256_lexical_w005
30091,0,minibatch_k64,text_pca256_lexical_w005
30092,0,minibatch_k64,text_pca256_lexical_w005
30093,23,minibatch_k64,text_pca256_lexical_w005
30094,15,minibatch_k64,text_pca256_lexical_w005
30095,15,minibatch_k64,text_pca256_lexical_w005
30096,33,minibatch_k64,text_pca256_lexical_w005
30097,62,minibatch_k64,text_pca256_lexical_w005
30098,25,minibatch_k64,text_pca256_lexical_w005
30099,0,minibatch_k64,text_pca256_lexical_w005
30100,0,minibatch_k64,text_pca256_lexical_w005
30101,45,minibatch_k64,text_pca256_lexical_w005
30102,15,minibatch_k64,text_pca256_lexical_w005
30103,0,minibatch_k64,text_pca256_lexical_w005
30104,38,minibatch_k64,text_pca256_lexical_w005
30105,8,minibatch_k64,text_pca256_lexical_w005
30106,21,minibatch_k64,text_pca256_lexical_w005
30107,58,minibatch_k64,text_pca256_lexical_w005
30108,40,minibatch_k64,text_pca256_lexical_w005
30109,23,minibatch_k64,text_pca256_lexical_w005
30110,45,minibatch_k64,text_pca256_lexical_w005
30111,55,minibatch_k64,text_pca256_lexical_w005
30112,15,minibatch_k64,text_pca256_lexical_w005
30113,39,minibatch_k64,text_pca256_lexical_w005
30114,22,minibatch_k64,text_pca256_lexical_w005
30115,10,minibatch_k64,text_pca256_lexical_w005
30116,10,minibatch_k64,text_pca256_lexical_w005
30117,0,minibatch_k64,text_pca256_lexical_w005
30118,0,minibatch_k64,text_pca256_lexical_w005
30119,15,minibatch_k64,text_pca256_lexical_w005
30120,45,minibatch_k64,text_pca256_lexical_w005
30121,15,minibatch_k64,text_pca256_lexical_w005
30122,62,minibatch_k64,text_pca256_lexical_w005
30123,62,minibatch_k64,text_pca256_lexical_w005
30124,10,minibatch_k64,text_pca256_lexical_w005
30125,0,minibatch_k64,text_pca256_lexical_w005
30126,0,minibatch_k64,text_pca256_lexical_w005
30127,56,minibatch_k64,text_pca256_lexical_w005
30128,15,minibatch_k64,text_pca256_lexical_w005
30129,53,minibatch_k64,text_pca256_lexical_w005
30130,62,minibatch_k64,text_pca256_lexical_w005
30131,62,minibatch_k64,text_pca256_lexical_w005
30132,10,minibatch_k64,text_pca256_lexical_w005
30133,10,minibatch_k64,text_pca256_lexical_w005
30134,0,minibatch_k64,text_pca256_lexical_w005
30135,0,minibatch_k64,text_pca256_lexical_w005
30136,56,minibatch_k64,text_pca256_lexical_w005
30137,45,minibatch_k64,text_pca256_lexical_w005
30138,23,minibatch_k64,text_pca256_lexical_w005
30139,33,minibatch_k64,text_pca256_lexical_w005
30140,0,minibatch_k64,text_pca256_lexical_w005
30141,4,minibatch_k64,text_pca256_lexical_w005
30142,4,minibatch_k64,text_pca256_lexical_w005
30143,4,minibatch_k64,text_pca256_lexical_w005
30144,62,minibatch_k64,text_pca256_lexical_w005
30145,0,minibatch_k64,text_pca256_lexical_w005
30146,62,minibatch_k64,text_pca256_lexical_w005
30147,0,minibatch_k64,text_pca256_lexical_w005
30148,62,minibatch_k64,text_pca256_lexical_w005
30149,15,minibatch_k64,text_pca256_lexical_w005
30150,23,minibatch_k64,text_pca256_lexical_w005
30151,8,minibatch_k64,text_pca256_lexical_w005
30152,10,minibatch_k64,text_pca256_lexical_w005
30153,0,minibatch_k64,text_pca256_lexical_w005
30154,33,minibatch_k64,text_pca256_lexical_w005
30155,56,minibatch_k64,text_pca256_lexical_w005
30156,50,minibatch_k64,text_pca256_lexical_w005
30157,0,minibatch_k64,text_pca256_lexical_w005
30158,62,minibatch_k64,text_pca256_lexical_w005
30159,42,minibatch_k64,text_pca256_lexical_w005
30160,59,minibatch_k64,text_pca256_lexical_w005
30161,0,minibatch_k64,text_pca256_lexical_w005
30162,62,minibatch_k64,text_pca256_lexical_w005
30163,23,minibatch_k64,text_pca256_lexical_w005
30164,5,minibatch_k64,text_pca256_lexical_w005
30165,62,minibatch_k64,text_pca256_lexical_w005
30166,0,minibatch_k64,text_pca256_lexical_w005
30167,25,minibatch_k64,text_pca256_lexical_w005
30168,48,minibatch_k64,text_pca256_lexical_w005
30169,45,minibatch_k64,text_pca256_lexical_w005
30170,38,minibatch_k64,text_pca256_lexical_w005
30171,58,minibatch_k64,text_pca256_lexical_w005
30172,45,minibatch_k64,text_pca256_lexical_w005
30173,55,minibatch_k64,text_pca256_lexical_w005
30174,63,minibatch_k64,text_pca256_lexical_w005
30175,39,minibatch_k64,text_pca256_lexical_w005
30176,0,minibatch_k64,text_pca256_lexical_w005
30177,5,minibatch_k64,text_pca256_lexical_w005
30178,62,minibatch_k64,text_pca256_lexical_w005
30179,45,minibatch_k64,text_pca256_lexical_w005
30180,0,minibatch_k64,text_pca256_lexical_w005
30181,62,minibatch_k64,text_pca256_lexical_w005
30182,0,minibatch_k64,text_pca256_lexical_w005
30183,62,minibatch_k64,text_pca256_lexical_w005
30184,15,minibatch_k64,text_pca256_lexical_w005
30185,59,minibatch_k64,text_pca256_lexical_w005
30186,0,minibatch_k64,text_pca256_lexical_w005
30187,29,minibatch_k64,text_pca256_lexical_w005
30188,45,minibatch_k64,text_pca256_lexical_w005
30189,15,minibatch_k64,text_pca256_lexical_w005
30190,8,minibatch_k64,text_pca256_lexical_w005
30191,21,minibatch_k64,text_pca256_lexical_w005
30192,21,minibatch_k64,text_pca256_lexical_w005
30193,0,minibatch_k64,text_pca256_lexical_w005
30194,21,minibatch_k64,text_pca256_lexical_w005
30195,15,minibatch_k64,text_pca256_lexical_w005
30196,0,minibatch_k64,text_pca256_lexical_w005
30197,15,minibatch_k64,text_pca256_lexical_w005
30198,15,minibatch_k64,text_pca256_lexical_w005
30199,62,minibatch_k64,text_pca256_lexical_w005
30200,8,minibatch_k64,text_pca256_lexical_w005
30201,56,minibatch_k64,text_pca256_lexical_w005
30202,62,minibatch_k64,text_pca256_lexical_w005
30203,8,minibatch_k64,text_pca256_lexical_w005
30204,50,minibatch_k64,text_pca256_lexical_w005
30205,33,minibatch_k64,text_pca256_lexical_w005
30206,58,minibatch_k64,text_pca256_lexical_w005
30207,15,minibatch_k64,text_pca256_lexical_w005
30208,45,minibatch_k64,text_pca256_lexical_w005
30209,38,minibatch_k64,text_pca256_lexical_w005
30210,15,minibatch_k64,text_pca256_lexical_w005
30211,15,minibatch_k64,text_pca256_lexical_w005
30212,59,minibatch_k64,text_pca256_lexical_w005
30213,63,minibatch_k64,text_pca256_lexical_w005
30214,62,minibatch_k64,text_pca256_lexical_w005
30215,45,minibatch_k64,text_pca256_lexical_w005
30216,23,minibatch_k64,text_pca256_lexical_w005
30217,45,minibatch_k64,text_pca256_lexical_w005
30218,45,minibatch_k64,text_pca256_lexical_w005
30219,45,minibatch_k64,text_pca256_lexical_w005
30220,0,minibatch_k64,text_pca256_lexical_w005
30221,21,minibatch_k64,text_pca256_lexical_w005
30222,47,minibatch_k64,text_pca256_lexical_w005
30223,53,minibatch_k64,text_pca256_lexical_w005
30224,15,minibatch_k64,text_pca256_lexical_w005
30225,33,minibatch_k64,text_pca256_lexical_w005
30226,62,minibatch_k64,text_pca256_lexical_w005
30227,45,minibatch_k64,text_pca256_lexical_w005
30228,62,minibatch_k64,text_pca256_lexical_w005
30229,29,minibatch_k64,text_pca256_lexical_w005
30230,0,minibatch_k64,text_pca256_lexical_w005
30231,0,minibatch_k64,text_pca256_lexical_w005
30232,14,minibatch_k64,text_pca256_lexical_w005
30233,45,minibatch_k64,text_pca256_lexical_w005
30234,29,minibatch_k64,text_pca256_lexical_w005
30235,59,minibatch_k64,text_pca256_lexical_w005
30236,29,minibatch_k64,text_pca256_lexical_w005
30237,53,minibatch_k64,text_pca256_lexical_w005
30238,45,minibatch_k64,text_pca256_lexical_w005
30239,56,minibatch_k64,text_pca256_lexical_w005
30240,33,minibatch_k64,text_pca256_lexical_w005
30241,0,minibatch_k64,text_pca256_lexical_w005
30242,29,minibatch_k64,text_pca256_lexical_w005
30243,62,minibatch_k64,text_pca256_lexical_w005
30244,33,minibatch_k64,text_pca256_lexical_w005
30245,29,minibatch_k64,text_pca256_lexical_w005
30246,15,minibatch_k64,text_pca256_lexical_w005
30247,45,minibatch_k64,text_pca256_lexical_w005
30248,53,minibatch_k64,text_pca256_lexical_w005
30249,62,minibatch_k64,text_pca256_lexical_w005
30250,8,minibatch_k64,text_pca256_lexical_w005
30251,10,minibatch_k64,text_pca256_lexical_w005
30252,8,minibatch_k64,text_pca256_lexical_w005
30253,15,minibatch_k64,text_pca256_lexical_w005
30254,0,minibatch_k64,text_pca256_lexical_w005
30255,0,minibatch_k64,text_pca256_lexical_w005
30256,15,minibatch_k64,text_pca256_lexical_w005
30257,0,minibatch_k64,text_pca256_lexical_w005
30258,15,minibatch_k64,text_pca256_lexical_w005
30259,29,minibatch_k64,text_pca256_lexical_w005
30260,15,minibatch_k64,text_pca256_lexical_w005
30261,0,minibatch_k64,text_pca256_lexical_w005
30262,4,minibatch_k64,text_pca256_lexical_w005
30263,62,minibatch_k64,text_pca256_lexical_w005
30264,33,minibatch_k64,text_pca256_lexical_w005
30265,10,minibatch_k64,text_pca256_lexical_w005
30266,47,minibatch_k64,text_pca256_lexical_w005
30267,0,minibatch_k64,text_pca256_lexical_w005
30268,29,minibatch_k64,text_pca256_lexical_w005
30269,8,minibatch_k64,text_pca256_lexical_w005
30270,0,minibatch_k64,text_pca256_lexical_w005
30271,10,minibatch_k64,text_pca256_lexical_w005
30272,53,minibatch_k64,text_pca256_lexical_w005
30273,29,minibatch_k64,text_pca256_lexical_w005
30274,0,minibatch_k64,text_pca256_lexical_w005
30275,47,minibatch_k64,text_pca256_lexical_w005
30276,33,minibatch_k64,text_pca256_lexical_w005
30277,62,minibatch_k64,text_pca256_lexical_w005
30278,10,minibatch_k64,text_pca256_lexical_w005
30279,15,minibatch_k64,text_pca256_lexical_w005
30280,10,minibatch_k64,text_pca256_lexical_w005
30281,47,minibatch_k64,text_pca256_lexical_w005
30282,47,minibatch_k64,text_pca256_lexical_w005
30283,62,minibatch_k64,text_pca256_lexical_w005
30284,23,minibatch_k64,text_pca256_lexical_w005
30285,50,minibatch_k64,text_pca256_lexical_w005
30286,15,minibatch_k64,text_pca256_lexical_w005
30287,15,minibatch_k64,text_pca256_lexical_w005
30288,23,minibatch_k64,text_pca256_lexical_w005
30289,0,minibatch_k64,text_pca256_lexical_w005
30290,62,minibatch_k64,text_pca256_lexical_w005
30291,56,minibatch_k64,text_pca256_lexical_w005
30292,5,minibatch_k64,text_pca256_lexical_w005
30293,0,minibatch_k64,text_pca256_lexical_w005
30294,45,minibatch_k64,text_pca256_lexical_w005
30295,50,minibatch_k64,text_pca256_lexical_w005
30296,5,minibatch_k64,text_pca256_lexical_w005
30297,4,minibatch_k64,text_pca256_lexical_w005
30298,15,minibatch_k64,text_pca256_lexical_w005
30299,47,minibatch_k64,text_pca256_lexical_w005
30300,62,minibatch_k64,text_pca256_lexical_w005
30301,5,minibatch_k64,text_pca256_lexical_w005
30302,58,minibatch_k64,text_pca256_lexical_w005
30303,48,minibatch_k64,text_pca256_lexical_w005
30304,45,minibatch_k64,text_pca256_lexical_w005
30305,0,minibatch_k64,text_pca256_lexical_w005
30306,38,minibatch_k64,text_pca256_lexical_w005
30307,58,minibatch_k64,text_pca256_lexical_w005
30308,45,minibatch_k64,text_pca256_lexical_w005
30309,55,minibatch_k64,text_pca256_lexical_w005
30310,22,minibatch_k64,text_pca256_lexical_w005
30311,25,minibatch_k64,text_pca256_lexical_w005
30312,62,minibatch_k64,text_pca256_lexical_w005
30313,39,minibatch_k64,text_pca256_lexical_w005
30314,62,minibatch_k64,text_pca256_lexical_w005
30315,23,minibatch_k64,text_pca256_lexical_w005
30316,0,minibatch_k64,text_pca256_lexical_w005
30317,39,minibatch_k64,text_pca256_lexical_w005
30318,0,minibatch_k64,text_pca256_lexical_w005
30319,4,minibatch_k64,text_pca256_lexical_w005
30320,33,minibatch_k64,text_pca256_lexical_w005
30321,0,minibatch_k64,text_pca256_lexical_w005
30322,62,minibatch_k64,text_pca256_lexical_w005
30323,0,minibatch_k64,text_pca256_lexical_w005
30324,0,minibatch_k64,text_pca256_lexical_w005
30325,48,minibatch_k64,text_pca256_lexical_w005
30326,62,minibatch_k64,text_pca256_lexical_w005
30327,26,minibatch_k64,text_pca256_lexical_w005
30328,15,minibatch_k64,text_pca256_lexical_w005
30329,4,minibatch_k64,text_pca256_lexical_w005
30330,15,minibatch_k64,text_pca256_lexical_w005
30331,21,minibatch_k64,text_pca256_lexical_w005
30332,8,minibatch_k64,text_pca256_lexical_w005
30333,62,minibatch_k64,text_pca256_lexical_w005
30334,15,minibatch_k64,text_pca256_lexical_w005
30335,0,minibatch_k64,text_pca256_lexical_w005
30336,45,minibatch_k64,text_pca256_lexical_w005
30337,10,minibatch_k64,text_pca256_lexical_w005
30338,21,minibatch_k64,text_pca256_lexical_w005
30339,45,minibatch_k64,text_pca256_lexical_w005
30340,62,minibatch_k64,text_pca256_lexical_w005
30341,0,minibatch_k64,text_pca256_lexical_w005
30342,23,minibatch_k64,text_pca256_lexical_w005
30343,45,minibatch_k64,text_pca256_lexical_w005
30344,0,minibatch_k64,text_pca256_lexical_w005
30345,45,minibatch_k64,text_pca256_lexical_w005
30346,4,minibatch_k64,text_pca256_lexical_w005
30347,15,minibatch_k64,text_pca256_lexical_w005
30348,10,minibatch_k64,text_pca256_lexical_w005
30349,15,minibatch_k64,text_pca256_lexical_w005
30350,45,minibatch_k64,text_pca256_lexical_w005
30351,45,minibatch_k64,text_pca256_lexical_w005
30352,18,minibatch_k64,text_pca256_lexical_w005
30353,45,minibatch_k64,text_pca256_lexical_w005
30354,45,minibatch_k64,text_pca256_lexical_w005
30355,4,minibatch_k64,text_pca256_lexical_w005
30356,45,minibatch_k64,text_pca256_lexical_w005
30357,45,minibatch_k64,text_pca256_lexical_w005
30358,45,minibatch_k64,text_pca256_lexical_w005
30359,45,minibatch_k64,text_pca256_lexical_w005
30360,45,minibatch_k64,text_pca256_lexical_w005
30361,23,minibatch_k64,text_pca256_lexical_w005
30362,5,minibatch_k64,text_pca256_lexical_w005
30363,10,minibatch_k64,text_pca256_lexical_w005
30364,62,minibatch_k64,text_pca256_lexical_w005
30365,59,minibatch_k64,text_pca256_lexical_w005
30366,0,minibatch_k64,text_pca256_lexical_w005
30367,8,minibatch_k64,text_pca256_lexical_w005
30368,62,minibatch_k64,text_pca256_lexical_w005
30369,62,minibatch_k64,text_pca256_lexical_w005
30370,45,minibatch_k64,text_pca256_lexical_w005
30371,15,minibatch_k64,text_pca256_lexical_w005
30372,0,minibatch_k64,text_pca256_lexical_w005
30373,18,minibatch_k64,text_pca256_lexical_w005
30374,39,minibatch_k64,text_pca256_lexical_w005
30375,0,minibatch_k64,text_pca256_lexical_w005
30376,23,minibatch_k64,text_pca256_lexical_w005
30377,15,minibatch_k64,text_pca256_lexical_w005
30378,45,minibatch_k64,text_pca256_lexical_w005
30379,5,minibatch_k64,text_pca256_lexical_w005
30380,5,minibatch_k64,text_pca256_lexical_w005
30381,53,minibatch_k64,text_pca256_lexical_w005
30382,8,minibatch_k64,text_pca256_lexical_w005
30383,56,minibatch_k64,text_pca256_lexical_w005
30384,15,minibatch_k64,text_pca256_lexical_w005
30385,23,minibatch_k64,text_pca256_lexical_w005
30386,53,minibatch_k64,text_pca256_lexical_w005
30387,33,minibatch_k64,text_pca256_lexical_w005
30388,0,minibatch_k64,text_pca256_lexical_w005
30389,10,minibatch_k64,text_pca256_lexical_w005
30390,0,minibatch_k64,text_pca256_lexical_w005
30391,0,minibatch_k64,text_pca256_lexical_w005
30392,56,minibatch_k64,text_pca256_lexical_w005
30393,47,minibatch_k64,text_pca256_lexical_w005
30394,45,minibatch_k64,text_pca256_lexical_w005
30395,0,minibatch_k64,text_pca256_lexical_w005
30396,62,minibatch_k64,text_pca256_lexical_w005
30397,21,minibatch_k64,text_pca256_lexical_w005
30398,15,minibatch_k64,text_pca256_lexical_w005
30399,15,minibatch_k64,text_pca256_lexical_w005
30400,11,minibatch_k64,text_pca256_lexical_w005
30401,39,minibatch_k64,text_pca256_lexical_w005
30402,56,minibatch_k64,text_pca256_lexical_w005
30403,57,minibatch_k64,text_pca256_lexical_w005
30404,46,minibatch_k64,text_pca256_lexical_w005
30405,0,minibatch_k64,text_pca256_lexical_w005
30406,8,minibatch_k64,text_pca256_lexical_w005
30407,8,minibatch_k64,text_pca256_lexical_w005
30408,33,minibatch_k64,text_pca256_lexical_w005
30409,0,minibatch_k64,text_pca256_lexical_w005
30410,25,minibatch_k64,text_pca256_lexical_w005
30411,53,minibatch_k64,text_pca256_lexical_w005
30412,11,minibatch_k64,text_pca256_lexical_w005
30413,62,minibatch_k64,text_pca256_lexical_w005
30414,57,minibatch_k64,text_pca256_lexical_w005
30415,2,minibatch_k64,text_pca256_lexical_w005
30416,45,minibatch_k64,text_pca256_lexical_w005
30417,38,minibatch_k64,text_pca256_lexical_w005
30418,0,minibatch_k64,text_pca256_lexical_w005
30419,58,minibatch_k64,text_pca256_lexical_w005
30420,45,minibatch_k64,text_pca256_lexical_w005
30421,55,minibatch_k64,text_pca256_lexical_w005
30422,22,minibatch_k64,text_pca256_lexical_w005
30423,0,minibatch_k64,text_pca256_lexical_w005
30424,33,minibatch_k64,text_pca256_lexical_w005
30425,0,minibatch_k64,text_pca256_lexical_w005
30426,33,minibatch_k64,text_pca256_lexical_w005
30427,0,minibatch_k64,text_pca256_lexical_w005
30428,14,minibatch_k64,text_pca256_lexical_w005
30429,33,minibatch_k64,text_pca256_lexical_w005
30430,33,minibatch_k64,text_pca256_lexical_w005
30431,5,minibatch_k64,text_pca256_lexical_w005
30432,8,minibatch_k64,text_pca256_lexical_w005
30433,62,minibatch_k64,text_pca256_lexical_w005
30434,15,minibatch_k64,text_pca256_lexical_w005
30435,56,minibatch_k64,text_pca256_lexical_w005
30436,15,minibatch_k64,text_pca256_lexical_w005
30437,8,minibatch_k64,text_pca256_lexical_w005
30438,8,minibatch_k64,text_pca256_lexical_w005
30439,8,minibatch_k64,text_pca256_lexical_w005
30440,33,minibatch_k64,text_pca256_lexical_w005
30441,15,minibatch_k64,text_pca256_lexical_w005
30442,8,minibatch_k64,text_pca256_lexical_w005
30443,23,minibatch_k64,text_pca256_lexical_w005
30444,53,minibatch_k64,text_pca256_lexical_w005
30445,62,minibatch_k64,text_pca256_lexical_w005
30446,15,minibatch_k64,text_pca256_lexical_w005
30447,0,minibatch_k64,text_pca256_lexical_w005
30448,4,minibatch_k64,text_pca256_lexical_w005
30449,0,minibatch_k64,text_pca256_lexical_w005
30450,33,minibatch_k64,text_pca256_lexical_w005
30451,21,minibatch_k64,text_pca256_lexical_w005
30452,11,minibatch_k64,text_pca256_lexical_w005
30453,57,minibatch_k64,text_pca256_lexical_w005
30454,15,minibatch_k64,text_pca256_lexical_w005
30455,15,minibatch_k64,text_pca256_lexical_w005
30456,0,minibatch_k64,text_pca256_lexical_w005
30457,25,minibatch_k64,text_pca256_lexical_w005
30458,62,minibatch_k64,text_pca256_lexical_w005
30459,62,minibatch_k64,text_pca256_lexical_w005
30460,10,minibatch_k64,text_pca256_lexical_w005
30461,11,minibatch_k64,text_pca256_lexical_w005
30462,62,minibatch_k64,text_pca256_lexical_w005
30463,38,minibatch_k64,text_pca256_lexical_w005
30464,15,minibatch_k64,text_pca256_lexical_w005
30465,10,minibatch_k64,text_pca256_lexical_w005
30466,0,minibatch_k64,text_pca256_lexical_w005
30467,53,minibatch_k64,text_pca256_lexical_w005
30468,15,minibatch_k64,text_pca256_lexical_w005
30469,23,minibatch_k64,text_pca256_lexical_w005
30470,22,minibatch_k64,text_pca256_lexical_w005
30471,15,minibatch_k64,text_pca256_lexical_w005
30472,62,minibatch_k64,text_pca256_lexical_w005
30473,0,minibatch_k64,text_pca256_lexical_w005
30474,0,minibatch_k64,text_pca256_lexical_w005
30475,15,minibatch_k64,text_pca256_lexical_w005
30476,0,minibatch_k64,text_pca256_lexical_w005
30477,8,minibatch_k64,text_pca256_lexical_w005
30478,15,minibatch_k64,text_pca256_lexical_w005
30479,14,minibatch_k64,text_pca256_lexical_w005
30480,57,minibatch_k64,text_pca256_lexical_w005
30481,8,minibatch_k64,text_pca256_lexical_w005
30482,62,minibatch_k64,text_pca256_lexical_w005
30483,10,minibatch_k64,text_pca256_lexical_w005
30484,8,minibatch_k64,text_pca256_lexical_w005
30485,15,minibatch_k64,text_pca256_lexical_w005
30486,62,minibatch_k64,text_pca256_lexical_w005
30487,33,minibatch_k64,text_pca256_lexical_w005
30488,0,minibatch_k64,text_pca256_lexical_w005
30489,33,minibatch_k64,text_pca256_lexical_w005
30490,8,minibatch_k64,text_pca256_lexical_w005
30491,15,minibatch_k64,text_pca256_lexical_w005
30492,62,minibatch_k64,text_pca256_lexical_w005
30493,8,minibatch_k64,text_pca256_lexical_w005
30494,62,minibatch_k64,text_pca256_lexical_w005
30495,56,minibatch_k64,text_pca256_lexical_w005
30496,15,minibatch_k64,text_pca256_lexical_w005
30497,15,minibatch_k64,text_pca256_lexical_w005
30498,25,minibatch_k64,text_pca256_lexical_w005
30499,33,minibatch_k64,text_pca256_lexical_w005
30500,15,minibatch_k64,text_pca256_lexical_w005
30501,15,minibatch_k64,text_pca256_lexical_w005
30502,15,minibatch_k64,text_pca256_lexical_w005
30503,38,minibatch_k64,text_pca256_lexical_w005
30504,10,minibatch_k64,text_pca256_lexical_w005
30505,58,minibatch_k64,text_pca256_lexical_w005
30506,0,minibatch_k64,text_pca256_lexical_w005
30507,15,minibatch_k64,text_pca256_lexical_w005
30508,55,minibatch_k64,text_pca256_lexical_w005
30509,33,minibatch_k64,text_pca256_lexical_w005
30510,22,minibatch_k64,text_pca256_lexical_w005
30511,10,minibatch_k64,text_pca256_lexical_w005
30512,15,minibatch_k64,text_pca256_lexical_w005
30513,15,minibatch_k64,text_pca256_lexical_w005
30514,4,minibatch_k64,text_pca256_lexical_w005
30515,15,minibatch_k64,text_pca256_lexical_w005
30516,15,minibatch_k64,text_pca256_lexical_w005
30517,0,minibatch_k64,text_pca256_lexical_w005
30518,15,minibatch_k64,text_pca256_lexical_w005
30519,0,minibatch_k64,text_pca256_lexical_w005
30520,33,minibatch_k64,text_pca256_lexical_w005
30521,15,minibatch_k64,text_pca256_lexical_w005
30522,33,minibatch_k64,text_pca256_lexical_w005
30523,8,minibatch_k64,text_pca256_lexical_w005
30524,15,minibatch_k64,text_pca256_lexical_w005
30525,59,minibatch_k64,text_pca256_lexical_w005
30526,0,minibatch_k64,text_pca256_lexical_w005
30527,8,minibatch_k64,text_pca256_lexical_w005
30528,4,minibatch_k64,text_pca256_lexical_w005
30529,10,minibatch_k64,text_pca256_lexical_w005
30530,62,minibatch_k64,text_pca256_lexical_w005
30531,57,minibatch_k64,text_pca256_lexical_w005
30532,62,minibatch_k64,text_pca256_lexical_w005
30533,11,minibatch_k64,text_pca256_lexical_w005
30534,57,minibatch_k64,text_pca256_lexical_w005
30535,11,minibatch_k64,text_pca256_lexical_w005
30536,53,minibatch_k64,text_pca256_lexical_w005
30537,11,minibatch_k64,text_pca256_lexical_w005
30538,11,minibatch_k64,text_pca256_lexical_w005
30539,57,minibatch_k64,text_pca256_lexical_w005
30540,33,minibatch_k64,text_pca256_lexical_w005
30541,25,minibatch_k64,text_pca256_lexical_w005
30542,33,minibatch_k64,text_pca256_lexical_w005
30543,62,minibatch_k64,text_pca256_lexical_w005
30544,10,minibatch_k64,text_pca256_lexical_w005
30545,11,minibatch_k64,text_pca256_lexical_w005
30546,57,minibatch_k64,text_pca256_lexical_w005
30547,39,minibatch_k64,text_pca256_lexical_w005
30548,57,minibatch_k64,text_pca256_lexical_w005
30549,8,minibatch_k64,text_pca256_lexical_w005
30550,11,minibatch_k64,text_pca256_lexical_w005
30551,38,minibatch_k64,text_pca256_lexical_w005
30552,8,minibatch_k64,text_pca256_lexical_w005
30553,10,minibatch_k64,text_pca256_lexical_w005
30554,15,minibatch_k64,text_pca256_lexical_w005
30555,60,minibatch_k64,text_pca256_lexical_w005
30556,8,minibatch_k64,text_pca256_lexical_w005
30557,15,minibatch_k64,text_pca256_lexical_w005
30558,0,minibatch_k64,text_pca256_lexical_w005
30559,62,minibatch_k64,text_pca256_lexical_w005
30560,33,minibatch_k64,text_pca256_lexical_w005
30561,57,minibatch_k64,text_pca256_lexical_w005
30562,10,minibatch_k64,text_pca256_lexical_w005
30563,11,minibatch_k64,text_pca256_lexical_w005
30564,39,minibatch_k64,text_pca256_lexical_w005
30565,57,minibatch_k64,text_pca256_lexical_w005
30566,8,minibatch_k64,text_pca256_lexical_w005
30567,33,minibatch_k64,text_pca256_lexical_w005
30568,11,minibatch_k64,text_pca256_lexical_w005
30569,62,minibatch_k64,text_pca256_lexical_w005
30570,62,minibatch_k64,text_pca256_lexical_w005
30571,0,minibatch_k64,text_pca256_lexical_w005
30572,15,minibatch_k64,text_pca256_lexical_w005
30573,8,minibatch_k64,text_pca256_lexical_w005
30574,11,minibatch_k64,text_pca256_lexical_w005
30575,25,minibatch_k64,text_pca256_lexical_w005
30576,33,minibatch_k64,text_pca256_lexical_w005
30577,57,minibatch_k64,text_pca256_lexical_w005
30578,33,minibatch_k64,text_pca256_lexical_w005
30579,11,minibatch_k64,text_pca256_lexical_w005
30580,23,minibatch_k64,text_pca256_lexical_w005
30581,57,minibatch_k64,text_pca256_lexical_w005
30582,38,minibatch_k64,text_pca256_lexical_w005
30583,15,minibatch_k64,text_pca256_lexical_w005
30584,59,minibatch_k64,text_pca256_lexical_w005
30585,60,minibatch_k64,text_pca256_lexical_w005
30586,62,minibatch_k64,text_pca256_lexical_w005
30587,45,minibatch_k64,text_pca256_lexical_w005
30588,57,minibatch_k64,text_pca256_lexical_w005
30589,62,minibatch_k64,text_pca256_lexical_w005
30590,23,minibatch_k64,text_pca256_lexical_w005
30591,12,minibatch_k64,text_pca256_lexical_w005
30592,8,minibatch_k64,text_pca256_lexical_w005
30593,15,minibatch_k64,text_pca256_lexical_w005
30594,0,minibatch_k64,text_pca256_lexical_w005
30595,15,minibatch_k64,text_pca256_lexical_w005
30596,33,minibatch_k64,text_pca256_lexical_w005
30597,8,minibatch_k64,text_pca256_lexical_w005
30598,0,minibatch_k64,text_pca256_lexical_w005
30599,20,minibatch_k64,text_pca256_lexical_w005
30600,15,minibatch_k64,text_pca256_lexical_w005
30601,62,minibatch_k64,text_pca256_lexical_w005
30602,23,minibatch_k64,text_pca256_lexical_w005
30603,0,minibatch_k64,text_pca256_lexical_w005
30604,10,minibatch_k64,text_pca256_lexical_w005
30605,0,minibatch_k64,text_pca256_lexical_w005
30606,0,minibatch_k64,text_pca256_lexical_w005
30607,50,minibatch_k64,text_pca256_lexical_w005
30608,8,minibatch_k64,text_pca256_lexical_w005
30609,8,minibatch_k64,text_pca256_lexical_w005
30610,39,minibatch_k64,text_pca256_lexical_w005
30611,15,minibatch_k64,text_pca256_lexical_w005
30612,15,minibatch_k64,text_pca256_lexical_w005
30613,39,minibatch_k64,text_pca256_lexical_w005
30614,15,minibatch_k64,text_pca256_lexical_w005
30615,33,minibatch_k64,text_pca256_lexical_w005
30616,33,minibatch_k64,text_pca256_lexical_w005
30617,15,minibatch_k64,text_pca256_lexical_w005
30618,0,minibatch_k64,text_pca256_lexical_w005
30619,53,minibatch_k64,text_pca256_lexical_w005
30620,8,minibatch_k64,text_pca256_lexical_w005
30621,8,minibatch_k64,text_pca256_lexical_w005
30622,8,minibatch_k64,text_pca256_lexical_w005
30623,0,minibatch_k64,text_pca256_lexical_w005
30624,62,minibatch_k64,text_pca256_lexical_w005
30625,21,minibatch_k64,text_pca256_lexical_w005
30626,33,minibatch_k64,text_pca256_lexical_w005
30627,0,minibatch_k64,text_pca256_lexical_w005
30628,38,minibatch_k64,text_pca256_lexical_w005
30629,23,minibatch_k64,text_pca256_lexical_w005
30630,15,minibatch_k64,text_pca256_lexical_w005
30631,55,minibatch_k64,text_pca256_lexical_w005
30632,62,minibatch_k64,text_pca256_lexical_w005
30633,21,minibatch_k64,text_pca256_lexical_w005
30634,8,minibatch_k64,text_pca256_lexical_w005
30635,10,minibatch_k64,text_pca256_lexical_w005
30636,8,minibatch_k64,text_pca256_lexical_w005
30637,62,minibatch_k64,text_pca256_lexical_w005
30638,0,minibatch_k64,text_pca256_lexical_w005
30639,53,minibatch_k64,text_pca256_lexical_w005
30640,23,minibatch_k64,text_pca256_lexical_w005
30641,33,minibatch_k64,text_pca256_lexical_w005
30642,45,minibatch_k64,text_pca256_lexical_w005
30643,62,minibatch_k64,text_pca256_lexical_w005
30644,62,minibatch_k64,text_pca256_lexical_w005
30645,62,minibatch_k64,text_pca256_lexical_w005
30646,21,minibatch_k64,text_pca256_lexical_w005
30647,4,minibatch_k64,text_pca256_lexical_w005
30648,45,minibatch_k64,text_pca256_lexical_w005
30649,4,minibatch_k64,text_pca256_lexical_w005
30650,4,minibatch_k64,text_pca256_lexical_w005
30651,4,minibatch_k64,text_pca256_lexical_w005
30652,4,minibatch_k64,text_pca256_lexical_w005
30653,21,minibatch_k64,text_pca256_lexical_w005
30654,62,minibatch_k64,text_pca256_lexical_w005
30655,62,minibatch_k64,text_pca256_lexical_w005
30656,33,minibatch_k64,text_pca256_lexical_w005
30657,15,minibatch_k64,text_pca256_lexical_w005
30658,62,minibatch_k64,text_pca256_lexical_w005
30659,0,minibatch_k64,text_pca256_lexical_w005
30660,50,minibatch_k64,text_pca256_lexical_w005
30661,0,minibatch_k64,text_pca256_lexical_w005
30662,10,minibatch_k64,text_pca256_lexical_w005
30663,62,minibatch_k64,text_pca256_lexical_w005
30664,8,minibatch_k64,text_pca256_lexical_w005
30665,15,minibatch_k64,text_pca256_lexical_w005
30666,56,minibatch_k64,text_pca256_lexical_w005
30667,33,minibatch_k64,text_pca256_lexical_w005
30668,10,minibatch_k64,text_pca256_lexical_w005
30669,8,minibatch_k64,text_pca256_lexical_w005
30670,8,minibatch_k64,text_pca256_lexical_w005
30671,56,minibatch_k64,text_pca256_lexical_w005
30672,62,minibatch_k64,text_pca256_lexical_w005
30673,15,minibatch_k64,text_pca256_lexical_w005
30674,10,minibatch_k64,text_pca256_lexical_w005
30675,0,minibatch_k64,text_pca256_lexical_w005
30676,62,minibatch_k64,text_pca256_lexical_w005
30677,0,minibatch_k64,text_pca256_lexical_w005
30678,0,minibatch_k64,text_pca256_lexical_w005
30679,15,minibatch_k64,text_pca256_lexical_w005
30680,33,minibatch_k64,text_pca256_lexical_w005
30681,56,minibatch_k64,text_pca256_lexical_w005
30682,21,minibatch_k64,text_pca256_lexical_w005
30683,62,minibatch_k64,text_pca256_lexical_w005
30684,56,minibatch_k64,text_pca256_lexical_w005
30685,15,minibatch_k64,text_pca256_lexical_w005
30686,20,minibatch_k64,text_pca256_lexical_w005
30687,62,minibatch_k64,text_pca256_lexical_w005
30688,0,minibatch_k64,text_pca256_lexical_w005
30689,4,minibatch_k64,text_pca256_lexical_w005
30690,0,minibatch_k64,text_pca256_lexical_w005
30691,0,minibatch_k64,text_pca256_lexical_w005
30692,25,minibatch_k64,text_pca256_lexical_w005
30693,33,minibatch_k64,text_pca256_lexical_w005
30694,62,minibatch_k64,text_pca256_lexical_w005
30695,0,minibatch_k64,text_pca256_lexical_w005
30696,62,minibatch_k64,text_pca256_lexical_w005
30697,33,minibatch_k64,text_pca256_lexical_w005
30698,62,minibatch_k64,text_pca256_lexical_w005
30699,0,minibatch_k64,text_pca256_lexical_w005
30700,8,minibatch_k64,text_pca256_lexical_w005
30701,33,minibatch_k64,text_pca256_lexical_w005
30702,62,minibatch_k64,text_pca256_lexical_w005
30703,59,minibatch_k64,text_pca256_lexical_w005
30704,8,minibatch_k64,text_pca256_lexical_w005
30705,33,minibatch_k64,text_pca256_lexical_w005
30706,50,minibatch_k64,text_pca256_lexical_w005
30707,45,minibatch_k64,text_pca256_lexical_w005
30708,45,minibatch_k64,text_pca256_lexical_w005
30709,45,minibatch_k64,text_pca256_lexical_w005
30710,45,minibatch_k64,text_pca256_lexical_w005
30711,0,minibatch_k64,text_pca256_lexical_w005
30712,62,minibatch_k64,text_pca256_lexical_w005
30713,62,minibatch_k64,text_pca256_lexical_w005
30714,53,minibatch_k64,text_pca256_lexical_w005
30715,53,minibatch_k64,text_pca256_lexical_w005
30716,62,minibatch_k64,text_pca256_lexical_w005
30717,62,minibatch_k64,text_pca256_lexical_w005
30718,23,minibatch_k64,text_pca256_lexical_w005
30719,45,minibatch_k64,text_pca256_lexical_w005
30720,23,minibatch_k64,text_pca256_lexical_w005
30721,15,minibatch_k64,text_pca256_lexical_w005
30722,0,minibatch_k64,text_pca256_lexical_w005
30723,33,minibatch_k64,text_pca256_lexical_w005
30724,0,minibatch_k64,text_pca256_lexical_w005
30725,0,minibatch_k64,text_pca256_lexical_w005
30726,8,minibatch_k64,text_pca256_lexical_w005
30727,56,minibatch_k64,text_pca256_lexical_w005
30728,45,minibatch_k64,text_pca256_lexical_w005
30729,45,minibatch_k64,text_pca256_lexical_w005
30730,18,minibatch_k64,text_pca256_lexical_w005
30731,62,minibatch_k64,text_pca256_lexical_w005
30732,45,minibatch_k64,text_pca256_lexical_w005
30733,45,minibatch_k64,text_pca256_lexical_w005
30734,45,minibatch_k64,text_pca256_lexical_w005
30735,18,minibatch_k64,text_pca256_lexical_w005
30736,10,minibatch_k64,text_pca256_lexical_w005
30737,38,minibatch_k64,text_pca256_lexical_w005
30738,62,minibatch_k64,text_pca256_lexical_w005
30739,0,minibatch_k64,text_pca256_lexical_w005
30740,47,minibatch_k64,text_pca256_lexical_w005
30741,0,minibatch_k64,text_pca256_lexical_w005
30742,53,minibatch_k64,text_pca256_lexical_w005
30743,55,minibatch_k64,text_pca256_lexical_w005
30744,45,minibatch_k64,text_pca256_lexical_w005
30745,22,minibatch_k64,text_pca256_lexical_w005
30746,4,minibatch_k64,text_pca256_lexical_w005
30747,45,minibatch_k64,text_pca256_lexical_w005
30748,45,minibatch_k64,text_pca256_lexical_w005
30749,45,minibatch_k64,text_pca256_lexical_w005
30750,45,minibatch_k64,text_pca256_lexical_w005
30751,53,minibatch_k64,text_pca256_lexical_w005
30752,4,minibatch_k64,text_pca256_lexical_w005
30753,4,minibatch_k64,text_pca256_lexical_w005
30754,2,minibatch_k64,text_pca256_lexical_w005
30755,4,minibatch_k64,text_pca256_lexical_w005
30756,45,minibatch_k64,text_pca256_lexical_w005
30757,45,minibatch_k64,text_pca256_lexical_w005
30758,4,minibatch_k64,text_pca256_lexical_w005
30759,18,minibatch_k64,text_pca256_lexical_w005
30760,62,minibatch_k64,text_pca256_lexical_w005
30761,33,minibatch_k64,text_pca256_lexical_w005
30762,62,minibatch_k64,text_pca256_lexical_w005
30763,0,minibatch_k64,text_pca256_lexical_w005
30764,4,minibatch_k64,text_pca256_lexical_w005
30765,23,minibatch_k64,text_pca256_lexical_w005
30766,15,minibatch_k64,text_pca256_lexical_w005
30767,4,minibatch_k64,text_pca256_lexical_w005
30768,45,minibatch_k64,text_pca256_lexical_w005
30769,45,minibatch_k64,text_pca256_lexical_w005
30770,8,minibatch_k64,text_pca256_lexical_w005
30771,15,minibatch_k64,text_pca256_lexical_w005
30772,56,minibatch_k64,text_pca256_lexical_w005
30773,47,minibatch_k64,text_pca256_lexical_w005
30774,45,minibatch_k64,text_pca256_lexical_w005
30775,0,minibatch_k64,text_pca256_lexical_w005
30776,33,minibatch_k64,text_pca256_lexical_w005
30777,0,minibatch_k64,text_pca256_lexical_w005
30778,0,minibatch_k64,text_pca256_lexical_w005
30779,15,minibatch_k64,text_pca256_lexical_w005
30780,59,minibatch_k64,text_pca256_lexical_w005
30781,0,minibatch_k64,text_pca256_lexical_w005
30782,56,minibatch_k64,text_pca256_lexical_w005
30783,59,minibatch_k64,text_pca256_lexical_w005
30784,0,minibatch_k64,text_pca256_lexical_w005
30785,45,minibatch_k64,text_pca256_lexical_w005
30786,21,minibatch_k64,text_pca256_lexical_w005
30787,45,minibatch_k64,text_pca256_lexical_w005
30788,59,minibatch_k64,text_pca256_lexical_w005
30789,15,minibatch_k64,text_pca256_lexical_w005
30790,0,minibatch_k64,text_pca256_lexical_w005
30791,10,minibatch_k64,text_pca256_lexical_w005
30792,33,minibatch_k64,text_pca256_lexical_w005
30793,33,minibatch_k64,text_pca256_lexical_w005
30794,0,minibatch_k64,text_pca256_lexical_w005
30795,59,minibatch_k64,text_pca256_lexical_w005
30796,0,minibatch_k64,text_pca256_lexical_w005
30797,4,minibatch_k64,text_pca256_lexical_w005
30798,8,minibatch_k64,text_pca256_lexical_w005
30799,0,minibatch_k64,text_pca256_lexical_w005
30800,62,minibatch_k64,text_pca256_lexical_w005
30801,18,minibatch_k64,text_pca256_lexical_w005
30802,21,minibatch_k64,text_pca256_lexical_w005
30803,8,minibatch_k64,text_pca256_lexical_w005
30804,10,minibatch_k64,text_pca256_lexical_w005
30805,8,minibatch_k64,text_pca256_lexical_w005
30806,56,minibatch_k64,text_pca256_lexical_w005
30807,8,minibatch_k64,text_pca256_lexical_w005
30808,59,minibatch_k64,text_pca256_lexical_w005
30809,45,minibatch_k64,text_pca256_lexical_w005
30810,56,minibatch_k64,text_pca256_lexical_w005
30811,59,minibatch_k64,text_pca256_lexical_w005
30812,21,minibatch_k64,text_pca256_lexical_w005
30813,23,minibatch_k64,text_pca256_lexical_w005
30814,59,minibatch_k64,text_pca256_lexical_w005
30815,45,minibatch_k64,text_pca256_lexical_w005
30816,59,minibatch_k64,text_pca256_lexical_w005
30817,15,minibatch_k64,text_pca256_lexical_w005
30818,45,minibatch_k64,text_pca256_lexical_w005
30819,45,minibatch_k64,text_pca256_lexical_w005
30820,18,minibatch_k64,text_pca256_lexical_w005
30821,45,minibatch_k64,text_pca256_lexical_w005
30822,45,minibatch_k64,text_pca256_lexical_w005
30823,10,minibatch_k64,text_pca256_lexical_w005
30824,10,minibatch_k64,text_pca256_lexical_w005
30825,33,minibatch_k64,text_pca256_lexical_w005
30826,0,minibatch_k64,text_pca256_lexical_w005
30827,62,minibatch_k64,text_pca256_lexical_w005
30828,45,minibatch_k64,text_pca256_lexical_w005
30829,59,minibatch_k64,text_pca256_lexical_w005
30830,15,minibatch_k64,text_pca256_lexical_w005
30831,56,minibatch_k64,text_pca256_lexical_w005
30832,8,minibatch_k64,text_pca256_lexical_w005
30833,0,minibatch_k64,text_pca256_lexical_w005
30834,10,minibatch_k64,text_pca256_lexical_w005
30835,62,minibatch_k64,text_pca256_lexical_w005
30836,59,minibatch_k64,text_pca256_lexical_w005
30837,10,minibatch_k64,text_pca256_lexical_w005
30838,56,minibatch_k64,text_pca256_lexical_w005
30839,45,minibatch_k64,text_pca256_lexical_w005
30840,33,minibatch_k64,text_pca256_lexical_w005
30841,62,minibatch_k64,text_pca256_lexical_w005
30842,45,minibatch_k64,text_pca256_lexical_w005
30843,18,minibatch_k64,text_pca256_lexical_w005
30844,25,minibatch_k64,text_pca256_lexical_w005
30845,8,minibatch_k64,text_pca256_lexical_w005
30846,15,minibatch_k64,text_pca256_lexical_w005
30847,18,minibatch_k64,text_pca256_lexical_w005
30848,45,minibatch_k64,text_pca256_lexical_w005
30849,10,minibatch_k64,text_pca256_lexical_w005
30850,45,minibatch_k64,text_pca256_lexical_w005
30851,45,minibatch_k64,text_pca256_lexical_w005
30852,59,minibatch_k64,text_pca256_lexical_w005
30853,56,minibatch_k64,text_pca256_lexical_w005
30854,45,minibatch_k64,text_pca256_lexical_w005
30855,18,minibatch_k64,text_pca256_lexical_w005
30856,18,minibatch_k64,text_pca256_lexical_w005
30857,15,minibatch_k64,text_pca256_lexical_w005
30858,15,minibatch_k64,text_pca256_lexical_w005
30859,53,minibatch_k64,text_pca256_lexical_w005
30860,53,minibatch_k64,text_pca256_lexical_w005
30861,53,minibatch_k64,text_pca256_lexical_w005
30862,45,minibatch_k64,text_pca256_lexical_w005
30863,18,minibatch_k64,text_pca256_lexical_w005
30864,18,minibatch_k64,text_pca256_lexical_w005
30865,33,minibatch_k64,text_pca256_lexical_w005
30866,45,minibatch_k64,text_pca256_lexical_w005
30867,53,minibatch_k64,text_pca256_lexical_w005
30868,39,minibatch_k64,text_pca256_lexical_w005
30869,62,minibatch_k64,text_pca256_lexical_w005
30870,45,minibatch_k64,text_pca256_lexical_w005
30871,21,minibatch_k64,text_pca256_lexical_w005
30872,15,minibatch_k64,text_pca256_lexical_w005
30873,15,minibatch_k64,text_pca256_lexical_w005
30874,23,minibatch_k64,text_pca256_lexical_w005
30875,45,minibatch_k64,text_pca256_lexical_w005
30876,59,minibatch_k64,text_pca256_lexical_w005
30877,45,minibatch_k64,text_pca256_lexical_w005
30878,45,minibatch_k64,text_pca256_lexical_w005
30879,45,minibatch_k64,text_pca256_lexical_w005
30880,45,minibatch_k64,text_pca256_lexical_w005
30881,45,minibatch_k64,text_pca256_lexical_w005
30882,47,minibatch_k64,text_pca256_lexical_w005
30883,18,minibatch_k64,text_pca256_lexical_w005
30884,21,minibatch_k64,text_pca256_lexical_w005
30885,23,minibatch_k64,text_pca256_lexical_w005
30886,38,minibatch_k64,text_pca256_lexical_w005
30887,2,minibatch_k64,text_pca256_lexical_w005
30888,45,minibatch_k64,text_pca256_lexical_w005
30889,0,minibatch_k64,text_pca256_lexical_w005
30890,10,minibatch_k64,text_pca256_lexical_w005
30891,0,minibatch_k64,text_pca256_lexical_w005
30892,16,minibatch_k64,text_pca256_lexical_w005
30893,18,minibatch_k64,text_pca256_lexical_w005
30894,15,minibatch_k64,text_pca256_lexical_w005
30895,59,minibatch_k64,text_pca256_lexical_w005
30896,55,minibatch_k64,text_pca256_lexical_w005
30897,15,minibatch_k64,text_pca256_lexical_w005
30898,8,minibatch_k64,text_pca256_lexical_w005
30899,22,minibatch_k64,text_pca256_lexical_w005
30900,23,minibatch_k64,text_pca256_lexical_w005
30901,4,minibatch_k64,text_pca256_lexical_w005
30902,45,minibatch_k64,text_pca256_lexical_w005
30903,45,minibatch_k64,text_pca256_lexical_w005
30904,45,minibatch_k64,text_pca256_lexical_w005
30905,45,minibatch_k64,text_pca256_lexical_w005
30906,23,minibatch_k64,text_pca256_lexical_w005
30907,45,minibatch_k64,text_pca256_lexical_w005
30908,45,minibatch_k64,text_pca256_lexical_w005
30909,45,minibatch_k64,text_pca256_lexical_w005
30910,4,minibatch_k64,text_pca256_lexical_w005
30911,45,minibatch_k64,text_pca256_lexical_w005
30912,4,minibatch_k64,text_pca256_lexical_w005
30913,45,minibatch_k64,text_pca256_lexical_w005
30914,4,minibatch_k64,text_pca256_lexical_w005
30915,2,minibatch_k64,text_pca256_lexical_w005
30916,4,minibatch_k64,text_pca256_lexical_w005
30917,45,minibatch_k64,text_pca256_lexical_w005
30918,45,minibatch_k64,text_pca256_lexical_w005
30919,45,minibatch_k64,text_pca256_lexical_w005
30920,15,minibatch_k64,text_pca256_lexical_w005
30921,45,minibatch_k64,text_pca256_lexical_w005
30922,27,minibatch_k64,text_pca256_lexical_w005
30923,15,minibatch_k64,text_pca256_lexical_w005
30924,62,minibatch_k64,text_pca256_lexical_w005
30925,4,minibatch_k64,text_pca256_lexical_w005
30926,27,minibatch_k64,text_pca256_lexical_w005
30927,8,minibatch_k64,text_pca256_lexical_w005
30928,4,minibatch_k64,text_pca256_lexical_w005
30929,45,minibatch_k64,text_pca256_lexical_w005
30930,23,minibatch_k64,text_pca256_lexical_w005
30931,23,minibatch_k64,text_pca256_lexical_w005
30932,45,minibatch_k64,text_pca256_lexical_w005
30933,45,minibatch_k64,text_pca256_lexical_w005
30934,15,minibatch_k64,text_pca256_lexical_w005
30935,10,minibatch_k64,text_pca256_lexical_w005
30936,45,minibatch_k64,text_pca256_lexical_w005
30937,27,minibatch_k64,text_pca256_lexical_w005
30938,45,minibatch_k64,text_pca256_lexical_w005
30939,15,minibatch_k64,text_pca256_lexical_w005
30940,45,minibatch_k64,text_pca256_lexical_w005
30941,23,minibatch_k64,text_pca256_lexical_w005
30942,23,minibatch_k64,text_pca256_lexical_w005
30943,45,minibatch_k64,text_pca256_lexical_w005
30944,45,minibatch_k64,text_pca256_lexical_w005
30945,62,minibatch_k64,text_pca256_lexical_w005
30946,45,minibatch_k64,text_pca256_lexical_w005
30947,45,minibatch_k64,text_pca256_lexical_w005
30948,45,minibatch_k64,text_pca256_lexical_w005
30949,2,minibatch_k64,text_pca256_lexical_w005
30950,45,minibatch_k64,text_pca256_lexical_w005
30951,23,minibatch_k64,text_pca256_lexical_w005
30952,0,minibatch_k64,text_pca256_lexical_w005
30953,45,minibatch_k64,text_pca256_lexical_w005
30954,27,minibatch_k64,text_pca256_lexical_w005
30955,45,minibatch_k64,text_pca256_lexical_w005
30956,0,minibatch_k64,text_pca256_lexical_w005
30957,45,minibatch_k64,text_pca256_lexical_w005
30958,23,minibatch_k64,text_pca256_lexical_w005
30959,45,minibatch_k64,text_pca256_lexical_w005
30960,45,minibatch_k64,text_pca256_lexical_w005
30961,45,minibatch_k64,text_pca256_lexical_w005
30962,45,minibatch_k64,text_pca256_lexical_w005
30963,45,minibatch_k64,text_pca256_lexical_w005
30964,62,minibatch_k64,text_pca256_lexical_w005
30965,45,minibatch_k64,text_pca256_lexical_w005
30966,23,minibatch_k64,text_pca256_lexical_w005
30967,15,minibatch_k64,text_pca256_lexical_w005
30968,59,minibatch_k64,text_pca256_lexical_w005
30969,45,minibatch_k64,text_pca256_lexical_w005
30970,10,minibatch_k64,text_pca256_lexical_w005
30971,45,minibatch_k64,text_pca256_lexical_w005
30972,0,minibatch_k64,text_pca256_lexical_w005
30973,15,minibatch_k64,text_pca256_lexical_w005
30974,45,minibatch_k64,text_pca256_lexical_w005
30975,23,minibatch_k64,text_pca256_lexical_w005
30976,45,minibatch_k64,text_pca256_lexical_w005
30977,45,minibatch_k64,text_pca256_lexical_w005
30978,59,minibatch_k64,text_pca256_lexical_w005
30979,23,minibatch_k64,text_pca256_lexical_w005
30980,45,minibatch_k64,text_pca256_lexical_w005
30981,59,minibatch_k64,text_pca256_lexical_w005
30982,4,minibatch_k64,text_pca256_lexical_w005
30983,56,minibatch_k64,text_pca256_lexical_w005
30984,15,minibatch_k64,text_pca256_lexical_w005
30985,10,minibatch_k64,text_pca256_lexical_w005
30986,62,minibatch_k64,text_pca256_lexical_w005
30987,8,minibatch_k64,text_pca256_lexical_w005
30988,59,minibatch_k64,text_pca256_lexical_w005
30989,59,minibatch_k64,text_pca256_lexical_w005
30990,0,minibatch_k64,text_pca256_lexical_w005
30991,0,minibatch_k64,text_pca256_lexical_w005
30992,56,minibatch_k64,text_pca256_lexical_w005
30993,10,minibatch_k64,text_pca256_lexical_w005
30994,56,minibatch_k64,text_pca256_lexical_w005
30995,0,minibatch_k64,text_pca256_lexical_w005
30996,59,minibatch_k64,text_pca256_lexical_w005
30997,45,minibatch_k64,text_pca256_lexical_w005
30998,45,minibatch_k64,text_pca256_lexical_w005
30999,15,minibatch_k64,text_pca256_lexical_w005
31000,45,minibatch_k64,text_pca256_lexical_w005
31001,59,minibatch_k64,text_pca256_lexical_w005
31002,15,minibatch_k64,text_pca256_lexical_w005
31003,62,minibatch_k64,text_pca256_lexical_w005
31004,62,minibatch_k64,text_pca256_lexical_w005
31005,45,minibatch_k64,text_pca256_lexical_w005
31006,45,minibatch_k64,text_pca256_lexical_w005
31007,45,minibatch_k64,text_pca256_lexical_w005
31008,59,minibatch_k64,text_pca256_lexical_w005
31009,10,minibatch_k64,text_pca256_lexical_w005
31010,53,minibatch_k64,text_pca256_lexical_w005
31011,56,minibatch_k64,text_pca256_lexical_w005
31012,45,minibatch_k64,text_pca256_lexical_w005
31013,45,minibatch_k64,text_pca256_lexical_w005
31014,45,minibatch_k64,text_pca256_lexical_w005
31015,62,minibatch_k64,text_pca256_lexical_w005
31016,45,minibatch_k64,text_pca256_lexical_w005
31017,45,minibatch_k64,text_pca256_lexical_w005
31018,45,minibatch_k64,text_pca256_lexical_w005
31019,45,minibatch_k64,text_pca256_lexical_w005
31020,45,minibatch_k64,text_pca256_lexical_w005
31021,15,minibatch_k64,text_pca256_lexical_w005
31022,45,minibatch_k64,text_pca256_lexical_w005
31023,0,minibatch_k64,text_pca256_lexical_w005
31024,45,minibatch_k64,text_pca256_lexical_w005
31025,42,minibatch_k64,text_pca256_lexical_w005
31026,45,minibatch_k64,text_pca256_lexical_w005
31027,45,minibatch_k64,text_pca256_lexical_w005
31028,23,minibatch_k64,text_pca256_lexical_w005
31029,62,minibatch_k64,text_pca256_lexical_w005
31030,0,minibatch_k64,text_pca256_lexical_w005
31031,45,minibatch_k64,text_pca256_lexical_w005
31032,39,minibatch_k64,text_pca256_lexical_w005
31033,62,minibatch_k64,text_pca256_lexical_w005
31034,53,minibatch_k64,text_pca256_lexical_w005
31035,0,minibatch_k64,text_pca256_lexical_w005
31036,38,minibatch_k64,text_pca256_lexical_w005
31037,25,minibatch_k64,text_pca256_lexical_w005
31038,0,minibatch_k64,text_pca256_lexical_w005
31039,53,minibatch_k64,text_pca256_lexical_w005
31040,21,minibatch_k64,text_pca256_lexical_w005
31041,15,minibatch_k64,text_pca256_lexical_w005
31042,16,minibatch_k64,text_pca256_lexical_w005
31043,59,minibatch_k64,text_pca256_lexical_w005
31044,55,minibatch_k64,text_pca256_lexical_w005
31045,22,minibatch_k64,text_pca256_lexical_w005
31046,15,minibatch_k64,text_pca256_lexical_w005
31047,45,minibatch_k64,text_pca256_lexical_w005
31048,45,minibatch_k64,text_pca256_lexical_w005
31049,45,minibatch_k64,text_pca256_lexical_w005
31050,8,minibatch_k64,text_pca256_lexical_w005
31051,15,minibatch_k64,text_pca256_lexical_w005
31052,8,minibatch_k64,text_pca256_lexical_w005
31053,62,minibatch_k64,text_pca256_lexical_w005
31054,45,minibatch_k64,text_pca256_lexical_w005
31055,10,minibatch_k64,text_pca256_lexical_w005
31056,33,minibatch_k64,text_pca256_lexical_w005
31057,45,minibatch_k64,text_pca256_lexical_w005
31058,50,minibatch_k64,text_pca256_lexical_w005
31059,62,minibatch_k64,text_pca256_lexical_w005
31060,62,minibatch_k64,text_pca256_lexical_w005
31061,59,minibatch_k64,text_pca256_lexical_w005
31062,23,minibatch_k64,text_pca256_lexical_w005
31063,39,minibatch_k64,text_pca256_lexical_w005
31064,56,minibatch_k64,text_pca256_lexical_w005
31065,10,minibatch_k64,text_pca256_lexical_w005
31066,45,minibatch_k64,text_pca256_lexical_w005
31067,45,minibatch_k64,text_pca256_lexical_w005
31068,45,minibatch_k64,text_pca256_lexical_w005
31069,10,minibatch_k64,text_pca256_lexical_w005
31070,45,minibatch_k64,text_pca256_lexical_w005
31071,8,minibatch_k64,text_pca256_lexical_w005
31072,8,minibatch_k64,text_pca256_lexical_w005
31073,15,minibatch_k64,text_pca256_lexical_w005
31074,15,minibatch_k64,text_pca256_lexical_w005
31075,45,minibatch_k64,text_pca256_lexical_w005
31076,10,minibatch_k64,text_pca256_lexical_w005
31077,45,minibatch_k64,text_pca256_lexical_w005
31078,23,minibatch_k64,text_pca256_lexical_w005
31079,2,minibatch_k64,text_pca256_lexical_w005
31080,8,minibatch_k64,text_pca256_lexical_w005
31081,15,minibatch_k64,text_pca256_lexical_w005
31082,15,minibatch_k64,text_pca256_lexical_w005
31083,15,minibatch_k64,text_pca256_lexical_w005
31084,45,minibatch_k64,text_pca256_lexical_w005
31085,0,minibatch_k64,text_pca256_lexical_w005
31086,53,minibatch_k64,text_pca256_lexical_w005
31087,0,minibatch_k64,text_pca256_lexical_w005
31088,39,minibatch_k64,text_pca256_lexical_w005
31089,15,minibatch_k64,text_pca256_lexical_w005
31090,0,minibatch_k64,text_pca256_lexical_w005
31091,21,minibatch_k64,text_pca256_lexical_w005
31092,23,minibatch_k64,text_pca256_lexical_w005
31093,53,minibatch_k64,text_pca256_lexical_w005
31094,0,minibatch_k64,text_pca256_lexical_w005
31095,0,minibatch_k64,text_pca256_lexical_w005
31096,45,minibatch_k64,text_pca256_lexical_w005
31097,45,minibatch_k64,text_pca256_lexical_w005
31098,45,minibatch_k64,text_pca256_lexical_w005
31099,18,minibatch_k64,text_pca256_lexical_w005
31100,45,minibatch_k64,text_pca256_lexical_w005
31101,53,minibatch_k64,text_pca256_lexical_w005
31102,53,minibatch_k64,text_pca256_lexical_w005
31103,53,minibatch_k64,text_pca256_lexical_w005
31104,45,minibatch_k64,text_pca256_lexical_w005
31105,18,minibatch_k64,text_pca256_lexical_w005
31106,45,minibatch_k64,text_pca256_lexical_w005
31107,53,minibatch_k64,text_pca256_lexical_w005
31108,53,minibatch_k64,text_pca256_lexical_w005
31109,10,minibatch_k64,text_pca256_lexical_w005
31110,45,minibatch_k64,text_pca256_lexical_w005
31111,23,minibatch_k64,text_pca256_lexical_w005
31112,18,minibatch_k64,text_pca256_lexical_w005
31113,45,minibatch_k64,text_pca256_lexical_w005
31114,45,minibatch_k64,text_pca256_lexical_w005
31115,18,minibatch_k64,text_pca256_lexical_w005
31116,45,minibatch_k64,text_pca256_lexical_w005
31117,45,minibatch_k64,text_pca256_lexical_w005
31118,45,minibatch_k64,text_pca256_lexical_w005
31119,45,minibatch_k64,text_pca256_lexical_w005
31120,45,minibatch_k64,text_pca256_lexical_w005
31121,45,minibatch_k64,text_pca256_lexical_w005
31122,45,minibatch_k64,text_pca256_lexical_w005
31123,23,minibatch_k64,text_pca256_lexical_w005
31124,0,minibatch_k64,text_pca256_lexical_w005
31125,8,minibatch_k64,text_pca256_lexical_w005
31126,15,minibatch_k64,text_pca256_lexical_w005
31127,45,minibatch_k64,text_pca256_lexical_w005
31128,62,minibatch_k64,text_pca256_lexical_w005
31129,62,minibatch_k64,text_pca256_lexical_w005
31130,33,minibatch_k64,text_pca256_lexical_w005
31131,62,minibatch_k64,text_pca256_lexical_w005
31132,0,minibatch_k64,text_pca256_lexical_w005
31133,15,minibatch_k64,text_pca256_lexical_w005
31134,27,minibatch_k64,text_pca256_lexical_w005
31135,59,minibatch_k64,text_pca256_lexical_w005
31136,59,minibatch_k64,text_pca256_lexical_w005
31137,53,minibatch_k64,text_pca256_lexical_w005
31138,59,minibatch_k64,text_pca256_lexical_w005
31139,33,minibatch_k64,text_pca256_lexical_w005
31140,62,minibatch_k64,text_pca256_lexical_w005
31141,62,minibatch_k64,text_pca256_lexical_w005
31142,62,minibatch_k64,text_pca256_lexical_w005
31143,33,minibatch_k64,text_pca256_lexical_w005
31144,15,minibatch_k64,text_pca256_lexical_w005
31145,0,minibatch_k64,text_pca256_lexical_w005
31146,59,minibatch_k64,text_pca256_lexical_w005
31147,62,minibatch_k64,text_pca256_lexical_w005
31148,53,minibatch_k64,text_pca256_lexical_w005
31149,59,minibatch_k64,text_pca256_lexical_w005
31150,0,minibatch_k64,text_pca256_lexical_w005
31151,48,minibatch_k64,text_pca256_lexical_w005
31152,45,minibatch_k64,text_pca256_lexical_w005
31153,18,minibatch_k64,text_pca256_lexical_w005
31154,23,minibatch_k64,text_pca256_lexical_w005
31155,15,minibatch_k64,text_pca256_lexical_w005
31156,53,minibatch_k64,text_pca256_lexical_w005
31157,15,minibatch_k64,text_pca256_lexical_w005
31158,33,minibatch_k64,text_pca256_lexical_w005
31159,15,minibatch_k64,text_pca256_lexical_w005
31160,8,minibatch_k64,text_pca256_lexical_w005
31161,59,minibatch_k64,text_pca256_lexical_w005
31162,53,minibatch_k64,text_pca256_lexical_w005
31163,5,minibatch_k64,text_pca256_lexical_w005
31164,62,minibatch_k64,text_pca256_lexical_w005
31165,56,minibatch_k64,text_pca256_lexical_w005
31166,15,minibatch_k64,text_pca256_lexical_w005
31167,15,minibatch_k64,text_pca256_lexical_w005
31168,59,minibatch_k64,text_pca256_lexical_w005
31169,59,minibatch_k64,text_pca256_lexical_w005
31170,33,minibatch_k64,text_pca256_lexical_w005
31171,50,minibatch_k64,text_pca256_lexical_w005
31172,15,minibatch_k64,text_pca256_lexical_w005
31173,59,minibatch_k64,text_pca256_lexical_w005
31174,15,minibatch_k64,text_pca256_lexical_w005
31175,62,minibatch_k64,text_pca256_lexical_w005
31176,48,minibatch_k64,text_pca256_lexical_w005
31177,10,minibatch_k64,text_pca256_lexical_w005
31178,0,minibatch_k64,text_pca256_lexical_w005
31179,45,minibatch_k64,text_pca256_lexical_w005
31180,23,minibatch_k64,text_pca256_lexical_w005
31181,33,minibatch_k64,text_pca256_lexical_w005
31182,62,minibatch_k64,text_pca256_lexical_w005
31183,56,minibatch_k64,text_pca256_lexical_w005
31184,8,minibatch_k64,text_pca256_lexical_w005
31185,59,minibatch_k64,text_pca256_lexical_w005
31186,8,minibatch_k64,text_pca256_lexical_w005
31187,33,minibatch_k64,text_pca256_lexical_w005
31188,59,minibatch_k64,text_pca256_lexical_w005
31189,0,minibatch_k64,text_pca256_lexical_w005
31190,45,minibatch_k64,text_pca256_lexical_w005
31191,8,minibatch_k64,text_pca256_lexical_w005
31192,45,minibatch_k64,text_pca256_lexical_w005
31193,33,minibatch_k64,text_pca256_lexical_w005
31194,59,minibatch_k64,text_pca256_lexical_w005
31195,45,minibatch_k64,text_pca256_lexical_w005
31196,53,minibatch_k64,text_pca256_lexical_w005
31197,10,minibatch_k64,text_pca256_lexical_w005
31198,0,minibatch_k64,text_pca256_lexical_w005
31199,59,minibatch_k64,text_pca256_lexical_w005
31200,10,minibatch_k64,text_pca256_lexical_w005
31201,48,minibatch_k64,text_pca256_lexical_w005
31202,17,minibatch_k64,text_pca256_lexical_w005
31203,23,minibatch_k64,text_pca256_lexical_w005
31204,45,minibatch_k64,text_pca256_lexical_w005
31205,2,minibatch_k64,text_pca256_lexical_w005
31206,0,minibatch_k64,text_pca256_lexical_w005
31207,8,minibatch_k64,text_pca256_lexical_w005
31208,8,minibatch_k64,text_pca256_lexical_w005
31209,59,minibatch_k64,text_pca256_lexical_w005
31210,8,minibatch_k64,text_pca256_lexical_w005
31211,8,minibatch_k64,text_pca256_lexical_w005
31212,33,minibatch_k64,text_pca256_lexical_w005
31213,0,minibatch_k64,text_pca256_lexical_w005
31214,0,minibatch_k64,text_pca256_lexical_w005
31215,33,minibatch_k64,text_pca256_lexical_w005
31216,30,minibatch_k64,text_pca256_lexical_w005
31217,33,minibatch_k64,text_pca256_lexical_w005
31218,62,minibatch_k64,text_pca256_lexical_w005
31219,59,minibatch_k64,text_pca256_lexical_w005
31220,48,minibatch_k64,text_pca256_lexical_w005
31221,59,minibatch_k64,text_pca256_lexical_w005
31222,15,minibatch_k64,text_pca256_lexical_w005
31223,15,minibatch_k64,text_pca256_lexical_w005
31224,62,minibatch_k64,text_pca256_lexical_w005
31225,59,minibatch_k64,text_pca256_lexical_w005
31226,10,minibatch_k64,text_pca256_lexical_w005
31227,53,minibatch_k64,text_pca256_lexical_w005
31228,45,minibatch_k64,text_pca256_lexical_w005
31229,45,minibatch_k64,text_pca256_lexical_w005
31230,10,minibatch_k64,text_pca256_lexical_w005
31231,45,minibatch_k64,text_pca256_lexical_w005
31232,45,minibatch_k64,text_pca256_lexical_w005
31233,15,minibatch_k64,text_pca256_lexical_w005
31234,59,minibatch_k64,text_pca256_lexical_w005
31235,45,minibatch_k64,text_pca256_lexical_w005
31236,2,minibatch_k64,text_pca256_lexical_w005
31237,8,minibatch_k64,text_pca256_lexical_w005
31238,33,minibatch_k64,text_pca256_lexical_w005
31239,45,minibatch_k64,text_pca256_lexical_w005
31240,45,minibatch_k64,text_pca256_lexical_w005
31241,45,minibatch_k64,text_pca256_lexical_w005
31242,10,minibatch_k64,text_pca256_lexical_w005
31243,8,minibatch_k64,text_pca256_lexical_w005
31244,8,minibatch_k64,text_pca256_lexical_w005
31245,45,minibatch_k64,text_pca256_lexical_w005
31246,41,minibatch_k64,text_pca256_lexical_w005
31247,15,minibatch_k64,text_pca256_lexical_w005
31248,2,minibatch_k64,text_pca256_lexical_w005
31249,59,minibatch_k64,text_pca256_lexical_w005
31250,59,minibatch_k64,text_pca256_lexical_w005
31251,62,minibatch_k64,text_pca256_lexical_w005
31252,48,minibatch_k64,text_pca256_lexical_w005
31253,45,minibatch_k64,text_pca256_lexical_w005
31254,23,minibatch_k64,text_pca256_lexical_w005
31255,45,minibatch_k64,text_pca256_lexical_w005
31256,45,minibatch_k64,text_pca256_lexical_w005
31257,45,minibatch_k64,text_pca256_lexical_w005
31258,45,minibatch_k64,text_pca256_lexical_w005
31259,53,minibatch_k64,text_pca256_lexical_w005
31260,10,minibatch_k64,text_pca256_lexical_w005
31261,15,minibatch_k64,text_pca256_lexical_w005
31262,33,minibatch_k64,text_pca256_lexical_w005
31263,59,minibatch_k64,text_pca256_lexical_w005
31264,45,minibatch_k64,text_pca256_lexical_w005
31265,62,minibatch_k64,text_pca256_lexical_w005
31266,41,minibatch_k64,text_pca256_lexical_w005
31267,15,minibatch_k64,text_pca256_lexical_w005
31268,8,minibatch_k64,text_pca256_lexical_w005
31269,53,minibatch_k64,text_pca256_lexical_w005
31270,53,minibatch_k64,text_pca256_lexical_w005
31271,0,minibatch_k64,text_pca256_lexical_w005
31272,62,minibatch_k64,text_pca256_lexical_w005
31273,0,minibatch_k64,text_pca256_lexical_w005
31274,0,minibatch_k64,text_pca256_lexical_w005
31275,2,minibatch_k64,text_pca256_lexical_w005
31276,39,minibatch_k64,text_pca256_lexical_w005
31277,33,minibatch_k64,text_pca256_lexical_w005
31278,15,minibatch_k64,text_pca256_lexical_w005
31279,53,minibatch_k64,text_pca256_lexical_w005
31280,45,minibatch_k64,text_pca256_lexical_w005
31281,0,minibatch_k64,text_pca256_lexical_w005
31282,15,minibatch_k64,text_pca256_lexical_w005
31283,45,minibatch_k64,text_pca256_lexical_w005
31284,48,minibatch_k64,text_pca256_lexical_w005
31285,41,minibatch_k64,text_pca256_lexical_w005
31286,53,minibatch_k64,text_pca256_lexical_w005
31287,0,minibatch_k64,text_pca256_lexical_w005
31288,56,minibatch_k64,text_pca256_lexical_w005
31289,15,minibatch_k64,text_pca256_lexical_w005
31290,0,minibatch_k64,text_pca256_lexical_w005
31291,62,minibatch_k64,text_pca256_lexical_w005
31292,39,minibatch_k64,text_pca256_lexical_w005
31293,42,minibatch_k64,text_pca256_lexical_w005
31294,0,minibatch_k64,text_pca256_lexical_w005
31295,33,minibatch_k64,text_pca256_lexical_w005
31296,8,minibatch_k64,text_pca256_lexical_w005
31297,8,minibatch_k64,text_pca256_lexical_w005
31298,15,minibatch_k64,text_pca256_lexical_w005
31299,48,minibatch_k64,text_pca256_lexical_w005
31300,59,minibatch_k64,text_pca256_lexical_w005
31301,4,minibatch_k64,text_pca256_lexical_w005
31302,45,minibatch_k64,text_pca256_lexical_w005
31303,0,minibatch_k64,text_pca256_lexical_w005
31304,33,minibatch_k64,text_pca256_lexical_w005
31305,21,minibatch_k64,text_pca256_lexical_w005
31306,15,minibatch_k64,text_pca256_lexical_w005
31307,8,minibatch_k64,text_pca256_lexical_w005
31308,59,minibatch_k64,text_pca256_lexical_w005
31309,59,minibatch_k64,text_pca256_lexical_w005
31310,15,minibatch_k64,text_pca256_lexical_w005
31311,21,minibatch_k64,text_pca256_lexical_w005
31312,10,minibatch_k64,text_pca256_lexical_w005
31313,45,minibatch_k64,text_pca256_lexical_w005
31314,39,minibatch_k64,text_pca256_lexical_w005
31315,59,minibatch_k64,text_pca256_lexical_w005
31316,15,minibatch_k64,text_pca256_lexical_w005
31317,23,minibatch_k64,text_pca256_lexical_w005
31318,53,minibatch_k64,text_pca256_lexical_w005
31319,33,minibatch_k64,text_pca256_lexical_w005
31320,8,minibatch_k64,text_pca256_lexical_w005
31321,15,minibatch_k64,text_pca256_lexical_w005
31322,45,minibatch_k64,text_pca256_lexical_w005
31323,48,minibatch_k64,text_pca256_lexical_w005
31324,59,minibatch_k64,text_pca256_lexical_w005
31325,45,minibatch_k64,text_pca256_lexical_w005
31326,33,minibatch_k64,text_pca256_lexical_w005
31327,15,minibatch_k64,text_pca256_lexical_w005
31328,33,minibatch_k64,text_pca256_lexical_w005
31329,59,minibatch_k64,text_pca256_lexical_w005
31330,33,minibatch_k64,text_pca256_lexical_w005
31331,33,minibatch_k64,text_pca256_lexical_w005
31332,23,minibatch_k64,text_pca256_lexical_w005
31333,23,minibatch_k64,text_pca256_lexical_w005
31334,59,minibatch_k64,text_pca256_lexical_w005
31335,23,minibatch_k64,text_pca256_lexical_w005
31336,10,minibatch_k64,text_pca256_lexical_w005
31337,10,minibatch_k64,text_pca256_lexical_w005
31338,15,minibatch_k64,text_pca256_lexical_w005
31339,59,minibatch_k64,text_pca256_lexical_w005
31340,59,minibatch_k64,text_pca256_lexical_w005
31341,53,minibatch_k64,text_pca256_lexical_w005
31342,53,minibatch_k64,text_pca256_lexical_w005
31343,45,minibatch_k64,text_pca256_lexical_w005
31344,59,minibatch_k64,text_pca256_lexical_w005
31345,8,minibatch_k64,text_pca256_lexical_w005
31346,10,minibatch_k64,text_pca256_lexical_w005
31347,59,minibatch_k64,text_pca256_lexical_w005
31348,23,minibatch_k64,text_pca256_lexical_w005
31349,59,minibatch_k64,text_pca256_lexical_w005
31350,53,minibatch_k64,text_pca256_lexical_w005
31351,53,minibatch_k64,text_pca256_lexical_w005
31352,48,minibatch_k64,text_pca256_lexical_w005
31353,33,minibatch_k64,text_pca256_lexical_w005
31354,10,minibatch_k64,text_pca256_lexical_w005
31355,23,minibatch_k64,text_pca256_lexical_w005
31356,33,minibatch_k64,text_pca256_lexical_w005
31357,0,minibatch_k64,text_pca256_lexical_w005
31358,62,minibatch_k64,text_pca256_lexical_w005
31359,0,minibatch_k64,text_pca256_lexical_w005
31360,45,minibatch_k64,text_pca256_lexical_w005
31361,10,minibatch_k64,text_pca256_lexical_w005
31362,10,minibatch_k64,text_pca256_lexical_w005
31363,33,minibatch_k64,text_pca256_lexical_w005
31364,45,minibatch_k64,text_pca256_lexical_w005
31365,34,minibatch_k64,text_pca256_lexical_w005
31366,0,minibatch_k64,text_pca256_lexical_w005
31367,33,minibatch_k64,text_pca256_lexical_w005
31368,34,minibatch_k64,text_pca256_lexical_w005
31369,15,minibatch_k64,text_pca256_lexical_w005
31370,8,minibatch_k64,text_pca256_lexical_w005
31371,34,minibatch_k64,text_pca256_lexical_w005
31372,8,minibatch_k64,text_pca256_lexical_w005
31373,8,minibatch_k64,text_pca256_lexical_w005
31374,8,minibatch_k64,text_pca256_lexical_w005
31375,59,minibatch_k64,text_pca256_lexical_w005
31376,15,minibatch_k64,text_pca256_lexical_w005
31377,34,minibatch_k64,text_pca256_lexical_w005
31378,34,minibatch_k64,text_pca256_lexical_w005
31379,8,minibatch_k64,text_pca256_lexical_w005
31380,7,minibatch_k64,text_pca256_lexical_w005
31381,8,minibatch_k64,text_pca256_lexical_w005
31382,8,minibatch_k64,text_pca256_lexical_w005
31383,8,minibatch_k64,text_pca256_lexical_w005
31384,33,minibatch_k64,text_pca256_lexical_w005
31385,33,minibatch_k64,text_pca256_lexical_w005
31386,33,minibatch_k64,text_pca256_lexical_w005
31387,10,minibatch_k64,text_pca256_lexical_w005
31388,10,minibatch_k64,text_pca256_lexical_w005
31389,6,minibatch_k64,text_pca256_lexical_w005
31390,59,minibatch_k64,text_pca256_lexical_w005
31391,10,minibatch_k64,text_pca256_lexical_w005
31392,48,minibatch_k64,text_pca256_lexical_w005
31393,59,minibatch_k64,text_pca256_lexical_w005
31394,59,minibatch_k64,text_pca256_lexical_w005
31395,62,minibatch_k64,text_pca256_lexical_w005
31396,15,minibatch_k64,text_pca256_lexical_w005
31397,15,minibatch_k64,text_pca256_lexical_w005
31398,33,minibatch_k64,text_pca256_lexical_w005
31399,10,minibatch_k64,text_pca256_lexical_w005
31400,0,minibatch_k64,text_pca256_lexical_w005
31401,33,minibatch_k64,text_pca256_lexical_w005
31402,0,minibatch_k64,text_pca256_lexical_w005
31403,10,minibatch_k64,text_pca256_lexical_w005
31404,10,minibatch_k64,text_pca256_lexical_w005
31405,0,minibatch_k64,text_pca256_lexical_w005
31406,10,minibatch_k64,text_pca256_lexical_w005
31407,10,minibatch_k64,text_pca256_lexical_w005
31408,8,minibatch_k64,text_pca256_lexical_w005
31409,15,minibatch_k64,text_pca256_lexical_w005
31410,15,minibatch_k64,text_pca256_lexical_w005
31411,33,minibatch_k64,text_pca256_lexical_w005
31412,33,minibatch_k64,text_pca256_lexical_w005
31413,4,minibatch_k64,text_pca256_lexical_w005
31414,34,minibatch_k64,text_pca256_lexical_w005
31415,53,minibatch_k64,text_pca256_lexical_w005
31416,62,minibatch_k64,text_pca256_lexical_w005
31417,59,minibatch_k64,text_pca256_lexical_w005
31418,59,minibatch_k64,text_pca256_lexical_w005
31419,45,minibatch_k64,text_pca256_lexical_w005
31420,53,minibatch_k64,text_pca256_lexical_w005
31421,10,minibatch_k64,text_pca256_lexical_w005
31422,10,minibatch_k64,text_pca256_lexical_w005
31423,53,minibatch_k64,text_pca256_lexical_w005
31424,53,minibatch_k64,text_pca256_lexical_w005
31425,7,minibatch_k64,text_pca256_lexical_w005
31426,34,minibatch_k64,text_pca256_lexical_w005
31427,7,minibatch_k64,text_pca256_lexical_w005
31428,34,minibatch_k64,text_pca256_lexical_w005
31429,53,minibatch_k64,text_pca256_lexical_w005
31430,34,minibatch_k64,text_pca256_lexical_w005
31431,56,minibatch_k64,text_pca256_lexical_w005
31432,10,minibatch_k64,text_pca256_lexical_w005
31433,10,minibatch_k64,text_pca256_lexical_w005
31434,21,minibatch_k64,text_pca256_lexical_w005
31435,59,minibatch_k64,text_pca256_lexical_w005
31436,10,minibatch_k64,text_pca256_lexical_w005
31437,10,minibatch_k64,text_pca256_lexical_w005
31438,8,minibatch_k64,text_pca256_lexical_w005
31439,33,minibatch_k64,text_pca256_lexical_w005
31440,10,minibatch_k64,text_pca256_lexical_w005
31441,45,minibatch_k64,text_pca256_lexical_w005
31442,15,minibatch_k64,text_pca256_lexical_w005
31443,45,minibatch_k64,text_pca256_lexical_w005
31444,0,minibatch_k64,text_pca256_lexical_w005
31445,33,minibatch_k64,text_pca256_lexical_w005
31446,4,minibatch_k64,text_pca256_lexical_w005
31447,45,minibatch_k64,text_pca256_lexical_w005
31448,39,minibatch_k64,text_pca256_lexical_w005
31449,33,minibatch_k64,text_pca256_lexical_w005
31450,8,minibatch_k64,text_pca256_lexical_w005
31451,10,minibatch_k64,text_pca256_lexical_w005
31452,10,minibatch_k64,text_pca256_lexical_w005
31453,15,minibatch_k64,text_pca256_lexical_w005
31454,10,minibatch_k64,text_pca256_lexical_w005
31455,59,minibatch_k64,text_pca256_lexical_w005
31456,59,minibatch_k64,text_pca256_lexical_w005
31457,15,minibatch_k64,text_pca256_lexical_w005
31458,8,minibatch_k64,text_pca256_lexical_w005
31459,21,minibatch_k64,text_pca256_lexical_w005
31460,53,minibatch_k64,text_pca256_lexical_w005
31461,8,minibatch_k64,text_pca256_lexical_w005
31462,15,minibatch_k64,text_pca256_lexical_w005
31463,39,minibatch_k64,text_pca256_lexical_w005
31464,8,minibatch_k64,text_pca256_lexical_w005
31465,59,minibatch_k64,text_pca256_lexical_w005
31466,10,minibatch_k64,text_pca256_lexical_w005
31467,10,minibatch_k64,text_pca256_lexical_w005
31468,33,minibatch_k64,text_pca256_lexical_w005
31469,59,minibatch_k64,text_pca256_lexical_w005
31470,15,minibatch_k64,text_pca256_lexical_w005
31471,15,minibatch_k64,text_pca256_lexical_w005
31472,15,minibatch_k64,text_pca256_lexical_w005
31473,8,minibatch_k64,text_pca256_lexical_w005
31474,62,minibatch_k64,text_pca256_lexical_w005
31475,34,minibatch_k64,text_pca256_lexical_w005
31476,15,minibatch_k64,text_pca256_lexical_w005
31477,56,minibatch_k64,text_pca256_lexical_w005
31478,62,minibatch_k64,text_pca256_lexical_w005
31479,59,minibatch_k64,text_pca256_lexical_w005
31480,15,minibatch_k64,text_pca256_lexical_w005
31481,6,minibatch_k64,text_pca256_lexical_w005
31482,0,minibatch_k64,text_pca256_lexical_w005
31483,10,minibatch_k64,text_pca256_lexical_w005
31484,10,minibatch_k64,text_pca256_lexical_w005
31485,10,minibatch_k64,text_pca256_lexical_w005
31486,59,minibatch_k64,text_pca256_lexical_w005
31487,15,minibatch_k64,text_pca256_lexical_w005
31488,10,minibatch_k64,text_pca256_lexical_w005
31489,45,minibatch_k64,text_pca256_lexical_w005
31490,10,minibatch_k64,text_pca256_lexical_w005
31491,33,minibatch_k64,text_pca256_lexical_w005
31492,10,minibatch_k64,text_pca256_lexical_w005
31493,15,minibatch_k64,text_pca256_lexical_w005
31494,15,minibatch_k64,text_pca256_lexical_w005
31495,0,minibatch_k64,text_pca256_lexical_w005
31496,56,minibatch_k64,text_pca256_lexical_w005
31497,45,minibatch_k64,text_pca256_lexical_w005
31498,0,minibatch_k64,text_pca256_lexical_w005
31499,0,minibatch_k64,text_pca256_lexical_w005
31500,15,minibatch_k64,text_pca256_lexical_w005
31501,8,minibatch_k64,text_pca256_lexical_w005
31502,10,minibatch_k64,text_pca256_lexical_w005
31503,15,minibatch_k64,text_pca256_lexical_w005
31504,59,minibatch_k64,text_pca256_lexical_w005
31505,59,minibatch_k64,text_pca256_lexical_w005
31506,39,minibatch_k64,text_pca256_lexical_w005
31507,39,minibatch_k64,text_pca256_lexical_w005
31508,15,minibatch_k64,text_pca256_lexical_w005
31509,33,minibatch_k64,text_pca256_lexical_w005
31510,15,minibatch_k64,text_pca256_lexical_w005
31511,42,minibatch_k64,text_pca256_lexical_w005
31512,10,minibatch_k64,text_pca256_lexical_w005
31513,59,minibatch_k64,text_pca256_lexical_w005
31514,53,minibatch_k64,text_pca256_lexical_w005
31515,62,minibatch_k64,text_pca256_lexical_w005
31516,10,minibatch_k64,text_pca256_lexical_w005
31517,15,minibatch_k64,text_pca256_lexical_w005
31518,45,minibatch_k64,text_pca256_lexical_w005
31519,45,minibatch_k64,text_pca256_lexical_w005
31520,15,minibatch_k64,text_pca256_lexical_w005
31521,8,minibatch_k64,text_pca256_lexical_w005
31522,50,minibatch_k64,text_pca256_lexical_w005
31523,33,minibatch_k64,text_pca256_lexical_w005
31524,8,minibatch_k64,text_pca256_lexical_w005
31525,8,minibatch_k64,text_pca256_lexical_w005
31526,33,minibatch_k64,text_pca256_lexical_w005
31527,45,minibatch_k64,text_pca256_lexical_w005
31528,33,minibatch_k64,text_pca256_lexical_w005
31529,42,minibatch_k64,text_pca256_lexical_w005
31530,39,minibatch_k64,text_pca256_lexical_w005
31531,45,minibatch_k64,text_pca256_lexical_w005
31532,15,minibatch_k64,text_pca256_lexical_w005
31533,45,minibatch_k64,text_pca256_lexical_w005
31534,15,minibatch_k64,text_pca256_lexical_w005
31535,34,minibatch_k64,text_pca256_lexical_w005
31536,6,minibatch_k64,text_pca256_lexical_w005
31537,0,minibatch_k64,text_pca256_lexical_w005
31538,23,minibatch_k64,text_pca256_lexical_w005
31539,0,minibatch_k64,text_pca256_lexical_w005
31540,59,minibatch_k64,text_pca256_lexical_w005
31541,59,minibatch_k64,text_pca256_lexical_w005
31542,23,minibatch_k64,text_pca256_lexical_w005
31543,0,minibatch_k64,text_pca256_lexical_w005
31544,10,minibatch_k64,text_pca256_lexical_w005
31545,59,minibatch_k64,text_pca256_lexical_w005
31546,21,minibatch_k64,text_pca256_lexical_w005
31547,10,minibatch_k64,text_pca256_lexical_w005
31548,15,minibatch_k64,text_pca256_lexical_w005
31549,10,minibatch_k64,text_pca256_lexical_w005
31550,45,minibatch_k64,text_pca256_lexical_w005
31551,8,minibatch_k64,text_pca256_lexical_w005
31552,8,minibatch_k64,text_pca256_lexical_w005
31553,15,minibatch_k64,text_pca256_lexical_w005
31554,45,minibatch_k64,text_pca256_lexical_w005
31555,8,minibatch_k64,text_pca256_lexical_w005
31556,15,minibatch_k64,text_pca256_lexical_w005
31557,59,minibatch_k64,text_pca256_lexical_w005
31558,62,minibatch_k64,text_pca256_lexical_w005
31559,10,minibatch_k64,text_pca256_lexical_w005
31560,15,minibatch_k64,text_pca256_lexical_w005
31561,15,minibatch_k64,text_pca256_lexical_w005
31562,10,minibatch_k64,text_pca256_lexical_w005
31563,10,minibatch_k64,text_pca256_lexical_w005
31564,8,minibatch_k64,text_pca256_lexical_w005
31565,10,minibatch_k64,text_pca256_lexical_w005
31566,10,minibatch_k64,text_pca256_lexical_w005
31567,62,minibatch_k64,text_pca256_lexical_w005
31568,10,minibatch_k64,text_pca256_lexical_w005
31569,10,minibatch_k64,text_pca256_lexical_w005
31570,8,minibatch_k64,text_pca256_lexical_w005
31571,42,minibatch_k64,text_pca256_lexical_w005
31572,42,minibatch_k64,text_pca256_lexical_w005
31573,62,minibatch_k64,text_pca256_lexical_w005
31574,59,minibatch_k64,text_pca256_lexical_w005
31575,62,minibatch_k64,text_pca256_lexical_w005
31576,6,minibatch_k64,text_pca256_lexical_w005
31577,62,minibatch_k64,text_pca256_lexical_w005
31578,59,minibatch_k64,text_pca256_lexical_w005
31579,10,minibatch_k64,text_pca256_lexical_w005
31580,10,minibatch_k64,text_pca256_lexical_w005
31581,45,minibatch_k64,text_pca256_lexical_w005
31582,45,minibatch_k64,text_pca256_lexical_w005
31583,2,minibatch_k64,text_pca256_lexical_w005
31584,45,minibatch_k64,text_pca256_lexical_w005
31585,48,minibatch_k64,text_pca256_lexical_w005
31586,10,minibatch_k64,text_pca256_lexical_w005
31587,10,minibatch_k64,text_pca256_lexical_w005
31588,10,minibatch_k64,text_pca256_lexical_w005
31589,23,minibatch_k64,text_pca256_lexical_w005
31590,59,minibatch_k64,text_pca256_lexical_w005
31591,45,minibatch_k64,text_pca256_lexical_w005
31592,0,minibatch_k64,text_pca256_lexical_w005
31593,10,minibatch_k64,text_pca256_lexical_w005
31594,15,minibatch_k64,text_pca256_lexical_w005
31595,33,minibatch_k64,text_pca256_lexical_w005
31596,15,minibatch_k64,text_pca256_lexical_w005
31597,8,minibatch_k64,text_pca256_lexical_w005
31598,10,minibatch_k64,text_pca256_lexical_w005
31599,59,minibatch_k64,text_pca256_lexical_w005
31600,45,minibatch_k64,text_pca256_lexical_w005
31601,15,minibatch_k64,text_pca256_lexical_w005
31602,45,minibatch_k64,text_pca256_lexical_w005
31603,59,minibatch_k64,text_pca256_lexical_w005
31604,0,minibatch_k64,text_pca256_lexical_w005
31605,0,minibatch_k64,text_pca256_lexical_w005
31606,59,minibatch_k64,text_pca256_lexical_w005
31607,59,minibatch_k64,text_pca256_lexical_w005
31608,15,minibatch_k64,text_pca256_lexical_w005
31609,10,minibatch_k64,text_pca256_lexical_w005
31610,33,minibatch_k64,text_pca256_lexical_w005
31611,33,minibatch_k64,text_pca256_lexical_w005
31612,48,minibatch_k64,text_pca256_lexical_w005
31613,15,minibatch_k64,text_pca256_lexical_w005
31614,15,minibatch_k64,text_pca256_lexical_w005
31615,15,minibatch_k64,text_pca256_lexical_w005
31616,10,minibatch_k64,text_pca256_lexical_w005
31617,10,minibatch_k64,text_pca256_lexical_w005
31618,10,minibatch_k64,text_pca256_lexical_w005
31619,10,minibatch_k64,text_pca256_lexical_w005
31620,42,minibatch_k64,text_pca256_lexical_w005
31621,59,minibatch_k64,text_pca256_lexical_w005
31622,8,minibatch_k64,text_pca256_lexical_w005
31623,15,minibatch_k64,text_pca256_lexical_w005
31624,39,minibatch_k64,text_pca256_lexical_w005
31625,59,minibatch_k64,text_pca256_lexical_w005
31626,8,minibatch_k64,text_pca256_lexical_w005
31627,62,minibatch_k64,text_pca256_lexical_w005
31628,33,minibatch_k64,text_pca256_lexical_w005
31629,45,minibatch_k64,text_pca256_lexical_w005
31630,34,minibatch_k64,text_pca256_lexical_w005
31631,53,minibatch_k64,text_pca256_lexical_w005
31632,23,minibatch_k64,text_pca256_lexical_w005
31633,10,minibatch_k64,text_pca256_lexical_w005
31634,59,minibatch_k64,text_pca256_lexical_w005
31635,10,minibatch_k64,text_pca256_lexical_w005
31636,45,minibatch_k64,text_pca256_lexical_w005
31637,10,minibatch_k64,text_pca256_lexical_w005
31638,10,minibatch_k64,text_pca256_lexical_w005
31639,15,minibatch_k64,text_pca256_lexical_w005
31640,6,minibatch_k64,text_pca256_lexical_w005
31641,2,minibatch_k64,text_pca256_lexical_w005
31642,59,minibatch_k64,text_pca256_lexical_w005
31643,59,minibatch_k64,text_pca256_lexical_w005
31644,53,minibatch_k64,text_pca256_lexical_w005
31645,62,minibatch_k64,text_pca256_lexical_w005
31646,56,minibatch_k64,text_pca256_lexical_w005
31647,21,minibatch_k64,text_pca256_lexical_w005
31648,59,minibatch_k64,text_pca256_lexical_w005
31649,45,minibatch_k64,text_pca256_lexical_w005
31650,33,minibatch_k64,text_pca256_lexical_w005
31651,21,minibatch_k64,text_pca256_lexical_w005
31652,59,minibatch_k64,text_pca256_lexical_w005
31653,15,minibatch_k64,text_pca256_lexical_w005
31654,15,minibatch_k64,text_pca256_lexical_w005
31655,23,minibatch_k64,text_pca256_lexical_w005
31656,8,minibatch_k64,text_pca256_lexical_w005
31657,0,minibatch_k64,text_pca256_lexical_w005
31658,8,minibatch_k64,text_pca256_lexical_w005
31659,59,minibatch_k64,text_pca256_lexical_w005
31660,59,minibatch_k64,text_pca256_lexical_w005
31661,62,minibatch_k64,text_pca256_lexical_w005
31662,10,minibatch_k64,text_pca256_lexical_w005
31663,45,minibatch_k64,text_pca256_lexical_w005
31664,8,minibatch_k64,text_pca256_lexical_w005
31665,59,minibatch_k64,text_pca256_lexical_w005
31666,0,minibatch_k64,text_pca256_lexical_w005
31667,45,minibatch_k64,text_pca256_lexical_w005
31668,59,minibatch_k64,text_pca256_lexical_w005
31669,59,minibatch_k64,text_pca256_lexical_w005
31670,23,minibatch_k64,text_pca256_lexical_w005
31671,48,minibatch_k64,text_pca256_lexical_w005
31672,8,minibatch_k64,text_pca256_lexical_w005
31673,33,minibatch_k64,text_pca256_lexical_w005
31674,59,minibatch_k64,text_pca256_lexical_w005
31675,0,minibatch_k64,text_pca256_lexical_w005
31676,15,minibatch_k64,text_pca256_lexical_w005
31677,62,minibatch_k64,text_pca256_lexical_w005
31678,59,minibatch_k64,text_pca256_lexical_w005
31679,23,minibatch_k64,text_pca256_lexical_w005
31680,62,minibatch_k64,text_pca256_lexical_w005
31681,62,minibatch_k64,text_pca256_lexical_w005
31682,59,minibatch_k64,text_pca256_lexical_w005
31683,59,minibatch_k64,text_pca256_lexical_w005
31684,39,minibatch_k64,text_pca256_lexical_w005
31685,10,minibatch_k64,text_pca256_lexical_w005
31686,59,minibatch_k64,text_pca256_lexical_w005
31687,59,minibatch_k64,text_pca256_lexical_w005
31688,8,minibatch_k64,text_pca256_lexical_w005
31689,8,minibatch_k64,text_pca256_lexical_w005
31690,62,minibatch_k64,text_pca256_lexical_w005
31691,8,minibatch_k64,text_pca256_lexical_w005
31692,59,minibatch_k64,text_pca256_lexical_w005
31693,59,minibatch_k64,text_pca256_lexical_w005
31694,59,minibatch_k64,text_pca256_lexical_w005
31695,15,minibatch_k64,text_pca256_lexical_w005
31696,59,minibatch_k64,text_pca256_lexical_w005
31697,10,minibatch_k64,text_pca256_lexical_w005
31698,23,minibatch_k64,text_pca256_lexical_w005
31699,39,minibatch_k64,text_pca256_lexical_w005
31700,33,minibatch_k64,text_pca256_lexical_w005
31701,10,minibatch_k64,text_pca256_lexical_w005
31702,59,minibatch_k64,text_pca256_lexical_w005
31703,53,minibatch_k64,text_pca256_lexical_w005
31704,59,minibatch_k64,text_pca256_lexical_w005
31705,23,minibatch_k64,text_pca256_lexical_w005
31706,4,minibatch_k64,text_pca256_lexical_w005
31707,59,minibatch_k64,text_pca256_lexical_w005
31708,45,minibatch_k64,text_pca256_lexical_w005
31709,59,minibatch_k64,text_pca256_lexical_w005
31710,45,minibatch_k64,text_pca256_lexical_w005
31711,53,minibatch_k64,text_pca256_lexical_w005
31712,10,minibatch_k64,text_pca256_lexical_w005
31713,59,minibatch_k64,text_pca256_lexical_w005
31714,2,minibatch_k64,text_pca256_lexical_w005
31715,10,minibatch_k64,text_pca256_lexical_w005
31716,15,minibatch_k64,text_pca256_lexical_w005
31717,59,minibatch_k64,text_pca256_lexical_w005
31718,59,minibatch_k64,text_pca256_lexical_w005
31719,8,minibatch_k64,text_pca256_lexical_w005
31720,10,minibatch_k64,text_pca256_lexical_w005
31721,33,minibatch_k64,text_pca256_lexical_w005
31722,8,minibatch_k64,text_pca256_lexical_w005
31723,45,minibatch_k64,text_pca256_lexical_w005
31724,23,minibatch_k64,text_pca256_lexical_w005
31725,48,minibatch_k64,text_pca256_lexical_w005
31726,15,minibatch_k64,text_pca256_lexical_w005
31727,23,minibatch_k64,text_pca256_lexical_w005
31728,4,minibatch_k64,text_pca256_lexical_w005
31729,23,minibatch_k64,text_pca256_lexical_w005
31730,62,minibatch_k64,text_pca256_lexical_w005
31731,62,minibatch_k64,text_pca256_lexical_w005
31732,59,minibatch_k64,text_pca256_lexical_w005
31733,23,minibatch_k64,text_pca256_lexical_w005
31734,21,minibatch_k64,text_pca256_lexical_w005
31735,62,minibatch_k64,text_pca256_lexical_w005
31736,15,minibatch_k64,text_pca256_lexical_w005
31737,59,minibatch_k64,text_pca256_lexical_w005
31738,48,minibatch_k64,text_pca256_lexical_w005
31739,33,minibatch_k64,text_pca256_lexical_w005
31740,39,minibatch_k64,text_pca256_lexical_w005
31741,53,minibatch_k64,text_pca256_lexical_w005
31742,23,minibatch_k64,text_pca256_lexical_w005
31743,2,minibatch_k64,text_pca256_lexical_w005
31744,8,minibatch_k64,text_pca256_lexical_w005
31745,8,minibatch_k64,text_pca256_lexical_w005
31746,10,minibatch_k64,text_pca256_lexical_w005
31747,15,minibatch_k64,text_pca256_lexical_w005
31748,15,minibatch_k64,text_pca256_lexical_w005
31749,62,minibatch_k64,text_pca256_lexical_w005
31750,53,minibatch_k64,text_pca256_lexical_w005
31751,62,minibatch_k64,text_pca256_lexical_w005
31752,8,minibatch_k64,text_pca256_lexical_w005
31753,8,minibatch_k64,text_pca256_lexical_w005
31754,33,minibatch_k64,text_pca256_lexical_w005
31755,23,minibatch_k64,text_pca256_lexical_w005
31756,15,minibatch_k64,text_pca256_lexical_w005
31757,8,minibatch_k64,text_pca256_lexical_w005
31758,59,minibatch_k64,text_pca256_lexical_w005
31759,33,minibatch_k64,text_pca256_lexical_w005
31760,23,minibatch_k64,text_pca256_lexical_w005
31761,53,minibatch_k64,text_pca256_lexical_w005
31762,0,minibatch_k64,text_pca256_lexical_w005
31763,62,minibatch_k64,text_pca256_lexical_w005
31764,8,minibatch_k64,text_pca256_lexical_w005
31765,8,minibatch_k64,text_pca256_lexical_w005
31766,8,minibatch_k64,text_pca256_lexical_w005
31767,0,minibatch_k64,text_pca256_lexical_w005
31768,62,minibatch_k64,text_pca256_lexical_w005
31769,56,minibatch_k64,text_pca256_lexical_w005
31770,0,minibatch_k64,text_pca256_lexical_w005
31771,21,minibatch_k64,text_pca256_lexical_w005
31772,33,minibatch_k64,text_pca256_lexical_w005
31773,8,minibatch_k64,text_pca256_lexical_w005
31774,62,minibatch_k64,text_pca256_lexical_w005
31775,8,minibatch_k64,text_pca256_lexical_w005
31776,53,minibatch_k64,text_pca256_lexical_w005
31777,33,minibatch_k64,text_pca256_lexical_w005
31778,4,minibatch_k64,text_pca256_lexical_w005
31779,33,minibatch_k64,text_pca256_lexical_w005
31780,0,minibatch_k64,text_pca256_lexical_w005
31781,21,minibatch_k64,text_pca256_lexical_w005
31782,53,minibatch_k64,text_pca256_lexical_w005
31783,62,minibatch_k64,text_pca256_lexical_w005
31784,62,minibatch_k64,text_pca256_lexical_w005
31785,33,minibatch_k64,text_pca256_lexical_w005
31786,10,minibatch_k64,text_pca256_lexical_w005
31787,0,minibatch_k64,text_pca256_lexical_w005
31788,4,minibatch_k64,text_pca256_lexical_w005
31789,10,minibatch_k64,text_pca256_lexical_w005
31790,8,minibatch_k64,text_pca256_lexical_w005
31791,53,minibatch_k64,text_pca256_lexical_w005
31792,15,minibatch_k64,text_pca256_lexical_w005
31793,10,minibatch_k64,text_pca256_lexical_w005
31794,10,minibatch_k64,text_pca256_lexical_w005
31795,62,minibatch_k64,text_pca256_lexical_w005
31796,8,minibatch_k64,text_pca256_lexical_w005
31797,62,minibatch_k64,text_pca256_lexical_w005
31798,53,minibatch_k64,text_pca256_lexical_w005
31799,21,minibatch_k64,text_pca256_lexical_w005
31800,21,minibatch_k64,text_pca256_lexical_w005
31801,33,minibatch_k64,text_pca256_lexical_w005
31802,33,minibatch_k64,text_pca256_lexical_w005
31803,33,minibatch_k64,text_pca256_lexical_w005
31804,0,minibatch_k64,text_pca256_lexical_w005
31805,0,minibatch_k64,text_pca256_lexical_w005
31806,20,minibatch_k64,text_pca256_lexical_w005
31807,39,minibatch_k64,text_pca256_lexical_w005
31808,39,minibatch_k64,text_pca256_lexical_w005
31809,39,minibatch_k64,text_pca256_lexical_w005
31810,33,minibatch_k64,text_pca256_lexical_w005
31811,8,minibatch_k64,text_pca256_lexical_w005
31812,25,minibatch_k64,text_pca256_lexical_w005
31813,42,minibatch_k64,text_pca256_lexical_w005
31814,15,minibatch_k64,text_pca256_lexical_w005
31815,15,minibatch_k64,text_pca256_lexical_w005
31816,45,minibatch_k64,text_pca256_lexical_w005
31817,23,minibatch_k64,text_pca256_lexical_w005
31818,15,minibatch_k64,text_pca256_lexical_w005
31819,15,minibatch_k64,text_pca256_lexical_w005
31820,25,minibatch_k64,text_pca256_lexical_w005
31821,40,minibatch_k64,text_pca256_lexical_w005
31822,38,minibatch_k64,text_pca256_lexical_w005
31823,23,minibatch_k64,text_pca256_lexical_w005
31824,20,minibatch_k64,text_pca256_lexical_w005
31825,38,minibatch_k64,text_pca256_lexical_w005
31826,0,minibatch_k64,text_pca256_lexical_w005
31827,39,minibatch_k64,text_pca256_lexical_w005
31828,33,minibatch_k64,text_pca256_lexical_w005
31829,23,minibatch_k64,text_pca256_lexical_w005
31830,38,minibatch_k64,text_pca256_lexical_w005
31831,23,minibatch_k64,text_pca256_lexical_w005
31832,10,minibatch_k64,text_pca256_lexical_w005
31833,38,minibatch_k64,text_pca256_lexical_w005
31834,23,minibatch_k64,text_pca256_lexical_w005
31835,38,minibatch_k64,text_pca256_lexical_w005
31836,10,minibatch_k64,text_pca256_lexical_w005
31837,0,minibatch_k64,text_pca256_lexical_w005
31838,0,minibatch_k64,text_pca256_lexical_w005
31839,50,minibatch_k64,text_pca256_lexical_w005
31840,33,minibatch_k64,text_pca256_lexical_w005
31841,59,minibatch_k64,text_pca256_lexical_w005
31842,45,minibatch_k64,text_pca256_lexical_w005
31843,6,minibatch_k64,text_pca256_lexical_w005
31844,59,minibatch_k64,text_pca256_lexical_w005
31845,0,minibatch_k64,text_pca256_lexical_w005
31846,2,minibatch_k64,text_pca256_lexical_w005
31847,0,minibatch_k64,text_pca256_lexical_w005
31848,7,minibatch_k64,text_pca256_lexical_w005
31849,0,minibatch_k64,text_pca256_lexical_w005
31850,0,minibatch_k64,text_pca256_lexical_w005
31851,39,minibatch_k64,text_pca256_lexical_w005
31852,10,minibatch_k64,text_pca256_lexical_w005
31853,5,minibatch_k64,text_pca256_lexical_w005
31854,5,minibatch_k64,text_pca256_lexical_w005
31855,0,minibatch_k64,text_pca256_lexical_w005
31856,5,minibatch_k64,text_pca256_lexical_w005
31857,42,minibatch_k64,text_pca256_lexical_w005
31858,5,minibatch_k64,text_pca256_lexical_w005
31859,46,minibatch_k64,text_pca256_lexical_w005
31860,15,minibatch_k64,text_pca256_lexical_w005
31861,5,minibatch_k64,text_pca256_lexical_w005
31862,5,minibatch_k64,text_pca256_lexical_w005
31863,46,minibatch_k64,text_pca256_lexical_w005
31864,0,minibatch_k64,text_pca256_lexical_w005
31865,45,minibatch_k64,text_pca256_lexical_w005
31866,23,minibatch_k64,text_pca256_lexical_w005
31867,0,minibatch_k64,text_pca256_lexical_w005
31868,23,minibatch_k64,text_pca256_lexical_w005
31869,62,minibatch_k64,text_pca256_lexical_w005
31870,8,minibatch_k64,text_pca256_lexical_w005
31871,33,minibatch_k64,text_pca256_lexical_w005
31872,23,minibatch_k64,text_pca256_lexical_w005
31873,42,minibatch_k64,text_pca256_lexical_w005
31874,50,minibatch_k64,text_pca256_lexical_w005
31875,10,minibatch_k64,text_pca256_lexical_w005
31876,10,minibatch_k64,text_pca256_lexical_w005
31877,23,minibatch_k64,text_pca256_lexical_w005
31878,23,minibatch_k64,text_pca256_lexical_w005
31879,0,minibatch_k64,text_pca256_lexical_w005
31880,0,minibatch_k64,text_pca256_lexical_w005
31881,5,minibatch_k64,text_pca256_lexical_w005
31882,10,minibatch_k64,text_pca256_lexical_w005
31883,5,minibatch_k64,text_pca256_lexical_w005
31884,10,minibatch_k64,text_pca256_lexical_w005
31885,15,minibatch_k64,text_pca256_lexical_w005
31886,10,minibatch_k64,text_pca256_lexical_w005
31887,23,minibatch_k64,text_pca256_lexical_w005
31888,5,minibatch_k64,text_pca256_lexical_w005
31889,21,minibatch_k64,text_pca256_lexical_w005
31890,0,minibatch_k64,text_pca256_lexical_w005
31891,23,minibatch_k64,text_pca256_lexical_w005
31892,8,minibatch_k64,text_pca256_lexical_w005
31893,15,minibatch_k64,text_pca256_lexical_w005
31894,62,minibatch_k64,text_pca256_lexical_w005
31895,42,minibatch_k64,text_pca256_lexical_w005
31896,62,minibatch_k64,text_pca256_lexical_w005
31897,62,minibatch_k64,text_pca256_lexical_w005
31898,5,minibatch_k64,text_pca256_lexical_w005
31899,23,minibatch_k64,text_pca256_lexical_w005
31900,62,minibatch_k64,text_pca256_lexical_w005
31901,23,minibatch_k64,text_pca256_lexical_w005
31902,0,minibatch_k64,text_pca256_lexical_w005
31903,14,minibatch_k64,text_pca256_lexical_w005
31904,5,minibatch_k64,text_pca256_lexical_w005
31905,5,minibatch_k64,text_pca256_lexical_w005
31906,8,minibatch_k64,text_pca256_lexical_w005
31907,48,minibatch_k64,text_pca256_lexical_w005
31908,38,minibatch_k64,text_pca256_lexical_w005
31909,0,minibatch_k64,text_pca256_lexical_w005
31910,58,minibatch_k64,text_pca256_lexical_w005
31911,23,minibatch_k64,text_pca256_lexical_w005
31912,55,minibatch_k64,text_pca256_lexical_w005
31913,22,minibatch_k64,text_pca256_lexical_w005
31914,23,minibatch_k64,text_pca256_lexical_w005
31915,62,minibatch_k64,text_pca256_lexical_w005
31916,39,minibatch_k64,text_pca256_lexical_w005
31917,5,minibatch_k64,text_pca256_lexical_w005
31918,5,minibatch_k64,text_pca256_lexical_w005
31919,4,minibatch_k64,text_pca256_lexical_w005
31920,62,minibatch_k64,text_pca256_lexical_w005
31921,42,minibatch_k64,text_pca256_lexical_w005
31922,23,minibatch_k64,text_pca256_lexical_w005
31923,23,minibatch_k64,text_pca256_lexical_w005
31924,23,minibatch_k64,text_pca256_lexical_w005
31925,0,minibatch_k64,text_pca256_lexical_w005
31926,23,minibatch_k64,text_pca256_lexical_w005
31927,62,minibatch_k64,text_pca256_lexical_w005
31928,8,minibatch_k64,text_pca256_lexical_w005
31929,0,minibatch_k64,text_pca256_lexical_w005
31930,0,minibatch_k64,text_pca256_lexical_w005
31931,42,minibatch_k64,text_pca256_lexical_w005
31932,8,minibatch_k64,text_pca256_lexical_w005
31933,29,minibatch_k64,text_pca256_lexical_w005
31934,29,minibatch_k64,text_pca256_lexical_w005
31935,0,minibatch_k64,text_pca256_lexical_w005
31936,62,minibatch_k64,text_pca256_lexical_w005
31937,10,minibatch_k64,text_pca256_lexical_w005
31938,10,minibatch_k64,text_pca256_lexical_w005
31939,10,minibatch_k64,text_pca256_lexical_w005
31940,62,minibatch_k64,text_pca256_lexical_w005
31941,10,minibatch_k64,text_pca256_lexical_w005
31942,0,minibatch_k64,text_pca256_lexical_w005
31943,62,minibatch_k64,text_pca256_lexical_w005
31944,45,minibatch_k64,text_pca256_lexical_w005
31945,5,minibatch_k64,text_pca256_lexical_w005
31946,5,minibatch_k64,text_pca256_lexical_w005
31947,5,minibatch_k64,text_pca256_lexical_w005
31948,23,minibatch_k64,text_pca256_lexical_w005
31949,0,minibatch_k64,text_pca256_lexical_w005
31950,56,minibatch_k64,text_pca256_lexical_w005
31951,8,minibatch_k64,text_pca256_lexical_w005
31952,0,minibatch_k64,text_pca256_lexical_w005
31953,42,minibatch_k64,text_pca256_lexical_w005
31954,0,minibatch_k64,text_pca256_lexical_w005
31955,8,minibatch_k64,text_pca256_lexical_w005
31956,42,minibatch_k64,text_pca256_lexical_w005
31957,42,minibatch_k64,text_pca256_lexical_w005
31958,8,minibatch_k64,text_pca256_lexical_w005
31959,50,minibatch_k64,text_pca256_lexical_w005
31960,62,minibatch_k64,text_pca256_lexical_w005
31961,5,minibatch_k64,text_pca256_lexical_w005
31962,42,minibatch_k64,text_pca256_lexical_w005
31963,62,minibatch_k64,text_pca256_lexical_w005
31964,5,minibatch_k64,text_pca256_lexical_w005
31965,10,minibatch_k64,text_pca256_lexical_w005
31966,4,minibatch_k64,text_pca256_lexical_w005
31967,62,minibatch_k64,text_pca256_lexical_w005
31968,62,minibatch_k64,text_pca256_lexical_w005
31969,5,minibatch_k64,text_pca256_lexical_w005
31970,23,minibatch_k64,text_pca256_lexical_w005
31971,62,minibatch_k64,text_pca256_lexical_w005
31972,5,minibatch_k64,text_pca256_lexical_w005
31973,62,minibatch_k64,text_pca256_lexical_w005
31974,62,minibatch_k64,text_pca256_lexical_w005
31975,62,minibatch_k64,text_pca256_lexical_w005
31976,8,minibatch_k64,text_pca256_lexical_w005
31977,8,minibatch_k64,text_pca256_lexical_w005
31978,62,minibatch_k64,text_pca256_lexical_w005
31979,62,minibatch_k64,text_pca256_lexical_w005
31980,62,minibatch_k64,text_pca256_lexical_w005
31981,0,minibatch_k64,text_pca256_lexical_w005
31982,21,minibatch_k64,text_pca256_lexical_w005
31983,62,minibatch_k64,text_pca256_lexical_w005
31984,18,minibatch_k64,text_pca256_lexical_w005
31985,62,minibatch_k64,text_pca256_lexical_w005
31986,0,minibatch_k64,text_pca256_lexical_w005
31987,39,minibatch_k64,text_pca256_lexical_w005
31988,62,minibatch_k64,text_pca256_lexical_w005
31989,39,minibatch_k64,text_pca256_lexical_w005
31990,0,minibatch_k64,text_pca256_lexical_w005
31991,62,minibatch_k64,text_pca256_lexical_w005
31992,0,minibatch_k64,text_pca256_lexical_w005
31993,4,minibatch_k64,text_pca256_lexical_w005
31994,0,minibatch_k64,text_pca256_lexical_w005
31995,4,minibatch_k64,text_pca256_lexical_w005
31996,4,minibatch_k64,text_pca256_lexical_w005
31997,4,minibatch_k64,text_pca256_lexical_w005
31998,4,minibatch_k64,text_pca256_lexical_w005
31999,2,minibatch_k64,text_pca256_lexical_w005
32000,5,minibatch_k64,text_pca256_lexical_w005
32001,4,minibatch_k64,text_pca256_lexical_w005
32002,4,minibatch_k64,text_pca256_lexical_w005
32003,5,minibatch_k64,text_pca256_lexical_w005
32004,4,minibatch_k64,text_pca256_lexical_w005
32005,4,minibatch_k64,text_pca256_lexical_w005
32006,62,minibatch_k64,text_pca256_lexical_w005
32007,4,minibatch_k64,text_pca256_lexical_w005
32008,4,minibatch_k64,text_pca256_lexical_w005
32009,4,minibatch_k64,text_pca256_lexical_w005
32010,45,minibatch_k64,text_pca256_lexical_w005
32011,0,minibatch_k64,text_pca256_lexical_w005
32012,4,minibatch_k64,text_pca256_lexical_w005
32013,42,minibatch_k64,text_pca256_lexical_w005
32014,62,minibatch_k64,text_pca256_lexical_w005
32015,62,minibatch_k64,text_pca256_lexical_w005
32016,50,minibatch_k64,text_pca256_lexical_w005
32017,0,minibatch_k64,text_pca256_lexical_w005
32018,8,minibatch_k64,text_pca256_lexical_w005
32019,62,minibatch_k64,text_pca256_lexical_w005
32020,21,minibatch_k64,text_pca256_lexical_w005
32021,62,minibatch_k64,text_pca256_lexical_w005
32022,62,minibatch_k64,text_pca256_lexical_w005
32023,62,minibatch_k64,text_pca256_lexical_w005
32024,62,minibatch_k64,text_pca256_lexical_w005
32025,59,minibatch_k64,text_pca256_lexical_w005
32026,39,minibatch_k64,text_pca256_lexical_w005
32027,33,minibatch_k64,text_pca256_lexical_w005
32028,62,minibatch_k64,text_pca256_lexical_w005
32029,62,minibatch_k64,text_pca256_lexical_w005
32030,62,minibatch_k64,text_pca256_lexical_w005
32031,62,minibatch_k64,text_pca256_lexical_w005
32032,39,minibatch_k64,text_pca256_lexical_w005
32033,8,minibatch_k64,text_pca256_lexical_w005
32034,62,minibatch_k64,text_pca256_lexical_w005
32035,59,minibatch_k64,text_pca256_lexical_w005
32036,39,minibatch_k64,text_pca256_lexical_w005
32037,59,minibatch_k64,text_pca256_lexical_w005
32038,39,minibatch_k64,text_pca256_lexical_w005
32039,59,minibatch_k64,text_pca256_lexical_w005
32040,62,minibatch_k64,text_pca256_lexical_w005
32041,0,minibatch_k64,text_pca256_lexical_w005
32042,59,minibatch_k64,text_pca256_lexical_w005
32043,42,minibatch_k64,text_pca256_lexical_w005
32044,62,minibatch_k64,text_pca256_lexical_w005
32045,62,minibatch_k64,text_pca256_lexical_w005
32046,62,minibatch_k64,text_pca256_lexical_w005
32047,52,minibatch_k64,text_pca256_lexical_w005
32048,62,minibatch_k64,text_pca256_lexical_w005
32049,8,minibatch_k64,text_pca256_lexical_w005
32050,8,minibatch_k64,text_pca256_lexical_w005
32051,8,minibatch_k64,text_pca256_lexical_w005
32052,62,minibatch_k64,text_pca256_lexical_w005
32053,59,minibatch_k64,text_pca256_lexical_w005
32054,8,minibatch_k64,text_pca256_lexical_w005
32055,62,minibatch_k64,text_pca256_lexical_w005
32056,8,minibatch_k64,text_pca256_lexical_w005
32057,25,minibatch_k64,text_pca256_lexical_w005
32058,62,minibatch_k64,text_pca256_lexical_w005
32059,62,minibatch_k64,text_pca256_lexical_w005
32060,15,minibatch_k64,text_pca256_lexical_w005
32061,15,minibatch_k64,text_pca256_lexical_w005
32062,42,minibatch_k64,text_pca256_lexical_w005
32063,0,minibatch_k64,text_pca256_lexical_w005
32064,59,minibatch_k64,text_pca256_lexical_w005
32065,62,minibatch_k64,text_pca256_lexical_w005
32066,2,minibatch_k64,text_pca256_lexical_w005
32067,5,minibatch_k64,text_pca256_lexical_w005
32068,62,minibatch_k64,text_pca256_lexical_w005
32069,23,minibatch_k64,text_pca256_lexical_w005
32070,14,minibatch_k64,text_pca256_lexical_w005
32071,0,minibatch_k64,text_pca256_lexical_w005
32072,62,minibatch_k64,text_pca256_lexical_w005
32073,23,minibatch_k64,text_pca256_lexical_w005
32074,59,minibatch_k64,text_pca256_lexical_w005
32075,59,minibatch_k64,text_pca256_lexical_w005
32076,5,minibatch_k64,text_pca256_lexical_w005
32077,0,minibatch_k64,text_pca256_lexical_w005
32078,8,minibatch_k64,text_pca256_lexical_w005
32079,52,minibatch_k64,text_pca256_lexical_w005
32080,62,minibatch_k64,text_pca256_lexical_w005
32081,2,minibatch_k64,text_pca256_lexical_w005
32082,62,minibatch_k64,text_pca256_lexical_w005
32083,21,minibatch_k64,text_pca256_lexical_w005
32084,0,minibatch_k64,text_pca256_lexical_w005
32085,10,minibatch_k64,text_pca256_lexical_w005
32086,38,minibatch_k64,text_pca256_lexical_w005
32087,45,minibatch_k64,text_pca256_lexical_w005
32088,45,minibatch_k64,text_pca256_lexical_w005
32089,58,minibatch_k64,text_pca256_lexical_w005
32090,45,minibatch_k64,text_pca256_lexical_w005
32091,55,minibatch_k64,text_pca256_lexical_w005
32092,5,minibatch_k64,text_pca256_lexical_w005
32093,22,minibatch_k64,text_pca256_lexical_w005
32094,4,minibatch_k64,text_pca256_lexical_w005
32095,4,minibatch_k64,text_pca256_lexical_w005
32096,62,minibatch_k64,text_pca256_lexical_w005
32097,62,minibatch_k64,text_pca256_lexical_w005
32098,52,minibatch_k64,text_pca256_lexical_w005
32099,5,minibatch_k64,text_pca256_lexical_w005
32100,62,minibatch_k64,text_pca256_lexical_w005
32101,0,minibatch_k64,text_pca256_lexical_w005
32102,0,minibatch_k64,text_pca256_lexical_w005
32103,59,minibatch_k64,text_pca256_lexical_w005
32104,25,minibatch_k64,text_pca256_lexical_w005
32105,62,minibatch_k64,text_pca256_lexical_w005
32106,33,minibatch_k64,text_pca256_lexical_w005
32107,62,minibatch_k64,text_pca256_lexical_w005
32108,62,minibatch_k64,text_pca256_lexical_w005
32109,0,minibatch_k64,text_pca256_lexical_w005
32110,59,minibatch_k64,text_pca256_lexical_w005
32111,59,minibatch_k64,text_pca256_lexical_w005
32112,29,minibatch_k64,text_pca256_lexical_w005
32113,62,minibatch_k64,text_pca256_lexical_w005
32114,56,minibatch_k64,text_pca256_lexical_w005
32115,62,minibatch_k64,text_pca256_lexical_w005
32116,62,minibatch_k64,text_pca256_lexical_w005
32117,0,minibatch_k64,text_pca256_lexical_w005
32118,8,minibatch_k64,text_pca256_lexical_w005
32119,62,minibatch_k64,text_pca256_lexical_w005
32120,62,minibatch_k64,text_pca256_lexical_w005
32121,8,minibatch_k64,text_pca256_lexical_w005
32122,59,minibatch_k64,text_pca256_lexical_w005
32123,62,minibatch_k64,text_pca256_lexical_w005
32124,8,minibatch_k64,text_pca256_lexical_w005
32125,59,minibatch_k64,text_pca256_lexical_w005
32126,8,minibatch_k64,text_pca256_lexical_w005
32127,62,minibatch_k64,text_pca256_lexical_w005
32128,0,minibatch_k64,text_pca256_lexical_w005
32129,29,minibatch_k64,text_pca256_lexical_w005
32130,62,minibatch_k64,text_pca256_lexical_w005
32131,29,minibatch_k64,text_pca256_lexical_w005
32132,0,minibatch_k64,text_pca256_lexical_w005
32133,23,minibatch_k64,text_pca256_lexical_w005
32134,29,minibatch_k64,text_pca256_lexical_w005
32135,29,minibatch_k64,text_pca256_lexical_w005
32136,59,minibatch_k64,text_pca256_lexical_w005
32137,14,minibatch_k64,text_pca256_lexical_w005
32138,15,minibatch_k64,text_pca256_lexical_w005
32139,0,minibatch_k64,text_pca256_lexical_w005
32140,62,minibatch_k64,text_pca256_lexical_w005
32141,0,minibatch_k64,text_pca256_lexical_w005
32142,62,minibatch_k64,text_pca256_lexical_w005
32143,5,minibatch_k64,text_pca256_lexical_w005
32144,52,minibatch_k64,text_pca256_lexical_w005
32145,5,minibatch_k64,text_pca256_lexical_w005
32146,38,minibatch_k64,text_pca256_lexical_w005
32147,23,minibatch_k64,text_pca256_lexical_w005
32148,58,minibatch_k64,text_pca256_lexical_w005
32149,55,minibatch_k64,text_pca256_lexical_w005
32150,42,minibatch_k64,text_pca256_lexical_w005
32151,0,minibatch_k64,text_pca256_lexical_w005
32152,62,minibatch_k64,text_pca256_lexical_w005
32153,5,minibatch_k64,text_pca256_lexical_w005
32154,4,minibatch_k64,text_pca256_lexical_w005
32155,52,minibatch_k64,text_pca256_lexical_w005
32156,8,minibatch_k64,text_pca256_lexical_w005
32157,59,minibatch_k64,text_pca256_lexical_w005
32158,0,minibatch_k64,text_pca256_lexical_w005
32159,23,minibatch_k64,text_pca256_lexical_w005
32160,25,minibatch_k64,text_pca256_lexical_w005
32161,8,minibatch_k64,text_pca256_lexical_w005
32162,8,minibatch_k64,text_pca256_lexical_w005
32163,10,minibatch_k64,text_pca256_lexical_w005
32164,8,minibatch_k64,text_pca256_lexical_w005
32165,10,minibatch_k64,text_pca256_lexical_w005
32166,59,minibatch_k64,text_pca256_lexical_w005
32167,0,minibatch_k64,text_pca256_lexical_w005
32168,0,minibatch_k64,text_pca256_lexical_w005
32169,39,minibatch_k64,text_pca256_lexical_w005
32170,8,minibatch_k64,text_pca256_lexical_w005
32171,0,minibatch_k64,text_pca256_lexical_w005
32172,23,minibatch_k64,text_pca256_lexical_w005
32173,62,minibatch_k64,text_pca256_lexical_w005
32174,5,minibatch_k64,text_pca256_lexical_w005
32175,0,minibatch_k64,text_pca256_lexical_w005
32176,10,minibatch_k64,text_pca256_lexical_w005
32177,14,minibatch_k64,text_pca256_lexical_w005
32178,62,minibatch_k64,text_pca256_lexical_w005
32179,0,minibatch_k64,text_pca256_lexical_w005
32180,59,minibatch_k64,text_pca256_lexical_w005
32181,5,minibatch_k64,text_pca256_lexical_w005
32182,0,minibatch_k64,text_pca256_lexical_w005
32183,0,minibatch_k64,text_pca256_lexical_w005
32184,23,minibatch_k64,text_pca256_lexical_w005
32185,62,minibatch_k64,text_pca256_lexical_w005
32186,62,minibatch_k64,text_pca256_lexical_w005
32187,62,minibatch_k64,text_pca256_lexical_w005
32188,38,minibatch_k64,text_pca256_lexical_w005
32189,38,minibatch_k64,text_pca256_lexical_w005
32190,58,minibatch_k64,text_pca256_lexical_w005
32191,23,minibatch_k64,text_pca256_lexical_w005
32192,55,minibatch_k64,text_pca256_lexical_w005
32193,13,minibatch_k64,text_pca256_lexical_w005
32194,23,minibatch_k64,text_pca256_lexical_w005
32195,56,minibatch_k64,text_pca256_lexical_w005
32196,10,minibatch_k64,text_pca256_lexical_w005
32197,10,minibatch_k64,text_pca256_lexical_w005
32198,4,minibatch_k64,text_pca256_lexical_w005
32199,8,minibatch_k64,text_pca256_lexical_w005
32200,21,minibatch_k64,text_pca256_lexical_w005
32201,50,minibatch_k64,text_pca256_lexical_w005
32202,0,minibatch_k64,text_pca256_lexical_w005
32203,59,minibatch_k64,text_pca256_lexical_w005
32204,23,minibatch_k64,text_pca256_lexical_w005
32205,23,minibatch_k64,text_pca256_lexical_w005
32206,62,minibatch_k64,text_pca256_lexical_w005
32207,4,minibatch_k64,text_pca256_lexical_w005
32208,25,minibatch_k64,text_pca256_lexical_w005
32209,21,minibatch_k64,text_pca256_lexical_w005
32210,62,minibatch_k64,text_pca256_lexical_w005
32211,0,minibatch_k64,text_pca256_lexical_w005
32212,59,minibatch_k64,text_pca256_lexical_w005
32213,62,minibatch_k64,text_pca256_lexical_w005
32214,33,minibatch_k64,text_pca256_lexical_w005
32215,38,minibatch_k64,text_pca256_lexical_w005
32216,58,minibatch_k64,text_pca256_lexical_w005
32217,45,minibatch_k64,text_pca256_lexical_w005
32218,55,minibatch_k64,text_pca256_lexical_w005
32219,14,minibatch_k64,text_pca256_lexical_w005
32220,23,minibatch_k64,text_pca256_lexical_w005
32221,22,minibatch_k64,text_pca256_lexical_w005
32222,4,minibatch_k64,text_pca256_lexical_w005
32223,0,minibatch_k64,text_pca256_lexical_w005
32224,21,minibatch_k64,text_pca256_lexical_w005
32225,62,minibatch_k64,text_pca256_lexical_w005
32226,39,minibatch_k64,text_pca256_lexical_w005
32227,42,minibatch_k64,text_pca256_lexical_w005
32228,59,minibatch_k64,text_pca256_lexical_w005
32229,2,minibatch_k64,text_pca256_lexical_w005
32230,8,minibatch_k64,text_pca256_lexical_w005
32231,62,minibatch_k64,text_pca256_lexical_w005
32232,8,minibatch_k64,text_pca256_lexical_w005
32233,21,minibatch_k64,text_pca256_lexical_w005
32234,23,minibatch_k64,text_pca256_lexical_w005
32235,39,minibatch_k64,text_pca256_lexical_w005
32236,10,minibatch_k64,text_pca256_lexical_w005
32237,23,minibatch_k64,text_pca256_lexical_w005
32238,8,minibatch_k64,text_pca256_lexical_w005
32239,0,minibatch_k64,text_pca256_lexical_w005
32240,8,minibatch_k64,text_pca256_lexical_w005
32241,25,minibatch_k64,text_pca256_lexical_w005
32242,15,minibatch_k64,text_pca256_lexical_w005
32243,33,minibatch_k64,text_pca256_lexical_w005
32244,21,minibatch_k64,text_pca256_lexical_w005
32245,14,minibatch_k64,text_pca256_lexical_w005
32246,21,minibatch_k64,text_pca256_lexical_w005
32247,0,minibatch_k64,text_pca256_lexical_w005
32248,0,minibatch_k64,text_pca256_lexical_w005
32249,8,minibatch_k64,text_pca256_lexical_w005
32250,4,minibatch_k64,text_pca256_lexical_w005
32251,59,minibatch_k64,text_pca256_lexical_w005
32252,23,minibatch_k64,text_pca256_lexical_w005
32253,45,minibatch_k64,text_pca256_lexical_w005
32254,38,minibatch_k64,text_pca256_lexical_w005
32255,45,minibatch_k64,text_pca256_lexical_w005
32256,33,minibatch_k64,text_pca256_lexical_w005
32257,45,minibatch_k64,text_pca256_lexical_w005
32258,45,minibatch_k64,text_pca256_lexical_w005
32259,55,minibatch_k64,text_pca256_lexical_w005
32260,13,minibatch_k64,text_pca256_lexical_w005
32261,62,minibatch_k64,text_pca256_lexical_w005
32262,23,minibatch_k64,text_pca256_lexical_w005
32263,4,minibatch_k64,text_pca256_lexical_w005
32264,62,minibatch_k64,text_pca256_lexical_w005
32265,4,minibatch_k64,text_pca256_lexical_w005
32266,45,minibatch_k64,text_pca256_lexical_w005
32267,45,minibatch_k64,text_pca256_lexical_w005
32268,62,minibatch_k64,text_pca256_lexical_w005
32269,25,minibatch_k64,text_pca256_lexical_w005
32270,59,minibatch_k64,text_pca256_lexical_w005
32271,39,minibatch_k64,text_pca256_lexical_w005
32272,2,minibatch_k64,text_pca256_lexical_w005
32273,42,minibatch_k64,text_pca256_lexical_w005
32274,0,minibatch_k64,text_pca256_lexical_w005
32275,42,minibatch_k64,text_pca256_lexical_w005
32276,0,minibatch_k64,text_pca256_lexical_w005
32277,2,minibatch_k64,text_pca256_lexical_w005
32278,2,minibatch_k64,text_pca256_lexical_w005
32279,14,minibatch_k64,text_pca256_lexical_w005
32280,0,minibatch_k64,text_pca256_lexical_w005
32281,0,minibatch_k64,text_pca256_lexical_w005
32282,62,minibatch_k64,text_pca256_lexical_w005
32283,38,minibatch_k64,text_pca256_lexical_w005
32284,23,minibatch_k64,text_pca256_lexical_w005
32285,23,minibatch_k64,text_pca256_lexical_w005
32286,55,minibatch_k64,text_pca256_lexical_w005
32287,13,minibatch_k64,text_pca256_lexical_w005
32288,8,minibatch_k64,text_pca256_lexical_w005
32289,59,minibatch_k64,text_pca256_lexical_w005
32290,62,minibatch_k64,text_pca256_lexical_w005
32291,45,minibatch_k64,text_pca256_lexical_w005
32292,4,minibatch_k64,text_pca256_lexical_w005
32293,4,minibatch_k64,text_pca256_lexical_w005
32294,4,minibatch_k64,text_pca256_lexical_w005
32295,4,minibatch_k64,text_pca256_lexical_w005
32296,33,minibatch_k64,text_pca256_lexical_w005
32297,42,minibatch_k64,text_pca256_lexical_w005
32298,25,minibatch_k64,text_pca256_lexical_w005
32299,2,minibatch_k64,text_pca256_lexical_w005
32300,53,minibatch_k64,text_pca256_lexical_w005
32301,0,minibatch_k64,text_pca256_lexical_w005
32302,33,minibatch_k64,text_pca256_lexical_w005
32303,2,minibatch_k64,text_pca256_lexical_w005
32304,15,minibatch_k64,text_pca256_lexical_w005
32305,59,minibatch_k64,text_pca256_lexical_w005
32306,0,minibatch_k64,text_pca256_lexical_w005
32307,42,minibatch_k64,text_pca256_lexical_w005
32308,8,minibatch_k64,text_pca256_lexical_w005
32309,10,minibatch_k64,text_pca256_lexical_w005
32310,62,minibatch_k64,text_pca256_lexical_w005
32311,59,minibatch_k64,text_pca256_lexical_w005
32312,45,minibatch_k64,text_pca256_lexical_w005
32313,58,minibatch_k64,text_pca256_lexical_w005
32314,33,minibatch_k64,text_pca256_lexical_w005
32315,38,minibatch_k64,text_pca256_lexical_w005
32316,45,minibatch_k64,text_pca256_lexical_w005
32317,23,minibatch_k64,text_pca256_lexical_w005
32318,55,minibatch_k64,text_pca256_lexical_w005
32319,13,minibatch_k64,text_pca256_lexical_w005
32320,21,minibatch_k64,text_pca256_lexical_w005
32321,15,minibatch_k64,text_pca256_lexical_w005
32322,62,minibatch_k64,text_pca256_lexical_w005
32323,45,minibatch_k64,text_pca256_lexical_w005
32324,8,minibatch_k64,text_pca256_lexical_w005
32325,8,minibatch_k64,text_pca256_lexical_w005
32326,0,minibatch_k64,text_pca256_lexical_w005
32327,42,minibatch_k64,text_pca256_lexical_w005
32328,45,minibatch_k64,text_pca256_lexical_w005
32329,5,minibatch_k64,text_pca256_lexical_w005
32330,29,minibatch_k64,text_pca256_lexical_w005
32331,50,minibatch_k64,text_pca256_lexical_w005
32332,33,minibatch_k64,text_pca256_lexical_w005
32333,21,minibatch_k64,text_pca256_lexical_w005
32334,8,minibatch_k64,text_pca256_lexical_w005
32335,15,minibatch_k64,text_pca256_lexical_w005
32336,8,minibatch_k64,text_pca256_lexical_w005
32337,25,minibatch_k64,text_pca256_lexical_w005
32338,8,minibatch_k64,text_pca256_lexical_w005
32339,59,minibatch_k64,text_pca256_lexical_w005
32340,33,minibatch_k64,text_pca256_lexical_w005
32341,0,minibatch_k64,text_pca256_lexical_w005
32342,0,minibatch_k64,text_pca256_lexical_w005
32343,62,minibatch_k64,text_pca256_lexical_w005
32344,42,minibatch_k64,text_pca256_lexical_w005
32345,62,minibatch_k64,text_pca256_lexical_w005
32346,8,minibatch_k64,text_pca256_lexical_w005
32347,15,minibatch_k64,text_pca256_lexical_w005
32348,58,minibatch_k64,text_pca256_lexical_w005
32349,0,minibatch_k64,text_pca256_lexical_w005
32350,38,minibatch_k64,text_pca256_lexical_w005
32351,50,minibatch_k64,text_pca256_lexical_w005
32352,45,minibatch_k64,text_pca256_lexical_w005
32353,0,minibatch_k64,text_pca256_lexical_w005
32354,45,minibatch_k64,text_pca256_lexical_w005
32355,55,minibatch_k64,text_pca256_lexical_w005
32356,13,minibatch_k64,text_pca256_lexical_w005
32357,62,minibatch_k64,text_pca256_lexical_w005
32358,15,minibatch_k64,text_pca256_lexical_w005
32359,50,minibatch_k64,text_pca256_lexical_w005
32360,5,minibatch_k64,text_pca256_lexical_w005
32361,5,minibatch_k64,text_pca256_lexical_w005
32362,23,minibatch_k64,text_pca256_lexical_w005
32363,8,minibatch_k64,text_pca256_lexical_w005
32364,0,minibatch_k64,text_pca256_lexical_w005
32365,8,minibatch_k64,text_pca256_lexical_w005
32366,8,minibatch_k64,text_pca256_lexical_w005
32367,8,minibatch_k64,text_pca256_lexical_w005
32368,8,minibatch_k64,text_pca256_lexical_w005
32369,18,minibatch_k64,text_pca256_lexical_w005
32370,0,minibatch_k64,text_pca256_lexical_w005
32371,62,minibatch_k64,text_pca256_lexical_w005
32372,12,minibatch_k64,text_pca256_lexical_w005
32373,5,minibatch_k64,text_pca256_lexical_w005
32374,10,minibatch_k64,text_pca256_lexical_w005
32375,15,minibatch_k64,text_pca256_lexical_w005
32376,21,minibatch_k64,text_pca256_lexical_w005
32377,62,minibatch_k64,text_pca256_lexical_w005
32378,15,minibatch_k64,text_pca256_lexical_w005
32379,0,minibatch_k64,text_pca256_lexical_w005
32380,8,minibatch_k64,text_pca256_lexical_w005
32381,0,minibatch_k64,text_pca256_lexical_w005
32382,0,minibatch_k64,text_pca256_lexical_w005
32383,8,minibatch_k64,text_pca256_lexical_w005
32384,8,minibatch_k64,text_pca256_lexical_w005
32385,25,minibatch_k64,text_pca256_lexical_w005
32386,8,minibatch_k64,text_pca256_lexical_w005
32387,62,minibatch_k64,text_pca256_lexical_w005
32388,8,minibatch_k64,text_pca256_lexical_w005
32389,8,minibatch_k64,text_pca256_lexical_w005
32390,21,minibatch_k64,text_pca256_lexical_w005
32391,53,minibatch_k64,text_pca256_lexical_w005
32392,23,minibatch_k64,text_pca256_lexical_w005
32393,8,minibatch_k64,text_pca256_lexical_w005
32394,5,minibatch_k64,text_pca256_lexical_w005
32395,53,minibatch_k64,text_pca256_lexical_w005
32396,45,minibatch_k64,text_pca256_lexical_w005
32397,45,minibatch_k64,text_pca256_lexical_w005
32398,45,minibatch_k64,text_pca256_lexical_w005
32399,45,minibatch_k64,text_pca256_lexical_w005
32400,62,minibatch_k64,text_pca256_lexical_w005
32401,15,minibatch_k64,text_pca256_lexical_w005
32402,45,minibatch_k64,text_pca256_lexical_w005
32403,62,minibatch_k64,text_pca256_lexical_w005
32404,4,minibatch_k64,text_pca256_lexical_w005
32405,45,minibatch_k64,text_pca256_lexical_w005
32406,8,minibatch_k64,text_pca256_lexical_w005
32407,0,minibatch_k64,text_pca256_lexical_w005
32408,10,minibatch_k64,text_pca256_lexical_w005
32409,15,minibatch_k64,text_pca256_lexical_w005
32410,10,minibatch_k64,text_pca256_lexical_w005
32411,15,minibatch_k64,text_pca256_lexical_w005
32412,4,minibatch_k64,text_pca256_lexical_w005
32413,23,minibatch_k64,text_pca256_lexical_w005
32414,4,minibatch_k64,text_pca256_lexical_w005
32415,45,minibatch_k64,text_pca256_lexical_w005
32416,4,minibatch_k64,text_pca256_lexical_w005
32417,4,minibatch_k64,text_pca256_lexical_w005
32418,4,minibatch_k64,text_pca256_lexical_w005
32419,4,minibatch_k64,text_pca256_lexical_w005
32420,5,minibatch_k64,text_pca256_lexical_w005
32421,5,minibatch_k64,text_pca256_lexical_w005
32422,0,minibatch_k64,text_pca256_lexical_w005
32423,62,minibatch_k64,text_pca256_lexical_w005
32424,4,minibatch_k64,text_pca256_lexical_w005
32425,5,minibatch_k64,text_pca256_lexical_w005
32426,8,minibatch_k64,text_pca256_lexical_w005
32427,11,minibatch_k64,text_pca256_lexical_w005
32428,50,minibatch_k64,text_pca256_lexical_w005
32429,8,minibatch_k64,text_pca256_lexical_w005
32430,57,minibatch_k64,text_pca256_lexical_w005
32431,0,minibatch_k64,text_pca256_lexical_w005
32432,42,minibatch_k64,text_pca256_lexical_w005
32433,11,minibatch_k64,text_pca256_lexical_w005
32434,57,minibatch_k64,text_pca256_lexical_w005
32435,48,minibatch_k64,text_pca256_lexical_w005
32436,38,minibatch_k64,text_pca256_lexical_w005
32437,0,minibatch_k64,text_pca256_lexical_w005
32438,58,minibatch_k64,text_pca256_lexical_w005
32439,45,minibatch_k64,text_pca256_lexical_w005
32440,23,minibatch_k64,text_pca256_lexical_w005
32441,55,minibatch_k64,text_pca256_lexical_w005
32442,22,minibatch_k64,text_pca256_lexical_w005
32443,50,minibatch_k64,text_pca256_lexical_w005
32444,10,minibatch_k64,text_pca256_lexical_w005
32445,46,minibatch_k64,text_pca256_lexical_w005
32446,5,minibatch_k64,text_pca256_lexical_w005
32447,8,minibatch_k64,text_pca256_lexical_w005
32448,8,minibatch_k64,text_pca256_lexical_w005
32449,56,minibatch_k64,text_pca256_lexical_w005
32450,21,minibatch_k64,text_pca256_lexical_w005
32451,25,minibatch_k64,text_pca256_lexical_w005
32452,62,minibatch_k64,text_pca256_lexical_w005
32453,10,minibatch_k64,text_pca256_lexical_w005
32454,8,minibatch_k64,text_pca256_lexical_w005
32455,33,minibatch_k64,text_pca256_lexical_w005
32456,59,minibatch_k64,text_pca256_lexical_w005
32457,0,minibatch_k64,text_pca256_lexical_w005
32458,38,minibatch_k64,text_pca256_lexical_w005
32459,0,minibatch_k64,text_pca256_lexical_w005
32460,58,minibatch_k64,text_pca256_lexical_w005
32461,55,minibatch_k64,text_pca256_lexical_w005
32462,22,minibatch_k64,text_pca256_lexical_w005
32463,25,minibatch_k64,text_pca256_lexical_w005
32464,8,minibatch_k64,text_pca256_lexical_w005
32465,59,minibatch_k64,text_pca256_lexical_w005
32466,0,minibatch_k64,text_pca256_lexical_w005
32467,53,minibatch_k64,text_pca256_lexical_w005
32468,33,minibatch_k64,text_pca256_lexical_w005
32469,2,minibatch_k64,text_pca256_lexical_w005
32470,59,minibatch_k64,text_pca256_lexical_w005
32471,8,minibatch_k64,text_pca256_lexical_w005
32472,33,minibatch_k64,text_pca256_lexical_w005
32473,8,minibatch_k64,text_pca256_lexical_w005
32474,33,minibatch_k64,text_pca256_lexical_w005
32475,33,minibatch_k64,text_pca256_lexical_w005
32476,38,minibatch_k64,text_pca256_lexical_w005
32477,10,minibatch_k64,text_pca256_lexical_w005
32478,55,minibatch_k64,text_pca256_lexical_w005
32479,22,minibatch_k64,text_pca256_lexical_w005
32480,39,minibatch_k64,text_pca256_lexical_w005
32481,8,minibatch_k64,text_pca256_lexical_w005
32482,2,minibatch_k64,text_pca256_lexical_w005
32483,25,minibatch_k64,text_pca256_lexical_w005
32484,59,minibatch_k64,text_pca256_lexical_w005
32485,10,minibatch_k64,text_pca256_lexical_w005
32486,23,minibatch_k64,text_pca256_lexical_w005
32487,62,minibatch_k64,text_pca256_lexical_w005
32488,62,minibatch_k64,text_pca256_lexical_w005
32489,62,minibatch_k64,text_pca256_lexical_w005
32490,23,minibatch_k64,text_pca256_lexical_w005
32491,59,minibatch_k64,text_pca256_lexical_w005
32492,10,minibatch_k64,text_pca256_lexical_w005
32493,55,minibatch_k64,text_pca256_lexical_w005
32494,22,minibatch_k64,text_pca256_lexical_w005
32495,8,minibatch_k64,text_pca256_lexical_w005
32496,59,minibatch_k64,text_pca256_lexical_w005
32497,25,minibatch_k64,text_pca256_lexical_w005
32498,23,minibatch_k64,text_pca256_lexical_w005
32499,15,minibatch_k64,text_pca256_lexical_w005
32500,23,minibatch_k64,text_pca256_lexical_w005
32501,62,minibatch_k64,text_pca256_lexical_w005
32502,33,minibatch_k64,text_pca256_lexical_w005
32503,39,minibatch_k64,text_pca256_lexical_w005
32504,59,minibatch_k64,text_pca256_lexical_w005
32505,0,minibatch_k64,text_pca256_lexical_w005
32506,38,minibatch_k64,text_pca256_lexical_w005
32507,55,minibatch_k64,text_pca256_lexical_w005
32508,22,minibatch_k64,text_pca256_lexical_w005
32509,0,minibatch_k64,text_pca256_lexical_w005
32510,0,minibatch_k64,text_pca256_lexical_w005
32511,15,minibatch_k64,text_pca256_lexical_w005
32512,0,minibatch_k64,text_pca256_lexical_w005
32513,62,minibatch_k64,text_pca256_lexical_w005
32514,59,minibatch_k64,text_pca256_lexical_w005
32515,62,minibatch_k64,text_pca256_lexical_w005
32516,0,minibatch_k64,text_pca256_lexical_w005
32517,59,minibatch_k64,text_pca256_lexical_w005
32518,15,minibatch_k64,text_pca256_lexical_w005
32519,0,minibatch_k64,text_pca256_lexical_w005
32520,33,minibatch_k64,text_pca256_lexical_w005
32521,8,minibatch_k64,text_pca256_lexical_w005
32522,8,minibatch_k64,text_pca256_lexical_w005
32523,8,minibatch_k64,text_pca256_lexical_w005
32524,25,minibatch_k64,text_pca256_lexical_w005
32525,0,minibatch_k64,text_pca256_lexical_w005
32526,0,minibatch_k64,text_pca256_lexical_w005
32527,0,minibatch_k64,text_pca256_lexical_w005
32528,59,minibatch_k64,text_pca256_lexical_w005
32529,59,minibatch_k64,text_pca256_lexical_w005
32530,0,minibatch_k64,text_pca256_lexical_w005
32531,53,minibatch_k64,text_pca256_lexical_w005
32532,25,minibatch_k64,text_pca256_lexical_w005
32533,8,minibatch_k64,text_pca256_lexical_w005
32534,56,minibatch_k64,text_pca256_lexical_w005
32535,2,minibatch_k64,text_pca256_lexical_w005
32536,8,minibatch_k64,text_pca256_lexical_w005
32537,10,minibatch_k64,text_pca256_lexical_w005
32538,0,minibatch_k64,text_pca256_lexical_w005
32539,38,minibatch_k64,text_pca256_lexical_w005
32540,45,minibatch_k64,text_pca256_lexical_w005
32541,0,minibatch_k64,text_pca256_lexical_w005
32542,55,minibatch_k64,text_pca256_lexical_w005
32543,4,minibatch_k64,text_pca256_lexical_w005
32544,59,minibatch_k64,text_pca256_lexical_w005
32545,62,minibatch_k64,text_pca256_lexical_w005
32546,59,minibatch_k64,text_pca256_lexical_w005
32547,15,minibatch_k64,text_pca256_lexical_w005
32548,25,minibatch_k64,text_pca256_lexical_w005
32549,21,minibatch_k64,text_pca256_lexical_w005
32550,15,minibatch_k64,text_pca256_lexical_w005
32551,59,minibatch_k64,text_pca256_lexical_w005
32552,42,minibatch_k64,text_pca256_lexical_w005
32553,59,minibatch_k64,text_pca256_lexical_w005
32554,59,minibatch_k64,text_pca256_lexical_w005
32555,8,minibatch_k64,text_pca256_lexical_w005
32556,62,minibatch_k64,text_pca256_lexical_w005
32557,62,minibatch_k64,text_pca256_lexical_w005
32558,0,minibatch_k64,text_pca256_lexical_w005
32559,15,minibatch_k64,text_pca256_lexical_w005
32560,8,minibatch_k64,text_pca256_lexical_w005
32561,10,minibatch_k64,text_pca256_lexical_w005
32562,8,minibatch_k64,text_pca256_lexical_w005
32563,42,minibatch_k64,text_pca256_lexical_w005
32564,45,minibatch_k64,text_pca256_lexical_w005
32565,38,minibatch_k64,text_pca256_lexical_w005
32566,45,minibatch_k64,text_pca256_lexical_w005
32567,10,minibatch_k64,text_pca256_lexical_w005
32568,22,minibatch_k64,text_pca256_lexical_w005
32569,23,minibatch_k64,text_pca256_lexical_w005
32570,42,minibatch_k64,text_pca256_lexical_w005
32571,25,minibatch_k64,text_pca256_lexical_w005
32572,61,minibatch_k64,text_pca256_lexical_w005
32573,21,minibatch_k64,text_pca256_lexical_w005
32574,8,minibatch_k64,text_pca256_lexical_w005
32575,8,minibatch_k64,text_pca256_lexical_w005
32576,62,minibatch_k64,text_pca256_lexical_w005
32577,59,minibatch_k64,text_pca256_lexical_w005
32578,59,minibatch_k64,text_pca256_lexical_w005
32579,59,minibatch_k64,text_pca256_lexical_w005
32580,33,minibatch_k64,text_pca256_lexical_w005
32581,59,minibatch_k64,text_pca256_lexical_w005
32582,21,minibatch_k64,text_pca256_lexical_w005
32583,21,minibatch_k64,text_pca256_lexical_w005
32584,0,minibatch_k64,text_pca256_lexical_w005
32585,48,minibatch_k64,text_pca256_lexical_w005
32586,38,minibatch_k64,text_pca256_lexical_w005
32587,45,minibatch_k64,text_pca256_lexical_w005
32588,45,minibatch_k64,text_pca256_lexical_w005
32589,55,minibatch_k64,text_pca256_lexical_w005
32590,10,minibatch_k64,text_pca256_lexical_w005
32591,30,minibatch_k64,text_pca256_lexical_w005
32592,10,minibatch_k64,text_pca256_lexical_w005
32593,0,minibatch_k64,text_pca256_lexical_w005
32594,42,minibatch_k64,text_pca256_lexical_w005
32595,23,minibatch_k64,text_pca256_lexical_w005
32596,8,minibatch_k64,text_pca256_lexical_w005
32597,59,minibatch_k64,text_pca256_lexical_w005
32598,48,minibatch_k64,text_pca256_lexical_w005
32599,48,minibatch_k64,text_pca256_lexical_w005
32600,59,minibatch_k64,text_pca256_lexical_w005
32601,59,minibatch_k64,text_pca256_lexical_w005
32602,8,minibatch_k64,text_pca256_lexical_w005
32603,62,minibatch_k64,text_pca256_lexical_w005
32604,17,minibatch_k64,text_pca256_lexical_w005
32605,48,minibatch_k64,text_pca256_lexical_w005
32606,45,minibatch_k64,text_pca256_lexical_w005
32607,45,minibatch_k64,text_pca256_lexical_w005
32608,8,minibatch_k64,text_pca256_lexical_w005
32609,2,minibatch_k64,text_pca256_lexical_w005
32610,48,minibatch_k64,text_pca256_lexical_w005
32611,48,minibatch_k64,text_pca256_lexical_w005
32612,48,minibatch_k64,text_pca256_lexical_w005
32613,59,minibatch_k64,text_pca256_lexical_w005
32614,59,minibatch_k64,text_pca256_lexical_w005
32615,10,minibatch_k64,text_pca256_lexical_w005
32616,45,minibatch_k64,text_pca256_lexical_w005
32617,59,minibatch_k64,text_pca256_lexical_w005
32618,21,minibatch_k64,text_pca256_lexical_w005
32619,2,minibatch_k64,text_pca256_lexical_w005
32620,59,minibatch_k64,text_pca256_lexical_w005
32621,59,minibatch_k64,text_pca256_lexical_w005
32622,59,minibatch_k64,text_pca256_lexical_w005
32623,48,minibatch_k64,text_pca256_lexical_w005
32624,45,minibatch_k64,text_pca256_lexical_w005
32625,23,minibatch_k64,text_pca256_lexical_w005
32626,45,minibatch_k64,text_pca256_lexical_w005
32627,59,minibatch_k64,text_pca256_lexical_w005
32628,45,minibatch_k64,text_pca256_lexical_w005
32629,45,minibatch_k64,text_pca256_lexical_w005
32630,45,minibatch_k64,text_pca256_lexical_w005
32631,53,minibatch_k64,text_pca256_lexical_w005
32632,59,minibatch_k64,text_pca256_lexical_w005
32633,45,minibatch_k64,text_pca256_lexical_w005
32634,10,minibatch_k64,text_pca256_lexical_w005
32635,62,minibatch_k64,text_pca256_lexical_w005
32636,59,minibatch_k64,text_pca256_lexical_w005
32637,0,minibatch_k64,text_pca256_lexical_w005
32638,10,minibatch_k64,text_pca256_lexical_w005
32639,59,minibatch_k64,text_pca256_lexical_w005
32640,59,minibatch_k64,text_pca256_lexical_w005
32641,0,minibatch_k64,text_pca256_lexical_w005
32642,59,minibatch_k64,text_pca256_lexical_w005
32643,59,minibatch_k64,text_pca256_lexical_w005
32644,10,minibatch_k64,text_pca256_lexical_w005
32645,59,minibatch_k64,text_pca256_lexical_w005
32646,0,minibatch_k64,text_pca256_lexical_w005
32647,48,minibatch_k64,text_pca256_lexical_w005
32648,45,minibatch_k64,text_pca256_lexical_w005
32649,15,minibatch_k64,text_pca256_lexical_w005
32650,59,minibatch_k64,text_pca256_lexical_w005
32651,59,minibatch_k64,text_pca256_lexical_w005
32652,59,minibatch_k64,text_pca256_lexical_w005
32653,59,minibatch_k64,text_pca256_lexical_w005
32654,45,minibatch_k64,text_pca256_lexical_w005
32655,59,minibatch_k64,text_pca256_lexical_w005
32656,45,minibatch_k64,text_pca256_lexical_w005
32657,59,minibatch_k64,text_pca256_lexical_w005
32658,45,minibatch_k64,text_pca256_lexical_w005
32659,59,minibatch_k64,text_pca256_lexical_w005
32660,59,minibatch_k64,text_pca256_lexical_w005
32661,59,minibatch_k64,text_pca256_lexical_w005
32662,53,minibatch_k64,text_pca256_lexical_w005
32663,59,minibatch_k64,text_pca256_lexical_w005
32664,45,minibatch_k64,text_pca256_lexical_w005
32665,45,minibatch_k64,text_pca256_lexical_w005
32666,62,minibatch_k64,text_pca256_lexical_w005
32667,10,minibatch_k64,text_pca256_lexical_w005
32668,10,minibatch_k64,text_pca256_lexical_w005
32669,8,minibatch_k64,text_pca256_lexical_w005
32670,8,minibatch_k64,text_pca256_lexical_w005
32671,15,minibatch_k64,text_pca256_lexical_w005
32672,8,minibatch_k64,text_pca256_lexical_w005
32673,62,minibatch_k64,text_pca256_lexical_w005
32674,62,minibatch_k64,text_pca256_lexical_w005
32675,8,minibatch_k64,text_pca256_lexical_w005
32676,10,minibatch_k64,text_pca256_lexical_w005
32677,23,minibatch_k64,text_pca256_lexical_w005
32678,8,minibatch_k64,text_pca256_lexical_w005
32679,8,minibatch_k64,text_pca256_lexical_w005
32680,8,minibatch_k64,text_pca256_lexical_w005
32681,10,minibatch_k64,text_pca256_lexical_w005
32682,48,minibatch_k64,text_pca256_lexical_w005
32683,10,minibatch_k64,text_pca256_lexical_w005
32684,59,minibatch_k64,text_pca256_lexical_w005
32685,10,minibatch_k64,text_pca256_lexical_w005
32686,39,minibatch_k64,text_pca256_lexical_w005
32687,45,minibatch_k64,text_pca256_lexical_w005
32688,45,minibatch_k64,text_pca256_lexical_w005
32689,10,minibatch_k64,text_pca256_lexical_w005
32690,45,minibatch_k64,text_pca256_lexical_w005
32691,10,minibatch_k64,text_pca256_lexical_w005
32692,45,minibatch_k64,text_pca256_lexical_w005
32693,23,minibatch_k64,text_pca256_lexical_w005
32694,4,minibatch_k64,text_pca256_lexical_w005
32695,8,minibatch_k64,text_pca256_lexical_w005
32696,8,minibatch_k64,text_pca256_lexical_w005
32697,10,minibatch_k64,text_pca256_lexical_w005
32698,62,minibatch_k64,text_pca256_lexical_w005
32699,10,minibatch_k64,text_pca256_lexical_w005
32700,10,minibatch_k64,text_pca256_lexical_w005
32701,59,minibatch_k64,text_pca256_lexical_w005
32702,62,minibatch_k64,text_pca256_lexical_w005
32703,59,minibatch_k64,text_pca256_lexical_w005
32704,45,minibatch_k64,text_pca256_lexical_w005
32705,23,minibatch_k64,text_pca256_lexical_w005
32706,62,minibatch_k64,text_pca256_lexical_w005
32707,10,minibatch_k64,text_pca256_lexical_w005
32708,8,minibatch_k64,text_pca256_lexical_w005
32709,59,minibatch_k64,text_pca256_lexical_w005
32710,10,minibatch_k64,text_pca256_lexical_w005
32711,23,minibatch_k64,text_pca256_lexical_w005
32712,10,minibatch_k64,text_pca256_lexical_w005
32713,59,minibatch_k64,text_pca256_lexical_w005
32714,2,minibatch_k64,text_pca256_lexical_w005
32715,45,minibatch_k64,text_pca256_lexical_w005
32716,45,minibatch_k64,text_pca256_lexical_w005
32717,10,minibatch_k64,text_pca256_lexical_w005
32718,59,minibatch_k64,text_pca256_lexical_w005
32719,59,minibatch_k64,text_pca256_lexical_w005
32720,21,minibatch_k64,text_pca256_lexical_w005
32721,8,minibatch_k64,text_pca256_lexical_w005
32722,2,minibatch_k64,text_pca256_lexical_w005
32723,0,minibatch_k64,text_pca256_lexical_w005
32724,0,minibatch_k64,text_pca256_lexical_w005
32725,59,minibatch_k64,text_pca256_lexical_w005
32726,59,minibatch_k64,text_pca256_lexical_w005
32727,10,minibatch_k64,text_pca256_lexical_w005
32728,45,minibatch_k64,text_pca256_lexical_w005
32729,45,minibatch_k64,text_pca256_lexical_w005
32730,59,minibatch_k64,text_pca256_lexical_w005
32731,59,minibatch_k64,text_pca256_lexical_w005
32732,0,minibatch_k64,text_pca256_lexical_w005
32733,59,minibatch_k64,text_pca256_lexical_w005
32734,8,minibatch_k64,text_pca256_lexical_w005
32735,59,minibatch_k64,text_pca256_lexical_w005
32736,0,minibatch_k64,text_pca256_lexical_w005
32737,0,minibatch_k64,text_pca256_lexical_w005
32738,0,minibatch_k64,text_pca256_lexical_w005
32739,59,minibatch_k64,text_pca256_lexical_w005
32740,10,minibatch_k64,text_pca256_lexical_w005
32741,21,minibatch_k64,text_pca256_lexical_w005
32742,59,minibatch_k64,text_pca256_lexical_w005
32743,59,minibatch_k64,text_pca256_lexical_w005
32744,42,minibatch_k64,text_pca256_lexical_w005
32745,8,minibatch_k64,text_pca256_lexical_w005
32746,8,minibatch_k64,text_pca256_lexical_w005
32747,42,minibatch_k64,text_pca256_lexical_w005
32748,10,minibatch_k64,text_pca256_lexical_w005
32749,10,minibatch_k64,text_pca256_lexical_w005
32750,59,minibatch_k64,text_pca256_lexical_w005
32751,10,minibatch_k64,text_pca256_lexical_w005
32752,21,minibatch_k64,text_pca256_lexical_w005
32753,8,minibatch_k64,text_pca256_lexical_w005
32754,10,minibatch_k64,text_pca256_lexical_w005
32755,15,minibatch_k64,text_pca256_lexical_w005
32756,59,minibatch_k64,text_pca256_lexical_w005
32757,10,minibatch_k64,text_pca256_lexical_w005
32758,0,minibatch_k64,text_pca256_lexical_w005
32759,8,minibatch_k64,text_pca256_lexical_w005
32760,8,minibatch_k64,text_pca256_lexical_w005
32761,8,minibatch_k64,text_pca256_lexical_w005
32762,0,minibatch_k64,text_pca256_lexical_w005
32763,8,minibatch_k64,text_pca256_lexical_w005
32764,62,minibatch_k64,text_pca256_lexical_w005
32765,10,minibatch_k64,text_pca256_lexical_w005
32766,10,minibatch_k64,text_pca256_lexical_w005
32767,23,minibatch_k64,text_pca256_lexical_w005
32768,39,minibatch_k64,text_pca256_lexical_w005
32769,10,minibatch_k64,text_pca256_lexical_w005
32770,8,minibatch_k64,text_pca256_lexical_w005
32771,15,minibatch_k64,text_pca256_lexical_w005
32772,10,minibatch_k64,text_pca256_lexical_w005
32773,15,minibatch_k64,text_pca256_lexical_w005
32774,10,minibatch_k64,text_pca256_lexical_w005
32775,8,minibatch_k64,text_pca256_lexical_w005
32776,59,minibatch_k64,text_pca256_lexical_w005
32777,10,minibatch_k64,text_pca256_lexical_w005
32778,59,minibatch_k64,text_pca256_lexical_w005
32779,10,minibatch_k64,text_pca256_lexical_w005
32780,10,minibatch_k64,text_pca256_lexical_w005
32781,10,minibatch_k64,text_pca256_lexical_w005
32782,45,minibatch_k64,text_pca256_lexical_w005
32783,8,minibatch_k64,text_pca256_lexical_w005
32784,59,minibatch_k64,text_pca256_lexical_w005
32785,59,minibatch_k64,text_pca256_lexical_w005
32786,6,minibatch_k64,text_pca256_lexical_w005
32787,23,minibatch_k64,text_pca256_lexical_w005
32788,23,minibatch_k64,text_pca256_lexical_w005
32789,15,minibatch_k64,text_pca256_lexical_w005
32790,59,minibatch_k64,text_pca256_lexical_w005
32791,0,minibatch_k64,text_pca256_lexical_w005
32792,59,minibatch_k64,text_pca256_lexical_w005
32793,10,minibatch_k64,text_pca256_lexical_w005
32794,0,minibatch_k64,text_pca256_lexical_w005
32795,8,minibatch_k64,text_pca256_lexical_w005
32796,62,minibatch_k64,text_pca256_lexical_w005
32797,10,minibatch_k64,text_pca256_lexical_w005
32798,59,minibatch_k64,text_pca256_lexical_w005
32799,59,minibatch_k64,text_pca256_lexical_w005
32800,59,minibatch_k64,text_pca256_lexical_w005
32801,59,minibatch_k64,text_pca256_lexical_w005
32802,59,minibatch_k64,text_pca256_lexical_w005
32803,59,minibatch_k64,text_pca256_lexical_w005
32804,8,minibatch_k64,text_pca256_lexical_w005
32805,8,minibatch_k64,text_pca256_lexical_w005
32806,41,minibatch_k64,text_pca256_lexical_w005
32807,10,minibatch_k64,text_pca256_lexical_w005
32808,10,minibatch_k64,text_pca256_lexical_w005
32809,10,minibatch_k64,text_pca256_lexical_w005
32810,39,minibatch_k64,text_pca256_lexical_w005
32811,10,minibatch_k64,text_pca256_lexical_w005
32812,8,minibatch_k64,text_pca256_lexical_w005
32813,41,minibatch_k64,text_pca256_lexical_w005
32814,23,minibatch_k64,text_pca256_lexical_w005
32815,53,minibatch_k64,text_pca256_lexical_w005
32816,0,minibatch_k64,text_pca256_lexical_w005
32817,10,minibatch_k64,text_pca256_lexical_w005
32818,59,minibatch_k64,text_pca256_lexical_w005
32819,10,minibatch_k64,text_pca256_lexical_w005
32820,48,minibatch_k64,text_pca256_lexical_w005
32821,15,minibatch_k64,text_pca256_lexical_w005
32822,8,minibatch_k64,text_pca256_lexical_w005
32823,59,minibatch_k64,text_pca256_lexical_w005
32824,23,minibatch_k64,text_pca256_lexical_w005
32825,6,minibatch_k64,text_pca256_lexical_w005
32826,10,minibatch_k64,text_pca256_lexical_w005
32827,10,minibatch_k64,text_pca256_lexical_w005
32828,8,minibatch_k64,text_pca256_lexical_w005
32829,10,minibatch_k64,text_pca256_lexical_w005
32830,45,minibatch_k64,text_pca256_lexical_w005
32831,39,minibatch_k64,text_pca256_lexical_w005
32832,10,minibatch_k64,text_pca256_lexical_w005
32833,23,minibatch_k64,text_pca256_lexical_w005
32834,10,minibatch_k64,text_pca256_lexical_w005
32835,8,minibatch_k64,text_pca256_lexical_w005
32836,10,minibatch_k64,text_pca256_lexical_w005
32837,10,minibatch_k64,text_pca256_lexical_w005
32838,59,minibatch_k64,text_pca256_lexical_w005
32839,62,minibatch_k64,text_pca256_lexical_w005
32840,59,minibatch_k64,text_pca256_lexical_w005
32841,10,minibatch_k64,text_pca256_lexical_w005
32842,0,minibatch_k64,text_pca256_lexical_w005
32843,10,minibatch_k64,text_pca256_lexical_w005
32844,8,minibatch_k64,text_pca256_lexical_w005
32845,10,minibatch_k64,text_pca256_lexical_w005
32846,8,minibatch_k64,text_pca256_lexical_w005
32847,59,minibatch_k64,text_pca256_lexical_w005
32848,23,minibatch_k64,text_pca256_lexical_w005
32849,8,minibatch_k64,text_pca256_lexical_w005
32850,8,minibatch_k64,text_pca256_lexical_w005
32851,0,minibatch_k64,text_pca256_lexical_w005
32852,10,minibatch_k64,text_pca256_lexical_w005
32853,10,minibatch_k64,text_pca256_lexical_w005
32854,10,minibatch_k64,text_pca256_lexical_w005
32855,10,minibatch_k64,text_pca256_lexical_w005
32856,62,minibatch_k64,text_pca256_lexical_w005
32857,15,minibatch_k64,text_pca256_lexical_w005
32858,15,minibatch_k64,text_pca256_lexical_w005
32859,62,minibatch_k64,text_pca256_lexical_w005
32860,59,minibatch_k64,text_pca256_lexical_w005
32861,8,minibatch_k64,text_pca256_lexical_w005
32862,50,minibatch_k64,text_pca256_lexical_w005
32863,10,minibatch_k64,text_pca256_lexical_w005
32864,8,minibatch_k64,text_pca256_lexical_w005
32865,4,minibatch_k64,text_pca256_lexical_w005
32866,2,minibatch_k64,text_pca256_lexical_w005
32867,8,minibatch_k64,text_pca256_lexical_w005
32868,45,minibatch_k64,text_pca256_lexical_w005
32869,10,minibatch_k64,text_pca256_lexical_w005
32870,6,minibatch_k64,text_pca256_lexical_w005
32871,62,minibatch_k64,text_pca256_lexical_w005
32872,10,minibatch_k64,text_pca256_lexical_w005
32873,0,minibatch_k64,text_pca256_lexical_w005
32874,45,minibatch_k64,text_pca256_lexical_w005
32875,0,minibatch_k64,text_pca256_lexical_w005
32876,23,minibatch_k64,text_pca256_lexical_w005
32877,62,minibatch_k64,text_pca256_lexical_w005
32878,10,minibatch_k64,text_pca256_lexical_w005
32879,8,minibatch_k64,text_pca256_lexical_w005
32880,8,minibatch_k64,text_pca256_lexical_w005
32881,21,minibatch_k64,text_pca256_lexical_w005
32882,10,minibatch_k64,text_pca256_lexical_w005
32883,59,minibatch_k64,text_pca256_lexical_w005
32884,8,minibatch_k64,text_pca256_lexical_w005
32885,10,minibatch_k64,text_pca256_lexical_w005
32886,8,minibatch_k64,text_pca256_lexical_w005
32887,15,minibatch_k64,text_pca256_lexical_w005
32888,62,minibatch_k64,text_pca256_lexical_w005
32889,59,minibatch_k64,text_pca256_lexical_w005
32890,62,minibatch_k64,text_pca256_lexical_w005
32891,8,minibatch_k64,text_pca256_lexical_w005
32892,8,minibatch_k64,text_pca256_lexical_w005
32893,59,minibatch_k64,text_pca256_lexical_w005
32894,10,minibatch_k64,text_pca256_lexical_w005
32895,21,minibatch_k64,text_pca256_lexical_w005
32896,10,minibatch_k64,text_pca256_lexical_w005
32897,10,minibatch_k64,text_pca256_lexical_w005
32898,10,minibatch_k64,text_pca256_lexical_w005
32899,53,minibatch_k64,text_pca256_lexical_w005
32900,45,minibatch_k64,text_pca256_lexical_w005
32901,48,minibatch_k64,text_pca256_lexical_w005
32902,59,minibatch_k64,text_pca256_lexical_w005
32903,10,minibatch_k64,text_pca256_lexical_w005
32904,6,minibatch_k64,text_pca256_lexical_w005
32905,33,minibatch_k64,text_pca256_lexical_w005
32906,15,minibatch_k64,text_pca256_lexical_w005
32907,10,minibatch_k64,text_pca256_lexical_w005
32908,15,minibatch_k64,text_pca256_lexical_w005
32909,10,minibatch_k64,text_pca256_lexical_w005
32910,8,minibatch_k64,text_pca256_lexical_w005
32911,15,minibatch_k64,text_pca256_lexical_w005
32912,0,minibatch_k64,text_pca256_lexical_w005
32913,15,minibatch_k64,text_pca256_lexical_w005
32914,0,minibatch_k64,text_pca256_lexical_w005
32915,10,minibatch_k64,text_pca256_lexical_w005
32916,10,minibatch_k64,text_pca256_lexical_w005
32917,10,minibatch_k64,text_pca256_lexical_w005
32918,10,minibatch_k64,text_pca256_lexical_w005
32919,39,minibatch_k64,text_pca256_lexical_w005
32920,62,minibatch_k64,text_pca256_lexical_w005
32921,59,minibatch_k64,text_pca256_lexical_w005
32922,59,minibatch_k64,text_pca256_lexical_w005
32923,59,minibatch_k64,text_pca256_lexical_w005
32924,59,minibatch_k64,text_pca256_lexical_w005
32925,59,minibatch_k64,text_pca256_lexical_w005
32926,59,minibatch_k64,text_pca256_lexical_w005
32927,59,minibatch_k64,text_pca256_lexical_w005
32928,0,minibatch_k64,text_pca256_lexical_w005
32929,59,minibatch_k64,text_pca256_lexical_w005
32930,45,minibatch_k64,text_pca256_lexical_w005
32931,59,minibatch_k64,text_pca256_lexical_w005
32932,15,minibatch_k64,text_pca256_lexical_w005
32933,59,minibatch_k64,text_pca256_lexical_w005
32934,59,minibatch_k64,text_pca256_lexical_w005
32935,59,minibatch_k64,text_pca256_lexical_w005
32936,59,minibatch_k64,text_pca256_lexical_w005
32937,45,minibatch_k64,text_pca256_lexical_w005
32938,15,minibatch_k64,text_pca256_lexical_w005
32939,61,minibatch_k64,text_pca256_lexical_w005
32940,59,minibatch_k64,text_pca256_lexical_w005
32941,45,minibatch_k64,text_pca256_lexical_w005
32942,15,minibatch_k64,text_pca256_lexical_w005
32943,59,minibatch_k64,text_pca256_lexical_w005
32944,8,minibatch_k64,text_pca256_lexical_w005
32945,59,minibatch_k64,text_pca256_lexical_w005
32946,59,minibatch_k64,text_pca256_lexical_w005
32947,59,minibatch_k64,text_pca256_lexical_w005
32948,0,minibatch_k64,text_pca256_lexical_w005
32949,45,minibatch_k64,text_pca256_lexical_w005
32950,59,minibatch_k64,text_pca256_lexical_w005
32951,59,minibatch_k64,text_pca256_lexical_w005
32952,10,minibatch_k64,text_pca256_lexical_w005
32953,10,minibatch_k64,text_pca256_lexical_w005
32954,59,minibatch_k64,text_pca256_lexical_w005
32955,59,minibatch_k64,text_pca256_lexical_w005
32956,33,minibatch_k64,text_pca256_lexical_w005
32957,59,minibatch_k64,text_pca256_lexical_w005
32958,48,minibatch_k64,text_pca256_lexical_w005
32959,10,minibatch_k64,text_pca256_lexical_w005
32960,59,minibatch_k64,text_pca256_lexical_w005
32961,59,minibatch_k64,text_pca256_lexical_w005
32962,10,minibatch_k64,text_pca256_lexical_w005
32963,45,minibatch_k64,text_pca256_lexical_w005
32964,45,minibatch_k64,text_pca256_lexical_w005
32965,45,minibatch_k64,text_pca256_lexical_w005
32966,45,minibatch_k64,text_pca256_lexical_w005
32967,59,minibatch_k64,text_pca256_lexical_w005
32968,62,minibatch_k64,text_pca256_lexical_w005
32969,48,minibatch_k64,text_pca256_lexical_w005
32970,48,minibatch_k64,text_pca256_lexical_w005
32971,59,minibatch_k64,text_pca256_lexical_w005
32972,42,minibatch_k64,text_pca256_lexical_w005
32973,59,minibatch_k64,text_pca256_lexical_w005
32974,59,minibatch_k64,text_pca256_lexical_w005
32975,10,minibatch_k64,text_pca256_lexical_w005
32976,59,minibatch_k64,text_pca256_lexical_w005
32977,59,minibatch_k64,text_pca256_lexical_w005
32978,59,minibatch_k64,text_pca256_lexical_w005
32979,59,minibatch_k64,text_pca256_lexical_w005
32980,0,minibatch_k64,text_pca256_lexical_w005
32981,59,minibatch_k64,text_pca256_lexical_w005
32982,59,minibatch_k64,text_pca256_lexical_w005
32983,59,minibatch_k64,text_pca256_lexical_w005
32984,59,minibatch_k64,text_pca256_lexical_w005
32985,45,minibatch_k64,text_pca256_lexical_w005
32986,39,minibatch_k64,text_pca256_lexical_w005
32987,59,minibatch_k64,text_pca256_lexical_w005
32988,33,minibatch_k64,text_pca256_lexical_w005
32989,42,minibatch_k64,text_pca256_lexical_w005
32990,10,minibatch_k64,text_pca256_lexical_w005
32991,10,minibatch_k64,text_pca256_lexical_w005
32992,45,minibatch_k64,text_pca256_lexical_w005
32993,23,minibatch_k64,text_pca256_lexical_w005
32994,8,minibatch_k64,text_pca256_lexical_w005
32995,50,minibatch_k64,text_pca256_lexical_w005
32996,23,minibatch_k64,text_pca256_lexical_w005
32997,15,minibatch_k64,text_pca256_lexical_w005
32998,23,minibatch_k64,text_pca256_lexical_w005
32999,23,minibatch_k64,text_pca256_lexical_w005
33000,10,minibatch_k64,text_pca256_lexical_w005
33001,14,minibatch_k64,text_pca256_lexical_w005
33002,14,minibatch_k64,text_pca256_lexical_w005
33003,62,minibatch_k64,text_pca256_lexical_w005
33004,62,minibatch_k64,text_pca256_lexical_w005
33005,21,minibatch_k64,text_pca256_lexical_w005
33006,61,minibatch_k64,text_pca256_lexical_w005
33007,21,minibatch_k64,text_pca256_lexical_w005
33008,10,minibatch_k64,text_pca256_lexical_w005
33009,8,minibatch_k64,text_pca256_lexical_w005
33010,39,minibatch_k64,text_pca256_lexical_w005
33011,62,minibatch_k64,text_pca256_lexical_w005
33012,8,minibatch_k64,text_pca256_lexical_w005
33013,8,minibatch_k64,text_pca256_lexical_w005
33014,8,minibatch_k64,text_pca256_lexical_w005
33015,23,minibatch_k64,text_pca256_lexical_w005
33016,15,minibatch_k64,text_pca256_lexical_w005
33017,10,minibatch_k64,text_pca256_lexical_w005
33018,10,minibatch_k64,text_pca256_lexical_w005
33019,62,minibatch_k64,text_pca256_lexical_w005
33020,15,minibatch_k64,text_pca256_lexical_w005
33021,8,minibatch_k64,text_pca256_lexical_w005
33022,0,minibatch_k64,text_pca256_lexical_w005
33023,0,minibatch_k64,text_pca256_lexical_w005
33024,5,minibatch_k64,text_pca256_lexical_w005
33025,15,minibatch_k64,text_pca256_lexical_w005
33026,0,minibatch_k64,text_pca256_lexical_w005
33027,62,minibatch_k64,text_pca256_lexical_w005
33028,62,minibatch_k64,text_pca256_lexical_w005
33029,0,minibatch_k64,text_pca256_lexical_w005
33030,42,minibatch_k64,text_pca256_lexical_w005
33031,8,minibatch_k64,text_pca256_lexical_w005
33032,0,minibatch_k64,text_pca256_lexical_w005
33033,10,minibatch_k64,text_pca256_lexical_w005
33034,23,minibatch_k64,text_pca256_lexical_w005
33035,62,minibatch_k64,text_pca256_lexical_w005
33036,2,minibatch_k64,text_pca256_lexical_w005
33037,10,minibatch_k64,text_pca256_lexical_w005
33038,14,minibatch_k64,text_pca256_lexical_w005
33039,8,minibatch_k64,text_pca256_lexical_w005
33040,14,minibatch_k64,text_pca256_lexical_w005
33041,15,minibatch_k64,text_pca256_lexical_w005
33042,8,minibatch_k64,text_pca256_lexical_w005
33043,14,minibatch_k64,text_pca256_lexical_w005
33044,14,minibatch_k64,text_pca256_lexical_w005
33045,8,minibatch_k64,text_pca256_lexical_w005
33046,10,minibatch_k64,text_pca256_lexical_w005
33047,39,minibatch_k64,text_pca256_lexical_w005
33048,33,minibatch_k64,text_pca256_lexical_w005
33049,5,minibatch_k64,text_pca256_lexical_w005
33050,62,minibatch_k64,text_pca256_lexical_w005
33051,14,minibatch_k64,text_pca256_lexical_w005
33052,62,minibatch_k64,text_pca256_lexical_w005
33053,4,minibatch_k64,text_pca256_lexical_w005
33054,0,minibatch_k64,text_pca256_lexical_w005
33055,5,minibatch_k64,text_pca256_lexical_w005
33056,0,minibatch_k64,text_pca256_lexical_w005
33057,62,minibatch_k64,text_pca256_lexical_w005
33058,45,minibatch_k64,text_pca256_lexical_w005
33059,45,minibatch_k64,text_pca256_lexical_w005
33060,55,minibatch_k64,text_pca256_lexical_w005
33061,13,minibatch_k64,text_pca256_lexical_w005
33062,50,minibatch_k64,text_pca256_lexical_w005
33063,4,minibatch_k64,text_pca256_lexical_w005
33064,8,minibatch_k64,text_pca256_lexical_w005
33065,33,minibatch_k64,text_pca256_lexical_w005
33066,5,minibatch_k64,text_pca256_lexical_w005
33067,62,minibatch_k64,text_pca256_lexical_w005
33068,50,minibatch_k64,text_pca256_lexical_w005
33069,0,minibatch_k64,text_pca256_lexical_w005
33070,10,minibatch_k64,text_pca256_lexical_w005
33071,45,minibatch_k64,text_pca256_lexical_w005
33072,62,minibatch_k64,text_pca256_lexical_w005
33073,21,minibatch_k64,text_pca256_lexical_w005
33074,0,minibatch_k64,text_pca256_lexical_w005
33075,10,minibatch_k64,text_pca256_lexical_w005
33076,15,minibatch_k64,text_pca256_lexical_w005
33077,62,minibatch_k64,text_pca256_lexical_w005
33078,0,minibatch_k64,text_pca256_lexical_w005
33079,10,minibatch_k64,text_pca256_lexical_w005
33080,62,minibatch_k64,text_pca256_lexical_w005
33081,62,minibatch_k64,text_pca256_lexical_w005
33082,0,minibatch_k64,text_pca256_lexical_w005
33083,59,minibatch_k64,text_pca256_lexical_w005
33084,8,minibatch_k64,text_pca256_lexical_w005
33085,8,minibatch_k64,text_pca256_lexical_w005
33086,0,minibatch_k64,text_pca256_lexical_w005
33087,15,minibatch_k64,text_pca256_lexical_w005
33088,10,minibatch_k64,text_pca256_lexical_w005
33089,25,minibatch_k64,text_pca256_lexical_w005
33090,0,minibatch_k64,text_pca256_lexical_w005
33091,0,minibatch_k64,text_pca256_lexical_w005
33092,33,minibatch_k64,text_pca256_lexical_w005
33093,8,minibatch_k64,text_pca256_lexical_w005
33094,62,minibatch_k64,text_pca256_lexical_w005
33095,5,minibatch_k64,text_pca256_lexical_w005
33096,8,minibatch_k64,text_pca256_lexical_w005
33097,5,minibatch_k64,text_pca256_lexical_w005
33098,8,minibatch_k64,text_pca256_lexical_w005
33099,62,minibatch_k64,text_pca256_lexical_w005
33100,5,minibatch_k64,text_pca256_lexical_w005
33101,14,minibatch_k64,text_pca256_lexical_w005
33102,61,minibatch_k64,text_pca256_lexical_w005
33103,14,minibatch_k64,text_pca256_lexical_w005
33104,14,minibatch_k64,text_pca256_lexical_w005
33105,14,minibatch_k64,text_pca256_lexical_w005
33106,0,minibatch_k64,text_pca256_lexical_w005
33107,8,minibatch_k64,text_pca256_lexical_w005
33108,21,minibatch_k64,text_pca256_lexical_w005
33109,39,minibatch_k64,text_pca256_lexical_w005
33110,4,minibatch_k64,text_pca256_lexical_w005
33111,23,minibatch_k64,text_pca256_lexical_w005
33112,33,minibatch_k64,text_pca256_lexical_w005
33113,0,minibatch_k64,text_pca256_lexical_w005
33114,0,minibatch_k64,text_pca256_lexical_w005
33115,33,minibatch_k64,text_pca256_lexical_w005
33116,8,minibatch_k64,text_pca256_lexical_w005
33117,0,minibatch_k64,text_pca256_lexical_w005
33118,5,minibatch_k64,text_pca256_lexical_w005
33119,46,minibatch_k64,text_pca256_lexical_w005
33120,14,minibatch_k64,text_pca256_lexical_w005
33121,5,minibatch_k64,text_pca256_lexical_w005
33122,5,minibatch_k64,text_pca256_lexical_w005
33123,62,minibatch_k64,text_pca256_lexical_w005
33124,5,minibatch_k64,text_pca256_lexical_w005
33125,5,minibatch_k64,text_pca256_lexical_w005
33126,8,minibatch_k64,text_pca256_lexical_w005
33127,0,minibatch_k64,text_pca256_lexical_w005
33128,56,minibatch_k64,text_pca256_lexical_w005
33129,62,minibatch_k64,text_pca256_lexical_w005
33130,50,minibatch_k64,text_pca256_lexical_w005
33131,23,minibatch_k64,text_pca256_lexical_w005
33132,23,minibatch_k64,text_pca256_lexical_w005
33133,23,minibatch_k64,text_pca256_lexical_w005
33134,55,minibatch_k64,text_pca256_lexical_w005
33135,63,minibatch_k64,text_pca256_lexical_w005
33136,50,minibatch_k64,text_pca256_lexical_w005
33137,50,minibatch_k64,text_pca256_lexical_w005
33138,23,minibatch_k64,text_pca256_lexical_w005
33139,23,minibatch_k64,text_pca256_lexical_w005
33140,2,minibatch_k64,text_pca256_lexical_w005
33141,23,minibatch_k64,text_pca256_lexical_w005
33142,5,minibatch_k64,text_pca256_lexical_w005
33143,33,minibatch_k64,text_pca256_lexical_w005
33144,50,minibatch_k64,text_pca256_lexical_w005
33145,0,minibatch_k64,text_pca256_lexical_w005
33146,8,minibatch_k64,text_pca256_lexical_w005
33147,0,minibatch_k64,text_pca256_lexical_w005
33148,62,minibatch_k64,text_pca256_lexical_w005
33149,33,minibatch_k64,text_pca256_lexical_w005
33150,10,minibatch_k64,text_pca256_lexical_w005
33151,0,minibatch_k64,text_pca256_lexical_w005
33152,62,minibatch_k64,text_pca256_lexical_w005
33153,59,minibatch_k64,text_pca256_lexical_w005
33154,42,minibatch_k64,text_pca256_lexical_w005
33155,62,minibatch_k64,text_pca256_lexical_w005
33156,33,minibatch_k64,text_pca256_lexical_w005
33157,8,minibatch_k64,text_pca256_lexical_w005
33158,33,minibatch_k64,text_pca256_lexical_w005
33159,0,minibatch_k64,text_pca256_lexical_w005
33160,0,minibatch_k64,text_pca256_lexical_w005
33161,15,minibatch_k64,text_pca256_lexical_w005
33162,2,minibatch_k64,text_pca256_lexical_w005
33163,33,minibatch_k64,text_pca256_lexical_w005
33164,5,minibatch_k64,text_pca256_lexical_w005
33165,42,minibatch_k64,text_pca256_lexical_w005
33166,10,minibatch_k64,text_pca256_lexical_w005
33167,23,minibatch_k64,text_pca256_lexical_w005
33168,62,minibatch_k64,text_pca256_lexical_w005
33169,5,minibatch_k64,text_pca256_lexical_w005
33170,0,minibatch_k64,text_pca256_lexical_w005
33171,59,minibatch_k64,text_pca256_lexical_w005
33172,15,minibatch_k64,text_pca256_lexical_w005
33173,10,minibatch_k64,text_pca256_lexical_w005
33174,8,minibatch_k64,text_pca256_lexical_w005
33175,39,minibatch_k64,text_pca256_lexical_w005
33176,33,minibatch_k64,text_pca256_lexical_w005
33177,15,minibatch_k64,text_pca256_lexical_w005
33178,10,minibatch_k64,text_pca256_lexical_w005
33179,8,minibatch_k64,text_pca256_lexical_w005
33180,15,minibatch_k64,text_pca256_lexical_w005
33181,45,minibatch_k64,text_pca256_lexical_w005
33182,8,minibatch_k64,text_pca256_lexical_w005
33183,0,minibatch_k64,text_pca256_lexical_w005
33184,33,minibatch_k64,text_pca256_lexical_w005
33185,0,minibatch_k64,text_pca256_lexical_w005
33186,0,minibatch_k64,text_pca256_lexical_w005
33187,10,minibatch_k64,text_pca256_lexical_w005
33188,8,minibatch_k64,text_pca256_lexical_w005
33189,10,minibatch_k64,text_pca256_lexical_w005
33190,14,minibatch_k64,text_pca256_lexical_w005
33191,5,minibatch_k64,text_pca256_lexical_w005
33192,15,minibatch_k64,text_pca256_lexical_w005
33193,10,minibatch_k64,text_pca256_lexical_w005
33194,25,minibatch_k64,text_pca256_lexical_w005
33195,23,minibatch_k64,text_pca256_lexical_w005
33196,14,minibatch_k64,text_pca256_lexical_w005
33197,39,minibatch_k64,text_pca256_lexical_w005
33198,5,minibatch_k64,text_pca256_lexical_w005
33199,0,minibatch_k64,text_pca256_lexical_w005
33200,62,minibatch_k64,text_pca256_lexical_w005
33201,62,minibatch_k64,text_pca256_lexical_w005
33202,5,minibatch_k64,text_pca256_lexical_w005
33203,5,minibatch_k64,text_pca256_lexical_w005
33204,14,minibatch_k64,text_pca256_lexical_w005
33205,62,minibatch_k64,text_pca256_lexical_w005
33206,0,minibatch_k64,text_pca256_lexical_w005
33207,5,minibatch_k64,text_pca256_lexical_w005
33208,5,minibatch_k64,text_pca256_lexical_w005
33209,10,minibatch_k64,text_pca256_lexical_w005
33210,59,minibatch_k64,text_pca256_lexical_w005
33211,45,minibatch_k64,text_pca256_lexical_w005
33212,23,minibatch_k64,text_pca256_lexical_w005
33213,23,minibatch_k64,text_pca256_lexical_w005
33214,45,minibatch_k64,text_pca256_lexical_w005
33215,55,minibatch_k64,text_pca256_lexical_w005
33216,0,minibatch_k64,text_pca256_lexical_w005
33217,13,minibatch_k64,text_pca256_lexical_w005
33218,62,minibatch_k64,text_pca256_lexical_w005
33219,45,minibatch_k64,text_pca256_lexical_w005
33220,0,minibatch_k64,text_pca256_lexical_w005
33221,8,minibatch_k64,text_pca256_lexical_w005
33222,62,minibatch_k64,text_pca256_lexical_w005
33223,21,minibatch_k64,text_pca256_lexical_w005
33224,23,minibatch_k64,text_pca256_lexical_w005
33225,8,minibatch_k64,text_pca256_lexical_w005
33226,4,minibatch_k64,text_pca256_lexical_w005
33227,21,minibatch_k64,text_pca256_lexical_w005
33228,5,minibatch_k64,text_pca256_lexical_w005
33229,62,minibatch_k64,text_pca256_lexical_w005
33230,8,minibatch_k64,text_pca256_lexical_w005
33231,45,minibatch_k64,text_pca256_lexical_w005
33232,0,minibatch_k64,text_pca256_lexical_w005
33233,8,minibatch_k64,text_pca256_lexical_w005
33234,21,minibatch_k64,text_pca256_lexical_w005
33235,33,minibatch_k64,text_pca256_lexical_w005
33236,42,minibatch_k64,text_pca256_lexical_w005
33237,0,minibatch_k64,text_pca256_lexical_w005
33238,0,minibatch_k64,text_pca256_lexical_w005
33239,8,minibatch_k64,text_pca256_lexical_w005
33240,62,minibatch_k64,text_pca256_lexical_w005
33241,0,minibatch_k64,text_pca256_lexical_w005
33242,15,minibatch_k64,text_pca256_lexical_w005
33243,23,minibatch_k64,text_pca256_lexical_w005
33244,5,minibatch_k64,text_pca256_lexical_w005
33245,33,minibatch_k64,text_pca256_lexical_w005
33246,10,minibatch_k64,text_pca256_lexical_w005
33247,33,minibatch_k64,text_pca256_lexical_w005
33248,8,minibatch_k64,text_pca256_lexical_w005
33249,62,minibatch_k64,text_pca256_lexical_w005
33250,42,minibatch_k64,text_pca256_lexical_w005
33251,0,minibatch_k64,text_pca256_lexical_w005
33252,62,minibatch_k64,text_pca256_lexical_w005
33253,5,minibatch_k64,text_pca256_lexical_w005
33254,62,minibatch_k64,text_pca256_lexical_w005
33255,10,minibatch_k64,text_pca256_lexical_w005
33256,10,minibatch_k64,text_pca256_lexical_w005
33257,15,minibatch_k64,text_pca256_lexical_w005
33258,8,minibatch_k64,text_pca256_lexical_w005
33259,23,minibatch_k64,text_pca256_lexical_w005
33260,62,minibatch_k64,text_pca256_lexical_w005
33261,56,minibatch_k64,text_pca256_lexical_w005
33262,21,minibatch_k64,text_pca256_lexical_w005
33263,5,minibatch_k64,text_pca256_lexical_w005
33264,0,minibatch_k64,text_pca256_lexical_w005
33265,23,minibatch_k64,text_pca256_lexical_w005
33266,15,minibatch_k64,text_pca256_lexical_w005
33267,8,minibatch_k64,text_pca256_lexical_w005
33268,14,minibatch_k64,text_pca256_lexical_w005
33269,62,minibatch_k64,text_pca256_lexical_w005
33270,62,minibatch_k64,text_pca256_lexical_w005
33271,25,minibatch_k64,text_pca256_lexical_w005
33272,23,minibatch_k64,text_pca256_lexical_w005
33273,33,minibatch_k64,text_pca256_lexical_w005
33274,14,minibatch_k64,text_pca256_lexical_w005
33275,42,minibatch_k64,text_pca256_lexical_w005
33276,33,minibatch_k64,text_pca256_lexical_w005
33277,42,minibatch_k64,text_pca256_lexical_w005
33278,39,minibatch_k64,text_pca256_lexical_w005
33279,14,minibatch_k64,text_pca256_lexical_w005
33280,62,minibatch_k64,text_pca256_lexical_w005
33281,2,minibatch_k64,text_pca256_lexical_w005
33282,33,minibatch_k64,text_pca256_lexical_w005
33283,4,minibatch_k64,text_pca256_lexical_w005
33284,15,minibatch_k64,text_pca256_lexical_w005
33285,45,minibatch_k64,text_pca256_lexical_w005
33286,5,minibatch_k64,text_pca256_lexical_w005
33287,33,minibatch_k64,text_pca256_lexical_w005
33288,8,minibatch_k64,text_pca256_lexical_w005
33289,33,minibatch_k64,text_pca256_lexical_w005
33290,10,minibatch_k64,text_pca256_lexical_w005
33291,0,minibatch_k64,text_pca256_lexical_w005
33292,8,minibatch_k64,text_pca256_lexical_w005
33293,42,minibatch_k64,text_pca256_lexical_w005
33294,5,minibatch_k64,text_pca256_lexical_w005
33295,33,minibatch_k64,text_pca256_lexical_w005
33296,45,minibatch_k64,text_pca256_lexical_w005
33297,21,minibatch_k64,text_pca256_lexical_w005
33298,8,minibatch_k64,text_pca256_lexical_w005
33299,59,minibatch_k64,text_pca256_lexical_w005
33300,45,minibatch_k64,text_pca256_lexical_w005
33301,48,minibatch_k64,text_pca256_lexical_w005
33302,23,minibatch_k64,text_pca256_lexical_w005
33303,45,minibatch_k64,text_pca256_lexical_w005
33304,0,minibatch_k64,text_pca256_lexical_w005
33305,45,minibatch_k64,text_pca256_lexical_w005
33306,62,minibatch_k64,text_pca256_lexical_w005
33307,23,minibatch_k64,text_pca256_lexical_w005
33308,62,minibatch_k64,text_pca256_lexical_w005
33309,55,minibatch_k64,text_pca256_lexical_w005
33310,62,minibatch_k64,text_pca256_lexical_w005
33311,13,minibatch_k64,text_pca256_lexical_w005
33312,0,minibatch_k64,text_pca256_lexical_w005
33313,5,minibatch_k64,text_pca256_lexical_w005
33314,15,minibatch_k64,text_pca256_lexical_w005
33315,45,minibatch_k64,text_pca256_lexical_w005
33316,33,minibatch_k64,text_pca256_lexical_w005
33317,61,minibatch_k64,text_pca256_lexical_w005
33318,5,minibatch_k64,text_pca256_lexical_w005
33319,10,minibatch_k64,text_pca256_lexical_w005
33320,8,minibatch_k64,text_pca256_lexical_w005
33321,0,minibatch_k64,text_pca256_lexical_w005
33322,23,minibatch_k64,text_pca256_lexical_w005
33323,59,minibatch_k64,text_pca256_lexical_w005
33324,8,minibatch_k64,text_pca256_lexical_w005
33325,45,minibatch_k64,text_pca256_lexical_w005
33326,0,minibatch_k64,text_pca256_lexical_w005
33327,62,minibatch_k64,text_pca256_lexical_w005
33328,62,minibatch_k64,text_pca256_lexical_w005
33329,8,minibatch_k64,text_pca256_lexical_w005
33330,56,minibatch_k64,text_pca256_lexical_w005
33331,39,minibatch_k64,text_pca256_lexical_w005
33332,0,minibatch_k64,text_pca256_lexical_w005
33333,0,minibatch_k64,text_pca256_lexical_w005
33334,0,minibatch_k64,text_pca256_lexical_w005
33335,0,minibatch_k64,text_pca256_lexical_w005
33336,62,minibatch_k64,text_pca256_lexical_w005
33337,53,minibatch_k64,text_pca256_lexical_w005
33338,33,minibatch_k64,text_pca256_lexical_w005
33339,62,minibatch_k64,text_pca256_lexical_w005
33340,39,minibatch_k64,text_pca256_lexical_w005
33341,8,minibatch_k64,text_pca256_lexical_w005
33342,21,minibatch_k64,text_pca256_lexical_w005
33343,62,minibatch_k64,text_pca256_lexical_w005
33344,42,minibatch_k64,text_pca256_lexical_w005
33345,5,minibatch_k64,text_pca256_lexical_w005
33346,33,minibatch_k64,text_pca256_lexical_w005
33347,15,minibatch_k64,text_pca256_lexical_w005
33348,62,minibatch_k64,text_pca256_lexical_w005
33349,23,minibatch_k64,text_pca256_lexical_w005
33350,0,minibatch_k64,text_pca256_lexical_w005
33351,33,minibatch_k64,text_pca256_lexical_w005
33352,8,minibatch_k64,text_pca256_lexical_w005
33353,33,minibatch_k64,text_pca256_lexical_w005
33354,10,minibatch_k64,text_pca256_lexical_w005
33355,62,minibatch_k64,text_pca256_lexical_w005
33356,15,minibatch_k64,text_pca256_lexical_w005
33357,8,minibatch_k64,text_pca256_lexical_w005
33358,62,minibatch_k64,text_pca256_lexical_w005
33359,62,minibatch_k64,text_pca256_lexical_w005
33360,33,minibatch_k64,text_pca256_lexical_w005
33361,33,minibatch_k64,text_pca256_lexical_w005
33362,39,minibatch_k64,text_pca256_lexical_w005
33363,0,minibatch_k64,text_pca256_lexical_w005
33364,33,minibatch_k64,text_pca256_lexical_w005
33365,8,minibatch_k64,text_pca256_lexical_w005
33366,15,minibatch_k64,text_pca256_lexical_w005
33367,10,minibatch_k64,text_pca256_lexical_w005
33368,62,minibatch_k64,text_pca256_lexical_w005
33369,10,minibatch_k64,text_pca256_lexical_w005
33370,4,minibatch_k64,text_pca256_lexical_w005
33371,0,minibatch_k64,text_pca256_lexical_w005
33372,33,minibatch_k64,text_pca256_lexical_w005
33373,48,minibatch_k64,text_pca256_lexical_w005
33374,59,minibatch_k64,text_pca256_lexical_w005
33375,59,minibatch_k64,text_pca256_lexical_w005
33376,15,minibatch_k64,text_pca256_lexical_w005
33377,62,minibatch_k64,text_pca256_lexical_w005
33378,10,minibatch_k64,text_pca256_lexical_w005
33379,59,minibatch_k64,text_pca256_lexical_w005
33380,15,minibatch_k64,text_pca256_lexical_w005
33381,8,minibatch_k64,text_pca256_lexical_w005
33382,33,minibatch_k64,text_pca256_lexical_w005
33383,10,minibatch_k64,text_pca256_lexical_w005
33384,42,minibatch_k64,text_pca256_lexical_w005
33385,33,minibatch_k64,text_pca256_lexical_w005
33386,0,minibatch_k64,text_pca256_lexical_w005
33387,8,minibatch_k64,text_pca256_lexical_w005
33388,8,minibatch_k64,text_pca256_lexical_w005
33389,25,minibatch_k64,text_pca256_lexical_w005
33390,10,minibatch_k64,text_pca256_lexical_w005
33391,0,minibatch_k64,text_pca256_lexical_w005
33392,0,minibatch_k64,text_pca256_lexical_w005
33393,62,minibatch_k64,text_pca256_lexical_w005
33394,62,minibatch_k64,text_pca256_lexical_w005
33395,10,minibatch_k64,text_pca256_lexical_w005
33396,8,minibatch_k64,text_pca256_lexical_w005
33397,56,minibatch_k64,text_pca256_lexical_w005
33398,5,minibatch_k64,text_pca256_lexical_w005
33399,42,minibatch_k64,text_pca256_lexical_w005
33400,8,minibatch_k64,text_pca256_lexical_w005
33401,14,minibatch_k64,text_pca256_lexical_w005
33402,5,minibatch_k64,text_pca256_lexical_w005
33403,0,minibatch_k64,text_pca256_lexical_w005
33404,23,minibatch_k64,text_pca256_lexical_w005
33405,8,minibatch_k64,text_pca256_lexical_w005
33406,45,minibatch_k64,text_pca256_lexical_w005
33407,45,minibatch_k64,text_pca256_lexical_w005
33408,59,minibatch_k64,text_pca256_lexical_w005
33409,48,minibatch_k64,text_pca256_lexical_w005
33410,23,minibatch_k64,text_pca256_lexical_w005
33411,45,minibatch_k64,text_pca256_lexical_w005
33412,0,minibatch_k64,text_pca256_lexical_w005
33413,8,minibatch_k64,text_pca256_lexical_w005
33414,23,minibatch_k64,text_pca256_lexical_w005
33415,23,minibatch_k64,text_pca256_lexical_w005
33416,62,minibatch_k64,text_pca256_lexical_w005
33417,8,minibatch_k64,text_pca256_lexical_w005
33418,15,minibatch_k64,text_pca256_lexical_w005
33419,23,minibatch_k64,text_pca256_lexical_w005
33420,8,minibatch_k64,text_pca256_lexical_w005
33421,23,minibatch_k64,text_pca256_lexical_w005
33422,18,minibatch_k64,text_pca256_lexical_w005
33423,62,minibatch_k64,text_pca256_lexical_w005
33424,59,minibatch_k64,text_pca256_lexical_w005
33425,15,minibatch_k64,text_pca256_lexical_w005
33426,18,minibatch_k64,text_pca256_lexical_w005
33427,23,minibatch_k64,text_pca256_lexical_w005
33428,23,minibatch_k64,text_pca256_lexical_w005
33429,8,minibatch_k64,text_pca256_lexical_w005
33430,23,minibatch_k64,text_pca256_lexical_w005
33431,15,minibatch_k64,text_pca256_lexical_w005
33432,4,minibatch_k64,text_pca256_lexical_w005
33433,46,minibatch_k64,text_pca256_lexical_w005
33434,45,minibatch_k64,text_pca256_lexical_w005
33435,0,minibatch_k64,text_pca256_lexical_w005
33436,0,minibatch_k64,text_pca256_lexical_w005
33437,59,minibatch_k64,text_pca256_lexical_w005
33438,0,minibatch_k64,text_pca256_lexical_w005
33439,59,minibatch_k64,text_pca256_lexical_w005
33440,0,minibatch_k64,text_pca256_lexical_w005
33441,0,minibatch_k64,text_pca256_lexical_w005
33442,0,minibatch_k64,text_pca256_lexical_w005
33443,0,minibatch_k64,text_pca256_lexical_w005
33444,0,minibatch_k64,text_pca256_lexical_w005
33445,39,minibatch_k64,text_pca256_lexical_w005
33446,42,minibatch_k64,text_pca256_lexical_w005
33447,62,minibatch_k64,text_pca256_lexical_w005
33448,62,minibatch_k64,text_pca256_lexical_w005
33449,0,minibatch_k64,text_pca256_lexical_w005
33450,21,minibatch_k64,text_pca256_lexical_w005
33451,0,minibatch_k64,text_pca256_lexical_w005
33452,62,minibatch_k64,text_pca256_lexical_w005
33453,39,minibatch_k64,text_pca256_lexical_w005
33454,62,minibatch_k64,text_pca256_lexical_w005
33455,33,minibatch_k64,text_pca256_lexical_w005
33456,62,minibatch_k64,text_pca256_lexical_w005
33457,15,minibatch_k64,text_pca256_lexical_w005
33458,45,minibatch_k64,text_pca256_lexical_w005
33459,8,minibatch_k64,text_pca256_lexical_w005
33460,15,minibatch_k64,text_pca256_lexical_w005
33461,0,minibatch_k64,text_pca256_lexical_w005
33462,23,minibatch_k64,text_pca256_lexical_w005
33463,33,minibatch_k64,text_pca256_lexical_w005
33464,45,minibatch_k64,text_pca256_lexical_w005
33465,8,minibatch_k64,text_pca256_lexical_w005
33466,5,minibatch_k64,text_pca256_lexical_w005
33467,0,minibatch_k64,text_pca256_lexical_w005
33468,42,minibatch_k64,text_pca256_lexical_w005
33469,45,minibatch_k64,text_pca256_lexical_w005
33470,23,minibatch_k64,text_pca256_lexical_w005
33471,39,minibatch_k64,text_pca256_lexical_w005
33472,62,minibatch_k64,text_pca256_lexical_w005
33473,45,minibatch_k64,text_pca256_lexical_w005
33474,62,minibatch_k64,text_pca256_lexical_w005
33475,0,minibatch_k64,text_pca256_lexical_w005
33476,23,minibatch_k64,text_pca256_lexical_w005
33477,23,minibatch_k64,text_pca256_lexical_w005
33478,62,minibatch_k64,text_pca256_lexical_w005
33479,5,minibatch_k64,text_pca256_lexical_w005
33480,42,minibatch_k64,text_pca256_lexical_w005
33481,46,minibatch_k64,text_pca256_lexical_w005
33482,0,minibatch_k64,text_pca256_lexical_w005
33483,45,minibatch_k64,text_pca256_lexical_w005
33484,59,minibatch_k64,text_pca256_lexical_w005
33485,5,minibatch_k64,text_pca256_lexical_w005
33486,45,minibatch_k64,text_pca256_lexical_w005
33487,39,minibatch_k64,text_pca256_lexical_w005
33488,0,minibatch_k64,text_pca256_lexical_w005
33489,0,minibatch_k64,text_pca256_lexical_w005
33490,48,minibatch_k64,text_pca256_lexical_w005
33491,62,minibatch_k64,text_pca256_lexical_w005
33492,0,minibatch_k64,text_pca256_lexical_w005
33493,0,minibatch_k64,text_pca256_lexical_w005
33494,0,minibatch_k64,text_pca256_lexical_w005
33495,45,minibatch_k64,text_pca256_lexical_w005
33496,23,minibatch_k64,text_pca256_lexical_w005
33497,45,minibatch_k64,text_pca256_lexical_w005
33498,15,minibatch_k64,text_pca256_lexical_w005
33499,8,minibatch_k64,text_pca256_lexical_w005
33500,8,minibatch_k64,text_pca256_lexical_w005
33501,4,minibatch_k64,text_pca256_lexical_w005
33502,46,minibatch_k64,text_pca256_lexical_w005
33503,62,minibatch_k64,text_pca256_lexical_w005
33504,8,minibatch_k64,text_pca256_lexical_w005
33505,21,minibatch_k64,text_pca256_lexical_w005
33506,53,minibatch_k64,text_pca256_lexical_w005
33507,8,minibatch_k64,text_pca256_lexical_w005
33508,56,minibatch_k64,text_pca256_lexical_w005
33509,5,minibatch_k64,text_pca256_lexical_w005
33510,33,minibatch_k64,text_pca256_lexical_w005
33511,56,minibatch_k64,text_pca256_lexical_w005
33512,10,minibatch_k64,text_pca256_lexical_w005
33513,10,minibatch_k64,text_pca256_lexical_w005
33514,10,minibatch_k64,text_pca256_lexical_w005
33515,62,minibatch_k64,text_pca256_lexical_w005
33516,59,minibatch_k64,text_pca256_lexical_w005
33517,15,minibatch_k64,text_pca256_lexical_w005
33518,0,minibatch_k64,text_pca256_lexical_w005
33519,57,minibatch_k64,text_pca256_lexical_w005
33520,15,minibatch_k64,text_pca256_lexical_w005
33521,0,minibatch_k64,text_pca256_lexical_w005
33522,57,minibatch_k64,text_pca256_lexical_w005
33523,11,minibatch_k64,text_pca256_lexical_w005
33524,33,minibatch_k64,text_pca256_lexical_w005
33525,62,minibatch_k64,text_pca256_lexical_w005
33526,33,minibatch_k64,text_pca256_lexical_w005
33527,57,minibatch_k64,text_pca256_lexical_w005
33528,15,minibatch_k64,text_pca256_lexical_w005
33529,45,minibatch_k64,text_pca256_lexical_w005
33530,48,minibatch_k64,text_pca256_lexical_w005
33531,5,minibatch_k64,text_pca256_lexical_w005
33532,15,minibatch_k64,text_pca256_lexical_w005
33533,5,minibatch_k64,text_pca256_lexical_w005
33534,5,minibatch_k64,text_pca256_lexical_w005
33535,57,minibatch_k64,text_pca256_lexical_w005
33536,5,minibatch_k64,text_pca256_lexical_w005
33537,5,minibatch_k64,text_pca256_lexical_w005
33538,10,minibatch_k64,text_pca256_lexical_w005
33539,11,minibatch_k64,text_pca256_lexical_w005
33540,33,minibatch_k64,text_pca256_lexical_w005
33541,33,minibatch_k64,text_pca256_lexical_w005
33542,0,minibatch_k64,text_pca256_lexical_w005
33543,33,minibatch_k64,text_pca256_lexical_w005
33544,61,minibatch_k64,text_pca256_lexical_w005
33545,61,minibatch_k64,text_pca256_lexical_w005
33546,5,minibatch_k64,text_pca256_lexical_w005
33547,33,minibatch_k64,text_pca256_lexical_w005
33548,8,minibatch_k64,text_pca256_lexical_w005
33549,61,minibatch_k64,text_pca256_lexical_w005
33550,10,minibatch_k64,text_pca256_lexical_w005
33551,23,minibatch_k64,text_pca256_lexical_w005
33552,2,minibatch_k64,text_pca256_lexical_w005
33553,21,minibatch_k64,text_pca256_lexical_w005
33554,33,minibatch_k64,text_pca256_lexical_w005
33555,8,minibatch_k64,text_pca256_lexical_w005
33556,33,minibatch_k64,text_pca256_lexical_w005
33557,62,minibatch_k64,text_pca256_lexical_w005
33558,33,minibatch_k64,text_pca256_lexical_w005
33559,10,minibatch_k64,text_pca256_lexical_w005
33560,0,minibatch_k64,text_pca256_lexical_w005
33561,8,minibatch_k64,text_pca256_lexical_w005
33562,45,minibatch_k64,text_pca256_lexical_w005
33563,33,minibatch_k64,text_pca256_lexical_w005
33564,0,minibatch_k64,text_pca256_lexical_w005
33565,23,minibatch_k64,text_pca256_lexical_w005
33566,15,minibatch_k64,text_pca256_lexical_w005
33567,33,minibatch_k64,text_pca256_lexical_w005
33568,8,minibatch_k64,text_pca256_lexical_w005
33569,15,minibatch_k64,text_pca256_lexical_w005
33570,14,minibatch_k64,text_pca256_lexical_w005
33571,62,minibatch_k64,text_pca256_lexical_w005
33572,8,minibatch_k64,text_pca256_lexical_w005
33573,57,minibatch_k64,text_pca256_lexical_w005
33574,11,minibatch_k64,text_pca256_lexical_w005
33575,25,minibatch_k64,text_pca256_lexical_w005
33576,25,minibatch_k64,text_pca256_lexical_w005
33577,62,minibatch_k64,text_pca256_lexical_w005
33578,23,minibatch_k64,text_pca256_lexical_w005
33579,2,minibatch_k64,text_pca256_lexical_w005
33580,8,minibatch_k64,text_pca256_lexical_w005
33581,15,minibatch_k64,text_pca256_lexical_w005
33582,8,minibatch_k64,text_pca256_lexical_w005
33583,15,minibatch_k64,text_pca256_lexical_w005
33584,15,minibatch_k64,text_pca256_lexical_w005
33585,57,minibatch_k64,text_pca256_lexical_w005
33586,5,minibatch_k64,text_pca256_lexical_w005
33587,23,minibatch_k64,text_pca256_lexical_w005
33588,33,minibatch_k64,text_pca256_lexical_w005
33589,15,minibatch_k64,text_pca256_lexical_w005
33590,62,minibatch_k64,text_pca256_lexical_w005
33591,5,minibatch_k64,text_pca256_lexical_w005
33592,5,minibatch_k64,text_pca256_lexical_w005
33593,57,minibatch_k64,text_pca256_lexical_w005
33594,62,minibatch_k64,text_pca256_lexical_w005
33595,15,minibatch_k64,text_pca256_lexical_w005
33596,61,minibatch_k64,text_pca256_lexical_w005
33597,33,minibatch_k64,text_pca256_lexical_w005
33598,5,minibatch_k64,text_pca256_lexical_w005
33599,61,minibatch_k64,text_pca256_lexical_w005
33600,45,minibatch_k64,text_pca256_lexical_w005
33601,57,minibatch_k64,text_pca256_lexical_w005
33602,0,minibatch_k64,text_pca256_lexical_w005
33603,23,minibatch_k64,text_pca256_lexical_w005
33604,0,minibatch_k64,text_pca256_lexical_w005
33605,15,minibatch_k64,text_pca256_lexical_w005
33606,58,minibatch_k64,text_pca256_lexical_w005
33607,21,minibatch_k64,text_pca256_lexical_w005
33608,62,minibatch_k64,text_pca256_lexical_w005
33609,33,minibatch_k64,text_pca256_lexical_w005
33610,58,minibatch_k64,text_pca256_lexical_w005
33611,45,minibatch_k64,text_pca256_lexical_w005
33612,55,minibatch_k64,text_pca256_lexical_w005
33613,13,minibatch_k64,text_pca256_lexical_w005
33614,59,minibatch_k64,text_pca256_lexical_w005
33615,0,minibatch_k64,text_pca256_lexical_w005
33616,62,minibatch_k64,text_pca256_lexical_w005
33617,33,minibatch_k64,text_pca256_lexical_w005
33618,23,minibatch_k64,text_pca256_lexical_w005
33619,33,minibatch_k64,text_pca256_lexical_w005
33620,53,minibatch_k64,text_pca256_lexical_w005
33621,33,minibatch_k64,text_pca256_lexical_w005
33622,11,minibatch_k64,text_pca256_lexical_w005
33623,62,minibatch_k64,text_pca256_lexical_w005
33624,61,minibatch_k64,text_pca256_lexical_w005
33625,0,minibatch_k64,text_pca256_lexical_w005
33626,0,minibatch_k64,text_pca256_lexical_w005
33627,61,minibatch_k64,text_pca256_lexical_w005
33628,5,minibatch_k64,text_pca256_lexical_w005
33629,0,minibatch_k64,text_pca256_lexical_w005
33630,15,minibatch_k64,text_pca256_lexical_w005
33631,0,minibatch_k64,text_pca256_lexical_w005
33632,15,minibatch_k64,text_pca256_lexical_w005
33633,33,minibatch_k64,text_pca256_lexical_w005
33634,0,minibatch_k64,text_pca256_lexical_w005
33635,8,minibatch_k64,text_pca256_lexical_w005
33636,62,minibatch_k64,text_pca256_lexical_w005
33637,39,minibatch_k64,text_pca256_lexical_w005
33638,33,minibatch_k64,text_pca256_lexical_w005
33639,0,minibatch_k64,text_pca256_lexical_w005
33640,15,minibatch_k64,text_pca256_lexical_w005
33641,2,minibatch_k64,text_pca256_lexical_w005
33642,8,minibatch_k64,text_pca256_lexical_w005
33643,11,minibatch_k64,text_pca256_lexical_w005
33644,33,minibatch_k64,text_pca256_lexical_w005
33645,57,minibatch_k64,text_pca256_lexical_w005
33646,39,minibatch_k64,text_pca256_lexical_w005
33647,33,minibatch_k64,text_pca256_lexical_w005
33648,62,minibatch_k64,text_pca256_lexical_w005
33649,33,minibatch_k64,text_pca256_lexical_w005
33650,56,minibatch_k64,text_pca256_lexical_w005
33651,23,minibatch_k64,text_pca256_lexical_w005
33652,57,minibatch_k64,text_pca256_lexical_w005
33653,11,minibatch_k64,text_pca256_lexical_w005
33654,33,minibatch_k64,text_pca256_lexical_w005
33655,23,minibatch_k64,text_pca256_lexical_w005
33656,33,minibatch_k64,text_pca256_lexical_w005
33657,59,minibatch_k64,text_pca256_lexical_w005
33658,8,minibatch_k64,text_pca256_lexical_w005
33659,8,minibatch_k64,text_pca256_lexical_w005
33660,15,minibatch_k64,text_pca256_lexical_w005
33661,0,minibatch_k64,text_pca256_lexical_w005
33662,25,minibatch_k64,text_pca256_lexical_w005
33663,33,minibatch_k64,text_pca256_lexical_w005
33664,21,minibatch_k64,text_pca256_lexical_w005
33665,33,minibatch_k64,text_pca256_lexical_w005
33666,8,minibatch_k64,text_pca256_lexical_w005
33667,0,minibatch_k64,text_pca256_lexical_w005
33668,14,minibatch_k64,text_pca256_lexical_w005
33669,62,minibatch_k64,text_pca256_lexical_w005
33670,14,minibatch_k64,text_pca256_lexical_w005
33671,59,minibatch_k64,text_pca256_lexical_w005
33672,45,minibatch_k64,text_pca256_lexical_w005
33673,33,minibatch_k64,text_pca256_lexical_w005
33674,8,minibatch_k64,text_pca256_lexical_w005
33675,20,minibatch_k64,text_pca256_lexical_w005
33676,10,minibatch_k64,text_pca256_lexical_w005
33677,33,minibatch_k64,text_pca256_lexical_w005
33678,23,minibatch_k64,text_pca256_lexical_w005
33679,62,minibatch_k64,text_pca256_lexical_w005
33680,53,minibatch_k64,text_pca256_lexical_w005
33681,33,minibatch_k64,text_pca256_lexical_w005
33682,8,minibatch_k64,text_pca256_lexical_w005
33683,53,minibatch_k64,text_pca256_lexical_w005
33684,33,minibatch_k64,text_pca256_lexical_w005
33685,59,minibatch_k64,text_pca256_lexical_w005
33686,33,minibatch_k64,text_pca256_lexical_w005
33687,42,minibatch_k64,text_pca256_lexical_w005
33688,10,minibatch_k64,text_pca256_lexical_w005
33689,42,minibatch_k64,text_pca256_lexical_w005
33690,58,minibatch_k64,text_pca256_lexical_w005
33691,33,minibatch_k64,text_pca256_lexical_w005
33692,45,minibatch_k64,text_pca256_lexical_w005
33693,23,minibatch_k64,text_pca256_lexical_w005
33694,0,minibatch_k64,text_pca256_lexical_w005
33695,55,minibatch_k64,text_pca256_lexical_w005
33696,33,minibatch_k64,text_pca256_lexical_w005
33697,15,minibatch_k64,text_pca256_lexical_w005
33698,63,minibatch_k64,text_pca256_lexical_w005
33699,15,minibatch_k64,text_pca256_lexical_w005
33700,62,minibatch_k64,text_pca256_lexical_w005
33701,8,minibatch_k64,text_pca256_lexical_w005
33702,62,minibatch_k64,text_pca256_lexical_w005
33703,33,minibatch_k64,text_pca256_lexical_w005
33704,0,minibatch_k64,text_pca256_lexical_w005
33705,8,minibatch_k64,text_pca256_lexical_w005
33706,2,minibatch_k64,text_pca256_lexical_w005
33707,15,minibatch_k64,text_pca256_lexical_w005
33708,8,minibatch_k64,text_pca256_lexical_w005
33709,8,minibatch_k64,text_pca256_lexical_w005
33710,8,minibatch_k64,text_pca256_lexical_w005
33711,25,minibatch_k64,text_pca256_lexical_w005
33712,10,minibatch_k64,text_pca256_lexical_w005
33713,42,minibatch_k64,text_pca256_lexical_w005
33714,53,minibatch_k64,text_pca256_lexical_w005
33715,8,minibatch_k64,text_pca256_lexical_w005
33716,33,minibatch_k64,text_pca256_lexical_w005
33717,33,minibatch_k64,text_pca256_lexical_w005
33718,8,minibatch_k64,text_pca256_lexical_w005
33719,33,minibatch_k64,text_pca256_lexical_w005
33720,21,minibatch_k64,text_pca256_lexical_w005
33721,23,minibatch_k64,text_pca256_lexical_w005
33722,33,minibatch_k64,text_pca256_lexical_w005
33723,50,minibatch_k64,text_pca256_lexical_w005
33724,8,minibatch_k64,text_pca256_lexical_w005
33725,33,minibatch_k64,text_pca256_lexical_w005
33726,33,minibatch_k64,text_pca256_lexical_w005
33727,33,minibatch_k64,text_pca256_lexical_w005
33728,23,minibatch_k64,text_pca256_lexical_w005
33729,33,minibatch_k64,text_pca256_lexical_w005
33730,14,minibatch_k64,text_pca256_lexical_w005
33731,14,minibatch_k64,text_pca256_lexical_w005
33732,0,minibatch_k64,text_pca256_lexical_w005
33733,21,minibatch_k64,text_pca256_lexical_w005
33734,33,minibatch_k64,text_pca256_lexical_w005
33735,33,minibatch_k64,text_pca256_lexical_w005
33736,15,minibatch_k64,text_pca256_lexical_w005
33737,33,minibatch_k64,text_pca256_lexical_w005
33738,39,minibatch_k64,text_pca256_lexical_w005
33739,15,minibatch_k64,text_pca256_lexical_w005
33740,10,minibatch_k64,text_pca256_lexical_w005
33741,33,minibatch_k64,text_pca256_lexical_w005
33742,8,minibatch_k64,text_pca256_lexical_w005
33743,39,minibatch_k64,text_pca256_lexical_w005
33744,15,minibatch_k64,text_pca256_lexical_w005
33745,61,minibatch_k64,text_pca256_lexical_w005
33746,8,minibatch_k64,text_pca256_lexical_w005
33747,23,minibatch_k64,text_pca256_lexical_w005
33748,15,minibatch_k64,text_pca256_lexical_w005
33749,10,minibatch_k64,text_pca256_lexical_w005
33750,38,minibatch_k64,text_pca256_lexical_w005
33751,23,minibatch_k64,text_pca256_lexical_w005
33752,0,minibatch_k64,text_pca256_lexical_w005
33753,10,minibatch_k64,text_pca256_lexical_w005
33754,45,minibatch_k64,text_pca256_lexical_w005
33755,55,minibatch_k64,text_pca256_lexical_w005
33756,13,minibatch_k64,text_pca256_lexical_w005
33757,42,minibatch_k64,text_pca256_lexical_w005
33758,59,minibatch_k64,text_pca256_lexical_w005
33759,15,minibatch_k64,text_pca256_lexical_w005
33760,0,minibatch_k64,text_pca256_lexical_w005
33761,10,minibatch_k64,text_pca256_lexical_w005
33762,50,minibatch_k64,text_pca256_lexical_w005
33763,10,minibatch_k64,text_pca256_lexical_w005
33764,0,minibatch_k64,text_pca256_lexical_w005
33765,62,minibatch_k64,text_pca256_lexical_w005
33766,33,minibatch_k64,text_pca256_lexical_w005
33767,15,minibatch_k64,text_pca256_lexical_w005
33768,62,minibatch_k64,text_pca256_lexical_w005
33769,0,minibatch_k64,text_pca256_lexical_w005
33770,62,minibatch_k64,text_pca256_lexical_w005
33771,59,minibatch_k64,text_pca256_lexical_w005
33772,10,minibatch_k64,text_pca256_lexical_w005
33773,23,minibatch_k64,text_pca256_lexical_w005
33774,56,minibatch_k64,text_pca256_lexical_w005
33775,45,minibatch_k64,text_pca256_lexical_w005
33776,62,minibatch_k64,text_pca256_lexical_w005
33777,8,minibatch_k64,text_pca256_lexical_w005
33778,15,minibatch_k64,text_pca256_lexical_w005
33779,0,minibatch_k64,text_pca256_lexical_w005
33780,0,minibatch_k64,text_pca256_lexical_w005
33781,8,minibatch_k64,text_pca256_lexical_w005
33782,33,minibatch_k64,text_pca256_lexical_w005
33783,62,minibatch_k64,text_pca256_lexical_w005
33784,0,minibatch_k64,text_pca256_lexical_w005
33785,21,minibatch_k64,text_pca256_lexical_w005
33786,0,minibatch_k64,text_pca256_lexical_w005
33787,10,minibatch_k64,text_pca256_lexical_w005
33788,0,minibatch_k64,text_pca256_lexical_w005
33789,23,minibatch_k64,text_pca256_lexical_w005
33790,8,minibatch_k64,text_pca256_lexical_w005
33791,15,minibatch_k64,text_pca256_lexical_w005
33792,39,minibatch_k64,text_pca256_lexical_w005
33793,39,minibatch_k64,text_pca256_lexical_w005
33794,23,minibatch_k64,text_pca256_lexical_w005
33795,8,minibatch_k64,text_pca256_lexical_w005
33796,0,minibatch_k64,text_pca256_lexical_w005
33797,33,minibatch_k64,text_pca256_lexical_w005
33798,33,minibatch_k64,text_pca256_lexical_w005
33799,2,minibatch_k64,text_pca256_lexical_w005
33800,0,minibatch_k64,text_pca256_lexical_w005
33801,8,minibatch_k64,text_pca256_lexical_w005
33802,0,minibatch_k64,text_pca256_lexical_w005
33803,33,minibatch_k64,text_pca256_lexical_w005
33804,14,minibatch_k64,text_pca256_lexical_w005
33805,14,minibatch_k64,text_pca256_lexical_w005
33806,25,minibatch_k64,text_pca256_lexical_w005
33807,33,minibatch_k64,text_pca256_lexical_w005
33808,23,minibatch_k64,text_pca256_lexical_w005
33809,62,minibatch_k64,text_pca256_lexical_w005
33810,10,minibatch_k64,text_pca256_lexical_w005
33811,20,minibatch_k64,text_pca256_lexical_w005
33812,23,minibatch_k64,text_pca256_lexical_w005
33813,15,minibatch_k64,text_pca256_lexical_w005
33814,10,minibatch_k64,text_pca256_lexical_w005
33815,8,minibatch_k64,text_pca256_lexical_w005
33816,62,minibatch_k64,text_pca256_lexical_w005
33817,15,minibatch_k64,text_pca256_lexical_w005
33818,23,minibatch_k64,text_pca256_lexical_w005
33819,38,minibatch_k64,text_pca256_lexical_w005
33820,23,minibatch_k64,text_pca256_lexical_w005
33821,2,minibatch_k64,text_pca256_lexical_w005
33822,62,minibatch_k64,text_pca256_lexical_w005
33823,33,minibatch_k64,text_pca256_lexical_w005
33824,33,minibatch_k64,text_pca256_lexical_w005
33825,0,minibatch_k64,text_pca256_lexical_w005
33826,53,minibatch_k64,text_pca256_lexical_w005
33827,8,minibatch_k64,text_pca256_lexical_w005
33828,23,minibatch_k64,text_pca256_lexical_w005
33829,15,minibatch_k64,text_pca256_lexical_w005
33830,10,minibatch_k64,text_pca256_lexical_w005
33831,23,minibatch_k64,text_pca256_lexical_w005
33832,62,minibatch_k64,text_pca256_lexical_w005
33833,62,minibatch_k64,text_pca256_lexical_w005
33834,20,minibatch_k64,text_pca256_lexical_w005
33835,59,minibatch_k64,text_pca256_lexical_w005
33836,21,minibatch_k64,text_pca256_lexical_w005
33837,62,minibatch_k64,text_pca256_lexical_w005
33838,33,minibatch_k64,text_pca256_lexical_w005
33839,21,minibatch_k64,text_pca256_lexical_w005
33840,14,minibatch_k64,text_pca256_lexical_w005
33841,14,minibatch_k64,text_pca256_lexical_w005
33842,25,minibatch_k64,text_pca256_lexical_w005
33843,0,minibatch_k64,text_pca256_lexical_w005
33844,62,minibatch_k64,text_pca256_lexical_w005
33845,33,minibatch_k64,text_pca256_lexical_w005
33846,33,minibatch_k64,text_pca256_lexical_w005
33847,15,minibatch_k64,text_pca256_lexical_w005
33848,8,minibatch_k64,text_pca256_lexical_w005
33849,23,minibatch_k64,text_pca256_lexical_w005
33850,33,minibatch_k64,text_pca256_lexical_w005
33851,0,minibatch_k64,text_pca256_lexical_w005
33852,8,minibatch_k64,text_pca256_lexical_w005
33853,39,minibatch_k64,text_pca256_lexical_w005
33854,39,minibatch_k64,text_pca256_lexical_w005
33855,42,minibatch_k64,text_pca256_lexical_w005
33856,23,minibatch_k64,text_pca256_lexical_w005
33857,33,minibatch_k64,text_pca256_lexical_w005
33858,39,minibatch_k64,text_pca256_lexical_w005
33859,0,minibatch_k64,text_pca256_lexical_w005
33860,38,minibatch_k64,text_pca256_lexical_w005
33861,10,minibatch_k64,text_pca256_lexical_w005
33862,15,minibatch_k64,text_pca256_lexical_w005
33863,33,minibatch_k64,text_pca256_lexical_w005
33864,36,minibatch_k64,text_pca256_lexical_w005
33865,45,minibatch_k64,text_pca256_lexical_w005
33866,55,minibatch_k64,text_pca256_lexical_w005
33867,22,minibatch_k64,text_pca256_lexical_w005
33868,39,minibatch_k64,text_pca256_lexical_w005
33869,0,minibatch_k64,text_pca256_lexical_w005
33870,8,minibatch_k64,text_pca256_lexical_w005
33871,10,minibatch_k64,text_pca256_lexical_w005
33872,15,minibatch_k64,text_pca256_lexical_w005
33873,50,minibatch_k64,text_pca256_lexical_w005
33874,33,minibatch_k64,text_pca256_lexical_w005
33875,15,minibatch_k64,text_pca256_lexical_w005
33876,62,minibatch_k64,text_pca256_lexical_w005
33877,33,minibatch_k64,text_pca256_lexical_w005
33878,0,minibatch_k64,text_pca256_lexical_w005
33879,8,minibatch_k64,text_pca256_lexical_w005
33880,62,minibatch_k64,text_pca256_lexical_w005
33881,10,minibatch_k64,text_pca256_lexical_w005
33882,33,minibatch_k64,text_pca256_lexical_w005
33883,0,minibatch_k64,text_pca256_lexical_w005
33884,0,minibatch_k64,text_pca256_lexical_w005
33885,21,minibatch_k64,text_pca256_lexical_w005
33886,8,minibatch_k64,text_pca256_lexical_w005
33887,8,minibatch_k64,text_pca256_lexical_w005
33888,56,minibatch_k64,text_pca256_lexical_w005
33889,23,minibatch_k64,text_pca256_lexical_w005
33890,8,minibatch_k64,text_pca256_lexical_w005
33891,33,minibatch_k64,text_pca256_lexical_w005
33892,50,minibatch_k64,text_pca256_lexical_w005
33893,62,minibatch_k64,text_pca256_lexical_w005
33894,33,minibatch_k64,text_pca256_lexical_w005
33895,21,minibatch_k64,text_pca256_lexical_w005
33896,39,minibatch_k64,text_pca256_lexical_w005
33897,23,minibatch_k64,text_pca256_lexical_w005
33898,0,minibatch_k64,text_pca256_lexical_w005
33899,0,minibatch_k64,text_pca256_lexical_w005
33900,33,minibatch_k64,text_pca256_lexical_w005
33901,23,minibatch_k64,text_pca256_lexical_w005
33902,14,minibatch_k64,text_pca256_lexical_w005
33903,62,minibatch_k64,text_pca256_lexical_w005
33904,33,minibatch_k64,text_pca256_lexical_w005
33905,42,minibatch_k64,text_pca256_lexical_w005
33906,42,minibatch_k64,text_pca256_lexical_w005
33907,62,minibatch_k64,text_pca256_lexical_w005
33908,33,minibatch_k64,text_pca256_lexical_w005
33909,62,minibatch_k64,text_pca256_lexical_w005
33910,33,minibatch_k64,text_pca256_lexical_w005
33911,62,minibatch_k64,text_pca256_lexical_w005
33912,33,minibatch_k64,text_pca256_lexical_w005
33913,62,minibatch_k64,text_pca256_lexical_w005
33914,62,minibatch_k64,text_pca256_lexical_w005
33915,62,minibatch_k64,text_pca256_lexical_w005
33916,15,minibatch_k64,text_pca256_lexical_w005
33917,0,minibatch_k64,text_pca256_lexical_w005
33918,47,minibatch_k64,text_pca256_lexical_w005
33919,15,minibatch_k64,text_pca256_lexical_w005
33920,0,minibatch_k64,text_pca256_lexical_w005
33921,45,minibatch_k64,text_pca256_lexical_w005
33922,23,minibatch_k64,text_pca256_lexical_w005
33923,62,minibatch_k64,text_pca256_lexical_w005
33924,23,minibatch_k64,text_pca256_lexical_w005
33925,23,minibatch_k64,text_pca256_lexical_w005
33926,10,minibatch_k64,text_pca256_lexical_w005
33927,23,minibatch_k64,text_pca256_lexical_w005
33928,10,minibatch_k64,text_pca256_lexical_w005
33929,62,minibatch_k64,text_pca256_lexical_w005
33930,8,minibatch_k64,text_pca256_lexical_w005
33931,45,minibatch_k64,text_pca256_lexical_w005
33932,45,minibatch_k64,text_pca256_lexical_w005
33933,8,minibatch_k64,text_pca256_lexical_w005
33934,45,minibatch_k64,text_pca256_lexical_w005
33935,0,minibatch_k64,text_pca256_lexical_w005
33936,45,minibatch_k64,text_pca256_lexical_w005
33937,23,minibatch_k64,text_pca256_lexical_w005
33938,8,minibatch_k64,text_pca256_lexical_w005
33939,8,minibatch_k64,text_pca256_lexical_w005
33940,59,minibatch_k64,text_pca256_lexical_w005
33941,33,minibatch_k64,text_pca256_lexical_w005
33942,0,minibatch_k64,text_pca256_lexical_w005
33943,21,minibatch_k64,text_pca256_lexical_w005
33944,15,minibatch_k64,text_pca256_lexical_w005
33945,50,minibatch_k64,text_pca256_lexical_w005
33946,8,minibatch_k64,text_pca256_lexical_w005
33947,62,minibatch_k64,text_pca256_lexical_w005
33948,33,minibatch_k64,text_pca256_lexical_w005
33949,25,minibatch_k64,text_pca256_lexical_w005
33950,33,minibatch_k64,text_pca256_lexical_w005
33951,33,minibatch_k64,text_pca256_lexical_w005
33952,10,minibatch_k64,text_pca256_lexical_w005
33953,8,minibatch_k64,text_pca256_lexical_w005
33954,10,minibatch_k64,text_pca256_lexical_w005
33955,4,minibatch_k64,text_pca256_lexical_w005
33956,10,minibatch_k64,text_pca256_lexical_w005
33957,8,minibatch_k64,text_pca256_lexical_w005
33958,8,minibatch_k64,text_pca256_lexical_w005
33959,62,minibatch_k64,text_pca256_lexical_w005
33960,10,minibatch_k64,text_pca256_lexical_w005
33961,0,minibatch_k64,text_pca256_lexical_w005
33962,0,minibatch_k64,text_pca256_lexical_w005
33963,8,minibatch_k64,text_pca256_lexical_w005
33964,33,minibatch_k64,text_pca256_lexical_w005
33965,0,minibatch_k64,text_pca256_lexical_w005
33966,0,minibatch_k64,text_pca256_lexical_w005
33967,21,minibatch_k64,text_pca256_lexical_w005
33968,10,minibatch_k64,text_pca256_lexical_w005
33969,15,minibatch_k64,text_pca256_lexical_w005
33970,8,minibatch_k64,text_pca256_lexical_w005
33971,10,minibatch_k64,text_pca256_lexical_w005
33972,62,minibatch_k64,text_pca256_lexical_w005
33973,14,minibatch_k64,text_pca256_lexical_w005
33974,0,minibatch_k64,text_pca256_lexical_w005
33975,10,minibatch_k64,text_pca256_lexical_w005
33976,33,minibatch_k64,text_pca256_lexical_w005
33977,33,minibatch_k64,text_pca256_lexical_w005
33978,8,minibatch_k64,text_pca256_lexical_w005
33979,50,minibatch_k64,text_pca256_lexical_w005
33980,59,minibatch_k64,text_pca256_lexical_w005
33981,62,minibatch_k64,text_pca256_lexical_w005
33982,0,minibatch_k64,text_pca256_lexical_w005
33983,62,minibatch_k64,text_pca256_lexical_w005
33984,45,minibatch_k64,text_pca256_lexical_w005
33985,48,minibatch_k64,text_pca256_lexical_w005
33986,10,minibatch_k64,text_pca256_lexical_w005
33987,45,minibatch_k64,text_pca256_lexical_w005
33988,62,minibatch_k64,text_pca256_lexical_w005
33989,38,minibatch_k64,text_pca256_lexical_w005
33990,45,minibatch_k64,text_pca256_lexical_w005
33991,45,minibatch_k64,text_pca256_lexical_w005
33992,45,minibatch_k64,text_pca256_lexical_w005
33993,33,minibatch_k64,text_pca256_lexical_w005
33994,8,minibatch_k64,text_pca256_lexical_w005
33995,15,minibatch_k64,text_pca256_lexical_w005
33996,36,minibatch_k64,text_pca256_lexical_w005
33997,45,minibatch_k64,text_pca256_lexical_w005
33998,55,minibatch_k64,text_pca256_lexical_w005
33999,13,minibatch_k64,text_pca256_lexical_w005
34000,45,minibatch_k64,text_pca256_lexical_w005
34001,33,minibatch_k64,text_pca256_lexical_w005
34002,8,minibatch_k64,text_pca256_lexical_w005
34003,45,minibatch_k64,text_pca256_lexical_w005
34004,45,minibatch_k64,text_pca256_lexical_w005
34005,62,minibatch_k64,text_pca256_lexical_w005
34006,59,minibatch_k64,text_pca256_lexical_w005
34007,8,minibatch_k64,text_pca256_lexical_w005
34008,0,minibatch_k64,text_pca256_lexical_w005
34009,62,minibatch_k64,text_pca256_lexical_w005
34010,62,minibatch_k64,text_pca256_lexical_w005
34011,33,minibatch_k64,text_pca256_lexical_w005
34012,62,minibatch_k64,text_pca256_lexical_w005
34013,8,minibatch_k64,text_pca256_lexical_w005
34014,33,minibatch_k64,text_pca256_lexical_w005
34015,15,minibatch_k64,text_pca256_lexical_w005
34016,33,minibatch_k64,text_pca256_lexical_w005
34017,21,minibatch_k64,text_pca256_lexical_w005
34018,33,minibatch_k64,text_pca256_lexical_w005
34019,15,minibatch_k64,text_pca256_lexical_w005
34020,0,minibatch_k64,text_pca256_lexical_w005
34021,21,minibatch_k64,text_pca256_lexical_w005
34022,62,minibatch_k64,text_pca256_lexical_w005
34023,42,minibatch_k64,text_pca256_lexical_w005
34024,8,minibatch_k64,text_pca256_lexical_w005
34025,23,minibatch_k64,text_pca256_lexical_w005
34026,59,minibatch_k64,text_pca256_lexical_w005
34027,62,minibatch_k64,text_pca256_lexical_w005
34028,0,minibatch_k64,text_pca256_lexical_w005
34029,0,minibatch_k64,text_pca256_lexical_w005
34030,45,minibatch_k64,text_pca256_lexical_w005
34031,33,minibatch_k64,text_pca256_lexical_w005
34032,23,minibatch_k64,text_pca256_lexical_w005
34033,45,minibatch_k64,text_pca256_lexical_w005
34034,50,minibatch_k64,text_pca256_lexical_w005
34035,15,minibatch_k64,text_pca256_lexical_w005
34036,56,minibatch_k64,text_pca256_lexical_w005
34037,15,minibatch_k64,text_pca256_lexical_w005
34038,59,minibatch_k64,text_pca256_lexical_w005
34039,62,minibatch_k64,text_pca256_lexical_w005
34040,42,minibatch_k64,text_pca256_lexical_w005
34041,47,minibatch_k64,text_pca256_lexical_w005
34042,59,minibatch_k64,text_pca256_lexical_w005
34043,45,minibatch_k64,text_pca256_lexical_w005
34044,33,minibatch_k64,text_pca256_lexical_w005
34045,2,minibatch_k64,text_pca256_lexical_w005
34046,8,minibatch_k64,text_pca256_lexical_w005
34047,33,minibatch_k64,text_pca256_lexical_w005
34048,62,minibatch_k64,text_pca256_lexical_w005
34049,53,minibatch_k64,text_pca256_lexical_w005
34050,48,minibatch_k64,text_pca256_lexical_w005
34051,45,minibatch_k64,text_pca256_lexical_w005
34052,15,minibatch_k64,text_pca256_lexical_w005
34053,10,minibatch_k64,text_pca256_lexical_w005
34054,62,minibatch_k64,text_pca256_lexical_w005
34055,62,minibatch_k64,text_pca256_lexical_w005
34056,10,minibatch_k64,text_pca256_lexical_w005
34057,62,minibatch_k64,text_pca256_lexical_w005
34058,15,minibatch_k64,text_pca256_lexical_w005
34059,0,minibatch_k64,text_pca256_lexical_w005
34060,45,minibatch_k64,text_pca256_lexical_w005
34061,2,minibatch_k64,text_pca256_lexical_w005
34062,33,minibatch_k64,text_pca256_lexical_w005
34063,0,minibatch_k64,text_pca256_lexical_w005
34064,8,minibatch_k64,text_pca256_lexical_w005
34065,10,minibatch_k64,text_pca256_lexical_w005
34066,10,minibatch_k64,text_pca256_lexical_w005
34067,59,minibatch_k64,text_pca256_lexical_w005
34068,62,minibatch_k64,text_pca256_lexical_w005
34069,62,minibatch_k64,text_pca256_lexical_w005
34070,0,minibatch_k64,text_pca256_lexical_w005
34071,12,minibatch_k64,text_pca256_lexical_w005
34072,0,minibatch_k64,text_pca256_lexical_w005
34073,8,minibatch_k64,text_pca256_lexical_w005
34074,15,minibatch_k64,text_pca256_lexical_w005
34075,33,minibatch_k64,text_pca256_lexical_w005
34076,0,minibatch_k64,text_pca256_lexical_w005
34077,62,minibatch_k64,text_pca256_lexical_w005
34078,10,minibatch_k64,text_pca256_lexical_w005
34079,62,minibatch_k64,text_pca256_lexical_w005
34080,15,minibatch_k64,text_pca256_lexical_w005
34081,21,minibatch_k64,text_pca256_lexical_w005
34082,47,minibatch_k64,text_pca256_lexical_w005
34083,0,minibatch_k64,text_pca256_lexical_w005
34084,0,minibatch_k64,text_pca256_lexical_w005
34085,59,minibatch_k64,text_pca256_lexical_w005
34086,45,minibatch_k64,text_pca256_lexical_w005
34087,62,minibatch_k64,text_pca256_lexical_w005
34088,59,minibatch_k64,text_pca256_lexical_w005
34089,59,minibatch_k64,text_pca256_lexical_w005
34090,0,minibatch_k64,text_pca256_lexical_w005
34091,62,minibatch_k64,text_pca256_lexical_w005
34092,10,minibatch_k64,text_pca256_lexical_w005
34093,62,minibatch_k64,text_pca256_lexical_w005
34094,33,minibatch_k64,text_pca256_lexical_w005
34095,42,minibatch_k64,text_pca256_lexical_w005
34096,15,minibatch_k64,text_pca256_lexical_w005
34097,59,minibatch_k64,text_pca256_lexical_w005
34098,0,minibatch_k64,text_pca256_lexical_w005
34099,62,minibatch_k64,text_pca256_lexical_w005
34100,33,minibatch_k64,text_pca256_lexical_w005
34101,15,minibatch_k64,text_pca256_lexical_w005
34102,33,minibatch_k64,text_pca256_lexical_w005
34103,8,minibatch_k64,text_pca256_lexical_w005
34104,4,minibatch_k64,text_pca256_lexical_w005
34105,61,minibatch_k64,text_pca256_lexical_w005
34106,62,minibatch_k64,text_pca256_lexical_w005
34107,33,minibatch_k64,text_pca256_lexical_w005
34108,15,minibatch_k64,text_pca256_lexical_w005
34109,33,minibatch_k64,text_pca256_lexical_w005
34110,21,minibatch_k64,text_pca256_lexical_w005
34111,59,minibatch_k64,text_pca256_lexical_w005
34112,0,minibatch_k64,text_pca256_lexical_w005
34113,45,minibatch_k64,text_pca256_lexical_w005
34114,42,minibatch_k64,text_pca256_lexical_w005
34115,59,minibatch_k64,text_pca256_lexical_w005
34116,0,minibatch_k64,text_pca256_lexical_w005
34117,10,minibatch_k64,text_pca256_lexical_w005
34118,15,minibatch_k64,text_pca256_lexical_w005
34119,8,minibatch_k64,text_pca256_lexical_w005
34120,53,minibatch_k64,text_pca256_lexical_w005
34121,8,minibatch_k64,text_pca256_lexical_w005
34122,10,minibatch_k64,text_pca256_lexical_w005
34123,62,minibatch_k64,text_pca256_lexical_w005
34124,62,minibatch_k64,text_pca256_lexical_w005
34125,0,minibatch_k64,text_pca256_lexical_w005
34126,8,minibatch_k64,text_pca256_lexical_w005
34127,15,minibatch_k64,text_pca256_lexical_w005
34128,8,minibatch_k64,text_pca256_lexical_w005
34129,8,minibatch_k64,text_pca256_lexical_w005
34130,62,minibatch_k64,text_pca256_lexical_w005
34131,62,minibatch_k64,text_pca256_lexical_w005
34132,45,minibatch_k64,text_pca256_lexical_w005
34133,59,minibatch_k64,text_pca256_lexical_w005
34134,48,minibatch_k64,text_pca256_lexical_w005
34135,0,minibatch_k64,text_pca256_lexical_w005
34136,10,minibatch_k64,text_pca256_lexical_w005
34137,10,minibatch_k64,text_pca256_lexical_w005
34138,10,minibatch_k64,text_pca256_lexical_w005
34139,45,minibatch_k64,text_pca256_lexical_w005
34140,0,minibatch_k64,text_pca256_lexical_w005
34141,8,minibatch_k64,text_pca256_lexical_w005
34142,0,minibatch_k64,text_pca256_lexical_w005
34143,0,minibatch_k64,text_pca256_lexical_w005
34144,8,minibatch_k64,text_pca256_lexical_w005
34145,62,minibatch_k64,text_pca256_lexical_w005
34146,33,minibatch_k64,text_pca256_lexical_w005
34147,23,minibatch_k64,text_pca256_lexical_w005
34148,62,minibatch_k64,text_pca256_lexical_w005
34149,59,minibatch_k64,text_pca256_lexical_w005
34150,8,minibatch_k64,text_pca256_lexical_w005
34151,59,minibatch_k64,text_pca256_lexical_w005
34152,59,minibatch_k64,text_pca256_lexical_w005
34153,62,minibatch_k64,text_pca256_lexical_w005
34154,45,minibatch_k64,text_pca256_lexical_w005
34155,0,minibatch_k64,text_pca256_lexical_w005
34156,10,minibatch_k64,text_pca256_lexical_w005
34157,59,minibatch_k64,text_pca256_lexical_w005
34158,23,minibatch_k64,text_pca256_lexical_w005
34159,10,minibatch_k64,text_pca256_lexical_w005
34160,8,minibatch_k64,text_pca256_lexical_w005
34161,0,minibatch_k64,text_pca256_lexical_w005
34162,18,minibatch_k64,text_pca256_lexical_w005
34163,0,minibatch_k64,text_pca256_lexical_w005
34164,23,minibatch_k64,text_pca256_lexical_w005
34165,8,minibatch_k64,text_pca256_lexical_w005
34166,0,minibatch_k64,text_pca256_lexical_w005
34167,45,minibatch_k64,text_pca256_lexical_w005
34168,45,minibatch_k64,text_pca256_lexical_w005
34169,39,minibatch_k64,text_pca256_lexical_w005
34170,8,minibatch_k64,text_pca256_lexical_w005
34171,15,minibatch_k64,text_pca256_lexical_w005
34172,45,minibatch_k64,text_pca256_lexical_w005
34173,45,minibatch_k64,text_pca256_lexical_w005
34174,45,minibatch_k64,text_pca256_lexical_w005
34175,0,minibatch_k64,text_pca256_lexical_w005
34176,14,minibatch_k64,text_pca256_lexical_w005
34177,10,minibatch_k64,text_pca256_lexical_w005
34178,25,minibatch_k64,text_pca256_lexical_w005
34179,8,minibatch_k64,text_pca256_lexical_w005
34180,62,minibatch_k64,text_pca256_lexical_w005
34181,45,minibatch_k64,text_pca256_lexical_w005
34182,23,minibatch_k64,text_pca256_lexical_w005
34183,45,minibatch_k64,text_pca256_lexical_w005
34184,23,minibatch_k64,text_pca256_lexical_w005
34185,8,minibatch_k64,text_pca256_lexical_w005
34186,0,minibatch_k64,text_pca256_lexical_w005
34187,62,minibatch_k64,text_pca256_lexical_w005
34188,10,minibatch_k64,text_pca256_lexical_w005
34189,45,minibatch_k64,text_pca256_lexical_w005
34190,23,minibatch_k64,text_pca256_lexical_w005
34191,23,minibatch_k64,text_pca256_lexical_w005
34192,45,minibatch_k64,text_pca256_lexical_w005
34193,45,minibatch_k64,text_pca256_lexical_w005
34194,45,minibatch_k64,text_pca256_lexical_w005
34195,62,minibatch_k64,text_pca256_lexical_w005
34196,45,minibatch_k64,text_pca256_lexical_w005
34197,8,minibatch_k64,text_pca256_lexical_w005
34198,45,minibatch_k64,text_pca256_lexical_w005
34199,59,minibatch_k64,text_pca256_lexical_w005
34200,23,minibatch_k64,text_pca256_lexical_w005
34201,0,minibatch_k64,text_pca256_lexical_w005
34202,10,minibatch_k64,text_pca256_lexical_w005
34203,38,minibatch_k64,text_pca256_lexical_w005
34204,45,minibatch_k64,text_pca256_lexical_w005
34205,36,minibatch_k64,text_pca256_lexical_w005
34206,45,minibatch_k64,text_pca256_lexical_w005
34207,45,minibatch_k64,text_pca256_lexical_w005
34208,55,minibatch_k64,text_pca256_lexical_w005
34209,8,minibatch_k64,text_pca256_lexical_w005
34210,13,minibatch_k64,text_pca256_lexical_w005
34211,45,minibatch_k64,text_pca256_lexical_w005
34212,59,minibatch_k64,text_pca256_lexical_w005
34213,0,minibatch_k64,text_pca256_lexical_w005
34214,59,minibatch_k64,text_pca256_lexical_w005
34215,0,minibatch_k64,text_pca256_lexical_w005
34216,62,minibatch_k64,text_pca256_lexical_w005
34217,0,minibatch_k64,text_pca256_lexical_w005
34218,0,minibatch_k64,text_pca256_lexical_w005
34219,0,minibatch_k64,text_pca256_lexical_w005
34220,0,minibatch_k64,text_pca256_lexical_w005
34221,62,minibatch_k64,text_pca256_lexical_w005
34222,8,minibatch_k64,text_pca256_lexical_w005
34223,0,minibatch_k64,text_pca256_lexical_w005
34224,59,minibatch_k64,text_pca256_lexical_w005
34225,62,minibatch_k64,text_pca256_lexical_w005
34226,8,minibatch_k64,text_pca256_lexical_w005
34227,8,minibatch_k64,text_pca256_lexical_w005
34228,23,minibatch_k64,text_pca256_lexical_w005
34229,10,minibatch_k64,text_pca256_lexical_w005
34230,62,minibatch_k64,text_pca256_lexical_w005
34231,59,minibatch_k64,text_pca256_lexical_w005
34232,20,minibatch_k64,text_pca256_lexical_w005
34233,23,minibatch_k64,text_pca256_lexical_w005
34234,10,minibatch_k64,text_pca256_lexical_w005
34235,39,minibatch_k64,text_pca256_lexical_w005
34236,10,minibatch_k64,text_pca256_lexical_w005
34237,2,minibatch_k64,text_pca256_lexical_w005
34238,20,minibatch_k64,text_pca256_lexical_w005
34239,39,minibatch_k64,text_pca256_lexical_w005
34240,23,minibatch_k64,text_pca256_lexical_w005
34241,59,minibatch_k64,text_pca256_lexical_w005
34242,45,minibatch_k64,text_pca256_lexical_w005
34243,45,minibatch_k64,text_pca256_lexical_w005
34244,62,minibatch_k64,text_pca256_lexical_w005
34245,15,minibatch_k64,text_pca256_lexical_w005
34246,45,minibatch_k64,text_pca256_lexical_w005
34247,59,minibatch_k64,text_pca256_lexical_w005
34248,45,minibatch_k64,text_pca256_lexical_w005
34249,62,minibatch_k64,text_pca256_lexical_w005
34250,62,minibatch_k64,text_pca256_lexical_w005
34251,59,minibatch_k64,text_pca256_lexical_w005
34252,45,minibatch_k64,text_pca256_lexical_w005
34253,39,minibatch_k64,text_pca256_lexical_w005
34254,0,minibatch_k64,text_pca256_lexical_w005
34255,53,minibatch_k64,text_pca256_lexical_w005
34256,45,minibatch_k64,text_pca256_lexical_w005
34257,39,minibatch_k64,text_pca256_lexical_w005
34258,59,minibatch_k64,text_pca256_lexical_w005
34259,62,minibatch_k64,text_pca256_lexical_w005
34260,39,minibatch_k64,text_pca256_lexical_w005
34261,39,minibatch_k64,text_pca256_lexical_w005
34262,39,minibatch_k64,text_pca256_lexical_w005
34263,39,minibatch_k64,text_pca256_lexical_w005
34264,0,minibatch_k64,text_pca256_lexical_w005
34265,25,minibatch_k64,text_pca256_lexical_w005
34266,10,minibatch_k64,text_pca256_lexical_w005
34267,45,minibatch_k64,text_pca256_lexical_w005
34268,45,minibatch_k64,text_pca256_lexical_w005
34269,15,minibatch_k64,text_pca256_lexical_w005
34270,0,minibatch_k64,text_pca256_lexical_w005
34271,62,minibatch_k64,text_pca256_lexical_w005
34272,59,minibatch_k64,text_pca256_lexical_w005
34273,14,minibatch_k64,text_pca256_lexical_w005
34274,39,minibatch_k64,text_pca256_lexical_w005
34275,59,minibatch_k64,text_pca256_lexical_w005
34276,59,minibatch_k64,text_pca256_lexical_w005
34277,39,minibatch_k64,text_pca256_lexical_w005
34278,10,minibatch_k64,text_pca256_lexical_w005
34279,8,minibatch_k64,text_pca256_lexical_w005
34280,14,minibatch_k64,text_pca256_lexical_w005
34281,39,minibatch_k64,text_pca256_lexical_w005
34282,42,minibatch_k64,text_pca256_lexical_w005
34283,45,minibatch_k64,text_pca256_lexical_w005
34284,45,minibatch_k64,text_pca256_lexical_w005
34285,62,minibatch_k64,text_pca256_lexical_w005
34286,2,minibatch_k64,text_pca256_lexical_w005
34287,45,minibatch_k64,text_pca256_lexical_w005
34288,48,minibatch_k64,text_pca256_lexical_w005
34289,8,minibatch_k64,text_pca256_lexical_w005
34290,23,minibatch_k64,text_pca256_lexical_w005
34291,23,minibatch_k64,text_pca256_lexical_w005
34292,38,minibatch_k64,text_pca256_lexical_w005
34293,45,minibatch_k64,text_pca256_lexical_w005
34294,62,minibatch_k64,text_pca256_lexical_w005
34295,0,minibatch_k64,text_pca256_lexical_w005
34296,36,minibatch_k64,text_pca256_lexical_w005
34297,45,minibatch_k64,text_pca256_lexical_w005
34298,59,minibatch_k64,text_pca256_lexical_w005
34299,0,minibatch_k64,text_pca256_lexical_w005
34300,13,minibatch_k64,text_pca256_lexical_w005
34301,50,minibatch_k64,text_pca256_lexical_w005
34302,0,minibatch_k64,text_pca256_lexical_w005
34303,8,minibatch_k64,text_pca256_lexical_w005
34304,45,minibatch_k64,text_pca256_lexical_w005
34305,0,minibatch_k64,text_pca256_lexical_w005
34306,33,minibatch_k64,text_pca256_lexical_w005
34307,23,minibatch_k64,text_pca256_lexical_w005
34308,0,minibatch_k64,text_pca256_lexical_w005
34309,45,minibatch_k64,text_pca256_lexical_w005
34310,45,minibatch_k64,text_pca256_lexical_w005
34311,10,minibatch_k64,text_pca256_lexical_w005
34312,23,minibatch_k64,text_pca256_lexical_w005
34313,0,minibatch_k64,text_pca256_lexical_w005
34314,45,minibatch_k64,text_pca256_lexical_w005
34315,0,minibatch_k64,text_pca256_lexical_w005
34316,48,minibatch_k64,text_pca256_lexical_w005
34317,23,minibatch_k64,text_pca256_lexical_w005
34318,0,minibatch_k64,text_pca256_lexical_w005
34319,45,minibatch_k64,text_pca256_lexical_w005
34320,0,minibatch_k64,text_pca256_lexical_w005
34321,8,minibatch_k64,text_pca256_lexical_w005
34322,62,minibatch_k64,text_pca256_lexical_w005
34323,0,minibatch_k64,text_pca256_lexical_w005
34324,45,minibatch_k64,text_pca256_lexical_w005
34325,0,minibatch_k64,text_pca256_lexical_w005
34326,21,minibatch_k64,text_pca256_lexical_w005
34327,0,minibatch_k64,text_pca256_lexical_w005
34328,23,minibatch_k64,text_pca256_lexical_w005
34329,0,minibatch_k64,text_pca256_lexical_w005
34330,8,minibatch_k64,text_pca256_lexical_w005
34331,45,minibatch_k64,text_pca256_lexical_w005
34332,59,minibatch_k64,text_pca256_lexical_w005
34333,59,minibatch_k64,text_pca256_lexical_w005
34334,8,minibatch_k64,text_pca256_lexical_w005
34335,0,minibatch_k64,text_pca256_lexical_w005
34336,59,minibatch_k64,text_pca256_lexical_w005
34337,23,minibatch_k64,text_pca256_lexical_w005
34338,45,minibatch_k64,text_pca256_lexical_w005
34339,23,minibatch_k64,text_pca256_lexical_w005
34340,50,minibatch_k64,text_pca256_lexical_w005
34341,45,minibatch_k64,text_pca256_lexical_w005
34342,59,minibatch_k64,text_pca256_lexical_w005
34343,10,minibatch_k64,text_pca256_lexical_w005
34344,45,minibatch_k64,text_pca256_lexical_w005
34345,45,minibatch_k64,text_pca256_lexical_w005
34346,23,minibatch_k64,text_pca256_lexical_w005
34347,0,minibatch_k64,text_pca256_lexical_w005
34348,45,minibatch_k64,text_pca256_lexical_w005
34349,45,minibatch_k64,text_pca256_lexical_w005
34350,48,minibatch_k64,text_pca256_lexical_w005
34351,62,minibatch_k64,text_pca256_lexical_w005
34352,62,minibatch_k64,text_pca256_lexical_w005
34353,50,minibatch_k64,text_pca256_lexical_w005
34354,0,minibatch_k64,text_pca256_lexical_w005
34355,45,minibatch_k64,text_pca256_lexical_w005
34356,0,minibatch_k64,text_pca256_lexical_w005
34357,59,minibatch_k64,text_pca256_lexical_w005
34358,8,minibatch_k64,text_pca256_lexical_w005
34359,8,minibatch_k64,text_pca256_lexical_w005
34360,62,minibatch_k64,text_pca256_lexical_w005
34361,8,minibatch_k64,text_pca256_lexical_w005
34362,59,minibatch_k64,text_pca256_lexical_w005
34363,15,minibatch_k64,text_pca256_lexical_w005
34364,15,minibatch_k64,text_pca256_lexical_w005
34365,0,minibatch_k64,text_pca256_lexical_w005
34366,42,minibatch_k64,text_pca256_lexical_w005
34367,59,minibatch_k64,text_pca256_lexical_w005
34368,15,minibatch_k64,text_pca256_lexical_w005
34369,8,minibatch_k64,text_pca256_lexical_w005
34370,23,minibatch_k64,text_pca256_lexical_w005
34371,59,minibatch_k64,text_pca256_lexical_w005
34372,8,minibatch_k64,text_pca256_lexical_w005
34373,59,minibatch_k64,text_pca256_lexical_w005
34374,10,minibatch_k64,text_pca256_lexical_w005
34375,59,minibatch_k64,text_pca256_lexical_w005
34376,59,minibatch_k64,text_pca256_lexical_w005
34377,0,minibatch_k64,text_pca256_lexical_w005
34378,45,minibatch_k64,text_pca256_lexical_w005
34379,45,minibatch_k64,text_pca256_lexical_w005
34380,15,minibatch_k64,text_pca256_lexical_w005
34381,42,minibatch_k64,text_pca256_lexical_w005
34382,15,minibatch_k64,text_pca256_lexical_w005
34383,59,minibatch_k64,text_pca256_lexical_w005
34384,45,minibatch_k64,text_pca256_lexical_w005
34385,45,minibatch_k64,text_pca256_lexical_w005
34386,45,minibatch_k64,text_pca256_lexical_w005
34387,59,minibatch_k64,text_pca256_lexical_w005
34388,8,minibatch_k64,text_pca256_lexical_w005
34389,23,minibatch_k64,text_pca256_lexical_w005
34390,45,minibatch_k64,text_pca256_lexical_w005
34391,23,minibatch_k64,text_pca256_lexical_w005
34392,45,minibatch_k64,text_pca256_lexical_w005
34393,62,minibatch_k64,text_pca256_lexical_w005
34394,27,minibatch_k64,text_pca256_lexical_w005
34395,45,minibatch_k64,text_pca256_lexical_w005
34396,18,minibatch_k64,text_pca256_lexical_w005
34397,27,minibatch_k64,text_pca256_lexical_w005
34398,45,minibatch_k64,text_pca256_lexical_w005
34399,27,minibatch_k64,text_pca256_lexical_w005
34400,45,minibatch_k64,text_pca256_lexical_w005
34401,15,minibatch_k64,text_pca256_lexical_w005
34402,8,minibatch_k64,text_pca256_lexical_w005
34403,45,minibatch_k64,text_pca256_lexical_w005
34404,45,minibatch_k64,text_pca256_lexical_w005
34405,0,minibatch_k64,text_pca256_lexical_w005
34406,23,minibatch_k64,text_pca256_lexical_w005
34407,59,minibatch_k64,text_pca256_lexical_w005
34408,0,minibatch_k64,text_pca256_lexical_w005
34409,45,minibatch_k64,text_pca256_lexical_w005
34410,0,minibatch_k64,text_pca256_lexical_w005
34411,45,minibatch_k64,text_pca256_lexical_w005
34412,10,minibatch_k64,text_pca256_lexical_w005
34413,59,minibatch_k64,text_pca256_lexical_w005
34414,59,minibatch_k64,text_pca256_lexical_w005
34415,59,minibatch_k64,text_pca256_lexical_w005
34416,0,minibatch_k64,text_pca256_lexical_w005
34417,45,minibatch_k64,text_pca256_lexical_w005
34418,62,minibatch_k64,text_pca256_lexical_w005
34419,59,minibatch_k64,text_pca256_lexical_w005
34420,62,minibatch_k64,text_pca256_lexical_w005
34421,62,minibatch_k64,text_pca256_lexical_w005
34422,45,minibatch_k64,text_pca256_lexical_w005
34423,15,minibatch_k64,text_pca256_lexical_w005
34424,59,minibatch_k64,text_pca256_lexical_w005
34425,0,minibatch_k64,text_pca256_lexical_w005
34426,45,minibatch_k64,text_pca256_lexical_w005
34427,45,minibatch_k64,text_pca256_lexical_w005
34428,0,minibatch_k64,text_pca256_lexical_w005
34429,18,minibatch_k64,text_pca256_lexical_w005
34430,18,minibatch_k64,text_pca256_lexical_w005
34431,45,minibatch_k64,text_pca256_lexical_w005
34432,59,minibatch_k64,text_pca256_lexical_w005
34433,15,minibatch_k64,text_pca256_lexical_w005
34434,10,minibatch_k64,text_pca256_lexical_w005
34435,15,minibatch_k64,text_pca256_lexical_w005
34436,15,minibatch_k64,text_pca256_lexical_w005
34437,15,minibatch_k64,text_pca256_lexical_w005
34438,0,minibatch_k64,text_pca256_lexical_w005
34439,15,minibatch_k64,text_pca256_lexical_w005
34440,15,minibatch_k64,text_pca256_lexical_w005
34441,15,minibatch_k64,text_pca256_lexical_w005
34442,15,minibatch_k64,text_pca256_lexical_w005
34443,15,minibatch_k64,text_pca256_lexical_w005
34444,62,minibatch_k64,text_pca256_lexical_w005
34445,62,minibatch_k64,text_pca256_lexical_w005
34446,62,minibatch_k64,text_pca256_lexical_w005
34447,62,minibatch_k64,text_pca256_lexical_w005
34448,0,minibatch_k64,text_pca256_lexical_w005
34449,62,minibatch_k64,text_pca256_lexical_w005
34450,38,minibatch_k64,text_pca256_lexical_w005
34451,62,minibatch_k64,text_pca256_lexical_w005
34452,23,minibatch_k64,text_pca256_lexical_w005
34453,62,minibatch_k64,text_pca256_lexical_w005
34454,38,minibatch_k64,text_pca256_lexical_w005
34455,62,minibatch_k64,text_pca256_lexical_w005
34456,62,minibatch_k64,text_pca256_lexical_w005
34457,62,minibatch_k64,text_pca256_lexical_w005
34458,38,minibatch_k64,text_pca256_lexical_w005
34459,62,minibatch_k64,text_pca256_lexical_w005
34460,62,minibatch_k64,text_pca256_lexical_w005
34461,8,minibatch_k64,text_pca256_lexical_w005
34462,21,minibatch_k64,text_pca256_lexical_w005
34463,38,minibatch_k64,text_pca256_lexical_w005
34464,62,minibatch_k64,text_pca256_lexical_w005
34465,62,minibatch_k64,text_pca256_lexical_w005
34466,62,minibatch_k64,text_pca256_lexical_w005
34467,62,minibatch_k64,text_pca256_lexical_w005
34468,62,minibatch_k64,text_pca256_lexical_w005
34469,21,minibatch_k64,text_pca256_lexical_w005
34470,38,minibatch_k64,text_pca256_lexical_w005
34471,62,minibatch_k64,text_pca256_lexical_w005
34472,33,minibatch_k64,text_pca256_lexical_w005
34473,38,minibatch_k64,text_pca256_lexical_w005
34474,62,minibatch_k64,text_pca256_lexical_w005
34475,62,minibatch_k64,text_pca256_lexical_w005
34476,38,minibatch_k64,text_pca256_lexical_w005
34477,62,minibatch_k64,text_pca256_lexical_w005
34478,38,minibatch_k64,text_pca256_lexical_w005
34479,62,minibatch_k64,text_pca256_lexical_w005
34480,62,minibatch_k64,text_pca256_lexical_w005
34481,23,minibatch_k64,text_pca256_lexical_w005
34482,45,minibatch_k64,text_pca256_lexical_w005
34483,38,minibatch_k64,text_pca256_lexical_w005
34484,62,minibatch_k64,text_pca256_lexical_w005
34485,23,minibatch_k64,text_pca256_lexical_w005
34486,0,minibatch_k64,text_pca256_lexical_w005
34487,56,minibatch_k64,text_pca256_lexical_w005
34488,38,minibatch_k64,text_pca256_lexical_w005
34489,45,minibatch_k64,text_pca256_lexical_w005
34490,62,minibatch_k64,text_pca256_lexical_w005
34491,62,minibatch_k64,text_pca256_lexical_w005
34492,0,minibatch_k64,text_pca256_lexical_w005
34493,62,minibatch_k64,text_pca256_lexical_w005
34494,42,minibatch_k64,text_pca256_lexical_w005
34495,38,minibatch_k64,text_pca256_lexical_w005
34496,62,minibatch_k64,text_pca256_lexical_w005
34497,38,minibatch_k64,text_pca256_lexical_w005
34498,38,minibatch_k64,text_pca256_lexical_w005
34499,62,minibatch_k64,text_pca256_lexical_w005
34500,8,minibatch_k64,text_pca256_lexical_w005
34501,38,minibatch_k64,text_pca256_lexical_w005
34502,62,minibatch_k64,text_pca256_lexical_w005
34503,0,minibatch_k64,text_pca256_lexical_w005
34504,38,minibatch_k64,text_pca256_lexical_w005
34505,62,minibatch_k64,text_pca256_lexical_w005
34506,38,minibatch_k64,text_pca256_lexical_w005
34507,62,minibatch_k64,text_pca256_lexical_w005
34508,62,minibatch_k64,text_pca256_lexical_w005
34509,0,minibatch_k64,text_pca256_lexical_w005
34510,38,minibatch_k64,text_pca256_lexical_w005
34511,62,minibatch_k64,text_pca256_lexical_w005
34512,0,minibatch_k64,text_pca256_lexical_w005
34513,0,minibatch_k64,text_pca256_lexical_w005
34514,15,minibatch_k64,text_pca256_lexical_w005
34515,0,minibatch_k64,text_pca256_lexical_w005
34516,0,minibatch_k64,text_pca256_lexical_w005
34517,21,minibatch_k64,text_pca256_lexical_w005
34518,42,minibatch_k64,text_pca256_lexical_w005
34519,62,minibatch_k64,text_pca256_lexical_w005
34520,42,minibatch_k64,text_pca256_lexical_w005
34521,23,minibatch_k64,text_pca256_lexical_w005
34522,4,minibatch_k64,text_pca256_lexical_w005
34523,8,minibatch_k64,text_pca256_lexical_w005
34524,21,minibatch_k64,text_pca256_lexical_w005
34525,39,minibatch_k64,text_pca256_lexical_w005
34526,10,minibatch_k64,text_pca256_lexical_w005
34527,62,minibatch_k64,text_pca256_lexical_w005
34528,62,minibatch_k64,text_pca256_lexical_w005
34529,39,minibatch_k64,text_pca256_lexical_w005
34530,21,minibatch_k64,text_pca256_lexical_w005
34531,2,minibatch_k64,text_pca256_lexical_w005
34532,0,minibatch_k64,text_pca256_lexical_w005
34533,10,minibatch_k64,text_pca256_lexical_w005
34534,10,minibatch_k64,text_pca256_lexical_w005
34535,8,minibatch_k64,text_pca256_lexical_w005
34536,23,minibatch_k64,text_pca256_lexical_w005
34537,42,minibatch_k64,text_pca256_lexical_w005
34538,42,minibatch_k64,text_pca256_lexical_w005
34539,8,minibatch_k64,text_pca256_lexical_w005
34540,55,minibatch_k64,text_pca256_lexical_w005
34541,29,minibatch_k64,text_pca256_lexical_w005
34542,0,minibatch_k64,text_pca256_lexical_w005
34543,10,minibatch_k64,text_pca256_lexical_w005
34544,0,minibatch_k64,text_pca256_lexical_w005
34545,0,minibatch_k64,text_pca256_lexical_w005
34546,10,minibatch_k64,text_pca256_lexical_w005
34547,10,minibatch_k64,text_pca256_lexical_w005
34548,10,minibatch_k64,text_pca256_lexical_w005
34549,45,minibatch_k64,text_pca256_lexical_w005
34550,55,minibatch_k64,text_pca256_lexical_w005
34551,10,minibatch_k64,text_pca256_lexical_w005
34552,10,minibatch_k64,text_pca256_lexical_w005
34553,8,minibatch_k64,text_pca256_lexical_w005
34554,15,minibatch_k64,text_pca256_lexical_w005
34555,15,minibatch_k64,text_pca256_lexical_w005
34556,15,minibatch_k64,text_pca256_lexical_w005
34557,10,minibatch_k64,text_pca256_lexical_w005
34558,10,minibatch_k64,text_pca256_lexical_w005
34559,10,minibatch_k64,text_pca256_lexical_w005
34560,55,minibatch_k64,text_pca256_lexical_w005
34561,4,minibatch_k64,text_pca256_lexical_w005
34562,0,minibatch_k64,text_pca256_lexical_w005
34563,0,minibatch_k64,text_pca256_lexical_w005
34564,0,minibatch_k64,text_pca256_lexical_w005
34565,0,minibatch_k64,text_pca256_lexical_w005
34566,0,minibatch_k64,text_pca256_lexical_w005
34567,0,minibatch_k64,text_pca256_lexical_w005
34568,0,minibatch_k64,text_pca256_lexical_w005
34569,0,minibatch_k64,text_pca256_lexical_w005
34570,10,minibatch_k64,text_pca256_lexical_w005
34571,10,minibatch_k64,text_pca256_lexical_w005
34572,4,minibatch_k64,text_pca256_lexical_w005
34573,59,minibatch_k64,text_pca256_lexical_w005
34574,0,minibatch_k64,text_pca256_lexical_w005
34575,0,minibatch_k64,text_pca256_lexical_w005
34576,10,minibatch_k64,text_pca256_lexical_w005
34577,21,minibatch_k64,text_pca256_lexical_w005
34578,10,minibatch_k64,text_pca256_lexical_w005
34579,23,minibatch_k64,text_pca256_lexical_w005
34580,10,minibatch_k64,text_pca256_lexical_w005
34581,15,minibatch_k64,text_pca256_lexical_w005
34582,10,minibatch_k64,text_pca256_lexical_w005
34583,10,minibatch_k64,text_pca256_lexical_w005
34584,10,minibatch_k64,text_pca256_lexical_w005
34585,10,minibatch_k64,text_pca256_lexical_w005
34586,0,minibatch_k64,text_pca256_lexical_w005
34587,15,minibatch_k64,text_pca256_lexical_w005
34588,10,minibatch_k64,text_pca256_lexical_w005
34589,15,minibatch_k64,text_pca256_lexical_w005
34590,62,minibatch_k64,text_pca256_lexical_w005
34591,21,minibatch_k64,text_pca256_lexical_w005
34592,38,minibatch_k64,text_pca256_lexical_w005
34593,10,minibatch_k64,text_pca256_lexical_w005
34594,10,minibatch_k64,text_pca256_lexical_w005
34595,15,minibatch_k64,text_pca256_lexical_w005
34596,0,minibatch_k64,text_pca256_lexical_w005
34597,10,minibatch_k64,text_pca256_lexical_w005
34598,15,minibatch_k64,text_pca256_lexical_w005
34599,38,minibatch_k64,text_pca256_lexical_w005
34600,62,minibatch_k64,text_pca256_lexical_w005
34601,55,minibatch_k64,text_pca256_lexical_w005
34602,0,minibatch_k64,text_pca256_lexical_w005
34603,8,minibatch_k64,text_pca256_lexical_w005
34604,62,minibatch_k64,text_pca256_lexical_w005
34605,12,minibatch_k64,text_pca256_lexical_w005
34606,40,minibatch_k64,text_pca256_lexical_w005
34607,18,minibatch_k64,text_pca256_lexical_w005
34608,0,minibatch_k64,text_pca256_lexical_w005
34609,18,minibatch_k64,text_pca256_lexical_w005
34610,18,minibatch_k64,text_pca256_lexical_w005
34611,15,minibatch_k64,text_pca256_lexical_w005
34612,39,minibatch_k64,text_pca256_lexical_w005
34613,38,minibatch_k64,text_pca256_lexical_w005
34614,0,minibatch_k64,text_pca256_lexical_w005
34615,55,minibatch_k64,text_pca256_lexical_w005
34616,38,minibatch_k64,text_pca256_lexical_w005
34617,55,minibatch_k64,text_pca256_lexical_w005
34618,23,minibatch_k64,text_pca256_lexical_w005
34619,62,minibatch_k64,text_pca256_lexical_w005
34620,12,minibatch_k64,text_pca256_lexical_w005
34621,40,minibatch_k64,text_pca256_lexical_w005
34622,10,minibatch_k64,text_pca256_lexical_w005
34623,10,minibatch_k64,text_pca256_lexical_w005
34624,59,minibatch_k64,text_pca256_lexical_w005
34625,62,minibatch_k64,text_pca256_lexical_w005
34626,0,minibatch_k64,text_pca256_lexical_w005
34627,12,minibatch_k64,text_pca256_lexical_w005
34628,40,minibatch_k64,text_pca256_lexical_w005
34629,10,minibatch_k64,text_pca256_lexical_w005
34630,0,minibatch_k64,text_pca256_lexical_w005
34631,0,minibatch_k64,text_pca256_lexical_w005
34632,10,minibatch_k64,text_pca256_lexical_w005
34633,23,minibatch_k64,text_pca256_lexical_w005
34634,23,minibatch_k64,text_pca256_lexical_w005
34635,23,minibatch_k64,text_pca256_lexical_w005
34636,10,minibatch_k64,text_pca256_lexical_w005
34637,21,minibatch_k64,text_pca256_lexical_w005
34638,21,minibatch_k64,text_pca256_lexical_w005
34639,62,minibatch_k64,text_pca256_lexical_w005
34640,21,minibatch_k64,text_pca256_lexical_w005
34641,62,minibatch_k64,text_pca256_lexical_w005
34642,40,minibatch_k64,text_pca256_lexical_w005
34643,10,minibatch_k64,text_pca256_lexical_w005
34644,23,minibatch_k64,text_pca256_lexical_w005
34645,8,minibatch_k64,text_pca256_lexical_w005
34646,0,minibatch_k64,text_pca256_lexical_w005
34647,8,minibatch_k64,text_pca256_lexical_w005
34648,62,minibatch_k64,text_pca256_lexical_w005
34649,10,minibatch_k64,text_pca256_lexical_w005
34650,38,minibatch_k64,text_pca256_lexical_w005
34651,58,minibatch_k64,text_pca256_lexical_w005
34652,55,minibatch_k64,text_pca256_lexical_w005
34653,23,minibatch_k64,text_pca256_lexical_w005
34654,0,minibatch_k64,text_pca256_lexical_w005
34655,10,minibatch_k64,text_pca256_lexical_w005
34656,10,minibatch_k64,text_pca256_lexical_w005
34657,16,minibatch_k64,text_pca256_lexical_w005
34658,40,minibatch_k64,text_pca256_lexical_w005
34659,23,minibatch_k64,text_pca256_lexical_w005
34660,40,minibatch_k64,text_pca256_lexical_w005
34661,23,minibatch_k64,text_pca256_lexical_w005
34662,0,minibatch_k64,text_pca256_lexical_w005
34663,38,minibatch_k64,text_pca256_lexical_w005
34664,55,minibatch_k64,text_pca256_lexical_w005
34665,23,minibatch_k64,text_pca256_lexical_w005
34666,8,minibatch_k64,text_pca256_lexical_w005
34667,10,minibatch_k64,text_pca256_lexical_w005
34668,23,minibatch_k64,text_pca256_lexical_w005
34669,10,minibatch_k64,text_pca256_lexical_w005
34670,0,minibatch_k64,text_pca256_lexical_w005
34671,23,minibatch_k64,text_pca256_lexical_w005
34672,38,minibatch_k64,text_pca256_lexical_w005
34673,55,minibatch_k64,text_pca256_lexical_w005
34674,40,minibatch_k64,text_pca256_lexical_w005
34675,0,minibatch_k64,text_pca256_lexical_w005
34676,15,minibatch_k64,text_pca256_lexical_w005
34677,10,minibatch_k64,text_pca256_lexical_w005
34678,38,minibatch_k64,text_pca256_lexical_w005
34679,55,minibatch_k64,text_pca256_lexical_w005
34680,23,minibatch_k64,text_pca256_lexical_w005
34681,23,minibatch_k64,text_pca256_lexical_w005
34682,38,minibatch_k64,text_pca256_lexical_w005
34683,0,minibatch_k64,text_pca256_lexical_w005
34684,55,minibatch_k64,text_pca256_lexical_w005
34685,33,minibatch_k64,text_pca256_lexical_w005
34686,62,minibatch_k64,text_pca256_lexical_w005
34687,15,minibatch_k64,text_pca256_lexical_w005
34688,59,minibatch_k64,text_pca256_lexical_w005
34689,16,minibatch_k64,text_pca256_lexical_w005
34690,16,minibatch_k64,text_pca256_lexical_w005
34691,10,minibatch_k64,text_pca256_lexical_w005
34692,10,minibatch_k64,text_pca256_lexical_w005
34693,0,minibatch_k64,text_pca256_lexical_w005
34694,15,minibatch_k64,text_pca256_lexical_w005
34695,33,minibatch_k64,text_pca256_lexical_w005
34696,10,minibatch_k64,text_pca256_lexical_w005
34697,10,minibatch_k64,text_pca256_lexical_w005
34698,42,minibatch_k64,text_pca256_lexical_w005
34699,23,minibatch_k64,text_pca256_lexical_w005
34700,2,minibatch_k64,text_pca256_lexical_w005
34701,10,minibatch_k64,text_pca256_lexical_w005
34702,10,minibatch_k64,text_pca256_lexical_w005
34703,23,minibatch_k64,text_pca256_lexical_w005
34704,10,minibatch_k64,text_pca256_lexical_w005
34705,23,minibatch_k64,text_pca256_lexical_w005
34706,23,minibatch_k64,text_pca256_lexical_w005
34707,23,minibatch_k64,text_pca256_lexical_w005
34708,0,minibatch_k64,text_pca256_lexical_w005
34709,8,minibatch_k64,text_pca256_lexical_w005
34710,23,minibatch_k64,text_pca256_lexical_w005
34711,10,minibatch_k64,text_pca256_lexical_w005
34712,10,minibatch_k64,text_pca256_lexical_w005
34713,0,minibatch_k64,text_pca256_lexical_w005
34714,23,minibatch_k64,text_pca256_lexical_w005
34715,23,minibatch_k64,text_pca256_lexical_w005
34716,33,minibatch_k64,text_pca256_lexical_w005
34717,38,minibatch_k64,text_pca256_lexical_w005
34718,10,minibatch_k64,text_pca256_lexical_w005
34719,15,minibatch_k64,text_pca256_lexical_w005
34720,62,minibatch_k64,text_pca256_lexical_w005
34721,59,minibatch_k64,text_pca256_lexical_w005
34722,59,minibatch_k64,text_pca256_lexical_w005
34723,23,minibatch_k64,text_pca256_lexical_w005
34724,23,minibatch_k64,text_pca256_lexical_w005
34725,62,minibatch_k64,text_pca256_lexical_w005
34726,5,minibatch_k64,text_pca256_lexical_w005
34727,61,minibatch_k64,text_pca256_lexical_w005
34728,42,minibatch_k64,text_pca256_lexical_w005
34729,33,minibatch_k64,text_pca256_lexical_w005
34730,10,minibatch_k64,text_pca256_lexical_w005
34731,0,minibatch_k64,text_pca256_lexical_w005
34732,40,minibatch_k64,text_pca256_lexical_w005
34733,33,minibatch_k64,text_pca256_lexical_w005
34734,45,minibatch_k64,text_pca256_lexical_w005
34735,56,minibatch_k64,text_pca256_lexical_w005
34736,3,minibatch_k64,text_pca256_lexical_w005
34737,5,minibatch_k64,text_pca256_lexical_w005
34738,14,minibatch_k64,text_pca256_lexical_w005
34739,50,minibatch_k64,text_pca256_lexical_w005
34740,38,minibatch_k64,text_pca256_lexical_w005
34741,55,minibatch_k64,text_pca256_lexical_w005
34742,42,minibatch_k64,text_pca256_lexical_w005
34743,60,minibatch_k64,text_pca256_lexical_w005
34744,8,minibatch_k64,text_pca256_lexical_w005
34745,15,minibatch_k64,text_pca256_lexical_w005
34746,8,minibatch_k64,text_pca256_lexical_w005
34747,45,minibatch_k64,text_pca256_lexical_w005
34748,8,minibatch_k64,text_pca256_lexical_w005
34749,8,minibatch_k64,text_pca256_lexical_w005
34750,53,minibatch_k64,text_pca256_lexical_w005
34751,8,minibatch_k64,text_pca256_lexical_w005
34752,33,minibatch_k64,text_pca256_lexical_w005
34753,3,minibatch_k64,text_pca256_lexical_w005
34754,14,minibatch_k64,text_pca256_lexical_w005
34755,55,minibatch_k64,text_pca256_lexical_w005
34756,23,minibatch_k64,text_pca256_lexical_w005
34757,50,minibatch_k64,text_pca256_lexical_w005
34758,14,minibatch_k64,text_pca256_lexical_w005
34759,10,minibatch_k64,text_pca256_lexical_w005
34760,60,minibatch_k64,text_pca256_lexical_w005
34761,23,minibatch_k64,text_pca256_lexical_w005
34762,0,minibatch_k64,text_pca256_lexical_w005
34763,61,minibatch_k64,text_pca256_lexical_w005
34764,56,minibatch_k64,text_pca256_lexical_w005
34765,62,minibatch_k64,text_pca256_lexical_w005
34766,14,minibatch_k64,text_pca256_lexical_w005
34767,55,minibatch_k64,text_pca256_lexical_w005
34768,42,minibatch_k64,text_pca256_lexical_w005
34769,0,minibatch_k64,text_pca256_lexical_w005
34770,8,minibatch_k64,text_pca256_lexical_w005
34771,33,minibatch_k64,text_pca256_lexical_w005
34772,0,minibatch_k64,text_pca256_lexical_w005
34773,0,minibatch_k64,text_pca256_lexical_w005
34774,8,minibatch_k64,text_pca256_lexical_w005
34775,14,minibatch_k64,text_pca256_lexical_w005
34776,55,minibatch_k64,text_pca256_lexical_w005
34777,42,minibatch_k64,text_pca256_lexical_w005
34778,60,minibatch_k64,text_pca256_lexical_w005
34779,33,minibatch_k64,text_pca256_lexical_w005
34780,62,minibatch_k64,text_pca256_lexical_w005
34781,2,minibatch_k64,text_pca256_lexical_w005
34782,33,minibatch_k64,text_pca256_lexical_w005
34783,62,minibatch_k64,text_pca256_lexical_w005
34784,62,minibatch_k64,text_pca256_lexical_w005
34785,25,minibatch_k64,text_pca256_lexical_w005
34786,15,minibatch_k64,text_pca256_lexical_w005
34787,33,minibatch_k64,text_pca256_lexical_w005
34788,8,minibatch_k64,text_pca256_lexical_w005
34789,23,minibatch_k64,text_pca256_lexical_w005
34790,23,minibatch_k64,text_pca256_lexical_w005
34791,0,minibatch_k64,text_pca256_lexical_w005
34792,0,minibatch_k64,text_pca256_lexical_w005
34793,62,minibatch_k64,text_pca256_lexical_w005
34794,15,minibatch_k64,text_pca256_lexical_w005
34795,14,minibatch_k64,text_pca256_lexical_w005
34796,38,minibatch_k64,text_pca256_lexical_w005
34797,55,minibatch_k64,text_pca256_lexical_w005
34798,60,minibatch_k64,text_pca256_lexical_w005
34799,25,minibatch_k64,text_pca256_lexical_w005
34800,42,minibatch_k64,text_pca256_lexical_w005
34801,42,minibatch_k64,text_pca256_lexical_w005
34802,33,minibatch_k64,text_pca256_lexical_w005
34803,14,minibatch_k64,text_pca256_lexical_w005
34804,38,minibatch_k64,text_pca256_lexical_w005
34805,55,minibatch_k64,text_pca256_lexical_w005
34806,60,minibatch_k64,text_pca256_lexical_w005
34807,42,minibatch_k64,text_pca256_lexical_w005
34808,14,minibatch_k64,text_pca256_lexical_w005
34809,58,minibatch_k64,text_pca256_lexical_w005
34810,55,minibatch_k64,text_pca256_lexical_w005
34811,60,minibatch_k64,text_pca256_lexical_w005
34812,53,minibatch_k64,text_pca256_lexical_w005
34813,10,minibatch_k64,text_pca256_lexical_w005
34814,62,minibatch_k64,text_pca256_lexical_w005
34815,45,minibatch_k64,text_pca256_lexical_w005
34816,18,minibatch_k64,text_pca256_lexical_w005
34817,0,minibatch_k64,text_pca256_lexical_w005
34818,0,minibatch_k64,text_pca256_lexical_w005
34819,27,minibatch_k64,text_pca256_lexical_w005
34820,45,minibatch_k64,text_pca256_lexical_w005
34821,45,minibatch_k64,text_pca256_lexical_w005
34822,59,minibatch_k64,text_pca256_lexical_w005
34823,34,minibatch_k64,text_pca256_lexical_w005
34824,45,minibatch_k64,text_pca256_lexical_w005
34825,62,minibatch_k64,text_pca256_lexical_w005
34826,42,minibatch_k64,text_pca256_lexical_w005
34827,39,minibatch_k64,text_pca256_lexical_w005
34828,6,minibatch_k64,text_pca256_lexical_w005
34829,59,minibatch_k64,text_pca256_lexical_w005
34830,15,minibatch_k64,text_pca256_lexical_w005
34831,33,minibatch_k64,text_pca256_lexical_w005
34832,33,minibatch_k64,text_pca256_lexical_w005
34833,6,minibatch_k64,text_pca256_lexical_w005
34834,59,minibatch_k64,text_pca256_lexical_w005
34835,33,minibatch_k64,text_pca256_lexical_w005
34836,33,minibatch_k64,text_pca256_lexical_w005
34837,62,minibatch_k64,text_pca256_lexical_w005
34838,39,minibatch_k64,text_pca256_lexical_w005
34839,0,minibatch_k64,text_pca256_lexical_w005
34840,42,minibatch_k64,text_pca256_lexical_w005
34841,42,minibatch_k64,text_pca256_lexical_w005
34842,6,minibatch_k64,text_pca256_lexical_w005
34843,6,minibatch_k64,text_pca256_lexical_w005
34844,59,minibatch_k64,text_pca256_lexical_w005
34845,62,minibatch_k64,text_pca256_lexical_w005
34846,62,minibatch_k64,text_pca256_lexical_w005
34847,39,minibatch_k64,text_pca256_lexical_w005
34848,42,minibatch_k64,text_pca256_lexical_w005
34849,42,minibatch_k64,text_pca256_lexical_w005
34850,6,minibatch_k64,text_pca256_lexical_w005
34851,62,minibatch_k64,text_pca256_lexical_w005
34852,8,minibatch_k64,text_pca256_lexical_w005
34853,59,minibatch_k64,text_pca256_lexical_w005
34854,59,minibatch_k64,text_pca256_lexical_w005
34855,6,minibatch_k64,text_pca256_lexical_w005
34856,42,minibatch_k64,text_pca256_lexical_w005
34857,33,minibatch_k64,text_pca256_lexical_w005
34858,59,minibatch_k64,text_pca256_lexical_w005
34859,59,minibatch_k64,text_pca256_lexical_w005
34860,59,minibatch_k64,text_pca256_lexical_w005
34861,59,minibatch_k64,text_pca256_lexical_w005
34862,59,minibatch_k64,text_pca256_lexical_w005
34863,10,minibatch_k64,text_pca256_lexical_w005
34864,45,minibatch_k64,text_pca256_lexical_w005
34865,53,minibatch_k64,text_pca256_lexical_w005
34866,62,minibatch_k64,text_pca256_lexical_w005
34867,62,minibatch_k64,text_pca256_lexical_w005
34868,8,minibatch_k64,text_pca256_lexical_w005
34869,21,minibatch_k64,text_pca256_lexical_w005
34870,21,minibatch_k64,text_pca256_lexical_w005
34871,5,minibatch_k64,text_pca256_lexical_w005
34872,5,minibatch_k64,text_pca256_lexical_w005
34873,5,minibatch_k64,text_pca256_lexical_w005
34874,5,minibatch_k64,text_pca256_lexical_w005
34875,5,minibatch_k64,text_pca256_lexical_w005
34876,5,minibatch_k64,text_pca256_lexical_w005
34877,47,minibatch_k64,text_pca256_lexical_w005
34878,47,minibatch_k64,text_pca256_lexical_w005
34879,10,minibatch_k64,text_pca256_lexical_w005
34880,62,minibatch_k64,text_pca256_lexical_w005
34881,62,minibatch_k64,text_pca256_lexical_w005
34882,47,minibatch_k64,text_pca256_lexical_w005
34883,42,minibatch_k64,text_pca256_lexical_w005
34884,35,minibatch_k64,text_pca256_lexical_w005
34885,47,minibatch_k64,text_pca256_lexical_w005
34886,47,minibatch_k64,text_pca256_lexical_w005
34887,47,minibatch_k64,text_pca256_lexical_w005
34888,47,minibatch_k64,text_pca256_lexical_w005
34889,50,minibatch_k64,text_pca256_lexical_w005
34890,47,minibatch_k64,text_pca256_lexical_w005
34891,21,minibatch_k64,text_pca256_lexical_w005
34892,21,minibatch_k64,text_pca256_lexical_w005
34893,59,minibatch_k64,text_pca256_lexical_w005
34894,0,minibatch_k64,text_pca256_lexical_w005
34895,5,minibatch_k64,text_pca256_lexical_w005
34896,5,minibatch_k64,text_pca256_lexical_w005
34897,47,minibatch_k64,text_pca256_lexical_w005
34898,0,minibatch_k64,text_pca256_lexical_w005
34899,8,minibatch_k64,text_pca256_lexical_w005
34900,0,minibatch_k64,text_pca256_lexical_w005
34901,55,minibatch_k64,text_pca256_lexical_w005
34902,54,minibatch_k64,text_pca256_lexical_w005
34903,0,minibatch_k64,text_pca256_lexical_w005
34904,8,minibatch_k64,text_pca256_lexical_w005
34905,42,minibatch_k64,text_pca256_lexical_w005
34906,50,minibatch_k64,text_pca256_lexical_w005
34907,42,minibatch_k64,text_pca256_lexical_w005
34908,42,minibatch_k64,text_pca256_lexical_w005
34909,15,minibatch_k64,text_pca256_lexical_w005
34910,53,minibatch_k64,text_pca256_lexical_w005
34911,55,minibatch_k64,text_pca256_lexical_w005
34912,0,minibatch_k64,text_pca256_lexical_w005
34913,0,minibatch_k64,text_pca256_lexical_w005
34914,10,minibatch_k64,text_pca256_lexical_w005
34915,39,minibatch_k64,text_pca256_lexical_w005
34916,55,minibatch_k64,text_pca256_lexical_w005
34917,22,minibatch_k64,text_pca256_lexical_w005
34918,20,minibatch_k64,text_pca256_lexical_w005
34919,20,minibatch_k64,text_pca256_lexical_w005
34920,20,minibatch_k64,text_pca256_lexical_w005
34921,20,minibatch_k64,text_pca256_lexical_w005
34922,23,minibatch_k64,text_pca256_lexical_w005
34923,45,minibatch_k64,text_pca256_lexical_w005
34924,55,minibatch_k64,text_pca256_lexical_w005
34925,22,minibatch_k64,text_pca256_lexical_w005
34926,21,minibatch_k64,text_pca256_lexical_w005
34927,33,minibatch_k64,text_pca256_lexical_w005
34928,0,minibatch_k64,text_pca256_lexical_w005
34929,33,minibatch_k64,text_pca256_lexical_w005
34930,62,minibatch_k64,text_pca256_lexical_w005
34931,55,minibatch_k64,text_pca256_lexical_w005
34932,21,minibatch_k64,text_pca256_lexical_w005
34933,42,minibatch_k64,text_pca256_lexical_w005
34934,18,minibatch_k64,text_pca256_lexical_w005
34935,32,minibatch_k64,text_pca256_lexical_w005
34936,39,minibatch_k64,text_pca256_lexical_w005
34937,56,minibatch_k64,text_pca256_lexical_w005
34938,55,minibatch_k64,text_pca256_lexical_w005
34939,33,minibatch_k64,text_pca256_lexical_w005
34940,4,minibatch_k64,text_pca256_lexical_w005
34941,45,minibatch_k64,text_pca256_lexical_w005
34942,45,minibatch_k64,text_pca256_lexical_w005
34943,45,minibatch_k64,text_pca256_lexical_w005
34944,45,minibatch_k64,text_pca256_lexical_w005
34945,15,minibatch_k64,text_pca256_lexical_w005
34946,18,minibatch_k64,text_pca256_lexical_w005
34947,45,minibatch_k64,text_pca256_lexical_w005
34948,59,minibatch_k64,text_pca256_lexical_w005
34949,8,minibatch_k64,text_pca256_lexical_w005
34950,23,minibatch_k64,text_pca256_lexical_w005
34951,42,minibatch_k64,text_pca256_lexical_w005
34952,59,minibatch_k64,text_pca256_lexical_w005
34953,15,minibatch_k64,text_pca256_lexical_w005
34954,62,minibatch_k64,text_pca256_lexical_w005
34955,15,minibatch_k64,text_pca256_lexical_w005
34956,59,minibatch_k64,text_pca256_lexical_w005
34957,45,minibatch_k64,text_pca256_lexical_w005
34958,59,minibatch_k64,text_pca256_lexical_w005
34959,59,minibatch_k64,text_pca256_lexical_w005
34960,59,minibatch_k64,text_pca256_lexical_w005
34961,18,minibatch_k64,text_pca256_lexical_w005
34962,0,minibatch_k64,text_pca256_lexical_w005
34963,18,minibatch_k64,text_pca256_lexical_w005
34964,18,minibatch_k64,text_pca256_lexical_w005
34965,45,minibatch_k64,text_pca256_lexical_w005
34966,8,minibatch_k64,text_pca256_lexical_w005
34967,45,minibatch_k64,text_pca256_lexical_w005
34968,18,minibatch_k64,text_pca256_lexical_w005
34969,62,minibatch_k64,text_pca256_lexical_w005
34970,59,minibatch_k64,text_pca256_lexical_w005
34971,59,minibatch_k64,text_pca256_lexical_w005
34972,45,minibatch_k64,text_pca256_lexical_w005
34973,62,minibatch_k64,text_pca256_lexical_w005
34974,18,minibatch_k64,text_pca256_lexical_w005
34975,0,minibatch_k64,text_pca256_lexical_w005
34976,18,minibatch_k64,text_pca256_lexical_w005
34977,0,minibatch_k64,text_pca256_lexical_w005
34978,27,minibatch_k64,text_pca256_lexical_w005
34979,18,minibatch_k64,text_pca256_lexical_w005
34980,15,minibatch_k64,text_pca256_lexical_w005
34981,15,minibatch_k64,text_pca256_lexical_w005
34982,20,minibatch_k64,text_pca256_lexical_w005
34983,20,minibatch_k64,text_pca256_lexical_w005
34984,20,minibatch_k64,text_pca256_lexical_w005
34985,20,minibatch_k64,text_pca256_lexical_w005
34986,20,minibatch_k64,text_pca256_lexical_w005
34987,45,minibatch_k64,text_pca256_lexical_w005
34988,0,minibatch_k64,text_pca256_lexical_w005
34989,59,minibatch_k64,text_pca256_lexical_w005
34990,45,minibatch_k64,text_pca256_lexical_w005
34991,23,minibatch_k64,text_pca256_lexical_w005
34992,59,minibatch_k64,text_pca256_lexical_w005
34993,62,minibatch_k64,text_pca256_lexical_w005
34994,45,minibatch_k64,text_pca256_lexical_w005
34995,0,minibatch_k64,text_pca256_lexical_w005
34996,59,minibatch_k64,text_pca256_lexical_w005
34997,53,minibatch_k64,text_pca256_lexical_w005
34998,0,minibatch_k64,text_pca256_lexical_w005
34999,0,minibatch_k64,text_pca256_lexical_w005
35000,27,minibatch_k64,text_pca256_lexical_w005
35001,62,minibatch_k64,text_pca256_lexical_w005
35002,18,minibatch_k64,text_pca256_lexical_w005
35003,45,minibatch_k64,text_pca256_lexical_w005
35004,62,minibatch_k64,text_pca256_lexical_w005
35005,0,minibatch_k64,text_pca256_lexical_w005
35006,18,minibatch_k64,text_pca256_lexical_w005
35007,0,minibatch_k64,text_pca256_lexical_w005
35008,18,minibatch_k64,text_pca256_lexical_w005
35009,59,minibatch_k64,text_pca256_lexical_w005
35010,39,minibatch_k64,text_pca256_lexical_w005
35011,45,minibatch_k64,text_pca256_lexical_w005
35012,15,minibatch_k64,text_pca256_lexical_w005
35013,18,minibatch_k64,text_pca256_lexical_w005
35014,45,minibatch_k64,text_pca256_lexical_w005
35015,0,minibatch_k64,text_pca256_lexical_w005
35016,18,minibatch_k64,text_pca256_lexical_w005
35017,33,minibatch_k64,text_pca256_lexical_w005
35018,0,minibatch_k64,text_pca256_lexical_w005
35019,0,minibatch_k64,text_pca256_lexical_w005
35020,27,minibatch_k64,text_pca256_lexical_w005
35021,18,minibatch_k64,text_pca256_lexical_w005
35022,18,minibatch_k64,text_pca256_lexical_w005
35023,33,minibatch_k64,text_pca256_lexical_w005
35024,59,minibatch_k64,text_pca256_lexical_w005
35025,59,minibatch_k64,text_pca256_lexical_w005
35026,18,minibatch_k64,text_pca256_lexical_w005
35027,45,minibatch_k64,text_pca256_lexical_w005
35028,18,minibatch_k64,text_pca256_lexical_w005
35029,42,minibatch_k64,text_pca256_lexical_w005
35030,42,minibatch_k64,text_pca256_lexical_w005
35031,33,minibatch_k64,text_pca256_lexical_w005
35032,0,minibatch_k64,text_pca256_lexical_w005
35033,18,minibatch_k64,text_pca256_lexical_w005
35034,45,minibatch_k64,text_pca256_lexical_w005
35035,18,minibatch_k64,text_pca256_lexical_w005
35036,42,minibatch_k64,text_pca256_lexical_w005
35037,59,minibatch_k64,text_pca256_lexical_w005
35038,18,minibatch_k64,text_pca256_lexical_w005
35039,59,minibatch_k64,text_pca256_lexical_w005
35040,59,minibatch_k64,text_pca256_lexical_w005
35041,27,minibatch_k64,text_pca256_lexical_w005
35042,18,minibatch_k64,text_pca256_lexical_w005
35043,30,minibatch_k64,text_pca256_lexical_w005
35044,33,minibatch_k64,text_pca256_lexical_w005
35045,18,minibatch_k64,text_pca256_lexical_w005
35046,15,minibatch_k64,text_pca256_lexical_w005
35047,59,minibatch_k64,text_pca256_lexical_w005
35048,33,minibatch_k64,text_pca256_lexical_w005
35049,59,minibatch_k64,text_pca256_lexical_w005
35050,18,minibatch_k64,text_pca256_lexical_w005
35051,18,minibatch_k64,text_pca256_lexical_w005
35052,59,minibatch_k64,text_pca256_lexical_w005
35053,33,minibatch_k64,text_pca256_lexical_w005
35054,62,minibatch_k64,text_pca256_lexical_w005
35055,45,minibatch_k64,text_pca256_lexical_w005
35056,18,minibatch_k64,text_pca256_lexical_w005
35057,33,minibatch_k64,text_pca256_lexical_w005
35058,45,minibatch_k64,text_pca256_lexical_w005
35059,59,minibatch_k64,text_pca256_lexical_w005
35060,45,minibatch_k64,text_pca256_lexical_w005
35061,8,minibatch_k64,text_pca256_lexical_w005
35062,18,minibatch_k64,text_pca256_lexical_w005
35063,45,minibatch_k64,text_pca256_lexical_w005
35064,18,minibatch_k64,text_pca256_lexical_w005
35065,59,minibatch_k64,text_pca256_lexical_w005
35066,59,minibatch_k64,text_pca256_lexical_w005
35067,59,minibatch_k64,text_pca256_lexical_w005
35068,18,minibatch_k64,text_pca256_lexical_w005
35069,59,minibatch_k64,text_pca256_lexical_w005
35070,18,minibatch_k64,text_pca256_lexical_w005
35071,7,minibatch_k64,text_pca256_lexical_w005
35072,18,minibatch_k64,text_pca256_lexical_w005
35073,45,minibatch_k64,text_pca256_lexical_w005
35074,41,minibatch_k64,text_pca256_lexical_w005
35075,10,minibatch_k64,text_pca256_lexical_w005
35076,41,minibatch_k64,text_pca256_lexical_w005
35077,6,minibatch_k64,text_pca256_lexical_w005
35078,56,minibatch_k64,text_pca256_lexical_w005
35079,6,minibatch_k64,text_pca256_lexical_w005
35080,34,minibatch_k64,text_pca256_lexical_w005
35081,34,minibatch_k64,text_pca256_lexical_w005
35082,34,minibatch_k64,text_pca256_lexical_w005
35083,34,minibatch_k64,text_pca256_lexical_w005
35084,34,minibatch_k64,text_pca256_lexical_w005
35085,6,minibatch_k64,text_pca256_lexical_w005
35086,10,minibatch_k64,text_pca256_lexical_w005
35087,6,minibatch_k64,text_pca256_lexical_w005
35088,41,minibatch_k64,text_pca256_lexical_w005
35089,41,minibatch_k64,text_pca256_lexical_w005
35090,41,minibatch_k64,text_pca256_lexical_w005
35091,41,minibatch_k64,text_pca256_lexical_w005
35092,41,minibatch_k64,text_pca256_lexical_w005
35093,10,minibatch_k64,text_pca256_lexical_w005
35094,10,minibatch_k64,text_pca256_lexical_w005
35095,56,minibatch_k64,text_pca256_lexical_w005
35096,62,minibatch_k64,text_pca256_lexical_w005
35097,6,minibatch_k64,text_pca256_lexical_w005
35098,33,minibatch_k64,text_pca256_lexical_w005
35099,41,minibatch_k64,text_pca256_lexical_w005
35100,41,minibatch_k64,text_pca256_lexical_w005
35101,41,minibatch_k64,text_pca256_lexical_w005
35102,39,minibatch_k64,text_pca256_lexical_w005
35103,62,minibatch_k64,text_pca256_lexical_w005
35104,41,minibatch_k64,text_pca256_lexical_w005
35105,48,minibatch_k64,text_pca256_lexical_w005
35106,41,minibatch_k64,text_pca256_lexical_w005
35107,41,minibatch_k64,text_pca256_lexical_w005
35108,41,minibatch_k64,text_pca256_lexical_w005
35109,41,minibatch_k64,text_pca256_lexical_w005
35110,41,minibatch_k64,text_pca256_lexical_w005
35111,41,minibatch_k64,text_pca256_lexical_w005
35112,41,minibatch_k64,text_pca256_lexical_w005
35113,41,minibatch_k64,text_pca256_lexical_w005
35114,41,minibatch_k64,text_pca256_lexical_w005
35115,41,minibatch_k64,text_pca256_lexical_w005
35116,39,minibatch_k64,text_pca256_lexical_w005
35117,41,minibatch_k64,text_pca256_lexical_w005
35118,33,minibatch_k64,text_pca256_lexical_w005
35119,41,minibatch_k64,text_pca256_lexical_w005
35120,41,minibatch_k64,text_pca256_lexical_w005
35121,41,minibatch_k64,text_pca256_lexical_w005
35122,41,minibatch_k64,text_pca256_lexical_w005
35123,41,minibatch_k64,text_pca256_lexical_w005
35124,21,minibatch_k64,text_pca256_lexical_w005
35125,0,minibatch_k64,text_pca256_lexical_w005
35126,8,minibatch_k64,text_pca256_lexical_w005
35127,0,minibatch_k64,text_pca256_lexical_w005
35128,0,minibatch_k64,text_pca256_lexical_w005
35129,8,minibatch_k64,text_pca256_lexical_w005
35130,23,minibatch_k64,text_pca256_lexical_w005
35131,0,minibatch_k64,text_pca256_lexical_w005
35132,8,minibatch_k64,text_pca256_lexical_w005
35133,0,minibatch_k64,text_pca256_lexical_w005
35134,8,minibatch_k64,text_pca256_lexical_w005
35135,0,minibatch_k64,text_pca256_lexical_w005
35136,8,minibatch_k64,text_pca256_lexical_w005
35137,0,minibatch_k64,text_pca256_lexical_w005
35138,62,minibatch_k64,text_pca256_lexical_w005
35139,42,minibatch_k64,text_pca256_lexical_w005
35140,8,minibatch_k64,text_pca256_lexical_w005
35141,0,minibatch_k64,text_pca256_lexical_w005
35142,25,minibatch_k64,text_pca256_lexical_w005
35143,62,minibatch_k64,text_pca256_lexical_w005
35144,42,minibatch_k64,text_pca256_lexical_w005
35145,33,minibatch_k64,text_pca256_lexical_w005
35146,25,minibatch_k64,text_pca256_lexical_w005
35147,62,minibatch_k64,text_pca256_lexical_w005
35148,62,minibatch_k64,text_pca256_lexical_w005
35149,23,minibatch_k64,text_pca256_lexical_w005
35150,42,minibatch_k64,text_pca256_lexical_w005
35151,0,minibatch_k64,text_pca256_lexical_w005
35152,42,minibatch_k64,text_pca256_lexical_w005
35153,23,minibatch_k64,text_pca256_lexical_w005
35154,23,minibatch_k64,text_pca256_lexical_w005
35155,8,minibatch_k64,text_pca256_lexical_w005
35156,0,minibatch_k64,text_pca256_lexical_w005
35157,25,minibatch_k64,text_pca256_lexical_w005
35158,62,minibatch_k64,text_pca256_lexical_w005
35159,42,minibatch_k64,text_pca256_lexical_w005
35160,0,minibatch_k64,text_pca256_lexical_w005
35161,62,minibatch_k64,text_pca256_lexical_w005
35162,25,minibatch_k64,text_pca256_lexical_w005
35163,42,minibatch_k64,text_pca256_lexical_w005
35164,62,minibatch_k64,text_pca256_lexical_w005
35165,5,minibatch_k64,text_pca256_lexical_w005
35166,8,minibatch_k64,text_pca256_lexical_w005
35167,21,minibatch_k64,text_pca256_lexical_w005
35168,4,minibatch_k64,text_pca256_lexical_w005
35169,62,minibatch_k64,text_pca256_lexical_w005
35170,25,minibatch_k64,text_pca256_lexical_w005
35171,62,minibatch_k64,text_pca256_lexical_w005
35172,21,minibatch_k64,text_pca256_lexical_w005
35173,62,minibatch_k64,text_pca256_lexical_w005
35174,42,minibatch_k64,text_pca256_lexical_w005
35175,8,minibatch_k64,text_pca256_lexical_w005
35176,23,minibatch_k64,text_pca256_lexical_w005
35177,42,minibatch_k64,text_pca256_lexical_w005
35178,42,minibatch_k64,text_pca256_lexical_w005
35179,62,minibatch_k64,text_pca256_lexical_w005
35180,42,minibatch_k64,text_pca256_lexical_w005
35181,42,minibatch_k64,text_pca256_lexical_w005
35182,42,minibatch_k64,text_pca256_lexical_w005
35183,42,minibatch_k64,text_pca256_lexical_w005
35184,42,minibatch_k64,text_pca256_lexical_w005
35185,8,minibatch_k64,text_pca256_lexical_w005
35186,0,minibatch_k64,text_pca256_lexical_w005
35187,56,minibatch_k64,text_pca256_lexical_w005
35188,62,minibatch_k64,text_pca256_lexical_w005
35189,62,minibatch_k64,text_pca256_lexical_w005
35190,33,minibatch_k64,text_pca256_lexical_w005
35191,62,minibatch_k64,text_pca256_lexical_w005
35192,42,minibatch_k64,text_pca256_lexical_w005
35193,0,minibatch_k64,text_pca256_lexical_w005
35194,0,minibatch_k64,text_pca256_lexical_w005
35195,42,minibatch_k64,text_pca256_lexical_w005
35196,8,minibatch_k64,text_pca256_lexical_w005
35197,62,minibatch_k64,text_pca256_lexical_w005
35198,8,minibatch_k64,text_pca256_lexical_w005
35199,21,minibatch_k64,text_pca256_lexical_w005
35200,42,minibatch_k64,text_pca256_lexical_w005
35201,62,minibatch_k64,text_pca256_lexical_w005
35202,23,minibatch_k64,text_pca256_lexical_w005
35203,42,minibatch_k64,text_pca256_lexical_w005
35204,21,minibatch_k64,text_pca256_lexical_w005
35205,8,minibatch_k64,text_pca256_lexical_w005
35206,8,minibatch_k64,text_pca256_lexical_w005
35207,8,minibatch_k64,text_pca256_lexical_w005
35208,8,minibatch_k64,text_pca256_lexical_w005
35209,62,minibatch_k64,text_pca256_lexical_w005
35210,42,minibatch_k64,text_pca256_lexical_w005
35211,42,minibatch_k64,text_pca256_lexical_w005
35212,42,minibatch_k64,text_pca256_lexical_w005
35213,62,minibatch_k64,text_pca256_lexical_w005
35214,8,minibatch_k64,text_pca256_lexical_w005
35215,62,minibatch_k64,text_pca256_lexical_w005
35216,42,minibatch_k64,text_pca256_lexical_w005
35217,21,minibatch_k64,text_pca256_lexical_w005
35218,15,minibatch_k64,text_pca256_lexical_w005
35219,23,minibatch_k64,text_pca256_lexical_w005
35220,62,minibatch_k64,text_pca256_lexical_w005
35221,62,minibatch_k64,text_pca256_lexical_w005
35222,8,minibatch_k64,text_pca256_lexical_w005
35223,8,minibatch_k64,text_pca256_lexical_w005
35224,62,minibatch_k64,text_pca256_lexical_w005
35225,42,minibatch_k64,text_pca256_lexical_w005
35226,42,minibatch_k64,text_pca256_lexical_w005
35227,8,minibatch_k64,text_pca256_lexical_w005
35228,42,minibatch_k64,text_pca256_lexical_w005
35229,42,minibatch_k64,text_pca256_lexical_w005
35230,8,minibatch_k64,text_pca256_lexical_w005
35231,62,minibatch_k64,text_pca256_lexical_w005
35232,21,minibatch_k64,text_pca256_lexical_w005
35233,21,minibatch_k64,text_pca256_lexical_w005
35234,62,minibatch_k64,text_pca256_lexical_w005
35235,8,minibatch_k64,text_pca256_lexical_w005
35236,0,minibatch_k64,text_pca256_lexical_w005
35237,42,minibatch_k64,text_pca256_lexical_w005
35238,42,minibatch_k64,text_pca256_lexical_w005
35239,42,minibatch_k64,text_pca256_lexical_w005
35240,0,minibatch_k64,text_pca256_lexical_w005
35241,42,minibatch_k64,text_pca256_lexical_w005
35242,8,minibatch_k64,text_pca256_lexical_w005
35243,42,minibatch_k64,text_pca256_lexical_w005
35244,42,minibatch_k64,text_pca256_lexical_w005
35245,8,minibatch_k64,text_pca256_lexical_w005
35246,0,minibatch_k64,text_pca256_lexical_w005
35247,42,minibatch_k64,text_pca256_lexical_w005
35248,62,minibatch_k64,text_pca256_lexical_w005
35249,42,minibatch_k64,text_pca256_lexical_w005
35250,56,minibatch_k64,text_pca256_lexical_w005
35251,42,minibatch_k64,text_pca256_lexical_w005
35252,33,minibatch_k64,text_pca256_lexical_w005
35253,42,minibatch_k64,text_pca256_lexical_w005
35254,21,minibatch_k64,text_pca256_lexical_w005
35255,10,minibatch_k64,text_pca256_lexical_w005
35256,21,minibatch_k64,text_pca256_lexical_w005
35257,8,minibatch_k64,text_pca256_lexical_w005
35258,42,minibatch_k64,text_pca256_lexical_w005
35259,42,minibatch_k64,text_pca256_lexical_w005
35260,62,minibatch_k64,text_pca256_lexical_w005
35261,42,minibatch_k64,text_pca256_lexical_w005
35262,62,minibatch_k64,text_pca256_lexical_w005
35263,21,minibatch_k64,text_pca256_lexical_w005
35264,23,minibatch_k64,text_pca256_lexical_w005
35265,42,minibatch_k64,text_pca256_lexical_w005
35266,42,minibatch_k64,text_pca256_lexical_w005
35267,8,minibatch_k64,text_pca256_lexical_w005
35268,0,minibatch_k64,text_pca256_lexical_w005
35269,23,minibatch_k64,text_pca256_lexical_w005
35270,42,minibatch_k64,text_pca256_lexical_w005
35271,15,minibatch_k64,text_pca256_lexical_w005
35272,0,minibatch_k64,text_pca256_lexical_w005
35273,42,minibatch_k64,text_pca256_lexical_w005
35274,8,minibatch_k64,text_pca256_lexical_w005
35275,21,minibatch_k64,text_pca256_lexical_w005
35276,0,minibatch_k64,text_pca256_lexical_w005
35277,10,minibatch_k64,text_pca256_lexical_w005
35278,21,minibatch_k64,text_pca256_lexical_w005
35279,42,minibatch_k64,text_pca256_lexical_w005
35280,21,minibatch_k64,text_pca256_lexical_w005
35281,42,minibatch_k64,text_pca256_lexical_w005
35282,50,minibatch_k64,text_pca256_lexical_w005
35283,0,minibatch_k64,text_pca256_lexical_w005
35284,8,minibatch_k64,text_pca256_lexical_w005
35285,42,minibatch_k64,text_pca256_lexical_w005
35286,62,minibatch_k64,text_pca256_lexical_w005
35287,0,minibatch_k64,text_pca256_lexical_w005
35288,21,minibatch_k64,text_pca256_lexical_w005
35289,42,minibatch_k64,text_pca256_lexical_w005
35290,33,minibatch_k64,text_pca256_lexical_w005
35291,23,minibatch_k64,text_pca256_lexical_w005
35292,42,minibatch_k64,text_pca256_lexical_w005
35293,62,minibatch_k64,text_pca256_lexical_w005
35294,8,minibatch_k64,text_pca256_lexical_w005
35295,33,minibatch_k64,text_pca256_lexical_w005
35296,23,minibatch_k64,text_pca256_lexical_w005
35297,33,minibatch_k64,text_pca256_lexical_w005
35298,0,minibatch_k64,text_pca256_lexical_w005
35299,42,minibatch_k64,text_pca256_lexical_w005
35300,62,minibatch_k64,text_pca256_lexical_w005
35301,62,minibatch_k64,text_pca256_lexical_w005
35302,8,minibatch_k64,text_pca256_lexical_w005
35303,62,minibatch_k64,text_pca256_lexical_w005
35304,62,minibatch_k64,text_pca256_lexical_w005
35305,8,minibatch_k64,text_pca256_lexical_w005
35306,4,minibatch_k64,text_pca256_lexical_w005
35307,8,minibatch_k64,text_pca256_lexical_w005
35308,42,minibatch_k64,text_pca256_lexical_w005
35309,56,minibatch_k64,text_pca256_lexical_w005
35310,0,minibatch_k64,text_pca256_lexical_w005
35311,8,minibatch_k64,text_pca256_lexical_w005
35312,0,minibatch_k64,text_pca256_lexical_w005
35313,42,minibatch_k64,text_pca256_lexical_w005
35314,0,minibatch_k64,text_pca256_lexical_w005
35315,62,minibatch_k64,text_pca256_lexical_w005
35316,42,minibatch_k64,text_pca256_lexical_w005
35317,8,minibatch_k64,text_pca256_lexical_w005
35318,8,minibatch_k64,text_pca256_lexical_w005
35319,62,minibatch_k64,text_pca256_lexical_w005
35320,8,minibatch_k64,text_pca256_lexical_w005
35321,0,minibatch_k64,text_pca256_lexical_w005
35322,59,minibatch_k64,text_pca256_lexical_w005
35323,23,minibatch_k64,text_pca256_lexical_w005
35324,42,minibatch_k64,text_pca256_lexical_w005
35325,42,minibatch_k64,text_pca256_lexical_w005
35326,62,minibatch_k64,text_pca256_lexical_w005
35327,8,minibatch_k64,text_pca256_lexical_w005
35328,33,minibatch_k64,text_pca256_lexical_w005
35329,12,minibatch_k64,text_pca256_lexical_w005
35330,15,minibatch_k64,text_pca256_lexical_w005
35331,62,minibatch_k64,text_pca256_lexical_w005
35332,23,minibatch_k64,text_pca256_lexical_w005
35333,42,minibatch_k64,text_pca256_lexical_w005
35334,62,minibatch_k64,text_pca256_lexical_w005
35335,21,minibatch_k64,text_pca256_lexical_w005
35336,42,minibatch_k64,text_pca256_lexical_w005
35337,42,minibatch_k64,text_pca256_lexical_w005
35338,33,minibatch_k64,text_pca256_lexical_w005
35339,8,minibatch_k64,text_pca256_lexical_w005
35340,21,minibatch_k64,text_pca256_lexical_w005
35341,62,minibatch_k64,text_pca256_lexical_w005
35342,46,minibatch_k64,text_pca256_lexical_w005
35343,33,minibatch_k64,text_pca256_lexical_w005
35344,8,minibatch_k64,text_pca256_lexical_w005
35345,42,minibatch_k64,text_pca256_lexical_w005
35346,62,minibatch_k64,text_pca256_lexical_w005
35347,42,minibatch_k64,text_pca256_lexical_w005
35348,33,minibatch_k64,text_pca256_lexical_w005
35349,42,minibatch_k64,text_pca256_lexical_w005
35350,42,minibatch_k64,text_pca256_lexical_w005
35351,42,minibatch_k64,text_pca256_lexical_w005
35352,25,minibatch_k64,text_pca256_lexical_w005
35353,33,minibatch_k64,text_pca256_lexical_w005
35354,42,minibatch_k64,text_pca256_lexical_w005
35355,33,minibatch_k64,text_pca256_lexical_w005
35356,25,minibatch_k64,text_pca256_lexical_w005
35357,33,minibatch_k64,text_pca256_lexical_w005
35358,33,minibatch_k64,text_pca256_lexical_w005
35359,61,minibatch_k64,text_pca256_lexical_w005
35360,21,minibatch_k64,text_pca256_lexical_w005
35361,42,minibatch_k64,text_pca256_lexical_w005
35362,33,minibatch_k64,text_pca256_lexical_w005
35363,23,minibatch_k64,text_pca256_lexical_w005
35364,25,minibatch_k64,text_pca256_lexical_w005
35365,4,minibatch_k64,text_pca256_lexical_w005
35366,50,minibatch_k64,text_pca256_lexical_w005
35367,62,minibatch_k64,text_pca256_lexical_w005
35368,33,minibatch_k64,text_pca256_lexical_w005
35369,33,minibatch_k64,text_pca256_lexical_w005
35370,42,minibatch_k64,text_pca256_lexical_w005
35371,50,minibatch_k64,text_pca256_lexical_w005
35372,15,minibatch_k64,text_pca256_lexical_w005
35373,42,minibatch_k64,text_pca256_lexical_w005
35374,33,minibatch_k64,text_pca256_lexical_w005
35375,0,minibatch_k64,text_pca256_lexical_w005
35376,33,minibatch_k64,text_pca256_lexical_w005
35377,21,minibatch_k64,text_pca256_lexical_w005
35378,25,minibatch_k64,text_pca256_lexical_w005
35379,23,minibatch_k64,text_pca256_lexical_w005
35380,8,minibatch_k64,text_pca256_lexical_w005
35381,33,minibatch_k64,text_pca256_lexical_w005
35382,33,minibatch_k64,text_pca256_lexical_w005
35383,42,minibatch_k64,text_pca256_lexical_w005
35384,42,minibatch_k64,text_pca256_lexical_w005
35385,50,minibatch_k64,text_pca256_lexical_w005
35386,42,minibatch_k64,text_pca256_lexical_w005
35387,42,minibatch_k64,text_pca256_lexical_w005
35388,0,minibatch_k64,text_pca256_lexical_w005
35389,45,minibatch_k64,text_pca256_lexical_w005
35390,25,minibatch_k64,text_pca256_lexical_w005
35391,33,minibatch_k64,text_pca256_lexical_w005
35392,42,minibatch_k64,text_pca256_lexical_w005
35393,50,minibatch_k64,text_pca256_lexical_w005
35394,15,minibatch_k64,text_pca256_lexical_w005
35395,25,minibatch_k64,text_pca256_lexical_w005
35396,33,minibatch_k64,text_pca256_lexical_w005
35397,15,minibatch_k64,text_pca256_lexical_w005
35398,42,minibatch_k64,text_pca256_lexical_w005
35399,42,minibatch_k64,text_pca256_lexical_w005
35400,62,minibatch_k64,text_pca256_lexical_w005
35401,2,minibatch_k64,text_pca256_lexical_w005
35402,21,minibatch_k64,text_pca256_lexical_w005
35403,33,minibatch_k64,text_pca256_lexical_w005
35404,33,minibatch_k64,text_pca256_lexical_w005
35405,42,minibatch_k64,text_pca256_lexical_w005
35406,50,minibatch_k64,text_pca256_lexical_w005
35407,33,minibatch_k64,text_pca256_lexical_w005
35408,42,minibatch_k64,text_pca256_lexical_w005
35409,50,minibatch_k64,text_pca256_lexical_w005
35410,50,minibatch_k64,text_pca256_lexical_w005
35411,42,minibatch_k64,text_pca256_lexical_w005
35412,0,minibatch_k64,text_pca256_lexical_w005
35413,50,minibatch_k64,text_pca256_lexical_w005
35414,33,minibatch_k64,text_pca256_lexical_w005
35415,50,minibatch_k64,text_pca256_lexical_w005
35416,21,minibatch_k64,text_pca256_lexical_w005
35417,42,minibatch_k64,text_pca256_lexical_w005
35418,0,minibatch_k64,text_pca256_lexical_w005
35419,42,minibatch_k64,text_pca256_lexical_w005
35420,42,minibatch_k64,text_pca256_lexical_w005
35421,50,minibatch_k64,text_pca256_lexical_w005
35422,42,minibatch_k64,text_pca256_lexical_w005
35423,50,minibatch_k64,text_pca256_lexical_w005
35424,50,minibatch_k64,text_pca256_lexical_w005
35425,21,minibatch_k64,text_pca256_lexical_w005
35426,21,minibatch_k64,text_pca256_lexical_w005
35427,33,minibatch_k64,text_pca256_lexical_w005
35428,42,minibatch_k64,text_pca256_lexical_w005
35429,21,minibatch_k64,text_pca256_lexical_w005
35430,42,minibatch_k64,text_pca256_lexical_w005
35431,42,minibatch_k64,text_pca256_lexical_w005
35432,42,minibatch_k64,text_pca256_lexical_w005
35433,42,minibatch_k64,text_pca256_lexical_w005
35434,21,minibatch_k64,text_pca256_lexical_w005
35435,8,minibatch_k64,text_pca256_lexical_w005
35436,42,minibatch_k64,text_pca256_lexical_w005
35437,33,minibatch_k64,text_pca256_lexical_w005
35438,21,minibatch_k64,text_pca256_lexical_w005
35439,33,minibatch_k64,text_pca256_lexical_w005
35440,33,minibatch_k64,text_pca256_lexical_w005
35441,8,minibatch_k64,text_pca256_lexical_w005
35442,23,minibatch_k64,text_pca256_lexical_w005
35443,50,minibatch_k64,text_pca256_lexical_w005
35444,62,minibatch_k64,text_pca256_lexical_w005
35445,15,minibatch_k64,text_pca256_lexical_w005
35446,8,minibatch_k64,text_pca256_lexical_w005
35447,33,minibatch_k64,text_pca256_lexical_w005
35448,23,minibatch_k64,text_pca256_lexical_w005
35449,33,minibatch_k64,text_pca256_lexical_w005
35450,39,minibatch_k64,text_pca256_lexical_w005
35451,33,minibatch_k64,text_pca256_lexical_w005
35452,21,minibatch_k64,text_pca256_lexical_w005
35453,21,minibatch_k64,text_pca256_lexical_w005
35454,0,minibatch_k64,text_pca256_lexical_w005
35455,42,minibatch_k64,text_pca256_lexical_w005
35456,0,minibatch_k64,text_pca256_lexical_w005
35457,42,minibatch_k64,text_pca256_lexical_w005
35458,42,minibatch_k64,text_pca256_lexical_w005
35459,42,minibatch_k64,text_pca256_lexical_w005
35460,21,minibatch_k64,text_pca256_lexical_w005
35461,42,minibatch_k64,text_pca256_lexical_w005
35462,0,minibatch_k64,text_pca256_lexical_w005
35463,21,minibatch_k64,text_pca256_lexical_w005
35464,21,minibatch_k64,text_pca256_lexical_w005
35465,21,minibatch_k64,text_pca256_lexical_w005
35466,0,minibatch_k64,text_pca256_lexical_w005
35467,25,minibatch_k64,text_pca256_lexical_w005
35468,0,minibatch_k64,text_pca256_lexical_w005
35469,0,minibatch_k64,text_pca256_lexical_w005
35470,0,minibatch_k64,text_pca256_lexical_w005
35471,25,minibatch_k64,text_pca256_lexical_w005
35472,0,minibatch_k64,text_pca256_lexical_w005
35473,25,minibatch_k64,text_pca256_lexical_w005
35474,0,minibatch_k64,text_pca256_lexical_w005
35475,25,minibatch_k64,text_pca256_lexical_w005
35476,0,minibatch_k64,text_pca256_lexical_w005
35477,23,minibatch_k64,text_pca256_lexical_w005
35478,42,minibatch_k64,text_pca256_lexical_w005
35479,62,minibatch_k64,text_pca256_lexical_w005
35480,8,minibatch_k64,text_pca256_lexical_w005
35481,62,minibatch_k64,text_pca256_lexical_w005
35482,8,minibatch_k64,text_pca256_lexical_w005
35483,62,minibatch_k64,text_pca256_lexical_w005
35484,10,minibatch_k64,text_pca256_lexical_w005
35485,62,minibatch_k64,text_pca256_lexical_w005
35486,8,minibatch_k64,text_pca256_lexical_w005
35487,62,minibatch_k64,text_pca256_lexical_w005
35488,33,minibatch_k64,text_pca256_lexical_w005
35489,56,minibatch_k64,text_pca256_lexical_w005
35490,32,minibatch_k64,text_pca256_lexical_w005
35491,10,minibatch_k64,text_pca256_lexical_w005
35492,0,minibatch_k64,text_pca256_lexical_w005
35493,10,minibatch_k64,text_pca256_lexical_w005
35494,33,minibatch_k64,text_pca256_lexical_w005
35495,0,minibatch_k64,text_pca256_lexical_w005
35496,0,minibatch_k64,text_pca256_lexical_w005
35497,15,minibatch_k64,text_pca256_lexical_w005
35498,23,minibatch_k64,text_pca256_lexical_w005
35499,55,minibatch_k64,text_pca256_lexical_w005
35500,33,minibatch_k64,text_pca256_lexical_w005
35501,60,minibatch_k64,text_pca256_lexical_w005
35502,23,minibatch_k64,text_pca256_lexical_w005
35503,8,minibatch_k64,text_pca256_lexical_w005
35504,33,minibatch_k64,text_pca256_lexical_w005
35505,32,minibatch_k64,text_pca256_lexical_w005
35506,23,minibatch_k64,text_pca256_lexical_w005
35507,10,minibatch_k64,text_pca256_lexical_w005
35508,16,minibatch_k64,text_pca256_lexical_w005
35509,0,minibatch_k64,text_pca256_lexical_w005
35510,0,minibatch_k64,text_pca256_lexical_w005
35511,10,minibatch_k64,text_pca256_lexical_w005
35512,10,minibatch_k64,text_pca256_lexical_w005
35513,18,minibatch_k64,text_pca256_lexical_w005
35514,47,minibatch_k64,text_pca256_lexical_w005
35515,18,minibatch_k64,text_pca256_lexical_w005
35516,18,minibatch_k64,text_pca256_lexical_w005
35517,10,minibatch_k64,text_pca256_lexical_w005
35518,23,minibatch_k64,text_pca256_lexical_w005
35519,59,minibatch_k64,text_pca256_lexical_w005
35520,0,minibatch_k64,text_pca256_lexical_w005
35521,62,minibatch_k64,text_pca256_lexical_w005
35522,21,minibatch_k64,text_pca256_lexical_w005
35523,33,minibatch_k64,text_pca256_lexical_w005
35524,45,minibatch_k64,text_pca256_lexical_w005
35525,60,minibatch_k64,text_pca256_lexical_w005
35526,23,minibatch_k64,text_pca256_lexical_w005
35527,23,minibatch_k64,text_pca256_lexical_w005
35528,15,minibatch_k64,text_pca256_lexical_w005
35529,23,minibatch_k64,text_pca256_lexical_w005
35530,20,minibatch_k64,text_pca256_lexical_w005
35531,10,minibatch_k64,text_pca256_lexical_w005
35532,59,minibatch_k64,text_pca256_lexical_w005
35533,45,minibatch_k64,text_pca256_lexical_w005
35534,47,minibatch_k64,text_pca256_lexical_w005
35535,18,minibatch_k64,text_pca256_lexical_w005
35536,21,minibatch_k64,text_pca256_lexical_w005
35537,59,minibatch_k64,text_pca256_lexical_w005
35538,18,minibatch_k64,text_pca256_lexical_w005
35539,0,minibatch_k64,text_pca256_lexical_w005
35540,59,minibatch_k64,text_pca256_lexical_w005
35541,45,minibatch_k64,text_pca256_lexical_w005
35542,38,minibatch_k64,text_pca256_lexical_w005
35543,36,minibatch_k64,text_pca256_lexical_w005
35544,55,minibatch_k64,text_pca256_lexical_w005
35545,60,minibatch_k64,text_pca256_lexical_w005
35546,23,minibatch_k64,text_pca256_lexical_w005
35547,18,minibatch_k64,text_pca256_lexical_w005
35548,45,minibatch_k64,text_pca256_lexical_w005
35549,18,minibatch_k64,text_pca256_lexical_w005
35550,18,minibatch_k64,text_pca256_lexical_w005
35551,59,minibatch_k64,text_pca256_lexical_w005
35552,53,minibatch_k64,text_pca256_lexical_w005
35553,45,minibatch_k64,text_pca256_lexical_w005
35554,45,minibatch_k64,text_pca256_lexical_w005
35555,23,minibatch_k64,text_pca256_lexical_w005
35556,23,minibatch_k64,text_pca256_lexical_w005
35557,18,minibatch_k64,text_pca256_lexical_w005
35558,62,minibatch_k64,text_pca256_lexical_w005
35559,23,minibatch_k64,text_pca256_lexical_w005
35560,18,minibatch_k64,text_pca256_lexical_w005
35561,18,minibatch_k64,text_pca256_lexical_w005
35562,10,minibatch_k64,text_pca256_lexical_w005
35563,59,minibatch_k64,text_pca256_lexical_w005
35564,18,minibatch_k64,text_pca256_lexical_w005
35565,18,minibatch_k64,text_pca256_lexical_w005
35566,0,minibatch_k64,text_pca256_lexical_w005
35567,61,minibatch_k64,text_pca256_lexical_w005
35568,18,minibatch_k64,text_pca256_lexical_w005
35569,23,minibatch_k64,text_pca256_lexical_w005
35570,18,minibatch_k64,text_pca256_lexical_w005
35571,39,minibatch_k64,text_pca256_lexical_w005
35572,18,minibatch_k64,text_pca256_lexical_w005
35573,2,minibatch_k64,text_pca256_lexical_w005
35574,23,minibatch_k64,text_pca256_lexical_w005
35575,23,minibatch_k64,text_pca256_lexical_w005
35576,45,minibatch_k64,text_pca256_lexical_w005
35577,18,minibatch_k64,text_pca256_lexical_w005
35578,45,minibatch_k64,text_pca256_lexical_w005
35579,23,minibatch_k64,text_pca256_lexical_w005
35580,18,minibatch_k64,text_pca256_lexical_w005
35581,39,minibatch_k64,text_pca256_lexical_w005
35582,61,minibatch_k64,text_pca256_lexical_w005
35583,2,minibatch_k64,text_pca256_lexical_w005
35584,23,minibatch_k64,text_pca256_lexical_w005
35585,0,minibatch_k64,text_pca256_lexical_w005
35586,18,minibatch_k64,text_pca256_lexical_w005
35587,0,minibatch_k64,text_pca256_lexical_w005
35588,59,minibatch_k64,text_pca256_lexical_w005
35589,59,minibatch_k64,text_pca256_lexical_w005
35590,45,minibatch_k64,text_pca256_lexical_w005
35591,45,minibatch_k64,text_pca256_lexical_w005
35592,18,minibatch_k64,text_pca256_lexical_w005
35593,23,minibatch_k64,text_pca256_lexical_w005
35594,23,minibatch_k64,text_pca256_lexical_w005
35595,18,minibatch_k64,text_pca256_lexical_w005
35596,45,minibatch_k64,text_pca256_lexical_w005
35597,8,minibatch_k64,text_pca256_lexical_w005
35598,62,minibatch_k64,text_pca256_lexical_w005
35599,39,minibatch_k64,text_pca256_lexical_w005
35600,45,minibatch_k64,text_pca256_lexical_w005
35601,18,minibatch_k64,text_pca256_lexical_w005
35602,62,minibatch_k64,text_pca256_lexical_w005
35603,45,minibatch_k64,text_pca256_lexical_w005
35604,45,minibatch_k64,text_pca256_lexical_w005
35605,59,minibatch_k64,text_pca256_lexical_w005
35606,59,minibatch_k64,text_pca256_lexical_w005
35607,59,minibatch_k64,text_pca256_lexical_w005
35608,45,minibatch_k64,text_pca256_lexical_w005
35609,45,minibatch_k64,text_pca256_lexical_w005
35610,0,minibatch_k64,text_pca256_lexical_w005
35611,18,minibatch_k64,text_pca256_lexical_w005
35612,59,minibatch_k64,text_pca256_lexical_w005
35613,45,minibatch_k64,text_pca256_lexical_w005
35614,18,minibatch_k64,text_pca256_lexical_w005
35615,42,minibatch_k64,text_pca256_lexical_w005
35616,59,minibatch_k64,text_pca256_lexical_w005
35617,59,minibatch_k64,text_pca256_lexical_w005
35618,59,minibatch_k64,text_pca256_lexical_w005
35619,45,minibatch_k64,text_pca256_lexical_w005
35620,18,minibatch_k64,text_pca256_lexical_w005
35621,45,minibatch_k64,text_pca256_lexical_w005
35622,10,minibatch_k64,text_pca256_lexical_w005
35623,59,minibatch_k64,text_pca256_lexical_w005
35624,45,minibatch_k64,text_pca256_lexical_w005
35625,18,minibatch_k64,text_pca256_lexical_w005
35626,18,minibatch_k64,text_pca256_lexical_w005
35627,33,minibatch_k64,text_pca256_lexical_w005
35628,10,minibatch_k64,text_pca256_lexical_w005
35629,45,minibatch_k64,text_pca256_lexical_w005
35630,18,minibatch_k64,text_pca256_lexical_w005
35631,59,minibatch_k64,text_pca256_lexical_w005
35632,15,minibatch_k64,text_pca256_lexical_w005
35633,50,minibatch_k64,text_pca256_lexical_w005
35634,10,minibatch_k64,text_pca256_lexical_w005
35635,50,minibatch_k64,text_pca256_lexical_w005
35636,18,minibatch_k64,text_pca256_lexical_w005
35637,18,minibatch_k64,text_pca256_lexical_w005
35638,45,minibatch_k64,text_pca256_lexical_w005
35639,23,minibatch_k64,text_pca256_lexical_w005
35640,62,minibatch_k64,text_pca256_lexical_w005
35641,59,minibatch_k64,text_pca256_lexical_w005
35642,45,minibatch_k64,text_pca256_lexical_w005
35643,45,minibatch_k64,text_pca256_lexical_w005
35644,18,minibatch_k64,text_pca256_lexical_w005
35645,45,minibatch_k64,text_pca256_lexical_w005
35646,45,minibatch_k64,text_pca256_lexical_w005
35647,45,minibatch_k64,text_pca256_lexical_w005
35648,33,minibatch_k64,text_pca256_lexical_w005
35649,39,minibatch_k64,text_pca256_lexical_w005
35650,45,minibatch_k64,text_pca256_lexical_w005
35651,45,minibatch_k64,text_pca256_lexical_w005
35652,18,minibatch_k64,text_pca256_lexical_w005
35653,45,minibatch_k64,text_pca256_lexical_w005
35654,45,minibatch_k64,text_pca256_lexical_w005
35655,45,minibatch_k64,text_pca256_lexical_w005
35656,45,minibatch_k64,text_pca256_lexical_w005
35657,18,minibatch_k64,text_pca256_lexical_w005
35658,45,minibatch_k64,text_pca256_lexical_w005
35659,45,minibatch_k64,text_pca256_lexical_w005
35660,45,minibatch_k64,text_pca256_lexical_w005
35661,18,minibatch_k64,text_pca256_lexical_w005
35662,45,minibatch_k64,text_pca256_lexical_w005
35663,18,minibatch_k64,text_pca256_lexical_w005
35664,59,minibatch_k64,text_pca256_lexical_w005
35665,18,minibatch_k64,text_pca256_lexical_w005
35666,18,minibatch_k64,text_pca256_lexical_w005
35667,18,minibatch_k64,text_pca256_lexical_w005
35668,39,minibatch_k64,text_pca256_lexical_w005
35669,39,minibatch_k64,text_pca256_lexical_w005
35670,59,minibatch_k64,text_pca256_lexical_w005
35671,18,minibatch_k64,text_pca256_lexical_w005
35672,45,minibatch_k64,text_pca256_lexical_w005
35673,18,minibatch_k64,text_pca256_lexical_w005
35674,0,minibatch_k64,text_pca256_lexical_w005
35675,18,minibatch_k64,text_pca256_lexical_w005
35676,23,minibatch_k64,text_pca256_lexical_w005
35677,39,minibatch_k64,text_pca256_lexical_w005
35678,18,minibatch_k64,text_pca256_lexical_w005
35679,18,minibatch_k64,text_pca256_lexical_w005
35680,18,minibatch_k64,text_pca256_lexical_w005
35681,0,minibatch_k64,text_pca256_lexical_w005
35682,45,minibatch_k64,text_pca256_lexical_w005
35683,18,minibatch_k64,text_pca256_lexical_w005
35684,18,minibatch_k64,text_pca256_lexical_w005
35685,18,minibatch_k64,text_pca256_lexical_w005
35686,18,minibatch_k64,text_pca256_lexical_w005
35687,18,minibatch_k64,text_pca256_lexical_w005
35688,18,minibatch_k64,text_pca256_lexical_w005
35689,27,minibatch_k64,text_pca256_lexical_w005
35690,18,minibatch_k64,text_pca256_lexical_w005
35691,45,minibatch_k64,text_pca256_lexical_w005
35692,18,minibatch_k64,text_pca256_lexical_w005
35693,45,minibatch_k64,text_pca256_lexical_w005
35694,38,minibatch_k64,text_pca256_lexical_w005
35695,36,minibatch_k64,text_pca256_lexical_w005
35696,55,minibatch_k64,text_pca256_lexical_w005
35697,60,minibatch_k64,text_pca256_lexical_w005
35698,2,minibatch_k64,text_pca256_lexical_w005
35699,23,minibatch_k64,text_pca256_lexical_w005
35700,45,minibatch_k64,text_pca256_lexical_w005
35701,23,minibatch_k64,text_pca256_lexical_w005
35702,59,minibatch_k64,text_pca256_lexical_w005
35703,45,minibatch_k64,text_pca256_lexical_w005
35704,2,minibatch_k64,text_pca256_lexical_w005
35705,18,minibatch_k64,text_pca256_lexical_w005
35706,18,minibatch_k64,text_pca256_lexical_w005
35707,45,minibatch_k64,text_pca256_lexical_w005
35708,0,minibatch_k64,text_pca256_lexical_w005
35709,2,minibatch_k64,text_pca256_lexical_w005
35710,0,minibatch_k64,text_pca256_lexical_w005
35711,18,minibatch_k64,text_pca256_lexical_w005
35712,59,minibatch_k64,text_pca256_lexical_w005
35713,59,minibatch_k64,text_pca256_lexical_w005
35714,59,minibatch_k64,text_pca256_lexical_w005
35715,45,minibatch_k64,text_pca256_lexical_w005
35716,0,minibatch_k64,text_pca256_lexical_w005
35717,18,minibatch_k64,text_pca256_lexical_w005
35718,18,minibatch_k64,text_pca256_lexical_w005
35719,18,minibatch_k64,text_pca256_lexical_w005
35720,18,minibatch_k64,text_pca256_lexical_w005
35721,59,minibatch_k64,text_pca256_lexical_w005
35722,59,minibatch_k64,text_pca256_lexical_w005
35723,2,minibatch_k64,text_pca256_lexical_w005
35724,23,minibatch_k64,text_pca256_lexical_w005
35725,23,minibatch_k64,text_pca256_lexical_w005
35726,23,minibatch_k64,text_pca256_lexical_w005
35727,45,minibatch_k64,text_pca256_lexical_w005
35728,0,minibatch_k64,text_pca256_lexical_w005
35729,23,minibatch_k64,text_pca256_lexical_w005
35730,23,minibatch_k64,text_pca256_lexical_w005
35731,59,minibatch_k64,text_pca256_lexical_w005
35732,18,minibatch_k64,text_pca256_lexical_w005
35733,2,minibatch_k64,text_pca256_lexical_w005
35734,59,minibatch_k64,text_pca256_lexical_w005
35735,62,minibatch_k64,text_pca256_lexical_w005
35736,18,minibatch_k64,text_pca256_lexical_w005
35737,18,minibatch_k64,text_pca256_lexical_w005
35738,18,minibatch_k64,text_pca256_lexical_w005
35739,23,minibatch_k64,text_pca256_lexical_w005
35740,18,minibatch_k64,text_pca256_lexical_w005
35741,18,minibatch_k64,text_pca256_lexical_w005
35742,18,minibatch_k64,text_pca256_lexical_w005
35743,18,minibatch_k64,text_pca256_lexical_w005
35744,18,minibatch_k64,text_pca256_lexical_w005
35745,23,minibatch_k64,text_pca256_lexical_w005
35746,50,minibatch_k64,text_pca256_lexical_w005
35747,23,minibatch_k64,text_pca256_lexical_w005
35748,18,minibatch_k64,text_pca256_lexical_w005
35749,10,minibatch_k64,text_pca256_lexical_w005
35750,2,minibatch_k64,text_pca256_lexical_w005
35751,59,minibatch_k64,text_pca256_lexical_w005
35752,23,minibatch_k64,text_pca256_lexical_w005
35753,45,minibatch_k64,text_pca256_lexical_w005
35754,23,minibatch_k64,text_pca256_lexical_w005
35755,23,minibatch_k64,text_pca256_lexical_w005
35756,18,minibatch_k64,text_pca256_lexical_w005
35757,18,minibatch_k64,text_pca256_lexical_w005
35758,59,minibatch_k64,text_pca256_lexical_w005
35759,0,minibatch_k64,text_pca256_lexical_w005
35760,45,minibatch_k64,text_pca256_lexical_w005
35761,18,minibatch_k64,text_pca256_lexical_w005
35762,18,minibatch_k64,text_pca256_lexical_w005
35763,18,minibatch_k64,text_pca256_lexical_w005
35764,8,minibatch_k64,text_pca256_lexical_w005
35765,59,minibatch_k64,text_pca256_lexical_w005
35766,18,minibatch_k64,text_pca256_lexical_w005
35767,45,minibatch_k64,text_pca256_lexical_w005
35768,18,minibatch_k64,text_pca256_lexical_w005
35769,18,minibatch_k64,text_pca256_lexical_w005
35770,23,minibatch_k64,text_pca256_lexical_w005
35771,18,minibatch_k64,text_pca256_lexical_w005
35772,62,minibatch_k64,text_pca256_lexical_w005
35773,23,minibatch_k64,text_pca256_lexical_w005
35774,18,minibatch_k64,text_pca256_lexical_w005
35775,21,minibatch_k64,text_pca256_lexical_w005
35776,18,minibatch_k64,text_pca256_lexical_w005
35777,18,minibatch_k64,text_pca256_lexical_w005
35778,59,minibatch_k64,text_pca256_lexical_w005
35779,18,minibatch_k64,text_pca256_lexical_w005
35780,18,minibatch_k64,text_pca256_lexical_w005
35781,18,minibatch_k64,text_pca256_lexical_w005
35782,18,minibatch_k64,text_pca256_lexical_w005
35783,18,minibatch_k64,text_pca256_lexical_w005
35784,15,minibatch_k64,text_pca256_lexical_w005
35785,59,minibatch_k64,text_pca256_lexical_w005
35786,18,minibatch_k64,text_pca256_lexical_w005
35787,18,minibatch_k64,text_pca256_lexical_w005
35788,18,minibatch_k64,text_pca256_lexical_w005
35789,18,minibatch_k64,text_pca256_lexical_w005
35790,18,minibatch_k64,text_pca256_lexical_w005
35791,18,minibatch_k64,text_pca256_lexical_w005
35792,18,minibatch_k64,text_pca256_lexical_w005
35793,18,minibatch_k64,text_pca256_lexical_w005
35794,18,minibatch_k64,text_pca256_lexical_w005
35795,0,minibatch_k64,text_pca256_lexical_w005
35796,18,minibatch_k64,text_pca256_lexical_w005
35797,59,minibatch_k64,text_pca256_lexical_w005
35798,10,minibatch_k64,text_pca256_lexical_w005
35799,18,minibatch_k64,text_pca256_lexical_w005
35800,18,minibatch_k64,text_pca256_lexical_w005
35801,18,minibatch_k64,text_pca256_lexical_w005
35802,59,minibatch_k64,text_pca256_lexical_w005
35803,23,minibatch_k64,text_pca256_lexical_w005
35804,23,minibatch_k64,text_pca256_lexical_w005
35805,18,minibatch_k64,text_pca256_lexical_w005
35806,18,minibatch_k64,text_pca256_lexical_w005
35807,0,minibatch_k64,text_pca256_lexical_w005
35808,2,minibatch_k64,text_pca256_lexical_w005
35809,62,minibatch_k64,text_pca256_lexical_w005
35810,18,minibatch_k64,text_pca256_lexical_w005
35811,18,minibatch_k64,text_pca256_lexical_w005
35812,45,minibatch_k64,text_pca256_lexical_w005
35813,59,minibatch_k64,text_pca256_lexical_w005
35814,18,minibatch_k64,text_pca256_lexical_w005
35815,18,minibatch_k64,text_pca256_lexical_w005
35816,59,minibatch_k64,text_pca256_lexical_w005
35817,18,minibatch_k64,text_pca256_lexical_w005
35818,0,minibatch_k64,text_pca256_lexical_w005
35819,18,minibatch_k64,text_pca256_lexical_w005
35820,18,minibatch_k64,text_pca256_lexical_w005
35821,18,minibatch_k64,text_pca256_lexical_w005
35822,23,minibatch_k64,text_pca256_lexical_w005
35823,62,minibatch_k64,text_pca256_lexical_w005
35824,2,minibatch_k64,text_pca256_lexical_w005
35825,18,minibatch_k64,text_pca256_lexical_w005
35826,23,minibatch_k64,text_pca256_lexical_w005
35827,23,minibatch_k64,text_pca256_lexical_w005
35828,59,minibatch_k64,text_pca256_lexical_w005
35829,59,minibatch_k64,text_pca256_lexical_w005
35830,18,minibatch_k64,text_pca256_lexical_w005
35831,18,minibatch_k64,text_pca256_lexical_w005
35832,18,minibatch_k64,text_pca256_lexical_w005
35833,0,minibatch_k64,text_pca256_lexical_w005
35834,10,minibatch_k64,text_pca256_lexical_w005
35835,18,minibatch_k64,text_pca256_lexical_w005
35836,18,minibatch_k64,text_pca256_lexical_w005
35837,18,minibatch_k64,text_pca256_lexical_w005
35838,59,minibatch_k64,text_pca256_lexical_w005
35839,18,minibatch_k64,text_pca256_lexical_w005
35840,10,minibatch_k64,text_pca256_lexical_w005
35841,59,minibatch_k64,text_pca256_lexical_w005
35842,18,minibatch_k64,text_pca256_lexical_w005
35843,18,minibatch_k64,text_pca256_lexical_w005
35844,18,minibatch_k64,text_pca256_lexical_w005
35845,18,minibatch_k64,text_pca256_lexical_w005
35846,23,minibatch_k64,text_pca256_lexical_w005
35847,45,minibatch_k64,text_pca256_lexical_w005
35848,45,minibatch_k64,text_pca256_lexical_w005
35849,18,minibatch_k64,text_pca256_lexical_w005
35850,18,minibatch_k64,text_pca256_lexical_w005
35851,0,minibatch_k64,text_pca256_lexical_w005
35852,10,minibatch_k64,text_pca256_lexical_w005
35853,45,minibatch_k64,text_pca256_lexical_w005
35854,27,minibatch_k64,text_pca256_lexical_w005
35855,45,minibatch_k64,text_pca256_lexical_w005
35856,0,minibatch_k64,text_pca256_lexical_w005
35857,45,minibatch_k64,text_pca256_lexical_w005
35858,59,minibatch_k64,text_pca256_lexical_w005
35859,27,minibatch_k64,text_pca256_lexical_w005
35860,62,minibatch_k64,text_pca256_lexical_w005
35861,62,minibatch_k64,text_pca256_lexical_w005
35862,10,minibatch_k64,text_pca256_lexical_w005
35863,45,minibatch_k64,text_pca256_lexical_w005
35864,18,minibatch_k64,text_pca256_lexical_w005
35865,45,minibatch_k64,text_pca256_lexical_w005
35866,27,minibatch_k64,text_pca256_lexical_w005
35867,18,minibatch_k64,text_pca256_lexical_w005
35868,18,minibatch_k64,text_pca256_lexical_w005
35869,0,minibatch_k64,text_pca256_lexical_w005
35870,10,minibatch_k64,text_pca256_lexical_w005
35871,18,minibatch_k64,text_pca256_lexical_w005
35872,27,minibatch_k64,text_pca256_lexical_w005
35873,62,minibatch_k64,text_pca256_lexical_w005
35874,15,minibatch_k64,text_pca256_lexical_w005
35875,59,minibatch_k64,text_pca256_lexical_w005
35876,10,minibatch_k64,text_pca256_lexical_w005
35877,0,minibatch_k64,text_pca256_lexical_w005
35878,45,minibatch_k64,text_pca256_lexical_w005
35879,59,minibatch_k64,text_pca256_lexical_w005
35880,45,minibatch_k64,text_pca256_lexical_w005
35881,45,minibatch_k64,text_pca256_lexical_w005
35882,0,minibatch_k64,text_pca256_lexical_w005
35883,23,minibatch_k64,text_pca256_lexical_w005
35884,45,minibatch_k64,text_pca256_lexical_w005
35885,10,minibatch_k64,text_pca256_lexical_w005
35886,42,minibatch_k64,text_pca256_lexical_w005
35887,23,minibatch_k64,text_pca256_lexical_w005
35888,45,minibatch_k64,text_pca256_lexical_w005
35889,0,minibatch_k64,text_pca256_lexical_w005
35890,42,minibatch_k64,text_pca256_lexical_w005
35891,62,minibatch_k64,text_pca256_lexical_w005
35892,15,minibatch_k64,text_pca256_lexical_w005
35893,0,minibatch_k64,text_pca256_lexical_w005
35894,62,minibatch_k64,text_pca256_lexical_w005
35895,45,minibatch_k64,text_pca256_lexical_w005
35896,62,minibatch_k64,text_pca256_lexical_w005
35897,45,minibatch_k64,text_pca256_lexical_w005
35898,45,minibatch_k64,text_pca256_lexical_w005
35899,62,minibatch_k64,text_pca256_lexical_w005
35900,62,minibatch_k64,text_pca256_lexical_w005
35901,56,minibatch_k64,text_pca256_lexical_w005
35902,8,minibatch_k64,text_pca256_lexical_w005
35903,33,minibatch_k64,text_pca256_lexical_w005
35904,62,minibatch_k64,text_pca256_lexical_w005
35905,0,minibatch_k64,text_pca256_lexical_w005
35906,42,minibatch_k64,text_pca256_lexical_w005
35907,62,minibatch_k64,text_pca256_lexical_w005
35908,0,minibatch_k64,text_pca256_lexical_w005
35909,42,minibatch_k64,text_pca256_lexical_w005
35910,0,minibatch_k64,text_pca256_lexical_w005
35911,52,minibatch_k64,text_pca256_lexical_w005
35912,5,minibatch_k64,text_pca256_lexical_w005
35913,33,minibatch_k64,text_pca256_lexical_w005
35914,25,minibatch_k64,text_pca256_lexical_w005
35915,58,minibatch_k64,text_pca256_lexical_w005
35916,45,minibatch_k64,text_pca256_lexical_w005
35917,45,minibatch_k64,text_pca256_lexical_w005
35918,45,minibatch_k64,text_pca256_lexical_w005
35919,38,minibatch_k64,text_pca256_lexical_w005
35920,45,minibatch_k64,text_pca256_lexical_w005
35921,55,minibatch_k64,text_pca256_lexical_w005
35922,54,minibatch_k64,text_pca256_lexical_w005
35923,42,minibatch_k64,text_pca256_lexical_w005
35924,52,minibatch_k64,text_pca256_lexical_w005
35925,8,minibatch_k64,text_pca256_lexical_w005
35926,52,minibatch_k64,text_pca256_lexical_w005
35927,0,minibatch_k64,text_pca256_lexical_w005
35928,25,minibatch_k64,text_pca256_lexical_w005
35929,15,minibatch_k64,text_pca256_lexical_w005
35930,15,minibatch_k64,text_pca256_lexical_w005
35931,62,minibatch_k64,text_pca256_lexical_w005
35932,62,minibatch_k64,text_pca256_lexical_w005
35933,0,minibatch_k64,text_pca256_lexical_w005
35934,62,minibatch_k64,text_pca256_lexical_w005
35935,62,minibatch_k64,text_pca256_lexical_w005
35936,0,minibatch_k64,text_pca256_lexical_w005
35937,0,minibatch_k64,text_pca256_lexical_w005
35938,0,minibatch_k64,text_pca256_lexical_w005
35939,8,minibatch_k64,text_pca256_lexical_w005
35940,8,minibatch_k64,text_pca256_lexical_w005
35941,5,minibatch_k64,text_pca256_lexical_w005
35942,0,minibatch_k64,text_pca256_lexical_w005
35943,58,minibatch_k64,text_pca256_lexical_w005
35944,38,minibatch_k64,text_pca256_lexical_w005
35945,45,minibatch_k64,text_pca256_lexical_w005
35946,55,minibatch_k64,text_pca256_lexical_w005
35947,54,minibatch_k64,text_pca256_lexical_w005
35948,4,minibatch_k64,text_pca256_lexical_w005
35949,23,minibatch_k64,text_pca256_lexical_w005
35950,4,minibatch_k64,text_pca256_lexical_w005
35951,45,minibatch_k64,text_pca256_lexical_w005
35952,4,minibatch_k64,text_pca256_lexical_w005
35953,52,minibatch_k64,text_pca256_lexical_w005
35954,0,minibatch_k64,text_pca256_lexical_w005
35955,52,minibatch_k64,text_pca256_lexical_w005
35956,25,minibatch_k64,text_pca256_lexical_w005
35957,62,minibatch_k64,text_pca256_lexical_w005
35958,15,minibatch_k64,text_pca256_lexical_w005
35959,42,minibatch_k64,text_pca256_lexical_w005
35960,62,minibatch_k64,text_pca256_lexical_w005
35961,0,minibatch_k64,text_pca256_lexical_w005
35962,15,minibatch_k64,text_pca256_lexical_w005
35963,0,minibatch_k64,text_pca256_lexical_w005
35964,10,minibatch_k64,text_pca256_lexical_w005
35965,0,minibatch_k64,text_pca256_lexical_w005
35966,62,minibatch_k64,text_pca256_lexical_w005
35967,42,minibatch_k64,text_pca256_lexical_w005
35968,0,minibatch_k64,text_pca256_lexical_w005
35969,62,minibatch_k64,text_pca256_lexical_w005
35970,52,minibatch_k64,text_pca256_lexical_w005
35971,0,minibatch_k64,text_pca256_lexical_w005
35972,62,minibatch_k64,text_pca256_lexical_w005
35973,52,minibatch_k64,text_pca256_lexical_w005
35974,10,minibatch_k64,text_pca256_lexical_w005
35975,52,minibatch_k64,text_pca256_lexical_w005
35976,29,minibatch_k64,text_pca256_lexical_w005
35977,38,minibatch_k64,text_pca256_lexical_w005
35978,62,minibatch_k64,text_pca256_lexical_w005
35979,45,minibatch_k64,text_pca256_lexical_w005
35980,23,minibatch_k64,text_pca256_lexical_w005
35981,25,minibatch_k64,text_pca256_lexical_w005
35982,55,minibatch_k64,text_pca256_lexical_w005
35983,23,minibatch_k64,text_pca256_lexical_w005
35984,8,minibatch_k64,text_pca256_lexical_w005
35985,8,minibatch_k64,text_pca256_lexical_w005
35986,25,minibatch_k64,text_pca256_lexical_w005
35987,0,minibatch_k64,text_pca256_lexical_w005
35988,42,minibatch_k64,text_pca256_lexical_w005
35989,0,minibatch_k64,text_pca256_lexical_w005
35990,42,minibatch_k64,text_pca256_lexical_w005
35991,8,minibatch_k64,text_pca256_lexical_w005
35992,8,minibatch_k64,text_pca256_lexical_w005
35993,38,minibatch_k64,text_pca256_lexical_w005
35994,58,minibatch_k64,text_pca256_lexical_w005
35995,23,minibatch_k64,text_pca256_lexical_w005
35996,55,minibatch_k64,text_pca256_lexical_w005
35997,60,minibatch_k64,text_pca256_lexical_w005
35998,0,minibatch_k64,text_pca256_lexical_w005
35999,0,minibatch_k64,text_pca256_lexical_w005
36000,0,minibatch_k64,text_pca256_lexical_w005
36001,25,minibatch_k64,text_pca256_lexical_w005
36002,0,minibatch_k64,text_pca256_lexical_w005
36003,5,minibatch_k64,text_pca256_lexical_w005
36004,25,minibatch_k64,text_pca256_lexical_w005
36005,21,minibatch_k64,text_pca256_lexical_w005
36006,38,minibatch_k64,text_pca256_lexical_w005
36007,58,minibatch_k64,text_pca256_lexical_w005
36008,45,minibatch_k64,text_pca256_lexical_w005
36009,45,minibatch_k64,text_pca256_lexical_w005
36010,55,minibatch_k64,text_pca256_lexical_w005
36011,54,minibatch_k64,text_pca256_lexical_w005
36012,4,minibatch_k64,text_pca256_lexical_w005
36013,45,minibatch_k64,text_pca256_lexical_w005
36014,23,minibatch_k64,text_pca256_lexical_w005
36015,4,minibatch_k64,text_pca256_lexical_w005
36016,0,minibatch_k64,text_pca256_lexical_w005
36017,4,minibatch_k64,text_pca256_lexical_w005
36018,4,minibatch_k64,text_pca256_lexical_w005
36019,4,minibatch_k64,text_pca256_lexical_w005
36020,0,minibatch_k64,text_pca256_lexical_w005
36021,42,minibatch_k64,text_pca256_lexical_w005
36022,8,minibatch_k64,text_pca256_lexical_w005
36023,8,minibatch_k64,text_pca256_lexical_w005
36024,25,minibatch_k64,text_pca256_lexical_w005
36025,62,minibatch_k64,text_pca256_lexical_w005
36026,62,minibatch_k64,text_pca256_lexical_w005
36027,62,minibatch_k64,text_pca256_lexical_w005
36028,50,minibatch_k64,text_pca256_lexical_w005
36029,0,minibatch_k64,text_pca256_lexical_w005
36030,0,minibatch_k64,text_pca256_lexical_w005
36031,62,minibatch_k64,text_pca256_lexical_w005
36032,10,minibatch_k64,text_pca256_lexical_w005
36033,0,minibatch_k64,text_pca256_lexical_w005
36034,0,minibatch_k64,text_pca256_lexical_w005
36035,62,minibatch_k64,text_pca256_lexical_w005
36036,0,minibatch_k64,text_pca256_lexical_w005
36037,62,minibatch_k64,text_pca256_lexical_w005
36038,56,minibatch_k64,text_pca256_lexical_w005
36039,0,minibatch_k64,text_pca256_lexical_w005
36040,8,minibatch_k64,text_pca256_lexical_w005
36041,8,minibatch_k64,text_pca256_lexical_w005
36042,62,minibatch_k64,text_pca256_lexical_w005
36043,0,minibatch_k64,text_pca256_lexical_w005
36044,0,minibatch_k64,text_pca256_lexical_w005
36045,0,minibatch_k64,text_pca256_lexical_w005
36046,0,minibatch_k64,text_pca256_lexical_w005
36047,0,minibatch_k64,text_pca256_lexical_w005
36048,5,minibatch_k64,text_pca256_lexical_w005
36049,10,minibatch_k64,text_pca256_lexical_w005
36050,0,minibatch_k64,text_pca256_lexical_w005
36051,38,minibatch_k64,text_pca256_lexical_w005
36052,58,minibatch_k64,text_pca256_lexical_w005
36053,45,minibatch_k64,text_pca256_lexical_w005
36054,23,minibatch_k64,text_pca256_lexical_w005
36055,55,minibatch_k64,text_pca256_lexical_w005
36056,45,minibatch_k64,text_pca256_lexical_w005
36057,15,minibatch_k64,text_pca256_lexical_w005
36058,60,minibatch_k64,text_pca256_lexical_w005
36059,0,minibatch_k64,text_pca256_lexical_w005
36060,4,minibatch_k64,text_pca256_lexical_w005
36061,4,minibatch_k64,text_pca256_lexical_w005
36062,10,minibatch_k64,text_pca256_lexical_w005
36063,45,minibatch_k64,text_pca256_lexical_w005
36064,0,minibatch_k64,text_pca256_lexical_w005
36065,23,minibatch_k64,text_pca256_lexical_w005
36066,45,minibatch_k64,text_pca256_lexical_w005
36067,45,minibatch_k64,text_pca256_lexical_w005
36068,10,minibatch_k64,text_pca256_lexical_w005
36069,39,minibatch_k64,text_pca256_lexical_w005
36070,15,minibatch_k64,text_pca256_lexical_w005
36071,62,minibatch_k64,text_pca256_lexical_w005
36072,10,minibatch_k64,text_pca256_lexical_w005
36073,0,minibatch_k64,text_pca256_lexical_w005
36074,25,minibatch_k64,text_pca256_lexical_w005
36075,0,minibatch_k64,text_pca256_lexical_w005
36076,0,minibatch_k64,text_pca256_lexical_w005
36077,59,minibatch_k64,text_pca256_lexical_w005
36078,0,minibatch_k64,text_pca256_lexical_w005
36079,10,minibatch_k64,text_pca256_lexical_w005
36080,8,minibatch_k64,text_pca256_lexical_w005
36081,8,minibatch_k64,text_pca256_lexical_w005
36082,58,minibatch_k64,text_pca256_lexical_w005
36083,38,minibatch_k64,text_pca256_lexical_w005
36084,42,minibatch_k64,text_pca256_lexical_w005
36085,55,minibatch_k64,text_pca256_lexical_w005
36086,60,minibatch_k64,text_pca256_lexical_w005
36087,62,minibatch_k64,text_pca256_lexical_w005
36088,45,minibatch_k64,text_pca256_lexical_w005
36089,50,minibatch_k64,text_pca256_lexical_w005
36090,4,minibatch_k64,text_pca256_lexical_w005
36091,4,minibatch_k64,text_pca256_lexical_w005
36092,0,minibatch_k64,text_pca256_lexical_w005
36093,45,minibatch_k64,text_pca256_lexical_w005
36094,4,minibatch_k64,text_pca256_lexical_w005
36095,45,minibatch_k64,text_pca256_lexical_w005
36096,59,minibatch_k64,text_pca256_lexical_w005
36097,42,minibatch_k64,text_pca256_lexical_w005
36098,59,minibatch_k64,text_pca256_lexical_w005
36099,0,minibatch_k64,text_pca256_lexical_w005
36100,4,minibatch_k64,text_pca256_lexical_w005
36101,23,minibatch_k64,text_pca256_lexical_w005
36102,39,minibatch_k64,text_pca256_lexical_w005
36103,45,minibatch_k64,text_pca256_lexical_w005
36104,45,minibatch_k64,text_pca256_lexical_w005
36105,45,minibatch_k64,text_pca256_lexical_w005
36106,0,minibatch_k64,text_pca256_lexical_w005
36107,23,minibatch_k64,text_pca256_lexical_w005
36108,0,minibatch_k64,text_pca256_lexical_w005
36109,47,minibatch_k64,text_pca256_lexical_w005
36110,0,minibatch_k64,text_pca256_lexical_w005
36111,25,minibatch_k64,text_pca256_lexical_w005
36112,0,minibatch_k64,text_pca256_lexical_w005
36113,8,minibatch_k64,text_pca256_lexical_w005
36114,10,minibatch_k64,text_pca256_lexical_w005
36115,33,minibatch_k64,text_pca256_lexical_w005
36116,62,minibatch_k64,text_pca256_lexical_w005
36117,42,minibatch_k64,text_pca256_lexical_w005
36118,23,minibatch_k64,text_pca256_lexical_w005
36119,45,minibatch_k64,text_pca256_lexical_w005
36120,62,minibatch_k64,text_pca256_lexical_w005
36121,62,minibatch_k64,text_pca256_lexical_w005
36122,0,minibatch_k64,text_pca256_lexical_w005
36123,0,minibatch_k64,text_pca256_lexical_w005
36124,0,minibatch_k64,text_pca256_lexical_w005
36125,0,minibatch_k64,text_pca256_lexical_w005
36126,0,minibatch_k64,text_pca256_lexical_w005
36127,18,minibatch_k64,text_pca256_lexical_w005
36128,0,minibatch_k64,text_pca256_lexical_w005
36129,53,minibatch_k64,text_pca256_lexical_w005
36130,62,minibatch_k64,text_pca256_lexical_w005
36131,0,minibatch_k64,text_pca256_lexical_w005
36132,42,minibatch_k64,text_pca256_lexical_w005
36133,0,minibatch_k64,text_pca256_lexical_w005
36134,29,minibatch_k64,text_pca256_lexical_w005
36135,45,minibatch_k64,text_pca256_lexical_w005
36136,62,minibatch_k64,text_pca256_lexical_w005
36137,29,minibatch_k64,text_pca256_lexical_w005
36138,38,minibatch_k64,text_pca256_lexical_w005
36139,58,minibatch_k64,text_pca256_lexical_w005
36140,40,minibatch_k64,text_pca256_lexical_w005
36141,45,minibatch_k64,text_pca256_lexical_w005
36142,55,minibatch_k64,text_pca256_lexical_w005
36143,60,minibatch_k64,text_pca256_lexical_w005
36144,23,minibatch_k64,text_pca256_lexical_w005
36145,4,minibatch_k64,text_pca256_lexical_w005
36146,4,minibatch_k64,text_pca256_lexical_w005
36147,4,minibatch_k64,text_pca256_lexical_w005
36148,23,minibatch_k64,text_pca256_lexical_w005
36149,0,minibatch_k64,text_pca256_lexical_w005
36150,23,minibatch_k64,text_pca256_lexical_w005
36151,45,minibatch_k64,text_pca256_lexical_w005
36152,4,minibatch_k64,text_pca256_lexical_w005
36153,42,minibatch_k64,text_pca256_lexical_w005
36154,50,minibatch_k64,text_pca256_lexical_w005
36155,45,minibatch_k64,text_pca256_lexical_w005
36156,23,minibatch_k64,text_pca256_lexical_w005
36157,21,minibatch_k64,text_pca256_lexical_w005
36158,62,minibatch_k64,text_pca256_lexical_w005
36159,8,minibatch_k64,text_pca256_lexical_w005
36160,25,minibatch_k64,text_pca256_lexical_w005
36161,8,minibatch_k64,text_pca256_lexical_w005
36162,39,minibatch_k64,text_pca256_lexical_w005
36163,62,minibatch_k64,text_pca256_lexical_w005
36164,33,minibatch_k64,text_pca256_lexical_w005
36165,42,minibatch_k64,text_pca256_lexical_w005
36166,62,minibatch_k64,text_pca256_lexical_w005
36167,0,minibatch_k64,text_pca256_lexical_w005
36168,39,minibatch_k64,text_pca256_lexical_w005
36169,62,minibatch_k64,text_pca256_lexical_w005
36170,62,minibatch_k64,text_pca256_lexical_w005
36171,53,minibatch_k64,text_pca256_lexical_w005
36172,47,minibatch_k64,text_pca256_lexical_w005
36173,0,minibatch_k64,text_pca256_lexical_w005
36174,62,minibatch_k64,text_pca256_lexical_w005
36175,0,minibatch_k64,text_pca256_lexical_w005
36176,42,minibatch_k64,text_pca256_lexical_w005
36177,0,minibatch_k64,text_pca256_lexical_w005
36178,8,minibatch_k64,text_pca256_lexical_w005
36179,8,minibatch_k64,text_pca256_lexical_w005
36180,0,minibatch_k64,text_pca256_lexical_w005
36181,0,minibatch_k64,text_pca256_lexical_w005
36182,62,minibatch_k64,text_pca256_lexical_w005
36183,0,minibatch_k64,text_pca256_lexical_w005
36184,62,minibatch_k64,text_pca256_lexical_w005
36185,62,minibatch_k64,text_pca256_lexical_w005
36186,62,minibatch_k64,text_pca256_lexical_w005
36187,62,minibatch_k64,text_pca256_lexical_w005
36188,62,minibatch_k64,text_pca256_lexical_w005
36189,45,minibatch_k64,text_pca256_lexical_w005
36190,0,minibatch_k64,text_pca256_lexical_w005
36191,62,minibatch_k64,text_pca256_lexical_w005
36192,0,minibatch_k64,text_pca256_lexical_w005
36193,10,minibatch_k64,text_pca256_lexical_w005
36194,62,minibatch_k64,text_pca256_lexical_w005
36195,0,minibatch_k64,text_pca256_lexical_w005
36196,0,minibatch_k64,text_pca256_lexical_w005
36197,62,minibatch_k64,text_pca256_lexical_w005
36198,8,minibatch_k64,text_pca256_lexical_w005
36199,50,minibatch_k64,text_pca256_lexical_w005
36200,62,minibatch_k64,text_pca256_lexical_w005
36201,0,minibatch_k64,text_pca256_lexical_w005
36202,62,minibatch_k64,text_pca256_lexical_w005
36203,62,minibatch_k64,text_pca256_lexical_w005
36204,0,minibatch_k64,text_pca256_lexical_w005
36205,23,minibatch_k64,text_pca256_lexical_w005
36206,15,minibatch_k64,text_pca256_lexical_w005
36207,15,minibatch_k64,text_pca256_lexical_w005
36208,62,minibatch_k64,text_pca256_lexical_w005
36209,42,minibatch_k64,text_pca256_lexical_w005
36210,0,minibatch_k64,text_pca256_lexical_w005
36211,56,minibatch_k64,text_pca256_lexical_w005
36212,0,minibatch_k64,text_pca256_lexical_w005
36213,0,minibatch_k64,text_pca256_lexical_w005
36214,42,minibatch_k64,text_pca256_lexical_w005
36215,18,minibatch_k64,text_pca256_lexical_w005
36216,10,minibatch_k64,text_pca256_lexical_w005
36217,62,minibatch_k64,text_pca256_lexical_w005
36218,47,minibatch_k64,text_pca256_lexical_w005
36219,20,minibatch_k64,text_pca256_lexical_w005
36220,38,minibatch_k64,text_pca256_lexical_w005
36221,58,minibatch_k64,text_pca256_lexical_w005
36222,45,minibatch_k64,text_pca256_lexical_w005
36223,55,minibatch_k64,text_pca256_lexical_w005
36224,60,minibatch_k64,text_pca256_lexical_w005
36225,25,minibatch_k64,text_pca256_lexical_w005
36226,33,minibatch_k64,text_pca256_lexical_w005
36227,33,minibatch_k64,text_pca256_lexical_w005
36228,20,minibatch_k64,text_pca256_lexical_w005
36229,38,minibatch_k64,text_pca256_lexical_w005
36230,58,minibatch_k64,text_pca256_lexical_w005
36231,55,minibatch_k64,text_pca256_lexical_w005
36232,54,minibatch_k64,text_pca256_lexical_w005
36233,8,minibatch_k64,text_pca256_lexical_w005
36234,33,minibatch_k64,text_pca256_lexical_w005
36235,46,minibatch_k64,text_pca256_lexical_w005
36236,25,minibatch_k64,text_pca256_lexical_w005
36237,62,minibatch_k64,text_pca256_lexical_w005
36238,0,minibatch_k64,text_pca256_lexical_w005
36239,8,minibatch_k64,text_pca256_lexical_w005
36240,8,minibatch_k64,text_pca256_lexical_w005
36241,8,minibatch_k64,text_pca256_lexical_w005
36242,20,minibatch_k64,text_pca256_lexical_w005
36243,0,minibatch_k64,text_pca256_lexical_w005
36244,8,minibatch_k64,text_pca256_lexical_w005
36245,8,minibatch_k64,text_pca256_lexical_w005
36246,39,minibatch_k64,text_pca256_lexical_w005
36247,62,minibatch_k64,text_pca256_lexical_w005
36248,33,minibatch_k64,text_pca256_lexical_w005
36249,20,minibatch_k64,text_pca256_lexical_w005
36250,62,minibatch_k64,text_pca256_lexical_w005
36251,0,minibatch_k64,text_pca256_lexical_w005
36252,38,minibatch_k64,text_pca256_lexical_w005
36253,58,minibatch_k64,text_pca256_lexical_w005
36254,55,minibatch_k64,text_pca256_lexical_w005
36255,54,minibatch_k64,text_pca256_lexical_w005
36256,8,minibatch_k64,text_pca256_lexical_w005
36257,62,minibatch_k64,text_pca256_lexical_w005
36258,10,minibatch_k64,text_pca256_lexical_w005
36259,25,minibatch_k64,text_pca256_lexical_w005
36260,42,minibatch_k64,text_pca256_lexical_w005
36261,38,minibatch_k64,text_pca256_lexical_w005
36262,35,minibatch_k64,text_pca256_lexical_w005
36263,35,minibatch_k64,text_pca256_lexical_w005
36264,15,minibatch_k64,text_pca256_lexical_w005
36265,8,minibatch_k64,text_pca256_lexical_w005
36266,25,minibatch_k64,text_pca256_lexical_w005
36267,20,minibatch_k64,text_pca256_lexical_w005
36268,39,minibatch_k64,text_pca256_lexical_w005
36269,39,minibatch_k64,text_pca256_lexical_w005
36270,39,minibatch_k64,text_pca256_lexical_w005
36271,38,minibatch_k64,text_pca256_lexical_w005
36272,55,minibatch_k64,text_pca256_lexical_w005
36273,54,minibatch_k64,text_pca256_lexical_w005
36274,8,minibatch_k64,text_pca256_lexical_w005
36275,25,minibatch_k64,text_pca256_lexical_w005
36276,39,minibatch_k64,text_pca256_lexical_w005
36277,42,minibatch_k64,text_pca256_lexical_w005
36278,33,minibatch_k64,text_pca256_lexical_w005
36279,62,minibatch_k64,text_pca256_lexical_w005
36280,0,minibatch_k64,text_pca256_lexical_w005
36281,0,minibatch_k64,text_pca256_lexical_w005
36282,0,minibatch_k64,text_pca256_lexical_w005
36283,8,minibatch_k64,text_pca256_lexical_w005
36284,42,minibatch_k64,text_pca256_lexical_w005
36285,8,minibatch_k64,text_pca256_lexical_w005
36286,8,minibatch_k64,text_pca256_lexical_w005
36287,0,minibatch_k64,text_pca256_lexical_w005
36288,45,minibatch_k64,text_pca256_lexical_w005
36289,39,minibatch_k64,text_pca256_lexical_w005
36290,39,minibatch_k64,text_pca256_lexical_w005
36291,45,minibatch_k64,text_pca256_lexical_w005
36292,38,minibatch_k64,text_pca256_lexical_w005
36293,55,minibatch_k64,text_pca256_lexical_w005
36294,45,minibatch_k64,text_pca256_lexical_w005
36295,54,minibatch_k64,text_pca256_lexical_w005
36296,45,minibatch_k64,text_pca256_lexical_w005
36297,45,minibatch_k64,text_pca256_lexical_w005
36298,4,minibatch_k64,text_pca256_lexical_w005
36299,45,minibatch_k64,text_pca256_lexical_w005
36300,45,minibatch_k64,text_pca256_lexical_w005
36301,45,minibatch_k64,text_pca256_lexical_w005
36302,45,minibatch_k64,text_pca256_lexical_w005
36303,45,minibatch_k64,text_pca256_lexical_w005
36304,4,minibatch_k64,text_pca256_lexical_w005
36305,45,minibatch_k64,text_pca256_lexical_w005
36306,45,minibatch_k64,text_pca256_lexical_w005
36307,4,minibatch_k64,text_pca256_lexical_w005
36308,45,minibatch_k64,text_pca256_lexical_w005
36309,45,minibatch_k64,text_pca256_lexical_w005
36310,45,minibatch_k64,text_pca256_lexical_w005
36311,45,minibatch_k64,text_pca256_lexical_w005
36312,4,minibatch_k64,text_pca256_lexical_w005
36313,62,minibatch_k64,text_pca256_lexical_w005
36314,25,minibatch_k64,text_pca256_lexical_w005
36315,45,minibatch_k64,text_pca256_lexical_w005
36316,45,minibatch_k64,text_pca256_lexical_w005
36317,0,minibatch_k64,text_pca256_lexical_w005
36318,33,minibatch_k64,text_pca256_lexical_w005
36319,62,minibatch_k64,text_pca256_lexical_w005
36320,59,minibatch_k64,text_pca256_lexical_w005
36321,45,minibatch_k64,text_pca256_lexical_w005
36322,45,minibatch_k64,text_pca256_lexical_w005
36323,58,minibatch_k64,text_pca256_lexical_w005
36324,45,minibatch_k64,text_pca256_lexical_w005
36325,55,minibatch_k64,text_pca256_lexical_w005
36326,35,minibatch_k64,text_pca256_lexical_w005
36327,39,minibatch_k64,text_pca256_lexical_w005
36328,53,minibatch_k64,text_pca256_lexical_w005
36329,42,minibatch_k64,text_pca256_lexical_w005
36330,62,minibatch_k64,text_pca256_lexical_w005
36331,45,minibatch_k64,text_pca256_lexical_w005
36332,27,minibatch_k64,text_pca256_lexical_w005
36333,25,minibatch_k64,text_pca256_lexical_w005
36334,59,minibatch_k64,text_pca256_lexical_w005
36335,0,minibatch_k64,text_pca256_lexical_w005
36336,45,minibatch_k64,text_pca256_lexical_w005
36337,45,minibatch_k64,text_pca256_lexical_w005
36338,62,minibatch_k64,text_pca256_lexical_w005
36339,45,minibatch_k64,text_pca256_lexical_w005
36340,45,minibatch_k64,text_pca256_lexical_w005
36341,45,minibatch_k64,text_pca256_lexical_w005
36342,38,minibatch_k64,text_pca256_lexical_w005
36343,45,minibatch_k64,text_pca256_lexical_w005
36344,55,minibatch_k64,text_pca256_lexical_w005
36345,8,minibatch_k64,text_pca256_lexical_w005
36346,35,minibatch_k64,text_pca256_lexical_w005
36347,39,minibatch_k64,text_pca256_lexical_w005
36348,20,minibatch_k64,text_pca256_lexical_w005
36349,25,minibatch_k64,text_pca256_lexical_w005
36350,45,minibatch_k64,text_pca256_lexical_w005
36351,62,minibatch_k64,text_pca256_lexical_w005
36352,8,minibatch_k64,text_pca256_lexical_w005
36353,8,minibatch_k64,text_pca256_lexical_w005
36354,59,minibatch_k64,text_pca256_lexical_w005
36355,45,minibatch_k64,text_pca256_lexical_w005
36356,45,minibatch_k64,text_pca256_lexical_w005
36357,45,minibatch_k64,text_pca256_lexical_w005
36358,39,minibatch_k64,text_pca256_lexical_w005
36359,10,minibatch_k64,text_pca256_lexical_w005
36360,42,minibatch_k64,text_pca256_lexical_w005
36361,33,minibatch_k64,text_pca256_lexical_w005
36362,45,minibatch_k64,text_pca256_lexical_w005
36363,59,minibatch_k64,text_pca256_lexical_w005
36364,8,minibatch_k64,text_pca256_lexical_w005
36365,45,minibatch_k64,text_pca256_lexical_w005
36366,45,minibatch_k64,text_pca256_lexical_w005
36367,45,minibatch_k64,text_pca256_lexical_w005
36368,45,minibatch_k64,text_pca256_lexical_w005
36369,10,minibatch_k64,text_pca256_lexical_w005
36370,59,minibatch_k64,text_pca256_lexical_w005
36371,10,minibatch_k64,text_pca256_lexical_w005
36372,45,minibatch_k64,text_pca256_lexical_w005
36373,0,minibatch_k64,text_pca256_lexical_w005
36374,45,minibatch_k64,text_pca256_lexical_w005
36375,45,minibatch_k64,text_pca256_lexical_w005
36376,18,minibatch_k64,text_pca256_lexical_w005
36377,0,minibatch_k64,text_pca256_lexical_w005
36378,18,minibatch_k64,text_pca256_lexical_w005
36379,0,minibatch_k64,text_pca256_lexical_w005
36380,0,minibatch_k64,text_pca256_lexical_w005
36381,18,minibatch_k64,text_pca256_lexical_w005
36382,45,minibatch_k64,text_pca256_lexical_w005
36383,0,minibatch_k64,text_pca256_lexical_w005
36384,59,minibatch_k64,text_pca256_lexical_w005
36385,45,minibatch_k64,text_pca256_lexical_w005
36386,0,minibatch_k64,text_pca256_lexical_w005
36387,0,minibatch_k64,text_pca256_lexical_w005
36388,62,minibatch_k64,text_pca256_lexical_w005
36389,45,minibatch_k64,text_pca256_lexical_w005
36390,59,minibatch_k64,text_pca256_lexical_w005
36391,45,minibatch_k64,text_pca256_lexical_w005
36392,0,minibatch_k64,text_pca256_lexical_w005
36393,0,minibatch_k64,text_pca256_lexical_w005
36394,0,minibatch_k64,text_pca256_lexical_w005
36395,45,minibatch_k64,text_pca256_lexical_w005
36396,45,minibatch_k64,text_pca256_lexical_w005
36397,27,minibatch_k64,text_pca256_lexical_w005
36398,8,minibatch_k64,text_pca256_lexical_w005
36399,45,minibatch_k64,text_pca256_lexical_w005
36400,45,minibatch_k64,text_pca256_lexical_w005
36401,45,minibatch_k64,text_pca256_lexical_w005
36402,45,minibatch_k64,text_pca256_lexical_w005
36403,45,minibatch_k64,text_pca256_lexical_w005
36404,59,minibatch_k64,text_pca256_lexical_w005
36405,59,minibatch_k64,text_pca256_lexical_w005
36406,62,minibatch_k64,text_pca256_lexical_w005
36407,59,minibatch_k64,text_pca256_lexical_w005
36408,59,minibatch_k64,text_pca256_lexical_w005
36409,23,minibatch_k64,text_pca256_lexical_w005
36410,59,minibatch_k64,text_pca256_lexical_w005
36411,45,minibatch_k64,text_pca256_lexical_w005
36412,39,minibatch_k64,text_pca256_lexical_w005
36413,8,minibatch_k64,text_pca256_lexical_w005
36414,10,minibatch_k64,text_pca256_lexical_w005
36415,45,minibatch_k64,text_pca256_lexical_w005
36416,59,minibatch_k64,text_pca256_lexical_w005
36417,45,minibatch_k64,text_pca256_lexical_w005
36418,45,minibatch_k64,text_pca256_lexical_w005
36419,39,minibatch_k64,text_pca256_lexical_w005
36420,21,minibatch_k64,text_pca256_lexical_w005
36421,53,minibatch_k64,text_pca256_lexical_w005
36422,62,minibatch_k64,text_pca256_lexical_w005
36423,59,minibatch_k64,text_pca256_lexical_w005
36424,62,minibatch_k64,text_pca256_lexical_w005
36425,62,minibatch_k64,text_pca256_lexical_w005
36426,59,minibatch_k64,text_pca256_lexical_w005
36427,45,minibatch_k64,text_pca256_lexical_w005
36428,45,minibatch_k64,text_pca256_lexical_w005
36429,8,minibatch_k64,text_pca256_lexical_w005
36430,45,minibatch_k64,text_pca256_lexical_w005
36431,59,minibatch_k64,text_pca256_lexical_w005
36432,39,minibatch_k64,text_pca256_lexical_w005
36433,59,minibatch_k64,text_pca256_lexical_w005
36434,33,minibatch_k64,text_pca256_lexical_w005
36435,0,minibatch_k64,text_pca256_lexical_w005
36436,59,minibatch_k64,text_pca256_lexical_w005
36437,62,minibatch_k64,text_pca256_lexical_w005
36438,62,minibatch_k64,text_pca256_lexical_w005
36439,62,minibatch_k64,text_pca256_lexical_w005
36440,62,minibatch_k64,text_pca256_lexical_w005
36441,45,minibatch_k64,text_pca256_lexical_w005
36442,59,minibatch_k64,text_pca256_lexical_w005
36443,10,minibatch_k64,text_pca256_lexical_w005
36444,0,minibatch_k64,text_pca256_lexical_w005
36445,8,minibatch_k64,text_pca256_lexical_w005
36446,0,minibatch_k64,text_pca256_lexical_w005
36447,59,minibatch_k64,text_pca256_lexical_w005
36448,59,minibatch_k64,text_pca256_lexical_w005
36449,62,minibatch_k64,text_pca256_lexical_w005
36450,62,minibatch_k64,text_pca256_lexical_w005
36451,62,minibatch_k64,text_pca256_lexical_w005
36452,59,minibatch_k64,text_pca256_lexical_w005
36453,59,minibatch_k64,text_pca256_lexical_w005
36454,59,minibatch_k64,text_pca256_lexical_w005
36455,62,minibatch_k64,text_pca256_lexical_w005
36456,42,minibatch_k64,text_pca256_lexical_w005
36457,8,minibatch_k64,text_pca256_lexical_w005
36458,10,minibatch_k64,text_pca256_lexical_w005
36459,62,minibatch_k64,text_pca256_lexical_w005
36460,34,minibatch_k64,text_pca256_lexical_w005
36461,62,minibatch_k64,text_pca256_lexical_w005
36462,59,minibatch_k64,text_pca256_lexical_w005
36463,62,minibatch_k64,text_pca256_lexical_w005
36464,62,minibatch_k64,text_pca256_lexical_w005
36465,8,minibatch_k64,text_pca256_lexical_w005
36466,39,minibatch_k64,text_pca256_lexical_w005
36467,62,minibatch_k64,text_pca256_lexical_w005
36468,59,minibatch_k64,text_pca256_lexical_w005
36469,59,minibatch_k64,text_pca256_lexical_w005
36470,59,minibatch_k64,text_pca256_lexical_w005
36471,0,minibatch_k64,text_pca256_lexical_w005
36472,8,minibatch_k64,text_pca256_lexical_w005
36473,42,minibatch_k64,text_pca256_lexical_w005
36474,56,minibatch_k64,text_pca256_lexical_w005
36475,42,minibatch_k64,text_pca256_lexical_w005
36476,21,minibatch_k64,text_pca256_lexical_w005
36477,10,minibatch_k64,text_pca256_lexical_w005
36478,42,minibatch_k64,text_pca256_lexical_w005
36479,8,minibatch_k64,text_pca256_lexical_w005
36480,42,minibatch_k64,text_pca256_lexical_w005
36481,0,minibatch_k64,text_pca256_lexical_w005
36482,42,minibatch_k64,text_pca256_lexical_w005
36483,42,minibatch_k64,text_pca256_lexical_w005
36484,42,minibatch_k64,text_pca256_lexical_w005
36485,42,minibatch_k64,text_pca256_lexical_w005
36486,42,minibatch_k64,text_pca256_lexical_w005
36487,0,minibatch_k64,text_pca256_lexical_w005
36488,15,minibatch_k64,text_pca256_lexical_w005
36489,15,minibatch_k64,text_pca256_lexical_w005
36490,32,minibatch_k64,text_pca256_lexical_w005
36491,42,minibatch_k64,text_pca256_lexical_w005
36492,15,minibatch_k64,text_pca256_lexical_w005
36493,2,minibatch_k64,text_pca256_lexical_w005
36494,50,minibatch_k64,text_pca256_lexical_w005
36495,59,minibatch_k64,text_pca256_lexical_w005
36496,21,minibatch_k64,text_pca256_lexical_w005
36497,21,minibatch_k64,text_pca256_lexical_w005
36498,10,minibatch_k64,text_pca256_lexical_w005
36499,2,minibatch_k64,text_pca256_lexical_w005
36500,2,minibatch_k64,text_pca256_lexical_w005
36501,23,minibatch_k64,text_pca256_lexical_w005
36502,62,minibatch_k64,text_pca256_lexical_w005
36503,42,minibatch_k64,text_pca256_lexical_w005
36504,59,minibatch_k64,text_pca256_lexical_w005
36505,61,minibatch_k64,text_pca256_lexical_w005
36506,15,minibatch_k64,text_pca256_lexical_w005
36507,15,minibatch_k64,text_pca256_lexical_w005
36508,15,minibatch_k64,text_pca256_lexical_w005
36509,2,minibatch_k64,text_pca256_lexical_w005
36510,15,minibatch_k64,text_pca256_lexical_w005
36511,45,minibatch_k64,text_pca256_lexical_w005
36512,38,minibatch_k64,text_pca256_lexical_w005
36513,0,minibatch_k64,text_pca256_lexical_w005
36514,58,minibatch_k64,text_pca256_lexical_w005
36515,10,minibatch_k64,text_pca256_lexical_w005
36516,8,minibatch_k64,text_pca256_lexical_w005
36517,21,minibatch_k64,text_pca256_lexical_w005
36518,0,minibatch_k64,text_pca256_lexical_w005
36519,23,minibatch_k64,text_pca256_lexical_w005
36520,0,minibatch_k64,text_pca256_lexical_w005
36521,62,minibatch_k64,text_pca256_lexical_w005
36522,0,minibatch_k64,text_pca256_lexical_w005
36523,0,minibatch_k64,text_pca256_lexical_w005
36524,62,minibatch_k64,text_pca256_lexical_w005
36525,62,minibatch_k64,text_pca256_lexical_w005
36526,8,minibatch_k64,text_pca256_lexical_w005
36527,0,minibatch_k64,text_pca256_lexical_w005
36528,23,minibatch_k64,text_pca256_lexical_w005
36529,0,minibatch_k64,text_pca256_lexical_w005
36530,58,minibatch_k64,text_pca256_lexical_w005
36531,15,minibatch_k64,text_pca256_lexical_w005
36532,38,minibatch_k64,text_pca256_lexical_w005
36533,55,minibatch_k64,text_pca256_lexical_w005
36534,23,minibatch_k64,text_pca256_lexical_w005
36535,38,minibatch_k64,text_pca256_lexical_w005
36536,62,minibatch_k64,text_pca256_lexical_w005
36537,5,minibatch_k64,text_pca256_lexical_w005
36538,58,minibatch_k64,text_pca256_lexical_w005
36539,40,minibatch_k64,text_pca256_lexical_w005
36540,55,minibatch_k64,text_pca256_lexical_w005
36541,40,minibatch_k64,text_pca256_lexical_w005
36542,59,minibatch_k64,text_pca256_lexical_w005
36543,33,minibatch_k64,text_pca256_lexical_w005
36544,38,minibatch_k64,text_pca256_lexical_w005
36545,58,minibatch_k64,text_pca256_lexical_w005
36546,55,minibatch_k64,text_pca256_lexical_w005
36547,61,minibatch_k64,text_pca256_lexical_w005
36548,42,minibatch_k64,text_pca256_lexical_w005
36549,62,minibatch_k64,text_pca256_lexical_w005
36550,61,minibatch_k64,text_pca256_lexical_w005
36551,61,minibatch_k64,text_pca256_lexical_w005
36552,0,minibatch_k64,text_pca256_lexical_w005
36553,58,minibatch_k64,text_pca256_lexical_w005
36554,38,minibatch_k64,text_pca256_lexical_w005
36555,10,minibatch_k64,text_pca256_lexical_w005
36556,61,minibatch_k64,text_pca256_lexical_w005
36557,2,minibatch_k64,text_pca256_lexical_w005
36558,61,minibatch_k64,text_pca256_lexical_w005
36559,40,minibatch_k64,text_pca256_lexical_w005
36560,0,minibatch_k64,text_pca256_lexical_w005
36561,61,minibatch_k64,text_pca256_lexical_w005
36562,33,minibatch_k64,text_pca256_lexical_w005
36563,33,minibatch_k64,text_pca256_lexical_w005
36564,0,minibatch_k64,text_pca256_lexical_w005
36565,40,minibatch_k64,text_pca256_lexical_w005
36566,12,minibatch_k64,text_pca256_lexical_w005
36567,40,minibatch_k64,text_pca256_lexical_w005
36568,62,minibatch_k64,text_pca256_lexical_w005
36569,45,minibatch_k64,text_pca256_lexical_w005
36570,0,minibatch_k64,text_pca256_lexical_w005
36571,18,minibatch_k64,text_pca256_lexical_w005
36572,62,minibatch_k64,text_pca256_lexical_w005
36573,42,minibatch_k64,text_pca256_lexical_w005
36574,42,minibatch_k64,text_pca256_lexical_w005
36575,53,minibatch_k64,text_pca256_lexical_w005
36576,0,minibatch_k64,text_pca256_lexical_w005
36577,0,minibatch_k64,text_pca256_lexical_w005
36578,42,minibatch_k64,text_pca256_lexical_w005
36579,8,minibatch_k64,text_pca256_lexical_w005
36580,42,minibatch_k64,text_pca256_lexical_w005
36581,0,minibatch_k64,text_pca256_lexical_w005
36582,56,minibatch_k64,text_pca256_lexical_w005
36583,10,minibatch_k64,text_pca256_lexical_w005
36584,39,minibatch_k64,text_pca256_lexical_w005
36585,53,minibatch_k64,text_pca256_lexical_w005
36586,18,minibatch_k64,text_pca256_lexical_w005
36587,15,minibatch_k64,text_pca256_lexical_w005
36588,62,minibatch_k64,text_pca256_lexical_w005
36589,18,minibatch_k64,text_pca256_lexical_w005
36590,0,minibatch_k64,text_pca256_lexical_w005
36591,0,minibatch_k64,text_pca256_lexical_w005
36592,62,minibatch_k64,text_pca256_lexical_w005
36593,0,minibatch_k64,text_pca256_lexical_w005
36594,62,minibatch_k64,text_pca256_lexical_w005
36595,8,minibatch_k64,text_pca256_lexical_w005
36596,33,minibatch_k64,text_pca256_lexical_w005
36597,23,minibatch_k64,text_pca256_lexical_w005
36598,18,minibatch_k64,text_pca256_lexical_w005
36599,15,minibatch_k64,text_pca256_lexical_w005
36600,10,minibatch_k64,text_pca256_lexical_w005
36601,62,minibatch_k64,text_pca256_lexical_w005
36602,62,minibatch_k64,text_pca256_lexical_w005
36603,0,minibatch_k64,text_pca256_lexical_w005
36604,10,minibatch_k64,text_pca256_lexical_w005
36605,47,minibatch_k64,text_pca256_lexical_w005
36606,38,minibatch_k64,text_pca256_lexical_w005
36607,10,minibatch_k64,text_pca256_lexical_w005
36608,33,minibatch_k64,text_pca256_lexical_w005
36609,0,minibatch_k64,text_pca256_lexical_w005
36610,40,minibatch_k64,text_pca256_lexical_w005
36611,5,minibatch_k64,text_pca256_lexical_w005
36612,33,minibatch_k64,text_pca256_lexical_w005
36613,33,minibatch_k64,text_pca256_lexical_w005
36614,39,minibatch_k64,text_pca256_lexical_w005
36615,33,minibatch_k64,text_pca256_lexical_w005
36616,38,minibatch_k64,text_pca256_lexical_w005
36617,58,minibatch_k64,text_pca256_lexical_w005
36618,10,minibatch_k64,text_pca256_lexical_w005
36619,62,minibatch_k64,text_pca256_lexical_w005
36620,38,minibatch_k64,text_pca256_lexical_w005
36621,59,minibatch_k64,text_pca256_lexical_w005
36622,38,minibatch_k64,text_pca256_lexical_w005
36623,10,minibatch_k64,text_pca256_lexical_w005
36624,62,minibatch_k64,text_pca256_lexical_w005
36625,38,minibatch_k64,text_pca256_lexical_w005
36626,62,minibatch_k64,text_pca256_lexical_w005
36627,38,minibatch_k64,text_pca256_lexical_w005
36628,59,minibatch_k64,text_pca256_lexical_w005
36629,38,minibatch_k64,text_pca256_lexical_w005
36630,45,minibatch_k64,text_pca256_lexical_w005
36631,55,minibatch_k64,text_pca256_lexical_w005
36632,0,minibatch_k64,text_pca256_lexical_w005
36633,45,minibatch_k64,text_pca256_lexical_w005
36634,38,minibatch_k64,text_pca256_lexical_w005
36635,45,minibatch_k64,text_pca256_lexical_w005
36636,55,minibatch_k64,text_pca256_lexical_w005
36637,45,minibatch_k64,text_pca256_lexical_w005
36638,18,minibatch_k64,text_pca256_lexical_w005
36639,18,minibatch_k64,text_pca256_lexical_w005
36640,62,minibatch_k64,text_pca256_lexical_w005
36641,8,minibatch_k64,text_pca256_lexical_w005
36642,45,minibatch_k64,text_pca256_lexical_w005
36643,10,minibatch_k64,text_pca256_lexical_w005
36644,8,minibatch_k64,text_pca256_lexical_w005
36645,59,minibatch_k64,text_pca256_lexical_w005
36646,45,minibatch_k64,text_pca256_lexical_w005
36647,8,minibatch_k64,text_pca256_lexical_w005
36648,62,minibatch_k64,text_pca256_lexical_w005
36649,0,minibatch_k64,text_pca256_lexical_w005
36650,59,minibatch_k64,text_pca256_lexical_w005
36651,45,minibatch_k64,text_pca256_lexical_w005
36652,8,minibatch_k64,text_pca256_lexical_w005
36653,45,minibatch_k64,text_pca256_lexical_w005
36654,10,minibatch_k64,text_pca256_lexical_w005
36655,27,minibatch_k64,text_pca256_lexical_w005
36656,59,minibatch_k64,text_pca256_lexical_w005
36657,62,minibatch_k64,text_pca256_lexical_w005
36658,45,minibatch_k64,text_pca256_lexical_w005
36659,59,minibatch_k64,text_pca256_lexical_w005
36660,27,minibatch_k64,text_pca256_lexical_w005
36661,18,minibatch_k64,text_pca256_lexical_w005
36662,45,minibatch_k64,text_pca256_lexical_w005
36663,33,minibatch_k64,text_pca256_lexical_w005
36664,45,minibatch_k64,text_pca256_lexical_w005
36665,45,minibatch_k64,text_pca256_lexical_w005
36666,0,minibatch_k64,text_pca256_lexical_w005
36667,62,minibatch_k64,text_pca256_lexical_w005
36668,45,minibatch_k64,text_pca256_lexical_w005
36669,45,minibatch_k64,text_pca256_lexical_w005
36670,45,minibatch_k64,text_pca256_lexical_w005
36671,18,minibatch_k64,text_pca256_lexical_w005
36672,18,minibatch_k64,text_pca256_lexical_w005
36673,8,minibatch_k64,text_pca256_lexical_w005
36674,62,minibatch_k64,text_pca256_lexical_w005
36675,0,minibatch_k64,text_pca256_lexical_w005
36676,45,minibatch_k64,text_pca256_lexical_w005
36677,0,minibatch_k64,text_pca256_lexical_w005
36678,8,minibatch_k64,text_pca256_lexical_w005
36679,10,minibatch_k64,text_pca256_lexical_w005
36680,10,minibatch_k64,text_pca256_lexical_w005
36681,18,minibatch_k64,text_pca256_lexical_w005
36682,18,minibatch_k64,text_pca256_lexical_w005
36683,18,minibatch_k64,text_pca256_lexical_w005
36684,0,minibatch_k64,text_pca256_lexical_w005
36685,18,minibatch_k64,text_pca256_lexical_w005
36686,45,minibatch_k64,text_pca256_lexical_w005
36687,59,minibatch_k64,text_pca256_lexical_w005
36688,18,minibatch_k64,text_pca256_lexical_w005
36689,59,minibatch_k64,text_pca256_lexical_w005
36690,45,minibatch_k64,text_pca256_lexical_w005
36691,59,minibatch_k64,text_pca256_lexical_w005
36692,0,minibatch_k64,text_pca256_lexical_w005
36693,59,minibatch_k64,text_pca256_lexical_w005
36694,45,minibatch_k64,text_pca256_lexical_w005
36695,18,minibatch_k64,text_pca256_lexical_w005
36696,45,minibatch_k64,text_pca256_lexical_w005
36697,45,minibatch_k64,text_pca256_lexical_w005
36698,50,minibatch_k64,text_pca256_lexical_w005
36699,8,minibatch_k64,text_pca256_lexical_w005
36700,45,minibatch_k64,text_pca256_lexical_w005
36701,45,minibatch_k64,text_pca256_lexical_w005
36702,45,minibatch_k64,text_pca256_lexical_w005
36703,62,minibatch_k64,text_pca256_lexical_w005
36704,0,minibatch_k64,text_pca256_lexical_w005
36705,27,minibatch_k64,text_pca256_lexical_w005
36706,18,minibatch_k64,text_pca256_lexical_w005
36707,45,minibatch_k64,text_pca256_lexical_w005
36708,45,minibatch_k64,text_pca256_lexical_w005
36709,10,minibatch_k64,text_pca256_lexical_w005
36710,59,minibatch_k64,text_pca256_lexical_w005
36711,39,minibatch_k64,text_pca256_lexical_w005
36712,23,minibatch_k64,text_pca256_lexical_w005
36713,50,minibatch_k64,text_pca256_lexical_w005
36714,50,minibatch_k64,text_pca256_lexical_w005
36715,10,minibatch_k64,text_pca256_lexical_w005
36716,50,minibatch_k64,text_pca256_lexical_w005
36717,62,minibatch_k64,text_pca256_lexical_w005
36718,0,minibatch_k64,text_pca256_lexical_w005
36719,50,minibatch_k64,text_pca256_lexical_w005
36720,42,minibatch_k64,text_pca256_lexical_w005
36721,21,minibatch_k64,text_pca256_lexical_w005
36722,50,minibatch_k64,text_pca256_lexical_w005
36723,33,minibatch_k64,text_pca256_lexical_w005
36724,2,minibatch_k64,text_pca256_lexical_w005
36725,0,minibatch_k64,text_pca256_lexical_w005
36726,8,minibatch_k64,text_pca256_lexical_w005
36727,0,minibatch_k64,text_pca256_lexical_w005
36728,15,minibatch_k64,text_pca256_lexical_w005
36729,23,minibatch_k64,text_pca256_lexical_w005
36730,21,minibatch_k64,text_pca256_lexical_w005
36731,39,minibatch_k64,text_pca256_lexical_w005
36732,0,minibatch_k64,text_pca256_lexical_w005
36733,33,minibatch_k64,text_pca256_lexical_w005
36734,33,minibatch_k64,text_pca256_lexical_w005
36735,21,minibatch_k64,text_pca256_lexical_w005
36736,50,minibatch_k64,text_pca256_lexical_w005
36737,8,minibatch_k64,text_pca256_lexical_w005
36738,50,minibatch_k64,text_pca256_lexical_w005
36739,50,minibatch_k64,text_pca256_lexical_w005
36740,2,minibatch_k64,text_pca256_lexical_w005
36741,0,minibatch_k64,text_pca256_lexical_w005
36742,21,minibatch_k64,text_pca256_lexical_w005
36743,50,minibatch_k64,text_pca256_lexical_w005
36744,0,minibatch_k64,text_pca256_lexical_w005
36745,21,minibatch_k64,text_pca256_lexical_w005
36746,8,minibatch_k64,text_pca256_lexical_w005
36747,42,minibatch_k64,text_pca256_lexical_w005
36748,21,minibatch_k64,text_pca256_lexical_w005
36749,0,minibatch_k64,text_pca256_lexical_w005
36750,15,minibatch_k64,text_pca256_lexical_w005
36751,62,minibatch_k64,text_pca256_lexical_w005
36752,42,minibatch_k64,text_pca256_lexical_w005
36753,0,minibatch_k64,text_pca256_lexical_w005
36754,53,minibatch_k64,text_pca256_lexical_w005
36755,21,minibatch_k64,text_pca256_lexical_w005
36756,0,minibatch_k64,text_pca256_lexical_w005
36757,33,minibatch_k64,text_pca256_lexical_w005
36758,10,minibatch_k64,text_pca256_lexical_w005
36759,10,minibatch_k64,text_pca256_lexical_w005
36760,21,minibatch_k64,text_pca256_lexical_w005
36761,15,minibatch_k64,text_pca256_lexical_w005
36762,33,minibatch_k64,text_pca256_lexical_w005
36763,8,minibatch_k64,text_pca256_lexical_w005
36764,21,minibatch_k64,text_pca256_lexical_w005
36765,15,minibatch_k64,text_pca256_lexical_w005
36766,33,minibatch_k64,text_pca256_lexical_w005
36767,33,minibatch_k64,text_pca256_lexical_w005
36768,21,minibatch_k64,text_pca256_lexical_w005
36769,33,minibatch_k64,text_pca256_lexical_w005
36770,50,minibatch_k64,text_pca256_lexical_w005
36771,33,minibatch_k64,text_pca256_lexical_w005
36772,33,minibatch_k64,text_pca256_lexical_w005
36773,33,minibatch_k64,text_pca256_lexical_w005
36774,21,minibatch_k64,text_pca256_lexical_w005
36775,33,minibatch_k64,text_pca256_lexical_w005
36776,21,minibatch_k64,text_pca256_lexical_w005
36777,21,minibatch_k64,text_pca256_lexical_w005
36778,21,minibatch_k64,text_pca256_lexical_w005
36779,0,minibatch_k64,text_pca256_lexical_w005
36780,23,minibatch_k64,text_pca256_lexical_w005
36781,15,minibatch_k64,text_pca256_lexical_w005
36782,33,minibatch_k64,text_pca256_lexical_w005
36783,62,minibatch_k64,text_pca256_lexical_w005
36784,21,minibatch_k64,text_pca256_lexical_w005
36785,23,minibatch_k64,text_pca256_lexical_w005
36786,33,minibatch_k64,text_pca256_lexical_w005
36787,62,minibatch_k64,text_pca256_lexical_w005
36788,62,minibatch_k64,text_pca256_lexical_w005
36789,21,minibatch_k64,text_pca256_lexical_w005
36790,21,minibatch_k64,text_pca256_lexical_w005
36791,4,minibatch_k64,text_pca256_lexical_w005
36792,50,minibatch_k64,text_pca256_lexical_w005
36793,62,minibatch_k64,text_pca256_lexical_w005
36794,8,minibatch_k64,text_pca256_lexical_w005
36795,39,minibatch_k64,text_pca256_lexical_w005
36796,33,minibatch_k64,text_pca256_lexical_w005
36797,21,minibatch_k64,text_pca256_lexical_w005
36798,62,minibatch_k64,text_pca256_lexical_w005
36799,33,minibatch_k64,text_pca256_lexical_w005
36800,33,minibatch_k64,text_pca256_lexical_w005
36801,33,minibatch_k64,text_pca256_lexical_w005
36802,15,minibatch_k64,text_pca256_lexical_w005
36803,0,minibatch_k64,text_pca256_lexical_w005
36804,8,minibatch_k64,text_pca256_lexical_w005
36805,21,minibatch_k64,text_pca256_lexical_w005
36806,10,minibatch_k64,text_pca256_lexical_w005
36807,21,minibatch_k64,text_pca256_lexical_w005
36808,21,minibatch_k64,text_pca256_lexical_w005
36809,33,minibatch_k64,text_pca256_lexical_w005
36810,33,minibatch_k64,text_pca256_lexical_w005
36811,33,minibatch_k64,text_pca256_lexical_w005
36812,33,minibatch_k64,text_pca256_lexical_w005
36813,42,minibatch_k64,text_pca256_lexical_w005
36814,10,minibatch_k64,text_pca256_lexical_w005
36815,15,minibatch_k64,text_pca256_lexical_w005
36816,33,minibatch_k64,text_pca256_lexical_w005
36817,33,minibatch_k64,text_pca256_lexical_w005
36818,39,minibatch_k64,text_pca256_lexical_w005
36819,62,minibatch_k64,text_pca256_lexical_w005
36820,10,minibatch_k64,text_pca256_lexical_w005
36821,15,minibatch_k64,text_pca256_lexical_w005
36822,62,minibatch_k64,text_pca256_lexical_w005
36823,10,minibatch_k64,text_pca256_lexical_w005
36824,33,minibatch_k64,text_pca256_lexical_w005
36825,39,minibatch_k64,text_pca256_lexical_w005
36826,46,minibatch_k64,text_pca256_lexical_w005
36827,50,minibatch_k64,text_pca256_lexical_w005
36828,0,minibatch_k64,text_pca256_lexical_w005
36829,5,minibatch_k64,text_pca256_lexical_w005
36830,5,minibatch_k64,text_pca256_lexical_w005
36831,5,minibatch_k64,text_pca256_lexical_w005
36832,62,minibatch_k64,text_pca256_lexical_w005
36833,5,minibatch_k64,text_pca256_lexical_w005
36834,0,minibatch_k64,text_pca256_lexical_w005
36835,5,minibatch_k64,text_pca256_lexical_w005
36836,45,minibatch_k64,text_pca256_lexical_w005
36837,10,minibatch_k64,text_pca256_lexical_w005
36838,5,minibatch_k64,text_pca256_lexical_w005
36839,15,minibatch_k64,text_pca256_lexical_w005
36840,4,minibatch_k64,text_pca256_lexical_w005
36841,0,minibatch_k64,text_pca256_lexical_w005
36842,23,minibatch_k64,text_pca256_lexical_w005
36843,4,minibatch_k64,text_pca256_lexical_w005
36844,4,minibatch_k64,text_pca256_lexical_w005
36845,33,minibatch_k64,text_pca256_lexical_w005
36846,5,minibatch_k64,text_pca256_lexical_w005
36847,62,minibatch_k64,text_pca256_lexical_w005
36848,8,minibatch_k64,text_pca256_lexical_w005
36849,21,minibatch_k64,text_pca256_lexical_w005
36850,62,minibatch_k64,text_pca256_lexical_w005
36851,62,minibatch_k64,text_pca256_lexical_w005
36852,0,minibatch_k64,text_pca256_lexical_w005
36853,62,minibatch_k64,text_pca256_lexical_w005
36854,0,minibatch_k64,text_pca256_lexical_w005
36855,62,minibatch_k64,text_pca256_lexical_w005
36856,8,minibatch_k64,text_pca256_lexical_w005
36857,8,minibatch_k64,text_pca256_lexical_w005
36858,39,minibatch_k64,text_pca256_lexical_w005
36859,42,minibatch_k64,text_pca256_lexical_w005
36860,62,minibatch_k64,text_pca256_lexical_w005
36861,62,minibatch_k64,text_pca256_lexical_w005
36862,0,minibatch_k64,text_pca256_lexical_w005
36863,21,minibatch_k64,text_pca256_lexical_w005
36864,15,minibatch_k64,text_pca256_lexical_w005
36865,0,minibatch_k64,text_pca256_lexical_w005
36866,0,minibatch_k64,text_pca256_lexical_w005
36867,45,minibatch_k64,text_pca256_lexical_w005
36868,45,minibatch_k64,text_pca256_lexical_w005
36869,45,minibatch_k64,text_pca256_lexical_w005
36870,5,minibatch_k64,text_pca256_lexical_w005
36871,46,minibatch_k64,text_pca256_lexical_w005
36872,15,minibatch_k64,text_pca256_lexical_w005
36873,5,minibatch_k64,text_pca256_lexical_w005
36874,5,minibatch_k64,text_pca256_lexical_w005
36875,0,minibatch_k64,text_pca256_lexical_w005
36876,0,minibatch_k64,text_pca256_lexical_w005
36877,39,minibatch_k64,text_pca256_lexical_w005
36878,8,minibatch_k64,text_pca256_lexical_w005
36879,5,minibatch_k64,text_pca256_lexical_w005
36880,23,minibatch_k64,text_pca256_lexical_w005
36881,62,minibatch_k64,text_pca256_lexical_w005
36882,8,minibatch_k64,text_pca256_lexical_w005
36883,62,minibatch_k64,text_pca256_lexical_w005
36884,62,minibatch_k64,text_pca256_lexical_w005
36885,42,minibatch_k64,text_pca256_lexical_w005
36886,50,minibatch_k64,text_pca256_lexical_w005
36887,39,minibatch_k64,text_pca256_lexical_w005
36888,15,minibatch_k64,text_pca256_lexical_w005
36889,15,minibatch_k64,text_pca256_lexical_w005
36890,15,minibatch_k64,text_pca256_lexical_w005
36891,50,minibatch_k64,text_pca256_lexical_w005
36892,8,minibatch_k64,text_pca256_lexical_w005
36893,33,minibatch_k64,text_pca256_lexical_w005
36894,62,minibatch_k64,text_pca256_lexical_w005
36895,0,minibatch_k64,text_pca256_lexical_w005
36896,52,minibatch_k64,text_pca256_lexical_w005
36897,62,minibatch_k64,text_pca256_lexical_w005
36898,5,minibatch_k64,text_pca256_lexical_w005
36899,33,minibatch_k64,text_pca256_lexical_w005
36900,0,minibatch_k64,text_pca256_lexical_w005
36901,50,minibatch_k64,text_pca256_lexical_w005
36902,8,minibatch_k64,text_pca256_lexical_w005
36903,52,minibatch_k64,text_pca256_lexical_w005
36904,5,minibatch_k64,text_pca256_lexical_w005
36905,5,minibatch_k64,text_pca256_lexical_w005
36906,0,minibatch_k64,text_pca256_lexical_w005
36907,62,minibatch_k64,text_pca256_lexical_w005
36908,5,minibatch_k64,text_pca256_lexical_w005
36909,0,minibatch_k64,text_pca256_lexical_w005
36910,46,minibatch_k64,text_pca256_lexical_w005
36911,0,minibatch_k64,text_pca256_lexical_w005
36912,8,minibatch_k64,text_pca256_lexical_w005
36913,15,minibatch_k64,text_pca256_lexical_w005
36914,23,minibatch_k64,text_pca256_lexical_w005
36915,23,minibatch_k64,text_pca256_lexical_w005
36916,38,minibatch_k64,text_pca256_lexical_w005
36917,50,minibatch_k64,text_pca256_lexical_w005
36918,23,minibatch_k64,text_pca256_lexical_w005
36919,45,minibatch_k64,text_pca256_lexical_w005
36920,25,minibatch_k64,text_pca256_lexical_w005
36921,55,minibatch_k64,text_pca256_lexical_w005
36922,0,minibatch_k64,text_pca256_lexical_w005
36923,33,minibatch_k64,text_pca256_lexical_w005
36924,0,minibatch_k64,text_pca256_lexical_w005
36925,8,minibatch_k64,text_pca256_lexical_w005
36926,0,minibatch_k64,text_pca256_lexical_w005
36927,23,minibatch_k64,text_pca256_lexical_w005
36928,62,minibatch_k64,text_pca256_lexical_w005
36929,0,minibatch_k64,text_pca256_lexical_w005
36930,61,minibatch_k64,text_pca256_lexical_w005
36931,50,minibatch_k64,text_pca256_lexical_w005
36932,5,minibatch_k64,text_pca256_lexical_w005
36933,15,minibatch_k64,text_pca256_lexical_w005
36934,0,minibatch_k64,text_pca256_lexical_w005
36935,62,minibatch_k64,text_pca256_lexical_w005
36936,0,minibatch_k64,text_pca256_lexical_w005
36937,15,minibatch_k64,text_pca256_lexical_w005
36938,0,minibatch_k64,text_pca256_lexical_w005
36939,33,minibatch_k64,text_pca256_lexical_w005
36940,62,minibatch_k64,text_pca256_lexical_w005
36941,8,minibatch_k64,text_pca256_lexical_w005
36942,21,minibatch_k64,text_pca256_lexical_w005
36943,62,minibatch_k64,text_pca256_lexical_w005
36944,0,minibatch_k64,text_pca256_lexical_w005
36945,23,minibatch_k64,text_pca256_lexical_w005
36946,52,minibatch_k64,text_pca256_lexical_w005
36947,23,minibatch_k64,text_pca256_lexical_w005
36948,10,minibatch_k64,text_pca256_lexical_w005
36949,52,minibatch_k64,text_pca256_lexical_w005
36950,62,minibatch_k64,text_pca256_lexical_w005
36951,0,minibatch_k64,text_pca256_lexical_w005
36952,21,minibatch_k64,text_pca256_lexical_w005
36953,0,minibatch_k64,text_pca256_lexical_w005
36954,15,minibatch_k64,text_pca256_lexical_w005
36955,62,minibatch_k64,text_pca256_lexical_w005
36956,62,minibatch_k64,text_pca256_lexical_w005
36957,50,minibatch_k64,text_pca256_lexical_w005
36958,21,minibatch_k64,text_pca256_lexical_w005
36959,52,minibatch_k64,text_pca256_lexical_w005
36960,23,minibatch_k64,text_pca256_lexical_w005
36961,62,minibatch_k64,text_pca256_lexical_w005
36962,8,minibatch_k64,text_pca256_lexical_w005
36963,50,minibatch_k64,text_pca256_lexical_w005
36964,15,minibatch_k64,text_pca256_lexical_w005
36965,8,minibatch_k64,text_pca256_lexical_w005
36966,5,minibatch_k64,text_pca256_lexical_w005
36967,39,minibatch_k64,text_pca256_lexical_w005
36968,45,minibatch_k64,text_pca256_lexical_w005
36969,0,minibatch_k64,text_pca256_lexical_w005
36970,5,minibatch_k64,text_pca256_lexical_w005
36971,15,minibatch_k64,text_pca256_lexical_w005
36972,15,minibatch_k64,text_pca256_lexical_w005
36973,15,minibatch_k64,text_pca256_lexical_w005
36974,38,minibatch_k64,text_pca256_lexical_w005
36975,45,minibatch_k64,text_pca256_lexical_w005
36976,25,minibatch_k64,text_pca256_lexical_w005
36977,53,minibatch_k64,text_pca256_lexical_w005
36978,55,minibatch_k64,text_pca256_lexical_w005
36979,21,minibatch_k64,text_pca256_lexical_w005
36980,62,minibatch_k64,text_pca256_lexical_w005
36981,45,minibatch_k64,text_pca256_lexical_w005
36982,5,minibatch_k64,text_pca256_lexical_w005
36983,45,minibatch_k64,text_pca256_lexical_w005
36984,4,minibatch_k64,text_pca256_lexical_w005
36985,45,minibatch_k64,text_pca256_lexical_w005
36986,21,minibatch_k64,text_pca256_lexical_w005
36987,59,minibatch_k64,text_pca256_lexical_w005
36988,62,minibatch_k64,text_pca256_lexical_w005
36989,23,minibatch_k64,text_pca256_lexical_w005
36990,0,minibatch_k64,text_pca256_lexical_w005
36991,29,minibatch_k64,text_pca256_lexical_w005
36992,8,minibatch_k64,text_pca256_lexical_w005
36993,8,minibatch_k64,text_pca256_lexical_w005
36994,33,minibatch_k64,text_pca256_lexical_w005
36995,23,minibatch_k64,text_pca256_lexical_w005
36996,8,minibatch_k64,text_pca256_lexical_w005
36997,0,minibatch_k64,text_pca256_lexical_w005
36998,33,minibatch_k64,text_pca256_lexical_w005
36999,39,minibatch_k64,text_pca256_lexical_w005
37000,0,minibatch_k64,text_pca256_lexical_w005
37001,15,minibatch_k64,text_pca256_lexical_w005
37002,8,minibatch_k64,text_pca256_lexical_w005
37003,0,minibatch_k64,text_pca256_lexical_w005
37004,59,minibatch_k64,text_pca256_lexical_w005
37005,62,minibatch_k64,text_pca256_lexical_w005
37006,10,minibatch_k64,text_pca256_lexical_w005
37007,62,minibatch_k64,text_pca256_lexical_w005
37008,59,minibatch_k64,text_pca256_lexical_w005
37009,62,minibatch_k64,text_pca256_lexical_w005
37010,50,minibatch_k64,text_pca256_lexical_w005
37011,23,minibatch_k64,text_pca256_lexical_w005
37012,0,minibatch_k64,text_pca256_lexical_w005
37013,21,minibatch_k64,text_pca256_lexical_w005
37014,62,minibatch_k64,text_pca256_lexical_w005
37015,0,minibatch_k64,text_pca256_lexical_w005
37016,52,minibatch_k64,text_pca256_lexical_w005
37017,0,minibatch_k64,text_pca256_lexical_w005
37018,5,minibatch_k64,text_pca256_lexical_w005
37019,8,minibatch_k64,text_pca256_lexical_w005
37020,52,minibatch_k64,text_pca256_lexical_w005
37021,5,minibatch_k64,text_pca256_lexical_w005
37022,23,minibatch_k64,text_pca256_lexical_w005
37023,5,minibatch_k64,text_pca256_lexical_w005
37024,5,minibatch_k64,text_pca256_lexical_w005
37025,5,minibatch_k64,text_pca256_lexical_w005
37026,8,minibatch_k64,text_pca256_lexical_w005
37027,15,minibatch_k64,text_pca256_lexical_w005
37028,5,minibatch_k64,text_pca256_lexical_w005
37029,62,minibatch_k64,text_pca256_lexical_w005
37030,59,minibatch_k64,text_pca256_lexical_w005
37031,23,minibatch_k64,text_pca256_lexical_w005
37032,38,minibatch_k64,text_pca256_lexical_w005
37033,42,minibatch_k64,text_pca256_lexical_w005
37034,0,minibatch_k64,text_pca256_lexical_w005
37035,45,minibatch_k64,text_pca256_lexical_w005
37036,45,minibatch_k64,text_pca256_lexical_w005
37037,25,minibatch_k64,text_pca256_lexical_w005
37038,55,minibatch_k64,text_pca256_lexical_w005
37039,23,minibatch_k64,text_pca256_lexical_w005
37040,0,minibatch_k64,text_pca256_lexical_w005
37041,4,minibatch_k64,text_pca256_lexical_w005
37042,45,minibatch_k64,text_pca256_lexical_w005
37043,8,minibatch_k64,text_pca256_lexical_w005
37044,4,minibatch_k64,text_pca256_lexical_w005
37045,4,minibatch_k64,text_pca256_lexical_w005
37046,5,minibatch_k64,text_pca256_lexical_w005
37047,23,minibatch_k64,text_pca256_lexical_w005
37048,8,minibatch_k64,text_pca256_lexical_w005
37049,50,minibatch_k64,text_pca256_lexical_w005
37050,42,minibatch_k64,text_pca256_lexical_w005
37051,8,minibatch_k64,text_pca256_lexical_w005
37052,21,minibatch_k64,text_pca256_lexical_w005
37053,21,minibatch_k64,text_pca256_lexical_w005
37054,8,minibatch_k64,text_pca256_lexical_w005
37055,23,minibatch_k64,text_pca256_lexical_w005
37056,46,minibatch_k64,text_pca256_lexical_w005
37057,62,minibatch_k64,text_pca256_lexical_w005
37058,23,minibatch_k64,text_pca256_lexical_w005
37059,0,minibatch_k64,text_pca256_lexical_w005
37060,39,minibatch_k64,text_pca256_lexical_w005
37061,8,minibatch_k64,text_pca256_lexical_w005
37062,21,minibatch_k64,text_pca256_lexical_w005
37063,15,minibatch_k64,text_pca256_lexical_w005
37064,0,minibatch_k64,text_pca256_lexical_w005
37065,62,minibatch_k64,text_pca256_lexical_w005
37066,21,minibatch_k64,text_pca256_lexical_w005
37067,21,minibatch_k64,text_pca256_lexical_w005
37068,0,minibatch_k64,text_pca256_lexical_w005
37069,62,minibatch_k64,text_pca256_lexical_w005
37070,18,minibatch_k64,text_pca256_lexical_w005
37071,15,minibatch_k64,text_pca256_lexical_w005
37072,15,minibatch_k64,text_pca256_lexical_w005
37073,45,minibatch_k64,text_pca256_lexical_w005
37074,33,minibatch_k64,text_pca256_lexical_w005
37075,8,minibatch_k64,text_pca256_lexical_w005
37076,62,minibatch_k64,text_pca256_lexical_w005
37077,29,minibatch_k64,text_pca256_lexical_w005
37078,0,minibatch_k64,text_pca256_lexical_w005
37079,8,minibatch_k64,text_pca256_lexical_w005
37080,59,minibatch_k64,text_pca256_lexical_w005
37081,8,minibatch_k64,text_pca256_lexical_w005
37082,29,minibatch_k64,text_pca256_lexical_w005
37083,45,minibatch_k64,text_pca256_lexical_w005
37084,8,minibatch_k64,text_pca256_lexical_w005
37085,45,minibatch_k64,text_pca256_lexical_w005
37086,45,minibatch_k64,text_pca256_lexical_w005
37087,0,minibatch_k64,text_pca256_lexical_w005
37088,10,minibatch_k64,text_pca256_lexical_w005
37089,8,minibatch_k64,text_pca256_lexical_w005
37090,39,minibatch_k64,text_pca256_lexical_w005
37091,8,minibatch_k64,text_pca256_lexical_w005
37092,21,minibatch_k64,text_pca256_lexical_w005
37093,21,minibatch_k64,text_pca256_lexical_w005
37094,39,minibatch_k64,text_pca256_lexical_w005
37095,38,minibatch_k64,text_pca256_lexical_w005
37096,15,minibatch_k64,text_pca256_lexical_w005
37097,45,minibatch_k64,text_pca256_lexical_w005
37098,25,minibatch_k64,text_pca256_lexical_w005
37099,55,minibatch_k64,text_pca256_lexical_w005
37100,23,minibatch_k64,text_pca256_lexical_w005
37101,21,minibatch_k64,text_pca256_lexical_w005
37102,4,minibatch_k64,text_pca256_lexical_w005
37103,8,minibatch_k64,text_pca256_lexical_w005
37104,62,minibatch_k64,text_pca256_lexical_w005
37105,62,minibatch_k64,text_pca256_lexical_w005
37106,0,minibatch_k64,text_pca256_lexical_w005
37107,8,minibatch_k64,text_pca256_lexical_w005
37108,4,minibatch_k64,text_pca256_lexical_w005
37109,62,minibatch_k64,text_pca256_lexical_w005
37110,18,minibatch_k64,text_pca256_lexical_w005
37111,8,minibatch_k64,text_pca256_lexical_w005
37112,62,minibatch_k64,text_pca256_lexical_w005
37113,21,minibatch_k64,text_pca256_lexical_w005
37114,62,minibatch_k64,text_pca256_lexical_w005
37115,33,minibatch_k64,text_pca256_lexical_w005
37116,62,minibatch_k64,text_pca256_lexical_w005
37117,0,minibatch_k64,text_pca256_lexical_w005
37118,0,minibatch_k64,text_pca256_lexical_w005
37119,8,minibatch_k64,text_pca256_lexical_w005
37120,50,minibatch_k64,text_pca256_lexical_w005
37121,0,minibatch_k64,text_pca256_lexical_w005
37122,0,minibatch_k64,text_pca256_lexical_w005
37123,0,minibatch_k64,text_pca256_lexical_w005
37124,0,minibatch_k64,text_pca256_lexical_w005
37125,2,minibatch_k64,text_pca256_lexical_w005
37126,8,minibatch_k64,text_pca256_lexical_w005
37127,2,minibatch_k64,text_pca256_lexical_w005
37128,0,minibatch_k64,text_pca256_lexical_w005
37129,8,minibatch_k64,text_pca256_lexical_w005
37130,0,minibatch_k64,text_pca256_lexical_w005
37131,2,minibatch_k64,text_pca256_lexical_w005
37132,2,minibatch_k64,text_pca256_lexical_w005
37133,15,minibatch_k64,text_pca256_lexical_w005
37134,0,minibatch_k64,text_pca256_lexical_w005
37135,33,minibatch_k64,text_pca256_lexical_w005
37136,50,minibatch_k64,text_pca256_lexical_w005
37137,38,minibatch_k64,text_pca256_lexical_w005
37138,62,minibatch_k64,text_pca256_lexical_w005
37139,62,minibatch_k64,text_pca256_lexical_w005
37140,0,minibatch_k64,text_pca256_lexical_w005
37141,8,minibatch_k64,text_pca256_lexical_w005
37142,8,minibatch_k64,text_pca256_lexical_w005
37143,0,minibatch_k64,text_pca256_lexical_w005
37144,8,minibatch_k64,text_pca256_lexical_w005
37145,50,minibatch_k64,text_pca256_lexical_w005
37146,62,minibatch_k64,text_pca256_lexical_w005
37147,8,minibatch_k64,text_pca256_lexical_w005
37148,0,minibatch_k64,text_pca256_lexical_w005
37149,8,minibatch_k64,text_pca256_lexical_w005
37150,39,minibatch_k64,text_pca256_lexical_w005
37151,8,minibatch_k64,text_pca256_lexical_w005
37152,42,minibatch_k64,text_pca256_lexical_w005
37153,0,minibatch_k64,text_pca256_lexical_w005
37154,58,minibatch_k64,text_pca256_lexical_w005
37155,45,minibatch_k64,text_pca256_lexical_w005
37156,45,minibatch_k64,text_pca256_lexical_w005
37157,45,minibatch_k64,text_pca256_lexical_w005
37158,45,minibatch_k64,text_pca256_lexical_w005
37159,25,minibatch_k64,text_pca256_lexical_w005
37160,55,minibatch_k64,text_pca256_lexical_w005
37161,60,minibatch_k64,text_pca256_lexical_w005
37162,10,minibatch_k64,text_pca256_lexical_w005
37163,10,minibatch_k64,text_pca256_lexical_w005
37164,33,minibatch_k64,text_pca256_lexical_w005
37165,4,minibatch_k64,text_pca256_lexical_w005
37166,8,minibatch_k64,text_pca256_lexical_w005
37167,42,minibatch_k64,text_pca256_lexical_w005
37168,50,minibatch_k64,text_pca256_lexical_w005
37169,62,minibatch_k64,text_pca256_lexical_w005
37170,23,minibatch_k64,text_pca256_lexical_w005
37171,0,minibatch_k64,text_pca256_lexical_w005
37172,0,minibatch_k64,text_pca256_lexical_w005
37173,62,minibatch_k64,text_pca256_lexical_w005
37174,0,minibatch_k64,text_pca256_lexical_w005
37175,8,minibatch_k64,text_pca256_lexical_w005
37176,62,minibatch_k64,text_pca256_lexical_w005
37177,8,minibatch_k64,text_pca256_lexical_w005
37178,62,minibatch_k64,text_pca256_lexical_w005
37179,8,minibatch_k64,text_pca256_lexical_w005
37180,50,minibatch_k64,text_pca256_lexical_w005
37181,62,minibatch_k64,text_pca256_lexical_w005
37182,15,minibatch_k64,text_pca256_lexical_w005
37183,53,minibatch_k64,text_pca256_lexical_w005
37184,21,minibatch_k64,text_pca256_lexical_w005
37185,8,minibatch_k64,text_pca256_lexical_w005
37186,18,minibatch_k64,text_pca256_lexical_w005
37187,10,minibatch_k64,text_pca256_lexical_w005
37188,0,minibatch_k64,text_pca256_lexical_w005
37189,0,minibatch_k64,text_pca256_lexical_w005
37190,0,minibatch_k64,text_pca256_lexical_w005
37191,8,minibatch_k64,text_pca256_lexical_w005
37192,8,minibatch_k64,text_pca256_lexical_w005
37193,0,minibatch_k64,text_pca256_lexical_w005
37194,56,minibatch_k64,text_pca256_lexical_w005
37195,62,minibatch_k64,text_pca256_lexical_w005
37196,42,minibatch_k64,text_pca256_lexical_w005
37197,59,minibatch_k64,text_pca256_lexical_w005
37198,8,minibatch_k64,text_pca256_lexical_w005
37199,8,minibatch_k64,text_pca256_lexical_w005
37200,33,minibatch_k64,text_pca256_lexical_w005
37201,5,minibatch_k64,text_pca256_lexical_w005
37202,8,minibatch_k64,text_pca256_lexical_w005
37203,0,minibatch_k64,text_pca256_lexical_w005
37204,45,minibatch_k64,text_pca256_lexical_w005
37205,8,minibatch_k64,text_pca256_lexical_w005
37206,23,minibatch_k64,text_pca256_lexical_w005
37207,15,minibatch_k64,text_pca256_lexical_w005
37208,59,minibatch_k64,text_pca256_lexical_w005
37209,45,minibatch_k64,text_pca256_lexical_w005
37210,0,minibatch_k64,text_pca256_lexical_w005
37211,45,minibatch_k64,text_pca256_lexical_w005
37212,10,minibatch_k64,text_pca256_lexical_w005
37213,38,minibatch_k64,text_pca256_lexical_w005
37214,45,minibatch_k64,text_pca256_lexical_w005
37215,25,minibatch_k64,text_pca256_lexical_w005
37216,45,minibatch_k64,text_pca256_lexical_w005
37217,55,minibatch_k64,text_pca256_lexical_w005
37218,37,minibatch_k64,text_pca256_lexical_w005
37219,62,minibatch_k64,text_pca256_lexical_w005
37220,21,minibatch_k64,text_pca256_lexical_w005
37221,42,minibatch_k64,text_pca256_lexical_w005
37222,23,minibatch_k64,text_pca256_lexical_w005
37223,23,minibatch_k64,text_pca256_lexical_w005
37224,62,minibatch_k64,text_pca256_lexical_w005
37225,0,minibatch_k64,text_pca256_lexical_w005
37226,62,minibatch_k64,text_pca256_lexical_w005
37227,0,minibatch_k64,text_pca256_lexical_w005
37228,8,minibatch_k64,text_pca256_lexical_w005
37229,23,minibatch_k64,text_pca256_lexical_w005
37230,8,minibatch_k64,text_pca256_lexical_w005
37231,62,minibatch_k64,text_pca256_lexical_w005
37232,62,minibatch_k64,text_pca256_lexical_w005
37233,33,minibatch_k64,text_pca256_lexical_w005
37234,0,minibatch_k64,text_pca256_lexical_w005
37235,5,minibatch_k64,text_pca256_lexical_w005
37236,0,minibatch_k64,text_pca256_lexical_w005
37237,23,minibatch_k64,text_pca256_lexical_w005
37238,0,minibatch_k64,text_pca256_lexical_w005
37239,0,minibatch_k64,text_pca256_lexical_w005
37240,10,minibatch_k64,text_pca256_lexical_w005
37241,62,minibatch_k64,text_pca256_lexical_w005
37242,8,minibatch_k64,text_pca256_lexical_w005
37243,0,minibatch_k64,text_pca256_lexical_w005
37244,10,minibatch_k64,text_pca256_lexical_w005
37245,8,minibatch_k64,text_pca256_lexical_w005
37246,62,minibatch_k64,text_pca256_lexical_w005
37247,8,minibatch_k64,text_pca256_lexical_w005
37248,62,minibatch_k64,text_pca256_lexical_w005
37249,8,minibatch_k64,text_pca256_lexical_w005
37250,0,minibatch_k64,text_pca256_lexical_w005
37251,15,minibatch_k64,text_pca256_lexical_w005
37252,42,minibatch_k64,text_pca256_lexical_w005
37253,8,minibatch_k64,text_pca256_lexical_w005
37254,5,minibatch_k64,text_pca256_lexical_w005
37255,8,minibatch_k64,text_pca256_lexical_w005
37256,0,minibatch_k64,text_pca256_lexical_w005
37257,62,minibatch_k64,text_pca256_lexical_w005
37258,8,minibatch_k64,text_pca256_lexical_w005
37259,21,minibatch_k64,text_pca256_lexical_w005
37260,23,minibatch_k64,text_pca256_lexical_w005
37261,0,minibatch_k64,text_pca256_lexical_w005
37262,23,minibatch_k64,text_pca256_lexical_w005
37263,45,minibatch_k64,text_pca256_lexical_w005
37264,0,minibatch_k64,text_pca256_lexical_w005
37265,10,minibatch_k64,text_pca256_lexical_w005
37266,23,minibatch_k64,text_pca256_lexical_w005
37267,5,minibatch_k64,text_pca256_lexical_w005
37268,23,minibatch_k64,text_pca256_lexical_w005
37269,23,minibatch_k64,text_pca256_lexical_w005
37270,58,minibatch_k64,text_pca256_lexical_w005
37271,45,minibatch_k64,text_pca256_lexical_w005
37272,25,minibatch_k64,text_pca256_lexical_w005
37273,55,minibatch_k64,text_pca256_lexical_w005
37274,60,minibatch_k64,text_pca256_lexical_w005
37275,62,minibatch_k64,text_pca256_lexical_w005
37276,23,minibatch_k64,text_pca256_lexical_w005
37277,59,minibatch_k64,text_pca256_lexical_w005
37278,8,minibatch_k64,text_pca256_lexical_w005
37279,62,minibatch_k64,text_pca256_lexical_w005
37280,21,minibatch_k64,text_pca256_lexical_w005
37281,45,minibatch_k64,text_pca256_lexical_w005
37282,50,minibatch_k64,text_pca256_lexical_w005
37283,21,minibatch_k64,text_pca256_lexical_w005
37284,39,minibatch_k64,text_pca256_lexical_w005
37285,39,minibatch_k64,text_pca256_lexical_w005
37286,0,minibatch_k64,text_pca256_lexical_w005
37287,0,minibatch_k64,text_pca256_lexical_w005
37288,15,minibatch_k64,text_pca256_lexical_w005
37289,39,minibatch_k64,text_pca256_lexical_w005
37290,0,minibatch_k64,text_pca256_lexical_w005
37291,8,minibatch_k64,text_pca256_lexical_w005
37292,15,minibatch_k64,text_pca256_lexical_w005
37293,62,minibatch_k64,text_pca256_lexical_w005
37294,62,minibatch_k64,text_pca256_lexical_w005
37295,59,minibatch_k64,text_pca256_lexical_w005
37296,8,minibatch_k64,text_pca256_lexical_w005
37297,59,minibatch_k64,text_pca256_lexical_w005
37298,42,minibatch_k64,text_pca256_lexical_w005
37299,8,minibatch_k64,text_pca256_lexical_w005
37300,8,minibatch_k64,text_pca256_lexical_w005
37301,8,minibatch_k64,text_pca256_lexical_w005
37302,62,minibatch_k64,text_pca256_lexical_w005
37303,0,minibatch_k64,text_pca256_lexical_w005
37304,8,minibatch_k64,text_pca256_lexical_w005
37305,23,minibatch_k64,text_pca256_lexical_w005
37306,42,minibatch_k64,text_pca256_lexical_w005
37307,0,minibatch_k64,text_pca256_lexical_w005
37308,23,minibatch_k64,text_pca256_lexical_w005
37309,45,minibatch_k64,text_pca256_lexical_w005
37310,61,minibatch_k64,text_pca256_lexical_w005
37311,0,minibatch_k64,text_pca256_lexical_w005
37312,8,minibatch_k64,text_pca256_lexical_w005
37313,8,minibatch_k64,text_pca256_lexical_w005
37314,0,minibatch_k64,text_pca256_lexical_w005
37315,59,minibatch_k64,text_pca256_lexical_w005
37316,8,minibatch_k64,text_pca256_lexical_w005
37317,59,minibatch_k64,text_pca256_lexical_w005
37318,62,minibatch_k64,text_pca256_lexical_w005
37319,10,minibatch_k64,text_pca256_lexical_w005
37320,8,minibatch_k64,text_pca256_lexical_w005
37321,23,minibatch_k64,text_pca256_lexical_w005
37322,8,minibatch_k64,text_pca256_lexical_w005
37323,8,minibatch_k64,text_pca256_lexical_w005
37324,0,minibatch_k64,text_pca256_lexical_w005
37325,21,minibatch_k64,text_pca256_lexical_w005
37326,0,minibatch_k64,text_pca256_lexical_w005
37327,33,minibatch_k64,text_pca256_lexical_w005
37328,5,minibatch_k64,text_pca256_lexical_w005
37329,38,minibatch_k64,text_pca256_lexical_w005
37330,45,minibatch_k64,text_pca256_lexical_w005
37331,8,minibatch_k64,text_pca256_lexical_w005
37332,45,minibatch_k64,text_pca256_lexical_w005
37333,25,minibatch_k64,text_pca256_lexical_w005
37334,55,minibatch_k64,text_pca256_lexical_w005
37335,60,minibatch_k64,text_pca256_lexical_w005
37336,10,minibatch_k64,text_pca256_lexical_w005
37337,8,minibatch_k64,text_pca256_lexical_w005
37338,0,minibatch_k64,text_pca256_lexical_w005
37339,23,minibatch_k64,text_pca256_lexical_w005
37340,8,minibatch_k64,text_pca256_lexical_w005
37341,0,minibatch_k64,text_pca256_lexical_w005
37342,15,minibatch_k64,text_pca256_lexical_w005
37343,8,minibatch_k64,text_pca256_lexical_w005
37344,0,minibatch_k64,text_pca256_lexical_w005
37345,15,minibatch_k64,text_pca256_lexical_w005
37346,0,minibatch_k64,text_pca256_lexical_w005
37347,23,minibatch_k64,text_pca256_lexical_w005
37348,15,minibatch_k64,text_pca256_lexical_w005
37349,0,minibatch_k64,text_pca256_lexical_w005
37350,62,minibatch_k64,text_pca256_lexical_w005
37351,59,minibatch_k64,text_pca256_lexical_w005
37352,62,minibatch_k64,text_pca256_lexical_w005
37353,8,minibatch_k64,text_pca256_lexical_w005
37354,0,minibatch_k64,text_pca256_lexical_w005
37355,0,minibatch_k64,text_pca256_lexical_w005
37356,33,minibatch_k64,text_pca256_lexical_w005
37357,62,minibatch_k64,text_pca256_lexical_w005
37358,39,minibatch_k64,text_pca256_lexical_w005
37359,8,minibatch_k64,text_pca256_lexical_w005
37360,8,minibatch_k64,text_pca256_lexical_w005
37361,0,minibatch_k64,text_pca256_lexical_w005
37362,0,minibatch_k64,text_pca256_lexical_w005
37363,0,minibatch_k64,text_pca256_lexical_w005
37364,62,minibatch_k64,text_pca256_lexical_w005
37365,50,minibatch_k64,text_pca256_lexical_w005
37366,8,minibatch_k64,text_pca256_lexical_w005
37367,33,minibatch_k64,text_pca256_lexical_w005
37368,62,minibatch_k64,text_pca256_lexical_w005
37369,15,minibatch_k64,text_pca256_lexical_w005
37370,59,minibatch_k64,text_pca256_lexical_w005
37371,4,minibatch_k64,text_pca256_lexical_w005
37372,21,minibatch_k64,text_pca256_lexical_w005
37373,0,minibatch_k64,text_pca256_lexical_w005
37374,38,minibatch_k64,text_pca256_lexical_w005
37375,8,minibatch_k64,text_pca256_lexical_w005
37376,10,minibatch_k64,text_pca256_lexical_w005
37377,8,minibatch_k64,text_pca256_lexical_w005
37378,62,minibatch_k64,text_pca256_lexical_w005
37379,14,minibatch_k64,text_pca256_lexical_w005
37380,0,minibatch_k64,text_pca256_lexical_w005
37381,45,minibatch_k64,text_pca256_lexical_w005
37382,0,minibatch_k64,text_pca256_lexical_w005
37383,45,minibatch_k64,text_pca256_lexical_w005
37384,0,minibatch_k64,text_pca256_lexical_w005
37385,0,minibatch_k64,text_pca256_lexical_w005
37386,45,minibatch_k64,text_pca256_lexical_w005
37387,5,minibatch_k64,text_pca256_lexical_w005
37388,8,minibatch_k64,text_pca256_lexical_w005
37389,0,minibatch_k64,text_pca256_lexical_w005
37390,62,minibatch_k64,text_pca256_lexical_w005
37391,0,minibatch_k64,text_pca256_lexical_w005
37392,0,minibatch_k64,text_pca256_lexical_w005
37393,50,minibatch_k64,text_pca256_lexical_w005
37394,23,minibatch_k64,text_pca256_lexical_w005
37395,45,minibatch_k64,text_pca256_lexical_w005
37396,62,minibatch_k64,text_pca256_lexical_w005
37397,8,minibatch_k64,text_pca256_lexical_w005
37398,59,minibatch_k64,text_pca256_lexical_w005
37399,0,minibatch_k64,text_pca256_lexical_w005
37400,8,minibatch_k64,text_pca256_lexical_w005
37401,39,minibatch_k64,text_pca256_lexical_w005
37402,50,minibatch_k64,text_pca256_lexical_w005
37403,45,minibatch_k64,text_pca256_lexical_w005
37404,5,minibatch_k64,text_pca256_lexical_w005
37405,53,minibatch_k64,text_pca256_lexical_w005
37406,45,minibatch_k64,text_pca256_lexical_w005
37407,48,minibatch_k64,text_pca256_lexical_w005
37408,45,minibatch_k64,text_pca256_lexical_w005
37409,5,minibatch_k64,text_pca256_lexical_w005
37410,45,minibatch_k64,text_pca256_lexical_w005
37411,45,minibatch_k64,text_pca256_lexical_w005
37412,39,minibatch_k64,text_pca256_lexical_w005
37413,39,minibatch_k64,text_pca256_lexical_w005
37414,53,minibatch_k64,text_pca256_lexical_w005
37415,62,minibatch_k64,text_pca256_lexical_w005
37416,45,minibatch_k64,text_pca256_lexical_w005
37417,11,minibatch_k64,text_pca256_lexical_w005
37418,5,minibatch_k64,text_pca256_lexical_w005
37419,62,minibatch_k64,text_pca256_lexical_w005
37420,39,minibatch_k64,text_pca256_lexical_w005
37421,62,minibatch_k64,text_pca256_lexical_w005
37422,0,minibatch_k64,text_pca256_lexical_w005
37423,56,minibatch_k64,text_pca256_lexical_w005
37424,33,minibatch_k64,text_pca256_lexical_w005
37425,0,minibatch_k64,text_pca256_lexical_w005
37426,0,minibatch_k64,text_pca256_lexical_w005
37427,42,minibatch_k64,text_pca256_lexical_w005
37428,8,minibatch_k64,text_pca256_lexical_w005
37429,8,minibatch_k64,text_pca256_lexical_w005
37430,33,minibatch_k64,text_pca256_lexical_w005
37431,39,minibatch_k64,text_pca256_lexical_w005
37432,56,minibatch_k64,text_pca256_lexical_w005
37433,5,minibatch_k64,text_pca256_lexical_w005
37434,8,minibatch_k64,text_pca256_lexical_w005
37435,21,minibatch_k64,text_pca256_lexical_w005
37436,8,minibatch_k64,text_pca256_lexical_w005
37437,33,minibatch_k64,text_pca256_lexical_w005
37438,8,minibatch_k64,text_pca256_lexical_w005
37439,23,minibatch_k64,text_pca256_lexical_w005
37440,62,minibatch_k64,text_pca256_lexical_w005
37441,38,minibatch_k64,text_pca256_lexical_w005
37442,0,minibatch_k64,text_pca256_lexical_w005
37443,25,minibatch_k64,text_pca256_lexical_w005
37444,55,minibatch_k64,text_pca256_lexical_w005
37445,62,minibatch_k64,text_pca256_lexical_w005
37446,54,minibatch_k64,text_pca256_lexical_w005
37447,8,minibatch_k64,text_pca256_lexical_w005
37448,8,minibatch_k64,text_pca256_lexical_w005
37449,39,minibatch_k64,text_pca256_lexical_w005
37450,5,minibatch_k64,text_pca256_lexical_w005
37451,0,minibatch_k64,text_pca256_lexical_w005
37452,39,minibatch_k64,text_pca256_lexical_w005
37453,42,minibatch_k64,text_pca256_lexical_w005
37454,5,minibatch_k64,text_pca256_lexical_w005
37455,39,minibatch_k64,text_pca256_lexical_w005
37456,39,minibatch_k64,text_pca256_lexical_w005
37457,62,minibatch_k64,text_pca256_lexical_w005
37458,56,minibatch_k64,text_pca256_lexical_w005
37459,0,minibatch_k64,text_pca256_lexical_w005
37460,0,minibatch_k64,text_pca256_lexical_w005
37461,42,minibatch_k64,text_pca256_lexical_w005
37462,8,minibatch_k64,text_pca256_lexical_w005
37463,33,minibatch_k64,text_pca256_lexical_w005
37464,39,minibatch_k64,text_pca256_lexical_w005
37465,0,minibatch_k64,text_pca256_lexical_w005
37466,50,minibatch_k64,text_pca256_lexical_w005
37467,8,minibatch_k64,text_pca256_lexical_w005
37468,21,minibatch_k64,text_pca256_lexical_w005
37469,21,minibatch_k64,text_pca256_lexical_w005
37470,0,minibatch_k64,text_pca256_lexical_w005
37471,8,minibatch_k64,text_pca256_lexical_w005
37472,39,minibatch_k64,text_pca256_lexical_w005
37473,62,minibatch_k64,text_pca256_lexical_w005
37474,39,minibatch_k64,text_pca256_lexical_w005
37475,10,minibatch_k64,text_pca256_lexical_w005
37476,8,minibatch_k64,text_pca256_lexical_w005
37477,42,minibatch_k64,text_pca256_lexical_w005
37478,21,minibatch_k64,text_pca256_lexical_w005
37479,8,minibatch_k64,text_pca256_lexical_w005
37480,21,minibatch_k64,text_pca256_lexical_w005
37481,62,minibatch_k64,text_pca256_lexical_w005
37482,42,minibatch_k64,text_pca256_lexical_w005
37483,15,minibatch_k64,text_pca256_lexical_w005
37484,10,minibatch_k64,text_pca256_lexical_w005
37485,62,minibatch_k64,text_pca256_lexical_w005
37486,8,minibatch_k64,text_pca256_lexical_w005
37487,57,minibatch_k64,text_pca256_lexical_w005
37488,8,minibatch_k64,text_pca256_lexical_w005
37489,56,minibatch_k64,text_pca256_lexical_w005
37490,62,minibatch_k64,text_pca256_lexical_w005
37491,10,minibatch_k64,text_pca256_lexical_w005
37492,50,minibatch_k64,text_pca256_lexical_w005
37493,39,minibatch_k64,text_pca256_lexical_w005
37494,42,minibatch_k64,text_pca256_lexical_w005
37495,38,minibatch_k64,text_pca256_lexical_w005
37496,0,minibatch_k64,text_pca256_lexical_w005
37497,21,minibatch_k64,text_pca256_lexical_w005
37498,0,minibatch_k64,text_pca256_lexical_w005
37499,62,minibatch_k64,text_pca256_lexical_w005
37500,11,minibatch_k64,text_pca256_lexical_w005
37501,57,minibatch_k64,text_pca256_lexical_w005
37502,11,minibatch_k64,text_pca256_lexical_w005
37503,57,minibatch_k64,text_pca256_lexical_w005
37504,8,minibatch_k64,text_pca256_lexical_w005
37505,42,minibatch_k64,text_pca256_lexical_w005
37506,0,minibatch_k64,text_pca256_lexical_w005
37507,0,minibatch_k64,text_pca256_lexical_w005
37508,0,minibatch_k64,text_pca256_lexical_w005
37509,21,minibatch_k64,text_pca256_lexical_w005
37510,8,minibatch_k64,text_pca256_lexical_w005
37511,8,minibatch_k64,text_pca256_lexical_w005
37512,38,minibatch_k64,text_pca256_lexical_w005
37513,25,minibatch_k64,text_pca256_lexical_w005
37514,55,minibatch_k64,text_pca256_lexical_w005
37515,37,minibatch_k64,text_pca256_lexical_w005
37516,33,minibatch_k64,text_pca256_lexical_w005
37517,0,minibatch_k64,text_pca256_lexical_w005
37518,21,minibatch_k64,text_pca256_lexical_w005
37519,0,minibatch_k64,text_pca256_lexical_w005
37520,8,minibatch_k64,text_pca256_lexical_w005
37521,10,minibatch_k64,text_pca256_lexical_w005
37522,11,minibatch_k64,text_pca256_lexical_w005
37523,8,minibatch_k64,text_pca256_lexical_w005
37524,62,minibatch_k64,text_pca256_lexical_w005
37525,50,minibatch_k64,text_pca256_lexical_w005
37526,0,minibatch_k64,text_pca256_lexical_w005
37527,8,minibatch_k64,text_pca256_lexical_w005
37528,42,minibatch_k64,text_pca256_lexical_w005
37529,8,minibatch_k64,text_pca256_lexical_w005
37530,0,minibatch_k64,text_pca256_lexical_w005
37531,42,minibatch_k64,text_pca256_lexical_w005
37532,62,minibatch_k64,text_pca256_lexical_w005
37533,8,minibatch_k64,text_pca256_lexical_w005
37534,0,minibatch_k64,text_pca256_lexical_w005
37535,0,minibatch_k64,text_pca256_lexical_w005
37536,8,minibatch_k64,text_pca256_lexical_w005
37537,8,minibatch_k64,text_pca256_lexical_w005
37538,8,minibatch_k64,text_pca256_lexical_w005
37539,33,minibatch_k64,text_pca256_lexical_w005
37540,8,minibatch_k64,text_pca256_lexical_w005
37541,8,minibatch_k64,text_pca256_lexical_w005
37542,33,minibatch_k64,text_pca256_lexical_w005
37543,23,minibatch_k64,text_pca256_lexical_w005
37544,39,minibatch_k64,text_pca256_lexical_w005
37545,21,minibatch_k64,text_pca256_lexical_w005
37546,33,minibatch_k64,text_pca256_lexical_w005
37547,57,minibatch_k64,text_pca256_lexical_w005
37548,11,minibatch_k64,text_pca256_lexical_w005
37549,39,minibatch_k64,text_pca256_lexical_w005
37550,8,minibatch_k64,text_pca256_lexical_w005
37551,21,minibatch_k64,text_pca256_lexical_w005
37552,57,minibatch_k64,text_pca256_lexical_w005
37553,0,minibatch_k64,text_pca256_lexical_w005
37554,33,minibatch_k64,text_pca256_lexical_w005
37555,11,minibatch_k64,text_pca256_lexical_w005
37556,15,minibatch_k64,text_pca256_lexical_w005
37557,62,minibatch_k64,text_pca256_lexical_w005
37558,38,minibatch_k64,text_pca256_lexical_w005
37559,8,minibatch_k64,text_pca256_lexical_w005
37560,8,minibatch_k64,text_pca256_lexical_w005
37561,25,minibatch_k64,text_pca256_lexical_w005
37562,0,minibatch_k64,text_pca256_lexical_w005
37563,37,minibatch_k64,text_pca256_lexical_w005
37564,0,minibatch_k64,text_pca256_lexical_w005
37565,21,minibatch_k64,text_pca256_lexical_w005
37566,15,minibatch_k64,text_pca256_lexical_w005
37567,8,minibatch_k64,text_pca256_lexical_w005
37568,39,minibatch_k64,text_pca256_lexical_w005
37569,62,minibatch_k64,text_pca256_lexical_w005
37570,62,minibatch_k64,text_pca256_lexical_w005
37571,8,minibatch_k64,text_pca256_lexical_w005
37572,0,minibatch_k64,text_pca256_lexical_w005
37573,15,minibatch_k64,text_pca256_lexical_w005
37574,33,minibatch_k64,text_pca256_lexical_w005
37575,8,minibatch_k64,text_pca256_lexical_w005
37576,62,minibatch_k64,text_pca256_lexical_w005
37577,33,minibatch_k64,text_pca256_lexical_w005
37578,57,minibatch_k64,text_pca256_lexical_w005
37579,0,minibatch_k64,text_pca256_lexical_w005
37580,62,minibatch_k64,text_pca256_lexical_w005
37581,62,minibatch_k64,text_pca256_lexical_w005
37582,0,minibatch_k64,text_pca256_lexical_w005
37583,0,minibatch_k64,text_pca256_lexical_w005
37584,10,minibatch_k64,text_pca256_lexical_w005
37585,8,minibatch_k64,text_pca256_lexical_w005
37586,50,minibatch_k64,text_pca256_lexical_w005
37587,45,minibatch_k64,text_pca256_lexical_w005
37588,23,minibatch_k64,text_pca256_lexical_w005
37589,21,minibatch_k64,text_pca256_lexical_w005
37590,8,minibatch_k64,text_pca256_lexical_w005
37591,8,minibatch_k64,text_pca256_lexical_w005
37592,57,minibatch_k64,text_pca256_lexical_w005
37593,11,minibatch_k64,text_pca256_lexical_w005
37594,10,minibatch_k64,text_pca256_lexical_w005
37595,39,minibatch_k64,text_pca256_lexical_w005
37596,8,minibatch_k64,text_pca256_lexical_w005
37597,62,minibatch_k64,text_pca256_lexical_w005
37598,15,minibatch_k64,text_pca256_lexical_w005
37599,0,minibatch_k64,text_pca256_lexical_w005
37600,8,minibatch_k64,text_pca256_lexical_w005
37601,0,minibatch_k64,text_pca256_lexical_w005
37602,53,minibatch_k64,text_pca256_lexical_w005
37603,14,minibatch_k64,text_pca256_lexical_w005
37604,8,minibatch_k64,text_pca256_lexical_w005
37605,62,minibatch_k64,text_pca256_lexical_w005
37606,39,minibatch_k64,text_pca256_lexical_w005
37607,53,minibatch_k64,text_pca256_lexical_w005
37608,0,minibatch_k64,text_pca256_lexical_w005
37609,8,minibatch_k64,text_pca256_lexical_w005
37610,15,minibatch_k64,text_pca256_lexical_w005
37611,23,minibatch_k64,text_pca256_lexical_w005
37612,38,minibatch_k64,text_pca256_lexical_w005
37613,0,minibatch_k64,text_pca256_lexical_w005
37614,57,minibatch_k64,text_pca256_lexical_w005
37615,23,minibatch_k64,text_pca256_lexical_w005
37616,0,minibatch_k64,text_pca256_lexical_w005
37617,2,minibatch_k64,text_pca256_lexical_w005
37618,33,minibatch_k64,text_pca256_lexical_w005
37619,42,minibatch_k64,text_pca256_lexical_w005
37620,8,minibatch_k64,text_pca256_lexical_w005
37621,45,minibatch_k64,text_pca256_lexical_w005
37622,50,minibatch_k64,text_pca256_lexical_w005
37623,8,minibatch_k64,text_pca256_lexical_w005
37624,0,minibatch_k64,text_pca256_lexical_w005
37625,8,minibatch_k64,text_pca256_lexical_w005
37626,8,minibatch_k64,text_pca256_lexical_w005
37627,23,minibatch_k64,text_pca256_lexical_w005
37628,21,minibatch_k64,text_pca256_lexical_w005
37629,0,minibatch_k64,text_pca256_lexical_w005
37630,57,minibatch_k64,text_pca256_lexical_w005
37631,33,minibatch_k64,text_pca256_lexical_w005
37632,39,minibatch_k64,text_pca256_lexical_w005
37633,21,minibatch_k64,text_pca256_lexical_w005
37634,10,minibatch_k64,text_pca256_lexical_w005
37635,0,minibatch_k64,text_pca256_lexical_w005
37636,21,minibatch_k64,text_pca256_lexical_w005
37637,23,minibatch_k64,text_pca256_lexical_w005
37638,21,minibatch_k64,text_pca256_lexical_w005
37639,42,minibatch_k64,text_pca256_lexical_w005
37640,2,minibatch_k64,text_pca256_lexical_w005
37641,42,minibatch_k64,text_pca256_lexical_w005
37642,42,minibatch_k64,text_pca256_lexical_w005
37643,11,minibatch_k64,text_pca256_lexical_w005
37644,14,minibatch_k64,text_pca256_lexical_w005
37645,8,minibatch_k64,text_pca256_lexical_w005
37646,57,minibatch_k64,text_pca256_lexical_w005
37647,21,minibatch_k64,text_pca256_lexical_w005
37648,57,minibatch_k64,text_pca256_lexical_w005
37649,0,minibatch_k64,text_pca256_lexical_w005
37650,8,minibatch_k64,text_pca256_lexical_w005
37651,8,minibatch_k64,text_pca256_lexical_w005
37652,11,minibatch_k64,text_pca256_lexical_w005
37653,39,minibatch_k64,text_pca256_lexical_w005
37654,39,minibatch_k64,text_pca256_lexical_w005
37655,33,minibatch_k64,text_pca256_lexical_w005
37656,39,minibatch_k64,text_pca256_lexical_w005
37657,21,minibatch_k64,text_pca256_lexical_w005
37658,39,minibatch_k64,text_pca256_lexical_w005
37659,62,minibatch_k64,text_pca256_lexical_w005
37660,62,minibatch_k64,text_pca256_lexical_w005
37661,8,minibatch_k64,text_pca256_lexical_w005
37662,57,minibatch_k64,text_pca256_lexical_w005
37663,0,minibatch_k64,text_pca256_lexical_w005
37664,38,minibatch_k64,text_pca256_lexical_w005
37665,11,minibatch_k64,text_pca256_lexical_w005
37666,33,minibatch_k64,text_pca256_lexical_w005
37667,25,minibatch_k64,text_pca256_lexical_w005
37668,55,minibatch_k64,text_pca256_lexical_w005
37669,35,minibatch_k64,text_pca256_lexical_w005
37670,0,minibatch_k64,text_pca256_lexical_w005
37671,57,minibatch_k64,text_pca256_lexical_w005
37672,0,minibatch_k64,text_pca256_lexical_w005
37673,33,minibatch_k64,text_pca256_lexical_w005
37674,8,minibatch_k64,text_pca256_lexical_w005
37675,50,minibatch_k64,text_pca256_lexical_w005
37676,59,minibatch_k64,text_pca256_lexical_w005
37677,8,minibatch_k64,text_pca256_lexical_w005
37678,11,minibatch_k64,text_pca256_lexical_w005
37679,0,minibatch_k64,text_pca256_lexical_w005
37680,8,minibatch_k64,text_pca256_lexical_w005
37681,0,minibatch_k64,text_pca256_lexical_w005
37682,42,minibatch_k64,text_pca256_lexical_w005
37683,8,minibatch_k64,text_pca256_lexical_w005
37684,15,minibatch_k64,text_pca256_lexical_w005
37685,8,minibatch_k64,text_pca256_lexical_w005
37686,8,minibatch_k64,text_pca256_lexical_w005
37687,21,minibatch_k64,text_pca256_lexical_w005
37688,8,minibatch_k64,text_pca256_lexical_w005
37689,0,minibatch_k64,text_pca256_lexical_w005
37690,8,minibatch_k64,text_pca256_lexical_w005
37691,8,minibatch_k64,text_pca256_lexical_w005
37692,15,minibatch_k64,text_pca256_lexical_w005
37693,39,minibatch_k64,text_pca256_lexical_w005
37694,20,minibatch_k64,text_pca256_lexical_w005
37695,8,minibatch_k64,text_pca256_lexical_w005
37696,20,minibatch_k64,text_pca256_lexical_w005
37697,8,minibatch_k64,text_pca256_lexical_w005
37698,10,minibatch_k64,text_pca256_lexical_w005
37699,8,minibatch_k64,text_pca256_lexical_w005
37700,38,minibatch_k64,text_pca256_lexical_w005
37701,39,minibatch_k64,text_pca256_lexical_w005
37702,8,minibatch_k64,text_pca256_lexical_w005
37703,21,minibatch_k64,text_pca256_lexical_w005
37704,4,minibatch_k64,text_pca256_lexical_w005
37705,21,minibatch_k64,text_pca256_lexical_w005
37706,8,minibatch_k64,text_pca256_lexical_w005
37707,0,minibatch_k64,text_pca256_lexical_w005
37708,0,minibatch_k64,text_pca256_lexical_w005
37709,21,minibatch_k64,text_pca256_lexical_w005
37710,21,minibatch_k64,text_pca256_lexical_w005
37711,57,minibatch_k64,text_pca256_lexical_w005
37712,21,minibatch_k64,text_pca256_lexical_w005
37713,39,minibatch_k64,text_pca256_lexical_w005
37714,8,minibatch_k64,text_pca256_lexical_w005
37715,8,minibatch_k64,text_pca256_lexical_w005
37716,21,minibatch_k64,text_pca256_lexical_w005
37717,0,minibatch_k64,text_pca256_lexical_w005
37718,45,minibatch_k64,text_pca256_lexical_w005
37719,8,minibatch_k64,text_pca256_lexical_w005
37720,8,minibatch_k64,text_pca256_lexical_w005
37721,62,minibatch_k64,text_pca256_lexical_w005
37722,8,minibatch_k64,text_pca256_lexical_w005
37723,23,minibatch_k64,text_pca256_lexical_w005
37724,42,minibatch_k64,text_pca256_lexical_w005
37725,8,minibatch_k64,text_pca256_lexical_w005
37726,0,minibatch_k64,text_pca256_lexical_w005
37727,33,minibatch_k64,text_pca256_lexical_w005
37728,0,minibatch_k64,text_pca256_lexical_w005
37729,0,minibatch_k64,text_pca256_lexical_w005
37730,39,minibatch_k64,text_pca256_lexical_w005
37731,39,minibatch_k64,text_pca256_lexical_w005
37732,42,minibatch_k64,text_pca256_lexical_w005
37733,8,minibatch_k64,text_pca256_lexical_w005
37734,23,minibatch_k64,text_pca256_lexical_w005
37735,23,minibatch_k64,text_pca256_lexical_w005
37736,45,minibatch_k64,text_pca256_lexical_w005
37737,39,minibatch_k64,text_pca256_lexical_w005
37738,39,minibatch_k64,text_pca256_lexical_w005
37739,11,minibatch_k64,text_pca256_lexical_w005
37740,57,minibatch_k64,text_pca256_lexical_w005
37741,38,minibatch_k64,text_pca256_lexical_w005
37742,45,minibatch_k64,text_pca256_lexical_w005
37743,25,minibatch_k64,text_pca256_lexical_w005
37744,2,minibatch_k64,text_pca256_lexical_w005
37745,54,minibatch_k64,text_pca256_lexical_w005
37746,0,minibatch_k64,text_pca256_lexical_w005
37747,45,minibatch_k64,text_pca256_lexical_w005
37748,33,minibatch_k64,text_pca256_lexical_w005
37749,8,minibatch_k64,text_pca256_lexical_w005
37750,0,minibatch_k64,text_pca256_lexical_w005
37751,57,minibatch_k64,text_pca256_lexical_w005
37752,62,minibatch_k64,text_pca256_lexical_w005
37753,11,minibatch_k64,text_pca256_lexical_w005
37754,8,minibatch_k64,text_pca256_lexical_w005
37755,45,minibatch_k64,text_pca256_lexical_w005
37756,50,minibatch_k64,text_pca256_lexical_w005
37757,21,minibatch_k64,text_pca256_lexical_w005
37758,42,minibatch_k64,text_pca256_lexical_w005
37759,2,minibatch_k64,text_pca256_lexical_w005
37760,33,minibatch_k64,text_pca256_lexical_w005
37761,62,minibatch_k64,text_pca256_lexical_w005
37762,62,minibatch_k64,text_pca256_lexical_w005
37763,8,minibatch_k64,text_pca256_lexical_w005
37764,53,minibatch_k64,text_pca256_lexical_w005
37765,45,minibatch_k64,text_pca256_lexical_w005
37766,62,minibatch_k64,text_pca256_lexical_w005
37767,59,minibatch_k64,text_pca256_lexical_w005
37768,62,minibatch_k64,text_pca256_lexical_w005
37769,21,minibatch_k64,text_pca256_lexical_w005
37770,39,minibatch_k64,text_pca256_lexical_w005
37771,21,minibatch_k64,text_pca256_lexical_w005
37772,8,minibatch_k64,text_pca256_lexical_w005
37773,42,minibatch_k64,text_pca256_lexical_w005
37774,8,minibatch_k64,text_pca256_lexical_w005
37775,8,minibatch_k64,text_pca256_lexical_w005
37776,21,minibatch_k64,text_pca256_lexical_w005
37777,39,minibatch_k64,text_pca256_lexical_w005
37778,33,minibatch_k64,text_pca256_lexical_w005
37779,33,minibatch_k64,text_pca256_lexical_w005
37780,8,minibatch_k64,text_pca256_lexical_w005
37781,21,minibatch_k64,text_pca256_lexical_w005
37782,21,minibatch_k64,text_pca256_lexical_w005
37783,59,minibatch_k64,text_pca256_lexical_w005
37784,42,minibatch_k64,text_pca256_lexical_w005
37785,0,minibatch_k64,text_pca256_lexical_w005
37786,45,minibatch_k64,text_pca256_lexical_w005
37787,8,minibatch_k64,text_pca256_lexical_w005
37788,45,minibatch_k64,text_pca256_lexical_w005
37789,33,minibatch_k64,text_pca256_lexical_w005
37790,33,minibatch_k64,text_pca256_lexical_w005
37791,45,minibatch_k64,text_pca256_lexical_w005
37792,45,minibatch_k64,text_pca256_lexical_w005
37793,38,minibatch_k64,text_pca256_lexical_w005
37794,45,minibatch_k64,text_pca256_lexical_w005
37795,23,minibatch_k64,text_pca256_lexical_w005
37796,21,minibatch_k64,text_pca256_lexical_w005
37797,25,minibatch_k64,text_pca256_lexical_w005
37798,62,minibatch_k64,text_pca256_lexical_w005
37799,10,minibatch_k64,text_pca256_lexical_w005
37800,54,minibatch_k64,text_pca256_lexical_w005
37801,45,minibatch_k64,text_pca256_lexical_w005
37802,33,minibatch_k64,text_pca256_lexical_w005
37803,0,minibatch_k64,text_pca256_lexical_w005
37804,8,minibatch_k64,text_pca256_lexical_w005
37805,8,minibatch_k64,text_pca256_lexical_w005
37806,62,minibatch_k64,text_pca256_lexical_w005
37807,8,minibatch_k64,text_pca256_lexical_w005
37808,33,minibatch_k64,text_pca256_lexical_w005
37809,50,minibatch_k64,text_pca256_lexical_w005
37810,45,minibatch_k64,text_pca256_lexical_w005
37811,0,minibatch_k64,text_pca256_lexical_w005
37812,8,minibatch_k64,text_pca256_lexical_w005
37813,8,minibatch_k64,text_pca256_lexical_w005
37814,8,minibatch_k64,text_pca256_lexical_w005
37815,8,minibatch_k64,text_pca256_lexical_w005
37816,45,minibatch_k64,text_pca256_lexical_w005
37817,62,minibatch_k64,text_pca256_lexical_w005
37818,62,minibatch_k64,text_pca256_lexical_w005
37819,42,minibatch_k64,text_pca256_lexical_w005
37820,33,minibatch_k64,text_pca256_lexical_w005
37821,8,minibatch_k64,text_pca256_lexical_w005
37822,33,minibatch_k64,text_pca256_lexical_w005
37823,21,minibatch_k64,text_pca256_lexical_w005
37824,0,minibatch_k64,text_pca256_lexical_w005
37825,0,minibatch_k64,text_pca256_lexical_w005
37826,42,minibatch_k64,text_pca256_lexical_w005
37827,62,minibatch_k64,text_pca256_lexical_w005
37828,59,minibatch_k64,text_pca256_lexical_w005
37829,8,minibatch_k64,text_pca256_lexical_w005
37830,8,minibatch_k64,text_pca256_lexical_w005
37831,8,minibatch_k64,text_pca256_lexical_w005
37832,33,minibatch_k64,text_pca256_lexical_w005
37833,33,minibatch_k64,text_pca256_lexical_w005
37834,0,minibatch_k64,text_pca256_lexical_w005
37835,8,minibatch_k64,text_pca256_lexical_w005
37836,21,minibatch_k64,text_pca256_lexical_w005
37837,39,minibatch_k64,text_pca256_lexical_w005
37838,45,minibatch_k64,text_pca256_lexical_w005
37839,45,minibatch_k64,text_pca256_lexical_w005
37840,20,minibatch_k64,text_pca256_lexical_w005
37841,21,minibatch_k64,text_pca256_lexical_w005
37842,8,minibatch_k64,text_pca256_lexical_w005
37843,0,minibatch_k64,text_pca256_lexical_w005
37844,33,minibatch_k64,text_pca256_lexical_w005
37845,42,minibatch_k64,text_pca256_lexical_w005
37846,38,minibatch_k64,text_pca256_lexical_w005
37847,2,minibatch_k64,text_pca256_lexical_w005
37848,45,minibatch_k64,text_pca256_lexical_w005
37849,15,minibatch_k64,text_pca256_lexical_w005
37850,59,minibatch_k64,text_pca256_lexical_w005
37851,59,minibatch_k64,text_pca256_lexical_w005
37852,62,minibatch_k64,text_pca256_lexical_w005
37853,21,minibatch_k64,text_pca256_lexical_w005
37854,54,minibatch_k64,text_pca256_lexical_w005
37855,45,minibatch_k64,text_pca256_lexical_w005
37856,50,minibatch_k64,text_pca256_lexical_w005
37857,8,minibatch_k64,text_pca256_lexical_w005
37858,8,minibatch_k64,text_pca256_lexical_w005
37859,8,minibatch_k64,text_pca256_lexical_w005
37860,8,minibatch_k64,text_pca256_lexical_w005
37861,10,minibatch_k64,text_pca256_lexical_w005
37862,21,minibatch_k64,text_pca256_lexical_w005
37863,21,minibatch_k64,text_pca256_lexical_w005
37864,62,minibatch_k64,text_pca256_lexical_w005
37865,8,minibatch_k64,text_pca256_lexical_w005
37866,33,minibatch_k64,text_pca256_lexical_w005
37867,42,minibatch_k64,text_pca256_lexical_w005
37868,8,minibatch_k64,text_pca256_lexical_w005
37869,2,minibatch_k64,text_pca256_lexical_w005
37870,42,minibatch_k64,text_pca256_lexical_w005
37871,62,minibatch_k64,text_pca256_lexical_w005
37872,0,minibatch_k64,text_pca256_lexical_w005
37873,0,minibatch_k64,text_pca256_lexical_w005
37874,0,minibatch_k64,text_pca256_lexical_w005
37875,8,minibatch_k64,text_pca256_lexical_w005
37876,0,minibatch_k64,text_pca256_lexical_w005
37877,50,minibatch_k64,text_pca256_lexical_w005
37878,39,minibatch_k64,text_pca256_lexical_w005
37879,8,minibatch_k64,text_pca256_lexical_w005
37880,21,minibatch_k64,text_pca256_lexical_w005
37881,23,minibatch_k64,text_pca256_lexical_w005
37882,33,minibatch_k64,text_pca256_lexical_w005
37883,39,minibatch_k64,text_pca256_lexical_w005
37884,39,minibatch_k64,text_pca256_lexical_w005
37885,42,minibatch_k64,text_pca256_lexical_w005
37886,39,minibatch_k64,text_pca256_lexical_w005
37887,2,minibatch_k64,text_pca256_lexical_w005
37888,59,minibatch_k64,text_pca256_lexical_w005
37889,21,minibatch_k64,text_pca256_lexical_w005
37890,42,minibatch_k64,text_pca256_lexical_w005
37891,45,minibatch_k64,text_pca256_lexical_w005
37892,45,minibatch_k64,text_pca256_lexical_w005
37893,45,minibatch_k64,text_pca256_lexical_w005
37894,62,minibatch_k64,text_pca256_lexical_w005
37895,10,minibatch_k64,text_pca256_lexical_w005
37896,21,minibatch_k64,text_pca256_lexical_w005
37897,39,minibatch_k64,text_pca256_lexical_w005
37898,8,minibatch_k64,text_pca256_lexical_w005
37899,62,minibatch_k64,text_pca256_lexical_w005
37900,39,minibatch_k64,text_pca256_lexical_w005
37901,0,minibatch_k64,text_pca256_lexical_w005
37902,45,minibatch_k64,text_pca256_lexical_w005
37903,8,minibatch_k64,text_pca256_lexical_w005
37904,45,minibatch_k64,text_pca256_lexical_w005
37905,48,minibatch_k64,text_pca256_lexical_w005
37906,45,minibatch_k64,text_pca256_lexical_w005
37907,8,minibatch_k64,text_pca256_lexical_w005
37908,45,minibatch_k64,text_pca256_lexical_w005
37909,45,minibatch_k64,text_pca256_lexical_w005
37910,45,minibatch_k64,text_pca256_lexical_w005
37911,45,minibatch_k64,text_pca256_lexical_w005
37912,45,minibatch_k64,text_pca256_lexical_w005
37913,8,minibatch_k64,text_pca256_lexical_w005
37914,62,minibatch_k64,text_pca256_lexical_w005
37915,62,minibatch_k64,text_pca256_lexical_w005
37916,10,minibatch_k64,text_pca256_lexical_w005
37917,62,minibatch_k64,text_pca256_lexical_w005
37918,42,minibatch_k64,text_pca256_lexical_w005
37919,15,minibatch_k64,text_pca256_lexical_w005
37920,45,minibatch_k64,text_pca256_lexical_w005
37921,45,minibatch_k64,text_pca256_lexical_w005
37922,45,minibatch_k64,text_pca256_lexical_w005
37923,8,minibatch_k64,text_pca256_lexical_w005
37924,0,minibatch_k64,text_pca256_lexical_w005
37925,33,minibatch_k64,text_pca256_lexical_w005
37926,59,minibatch_k64,text_pca256_lexical_w005
37927,8,minibatch_k64,text_pca256_lexical_w005
37928,50,minibatch_k64,text_pca256_lexical_w005
37929,8,minibatch_k64,text_pca256_lexical_w005
37930,45,minibatch_k64,text_pca256_lexical_w005
37931,8,minibatch_k64,text_pca256_lexical_w005
37932,21,minibatch_k64,text_pca256_lexical_w005
37933,42,minibatch_k64,text_pca256_lexical_w005
37934,2,minibatch_k64,text_pca256_lexical_w005
37935,59,minibatch_k64,text_pca256_lexical_w005
37936,59,minibatch_k64,text_pca256_lexical_w005
37937,0,minibatch_k64,text_pca256_lexical_w005
37938,42,minibatch_k64,text_pca256_lexical_w005
37939,45,minibatch_k64,text_pca256_lexical_w005
37940,10,minibatch_k64,text_pca256_lexical_w005
37941,62,minibatch_k64,text_pca256_lexical_w005
37942,8,minibatch_k64,text_pca256_lexical_w005
37943,8,minibatch_k64,text_pca256_lexical_w005
37944,45,minibatch_k64,text_pca256_lexical_w005
37945,45,minibatch_k64,text_pca256_lexical_w005
37946,45,minibatch_k64,text_pca256_lexical_w005
37947,4,minibatch_k64,text_pca256_lexical_w005
37948,15,minibatch_k64,text_pca256_lexical_w005
37949,8,minibatch_k64,text_pca256_lexical_w005
37950,8,minibatch_k64,text_pca256_lexical_w005
37951,10,minibatch_k64,text_pca256_lexical_w005
37952,8,minibatch_k64,text_pca256_lexical_w005
37953,59,minibatch_k64,text_pca256_lexical_w005
37954,62,minibatch_k64,text_pca256_lexical_w005
37955,8,minibatch_k64,text_pca256_lexical_w005
37956,59,minibatch_k64,text_pca256_lexical_w005
37957,62,minibatch_k64,text_pca256_lexical_w005
37958,59,minibatch_k64,text_pca256_lexical_w005
37959,42,minibatch_k64,text_pca256_lexical_w005
37960,8,minibatch_k64,text_pca256_lexical_w005
37961,0,minibatch_k64,text_pca256_lexical_w005
37962,45,minibatch_k64,text_pca256_lexical_w005
37963,0,minibatch_k64,text_pca256_lexical_w005
37964,33,minibatch_k64,text_pca256_lexical_w005
37965,45,minibatch_k64,text_pca256_lexical_w005
37966,8,minibatch_k64,text_pca256_lexical_w005
37967,45,minibatch_k64,text_pca256_lexical_w005
37968,59,minibatch_k64,text_pca256_lexical_w005
37969,8,minibatch_k64,text_pca256_lexical_w005
37970,39,minibatch_k64,text_pca256_lexical_w005
37971,8,minibatch_k64,text_pca256_lexical_w005
37972,45,minibatch_k64,text_pca256_lexical_w005
37973,62,minibatch_k64,text_pca256_lexical_w005
37974,8,minibatch_k64,text_pca256_lexical_w005
37975,59,minibatch_k64,text_pca256_lexical_w005
37976,62,minibatch_k64,text_pca256_lexical_w005
37977,59,minibatch_k64,text_pca256_lexical_w005
37978,0,minibatch_k64,text_pca256_lexical_w005
37979,8,minibatch_k64,text_pca256_lexical_w005
37980,15,minibatch_k64,text_pca256_lexical_w005
37981,62,minibatch_k64,text_pca256_lexical_w005
37982,62,minibatch_k64,text_pca256_lexical_w005
37983,42,minibatch_k64,text_pca256_lexical_w005
37984,62,minibatch_k64,text_pca256_lexical_w005
37985,62,minibatch_k64,text_pca256_lexical_w005
37986,33,minibatch_k64,text_pca256_lexical_w005
37987,59,minibatch_k64,text_pca256_lexical_w005
37988,62,minibatch_k64,text_pca256_lexical_w005
37989,62,minibatch_k64,text_pca256_lexical_w005
37990,10,minibatch_k64,text_pca256_lexical_w005
37991,8,minibatch_k64,text_pca256_lexical_w005
37992,62,minibatch_k64,text_pca256_lexical_w005
37993,62,minibatch_k64,text_pca256_lexical_w005
37994,0,minibatch_k64,text_pca256_lexical_w005
37995,59,minibatch_k64,text_pca256_lexical_w005
37996,8,minibatch_k64,text_pca256_lexical_w005
37997,62,minibatch_k64,text_pca256_lexical_w005
37998,62,minibatch_k64,text_pca256_lexical_w005
37999,23,minibatch_k64,text_pca256_lexical_w005
38000,59,minibatch_k64,text_pca256_lexical_w005
38001,45,minibatch_k64,text_pca256_lexical_w005
38002,23,minibatch_k64,text_pca256_lexical_w005
38003,10,minibatch_k64,text_pca256_lexical_w005
38004,45,minibatch_k64,text_pca256_lexical_w005
38005,62,minibatch_k64,text_pca256_lexical_w005
38006,17,minibatch_k64,text_pca256_lexical_w005
38007,15,minibatch_k64,text_pca256_lexical_w005
38008,62,minibatch_k64,text_pca256_lexical_w005
38009,45,minibatch_k64,text_pca256_lexical_w005
38010,8,minibatch_k64,text_pca256_lexical_w005
38011,8,minibatch_k64,text_pca256_lexical_w005
38012,33,minibatch_k64,text_pca256_lexical_w005
38013,62,minibatch_k64,text_pca256_lexical_w005
38014,21,minibatch_k64,text_pca256_lexical_w005
38015,59,minibatch_k64,text_pca256_lexical_w005
38016,62,minibatch_k64,text_pca256_lexical_w005
38017,33,minibatch_k64,text_pca256_lexical_w005
38018,62,minibatch_k64,text_pca256_lexical_w005
38019,59,minibatch_k64,text_pca256_lexical_w005
38020,39,minibatch_k64,text_pca256_lexical_w005
38021,10,minibatch_k64,text_pca256_lexical_w005
38022,21,minibatch_k64,text_pca256_lexical_w005
38023,8,minibatch_k64,text_pca256_lexical_w005
38024,23,minibatch_k64,text_pca256_lexical_w005
38025,8,minibatch_k64,text_pca256_lexical_w005
38026,10,minibatch_k64,text_pca256_lexical_w005
38027,8,minibatch_k64,text_pca256_lexical_w005
38028,8,minibatch_k64,text_pca256_lexical_w005
38029,27,minibatch_k64,text_pca256_lexical_w005
38030,8,minibatch_k64,text_pca256_lexical_w005
38031,0,minibatch_k64,text_pca256_lexical_w005
38032,10,minibatch_k64,text_pca256_lexical_w005
38033,62,minibatch_k64,text_pca256_lexical_w005
38034,8,minibatch_k64,text_pca256_lexical_w005
38035,0,minibatch_k64,text_pca256_lexical_w005
38036,53,minibatch_k64,text_pca256_lexical_w005
38037,17,minibatch_k64,text_pca256_lexical_w005
38038,23,minibatch_k64,text_pca256_lexical_w005
38039,62,minibatch_k64,text_pca256_lexical_w005
38040,15,minibatch_k64,text_pca256_lexical_w005
38041,30,minibatch_k64,text_pca256_lexical_w005
38042,45,minibatch_k64,text_pca256_lexical_w005
38043,17,minibatch_k64,text_pca256_lexical_w005
38044,33,minibatch_k64,text_pca256_lexical_w005
38045,33,minibatch_k64,text_pca256_lexical_w005
38046,33,minibatch_k64,text_pca256_lexical_w005
38047,30,minibatch_k64,text_pca256_lexical_w005
38048,8,minibatch_k64,text_pca256_lexical_w005
38049,8,minibatch_k64,text_pca256_lexical_w005
38050,8,minibatch_k64,text_pca256_lexical_w005
38051,8,minibatch_k64,text_pca256_lexical_w005
38052,8,minibatch_k64,text_pca256_lexical_w005
38053,39,minibatch_k64,text_pca256_lexical_w005
38054,62,minibatch_k64,text_pca256_lexical_w005
38055,10,minibatch_k64,text_pca256_lexical_w005
38056,0,minibatch_k64,text_pca256_lexical_w005
38057,45,minibatch_k64,text_pca256_lexical_w005
38058,45,minibatch_k64,text_pca256_lexical_w005
38059,0,minibatch_k64,text_pca256_lexical_w005
38060,8,minibatch_k64,text_pca256_lexical_w005
38061,56,minibatch_k64,text_pca256_lexical_w005
38062,56,minibatch_k64,text_pca256_lexical_w005
38063,62,minibatch_k64,text_pca256_lexical_w005
38064,10,minibatch_k64,text_pca256_lexical_w005
38065,8,minibatch_k64,text_pca256_lexical_w005
38066,39,minibatch_k64,text_pca256_lexical_w005
38067,8,minibatch_k64,text_pca256_lexical_w005
38068,39,minibatch_k64,text_pca256_lexical_w005
38069,0,minibatch_k64,text_pca256_lexical_w005
38070,42,minibatch_k64,text_pca256_lexical_w005
38071,8,minibatch_k64,text_pca256_lexical_w005
38072,10,minibatch_k64,text_pca256_lexical_w005
38073,62,minibatch_k64,text_pca256_lexical_w005
38074,8,minibatch_k64,text_pca256_lexical_w005
38075,8,minibatch_k64,text_pca256_lexical_w005
38076,8,minibatch_k64,text_pca256_lexical_w005
38077,8,minibatch_k64,text_pca256_lexical_w005
38078,62,minibatch_k64,text_pca256_lexical_w005
38079,33,minibatch_k64,text_pca256_lexical_w005
38080,33,minibatch_k64,text_pca256_lexical_w005
38081,33,minibatch_k64,text_pca256_lexical_w005
38082,8,minibatch_k64,text_pca256_lexical_w005
38083,8,minibatch_k64,text_pca256_lexical_w005
38084,0,minibatch_k64,text_pca256_lexical_w005
38085,10,minibatch_k64,text_pca256_lexical_w005
38086,8,minibatch_k64,text_pca256_lexical_w005
38087,8,minibatch_k64,text_pca256_lexical_w005
38088,8,minibatch_k64,text_pca256_lexical_w005
38089,10,minibatch_k64,text_pca256_lexical_w005
38090,10,minibatch_k64,text_pca256_lexical_w005
38091,39,minibatch_k64,text_pca256_lexical_w005
38092,15,minibatch_k64,text_pca256_lexical_w005
38093,62,minibatch_k64,text_pca256_lexical_w005
38094,10,minibatch_k64,text_pca256_lexical_w005
38095,8,minibatch_k64,text_pca256_lexical_w005
38096,59,minibatch_k64,text_pca256_lexical_w005
38097,42,minibatch_k64,text_pca256_lexical_w005
38098,33,minibatch_k64,text_pca256_lexical_w005
38099,33,minibatch_k64,text_pca256_lexical_w005
38100,23,minibatch_k64,text_pca256_lexical_w005
38101,62,minibatch_k64,text_pca256_lexical_w005
38102,39,minibatch_k64,text_pca256_lexical_w005
38103,39,minibatch_k64,text_pca256_lexical_w005
38104,21,minibatch_k64,text_pca256_lexical_w005
38105,10,minibatch_k64,text_pca256_lexical_w005
38106,8,minibatch_k64,text_pca256_lexical_w005
38107,62,minibatch_k64,text_pca256_lexical_w005
38108,10,minibatch_k64,text_pca256_lexical_w005
38109,8,minibatch_k64,text_pca256_lexical_w005
38110,15,minibatch_k64,text_pca256_lexical_w005
38111,0,minibatch_k64,text_pca256_lexical_w005
38112,62,minibatch_k64,text_pca256_lexical_w005
38113,0,minibatch_k64,text_pca256_lexical_w005
38114,62,minibatch_k64,text_pca256_lexical_w005
38115,59,minibatch_k64,text_pca256_lexical_w005
38116,33,minibatch_k64,text_pca256_lexical_w005
38117,33,minibatch_k64,text_pca256_lexical_w005
38118,8,minibatch_k64,text_pca256_lexical_w005
38119,8,minibatch_k64,text_pca256_lexical_w005
38120,10,minibatch_k64,text_pca256_lexical_w005
38121,0,minibatch_k64,text_pca256_lexical_w005
38122,62,minibatch_k64,text_pca256_lexical_w005
38123,10,minibatch_k64,text_pca256_lexical_w005
38124,0,minibatch_k64,text_pca256_lexical_w005
38125,8,minibatch_k64,text_pca256_lexical_w005
38126,8,minibatch_k64,text_pca256_lexical_w005
38127,62,minibatch_k64,text_pca256_lexical_w005
38128,8,minibatch_k64,text_pca256_lexical_w005
38129,62,minibatch_k64,text_pca256_lexical_w005
38130,33,minibatch_k64,text_pca256_lexical_w005
38131,62,minibatch_k64,text_pca256_lexical_w005
38132,15,minibatch_k64,text_pca256_lexical_w005
38133,45,minibatch_k64,text_pca256_lexical_w005
38134,10,minibatch_k64,text_pca256_lexical_w005
38135,62,minibatch_k64,text_pca256_lexical_w005
38136,8,minibatch_k64,text_pca256_lexical_w005
38137,59,minibatch_k64,text_pca256_lexical_w005
38138,8,minibatch_k64,text_pca256_lexical_w005
38139,0,minibatch_k64,text_pca256_lexical_w005
38140,39,minibatch_k64,text_pca256_lexical_w005
38141,10,minibatch_k64,text_pca256_lexical_w005
38142,8,minibatch_k64,text_pca256_lexical_w005
38143,8,minibatch_k64,text_pca256_lexical_w005
38144,8,minibatch_k64,text_pca256_lexical_w005
38145,62,minibatch_k64,text_pca256_lexical_w005
38146,0,minibatch_k64,text_pca256_lexical_w005
38147,0,minibatch_k64,text_pca256_lexical_w005
38148,0,minibatch_k64,text_pca256_lexical_w005
38149,10,minibatch_k64,text_pca256_lexical_w005
38150,21,minibatch_k64,text_pca256_lexical_w005
38151,10,minibatch_k64,text_pca256_lexical_w005
38152,8,minibatch_k64,text_pca256_lexical_w005
38153,33,minibatch_k64,text_pca256_lexical_w005
38154,8,minibatch_k64,text_pca256_lexical_w005
38155,10,minibatch_k64,text_pca256_lexical_w005
38156,59,minibatch_k64,text_pca256_lexical_w005
38157,10,minibatch_k64,text_pca256_lexical_w005
38158,8,minibatch_k64,text_pca256_lexical_w005
38159,45,minibatch_k64,text_pca256_lexical_w005
38160,62,minibatch_k64,text_pca256_lexical_w005
38161,23,minibatch_k64,text_pca256_lexical_w005
38162,45,minibatch_k64,text_pca256_lexical_w005
38163,62,minibatch_k64,text_pca256_lexical_w005
38164,59,minibatch_k64,text_pca256_lexical_w005
38165,10,minibatch_k64,text_pca256_lexical_w005
38166,59,minibatch_k64,text_pca256_lexical_w005
38167,59,minibatch_k64,text_pca256_lexical_w005
38168,62,minibatch_k64,text_pca256_lexical_w005
38169,8,minibatch_k64,text_pca256_lexical_w005
38170,21,minibatch_k64,text_pca256_lexical_w005
38171,15,minibatch_k64,text_pca256_lexical_w005
38172,10,minibatch_k64,text_pca256_lexical_w005
38173,59,minibatch_k64,text_pca256_lexical_w005
38174,62,minibatch_k64,text_pca256_lexical_w005
38175,59,minibatch_k64,text_pca256_lexical_w005
38176,8,minibatch_k64,text_pca256_lexical_w005
38177,39,minibatch_k64,text_pca256_lexical_w005
38178,62,minibatch_k64,text_pca256_lexical_w005
38179,59,minibatch_k64,text_pca256_lexical_w005
38180,23,minibatch_k64,text_pca256_lexical_w005
38181,10,minibatch_k64,text_pca256_lexical_w005
38182,62,minibatch_k64,text_pca256_lexical_w005
38183,8,minibatch_k64,text_pca256_lexical_w005
38184,8,minibatch_k64,text_pca256_lexical_w005
38185,0,minibatch_k64,text_pca256_lexical_w005
38186,8,minibatch_k64,text_pca256_lexical_w005
38187,10,minibatch_k64,text_pca256_lexical_w005
38188,62,minibatch_k64,text_pca256_lexical_w005
38189,8,minibatch_k64,text_pca256_lexical_w005
38190,62,minibatch_k64,text_pca256_lexical_w005
38191,10,minibatch_k64,text_pca256_lexical_w005
38192,10,minibatch_k64,text_pca256_lexical_w005
38193,8,minibatch_k64,text_pca256_lexical_w005
38194,10,minibatch_k64,text_pca256_lexical_w005
38195,62,minibatch_k64,text_pca256_lexical_w005
38196,8,minibatch_k64,text_pca256_lexical_w005
38197,53,minibatch_k64,text_pca256_lexical_w005
38198,8,minibatch_k64,text_pca256_lexical_w005
38199,6,minibatch_k64,text_pca256_lexical_w005
38200,0,minibatch_k64,text_pca256_lexical_w005
38201,45,minibatch_k64,text_pca256_lexical_w005
38202,8,minibatch_k64,text_pca256_lexical_w005
38203,15,minibatch_k64,text_pca256_lexical_w005
38204,45,minibatch_k64,text_pca256_lexical_w005
38205,62,minibatch_k64,text_pca256_lexical_w005
38206,59,minibatch_k64,text_pca256_lexical_w005
38207,10,minibatch_k64,text_pca256_lexical_w005
38208,0,minibatch_k64,text_pca256_lexical_w005
38209,0,minibatch_k64,text_pca256_lexical_w005
38210,10,minibatch_k64,text_pca256_lexical_w005
38211,10,minibatch_k64,text_pca256_lexical_w005
38212,10,minibatch_k64,text_pca256_lexical_w005
38213,33,minibatch_k64,text_pca256_lexical_w005
38214,62,minibatch_k64,text_pca256_lexical_w005
38215,33,minibatch_k64,text_pca256_lexical_w005
38216,23,minibatch_k64,text_pca256_lexical_w005
38217,0,minibatch_k64,text_pca256_lexical_w005
38218,53,minibatch_k64,text_pca256_lexical_w005
38219,15,minibatch_k64,text_pca256_lexical_w005
38220,62,minibatch_k64,text_pca256_lexical_w005
38221,62,minibatch_k64,text_pca256_lexical_w005
38222,8,minibatch_k64,text_pca256_lexical_w005
38223,8,minibatch_k64,text_pca256_lexical_w005
38224,10,minibatch_k64,text_pca256_lexical_w005
38225,8,minibatch_k64,text_pca256_lexical_w005
38226,23,minibatch_k64,text_pca256_lexical_w005
38227,8,minibatch_k64,text_pca256_lexical_w005
38228,10,minibatch_k64,text_pca256_lexical_w005
38229,45,minibatch_k64,text_pca256_lexical_w005
38230,62,minibatch_k64,text_pca256_lexical_w005
38231,39,minibatch_k64,text_pca256_lexical_w005
38232,21,minibatch_k64,text_pca256_lexical_w005
38233,10,minibatch_k64,text_pca256_lexical_w005
38234,2,minibatch_k64,text_pca256_lexical_w005
38235,2,minibatch_k64,text_pca256_lexical_w005
38236,8,minibatch_k64,text_pca256_lexical_w005
38237,62,minibatch_k64,text_pca256_lexical_w005
38238,62,minibatch_k64,text_pca256_lexical_w005
38239,62,minibatch_k64,text_pca256_lexical_w005
38240,23,minibatch_k64,text_pca256_lexical_w005
38241,23,minibatch_k64,text_pca256_lexical_w005
38242,23,minibatch_k64,text_pca256_lexical_w005
38243,5,minibatch_k64,text_pca256_lexical_w005
38244,0,minibatch_k64,text_pca256_lexical_w005
38245,62,minibatch_k64,text_pca256_lexical_w005
38246,38,minibatch_k64,text_pca256_lexical_w005
38247,23,minibatch_k64,text_pca256_lexical_w005
38248,55,minibatch_k64,text_pca256_lexical_w005
38249,15,minibatch_k64,text_pca256_lexical_w005
38250,42,minibatch_k64,text_pca256_lexical_w005
38251,15,minibatch_k64,text_pca256_lexical_w005
38252,23,minibatch_k64,text_pca256_lexical_w005
38253,21,minibatch_k64,text_pca256_lexical_w005
38254,0,minibatch_k64,text_pca256_lexical_w005
38255,0,minibatch_k64,text_pca256_lexical_w005
38256,5,minibatch_k64,text_pca256_lexical_w005
38257,38,minibatch_k64,text_pca256_lexical_w005
38258,23,minibatch_k64,text_pca256_lexical_w005
38259,55,minibatch_k64,text_pca256_lexical_w005
38260,62,minibatch_k64,text_pca256_lexical_w005
38261,0,minibatch_k64,text_pca256_lexical_w005
38262,62,minibatch_k64,text_pca256_lexical_w005
38263,23,minibatch_k64,text_pca256_lexical_w005
38264,0,minibatch_k64,text_pca256_lexical_w005
38265,15,minibatch_k64,text_pca256_lexical_w005
38266,15,minibatch_k64,text_pca256_lexical_w005
38267,21,minibatch_k64,text_pca256_lexical_w005
38268,5,minibatch_k64,text_pca256_lexical_w005
38269,23,minibatch_k64,text_pca256_lexical_w005
38270,38,minibatch_k64,text_pca256_lexical_w005
38271,15,minibatch_k64,text_pca256_lexical_w005
38272,23,minibatch_k64,text_pca256_lexical_w005
38273,23,minibatch_k64,text_pca256_lexical_w005
38274,21,minibatch_k64,text_pca256_lexical_w005
38275,4,minibatch_k64,text_pca256_lexical_w005
38276,15,minibatch_k64,text_pca256_lexical_w005
38277,62,minibatch_k64,text_pca256_lexical_w005
38278,0,minibatch_k64,text_pca256_lexical_w005
38279,62,minibatch_k64,text_pca256_lexical_w005
38280,15,minibatch_k64,text_pca256_lexical_w005
38281,38,minibatch_k64,text_pca256_lexical_w005
38282,23,minibatch_k64,text_pca256_lexical_w005
38283,23,minibatch_k64,text_pca256_lexical_w005
38284,15,minibatch_k64,text_pca256_lexical_w005
38285,8,minibatch_k64,text_pca256_lexical_w005
38286,0,minibatch_k64,text_pca256_lexical_w005
38287,0,minibatch_k64,text_pca256_lexical_w005
38288,23,minibatch_k64,text_pca256_lexical_w005
38289,0,minibatch_k64,text_pca256_lexical_w005
38290,50,minibatch_k64,text_pca256_lexical_w005
38291,15,minibatch_k64,text_pca256_lexical_w005
38292,62,minibatch_k64,text_pca256_lexical_w005
38293,0,minibatch_k64,text_pca256_lexical_w005
38294,23,minibatch_k64,text_pca256_lexical_w005
38295,15,minibatch_k64,text_pca256_lexical_w005
38296,23,minibatch_k64,text_pca256_lexical_w005
38297,8,minibatch_k64,text_pca256_lexical_w005
38298,8,minibatch_k64,text_pca256_lexical_w005
38299,38,minibatch_k64,text_pca256_lexical_w005
38300,58,minibatch_k64,text_pca256_lexical_w005
38301,23,minibatch_k64,text_pca256_lexical_w005
38302,4,minibatch_k64,text_pca256_lexical_w005
38303,23,minibatch_k64,text_pca256_lexical_w005
38304,45,minibatch_k64,text_pca256_lexical_w005
38305,8,minibatch_k64,text_pca256_lexical_w005
38306,61,minibatch_k64,text_pca256_lexical_w005
38307,21,minibatch_k64,text_pca256_lexical_w005
38308,10,minibatch_k64,text_pca256_lexical_w005
38309,23,minibatch_k64,text_pca256_lexical_w005
38310,40,minibatch_k64,text_pca256_lexical_w005
38311,40,minibatch_k64,text_pca256_lexical_w005
38312,23,minibatch_k64,text_pca256_lexical_w005
38313,23,minibatch_k64,text_pca256_lexical_w005
38314,12,minibatch_k64,text_pca256_lexical_w005
38315,23,minibatch_k64,text_pca256_lexical_w005
38316,33,minibatch_k64,text_pca256_lexical_w005
38317,62,minibatch_k64,text_pca256_lexical_w005
38318,23,minibatch_k64,text_pca256_lexical_w005
38319,40,minibatch_k64,text_pca256_lexical_w005
38320,8,minibatch_k64,text_pca256_lexical_w005
38321,23,minibatch_k64,text_pca256_lexical_w005
38322,12,minibatch_k64,text_pca256_lexical_w005
38323,23,minibatch_k64,text_pca256_lexical_w005
38324,12,minibatch_k64,text_pca256_lexical_w005
38325,40,minibatch_k64,text_pca256_lexical_w005
38326,12,minibatch_k64,text_pca256_lexical_w005
38327,12,minibatch_k64,text_pca256_lexical_w005
38328,40,minibatch_k64,text_pca256_lexical_w005
38329,40,minibatch_k64,text_pca256_lexical_w005
38330,33,minibatch_k64,text_pca256_lexical_w005
38331,23,minibatch_k64,text_pca256_lexical_w005
38332,12,minibatch_k64,text_pca256_lexical_w005
38333,23,minibatch_k64,text_pca256_lexical_w005
38334,23,minibatch_k64,text_pca256_lexical_w005
38335,55,minibatch_k64,text_pca256_lexical_w005
38336,0,minibatch_k64,text_pca256_lexical_w005
38337,0,minibatch_k64,text_pca256_lexical_w005
38338,8,minibatch_k64,text_pca256_lexical_w005
38339,12,minibatch_k64,text_pca256_lexical_w005
38340,40,minibatch_k64,text_pca256_lexical_w005
38341,40,minibatch_k64,text_pca256_lexical_w005
38342,0,minibatch_k64,text_pca256_lexical_w005
38343,40,minibatch_k64,text_pca256_lexical_w005
38344,0,minibatch_k64,text_pca256_lexical_w005
38345,0,minibatch_k64,text_pca256_lexical_w005
38346,38,minibatch_k64,text_pca256_lexical_w005
38347,58,minibatch_k64,text_pca256_lexical_w005
38348,23,minibatch_k64,text_pca256_lexical_w005
38349,0,minibatch_k64,text_pca256_lexical_w005
38350,0,minibatch_k64,text_pca256_lexical_w005
38351,38,minibatch_k64,text_pca256_lexical_w005
38352,23,minibatch_k64,text_pca256_lexical_w005
38353,23,minibatch_k64,text_pca256_lexical_w005
38354,13,minibatch_k64,text_pca256_lexical_w005
38355,59,minibatch_k64,text_pca256_lexical_w005
38356,0,minibatch_k64,text_pca256_lexical_w005
38357,8,minibatch_k64,text_pca256_lexical_w005
38358,12,minibatch_k64,text_pca256_lexical_w005
38359,40,minibatch_k64,text_pca256_lexical_w005
38360,40,minibatch_k64,text_pca256_lexical_w005
38361,42,minibatch_k64,text_pca256_lexical_w005
38362,12,minibatch_k64,text_pca256_lexical_w005
38363,0,minibatch_k64,text_pca256_lexical_w005
38364,62,minibatch_k64,text_pca256_lexical_w005
38365,40,minibatch_k64,text_pca256_lexical_w005
38366,40,minibatch_k64,text_pca256_lexical_w005
38367,12,minibatch_k64,text_pca256_lexical_w005
38368,59,minibatch_k64,text_pca256_lexical_w005
38369,50,minibatch_k64,text_pca256_lexical_w005
38370,23,minibatch_k64,text_pca256_lexical_w005
38371,12,minibatch_k64,text_pca256_lexical_w005
38372,40,minibatch_k64,text_pca256_lexical_w005
38373,23,minibatch_k64,text_pca256_lexical_w005
38374,40,minibatch_k64,text_pca256_lexical_w005
38375,40,minibatch_k64,text_pca256_lexical_w005
38376,23,minibatch_k64,text_pca256_lexical_w005
38377,32,minibatch_k64,text_pca256_lexical_w005
38378,40,minibatch_k64,text_pca256_lexical_w005
38379,23,minibatch_k64,text_pca256_lexical_w005
38380,8,minibatch_k64,text_pca256_lexical_w005
38381,8,minibatch_k64,text_pca256_lexical_w005
38382,8,minibatch_k64,text_pca256_lexical_w005
38383,0,minibatch_k64,text_pca256_lexical_w005
38384,23,minibatch_k64,text_pca256_lexical_w005
38385,0,minibatch_k64,text_pca256_lexical_w005
38386,0,minibatch_k64,text_pca256_lexical_w005
38387,21,minibatch_k64,text_pca256_lexical_w005
38388,0,minibatch_k64,text_pca256_lexical_w005
38389,0,minibatch_k64,text_pca256_lexical_w005
38390,33,minibatch_k64,text_pca256_lexical_w005
38391,15,minibatch_k64,text_pca256_lexical_w005
38392,23,minibatch_k64,text_pca256_lexical_w005
38393,42,minibatch_k64,text_pca256_lexical_w005
38394,62,minibatch_k64,text_pca256_lexical_w005
38395,42,minibatch_k64,text_pca256_lexical_w005
38396,21,minibatch_k64,text_pca256_lexical_w005
38397,23,minibatch_k64,text_pca256_lexical_w005
38398,0,minibatch_k64,text_pca256_lexical_w005
38399,21,minibatch_k64,text_pca256_lexical_w005
38400,38,minibatch_k64,text_pca256_lexical_w005
38401,58,minibatch_k64,text_pca256_lexical_w005
38402,55,minibatch_k64,text_pca256_lexical_w005
38403,15,minibatch_k64,text_pca256_lexical_w005
38404,45,minibatch_k64,text_pca256_lexical_w005
38405,58,minibatch_k64,text_pca256_lexical_w005
38406,55,minibatch_k64,text_pca256_lexical_w005
38407,15,minibatch_k64,text_pca256_lexical_w005
38408,38,minibatch_k64,text_pca256_lexical_w005
38409,62,minibatch_k64,text_pca256_lexical_w005
38410,23,minibatch_k64,text_pca256_lexical_w005
38411,21,minibatch_k64,text_pca256_lexical_w005
38412,16,minibatch_k64,text_pca256_lexical_w005
38413,23,minibatch_k64,text_pca256_lexical_w005
38414,59,minibatch_k64,text_pca256_lexical_w005
38415,62,minibatch_k64,text_pca256_lexical_w005
38416,23,minibatch_k64,text_pca256_lexical_w005
38417,10,minibatch_k64,text_pca256_lexical_w005
38418,8,minibatch_k64,text_pca256_lexical_w005
38419,32,minibatch_k64,text_pca256_lexical_w005
38420,10,minibatch_k64,text_pca256_lexical_w005
38421,59,minibatch_k64,text_pca256_lexical_w005
38422,32,minibatch_k64,text_pca256_lexical_w005
38423,62,minibatch_k64,text_pca256_lexical_w005
38424,23,minibatch_k64,text_pca256_lexical_w005
38425,23,minibatch_k64,text_pca256_lexical_w005
38426,62,minibatch_k64,text_pca256_lexical_w005
38427,11,minibatch_k64,text_pca256_lexical_w005
38428,11,minibatch_k64,text_pca256_lexical_w005
38429,15,minibatch_k64,text_pca256_lexical_w005
38430,38,minibatch_k64,text_pca256_lexical_w005
38431,55,minibatch_k64,text_pca256_lexical_w005
38432,15,minibatch_k64,text_pca256_lexical_w005
38433,32,minibatch_k64,text_pca256_lexical_w005
38434,18,minibatch_k64,text_pca256_lexical_w005
38435,12,minibatch_k64,text_pca256_lexical_w005
38436,59,minibatch_k64,text_pca256_lexical_w005
38437,39,minibatch_k64,text_pca256_lexical_w005
38438,53,minibatch_k64,text_pca256_lexical_w005
38439,0,minibatch_k64,text_pca256_lexical_w005
38440,23,minibatch_k64,text_pca256_lexical_w005
38441,45,minibatch_k64,text_pca256_lexical_w005
38442,55,minibatch_k64,text_pca256_lexical_w005
38443,10,minibatch_k64,text_pca256_lexical_w005
38444,42,minibatch_k64,text_pca256_lexical_w005
38445,10,minibatch_k64,text_pca256_lexical_w005
38446,32,minibatch_k64,text_pca256_lexical_w005
38447,18,minibatch_k64,text_pca256_lexical_w005
38448,18,minibatch_k64,text_pca256_lexical_w005
38449,23,minibatch_k64,text_pca256_lexical_w005
38450,62,minibatch_k64,text_pca256_lexical_w005
38451,32,minibatch_k64,text_pca256_lexical_w005
38452,45,minibatch_k64,text_pca256_lexical_w005
38453,23,minibatch_k64,text_pca256_lexical_w005
38454,18,minibatch_k64,text_pca256_lexical_w005
38455,57,minibatch_k64,text_pca256_lexical_w005
38456,11,minibatch_k64,text_pca256_lexical_w005
38457,57,minibatch_k64,text_pca256_lexical_w005
38458,21,minibatch_k64,text_pca256_lexical_w005
38459,8,minibatch_k64,text_pca256_lexical_w005
38460,23,minibatch_k64,text_pca256_lexical_w005
38461,2,minibatch_k64,text_pca256_lexical_w005
38462,0,minibatch_k64,text_pca256_lexical_w005
38463,10,minibatch_k64,text_pca256_lexical_w005
38464,23,minibatch_k64,text_pca256_lexical_w005
38465,0,minibatch_k64,text_pca256_lexical_w005
38466,23,minibatch_k64,text_pca256_lexical_w005
38467,50,minibatch_k64,text_pca256_lexical_w005
38468,20,minibatch_k64,text_pca256_lexical_w005
38469,23,minibatch_k64,text_pca256_lexical_w005
38470,38,minibatch_k64,text_pca256_lexical_w005
38471,45,minibatch_k64,text_pca256_lexical_w005
38472,55,minibatch_k64,text_pca256_lexical_w005
38473,37,minibatch_k64,text_pca256_lexical_w005
38474,0,minibatch_k64,text_pca256_lexical_w005
38475,23,minibatch_k64,text_pca256_lexical_w005
38476,39,minibatch_k64,text_pca256_lexical_w005
38477,0,minibatch_k64,text_pca256_lexical_w005
38478,8,minibatch_k64,text_pca256_lexical_w005
38479,20,minibatch_k64,text_pca256_lexical_w005
38480,20,minibatch_k64,text_pca256_lexical_w005
38481,0,minibatch_k64,text_pca256_lexical_w005
38482,0,minibatch_k64,text_pca256_lexical_w005
38483,18,minibatch_k64,text_pca256_lexical_w005
38484,42,minibatch_k64,text_pca256_lexical_w005
38485,10,minibatch_k64,text_pca256_lexical_w005
38486,39,minibatch_k64,text_pca256_lexical_w005
38487,21,minibatch_k64,text_pca256_lexical_w005
38488,23,minibatch_k64,text_pca256_lexical_w005
38489,0,minibatch_k64,text_pca256_lexical_w005
38490,47,minibatch_k64,text_pca256_lexical_w005
38491,47,minibatch_k64,text_pca256_lexical_w005
38492,8,minibatch_k64,text_pca256_lexical_w005
38493,0,minibatch_k64,text_pca256_lexical_w005
38494,38,minibatch_k64,text_pca256_lexical_w005
38495,45,minibatch_k64,text_pca256_lexical_w005
38496,55,minibatch_k64,text_pca256_lexical_w005
38497,60,minibatch_k64,text_pca256_lexical_w005
38498,45,minibatch_k64,text_pca256_lexical_w005
38499,48,minibatch_k64,text_pca256_lexical_w005
38500,18,minibatch_k64,text_pca256_lexical_w005
38501,45,minibatch_k64,text_pca256_lexical_w005
38502,10,minibatch_k64,text_pca256_lexical_w005
38503,62,minibatch_k64,text_pca256_lexical_w005
38504,45,minibatch_k64,text_pca256_lexical_w005
38505,62,minibatch_k64,text_pca256_lexical_w005
38506,27,minibatch_k64,text_pca256_lexical_w005
38507,23,minibatch_k64,text_pca256_lexical_w005
38508,38,minibatch_k64,text_pca256_lexical_w005
38509,12,minibatch_k64,text_pca256_lexical_w005
38510,45,minibatch_k64,text_pca256_lexical_w005
38511,55,minibatch_k64,text_pca256_lexical_w005
38512,60,minibatch_k64,text_pca256_lexical_w005
38513,23,minibatch_k64,text_pca256_lexical_w005
38514,59,minibatch_k64,text_pca256_lexical_w005
38515,45,minibatch_k64,text_pca256_lexical_w005
38516,23,minibatch_k64,text_pca256_lexical_w005
38517,21,minibatch_k64,text_pca256_lexical_w005
38518,23,minibatch_k64,text_pca256_lexical_w005
38519,0,minibatch_k64,text_pca256_lexical_w005
38520,39,minibatch_k64,text_pca256_lexical_w005
38521,0,minibatch_k64,text_pca256_lexical_w005
38522,45,minibatch_k64,text_pca256_lexical_w005
38523,0,minibatch_k64,text_pca256_lexical_w005
38524,33,minibatch_k64,text_pca256_lexical_w005
38525,27,minibatch_k64,text_pca256_lexical_w005
38526,45,minibatch_k64,text_pca256_lexical_w005
38527,38,minibatch_k64,text_pca256_lexical_w005
38528,45,minibatch_k64,text_pca256_lexical_w005
38529,60,minibatch_k64,text_pca256_lexical_w005
38530,45,minibatch_k64,text_pca256_lexical_w005
38531,30,minibatch_k64,text_pca256_lexical_w005
38532,17,minibatch_k64,text_pca256_lexical_w005
38533,45,minibatch_k64,text_pca256_lexical_w005
38534,45,minibatch_k64,text_pca256_lexical_w005
38535,30,minibatch_k64,text_pca256_lexical_w005
38536,30,minibatch_k64,text_pca256_lexical_w005
38537,17,minibatch_k64,text_pca256_lexical_w005
38538,30,minibatch_k64,text_pca256_lexical_w005
38539,17,minibatch_k64,text_pca256_lexical_w005
38540,30,minibatch_k64,text_pca256_lexical_w005
38541,30,minibatch_k64,text_pca256_lexical_w005
38542,18,minibatch_k64,text_pca256_lexical_w005
38543,0,minibatch_k64,text_pca256_lexical_w005
38544,8,minibatch_k64,text_pca256_lexical_w005
38545,0,minibatch_k64,text_pca256_lexical_w005
38546,8,minibatch_k64,text_pca256_lexical_w005
38547,62,minibatch_k64,text_pca256_lexical_w005
38548,0,minibatch_k64,text_pca256_lexical_w005
38549,62,minibatch_k64,text_pca256_lexical_w005
38550,8,minibatch_k64,text_pca256_lexical_w005
38551,18,minibatch_k64,text_pca256_lexical_w005
38552,0,minibatch_k64,text_pca256_lexical_w005
38553,18,minibatch_k64,text_pca256_lexical_w005
38554,18,minibatch_k64,text_pca256_lexical_w005
38555,0,minibatch_k64,text_pca256_lexical_w005
38556,62,minibatch_k64,text_pca256_lexical_w005
38557,0,minibatch_k64,text_pca256_lexical_w005
38558,18,minibatch_k64,text_pca256_lexical_w005
38559,23,minibatch_k64,text_pca256_lexical_w005
38560,33,minibatch_k64,text_pca256_lexical_w005
38561,18,minibatch_k64,text_pca256_lexical_w005
38562,18,minibatch_k64,text_pca256_lexical_w005
38563,0,minibatch_k64,text_pca256_lexical_w005
38564,5,minibatch_k64,text_pca256_lexical_w005
38565,18,minibatch_k64,text_pca256_lexical_w005
38566,10,minibatch_k64,text_pca256_lexical_w005
38567,0,minibatch_k64,text_pca256_lexical_w005
38568,15,minibatch_k64,text_pca256_lexical_w005
38569,39,minibatch_k64,text_pca256_lexical_w005
38570,18,minibatch_k64,text_pca256_lexical_w005
38571,10,minibatch_k64,text_pca256_lexical_w005
38572,18,minibatch_k64,text_pca256_lexical_w005
38573,0,minibatch_k64,text_pca256_lexical_w005
38574,62,minibatch_k64,text_pca256_lexical_w005
38575,0,minibatch_k64,text_pca256_lexical_w005
38576,62,minibatch_k64,text_pca256_lexical_w005
38577,8,minibatch_k64,text_pca256_lexical_w005
38578,18,minibatch_k64,text_pca256_lexical_w005
38579,18,minibatch_k64,text_pca256_lexical_w005
38580,45,minibatch_k64,text_pca256_lexical_w005
38581,18,minibatch_k64,text_pca256_lexical_w005
38582,23,minibatch_k64,text_pca256_lexical_w005
38583,8,minibatch_k64,text_pca256_lexical_w005
38584,18,minibatch_k64,text_pca256_lexical_w005
38585,18,minibatch_k64,text_pca256_lexical_w005
38586,62,minibatch_k64,text_pca256_lexical_w005
38587,62,minibatch_k64,text_pca256_lexical_w005
38588,0,minibatch_k64,text_pca256_lexical_w005
38589,27,minibatch_k64,text_pca256_lexical_w005
38590,0,minibatch_k64,text_pca256_lexical_w005
38591,18,minibatch_k64,text_pca256_lexical_w005
38592,8,minibatch_k64,text_pca256_lexical_w005
38593,17,minibatch_k64,text_pca256_lexical_w005
38594,15,minibatch_k64,text_pca256_lexical_w005
38595,17,minibatch_k64,text_pca256_lexical_w005
38596,30,minibatch_k64,text_pca256_lexical_w005
38597,17,minibatch_k64,text_pca256_lexical_w005
38598,23,minibatch_k64,text_pca256_lexical_w005
38599,0,minibatch_k64,text_pca256_lexical_w005
38600,0,minibatch_k64,text_pca256_lexical_w005
38601,53,minibatch_k64,text_pca256_lexical_w005
38602,62,minibatch_k64,text_pca256_lexical_w005
38603,2,minibatch_k64,text_pca256_lexical_w005
38604,18,minibatch_k64,text_pca256_lexical_w005
38605,18,minibatch_k64,text_pca256_lexical_w005
38606,18,minibatch_k64,text_pca256_lexical_w005
38607,18,minibatch_k64,text_pca256_lexical_w005
38608,18,minibatch_k64,text_pca256_lexical_w005
38609,18,minibatch_k64,text_pca256_lexical_w005
38610,62,minibatch_k64,text_pca256_lexical_w005
38611,15,minibatch_k64,text_pca256_lexical_w005
38612,18,minibatch_k64,text_pca256_lexical_w005
38613,18,minibatch_k64,text_pca256_lexical_w005
38614,18,minibatch_k64,text_pca256_lexical_w005
38615,18,minibatch_k64,text_pca256_lexical_w005
38616,18,minibatch_k64,text_pca256_lexical_w005
38617,18,minibatch_k64,text_pca256_lexical_w005
38618,18,minibatch_k64,text_pca256_lexical_w005
38619,23,minibatch_k64,text_pca256_lexical_w005
38620,15,minibatch_k64,text_pca256_lexical_w005
38621,8,minibatch_k64,text_pca256_lexical_w005
38622,45,minibatch_k64,text_pca256_lexical_w005
38623,33,minibatch_k64,text_pca256_lexical_w005
38624,0,minibatch_k64,text_pca256_lexical_w005
38625,45,minibatch_k64,text_pca256_lexical_w005
38626,23,minibatch_k64,text_pca256_lexical_w005
38627,2,minibatch_k64,text_pca256_lexical_w005
38628,34,minibatch_k64,text_pca256_lexical_w005
38629,15,minibatch_k64,text_pca256_lexical_w005
38630,62,minibatch_k64,text_pca256_lexical_w005
38631,8,minibatch_k64,text_pca256_lexical_w005
38632,0,minibatch_k64,text_pca256_lexical_w005
38633,23,minibatch_k64,text_pca256_lexical_w005
38634,8,minibatch_k64,text_pca256_lexical_w005
38635,0,minibatch_k64,text_pca256_lexical_w005
38636,53,minibatch_k64,text_pca256_lexical_w005
38637,59,minibatch_k64,text_pca256_lexical_w005
38638,62,minibatch_k64,text_pca256_lexical_w005
38639,59,minibatch_k64,text_pca256_lexical_w005
38640,8,minibatch_k64,text_pca256_lexical_w005
38641,45,minibatch_k64,text_pca256_lexical_w005
38642,0,minibatch_k64,text_pca256_lexical_w005
38643,10,minibatch_k64,text_pca256_lexical_w005
38644,23,minibatch_k64,text_pca256_lexical_w005
38645,21,minibatch_k64,text_pca256_lexical_w005
38646,2,minibatch_k64,text_pca256_lexical_w005
38647,15,minibatch_k64,text_pca256_lexical_w005
38648,23,minibatch_k64,text_pca256_lexical_w005
38649,0,minibatch_k64,text_pca256_lexical_w005
38650,8,minibatch_k64,text_pca256_lexical_w005
38651,2,minibatch_k64,text_pca256_lexical_w005
38652,0,minibatch_k64,text_pca256_lexical_w005
38653,59,minibatch_k64,text_pca256_lexical_w005
38654,59,minibatch_k64,text_pca256_lexical_w005
38655,59,minibatch_k64,text_pca256_lexical_w005
38656,2,minibatch_k64,text_pca256_lexical_w005
38657,0,minibatch_k64,text_pca256_lexical_w005
38658,2,minibatch_k64,text_pca256_lexical_w005
38659,23,minibatch_k64,text_pca256_lexical_w005
38660,2,minibatch_k64,text_pca256_lexical_w005
38661,59,minibatch_k64,text_pca256_lexical_w005
38662,59,minibatch_k64,text_pca256_lexical_w005
38663,56,minibatch_k64,text_pca256_lexical_w005
38664,0,minibatch_k64,text_pca256_lexical_w005
38665,59,minibatch_k64,text_pca256_lexical_w005
38666,45,minibatch_k64,text_pca256_lexical_w005
38667,27,minibatch_k64,text_pca256_lexical_w005
38668,30,minibatch_k64,text_pca256_lexical_w005
38669,17,minibatch_k64,text_pca256_lexical_w005
38670,30,minibatch_k64,text_pca256_lexical_w005
38671,30,minibatch_k64,text_pca256_lexical_w005
38672,30,minibatch_k64,text_pca256_lexical_w005
38673,62,minibatch_k64,text_pca256_lexical_w005
38674,7,minibatch_k64,text_pca256_lexical_w005
38675,34,minibatch_k64,text_pca256_lexical_w005
38676,34,minibatch_k64,text_pca256_lexical_w005
38677,34,minibatch_k64,text_pca256_lexical_w005
38678,34,minibatch_k64,text_pca256_lexical_w005
38679,6,minibatch_k64,text_pca256_lexical_w005
38680,34,minibatch_k64,text_pca256_lexical_w005
38681,7,minibatch_k64,text_pca256_lexical_w005
38682,6,minibatch_k64,text_pca256_lexical_w005
38683,6,minibatch_k64,text_pca256_lexical_w005
38684,6,minibatch_k64,text_pca256_lexical_w005
38685,6,minibatch_k64,text_pca256_lexical_w005
38686,2,minibatch_k64,text_pca256_lexical_w005
38687,42,minibatch_k64,text_pca256_lexical_w005
38688,42,minibatch_k64,text_pca256_lexical_w005
38689,14,minibatch_k64,text_pca256_lexical_w005
38690,42,minibatch_k64,text_pca256_lexical_w005
38691,0,minibatch_k64,text_pca256_lexical_w005
38692,42,minibatch_k64,text_pca256_lexical_w005
38693,42,minibatch_k64,text_pca256_lexical_w005
38694,8,minibatch_k64,text_pca256_lexical_w005
38695,56,minibatch_k64,text_pca256_lexical_w005
38696,18,minibatch_k64,text_pca256_lexical_w005
38697,15,minibatch_k64,text_pca256_lexical_w005
38698,8,minibatch_k64,text_pca256_lexical_w005
38699,42,minibatch_k64,text_pca256_lexical_w005
38700,10,minibatch_k64,text_pca256_lexical_w005
38701,14,minibatch_k64,text_pca256_lexical_w005
38702,0,minibatch_k64,text_pca256_lexical_w005
38703,61,minibatch_k64,text_pca256_lexical_w005
38704,5,minibatch_k64,text_pca256_lexical_w005
38705,14,minibatch_k64,text_pca256_lexical_w005
38706,21,minibatch_k64,text_pca256_lexical_w005
38707,53,minibatch_k64,text_pca256_lexical_w005
38708,0,minibatch_k64,text_pca256_lexical_w005
38709,42,minibatch_k64,text_pca256_lexical_w005
38710,0,minibatch_k64,text_pca256_lexical_w005
38711,62,minibatch_k64,text_pca256_lexical_w005
38712,8,minibatch_k64,text_pca256_lexical_w005
38713,8,minibatch_k64,text_pca256_lexical_w005
38714,8,minibatch_k64,text_pca256_lexical_w005
38715,23,minibatch_k64,text_pca256_lexical_w005
38716,0,minibatch_k64,text_pca256_lexical_w005
38717,50,minibatch_k64,text_pca256_lexical_w005
38718,8,minibatch_k64,text_pca256_lexical_w005
38719,62,minibatch_k64,text_pca256_lexical_w005
38720,8,minibatch_k64,text_pca256_lexical_w005
38721,14,minibatch_k64,text_pca256_lexical_w005
38722,61,minibatch_k64,text_pca256_lexical_w005
38723,62,minibatch_k64,text_pca256_lexical_w005
38724,12,minibatch_k64,text_pca256_lexical_w005
38725,0,minibatch_k64,text_pca256_lexical_w005
38726,21,minibatch_k64,text_pca256_lexical_w005
38727,10,minibatch_k64,text_pca256_lexical_w005
38728,8,minibatch_k64,text_pca256_lexical_w005
38729,42,minibatch_k64,text_pca256_lexical_w005
38730,0,minibatch_k64,text_pca256_lexical_w005
38731,50,minibatch_k64,text_pca256_lexical_w005
38732,18,minibatch_k64,text_pca256_lexical_w005
38733,62,minibatch_k64,text_pca256_lexical_w005
38734,40,minibatch_k64,text_pca256_lexical_w005
38735,40,minibatch_k64,text_pca256_lexical_w005
38736,8,minibatch_k64,text_pca256_lexical_w005
38737,42,minibatch_k64,text_pca256_lexical_w005
38738,42,minibatch_k64,text_pca256_lexical_w005
38739,42,minibatch_k64,text_pca256_lexical_w005
38740,42,minibatch_k64,text_pca256_lexical_w005
38741,42,minibatch_k64,text_pca256_lexical_w005
38742,25,minibatch_k64,text_pca256_lexical_w005
38743,23,minibatch_k64,text_pca256_lexical_w005
38744,42,minibatch_k64,text_pca256_lexical_w005
38745,23,minibatch_k64,text_pca256_lexical_w005
38746,8,minibatch_k64,text_pca256_lexical_w005
38747,3,minibatch_k64,text_pca256_lexical_w005
38748,8,minibatch_k64,text_pca256_lexical_w005
38749,23,minibatch_k64,text_pca256_lexical_w005
38750,62,minibatch_k64,text_pca256_lexical_w005
38751,50,minibatch_k64,text_pca256_lexical_w005
38752,42,minibatch_k64,text_pca256_lexical_w005
38753,25,minibatch_k64,text_pca256_lexical_w005
38754,23,minibatch_k64,text_pca256_lexical_w005
38755,8,minibatch_k64,text_pca256_lexical_w005
38756,23,minibatch_k64,text_pca256_lexical_w005
38757,23,minibatch_k64,text_pca256_lexical_w005
38758,25,minibatch_k64,text_pca256_lexical_w005
38759,50,minibatch_k64,text_pca256_lexical_w005
38760,8,minibatch_k64,text_pca256_lexical_w005
38761,23,minibatch_k64,text_pca256_lexical_w005
38762,33,minibatch_k64,text_pca256_lexical_w005
38763,42,minibatch_k64,text_pca256_lexical_w005
38764,25,minibatch_k64,text_pca256_lexical_w005
38765,46,minibatch_k64,text_pca256_lexical_w005
38766,2,minibatch_k64,text_pca256_lexical_w005
38767,23,minibatch_k64,text_pca256_lexical_w005
38768,8,minibatch_k64,text_pca256_lexical_w005
38769,42,minibatch_k64,text_pca256_lexical_w005
38770,25,minibatch_k64,text_pca256_lexical_w005
38771,8,minibatch_k64,text_pca256_lexical_w005
38772,23,minibatch_k64,text_pca256_lexical_w005
38773,42,minibatch_k64,text_pca256_lexical_w005
38774,25,minibatch_k64,text_pca256_lexical_w005
38775,8,minibatch_k64,text_pca256_lexical_w005
38776,23,minibatch_k64,text_pca256_lexical_w005
38777,10,minibatch_k64,text_pca256_lexical_w005
38778,8,minibatch_k64,text_pca256_lexical_w005
38779,23,minibatch_k64,text_pca256_lexical_w005
38780,42,minibatch_k64,text_pca256_lexical_w005
38781,42,minibatch_k64,text_pca256_lexical_w005
38782,25,minibatch_k64,text_pca256_lexical_w005
38783,8,minibatch_k64,text_pca256_lexical_w005
38784,33,minibatch_k64,text_pca256_lexical_w005
38785,23,minibatch_k64,text_pca256_lexical_w005
38786,21,minibatch_k64,text_pca256_lexical_w005
38787,10,minibatch_k64,text_pca256_lexical_w005
38788,8,minibatch_k64,text_pca256_lexical_w005
38789,50,minibatch_k64,text_pca256_lexical_w005
38790,42,minibatch_k64,text_pca256_lexical_w005
38791,42,minibatch_k64,text_pca256_lexical_w005
38792,25,minibatch_k64,text_pca256_lexical_w005
38793,23,minibatch_k64,text_pca256_lexical_w005
38794,42,minibatch_k64,text_pca256_lexical_w005
38795,33,minibatch_k64,text_pca256_lexical_w005
38796,42,minibatch_k64,text_pca256_lexical_w005
38797,25,minibatch_k64,text_pca256_lexical_w005
38798,42,minibatch_k64,text_pca256_lexical_w005
38799,42,minibatch_k64,text_pca256_lexical_w005
38800,23,minibatch_k64,text_pca256_lexical_w005
38801,42,minibatch_k64,text_pca256_lexical_w005
38802,50,minibatch_k64,text_pca256_lexical_w005
38803,8,minibatch_k64,text_pca256_lexical_w005
38804,42,minibatch_k64,text_pca256_lexical_w005
38805,25,minibatch_k64,text_pca256_lexical_w005
38806,42,minibatch_k64,text_pca256_lexical_w005
38807,42,minibatch_k64,text_pca256_lexical_w005
38808,25,minibatch_k64,text_pca256_lexical_w005
38809,42,minibatch_k64,text_pca256_lexical_w005
38810,42,minibatch_k64,text_pca256_lexical_w005
38811,21,minibatch_k64,text_pca256_lexical_w005
38812,42,minibatch_k64,text_pca256_lexical_w005
38813,0,minibatch_k64,text_pca256_lexical_w005
38814,42,minibatch_k64,text_pca256_lexical_w005
38815,8,minibatch_k64,text_pca256_lexical_w005
38816,25,minibatch_k64,text_pca256_lexical_w005
38817,5,minibatch_k64,text_pca256_lexical_w005
38818,0,minibatch_k64,text_pca256_lexical_w005
38819,15,minibatch_k64,text_pca256_lexical_w005
38820,42,minibatch_k64,text_pca256_lexical_w005
38821,25,minibatch_k64,text_pca256_lexical_w005
38822,42,minibatch_k64,text_pca256_lexical_w005
38823,42,minibatch_k64,text_pca256_lexical_w005
38824,42,minibatch_k64,text_pca256_lexical_w005
38825,21,minibatch_k64,text_pca256_lexical_w005
38826,25,minibatch_k64,text_pca256_lexical_w005
38827,3,minibatch_k64,text_pca256_lexical_w005
38828,42,minibatch_k64,text_pca256_lexical_w005
38829,39,minibatch_k64,text_pca256_lexical_w005
38830,10,minibatch_k64,text_pca256_lexical_w005
38831,3,minibatch_k64,text_pca256_lexical_w005
38832,25,minibatch_k64,text_pca256_lexical_w005
38833,42,minibatch_k64,text_pca256_lexical_w005
38834,25,minibatch_k64,text_pca256_lexical_w005
38835,25,minibatch_k64,text_pca256_lexical_w005
38836,42,minibatch_k64,text_pca256_lexical_w005
38837,42,minibatch_k64,text_pca256_lexical_w005
38838,8,minibatch_k64,text_pca256_lexical_w005
38839,56,minibatch_k64,text_pca256_lexical_w005
38840,25,minibatch_k64,text_pca256_lexical_w005
38841,42,minibatch_k64,text_pca256_lexical_w005
38842,10,minibatch_k64,text_pca256_lexical_w005
38843,33,minibatch_k64,text_pca256_lexical_w005
38844,25,minibatch_k64,text_pca256_lexical_w005
38845,33,minibatch_k64,text_pca256_lexical_w005
38846,8,minibatch_k64,text_pca256_lexical_w005
38847,15,minibatch_k64,text_pca256_lexical_w005
38848,0,minibatch_k64,text_pca256_lexical_w005
38849,62,minibatch_k64,text_pca256_lexical_w005
38850,25,minibatch_k64,text_pca256_lexical_w005
38851,42,minibatch_k64,text_pca256_lexical_w005
38852,8,minibatch_k64,text_pca256_lexical_w005
38853,42,minibatch_k64,text_pca256_lexical_w005
38854,56,minibatch_k64,text_pca256_lexical_w005
38855,25,minibatch_k64,text_pca256_lexical_w005
38856,21,minibatch_k64,text_pca256_lexical_w005
38857,25,minibatch_k64,text_pca256_lexical_w005
38858,42,minibatch_k64,text_pca256_lexical_w005
38859,25,minibatch_k64,text_pca256_lexical_w005
38860,21,minibatch_k64,text_pca256_lexical_w005
38861,42,minibatch_k64,text_pca256_lexical_w005
38862,25,minibatch_k64,text_pca256_lexical_w005
38863,42,minibatch_k64,text_pca256_lexical_w005
38864,33,minibatch_k64,text_pca256_lexical_w005
38865,25,minibatch_k64,text_pca256_lexical_w005
38866,42,minibatch_k64,text_pca256_lexical_w005
38867,15,minibatch_k64,text_pca256_lexical_w005
38868,42,minibatch_k64,text_pca256_lexical_w005
38869,25,minibatch_k64,text_pca256_lexical_w005
38870,25,minibatch_k64,text_pca256_lexical_w005
38871,25,minibatch_k64,text_pca256_lexical_w005
38872,25,minibatch_k64,text_pca256_lexical_w005
38873,42,minibatch_k64,text_pca256_lexical_w005
38874,25,minibatch_k64,text_pca256_lexical_w005
38875,25,minibatch_k64,text_pca256_lexical_w005
38876,33,minibatch_k64,text_pca256_lexical_w005
38877,25,minibatch_k64,text_pca256_lexical_w005
38878,25,minibatch_k64,text_pca256_lexical_w005
38879,42,minibatch_k64,text_pca256_lexical_w005
38880,42,minibatch_k64,text_pca256_lexical_w005
38881,25,minibatch_k64,text_pca256_lexical_w005
38882,25,minibatch_k64,text_pca256_lexical_w005
38883,42,minibatch_k64,text_pca256_lexical_w005
38884,10,minibatch_k64,text_pca256_lexical_w005
38885,62,minibatch_k64,text_pca256_lexical_w005
38886,8,minibatch_k64,text_pca256_lexical_w005
38887,8,minibatch_k64,text_pca256_lexical_w005
38888,42,minibatch_k64,text_pca256_lexical_w005
38889,33,minibatch_k64,text_pca256_lexical_w005
38890,62,minibatch_k64,text_pca256_lexical_w005
38891,0,minibatch_k64,text_pca256_lexical_w005
38892,21,minibatch_k64,text_pca256_lexical_w005
38893,0,minibatch_k64,text_pca256_lexical_w005
38894,21,minibatch_k64,text_pca256_lexical_w005
38895,21,minibatch_k64,text_pca256_lexical_w005
38896,21,minibatch_k64,text_pca256_lexical_w005
38897,21,minibatch_k64,text_pca256_lexical_w005
38898,21,minibatch_k64,text_pca256_lexical_w005
38899,0,minibatch_k64,text_pca256_lexical_w005
38900,21,minibatch_k64,text_pca256_lexical_w005
38901,21,minibatch_k64,text_pca256_lexical_w005
38902,21,minibatch_k64,text_pca256_lexical_w005
38903,0,minibatch_k64,text_pca256_lexical_w005
38904,15,minibatch_k64,text_pca256_lexical_w005
38905,23,minibatch_k64,text_pca256_lexical_w005
38906,5,minibatch_k64,text_pca256_lexical_w005
38907,45,minibatch_k64,text_pca256_lexical_w005
38908,0,minibatch_k64,text_pca256_lexical_w005
38909,15,minibatch_k64,text_pca256_lexical_w005
38910,23,minibatch_k64,text_pca256_lexical_w005
38911,23,minibatch_k64,text_pca256_lexical_w005
38912,0,minibatch_k64,text_pca256_lexical_w005
38913,8,minibatch_k64,text_pca256_lexical_w005
38914,21,minibatch_k64,text_pca256_lexical_w005
38915,21,minibatch_k64,text_pca256_lexical_w005
38916,0,minibatch_k64,text_pca256_lexical_w005
38917,21,minibatch_k64,text_pca256_lexical_w005
38918,2,minibatch_k64,text_pca256_lexical_w005
38919,21,minibatch_k64,text_pca256_lexical_w005
38920,0,minibatch_k64,text_pca256_lexical_w005
38921,21,minibatch_k64,text_pca256_lexical_w005
38922,21,minibatch_k64,text_pca256_lexical_w005
38923,2,minibatch_k64,text_pca256_lexical_w005
38924,21,minibatch_k64,text_pca256_lexical_w005
38925,21,minibatch_k64,text_pca256_lexical_w005
38926,0,minibatch_k64,text_pca256_lexical_w005
38927,62,minibatch_k64,text_pca256_lexical_w005
38928,21,minibatch_k64,text_pca256_lexical_w005
38929,2,minibatch_k64,text_pca256_lexical_w005
38930,0,minibatch_k64,text_pca256_lexical_w005
38931,62,minibatch_k64,text_pca256_lexical_w005
38932,21,minibatch_k64,text_pca256_lexical_w005
38933,21,minibatch_k64,text_pca256_lexical_w005
38934,21,minibatch_k64,text_pca256_lexical_w005
38935,62,minibatch_k64,text_pca256_lexical_w005
38936,0,minibatch_k64,text_pca256_lexical_w005
38937,0,minibatch_k64,text_pca256_lexical_w005
38938,0,minibatch_k64,text_pca256_lexical_w005
38939,21,minibatch_k64,text_pca256_lexical_w005
38940,21,minibatch_k64,text_pca256_lexical_w005
38941,21,minibatch_k64,text_pca256_lexical_w005
38942,0,minibatch_k64,text_pca256_lexical_w005
38943,0,minibatch_k64,text_pca256_lexical_w005
38944,21,minibatch_k64,text_pca256_lexical_w005
38945,0,minibatch_k64,text_pca256_lexical_w005
38946,21,minibatch_k64,text_pca256_lexical_w005
38947,62,minibatch_k64,text_pca256_lexical_w005
38948,21,minibatch_k64,text_pca256_lexical_w005
38949,0,minibatch_k64,text_pca256_lexical_w005
38950,0,minibatch_k64,text_pca256_lexical_w005
38951,21,minibatch_k64,text_pca256_lexical_w005
38952,21,minibatch_k64,text_pca256_lexical_w005
38953,0,minibatch_k64,text_pca256_lexical_w005
38954,0,minibatch_k64,text_pca256_lexical_w005
38955,21,minibatch_k64,text_pca256_lexical_w005
38956,0,minibatch_k64,text_pca256_lexical_w005
38957,21,minibatch_k64,text_pca256_lexical_w005
38958,0,minibatch_k64,text_pca256_lexical_w005
38959,21,minibatch_k64,text_pca256_lexical_w005
38960,21,minibatch_k64,text_pca256_lexical_w005
38961,21,minibatch_k64,text_pca256_lexical_w005
38962,0,minibatch_k64,text_pca256_lexical_w005
38963,21,minibatch_k64,text_pca256_lexical_w005
38964,0,minibatch_k64,text_pca256_lexical_w005
38965,21,minibatch_k64,text_pca256_lexical_w005
38966,21,minibatch_k64,text_pca256_lexical_w005
38967,23,minibatch_k64,text_pca256_lexical_w005
38968,21,minibatch_k64,text_pca256_lexical_w005
38969,21,minibatch_k64,text_pca256_lexical_w005
38970,21,minibatch_k64,text_pca256_lexical_w005
38971,21,minibatch_k64,text_pca256_lexical_w005
38972,0,minibatch_k64,text_pca256_lexical_w005
38973,0,minibatch_k64,text_pca256_lexical_w005
38974,0,minibatch_k64,text_pca256_lexical_w005
38975,0,minibatch_k64,text_pca256_lexical_w005
38976,0,minibatch_k64,text_pca256_lexical_w005
38977,21,minibatch_k64,text_pca256_lexical_w005
38978,0,minibatch_k64,text_pca256_lexical_w005
38979,21,minibatch_k64,text_pca256_lexical_w005
38980,0,minibatch_k64,text_pca256_lexical_w005
38981,0,minibatch_k64,text_pca256_lexical_w005
38982,21,minibatch_k64,text_pca256_lexical_w005
38983,21,minibatch_k64,text_pca256_lexical_w005
38984,0,minibatch_k64,text_pca256_lexical_w005
38985,21,minibatch_k64,text_pca256_lexical_w005
38986,0,minibatch_k64,text_pca256_lexical_w005
38987,0,minibatch_k64,text_pca256_lexical_w005
38988,21,minibatch_k64,text_pca256_lexical_w005
38989,56,minibatch_k64,text_pca256_lexical_w005
38990,0,minibatch_k64,text_pca256_lexical_w005
38991,21,minibatch_k64,text_pca256_lexical_w005
38992,0,minibatch_k64,text_pca256_lexical_w005
38993,21,minibatch_k64,text_pca256_lexical_w005
38994,33,minibatch_k64,text_pca256_lexical_w005
38995,21,minibatch_k64,text_pca256_lexical_w005
38996,21,minibatch_k64,text_pca256_lexical_w005
38997,21,minibatch_k64,text_pca256_lexical_w005
38998,21,minibatch_k64,text_pca256_lexical_w005
38999,21,minibatch_k64,text_pca256_lexical_w005
39000,21,minibatch_k64,text_pca256_lexical_w005
39001,21,minibatch_k64,text_pca256_lexical_w005
39002,21,minibatch_k64,text_pca256_lexical_w005
39003,21,minibatch_k64,text_pca256_lexical_w005
39004,8,minibatch_k64,text_pca256_lexical_w005
39005,8,minibatch_k64,text_pca256_lexical_w005
39006,62,minibatch_k64,text_pca256_lexical_w005
39007,8,minibatch_k64,text_pca256_lexical_w005
39008,8,minibatch_k64,text_pca256_lexical_w005
39009,21,minibatch_k64,text_pca256_lexical_w005
39010,21,minibatch_k64,text_pca256_lexical_w005
39011,21,minibatch_k64,text_pca256_lexical_w005
39012,2,minibatch_k64,text_pca256_lexical_w005
39013,21,minibatch_k64,text_pca256_lexical_w005
39014,21,minibatch_k64,text_pca256_lexical_w005
39015,21,minibatch_k64,text_pca256_lexical_w005
39016,21,minibatch_k64,text_pca256_lexical_w005
39017,21,minibatch_k64,text_pca256_lexical_w005
39018,21,minibatch_k64,text_pca256_lexical_w005
39019,21,minibatch_k64,text_pca256_lexical_w005
39020,62,minibatch_k64,text_pca256_lexical_w005
39021,21,minibatch_k64,text_pca256_lexical_w005
39022,23,minibatch_k64,text_pca256_lexical_w005
39023,62,minibatch_k64,text_pca256_lexical_w005
39024,21,minibatch_k64,text_pca256_lexical_w005
39025,21,minibatch_k64,text_pca256_lexical_w005
39026,21,minibatch_k64,text_pca256_lexical_w005
39027,21,minibatch_k64,text_pca256_lexical_w005
39028,62,minibatch_k64,text_pca256_lexical_w005
39029,21,minibatch_k64,text_pca256_lexical_w005
39030,21,minibatch_k64,text_pca256_lexical_w005
39031,21,minibatch_k64,text_pca256_lexical_w005
39032,21,minibatch_k64,text_pca256_lexical_w005
39033,21,minibatch_k64,text_pca256_lexical_w005
39034,21,minibatch_k64,text_pca256_lexical_w005
39035,21,minibatch_k64,text_pca256_lexical_w005
39036,62,minibatch_k64,text_pca256_lexical_w005
39037,21,minibatch_k64,text_pca256_lexical_w005
39038,21,minibatch_k64,text_pca256_lexical_w005
39039,42,minibatch_k64,text_pca256_lexical_w005
39040,21,minibatch_k64,text_pca256_lexical_w005
39041,0,minibatch_k64,text_pca256_lexical_w005
39042,21,minibatch_k64,text_pca256_lexical_w005
39043,21,minibatch_k64,text_pca256_lexical_w005
39044,23,minibatch_k64,text_pca256_lexical_w005
39045,0,minibatch_k64,text_pca256_lexical_w005
39046,21,minibatch_k64,text_pca256_lexical_w005
39047,0,minibatch_k64,text_pca256_lexical_w005
39048,21,minibatch_k64,text_pca256_lexical_w005
39049,21,minibatch_k64,text_pca256_lexical_w005
39050,0,minibatch_k64,text_pca256_lexical_w005
39051,21,minibatch_k64,text_pca256_lexical_w005
39052,21,minibatch_k64,text_pca256_lexical_w005
39053,21,minibatch_k64,text_pca256_lexical_w005
39054,0,minibatch_k64,text_pca256_lexical_w005
39055,21,minibatch_k64,text_pca256_lexical_w005
39056,62,minibatch_k64,text_pca256_lexical_w005
39057,21,minibatch_k64,text_pca256_lexical_w005
39058,62,minibatch_k64,text_pca256_lexical_w005
39059,8,minibatch_k64,text_pca256_lexical_w005
39060,42,minibatch_k64,text_pca256_lexical_w005
39061,0,minibatch_k64,text_pca256_lexical_w005
39062,62,minibatch_k64,text_pca256_lexical_w005
39063,0,minibatch_k64,text_pca256_lexical_w005
39064,21,minibatch_k64,text_pca256_lexical_w005
39065,21,minibatch_k64,text_pca256_lexical_w005
39066,21,minibatch_k64,text_pca256_lexical_w005
39067,21,minibatch_k64,text_pca256_lexical_w005
39068,4,minibatch_k64,text_pca256_lexical_w005
39069,21,minibatch_k64,text_pca256_lexical_w005
39070,21,minibatch_k64,text_pca256_lexical_w005
39071,21,minibatch_k64,text_pca256_lexical_w005
39072,21,minibatch_k64,text_pca256_lexical_w005
39073,0,minibatch_k64,text_pca256_lexical_w005
39074,0,minibatch_k64,text_pca256_lexical_w005
39075,0,minibatch_k64,text_pca256_lexical_w005
39076,21,minibatch_k64,text_pca256_lexical_w005
39077,21,minibatch_k64,text_pca256_lexical_w005
39078,0,minibatch_k64,text_pca256_lexical_w005
39079,0,minibatch_k64,text_pca256_lexical_w005
39080,0,minibatch_k64,text_pca256_lexical_w005
39081,0,minibatch_k64,text_pca256_lexical_w005
39082,21,minibatch_k64,text_pca256_lexical_w005
39083,21,minibatch_k64,text_pca256_lexical_w005
39084,21,minibatch_k64,text_pca256_lexical_w005
39085,0,minibatch_k64,text_pca256_lexical_w005
39086,21,minibatch_k64,text_pca256_lexical_w005
39087,0,minibatch_k64,text_pca256_lexical_w005
39088,21,minibatch_k64,text_pca256_lexical_w005
39089,42,minibatch_k64,text_pca256_lexical_w005
39090,21,minibatch_k64,text_pca256_lexical_w005
39091,21,minibatch_k64,text_pca256_lexical_w005
39092,42,minibatch_k64,text_pca256_lexical_w005
39093,21,minibatch_k64,text_pca256_lexical_w005
39094,21,minibatch_k64,text_pca256_lexical_w005
39095,42,minibatch_k64,text_pca256_lexical_w005
39096,21,minibatch_k64,text_pca256_lexical_w005
39097,21,minibatch_k64,text_pca256_lexical_w005
39098,21,minibatch_k64,text_pca256_lexical_w005
39099,21,minibatch_k64,text_pca256_lexical_w005
39100,21,minibatch_k64,text_pca256_lexical_w005
39101,21,minibatch_k64,text_pca256_lexical_w005
39102,21,minibatch_k64,text_pca256_lexical_w005
39103,21,minibatch_k64,text_pca256_lexical_w005
39104,21,minibatch_k64,text_pca256_lexical_w005
39105,21,minibatch_k64,text_pca256_lexical_w005
39106,21,minibatch_k64,text_pca256_lexical_w005
39107,21,minibatch_k64,text_pca256_lexical_w005
39108,21,minibatch_k64,text_pca256_lexical_w005
39109,21,minibatch_k64,text_pca256_lexical_w005
39110,21,minibatch_k64,text_pca256_lexical_w005
39111,21,minibatch_k64,text_pca256_lexical_w005
39112,0,minibatch_k64,text_pca256_lexical_w005
39113,21,minibatch_k64,text_pca256_lexical_w005
39114,21,minibatch_k64,text_pca256_lexical_w005
39115,4,minibatch_k64,text_pca256_lexical_w005
39116,21,minibatch_k64,text_pca256_lexical_w005
39117,0,minibatch_k64,text_pca256_lexical_w005
39118,62,minibatch_k64,text_pca256_lexical_w005
39119,62,minibatch_k64,text_pca256_lexical_w005
39120,0,minibatch_k64,text_pca256_lexical_w005
39121,21,minibatch_k64,text_pca256_lexical_w005
39122,21,minibatch_k64,text_pca256_lexical_w005
39123,21,minibatch_k64,text_pca256_lexical_w005
39124,8,minibatch_k64,text_pca256_lexical_w005
39125,4,minibatch_k64,text_pca256_lexical_w005
39126,21,minibatch_k64,text_pca256_lexical_w005
39127,21,minibatch_k64,text_pca256_lexical_w005
39128,21,minibatch_k64,text_pca256_lexical_w005
39129,21,minibatch_k64,text_pca256_lexical_w005
39130,21,minibatch_k64,text_pca256_lexical_w005
39131,21,minibatch_k64,text_pca256_lexical_w005
39132,8,minibatch_k64,text_pca256_lexical_w005
39133,21,minibatch_k64,text_pca256_lexical_w005
39134,21,minibatch_k64,text_pca256_lexical_w005
39135,21,minibatch_k64,text_pca256_lexical_w005
39136,21,minibatch_k64,text_pca256_lexical_w005
39137,0,minibatch_k64,text_pca256_lexical_w005
39138,21,minibatch_k64,text_pca256_lexical_w005
39139,21,minibatch_k64,text_pca256_lexical_w005
39140,21,minibatch_k64,text_pca256_lexical_w005
39141,0,minibatch_k64,text_pca256_lexical_w005
39142,0,minibatch_k64,text_pca256_lexical_w005
39143,21,minibatch_k64,text_pca256_lexical_w005
39144,21,minibatch_k64,text_pca256_lexical_w005
39145,21,minibatch_k64,text_pca256_lexical_w005
39146,21,minibatch_k64,text_pca256_lexical_w005
39147,0,minibatch_k64,text_pca256_lexical_w005
39148,21,minibatch_k64,text_pca256_lexical_w005
39149,21,minibatch_k64,text_pca256_lexical_w005
39150,21,minibatch_k64,text_pca256_lexical_w005
39151,21,minibatch_k64,text_pca256_lexical_w005
39152,21,minibatch_k64,text_pca256_lexical_w005
39153,21,minibatch_k64,text_pca256_lexical_w005
39154,21,minibatch_k64,text_pca256_lexical_w005
39155,21,minibatch_k64,text_pca256_lexical_w005
39156,21,minibatch_k64,text_pca256_lexical_w005
39157,21,minibatch_k64,text_pca256_lexical_w005
39158,21,minibatch_k64,text_pca256_lexical_w005
39159,21,minibatch_k64,text_pca256_lexical_w005
39160,21,minibatch_k64,text_pca256_lexical_w005
39161,21,minibatch_k64,text_pca256_lexical_w005
39162,21,minibatch_k64,text_pca256_lexical_w005
39163,21,minibatch_k64,text_pca256_lexical_w005
39164,21,minibatch_k64,text_pca256_lexical_w005
39165,21,minibatch_k64,text_pca256_lexical_w005
39166,21,minibatch_k64,text_pca256_lexical_w005
39167,21,minibatch_k64,text_pca256_lexical_w005
39168,21,minibatch_k64,text_pca256_lexical_w005
39169,21,minibatch_k64,text_pca256_lexical_w005
39170,62,minibatch_k64,text_pca256_lexical_w005
39171,21,minibatch_k64,text_pca256_lexical_w005
39172,62,minibatch_k64,text_pca256_lexical_w005
39173,2,minibatch_k64,text_pca256_lexical_w005
39174,21,minibatch_k64,text_pca256_lexical_w005
39175,0,minibatch_k64,text_pca256_lexical_w005
39176,0,minibatch_k64,text_pca256_lexical_w005
39177,21,minibatch_k64,text_pca256_lexical_w005
39178,21,minibatch_k64,text_pca256_lexical_w005
39179,8,minibatch_k64,text_pca256_lexical_w005
39180,21,minibatch_k64,text_pca256_lexical_w005
39181,21,minibatch_k64,text_pca256_lexical_w005
39182,21,minibatch_k64,text_pca256_lexical_w005
39183,21,minibatch_k64,text_pca256_lexical_w005
39184,8,minibatch_k64,text_pca256_lexical_w005
39185,21,minibatch_k64,text_pca256_lexical_w005
39186,0,minibatch_k64,text_pca256_lexical_w005
39187,62,minibatch_k64,text_pca256_lexical_w005
39188,21,minibatch_k64,text_pca256_lexical_w005
39189,62,minibatch_k64,text_pca256_lexical_w005
39190,2,minibatch_k64,text_pca256_lexical_w005
39191,62,minibatch_k64,text_pca256_lexical_w005
39192,21,minibatch_k64,text_pca256_lexical_w005
39193,10,minibatch_k64,text_pca256_lexical_w005
39194,21,minibatch_k64,text_pca256_lexical_w005
39195,0,minibatch_k64,text_pca256_lexical_w005
39196,0,minibatch_k64,text_pca256_lexical_w005
39197,0,minibatch_k64,text_pca256_lexical_w005
39198,8,minibatch_k64,text_pca256_lexical_w005
39199,2,minibatch_k64,text_pca256_lexical_w005
39200,10,minibatch_k64,text_pca256_lexical_w005
39201,21,minibatch_k64,text_pca256_lexical_w005
39202,0,minibatch_k64,text_pca256_lexical_w005
39203,21,minibatch_k64,text_pca256_lexical_w005
39204,8,minibatch_k64,text_pca256_lexical_w005
39205,21,minibatch_k64,text_pca256_lexical_w005
39206,21,minibatch_k64,text_pca256_lexical_w005
39207,21,minibatch_k64,text_pca256_lexical_w005
39208,21,minibatch_k64,text_pca256_lexical_w005
39209,0,minibatch_k64,text_pca256_lexical_w005
39210,21,minibatch_k64,text_pca256_lexical_w005
39211,21,minibatch_k64,text_pca256_lexical_w005
39212,39,minibatch_k64,text_pca256_lexical_w005
39213,21,minibatch_k64,text_pca256_lexical_w005
39214,21,minibatch_k64,text_pca256_lexical_w005
39215,21,minibatch_k64,text_pca256_lexical_w005
39216,39,minibatch_k64,text_pca256_lexical_w005
39217,0,minibatch_k64,text_pca256_lexical_w005
39218,2,minibatch_k64,text_pca256_lexical_w005
39219,0,minibatch_k64,text_pca256_lexical_w005
39220,21,minibatch_k64,text_pca256_lexical_w005
39221,21,minibatch_k64,text_pca256_lexical_w005
39222,0,minibatch_k64,text_pca256_lexical_w005
39223,0,minibatch_k64,text_pca256_lexical_w005
39224,15,minibatch_k64,text_pca256_lexical_w005
39225,0,minibatch_k64,text_pca256_lexical_w005
39226,0,minibatch_k64,text_pca256_lexical_w005
39227,42,minibatch_k64,text_pca256_lexical_w005
39228,62,minibatch_k64,text_pca256_lexical_w005
39229,15,minibatch_k64,text_pca256_lexical_w005
39230,33,minibatch_k64,text_pca256_lexical_w005
39231,62,minibatch_k64,text_pca256_lexical_w005
39232,0,minibatch_k64,text_pca256_lexical_w005
39233,62,minibatch_k64,text_pca256_lexical_w005
39234,0,minibatch_k64,text_pca256_lexical_w005
39235,0,minibatch_k64,text_pca256_lexical_w005
39236,62,minibatch_k64,text_pca256_lexical_w005
39237,15,minibatch_k64,text_pca256_lexical_w005
39238,15,minibatch_k64,text_pca256_lexical_w005
39239,50,minibatch_k64,text_pca256_lexical_w005
39240,8,minibatch_k64,text_pca256_lexical_w005
39241,0,minibatch_k64,text_pca256_lexical_w005
39242,21,minibatch_k64,text_pca256_lexical_w005
39243,21,minibatch_k64,text_pca256_lexical_w005
39244,21,minibatch_k64,text_pca256_lexical_w005
39245,15,minibatch_k64,text_pca256_lexical_w005
39246,21,minibatch_k64,text_pca256_lexical_w005
39247,62,minibatch_k64,text_pca256_lexical_w005
39248,0,minibatch_k64,text_pca256_lexical_w005
39249,0,minibatch_k64,text_pca256_lexical_w005
39250,0,minibatch_k64,text_pca256_lexical_w005
39251,45,minibatch_k64,text_pca256_lexical_w005
39252,23,minibatch_k64,text_pca256_lexical_w005
39253,0,minibatch_k64,text_pca256_lexical_w005
39254,21,minibatch_k64,text_pca256_lexical_w005
39255,0,minibatch_k64,text_pca256_lexical_w005
39256,45,minibatch_k64,text_pca256_lexical_w005
39257,0,minibatch_k64,text_pca256_lexical_w005
39258,21,minibatch_k64,text_pca256_lexical_w005
39259,0,minibatch_k64,text_pca256_lexical_w005
39260,0,minibatch_k64,text_pca256_lexical_w005
39261,21,minibatch_k64,text_pca256_lexical_w005
39262,21,minibatch_k64,text_pca256_lexical_w005
39263,0,minibatch_k64,text_pca256_lexical_w005
39264,0,minibatch_k64,text_pca256_lexical_w005
39265,21,minibatch_k64,text_pca256_lexical_w005
39266,0,minibatch_k64,text_pca256_lexical_w005
39267,50,minibatch_k64,text_pca256_lexical_w005
39268,21,minibatch_k64,text_pca256_lexical_w005
39269,5,minibatch_k64,text_pca256_lexical_w005
39270,0,minibatch_k64,text_pca256_lexical_w005
39271,0,minibatch_k64,text_pca256_lexical_w005
39272,0,minibatch_k64,text_pca256_lexical_w005
39273,0,minibatch_k64,text_pca256_lexical_w005
39274,0,minibatch_k64,text_pca256_lexical_w005
39275,0,minibatch_k64,text_pca256_lexical_w005
39276,0,minibatch_k64,text_pca256_lexical_w005
39277,23,minibatch_k64,text_pca256_lexical_w005
39278,55,minibatch_k64,text_pca256_lexical_w005
39279,0,minibatch_k64,text_pca256_lexical_w005
39280,0,minibatch_k64,text_pca256_lexical_w005
39281,15,minibatch_k64,text_pca256_lexical_w005
39282,0,minibatch_k64,text_pca256_lexical_w005
39283,0,minibatch_k64,text_pca256_lexical_w005
39284,21,minibatch_k64,text_pca256_lexical_w005
39285,62,minibatch_k64,text_pca256_lexical_w005
39286,21,minibatch_k64,text_pca256_lexical_w005
39287,21,minibatch_k64,text_pca256_lexical_w005
39288,0,minibatch_k64,text_pca256_lexical_w005
39289,21,minibatch_k64,text_pca256_lexical_w005
39290,0,minibatch_k64,text_pca256_lexical_w005
39291,0,minibatch_k64,text_pca256_lexical_w005
39292,21,minibatch_k64,text_pca256_lexical_w005
39293,21,minibatch_k64,text_pca256_lexical_w005
39294,21,minibatch_k64,text_pca256_lexical_w005
39295,21,minibatch_k64,text_pca256_lexical_w005
39296,8,minibatch_k64,text_pca256_lexical_w005
39297,21,minibatch_k64,text_pca256_lexical_w005
39298,15,minibatch_k64,text_pca256_lexical_w005
39299,23,minibatch_k64,text_pca256_lexical_w005
39300,21,minibatch_k64,text_pca256_lexical_w005
39301,0,minibatch_k64,text_pca256_lexical_w005
39302,0,minibatch_k64,text_pca256_lexical_w005
39303,21,minibatch_k64,text_pca256_lexical_w005
39304,21,minibatch_k64,text_pca256_lexical_w005
39305,0,minibatch_k64,text_pca256_lexical_w005
39306,21,minibatch_k64,text_pca256_lexical_w005
39307,21,minibatch_k64,text_pca256_lexical_w005
39308,0,minibatch_k64,text_pca256_lexical_w005
39309,0,minibatch_k64,text_pca256_lexical_w005
39310,23,minibatch_k64,text_pca256_lexical_w005
39311,0,minibatch_k64,text_pca256_lexical_w005
39312,21,minibatch_k64,text_pca256_lexical_w005
39313,0,minibatch_k64,text_pca256_lexical_w005
39314,21,minibatch_k64,text_pca256_lexical_w005
39315,21,minibatch_k64,text_pca256_lexical_w005
39316,15,minibatch_k64,text_pca256_lexical_w005
39317,21,minibatch_k64,text_pca256_lexical_w005
39318,0,minibatch_k64,text_pca256_lexical_w005
39319,21,minibatch_k64,text_pca256_lexical_w005
39320,0,minibatch_k64,text_pca256_lexical_w005
39321,0,minibatch_k64,text_pca256_lexical_w005
39322,21,minibatch_k64,text_pca256_lexical_w005
39323,8,minibatch_k64,text_pca256_lexical_w005
39324,0,minibatch_k64,text_pca256_lexical_w005
39325,0,minibatch_k64,text_pca256_lexical_w005
39326,21,minibatch_k64,text_pca256_lexical_w005
39327,21,minibatch_k64,text_pca256_lexical_w005
39328,0,minibatch_k64,text_pca256_lexical_w005
39329,21,minibatch_k64,text_pca256_lexical_w005
39330,0,minibatch_k64,text_pca256_lexical_w005
39331,21,minibatch_k64,text_pca256_lexical_w005
39332,8,minibatch_k64,text_pca256_lexical_w005
39333,0,minibatch_k64,text_pca256_lexical_w005
39334,21,minibatch_k64,text_pca256_lexical_w005
39335,0,minibatch_k64,text_pca256_lexical_w005
39336,15,minibatch_k64,text_pca256_lexical_w005
39337,0,minibatch_k64,text_pca256_lexical_w005
39338,0,minibatch_k64,text_pca256_lexical_w005
39339,21,minibatch_k64,text_pca256_lexical_w005
39340,0,minibatch_k64,text_pca256_lexical_w005
39341,0,minibatch_k64,text_pca256_lexical_w005
39342,0,minibatch_k64,text_pca256_lexical_w005
39343,21,minibatch_k64,text_pca256_lexical_w005
39344,0,minibatch_k64,text_pca256_lexical_w005
39345,0,minibatch_k64,text_pca256_lexical_w005
39346,21,minibatch_k64,text_pca256_lexical_w005
39347,62,minibatch_k64,text_pca256_lexical_w005
39348,10,minibatch_k64,text_pca256_lexical_w005
39349,0,minibatch_k64,text_pca256_lexical_w005
39350,15,minibatch_k64,text_pca256_lexical_w005
39351,0,minibatch_k64,text_pca256_lexical_w005
39352,0,minibatch_k64,text_pca256_lexical_w005
39353,21,minibatch_k64,text_pca256_lexical_w005
39354,0,minibatch_k64,text_pca256_lexical_w005
39355,8,minibatch_k64,text_pca256_lexical_w005
39356,0,minibatch_k64,text_pca256_lexical_w005
39357,0,minibatch_k64,text_pca256_lexical_w005
39358,0,minibatch_k64,text_pca256_lexical_w005
39359,0,minibatch_k64,text_pca256_lexical_w005
39360,21,minibatch_k64,text_pca256_lexical_w005
39361,0,minibatch_k64,text_pca256_lexical_w005
39362,0,minibatch_k64,text_pca256_lexical_w005
39363,62,minibatch_k64,text_pca256_lexical_w005
39364,8,minibatch_k64,text_pca256_lexical_w005
39365,15,minibatch_k64,text_pca256_lexical_w005
39366,0,minibatch_k64,text_pca256_lexical_w005
39367,50,minibatch_k64,text_pca256_lexical_w005
39368,0,minibatch_k64,text_pca256_lexical_w005
39369,0,minibatch_k64,text_pca256_lexical_w005
39370,21,minibatch_k64,text_pca256_lexical_w005
39371,45,minibatch_k64,text_pca256_lexical_w005
39372,45,minibatch_k64,text_pca256_lexical_w005
39373,45,minibatch_k64,text_pca256_lexical_w005
39374,21,minibatch_k64,text_pca256_lexical_w005
39375,21,minibatch_k64,text_pca256_lexical_w005
39376,0,minibatch_k64,text_pca256_lexical_w005
39377,21,minibatch_k64,text_pca256_lexical_w005
39378,0,minibatch_k64,text_pca256_lexical_w005
39379,23,minibatch_k64,text_pca256_lexical_w005
39380,0,minibatch_k64,text_pca256_lexical_w005
39381,0,minibatch_k64,text_pca256_lexical_w005
39382,0,minibatch_k64,text_pca256_lexical_w005
39383,0,minibatch_k64,text_pca256_lexical_w005
39384,0,minibatch_k64,text_pca256_lexical_w005
39385,21,minibatch_k64,text_pca256_lexical_w005
39386,62,minibatch_k64,text_pca256_lexical_w005
39387,0,minibatch_k64,text_pca256_lexical_w005
39388,33,minibatch_k64,text_pca256_lexical_w005
39389,0,minibatch_k64,text_pca256_lexical_w005
39390,33,minibatch_k64,text_pca256_lexical_w005
39391,0,minibatch_k64,text_pca256_lexical_w005
39392,0,minibatch_k64,text_pca256_lexical_w005
39393,62,minibatch_k64,text_pca256_lexical_w005
39394,21,minibatch_k64,text_pca256_lexical_w005
39395,21,minibatch_k64,text_pca256_lexical_w005
39396,21,minibatch_k64,text_pca256_lexical_w005
39397,21,minibatch_k64,text_pca256_lexical_w005
39398,62,minibatch_k64,text_pca256_lexical_w005
39399,45,minibatch_k64,text_pca256_lexical_w005
39400,33,minibatch_k64,text_pca256_lexical_w005
39401,21,minibatch_k64,text_pca256_lexical_w005
39402,21,minibatch_k64,text_pca256_lexical_w005
39403,0,minibatch_k64,text_pca256_lexical_w005
39404,45,minibatch_k64,text_pca256_lexical_w005
39405,15,minibatch_k64,text_pca256_lexical_w005
39406,21,minibatch_k64,text_pca256_lexical_w005
39407,21,minibatch_k64,text_pca256_lexical_w005
39408,0,minibatch_k64,text_pca256_lexical_w005
39409,39,minibatch_k64,text_pca256_lexical_w005
39410,33,minibatch_k64,text_pca256_lexical_w005
39411,62,minibatch_k64,text_pca256_lexical_w005
39412,21,minibatch_k64,text_pca256_lexical_w005
39413,21,minibatch_k64,text_pca256_lexical_w005
39414,0,minibatch_k64,text_pca256_lexical_w005
39415,62,minibatch_k64,text_pca256_lexical_w005
39416,21,minibatch_k64,text_pca256_lexical_w005
39417,21,minibatch_k64,text_pca256_lexical_w005
39418,21,minibatch_k64,text_pca256_lexical_w005
39419,21,minibatch_k64,text_pca256_lexical_w005
39420,0,minibatch_k64,text_pca256_lexical_w005
39421,23,minibatch_k64,text_pca256_lexical_w005
39422,21,minibatch_k64,text_pca256_lexical_w005
39423,15,minibatch_k64,text_pca256_lexical_w005
39424,33,minibatch_k64,text_pca256_lexical_w005
39425,0,minibatch_k64,text_pca256_lexical_w005
39426,62,minibatch_k64,text_pca256_lexical_w005
39427,42,minibatch_k64,text_pca256_lexical_w005
39428,0,minibatch_k64,text_pca256_lexical_w005
39429,0,minibatch_k64,text_pca256_lexical_w005
39430,62,minibatch_k64,text_pca256_lexical_w005
39431,0,minibatch_k64,text_pca256_lexical_w005
39432,15,minibatch_k64,text_pca256_lexical_w005
39433,45,minibatch_k64,text_pca256_lexical_w005
39434,45,minibatch_k64,text_pca256_lexical_w005
39435,21,minibatch_k64,text_pca256_lexical_w005
39436,62,minibatch_k64,text_pca256_lexical_w005
39437,33,minibatch_k64,text_pca256_lexical_w005
39438,33,minibatch_k64,text_pca256_lexical_w005
39439,21,minibatch_k64,text_pca256_lexical_w005
39440,0,minibatch_k64,text_pca256_lexical_w005
39441,15,minibatch_k64,text_pca256_lexical_w005
39442,21,minibatch_k64,text_pca256_lexical_w005
39443,21,minibatch_k64,text_pca256_lexical_w005
39444,21,minibatch_k64,text_pca256_lexical_w005
39445,0,minibatch_k64,text_pca256_lexical_w005
39446,0,minibatch_k64,text_pca256_lexical_w005
39447,21,minibatch_k64,text_pca256_lexical_w005
39448,62,minibatch_k64,text_pca256_lexical_w005
39449,8,minibatch_k64,text_pca256_lexical_w005
39450,15,minibatch_k64,text_pca256_lexical_w005
39451,39,minibatch_k64,text_pca256_lexical_w005
39452,62,minibatch_k64,text_pca256_lexical_w005
39453,0,minibatch_k64,text_pca256_lexical_w005
39454,33,minibatch_k64,text_pca256_lexical_w005
39455,15,minibatch_k64,text_pca256_lexical_w005
39456,0,minibatch_k64,text_pca256_lexical_w005
39457,18,minibatch_k64,text_pca256_lexical_w005
39458,15,minibatch_k64,text_pca256_lexical_w005
39459,62,minibatch_k64,text_pca256_lexical_w005
39460,50,minibatch_k64,text_pca256_lexical_w005
39461,10,minibatch_k64,text_pca256_lexical_w005
39462,15,minibatch_k64,text_pca256_lexical_w005
39463,21,minibatch_k64,text_pca256_lexical_w005
39464,21,minibatch_k64,text_pca256_lexical_w005
39465,21,minibatch_k64,text_pca256_lexical_w005
39466,0,minibatch_k64,text_pca256_lexical_w005
39467,39,minibatch_k64,text_pca256_lexical_w005
39468,0,minibatch_k64,text_pca256_lexical_w005
39469,21,minibatch_k64,text_pca256_lexical_w005
39470,0,minibatch_k64,text_pca256_lexical_w005
39471,0,minibatch_k64,text_pca256_lexical_w005
39472,0,minibatch_k64,text_pca256_lexical_w005
39473,0,minibatch_k64,text_pca256_lexical_w005
39474,15,minibatch_k64,text_pca256_lexical_w005
39475,8,minibatch_k64,text_pca256_lexical_w005
39476,21,minibatch_k64,text_pca256_lexical_w005
39477,0,minibatch_k64,text_pca256_lexical_w005
39478,39,minibatch_k64,text_pca256_lexical_w005
39479,21,minibatch_k64,text_pca256_lexical_w005
39480,8,minibatch_k64,text_pca256_lexical_w005
39481,0,minibatch_k64,text_pca256_lexical_w005
39482,21,minibatch_k64,text_pca256_lexical_w005
39483,0,minibatch_k64,text_pca256_lexical_w005
39484,21,minibatch_k64,text_pca256_lexical_w005
39485,0,minibatch_k64,text_pca256_lexical_w005
39486,0,minibatch_k64,text_pca256_lexical_w005
39487,21,minibatch_k64,text_pca256_lexical_w005
39488,21,minibatch_k64,text_pca256_lexical_w005
39489,21,minibatch_k64,text_pca256_lexical_w005
39490,4,minibatch_k64,text_pca256_lexical_w005
39491,21,minibatch_k64,text_pca256_lexical_w005
39492,21,minibatch_k64,text_pca256_lexical_w005
39493,21,minibatch_k64,text_pca256_lexical_w005
39494,21,minibatch_k64,text_pca256_lexical_w005
39495,8,minibatch_k64,text_pca256_lexical_w005
39496,21,minibatch_k64,text_pca256_lexical_w005
39497,0,minibatch_k64,text_pca256_lexical_w005
39498,21,minibatch_k64,text_pca256_lexical_w005
39499,21,minibatch_k64,text_pca256_lexical_w005
39500,15,minibatch_k64,text_pca256_lexical_w005
39501,21,minibatch_k64,text_pca256_lexical_w005
39502,45,minibatch_k64,text_pca256_lexical_w005
39503,45,minibatch_k64,text_pca256_lexical_w005
39504,15,minibatch_k64,text_pca256_lexical_w005
39505,0,minibatch_k64,text_pca256_lexical_w005
39506,21,minibatch_k64,text_pca256_lexical_w005
39507,0,minibatch_k64,text_pca256_lexical_w005
39508,8,minibatch_k64,text_pca256_lexical_w005
39509,21,minibatch_k64,text_pca256_lexical_w005
39510,0,minibatch_k64,text_pca256_lexical_w005
39511,0,minibatch_k64,text_pca256_lexical_w005
39512,0,minibatch_k64,text_pca256_lexical_w005
39513,0,minibatch_k64,text_pca256_lexical_w005
39514,21,minibatch_k64,text_pca256_lexical_w005
39515,21,minibatch_k64,text_pca256_lexical_w005
39516,21,minibatch_k64,text_pca256_lexical_w005
39517,0,minibatch_k64,text_pca256_lexical_w005
39518,0,minibatch_k64,text_pca256_lexical_w005
39519,0,minibatch_k64,text_pca256_lexical_w005
39520,0,minibatch_k64,text_pca256_lexical_w005
39521,0,minibatch_k64,text_pca256_lexical_w005
39522,45,minibatch_k64,text_pca256_lexical_w005
39523,59,minibatch_k64,text_pca256_lexical_w005
39524,0,minibatch_k64,text_pca256_lexical_w005
39525,0,minibatch_k64,text_pca256_lexical_w005
39526,45,minibatch_k64,text_pca256_lexical_w005
39527,15,minibatch_k64,text_pca256_lexical_w005
39528,21,minibatch_k64,text_pca256_lexical_w005
39529,45,minibatch_k64,text_pca256_lexical_w005
39530,15,minibatch_k64,text_pca256_lexical_w005
39531,0,minibatch_k64,text_pca256_lexical_w005
39532,15,minibatch_k64,text_pca256_lexical_w005
39533,8,minibatch_k64,text_pca256_lexical_w005
39534,0,minibatch_k64,text_pca256_lexical_w005
39535,0,minibatch_k64,text_pca256_lexical_w005
39536,15,minibatch_k64,text_pca256_lexical_w005
39537,22,minibatch_k64,text_pca256_lexical_w005
39538,0,minibatch_k64,text_pca256_lexical_w005
39539,33,minibatch_k64,text_pca256_lexical_w005
39540,18,minibatch_k64,text_pca256_lexical_w005
39541,33,minibatch_k64,text_pca256_lexical_w005
39542,4,minibatch_k64,text_pca256_lexical_w005
39543,0,minibatch_k64,text_pca256_lexical_w005
39544,15,minibatch_k64,text_pca256_lexical_w005
39545,8,minibatch_k64,text_pca256_lexical_w005
39546,0,minibatch_k64,text_pca256_lexical_w005
39547,39,minibatch_k64,text_pca256_lexical_w005
39548,21,minibatch_k64,text_pca256_lexical_w005
39549,4,minibatch_k64,text_pca256_lexical_w005
39550,15,minibatch_k64,text_pca256_lexical_w005
39551,42,minibatch_k64,text_pca256_lexical_w005
39552,0,minibatch_k64,text_pca256_lexical_w005
39553,15,minibatch_k64,text_pca256_lexical_w005
39554,8,minibatch_k64,text_pca256_lexical_w005
39555,39,minibatch_k64,text_pca256_lexical_w005
39556,42,minibatch_k64,text_pca256_lexical_w005
39557,15,minibatch_k64,text_pca256_lexical_w005
39558,8,minibatch_k64,text_pca256_lexical_w005
39559,15,minibatch_k64,text_pca256_lexical_w005
39560,62,minibatch_k64,text_pca256_lexical_w005
39561,33,minibatch_k64,text_pca256_lexical_w005
39562,56,minibatch_k64,text_pca256_lexical_w005
39563,15,minibatch_k64,text_pca256_lexical_w005
39564,15,minibatch_k64,text_pca256_lexical_w005
39565,8,minibatch_k64,text_pca256_lexical_w005
39566,15,minibatch_k64,text_pca256_lexical_w005
39567,33,minibatch_k64,text_pca256_lexical_w005
39568,15,minibatch_k64,text_pca256_lexical_w005
39569,45,minibatch_k64,text_pca256_lexical_w005
39570,45,minibatch_k64,text_pca256_lexical_w005
39571,0,minibatch_k64,text_pca256_lexical_w005
39572,62,minibatch_k64,text_pca256_lexical_w005
39573,0,minibatch_k64,text_pca256_lexical_w005
39574,62,minibatch_k64,text_pca256_lexical_w005
39575,0,minibatch_k64,text_pca256_lexical_w005
39576,15,minibatch_k64,text_pca256_lexical_w005
39577,23,minibatch_k64,text_pca256_lexical_w005
39578,15,minibatch_k64,text_pca256_lexical_w005
39579,8,minibatch_k64,text_pca256_lexical_w005
39580,15,minibatch_k64,text_pca256_lexical_w005
39581,40,minibatch_k64,text_pca256_lexical_w005
39582,10,minibatch_k64,text_pca256_lexical_w005
39583,33,minibatch_k64,text_pca256_lexical_w005
39584,40,minibatch_k64,text_pca256_lexical_w005
39585,12,minibatch_k64,text_pca256_lexical_w005
39586,45,minibatch_k64,text_pca256_lexical_w005
39587,45,minibatch_k64,text_pca256_lexical_w005
39588,45,minibatch_k64,text_pca256_lexical_w005
39589,35,minibatch_k64,text_pca256_lexical_w005
39590,15,minibatch_k64,text_pca256_lexical_w005
39591,15,minibatch_k64,text_pca256_lexical_w005
39592,15,minibatch_k64,text_pca256_lexical_w005
39593,42,minibatch_k64,text_pca256_lexical_w005
39594,15,minibatch_k64,text_pca256_lexical_w005
39595,38,minibatch_k64,text_pca256_lexical_w005
39596,40,minibatch_k64,text_pca256_lexical_w005
39597,0,minibatch_k64,text_pca256_lexical_w005
39598,45,minibatch_k64,text_pca256_lexical_w005
39599,33,minibatch_k64,text_pca256_lexical_w005
39600,62,minibatch_k64,text_pca256_lexical_w005
39601,15,minibatch_k64,text_pca256_lexical_w005
39602,33,minibatch_k64,text_pca256_lexical_w005
39603,21,minibatch_k64,text_pca256_lexical_w005
39604,62,minibatch_k64,text_pca256_lexical_w005
39605,0,minibatch_k64,text_pca256_lexical_w005
39606,0,minibatch_k64,text_pca256_lexical_w005
39607,10,minibatch_k64,text_pca256_lexical_w005
39608,15,minibatch_k64,text_pca256_lexical_w005
39609,60,minibatch_k64,text_pca256_lexical_w005
39610,10,minibatch_k64,text_pca256_lexical_w005
39611,8,minibatch_k64,text_pca256_lexical_w005
39612,0,minibatch_k64,text_pca256_lexical_w005
39613,15,minibatch_k64,text_pca256_lexical_w005
39614,4,minibatch_k64,text_pca256_lexical_w005
39615,62,minibatch_k64,text_pca256_lexical_w005
39616,42,minibatch_k64,text_pca256_lexical_w005
39617,47,minibatch_k64,text_pca256_lexical_w005
39618,0,minibatch_k64,text_pca256_lexical_w005
39619,55,minibatch_k64,text_pca256_lexical_w005
39620,62,minibatch_k64,text_pca256_lexical_w005
39621,23,minibatch_k64,text_pca256_lexical_w005
39622,39,minibatch_k64,text_pca256_lexical_w005
39623,33,minibatch_k64,text_pca256_lexical_w005
39624,15,minibatch_k64,text_pca256_lexical_w005
39625,8,minibatch_k64,text_pca256_lexical_w005
39626,15,minibatch_k64,text_pca256_lexical_w005
39627,10,minibatch_k64,text_pca256_lexical_w005
39628,39,minibatch_k64,text_pca256_lexical_w005
39629,33,minibatch_k64,text_pca256_lexical_w005
39630,15,minibatch_k64,text_pca256_lexical_w005
39631,18,minibatch_k64,text_pca256_lexical_w005
39632,0,minibatch_k64,text_pca256_lexical_w005
39633,0,minibatch_k64,text_pca256_lexical_w005
39634,0,minibatch_k64,text_pca256_lexical_w005
39635,62,minibatch_k64,text_pca256_lexical_w005
39636,0,minibatch_k64,text_pca256_lexical_w005
39637,33,minibatch_k64,text_pca256_lexical_w005
39638,39,minibatch_k64,text_pca256_lexical_w005
39639,39,minibatch_k64,text_pca256_lexical_w005
39640,0,minibatch_k64,text_pca256_lexical_w005
39641,39,minibatch_k64,text_pca256_lexical_w005
39642,62,minibatch_k64,text_pca256_lexical_w005
39643,45,minibatch_k64,text_pca256_lexical_w005
39644,10,minibatch_k64,text_pca256_lexical_w005
39645,15,minibatch_k64,text_pca256_lexical_w005
39646,8,minibatch_k64,text_pca256_lexical_w005
39647,5,minibatch_k64,text_pca256_lexical_w005
39648,62,minibatch_k64,text_pca256_lexical_w005
39649,47,minibatch_k64,text_pca256_lexical_w005
39650,15,minibatch_k64,text_pca256_lexical_w005
39651,5,minibatch_k64,text_pca256_lexical_w005
39652,21,minibatch_k64,text_pca256_lexical_w005
39653,62,minibatch_k64,text_pca256_lexical_w005
39654,62,minibatch_k64,text_pca256_lexical_w005
39655,62,minibatch_k64,text_pca256_lexical_w005
39656,39,minibatch_k64,text_pca256_lexical_w005
39657,38,minibatch_k64,text_pca256_lexical_w005
39658,55,minibatch_k64,text_pca256_lexical_w005
39659,22,minibatch_k64,text_pca256_lexical_w005
39660,33,minibatch_k64,text_pca256_lexical_w005
39661,10,minibatch_k64,text_pca256_lexical_w005
39662,39,minibatch_k64,text_pca256_lexical_w005
39663,15,minibatch_k64,text_pca256_lexical_w005
39664,0,minibatch_k64,text_pca256_lexical_w005
39665,16,minibatch_k64,text_pca256_lexical_w005
39666,39,minibatch_k64,text_pca256_lexical_w005
39667,15,minibatch_k64,text_pca256_lexical_w005
39668,39,minibatch_k64,text_pca256_lexical_w005
39669,33,minibatch_k64,text_pca256_lexical_w005
39670,39,minibatch_k64,text_pca256_lexical_w005
39671,0,minibatch_k64,text_pca256_lexical_w005
39672,15,minibatch_k64,text_pca256_lexical_w005
39673,15,minibatch_k64,text_pca256_lexical_w005
39674,4,minibatch_k64,text_pca256_lexical_w005
39675,40,minibatch_k64,text_pca256_lexical_w005
39676,15,minibatch_k64,text_pca256_lexical_w005
39677,21,minibatch_k64,text_pca256_lexical_w005
39678,0,minibatch_k64,text_pca256_lexical_w005
39679,21,minibatch_k64,text_pca256_lexical_w005
39680,15,minibatch_k64,text_pca256_lexical_w005
39681,0,minibatch_k64,text_pca256_lexical_w005
39682,42,minibatch_k64,text_pca256_lexical_w005
39683,10,minibatch_k64,text_pca256_lexical_w005
39684,33,minibatch_k64,text_pca256_lexical_w005
39685,21,minibatch_k64,text_pca256_lexical_w005
39686,62,minibatch_k64,text_pca256_lexical_w005
39687,0,minibatch_k64,text_pca256_lexical_w005
39688,39,minibatch_k64,text_pca256_lexical_w005
39689,15,minibatch_k64,text_pca256_lexical_w005
39690,15,minibatch_k64,text_pca256_lexical_w005
39691,33,minibatch_k64,text_pca256_lexical_w005
39692,15,minibatch_k64,text_pca256_lexical_w005
39693,15,minibatch_k64,text_pca256_lexical_w005
39694,33,minibatch_k64,text_pca256_lexical_w005
39695,45,minibatch_k64,text_pca256_lexical_w005
39696,38,minibatch_k64,text_pca256_lexical_w005
39697,58,minibatch_k64,text_pca256_lexical_w005
39698,55,minibatch_k64,text_pca256_lexical_w005
39699,22,minibatch_k64,text_pca256_lexical_w005
39700,0,minibatch_k64,text_pca256_lexical_w005
39701,33,minibatch_k64,text_pca256_lexical_w005
39702,15,minibatch_k64,text_pca256_lexical_w005
39703,15,minibatch_k64,text_pca256_lexical_w005
39704,15,minibatch_k64,text_pca256_lexical_w005
39705,42,minibatch_k64,text_pca256_lexical_w005
39706,0,minibatch_k64,text_pca256_lexical_w005
39707,42,minibatch_k64,text_pca256_lexical_w005
39708,15,minibatch_k64,text_pca256_lexical_w005
39709,33,minibatch_k64,text_pca256_lexical_w005
39710,0,minibatch_k64,text_pca256_lexical_w005
39711,15,minibatch_k64,text_pca256_lexical_w005
39712,0,minibatch_k64,text_pca256_lexical_w005
39713,15,minibatch_k64,text_pca256_lexical_w005
39714,10,minibatch_k64,text_pca256_lexical_w005
39715,62,minibatch_k64,text_pca256_lexical_w005
39716,15,minibatch_k64,text_pca256_lexical_w005
39717,8,minibatch_k64,text_pca256_lexical_w005
39718,0,minibatch_k64,text_pca256_lexical_w005
39719,0,minibatch_k64,text_pca256_lexical_w005
39720,0,minibatch_k64,text_pca256_lexical_w005
39721,62,minibatch_k64,text_pca256_lexical_w005
39722,33,minibatch_k64,text_pca256_lexical_w005
39723,54,minibatch_k64,text_pca256_lexical_w005
39724,0,minibatch_k64,text_pca256_lexical_w005
39725,33,minibatch_k64,text_pca256_lexical_w005
39726,8,minibatch_k64,text_pca256_lexical_w005
39727,4,minibatch_k64,text_pca256_lexical_w005
39728,0,minibatch_k64,text_pca256_lexical_w005
39729,62,minibatch_k64,text_pca256_lexical_w005
39730,15,minibatch_k64,text_pca256_lexical_w005
39731,39,minibatch_k64,text_pca256_lexical_w005
39732,16,minibatch_k64,text_pca256_lexical_w005
39733,15,minibatch_k64,text_pca256_lexical_w005
39734,0,minibatch_k64,text_pca256_lexical_w005
39735,15,minibatch_k64,text_pca256_lexical_w005
39736,55,minibatch_k64,text_pca256_lexical_w005
39737,63,minibatch_k64,text_pca256_lexical_w005
39738,33,minibatch_k64,text_pca256_lexical_w005
39739,15,minibatch_k64,text_pca256_lexical_w005
39740,0,minibatch_k64,text_pca256_lexical_w005
39741,15,minibatch_k64,text_pca256_lexical_w005
39742,33,minibatch_k64,text_pca256_lexical_w005
39743,21,minibatch_k64,text_pca256_lexical_w005
39744,0,minibatch_k64,text_pca256_lexical_w005
39745,42,minibatch_k64,text_pca256_lexical_w005
39746,39,minibatch_k64,text_pca256_lexical_w005
39747,15,minibatch_k64,text_pca256_lexical_w005
39748,15,minibatch_k64,text_pca256_lexical_w005
39749,0,minibatch_k64,text_pca256_lexical_w005
39750,33,minibatch_k64,text_pca256_lexical_w005
39751,0,minibatch_k64,text_pca256_lexical_w005
39752,45,minibatch_k64,text_pca256_lexical_w005
39753,0,minibatch_k64,text_pca256_lexical_w005
39754,33,minibatch_k64,text_pca256_lexical_w005
39755,15,minibatch_k64,text_pca256_lexical_w005
39756,56,minibatch_k64,text_pca256_lexical_w005
39757,62,minibatch_k64,text_pca256_lexical_w005
39758,50,minibatch_k64,text_pca256_lexical_w005
39759,8,minibatch_k64,text_pca256_lexical_w005
39760,21,minibatch_k64,text_pca256_lexical_w005
39761,62,minibatch_k64,text_pca256_lexical_w005
39762,0,minibatch_k64,text_pca256_lexical_w005
39763,0,minibatch_k64,text_pca256_lexical_w005
39764,15,minibatch_k64,text_pca256_lexical_w005
39765,45,minibatch_k64,text_pca256_lexical_w005
39766,55,minibatch_k64,text_pca256_lexical_w005
39767,23,minibatch_k64,text_pca256_lexical_w005
39768,4,minibatch_k64,text_pca256_lexical_w005
39769,4,minibatch_k64,text_pca256_lexical_w005
39770,62,minibatch_k64,text_pca256_lexical_w005
39771,50,minibatch_k64,text_pca256_lexical_w005
39772,0,minibatch_k64,text_pca256_lexical_w005
39773,62,minibatch_k64,text_pca256_lexical_w005
39774,8,minibatch_k64,text_pca256_lexical_w005
39775,21,minibatch_k64,text_pca256_lexical_w005
39776,42,minibatch_k64,text_pca256_lexical_w005
39777,0,minibatch_k64,text_pca256_lexical_w005
39778,0,minibatch_k64,text_pca256_lexical_w005
39779,15,minibatch_k64,text_pca256_lexical_w005
39780,8,minibatch_k64,text_pca256_lexical_w005
39781,0,minibatch_k64,text_pca256_lexical_w005
39782,62,minibatch_k64,text_pca256_lexical_w005
39783,12,minibatch_k64,text_pca256_lexical_w005
39784,15,minibatch_k64,text_pca256_lexical_w005
39785,0,minibatch_k64,text_pca256_lexical_w005
39786,42,minibatch_k64,text_pca256_lexical_w005
39787,15,minibatch_k64,text_pca256_lexical_w005
39788,15,minibatch_k64,text_pca256_lexical_w005
39789,15,minibatch_k64,text_pca256_lexical_w005
39790,62,minibatch_k64,text_pca256_lexical_w005
39791,15,minibatch_k64,text_pca256_lexical_w005
39792,45,minibatch_k64,text_pca256_lexical_w005
39793,59,minibatch_k64,text_pca256_lexical_w005
39794,16,minibatch_k64,text_pca256_lexical_w005
39795,15,minibatch_k64,text_pca256_lexical_w005
39796,33,minibatch_k64,text_pca256_lexical_w005
39797,45,minibatch_k64,text_pca256_lexical_w005
39798,42,minibatch_k64,text_pca256_lexical_w005
39799,0,minibatch_k64,text_pca256_lexical_w005
39800,8,minibatch_k64,text_pca256_lexical_w005
39801,0,minibatch_k64,text_pca256_lexical_w005
39802,15,minibatch_k64,text_pca256_lexical_w005
39803,62,minibatch_k64,text_pca256_lexical_w005
39804,55,minibatch_k64,text_pca256_lexical_w005
39805,62,minibatch_k64,text_pca256_lexical_w005
39806,0,minibatch_k64,text_pca256_lexical_w005
39807,16,minibatch_k64,text_pca256_lexical_w005
39808,0,minibatch_k64,text_pca256_lexical_w005
39809,0,minibatch_k64,text_pca256_lexical_w005
39810,8,minibatch_k64,text_pca256_lexical_w005
39811,45,minibatch_k64,text_pca256_lexical_w005
39812,42,minibatch_k64,text_pca256_lexical_w005
39813,0,minibatch_k64,text_pca256_lexical_w005
39814,0,minibatch_k64,text_pca256_lexical_w005
39815,0,minibatch_k64,text_pca256_lexical_w005
39816,12,minibatch_k64,text_pca256_lexical_w005
39817,12,minibatch_k64,text_pca256_lexical_w005
39818,18,minibatch_k64,text_pca256_lexical_w005
39819,0,minibatch_k64,text_pca256_lexical_w005
39820,18,minibatch_k64,text_pca256_lexical_w005
39821,18,minibatch_k64,text_pca256_lexical_w005
39822,15,minibatch_k64,text_pca256_lexical_w005
39823,0,minibatch_k64,text_pca256_lexical_w005
39824,0,minibatch_k64,text_pca256_lexical_w005
39825,0,minibatch_k64,text_pca256_lexical_w005
39826,62,minibatch_k64,text_pca256_lexical_w005
39827,0,minibatch_k64,text_pca256_lexical_w005
39828,48,minibatch_k64,text_pca256_lexical_w005
39829,15,minibatch_k64,text_pca256_lexical_w005
39830,33,minibatch_k64,text_pca256_lexical_w005
39831,15,minibatch_k64,text_pca256_lexical_w005
39832,15,minibatch_k64,text_pca256_lexical_w005
39833,2,minibatch_k64,text_pca256_lexical_w005
39834,0,minibatch_k64,text_pca256_lexical_w005
39835,0,minibatch_k64,text_pca256_lexical_w005
39836,15,minibatch_k64,text_pca256_lexical_w005
39837,0,minibatch_k64,text_pca256_lexical_w005
39838,33,minibatch_k64,text_pca256_lexical_w005
39839,53,minibatch_k64,text_pca256_lexical_w005
39840,0,minibatch_k64,text_pca256_lexical_w005
39841,33,minibatch_k64,text_pca256_lexical_w005
39842,0,minibatch_k64,text_pca256_lexical_w005
39843,62,minibatch_k64,text_pca256_lexical_w005
39844,50,minibatch_k64,text_pca256_lexical_w005
39845,50,minibatch_k64,text_pca256_lexical_w005
39846,62,minibatch_k64,text_pca256_lexical_w005
39847,62,minibatch_k64,text_pca256_lexical_w005
39848,0,minibatch_k64,text_pca256_lexical_w005
39849,0,minibatch_k64,text_pca256_lexical_w005
39850,33,minibatch_k64,text_pca256_lexical_w005
39851,33,minibatch_k64,text_pca256_lexical_w005
39852,0,minibatch_k64,text_pca256_lexical_w005
39853,0,minibatch_k64,text_pca256_lexical_w005
39854,41,minibatch_k64,text_pca256_lexical_w005
39855,10,minibatch_k64,text_pca256_lexical_w005
39856,33,minibatch_k64,text_pca256_lexical_w005
39857,33,minibatch_k64,text_pca256_lexical_w005
39858,15,minibatch_k64,text_pca256_lexical_w005
39859,33,minibatch_k64,text_pca256_lexical_w005
39860,7,minibatch_k64,text_pca256_lexical_w005
39861,33,minibatch_k64,text_pca256_lexical_w005
39862,62,minibatch_k64,text_pca256_lexical_w005
39863,33,minibatch_k64,text_pca256_lexical_w005
39864,33,minibatch_k64,text_pca256_lexical_w005
39865,8,minibatch_k64,text_pca256_lexical_w005
39866,33,minibatch_k64,text_pca256_lexical_w005
39867,15,minibatch_k64,text_pca256_lexical_w005
39868,33,minibatch_k64,text_pca256_lexical_w005
39869,39,minibatch_k64,text_pca256_lexical_w005
39870,10,minibatch_k64,text_pca256_lexical_w005
39871,21,minibatch_k64,text_pca256_lexical_w005
39872,8,minibatch_k64,text_pca256_lexical_w005
39873,15,minibatch_k64,text_pca256_lexical_w005
39874,15,minibatch_k64,text_pca256_lexical_w005
39875,15,minibatch_k64,text_pca256_lexical_w005
39876,0,minibatch_k64,text_pca256_lexical_w005
39877,15,minibatch_k64,text_pca256_lexical_w005
39878,21,minibatch_k64,text_pca256_lexical_w005
39879,15,minibatch_k64,text_pca256_lexical_w005
39880,4,minibatch_k64,text_pca256_lexical_w005
39881,15,minibatch_k64,text_pca256_lexical_w005
39882,15,minibatch_k64,text_pca256_lexical_w005
39883,15,minibatch_k64,text_pca256_lexical_w005
39884,0,minibatch_k64,text_pca256_lexical_w005
39885,8,minibatch_k64,text_pca256_lexical_w005
39886,0,minibatch_k64,text_pca256_lexical_w005
39887,21,minibatch_k64,text_pca256_lexical_w005
39888,15,minibatch_k64,text_pca256_lexical_w005
39889,62,minibatch_k64,text_pca256_lexical_w005
39890,50,minibatch_k64,text_pca256_lexical_w005
39891,10,minibatch_k64,text_pca256_lexical_w005
39892,0,minibatch_k64,text_pca256_lexical_w005
39893,15,minibatch_k64,text_pca256_lexical_w005
39894,15,minibatch_k64,text_pca256_lexical_w005
39895,15,minibatch_k64,text_pca256_lexical_w005
39896,8,minibatch_k64,text_pca256_lexical_w005
39897,0,minibatch_k64,text_pca256_lexical_w005
39898,0,minibatch_k64,text_pca256_lexical_w005
39899,21,minibatch_k64,text_pca256_lexical_w005
39900,21,minibatch_k64,text_pca256_lexical_w005
39901,21,minibatch_k64,text_pca256_lexical_w005
39902,0,minibatch_k64,text_pca256_lexical_w005
39903,15,minibatch_k64,text_pca256_lexical_w005
39904,15,minibatch_k64,text_pca256_lexical_w005
39905,0,minibatch_k64,text_pca256_lexical_w005
39906,50,minibatch_k64,text_pca256_lexical_w005
39907,50,minibatch_k64,text_pca256_lexical_w005
39908,15,minibatch_k64,text_pca256_lexical_w005
39909,42,minibatch_k64,text_pca256_lexical_w005
39910,21,minibatch_k64,text_pca256_lexical_w005
39911,33,minibatch_k64,text_pca256_lexical_w005
39912,21,minibatch_k64,text_pca256_lexical_w005
39913,33,minibatch_k64,text_pca256_lexical_w005
39914,0,minibatch_k64,text_pca256_lexical_w005
39915,50,minibatch_k64,text_pca256_lexical_w005
39916,15,minibatch_k64,text_pca256_lexical_w005
39917,15,minibatch_k64,text_pca256_lexical_w005
39918,0,minibatch_k64,text_pca256_lexical_w005
39919,15,minibatch_k64,text_pca256_lexical_w005
39920,15,minibatch_k64,text_pca256_lexical_w005
39921,0,minibatch_k64,text_pca256_lexical_w005
39922,0,minibatch_k64,text_pca256_lexical_w005
39923,15,minibatch_k64,text_pca256_lexical_w005
39924,62,minibatch_k64,text_pca256_lexical_w005
39925,33,minibatch_k64,text_pca256_lexical_w005
39926,50,minibatch_k64,text_pca256_lexical_w005
39927,62,minibatch_k64,text_pca256_lexical_w005
39928,8,minibatch_k64,text_pca256_lexical_w005
39929,33,minibatch_k64,text_pca256_lexical_w005
39930,8,minibatch_k64,text_pca256_lexical_w005
39931,8,minibatch_k64,text_pca256_lexical_w005
39932,33,minibatch_k64,text_pca256_lexical_w005
39933,0,minibatch_k64,text_pca256_lexical_w005
39934,15,minibatch_k64,text_pca256_lexical_w005
39935,0,minibatch_k64,text_pca256_lexical_w005
39936,45,minibatch_k64,text_pca256_lexical_w005
39937,50,minibatch_k64,text_pca256_lexical_w005
39938,8,minibatch_k64,text_pca256_lexical_w005
39939,21,minibatch_k64,text_pca256_lexical_w005
39940,0,minibatch_k64,text_pca256_lexical_w005
39941,0,minibatch_k64,text_pca256_lexical_w005
39942,2,minibatch_k64,text_pca256_lexical_w005
39943,33,minibatch_k64,text_pca256_lexical_w005
39944,0,minibatch_k64,text_pca256_lexical_w005
39945,15,minibatch_k64,text_pca256_lexical_w005
39946,0,minibatch_k64,text_pca256_lexical_w005
39947,0,minibatch_k64,text_pca256_lexical_w005
39948,15,minibatch_k64,text_pca256_lexical_w005
39949,0,minibatch_k64,text_pca256_lexical_w005
39950,15,minibatch_k64,text_pca256_lexical_w005
39951,0,minibatch_k64,text_pca256_lexical_w005
39952,50,minibatch_k64,text_pca256_lexical_w005
39953,0,minibatch_k64,text_pca256_lexical_w005
39954,15,minibatch_k64,text_pca256_lexical_w005
39955,15,minibatch_k64,text_pca256_lexical_w005
39956,8,minibatch_k64,text_pca256_lexical_w005
39957,62,minibatch_k64,text_pca256_lexical_w005
39958,33,minibatch_k64,text_pca256_lexical_w005
39959,42,minibatch_k64,text_pca256_lexical_w005
39960,0,minibatch_k64,text_pca256_lexical_w005
39961,15,minibatch_k64,text_pca256_lexical_w005
39962,33,minibatch_k64,text_pca256_lexical_w005
39963,50,minibatch_k64,text_pca256_lexical_w005
39964,0,minibatch_k64,text_pca256_lexical_w005
39965,8,minibatch_k64,text_pca256_lexical_w005
39966,0,minibatch_k64,text_pca256_lexical_w005
39967,0,minibatch_k64,text_pca256_lexical_w005
39968,21,minibatch_k64,text_pca256_lexical_w005
39969,15,minibatch_k64,text_pca256_lexical_w005
39970,15,minibatch_k64,text_pca256_lexical_w005
39971,33,minibatch_k64,text_pca256_lexical_w005
39972,33,minibatch_k64,text_pca256_lexical_w005
39973,21,minibatch_k64,text_pca256_lexical_w005
39974,8,minibatch_k64,text_pca256_lexical_w005
39975,0,minibatch_k64,text_pca256_lexical_w005
39976,33,minibatch_k64,text_pca256_lexical_w005
39977,0,minibatch_k64,text_pca256_lexical_w005
39978,0,minibatch_k64,text_pca256_lexical_w005
39979,0,minibatch_k64,text_pca256_lexical_w005
39980,15,minibatch_k64,text_pca256_lexical_w005
39981,21,minibatch_k64,text_pca256_lexical_w005
39982,45,minibatch_k64,text_pca256_lexical_w005
39983,21,minibatch_k64,text_pca256_lexical_w005
39984,33,minibatch_k64,text_pca256_lexical_w005
39985,0,minibatch_k64,text_pca256_lexical_w005
39986,10,minibatch_k64,text_pca256_lexical_w005
39987,15,minibatch_k64,text_pca256_lexical_w005
39988,15,minibatch_k64,text_pca256_lexical_w005
39989,15,minibatch_k64,text_pca256_lexical_w005
39990,33,minibatch_k64,text_pca256_lexical_w005
39991,10,minibatch_k64,text_pca256_lexical_w005
39992,15,minibatch_k64,text_pca256_lexical_w005
39993,0,minibatch_k64,text_pca256_lexical_w005
39994,62,minibatch_k64,text_pca256_lexical_w005
39995,15,minibatch_k64,text_pca256_lexical_w005
39996,33,minibatch_k64,text_pca256_lexical_w005
39997,33,minibatch_k64,text_pca256_lexical_w005
39998,10,minibatch_k64,text_pca256_lexical_w005
39999,0,minibatch_k64,text_pca256_lexical_w005
40000,15,minibatch_k64,text_pca256_lexical_w005
40001,8,minibatch_k64,text_pca256_lexical_w005
40002,10,minibatch_k64,text_pca256_lexical_w005
40003,0,minibatch_k64,text_pca256_lexical_w005
40004,15,minibatch_k64,text_pca256_lexical_w005
40005,8,minibatch_k64,text_pca256_lexical_w005
40006,0,minibatch_k64,text_pca256_lexical_w005
40007,33,minibatch_k64,text_pca256_lexical_w005
40008,15,minibatch_k64,text_pca256_lexical_w005
40009,33,minibatch_k64,text_pca256_lexical_w005
40010,15,minibatch_k64,text_pca256_lexical_w005
40011,33,minibatch_k64,text_pca256_lexical_w005
40012,45,minibatch_k64,text_pca256_lexical_w005
40013,45,minibatch_k64,text_pca256_lexical_w005
40014,50,minibatch_k64,text_pca256_lexical_w005
40015,15,minibatch_k64,text_pca256_lexical_w005
40016,8,minibatch_k64,text_pca256_lexical_w005
40017,62,minibatch_k64,text_pca256_lexical_w005
40018,0,minibatch_k64,text_pca256_lexical_w005
40019,0,minibatch_k64,text_pca256_lexical_w005
40020,33,minibatch_k64,text_pca256_lexical_w005
40021,10,minibatch_k64,text_pca256_lexical_w005
40022,50,minibatch_k64,text_pca256_lexical_w005
40023,50,minibatch_k64,text_pca256_lexical_w005
40024,0,minibatch_k64,text_pca256_lexical_w005
40025,50,minibatch_k64,text_pca256_lexical_w005
40026,0,minibatch_k64,text_pca256_lexical_w005
40027,15,minibatch_k64,text_pca256_lexical_w005
40028,8,minibatch_k64,text_pca256_lexical_w005
40029,62,minibatch_k64,text_pca256_lexical_w005
40030,0,minibatch_k64,text_pca256_lexical_w005
40031,0,minibatch_k64,text_pca256_lexical_w005
40032,8,minibatch_k64,text_pca256_lexical_w005
40033,0,minibatch_k64,text_pca256_lexical_w005
40034,0,minibatch_k64,text_pca256_lexical_w005
40035,0,minibatch_k64,text_pca256_lexical_w005
40036,15,minibatch_k64,text_pca256_lexical_w005
40037,0,minibatch_k64,text_pca256_lexical_w005
40038,4,minibatch_k64,text_pca256_lexical_w005
40039,15,minibatch_k64,text_pca256_lexical_w005
40040,15,minibatch_k64,text_pca256_lexical_w005
40041,15,minibatch_k64,text_pca256_lexical_w005
40042,62,minibatch_k64,text_pca256_lexical_w005
40043,15,minibatch_k64,text_pca256_lexical_w005
40044,0,minibatch_k64,text_pca256_lexical_w005
40045,62,minibatch_k64,text_pca256_lexical_w005
40046,10,minibatch_k64,text_pca256_lexical_w005
40047,0,minibatch_k64,text_pca256_lexical_w005
40048,0,minibatch_k64,text_pca256_lexical_w005
40049,8,minibatch_k64,text_pca256_lexical_w005
40050,0,minibatch_k64,text_pca256_lexical_w005
40051,45,minibatch_k64,text_pca256_lexical_w005
40052,0,minibatch_k64,text_pca256_lexical_w005
40053,50,minibatch_k64,text_pca256_lexical_w005
40054,8,minibatch_k64,text_pca256_lexical_w005
40055,0,minibatch_k64,text_pca256_lexical_w005
40056,0,minibatch_k64,text_pca256_lexical_w005
40057,15,minibatch_k64,text_pca256_lexical_w005
40058,0,minibatch_k64,text_pca256_lexical_w005
40059,62,minibatch_k64,text_pca256_lexical_w005
40060,10,minibatch_k64,text_pca256_lexical_w005
40061,33,minibatch_k64,text_pca256_lexical_w005
40062,0,minibatch_k64,text_pca256_lexical_w005
40063,0,minibatch_k64,text_pca256_lexical_w005
40064,50,minibatch_k64,text_pca256_lexical_w005
40065,0,minibatch_k64,text_pca256_lexical_w005
40066,0,minibatch_k64,text_pca256_lexical_w005
40067,10,minibatch_k64,text_pca256_lexical_w005
40068,8,minibatch_k64,text_pca256_lexical_w005
40069,50,minibatch_k64,text_pca256_lexical_w005
40070,50,minibatch_k64,text_pca256_lexical_w005
40071,15,minibatch_k64,text_pca256_lexical_w005
40072,33,minibatch_k64,text_pca256_lexical_w005
40073,33,minibatch_k64,text_pca256_lexical_w005
40074,0,minibatch_k64,text_pca256_lexical_w005
40075,21,minibatch_k64,text_pca256_lexical_w005
40076,33,minibatch_k64,text_pca256_lexical_w005
40077,50,minibatch_k64,text_pca256_lexical_w005
40078,15,minibatch_k64,text_pca256_lexical_w005
40079,50,minibatch_k64,text_pca256_lexical_w005
40080,0,minibatch_k64,text_pca256_lexical_w005
40081,0,minibatch_k64,text_pca256_lexical_w005
40082,0,minibatch_k64,text_pca256_lexical_w005
40083,50,minibatch_k64,text_pca256_lexical_w005
40084,61,minibatch_k64,text_pca256_lexical_w005
40085,15,minibatch_k64,text_pca256_lexical_w005
40086,21,minibatch_k64,text_pca256_lexical_w005
40087,0,minibatch_k64,text_pca256_lexical_w005
40088,0,minibatch_k64,text_pca256_lexical_w005
40089,15,minibatch_k64,text_pca256_lexical_w005
40090,8,minibatch_k64,text_pca256_lexical_w005
40091,0,minibatch_k64,text_pca256_lexical_w005
40092,33,minibatch_k64,text_pca256_lexical_w005
40093,0,minibatch_k64,text_pca256_lexical_w005
40094,50,minibatch_k64,text_pca256_lexical_w005
40095,15,minibatch_k64,text_pca256_lexical_w005
40096,8,minibatch_k64,text_pca256_lexical_w005
40097,8,minibatch_k64,text_pca256_lexical_w005
40098,33,minibatch_k64,text_pca256_lexical_w005
40099,0,minibatch_k64,text_pca256_lexical_w005
40100,8,minibatch_k64,text_pca256_lexical_w005
40101,0,minibatch_k64,text_pca256_lexical_w005
40102,33,minibatch_k64,text_pca256_lexical_w005
40103,0,minibatch_k64,text_pca256_lexical_w005
40104,33,minibatch_k64,text_pca256_lexical_w005
40105,10,minibatch_k64,text_pca256_lexical_w005
40106,59,minibatch_k64,text_pca256_lexical_w005
40107,21,minibatch_k64,text_pca256_lexical_w005
40108,0,minibatch_k64,text_pca256_lexical_w005
40109,0,minibatch_k64,text_pca256_lexical_w005
40110,62,minibatch_k64,text_pca256_lexical_w005
40111,0,minibatch_k64,text_pca256_lexical_w005
40112,33,minibatch_k64,text_pca256_lexical_w005
40113,10,minibatch_k64,text_pca256_lexical_w005
40114,23,minibatch_k64,text_pca256_lexical_w005
40115,15,minibatch_k64,text_pca256_lexical_w005
40116,15,minibatch_k64,text_pca256_lexical_w005
40117,50,minibatch_k64,text_pca256_lexical_w005
40118,0,minibatch_k64,text_pca256_lexical_w005
40119,15,minibatch_k64,text_pca256_lexical_w005
40120,0,minibatch_k64,text_pca256_lexical_w005
40121,0,minibatch_k64,text_pca256_lexical_w005
40122,0,minibatch_k64,text_pca256_lexical_w005
40123,21,minibatch_k64,text_pca256_lexical_w005
40124,50,minibatch_k64,text_pca256_lexical_w005
40125,15,minibatch_k64,text_pca256_lexical_w005
40126,15,minibatch_k64,text_pca256_lexical_w005
40127,0,minibatch_k64,text_pca256_lexical_w005
40128,15,minibatch_k64,text_pca256_lexical_w005
40129,0,minibatch_k64,text_pca256_lexical_w005
40130,33,minibatch_k64,text_pca256_lexical_w005
40131,0,minibatch_k64,text_pca256_lexical_w005
40132,33,minibatch_k64,text_pca256_lexical_w005
40133,15,minibatch_k64,text_pca256_lexical_w005
40134,33,minibatch_k64,text_pca256_lexical_w005
40135,59,minibatch_k64,text_pca256_lexical_w005
40136,8,minibatch_k64,text_pca256_lexical_w005
40137,0,minibatch_k64,text_pca256_lexical_w005
40138,0,minibatch_k64,text_pca256_lexical_w005
40139,0,minibatch_k64,text_pca256_lexical_w005
40140,15,minibatch_k64,text_pca256_lexical_w005
40141,0,minibatch_k64,text_pca256_lexical_w005
40142,21,minibatch_k64,text_pca256_lexical_w005
40143,15,minibatch_k64,text_pca256_lexical_w005
40144,33,minibatch_k64,text_pca256_lexical_w005
40145,15,minibatch_k64,text_pca256_lexical_w005
40146,33,minibatch_k64,text_pca256_lexical_w005
40147,21,minibatch_k64,text_pca256_lexical_w005
40148,62,minibatch_k64,text_pca256_lexical_w005
40149,8,minibatch_k64,text_pca256_lexical_w005
40150,15,minibatch_k64,text_pca256_lexical_w005
40151,2,minibatch_k64,text_pca256_lexical_w005
40152,45,minibatch_k64,text_pca256_lexical_w005
40153,21,minibatch_k64,text_pca256_lexical_w005
40154,0,minibatch_k64,text_pca256_lexical_w005
40155,62,minibatch_k64,text_pca256_lexical_w005
40156,56,minibatch_k64,text_pca256_lexical_w005
40157,15,minibatch_k64,text_pca256_lexical_w005
40158,62,minibatch_k64,text_pca256_lexical_w005
40159,62,minibatch_k64,text_pca256_lexical_w005
40160,8,minibatch_k64,text_pca256_lexical_w005
40161,62,minibatch_k64,text_pca256_lexical_w005
40162,50,minibatch_k64,text_pca256_lexical_w005
40163,0,minibatch_k64,text_pca256_lexical_w005
40164,8,minibatch_k64,text_pca256_lexical_w005
40165,50,minibatch_k64,text_pca256_lexical_w005
40166,8,minibatch_k64,text_pca256_lexical_w005
40167,33,minibatch_k64,text_pca256_lexical_w005
40168,33,minibatch_k64,text_pca256_lexical_w005
40169,33,minibatch_k64,text_pca256_lexical_w005
40170,33,minibatch_k64,text_pca256_lexical_w005
40171,0,minibatch_k64,text_pca256_lexical_w005
40172,0,minibatch_k64,text_pca256_lexical_w005
40173,62,minibatch_k64,text_pca256_lexical_w005
40174,15,minibatch_k64,text_pca256_lexical_w005
40175,15,minibatch_k64,text_pca256_lexical_w005
40176,15,minibatch_k64,text_pca256_lexical_w005
40177,33,minibatch_k64,text_pca256_lexical_w005
40178,50,minibatch_k64,text_pca256_lexical_w005
40179,0,minibatch_k64,text_pca256_lexical_w005
40180,15,minibatch_k64,text_pca256_lexical_w005
40181,21,minibatch_k64,text_pca256_lexical_w005
40182,21,minibatch_k64,text_pca256_lexical_w005
40183,62,minibatch_k64,text_pca256_lexical_w005
40184,15,minibatch_k64,text_pca256_lexical_w005
40185,50,minibatch_k64,text_pca256_lexical_w005
40186,62,minibatch_k64,text_pca256_lexical_w005
40187,15,minibatch_k64,text_pca256_lexical_w005
40188,0,minibatch_k64,text_pca256_lexical_w005
40189,0,minibatch_k64,text_pca256_lexical_w005
40190,62,minibatch_k64,text_pca256_lexical_w005
40191,33,minibatch_k64,text_pca256_lexical_w005
40192,62,minibatch_k64,text_pca256_lexical_w005
40193,21,minibatch_k64,text_pca256_lexical_w005
40194,62,minibatch_k64,text_pca256_lexical_w005
40195,15,minibatch_k64,text_pca256_lexical_w005
40196,15,minibatch_k64,text_pca256_lexical_w005
40197,15,minibatch_k64,text_pca256_lexical_w005
40198,15,minibatch_k64,text_pca256_lexical_w005
40199,15,minibatch_k64,text_pca256_lexical_w005
40200,8,minibatch_k64,text_pca256_lexical_w005
40201,0,minibatch_k64,text_pca256_lexical_w005
40202,0,minibatch_k64,text_pca256_lexical_w005
40203,15,minibatch_k64,text_pca256_lexical_w005
40204,33,minibatch_k64,text_pca256_lexical_w005
40205,33,minibatch_k64,text_pca256_lexical_w005
40206,62,minibatch_k64,text_pca256_lexical_w005
40207,56,minibatch_k64,text_pca256_lexical_w005
40208,8,minibatch_k64,text_pca256_lexical_w005
40209,50,minibatch_k64,text_pca256_lexical_w005
40210,0,minibatch_k64,text_pca256_lexical_w005
40211,33,minibatch_k64,text_pca256_lexical_w005
40212,21,minibatch_k64,text_pca256_lexical_w005
40213,33,minibatch_k64,text_pca256_lexical_w005
40214,33,minibatch_k64,text_pca256_lexical_w005
40215,0,minibatch_k64,text_pca256_lexical_w005
40216,21,minibatch_k64,text_pca256_lexical_w005
40217,45,minibatch_k64,text_pca256_lexical_w005
40218,0,minibatch_k64,text_pca256_lexical_w005
40219,15,minibatch_k64,text_pca256_lexical_w005
40220,33,minibatch_k64,text_pca256_lexical_w005
40221,0,minibatch_k64,text_pca256_lexical_w005
40222,21,minibatch_k64,text_pca256_lexical_w005
40223,33,minibatch_k64,text_pca256_lexical_w005
40224,33,minibatch_k64,text_pca256_lexical_w005
40225,62,minibatch_k64,text_pca256_lexical_w005
40226,0,minibatch_k64,text_pca256_lexical_w005
40227,62,minibatch_k64,text_pca256_lexical_w005
40228,62,minibatch_k64,text_pca256_lexical_w005
40229,21,minibatch_k64,text_pca256_lexical_w005
40230,21,minibatch_k64,text_pca256_lexical_w005
40231,15,minibatch_k64,text_pca256_lexical_w005
40232,21,minibatch_k64,text_pca256_lexical_w005
40233,0,minibatch_k64,text_pca256_lexical_w005
40234,33,minibatch_k64,text_pca256_lexical_w005
40235,33,minibatch_k64,text_pca256_lexical_w005
40236,0,minibatch_k64,text_pca256_lexical_w005
40237,33,minibatch_k64,text_pca256_lexical_w005
40238,33,minibatch_k64,text_pca256_lexical_w005
40239,33,minibatch_k64,text_pca256_lexical_w005
40240,62,minibatch_k64,text_pca256_lexical_w005
40241,62,minibatch_k64,text_pca256_lexical_w005
40242,33,minibatch_k64,text_pca256_lexical_w005
40243,21,minibatch_k64,text_pca256_lexical_w005
40244,8,minibatch_k64,text_pca256_lexical_w005
40245,21,minibatch_k64,text_pca256_lexical_w005
40246,0,minibatch_k64,text_pca256_lexical_w005
40247,15,minibatch_k64,text_pca256_lexical_w005
40248,15,minibatch_k64,text_pca256_lexical_w005
40249,33,minibatch_k64,text_pca256_lexical_w005
40250,21,minibatch_k64,text_pca256_lexical_w005
40251,8,minibatch_k64,text_pca256_lexical_w005
40252,33,minibatch_k64,text_pca256_lexical_w005
40253,62,minibatch_k64,text_pca256_lexical_w005
40254,45,minibatch_k64,text_pca256_lexical_w005
40255,15,minibatch_k64,text_pca256_lexical_w005
40256,45,minibatch_k64,text_pca256_lexical_w005
40257,45,minibatch_k64,text_pca256_lexical_w005
40258,0,minibatch_k64,text_pca256_lexical_w005
40259,15,minibatch_k64,text_pca256_lexical_w005
40260,0,minibatch_k64,text_pca256_lexical_w005
40261,62,minibatch_k64,text_pca256_lexical_w005
40262,15,minibatch_k64,text_pca256_lexical_w005
40263,21,minibatch_k64,text_pca256_lexical_w005
40264,0,minibatch_k64,text_pca256_lexical_w005
40265,0,minibatch_k64,text_pca256_lexical_w005
40266,0,minibatch_k64,text_pca256_lexical_w005
40267,23,minibatch_k64,text_pca256_lexical_w005
40268,21,minibatch_k64,text_pca256_lexical_w005
40269,33,minibatch_k64,text_pca256_lexical_w005
40270,0,minibatch_k64,text_pca256_lexical_w005
40271,33,minibatch_k64,text_pca256_lexical_w005
40272,33,minibatch_k64,text_pca256_lexical_w005
40273,33,minibatch_k64,text_pca256_lexical_w005
40274,56,minibatch_k64,text_pca256_lexical_w005
40275,0,minibatch_k64,text_pca256_lexical_w005
40276,33,minibatch_k64,text_pca256_lexical_w005
40277,33,minibatch_k64,text_pca256_lexical_w005
40278,15,minibatch_k64,text_pca256_lexical_w005
40279,15,minibatch_k64,text_pca256_lexical_w005
40280,10,minibatch_k64,text_pca256_lexical_w005
40281,8,minibatch_k64,text_pca256_lexical_w005
40282,50,minibatch_k64,text_pca256_lexical_w005
40283,21,minibatch_k64,text_pca256_lexical_w005
40284,21,minibatch_k64,text_pca256_lexical_w005
40285,21,minibatch_k64,text_pca256_lexical_w005
40286,0,minibatch_k64,text_pca256_lexical_w005
40287,50,minibatch_k64,text_pca256_lexical_w005
40288,0,minibatch_k64,text_pca256_lexical_w005
40289,21,minibatch_k64,text_pca256_lexical_w005
40290,21,minibatch_k64,text_pca256_lexical_w005
40291,0,minibatch_k64,text_pca256_lexical_w005
40292,33,minibatch_k64,text_pca256_lexical_w005
40293,33,minibatch_k64,text_pca256_lexical_w005
40294,21,minibatch_k64,text_pca256_lexical_w005
40295,62,minibatch_k64,text_pca256_lexical_w005
40296,21,minibatch_k64,text_pca256_lexical_w005
40297,10,minibatch_k64,text_pca256_lexical_w005
40298,0,minibatch_k64,text_pca256_lexical_w005
40299,21,minibatch_k64,text_pca256_lexical_w005
40300,21,minibatch_k64,text_pca256_lexical_w005
40301,21,minibatch_k64,text_pca256_lexical_w005
40302,0,minibatch_k64,text_pca256_lexical_w005
40303,21,minibatch_k64,text_pca256_lexical_w005
40304,0,minibatch_k64,text_pca256_lexical_w005
40305,0,minibatch_k64,text_pca256_lexical_w005
40306,0,minibatch_k64,text_pca256_lexical_w005
40307,42,minibatch_k64,text_pca256_lexical_w005
40308,23,minibatch_k64,text_pca256_lexical_w005
40309,8,minibatch_k64,text_pca256_lexical_w005
40310,42,minibatch_k64,text_pca256_lexical_w005
40311,42,minibatch_k64,text_pca256_lexical_w005
40312,8,minibatch_k64,text_pca256_lexical_w005
40313,42,minibatch_k64,text_pca256_lexical_w005
40314,8,minibatch_k64,text_pca256_lexical_w005
40315,42,minibatch_k64,text_pca256_lexical_w005
40316,8,minibatch_k64,text_pca256_lexical_w005
40317,42,minibatch_k64,text_pca256_lexical_w005
40318,62,minibatch_k64,text_pca256_lexical_w005
40319,8,minibatch_k64,text_pca256_lexical_w005
40320,8,minibatch_k64,text_pca256_lexical_w005
40321,8,minibatch_k64,text_pca256_lexical_w005
40322,42,minibatch_k64,text_pca256_lexical_w005
40323,42,minibatch_k64,text_pca256_lexical_w005
40324,8,minibatch_k64,text_pca256_lexical_w005
40325,8,minibatch_k64,text_pca256_lexical_w005
40326,8,minibatch_k64,text_pca256_lexical_w005
40327,23,minibatch_k64,text_pca256_lexical_w005
40328,8,minibatch_k64,text_pca256_lexical_w005
40329,33,minibatch_k64,text_pca256_lexical_w005
40330,8,minibatch_k64,text_pca256_lexical_w005
40331,42,minibatch_k64,text_pca256_lexical_w005
40332,23,minibatch_k64,text_pca256_lexical_w005
40333,62,minibatch_k64,text_pca256_lexical_w005
40334,3,minibatch_k64,text_pca256_lexical_w005
40335,23,minibatch_k64,text_pca256_lexical_w005
40336,42,minibatch_k64,text_pca256_lexical_w005
40337,42,minibatch_k64,text_pca256_lexical_w005
40338,21,minibatch_k64,text_pca256_lexical_w005
40339,23,minibatch_k64,text_pca256_lexical_w005
40340,8,minibatch_k64,text_pca256_lexical_w005
40341,42,minibatch_k64,text_pca256_lexical_w005
40342,62,minibatch_k64,text_pca256_lexical_w005
40343,8,minibatch_k64,text_pca256_lexical_w005
40344,33,minibatch_k64,text_pca256_lexical_w005
40345,21,minibatch_k64,text_pca256_lexical_w005
40346,42,minibatch_k64,text_pca256_lexical_w005
40347,42,minibatch_k64,text_pca256_lexical_w005
40348,8,minibatch_k64,text_pca256_lexical_w005
40349,62,minibatch_k64,text_pca256_lexical_w005
40350,0,minibatch_k64,text_pca256_lexical_w005
40351,45,minibatch_k64,text_pca256_lexical_w005
40352,62,minibatch_k64,text_pca256_lexical_w005
40353,62,minibatch_k64,text_pca256_lexical_w005
40354,8,minibatch_k64,text_pca256_lexical_w005
40355,62,minibatch_k64,text_pca256_lexical_w005
40356,0,minibatch_k64,text_pca256_lexical_w005
40357,0,minibatch_k64,text_pca256_lexical_w005
40358,15,minibatch_k64,text_pca256_lexical_w005
40359,0,minibatch_k64,text_pca256_lexical_w005
40360,0,minibatch_k64,text_pca256_lexical_w005
40361,5,minibatch_k64,text_pca256_lexical_w005
40362,45,minibatch_k64,text_pca256_lexical_w005
40363,8,minibatch_k64,text_pca256_lexical_w005
40364,62,minibatch_k64,text_pca256_lexical_w005
40365,0,minibatch_k64,text_pca256_lexical_w005
40366,15,minibatch_k64,text_pca256_lexical_w005
40367,21,minibatch_k64,text_pca256_lexical_w005
40368,0,minibatch_k64,text_pca256_lexical_w005
40369,42,minibatch_k64,text_pca256_lexical_w005
40370,10,minibatch_k64,text_pca256_lexical_w005
40371,21,minibatch_k64,text_pca256_lexical_w005
40372,21,minibatch_k64,text_pca256_lexical_w005
40373,62,minibatch_k64,text_pca256_lexical_w005
40374,0,minibatch_k64,text_pca256_lexical_w005
40375,0,minibatch_k64,text_pca256_lexical_w005
40376,62,minibatch_k64,text_pca256_lexical_w005
40377,21,minibatch_k64,text_pca256_lexical_w005
40378,5,minibatch_k64,text_pca256_lexical_w005
40379,45,minibatch_k64,text_pca256_lexical_w005
40380,4,minibatch_k64,text_pca256_lexical_w005
40381,21,minibatch_k64,text_pca256_lexical_w005
40382,0,minibatch_k64,text_pca256_lexical_w005
40383,8,minibatch_k64,text_pca256_lexical_w005
40384,10,minibatch_k64,text_pca256_lexical_w005
40385,8,minibatch_k64,text_pca256_lexical_w005
40386,0,minibatch_k64,text_pca256_lexical_w005
40387,26,minibatch_k64,text_pca256_lexical_w005
40388,45,minibatch_k64,text_pca256_lexical_w005
40389,8,minibatch_k64,text_pca256_lexical_w005
40390,15,minibatch_k64,text_pca256_lexical_w005
40391,52,minibatch_k64,text_pca256_lexical_w005
40392,15,minibatch_k64,text_pca256_lexical_w005
40393,4,minibatch_k64,text_pca256_lexical_w005
40394,62,minibatch_k64,text_pca256_lexical_w005
40395,0,minibatch_k64,text_pca256_lexical_w005
40396,23,minibatch_k64,text_pca256_lexical_w005
40397,0,minibatch_k64,text_pca256_lexical_w005
40398,0,minibatch_k64,text_pca256_lexical_w005
40399,0,minibatch_k64,text_pca256_lexical_w005
40400,52,minibatch_k64,text_pca256_lexical_w005
40401,14,minibatch_k64,text_pca256_lexical_w005
40402,62,minibatch_k64,text_pca256_lexical_w005
40403,0,minibatch_k64,text_pca256_lexical_w005
40404,45,minibatch_k64,text_pca256_lexical_w005
40405,38,minibatch_k64,text_pca256_lexical_w005
40406,58,minibatch_k64,text_pca256_lexical_w005
40407,45,minibatch_k64,text_pca256_lexical_w005
40408,55,minibatch_k64,text_pca256_lexical_w005
40409,13,minibatch_k64,text_pca256_lexical_w005
40410,25,minibatch_k64,text_pca256_lexical_w005
40411,4,minibatch_k64,text_pca256_lexical_w005
40412,8,minibatch_k64,text_pca256_lexical_w005
40413,0,minibatch_k64,text_pca256_lexical_w005
40414,0,minibatch_k64,text_pca256_lexical_w005
40415,21,minibatch_k64,text_pca256_lexical_w005
40416,21,minibatch_k64,text_pca256_lexical_w005
40417,42,minibatch_k64,text_pca256_lexical_w005
40418,21,minibatch_k64,text_pca256_lexical_w005
40419,10,minibatch_k64,text_pca256_lexical_w005
40420,0,minibatch_k64,text_pca256_lexical_w005
40421,62,minibatch_k64,text_pca256_lexical_w005
40422,8,minibatch_k64,text_pca256_lexical_w005
40423,59,minibatch_k64,text_pca256_lexical_w005
40424,62,minibatch_k64,text_pca256_lexical_w005
40425,8,minibatch_k64,text_pca256_lexical_w005
40426,15,minibatch_k64,text_pca256_lexical_w005
40427,59,minibatch_k64,text_pca256_lexical_w005
40428,2,minibatch_k64,text_pca256_lexical_w005
40429,47,minibatch_k64,text_pca256_lexical_w005
40430,15,minibatch_k64,text_pca256_lexical_w005
40431,62,minibatch_k64,text_pca256_lexical_w005
40432,10,minibatch_k64,text_pca256_lexical_w005
40433,4,minibatch_k64,text_pca256_lexical_w005
40434,59,minibatch_k64,text_pca256_lexical_w005
40435,15,minibatch_k64,text_pca256_lexical_w005
40436,62,minibatch_k64,text_pca256_lexical_w005
40437,0,minibatch_k64,text_pca256_lexical_w005
40438,0,minibatch_k64,text_pca256_lexical_w005
40439,59,minibatch_k64,text_pca256_lexical_w005
40440,4,minibatch_k64,text_pca256_lexical_w005
40441,23,minibatch_k64,text_pca256_lexical_w005
40442,62,minibatch_k64,text_pca256_lexical_w005
40443,8,minibatch_k64,text_pca256_lexical_w005
40444,0,minibatch_k64,text_pca256_lexical_w005
40445,4,minibatch_k64,text_pca256_lexical_w005
40446,62,minibatch_k64,text_pca256_lexical_w005
40447,15,minibatch_k64,text_pca256_lexical_w005
40448,59,minibatch_k64,text_pca256_lexical_w005
40449,0,minibatch_k64,text_pca256_lexical_w005
40450,62,minibatch_k64,text_pca256_lexical_w005
40451,0,minibatch_k64,text_pca256_lexical_w005
40452,0,minibatch_k64,text_pca256_lexical_w005
40453,15,minibatch_k64,text_pca256_lexical_w005
40454,39,minibatch_k64,text_pca256_lexical_w005
40455,53,minibatch_k64,text_pca256_lexical_w005
40456,50,minibatch_k64,text_pca256_lexical_w005
40457,0,minibatch_k64,text_pca256_lexical_w005
40458,0,minibatch_k64,text_pca256_lexical_w005
40459,62,minibatch_k64,text_pca256_lexical_w005
40460,62,minibatch_k64,text_pca256_lexical_w005
40461,0,minibatch_k64,text_pca256_lexical_w005
40462,21,minibatch_k64,text_pca256_lexical_w005
40463,52,minibatch_k64,text_pca256_lexical_w005
40464,62,minibatch_k64,text_pca256_lexical_w005
40465,29,minibatch_k64,text_pca256_lexical_w005
40466,0,minibatch_k64,text_pca256_lexical_w005
40467,21,minibatch_k64,text_pca256_lexical_w005
40468,59,minibatch_k64,text_pca256_lexical_w005
40469,23,minibatch_k64,text_pca256_lexical_w005
40470,39,minibatch_k64,text_pca256_lexical_w005
40471,0,minibatch_k64,text_pca256_lexical_w005
40472,15,minibatch_k64,text_pca256_lexical_w005
40473,50,minibatch_k64,text_pca256_lexical_w005
40474,0,minibatch_k64,text_pca256_lexical_w005
40475,8,minibatch_k64,text_pca256_lexical_w005
40476,4,minibatch_k64,text_pca256_lexical_w005
40477,0,minibatch_k64,text_pca256_lexical_w005
40478,62,minibatch_k64,text_pca256_lexical_w005
40479,52,minibatch_k64,text_pca256_lexical_w005
40480,62,minibatch_k64,text_pca256_lexical_w005
40481,0,minibatch_k64,text_pca256_lexical_w005
40482,14,minibatch_k64,text_pca256_lexical_w005
40483,5,minibatch_k64,text_pca256_lexical_w005
40484,5,minibatch_k64,text_pca256_lexical_w005
40485,62,minibatch_k64,text_pca256_lexical_w005
40486,62,minibatch_k64,text_pca256_lexical_w005
40487,5,minibatch_k64,text_pca256_lexical_w005
40488,45,minibatch_k64,text_pca256_lexical_w005
40489,58,minibatch_k64,text_pca256_lexical_w005
40490,38,minibatch_k64,text_pca256_lexical_w005
40491,0,minibatch_k64,text_pca256_lexical_w005
40492,55,minibatch_k64,text_pca256_lexical_w005
40493,45,minibatch_k64,text_pca256_lexical_w005
40494,23,minibatch_k64,text_pca256_lexical_w005
40495,33,minibatch_k64,text_pca256_lexical_w005
40496,25,minibatch_k64,text_pca256_lexical_w005
40497,0,minibatch_k64,text_pca256_lexical_w005
40498,23,minibatch_k64,text_pca256_lexical_w005
40499,33,minibatch_k64,text_pca256_lexical_w005
40500,0,minibatch_k64,text_pca256_lexical_w005
40501,21,minibatch_k64,text_pca256_lexical_w005
40502,14,minibatch_k64,text_pca256_lexical_w005
40503,4,minibatch_k64,text_pca256_lexical_w005
40504,52,minibatch_k64,text_pca256_lexical_w005
40505,0,minibatch_k64,text_pca256_lexical_w005
40506,0,minibatch_k64,text_pca256_lexical_w005
40507,42,minibatch_k64,text_pca256_lexical_w005
40508,42,minibatch_k64,text_pca256_lexical_w005
40509,15,minibatch_k64,text_pca256_lexical_w005
40510,15,minibatch_k64,text_pca256_lexical_w005
40511,8,minibatch_k64,text_pca256_lexical_w005
40512,8,minibatch_k64,text_pca256_lexical_w005
40513,45,minibatch_k64,text_pca256_lexical_w005
40514,45,minibatch_k64,text_pca256_lexical_w005
40515,0,minibatch_k64,text_pca256_lexical_w005
40516,38,minibatch_k64,text_pca256_lexical_w005
40517,58,minibatch_k64,text_pca256_lexical_w005
40518,45,minibatch_k64,text_pca256_lexical_w005
40519,45,minibatch_k64,text_pca256_lexical_w005
40520,55,minibatch_k64,text_pca256_lexical_w005
40521,25,minibatch_k64,text_pca256_lexical_w005
40522,15,minibatch_k64,text_pca256_lexical_w005
40523,62,minibatch_k64,text_pca256_lexical_w005
40524,4,minibatch_k64,text_pca256_lexical_w005
40525,4,minibatch_k64,text_pca256_lexical_w005
40526,8,minibatch_k64,text_pca256_lexical_w005
40527,0,minibatch_k64,text_pca256_lexical_w005
40528,0,minibatch_k64,text_pca256_lexical_w005
40529,62,minibatch_k64,text_pca256_lexical_w005
40530,0,minibatch_k64,text_pca256_lexical_w005
40531,0,minibatch_k64,text_pca256_lexical_w005
40532,42,minibatch_k64,text_pca256_lexical_w005
40533,14,minibatch_k64,text_pca256_lexical_w005
40534,58,minibatch_k64,text_pca256_lexical_w005
40535,45,minibatch_k64,text_pca256_lexical_w005
40536,38,minibatch_k64,text_pca256_lexical_w005
40537,23,minibatch_k64,text_pca256_lexical_w005
40538,55,minibatch_k64,text_pca256_lexical_w005
40539,13,minibatch_k64,text_pca256_lexical_w005
40540,50,minibatch_k64,text_pca256_lexical_w005
40541,23,minibatch_k64,text_pca256_lexical_w005
40542,25,minibatch_k64,text_pca256_lexical_w005
40543,50,minibatch_k64,text_pca256_lexical_w005
40544,62,minibatch_k64,text_pca256_lexical_w005
40545,23,minibatch_k64,text_pca256_lexical_w005
40546,8,minibatch_k64,text_pca256_lexical_w005
40547,0,minibatch_k64,text_pca256_lexical_w005
40548,0,minibatch_k64,text_pca256_lexical_w005
40549,45,minibatch_k64,text_pca256_lexical_w005
40550,15,minibatch_k64,text_pca256_lexical_w005
40551,59,minibatch_k64,text_pca256_lexical_w005
40552,50,minibatch_k64,text_pca256_lexical_w005
40553,50,minibatch_k64,text_pca256_lexical_w005
40554,5,minibatch_k64,text_pca256_lexical_w005
40555,33,minibatch_k64,text_pca256_lexical_w005
40556,0,minibatch_k64,text_pca256_lexical_w005
40557,0,minibatch_k64,text_pca256_lexical_w005
40558,14,minibatch_k64,text_pca256_lexical_w005
40559,0,minibatch_k64,text_pca256_lexical_w005
40560,23,minibatch_k64,text_pca256_lexical_w005
40561,33,minibatch_k64,text_pca256_lexical_w005
40562,45,minibatch_k64,text_pca256_lexical_w005
40563,58,minibatch_k64,text_pca256_lexical_w005
40564,58,minibatch_k64,text_pca256_lexical_w005
40565,55,minibatch_k64,text_pca256_lexical_w005
40566,13,minibatch_k64,text_pca256_lexical_w005
40567,25,minibatch_k64,text_pca256_lexical_w005
40568,4,minibatch_k64,text_pca256_lexical_w005
40569,23,minibatch_k64,text_pca256_lexical_w005
40570,53,minibatch_k64,text_pca256_lexical_w005
40571,0,minibatch_k64,text_pca256_lexical_w005
40572,15,minibatch_k64,text_pca256_lexical_w005
40573,0,minibatch_k64,text_pca256_lexical_w005
40574,53,minibatch_k64,text_pca256_lexical_w005
40575,15,minibatch_k64,text_pca256_lexical_w005
40576,23,minibatch_k64,text_pca256_lexical_w005
40577,14,minibatch_k64,text_pca256_lexical_w005
40578,45,minibatch_k64,text_pca256_lexical_w005
40579,33,minibatch_k64,text_pca256_lexical_w005
40580,58,minibatch_k64,text_pca256_lexical_w005
40581,58,minibatch_k64,text_pca256_lexical_w005
40582,4,minibatch_k64,text_pca256_lexical_w005
40583,45,minibatch_k64,text_pca256_lexical_w005
40584,55,minibatch_k64,text_pca256_lexical_w005
40585,13,minibatch_k64,text_pca256_lexical_w005
40586,62,minibatch_k64,text_pca256_lexical_w005
40587,25,minibatch_k64,text_pca256_lexical_w005
40588,50,minibatch_k64,text_pca256_lexical_w005
40589,50,minibatch_k64,text_pca256_lexical_w005
40590,0,minibatch_k64,text_pca256_lexical_w005
40591,10,minibatch_k64,text_pca256_lexical_w005
40592,5,minibatch_k64,text_pca256_lexical_w005
40593,62,minibatch_k64,text_pca256_lexical_w005
40594,15,minibatch_k64,text_pca256_lexical_w005
40595,21,minibatch_k64,text_pca256_lexical_w005
40596,61,minibatch_k64,text_pca256_lexical_w005
40597,0,minibatch_k64,text_pca256_lexical_w005
40598,53,minibatch_k64,text_pca256_lexical_w005
40599,23,minibatch_k64,text_pca256_lexical_w005
40600,0,minibatch_k64,text_pca256_lexical_w005
40601,33,minibatch_k64,text_pca256_lexical_w005
40602,0,minibatch_k64,text_pca256_lexical_w005
40603,62,minibatch_k64,text_pca256_lexical_w005
40604,8,minibatch_k64,text_pca256_lexical_w005
40605,61,minibatch_k64,text_pca256_lexical_w005
40606,45,minibatch_k64,text_pca256_lexical_w005
40607,0,minibatch_k64,text_pca256_lexical_w005
40608,58,minibatch_k64,text_pca256_lexical_w005
40609,58,minibatch_k64,text_pca256_lexical_w005
40610,55,minibatch_k64,text_pca256_lexical_w005
40611,13,minibatch_k64,text_pca256_lexical_w005
40612,25,minibatch_k64,text_pca256_lexical_w005
40613,0,minibatch_k64,text_pca256_lexical_w005
40614,50,minibatch_k64,text_pca256_lexical_w005
40615,50,minibatch_k64,text_pca256_lexical_w005
40616,21,minibatch_k64,text_pca256_lexical_w005
40617,53,minibatch_k64,text_pca256_lexical_w005
40618,62,minibatch_k64,text_pca256_lexical_w005
40619,33,minibatch_k64,text_pca256_lexical_w005
40620,14,minibatch_k64,text_pca256_lexical_w005
40621,62,minibatch_k64,text_pca256_lexical_w005
40622,8,minibatch_k64,text_pca256_lexical_w005
40623,10,minibatch_k64,text_pca256_lexical_w005
40624,58,minibatch_k64,text_pca256_lexical_w005
40625,45,minibatch_k64,text_pca256_lexical_w005
40626,58,minibatch_k64,text_pca256_lexical_w005
40627,55,minibatch_k64,text_pca256_lexical_w005
40628,13,minibatch_k64,text_pca256_lexical_w005
40629,14,minibatch_k64,text_pca256_lexical_w005
40630,5,minibatch_k64,text_pca256_lexical_w005
40631,0,minibatch_k64,text_pca256_lexical_w005
40632,25,minibatch_k64,text_pca256_lexical_w005
40633,8,minibatch_k64,text_pca256_lexical_w005
40634,59,minibatch_k64,text_pca256_lexical_w005
40635,23,minibatch_k64,text_pca256_lexical_w005
40636,8,minibatch_k64,text_pca256_lexical_w005
40637,39,minibatch_k64,text_pca256_lexical_w005
40638,21,minibatch_k64,text_pca256_lexical_w005
40639,53,minibatch_k64,text_pca256_lexical_w005
40640,8,minibatch_k64,text_pca256_lexical_w005
40641,0,minibatch_k64,text_pca256_lexical_w005
40642,53,minibatch_k64,text_pca256_lexical_w005
40643,15,minibatch_k64,text_pca256_lexical_w005
40644,62,minibatch_k64,text_pca256_lexical_w005
40645,14,minibatch_k64,text_pca256_lexical_w005
40646,45,minibatch_k64,text_pca256_lexical_w005
40647,0,minibatch_k64,text_pca256_lexical_w005
40648,10,minibatch_k64,text_pca256_lexical_w005
40649,15,minibatch_k64,text_pca256_lexical_w005
40650,0,minibatch_k64,text_pca256_lexical_w005
40651,10,minibatch_k64,text_pca256_lexical_w005
40652,47,minibatch_k64,text_pca256_lexical_w005
40653,5,minibatch_k64,text_pca256_lexical_w005
40654,0,minibatch_k64,text_pca256_lexical_w005
40655,29,minibatch_k64,text_pca256_lexical_w005
40656,8,minibatch_k64,text_pca256_lexical_w005
40657,0,minibatch_k64,text_pca256_lexical_w005
40658,62,minibatch_k64,text_pca256_lexical_w005
40659,0,minibatch_k64,text_pca256_lexical_w005
40660,8,minibatch_k64,text_pca256_lexical_w005
40661,4,minibatch_k64,text_pca256_lexical_w005
40662,8,minibatch_k64,text_pca256_lexical_w005
40663,0,minibatch_k64,text_pca256_lexical_w005
40664,0,minibatch_k64,text_pca256_lexical_w005
40665,42,minibatch_k64,text_pca256_lexical_w005
40666,4,minibatch_k64,text_pca256_lexical_w005
40667,0,minibatch_k64,text_pca256_lexical_w005
40668,8,minibatch_k64,text_pca256_lexical_w005
40669,10,minibatch_k64,text_pca256_lexical_w005
40670,0,minibatch_k64,text_pca256_lexical_w005
40671,4,minibatch_k64,text_pca256_lexical_w005
40672,23,minibatch_k64,text_pca256_lexical_w005
40673,62,minibatch_k64,text_pca256_lexical_w005
40674,15,minibatch_k64,text_pca256_lexical_w005
40675,8,minibatch_k64,text_pca256_lexical_w005
40676,0,minibatch_k64,text_pca256_lexical_w005
40677,59,minibatch_k64,text_pca256_lexical_w005
40678,18,minibatch_k64,text_pca256_lexical_w005
40679,8,minibatch_k64,text_pca256_lexical_w005
40680,62,minibatch_k64,text_pca256_lexical_w005
40681,0,minibatch_k64,text_pca256_lexical_w005
40682,15,minibatch_k64,text_pca256_lexical_w005
40683,62,minibatch_k64,text_pca256_lexical_w005
40684,39,minibatch_k64,text_pca256_lexical_w005
40685,62,minibatch_k64,text_pca256_lexical_w005
40686,0,minibatch_k64,text_pca256_lexical_w005
40687,62,minibatch_k64,text_pca256_lexical_w005
40688,62,minibatch_k64,text_pca256_lexical_w005
40689,8,minibatch_k64,text_pca256_lexical_w005
40690,42,minibatch_k64,text_pca256_lexical_w005
40691,0,minibatch_k64,text_pca256_lexical_w005
40692,0,minibatch_k64,text_pca256_lexical_w005
40693,4,minibatch_k64,text_pca256_lexical_w005
40694,62,minibatch_k64,text_pca256_lexical_w005
40695,0,minibatch_k64,text_pca256_lexical_w005
40696,0,minibatch_k64,text_pca256_lexical_w005
40697,45,minibatch_k64,text_pca256_lexical_w005
40698,0,minibatch_k64,text_pca256_lexical_w005
40699,62,minibatch_k64,text_pca256_lexical_w005
40700,45,minibatch_k64,text_pca256_lexical_w005
40701,0,minibatch_k64,text_pca256_lexical_w005
40702,0,minibatch_k64,text_pca256_lexical_w005
40703,45,minibatch_k64,text_pca256_lexical_w005
40704,23,minibatch_k64,text_pca256_lexical_w005
40705,62,minibatch_k64,text_pca256_lexical_w005
40706,45,minibatch_k64,text_pca256_lexical_w005
40707,4,minibatch_k64,text_pca256_lexical_w005
40708,8,minibatch_k64,text_pca256_lexical_w005
40709,0,minibatch_k64,text_pca256_lexical_w005
40710,4,minibatch_k64,text_pca256_lexical_w005
40711,45,minibatch_k64,text_pca256_lexical_w005
40712,45,minibatch_k64,text_pca256_lexical_w005
40713,45,minibatch_k64,text_pca256_lexical_w005
40714,23,minibatch_k64,text_pca256_lexical_w005
40715,45,minibatch_k64,text_pca256_lexical_w005
40716,45,minibatch_k64,text_pca256_lexical_w005
40717,23,minibatch_k64,text_pca256_lexical_w005
40718,45,minibatch_k64,text_pca256_lexical_w005
40719,4,minibatch_k64,text_pca256_lexical_w005
40720,23,minibatch_k64,text_pca256_lexical_w005
40721,4,minibatch_k64,text_pca256_lexical_w005
40722,23,minibatch_k64,text_pca256_lexical_w005
40723,45,minibatch_k64,text_pca256_lexical_w005
40724,45,minibatch_k64,text_pca256_lexical_w005
40725,4,minibatch_k64,text_pca256_lexical_w005
40726,45,minibatch_k64,text_pca256_lexical_w005
40727,59,minibatch_k64,text_pca256_lexical_w005
40728,10,minibatch_k64,text_pca256_lexical_w005
40729,45,minibatch_k64,text_pca256_lexical_w005
40730,45,minibatch_k64,text_pca256_lexical_w005
40731,45,minibatch_k64,text_pca256_lexical_w005
40732,0,minibatch_k64,text_pca256_lexical_w005
40733,4,minibatch_k64,text_pca256_lexical_w005
40734,15,minibatch_k64,text_pca256_lexical_w005
40735,4,minibatch_k64,text_pca256_lexical_w005
40736,0,minibatch_k64,text_pca256_lexical_w005
40737,0,minibatch_k64,text_pca256_lexical_w005
40738,45,minibatch_k64,text_pca256_lexical_w005
40739,0,minibatch_k64,text_pca256_lexical_w005
40740,8,minibatch_k64,text_pca256_lexical_w005
40741,23,minibatch_k64,text_pca256_lexical_w005
40742,23,minibatch_k64,text_pca256_lexical_w005
40743,10,minibatch_k64,text_pca256_lexical_w005
40744,0,minibatch_k64,text_pca256_lexical_w005
40745,53,minibatch_k64,text_pca256_lexical_w005
40746,43,minibatch_k64,text_pca256_lexical_w005
40747,10,minibatch_k64,text_pca256_lexical_w005
40748,62,minibatch_k64,text_pca256_lexical_w005
40749,62,minibatch_k64,text_pca256_lexical_w005
40750,45,minibatch_k64,text_pca256_lexical_w005
40751,0,minibatch_k64,text_pca256_lexical_w005
40752,62,minibatch_k64,text_pca256_lexical_w005
40753,23,minibatch_k64,text_pca256_lexical_w005
40754,45,minibatch_k64,text_pca256_lexical_w005
40755,62,minibatch_k64,text_pca256_lexical_w005
40756,10,minibatch_k64,text_pca256_lexical_w005
40757,0,minibatch_k64,text_pca256_lexical_w005
40758,62,minibatch_k64,text_pca256_lexical_w005
40759,45,minibatch_k64,text_pca256_lexical_w005
40760,2,minibatch_k64,text_pca256_lexical_w005
40761,62,minibatch_k64,text_pca256_lexical_w005
40762,53,minibatch_k64,text_pca256_lexical_w005
40763,0,minibatch_k64,text_pca256_lexical_w005
40764,62,minibatch_k64,text_pca256_lexical_w005
40765,0,minibatch_k64,text_pca256_lexical_w005
40766,0,minibatch_k64,text_pca256_lexical_w005
40767,45,minibatch_k64,text_pca256_lexical_w005
40768,53,minibatch_k64,text_pca256_lexical_w005
40769,4,minibatch_k64,text_pca256_lexical_w005
40770,4,minibatch_k64,text_pca256_lexical_w005
40771,45,minibatch_k64,text_pca256_lexical_w005
40772,5,minibatch_k64,text_pca256_lexical_w005
40773,0,minibatch_k64,text_pca256_lexical_w005
40774,5,minibatch_k64,text_pca256_lexical_w005
40775,5,minibatch_k64,text_pca256_lexical_w005
40776,4,minibatch_k64,text_pca256_lexical_w005
40777,5,minibatch_k64,text_pca256_lexical_w005
40778,5,minibatch_k64,text_pca256_lexical_w005
40779,15,minibatch_k64,text_pca256_lexical_w005
40780,0,minibatch_k64,text_pca256_lexical_w005
40781,15,minibatch_k64,text_pca256_lexical_w005
40782,0,minibatch_k64,text_pca256_lexical_w005
40783,14,minibatch_k64,text_pca256_lexical_w005
40784,58,minibatch_k64,text_pca256_lexical_w005
40785,58,minibatch_k64,text_pca256_lexical_w005
40786,8,minibatch_k64,text_pca256_lexical_w005
40787,55,minibatch_k64,text_pca256_lexical_w005
40788,13,minibatch_k64,text_pca256_lexical_w005
40789,8,minibatch_k64,text_pca256_lexical_w005
40790,0,minibatch_k64,text_pca256_lexical_w005
40791,25,minibatch_k64,text_pca256_lexical_w005
40792,4,minibatch_k64,text_pca256_lexical_w005
40793,8,minibatch_k64,text_pca256_lexical_w005
40794,62,minibatch_k64,text_pca256_lexical_w005
40795,5,minibatch_k64,text_pca256_lexical_w005
40796,56,minibatch_k64,text_pca256_lexical_w005
40797,0,minibatch_k64,text_pca256_lexical_w005
40798,0,minibatch_k64,text_pca256_lexical_w005
40799,59,minibatch_k64,text_pca256_lexical_w005
40800,62,minibatch_k64,text_pca256_lexical_w005
40801,0,minibatch_k64,text_pca256_lexical_w005
40802,8,minibatch_k64,text_pca256_lexical_w005
40803,62,minibatch_k64,text_pca256_lexical_w005
40804,8,minibatch_k64,text_pca256_lexical_w005
40805,53,minibatch_k64,text_pca256_lexical_w005
40806,14,minibatch_k64,text_pca256_lexical_w005
40807,0,minibatch_k64,text_pca256_lexical_w005
40808,45,minibatch_k64,text_pca256_lexical_w005
40809,62,minibatch_k64,text_pca256_lexical_w005
40810,0,minibatch_k64,text_pca256_lexical_w005
40811,33,minibatch_k64,text_pca256_lexical_w005
40812,25,minibatch_k64,text_pca256_lexical_w005
40813,45,minibatch_k64,text_pca256_lexical_w005
40814,58,minibatch_k64,text_pca256_lexical_w005
40815,58,minibatch_k64,text_pca256_lexical_w005
40816,4,minibatch_k64,text_pca256_lexical_w005
40817,55,minibatch_k64,text_pca256_lexical_w005
40818,22,minibatch_k64,text_pca256_lexical_w005
40819,62,minibatch_k64,text_pca256_lexical_w005
40820,59,minibatch_k64,text_pca256_lexical_w005
40821,21,minibatch_k64,text_pca256_lexical_w005
40822,42,minibatch_k64,text_pca256_lexical_w005
40823,53,minibatch_k64,text_pca256_lexical_w005
40824,33,minibatch_k64,text_pca256_lexical_w005
40825,14,minibatch_k64,text_pca256_lexical_w005
40826,62,minibatch_k64,text_pca256_lexical_w005
40827,58,minibatch_k64,text_pca256_lexical_w005
40828,38,minibatch_k64,text_pca256_lexical_w005
40829,4,minibatch_k64,text_pca256_lexical_w005
40830,55,minibatch_k64,text_pca256_lexical_w005
40831,63,minibatch_k64,text_pca256_lexical_w005
40832,59,minibatch_k64,text_pca256_lexical_w005
40833,15,minibatch_k64,text_pca256_lexical_w005
40834,62,minibatch_k64,text_pca256_lexical_w005
40835,25,minibatch_k64,text_pca256_lexical_w005
40836,53,minibatch_k64,text_pca256_lexical_w005
40837,33,minibatch_k64,text_pca256_lexical_w005
40838,10,minibatch_k64,text_pca256_lexical_w005
40839,0,minibatch_k64,text_pca256_lexical_w005
40840,0,minibatch_k64,text_pca256_lexical_w005
40841,53,minibatch_k64,text_pca256_lexical_w005
40842,59,minibatch_k64,text_pca256_lexical_w005
40843,0,minibatch_k64,text_pca256_lexical_w005
40844,8,minibatch_k64,text_pca256_lexical_w005
40845,14,minibatch_k64,text_pca256_lexical_w005
40846,38,minibatch_k64,text_pca256_lexical_w005
40847,36,minibatch_k64,text_pca256_lexical_w005
40848,0,minibatch_k64,text_pca256_lexical_w005
40849,2,minibatch_k64,text_pca256_lexical_w005
40850,15,minibatch_k64,text_pca256_lexical_w005
40851,23,minibatch_k64,text_pca256_lexical_w005
40852,50,minibatch_k64,text_pca256_lexical_w005
40853,23,minibatch_k64,text_pca256_lexical_w005
40854,0,minibatch_k64,text_pca256_lexical_w005
40855,8,minibatch_k64,text_pca256_lexical_w005
40856,39,minibatch_k64,text_pca256_lexical_w005
40857,0,minibatch_k64,text_pca256_lexical_w005
40858,0,minibatch_k64,text_pca256_lexical_w005
40859,39,minibatch_k64,text_pca256_lexical_w005
40860,39,minibatch_k64,text_pca256_lexical_w005
40861,14,minibatch_k64,text_pca256_lexical_w005
40862,0,minibatch_k64,text_pca256_lexical_w005
40863,33,minibatch_k64,text_pca256_lexical_w005
40864,38,minibatch_k64,text_pca256_lexical_w005
40865,42,minibatch_k64,text_pca256_lexical_w005
40866,36,minibatch_k64,text_pca256_lexical_w005
40867,59,minibatch_k64,text_pca256_lexical_w005
40868,55,minibatch_k64,text_pca256_lexical_w005
40869,13,minibatch_k64,text_pca256_lexical_w005
40870,25,minibatch_k64,text_pca256_lexical_w005
40871,62,minibatch_k64,text_pca256_lexical_w005
40872,53,minibatch_k64,text_pca256_lexical_w005
40873,33,minibatch_k64,text_pca256_lexical_w005
40874,0,minibatch_k64,text_pca256_lexical_w005
40875,42,minibatch_k64,text_pca256_lexical_w005
40876,33,minibatch_k64,text_pca256_lexical_w005
40877,62,minibatch_k64,text_pca256_lexical_w005
40878,8,minibatch_k64,text_pca256_lexical_w005
40879,62,minibatch_k64,text_pca256_lexical_w005
40880,23,minibatch_k64,text_pca256_lexical_w005
40881,8,minibatch_k64,text_pca256_lexical_w005
40882,62,minibatch_k64,text_pca256_lexical_w005
40883,39,minibatch_k64,text_pca256_lexical_w005
40884,39,minibatch_k64,text_pca256_lexical_w005
40885,62,minibatch_k64,text_pca256_lexical_w005
40886,62,minibatch_k64,text_pca256_lexical_w005
40887,62,minibatch_k64,text_pca256_lexical_w005
40888,62,minibatch_k64,text_pca256_lexical_w005
40889,62,minibatch_k64,text_pca256_lexical_w005
40890,62,minibatch_k64,text_pca256_lexical_w005
40891,62,minibatch_k64,text_pca256_lexical_w005
40892,62,minibatch_k64,text_pca256_lexical_w005
40893,62,minibatch_k64,text_pca256_lexical_w005
40894,62,minibatch_k64,text_pca256_lexical_w005
40895,62,minibatch_k64,text_pca256_lexical_w005
40896,62,minibatch_k64,text_pca256_lexical_w005
40897,62,minibatch_k64,text_pca256_lexical_w005
40898,25,minibatch_k64,text_pca256_lexical_w005
40899,0,minibatch_k64,text_pca256_lexical_w005
40900,0,minibatch_k64,text_pca256_lexical_w005
40901,62,minibatch_k64,text_pca256_lexical_w005
40902,33,minibatch_k64,text_pca256_lexical_w005
40903,62,minibatch_k64,text_pca256_lexical_w005
40904,18,minibatch_k64,text_pca256_lexical_w005
40905,20,minibatch_k64,text_pca256_lexical_w005
40906,2,minibatch_k64,text_pca256_lexical_w005
40907,20,minibatch_k64,text_pca256_lexical_w005
40908,0,minibatch_k64,text_pca256_lexical_w005
40909,50,minibatch_k64,text_pca256_lexical_w005
40910,0,minibatch_k64,text_pca256_lexical_w005
40911,56,minibatch_k64,text_pca256_lexical_w005
40912,8,minibatch_k64,text_pca256_lexical_w005
40913,8,minibatch_k64,text_pca256_lexical_w005
40914,42,minibatch_k64,text_pca256_lexical_w005
40915,4,minibatch_k64,text_pca256_lexical_w005
40916,2,minibatch_k64,text_pca256_lexical_w005
40917,45,minibatch_k64,text_pca256_lexical_w005
40918,8,minibatch_k64,text_pca256_lexical_w005
40919,2,minibatch_k64,text_pca256_lexical_w005
40920,15,minibatch_k64,text_pca256_lexical_w005
40921,23,minibatch_k64,text_pca256_lexical_w005
40922,23,minibatch_k64,text_pca256_lexical_w005
40923,59,minibatch_k64,text_pca256_lexical_w005
40924,8,minibatch_k64,text_pca256_lexical_w005
40925,23,minibatch_k64,text_pca256_lexical_w005
40926,21,minibatch_k64,text_pca256_lexical_w005
40927,0,minibatch_k64,text_pca256_lexical_w005
40928,15,minibatch_k64,text_pca256_lexical_w005
40929,62,minibatch_k64,text_pca256_lexical_w005
40930,8,minibatch_k64,text_pca256_lexical_w005
40931,10,minibatch_k64,text_pca256_lexical_w005
40932,33,minibatch_k64,text_pca256_lexical_w005
40933,53,minibatch_k64,text_pca256_lexical_w005
40934,2,minibatch_k64,text_pca256_lexical_w005
40935,15,minibatch_k64,text_pca256_lexical_w005
40936,56,minibatch_k64,text_pca256_lexical_w005
40937,45,minibatch_k64,text_pca256_lexical_w005
40938,39,minibatch_k64,text_pca256_lexical_w005
40939,39,minibatch_k64,text_pca256_lexical_w005
40940,39,minibatch_k64,text_pca256_lexical_w005
40941,39,minibatch_k64,text_pca256_lexical_w005
40942,45,minibatch_k64,text_pca256_lexical_w005
40943,14,minibatch_k64,text_pca256_lexical_w005
40944,18,minibatch_k64,text_pca256_lexical_w005
40945,18,minibatch_k64,text_pca256_lexical_w005
40946,33,minibatch_k64,text_pca256_lexical_w005
40947,15,minibatch_k64,text_pca256_lexical_w005
40948,15,minibatch_k64,text_pca256_lexical_w005
40949,62,minibatch_k64,text_pca256_lexical_w005
40950,47,minibatch_k64,text_pca256_lexical_w005
40951,15,minibatch_k64,text_pca256_lexical_w005
40952,38,minibatch_k64,text_pca256_lexical_w005
40953,0,minibatch_k64,text_pca256_lexical_w005
40954,55,minibatch_k64,text_pca256_lexical_w005
40955,13,minibatch_k64,text_pca256_lexical_w005
40956,53,minibatch_k64,text_pca256_lexical_w005
40957,62,minibatch_k64,text_pca256_lexical_w005
40958,25,minibatch_k64,text_pca256_lexical_w005
40959,45,minibatch_k64,text_pca256_lexical_w005
40960,0,minibatch_k64,text_pca256_lexical_w005
40961,45,minibatch_k64,text_pca256_lexical_w005
40962,33,minibatch_k64,text_pca256_lexical_w005
40963,47,minibatch_k64,text_pca256_lexical_w005
40964,59,minibatch_k64,text_pca256_lexical_w005
40965,62,minibatch_k64,text_pca256_lexical_w005
40966,56,minibatch_k64,text_pca256_lexical_w005
40967,59,minibatch_k64,text_pca256_lexical_w005
40968,10,minibatch_k64,text_pca256_lexical_w005
40969,59,minibatch_k64,text_pca256_lexical_w005
40970,0,minibatch_k64,text_pca256_lexical_w005
40971,45,minibatch_k64,text_pca256_lexical_w005
40972,18,minibatch_k64,text_pca256_lexical_w005
40973,45,minibatch_k64,text_pca256_lexical_w005
40974,0,minibatch_k64,text_pca256_lexical_w005
40975,15,minibatch_k64,text_pca256_lexical_w005
40976,45,minibatch_k64,text_pca256_lexical_w005
40977,14,minibatch_k64,text_pca256_lexical_w005
40978,23,minibatch_k64,text_pca256_lexical_w005
40979,0,minibatch_k64,text_pca256_lexical_w005
40980,59,minibatch_k64,text_pca256_lexical_w005
40981,0,minibatch_k64,text_pca256_lexical_w005
40982,20,minibatch_k64,text_pca256_lexical_w005
40983,45,minibatch_k64,text_pca256_lexical_w005
40984,38,minibatch_k64,text_pca256_lexical_w005
40985,36,minibatch_k64,text_pca256_lexical_w005
40986,55,minibatch_k64,text_pca256_lexical_w005
40987,13,minibatch_k64,text_pca256_lexical_w005
40988,62,minibatch_k64,text_pca256_lexical_w005
40989,20,minibatch_k64,text_pca256_lexical_w005
40990,20,minibatch_k64,text_pca256_lexical_w005
40991,25,minibatch_k64,text_pca256_lexical_w005
40992,20,minibatch_k64,text_pca256_lexical_w005
40993,20,minibatch_k64,text_pca256_lexical_w005
40994,62,minibatch_k64,text_pca256_lexical_w005
40995,20,minibatch_k64,text_pca256_lexical_w005
40996,20,minibatch_k64,text_pca256_lexical_w005
40997,20,minibatch_k64,text_pca256_lexical_w005
40998,20,minibatch_k64,text_pca256_lexical_w005
40999,20,minibatch_k64,text_pca256_lexical_w005
41000,62,minibatch_k64,text_pca256_lexical_w005
41001,20,minibatch_k64,text_pca256_lexical_w005
41002,20,minibatch_k64,text_pca256_lexical_w005
41003,62,minibatch_k64,text_pca256_lexical_w005
41004,20,minibatch_k64,text_pca256_lexical_w005
41005,20,minibatch_k64,text_pca256_lexical_w005
41006,8,minibatch_k64,text_pca256_lexical_w005
41007,8,minibatch_k64,text_pca256_lexical_w005
41008,20,minibatch_k64,text_pca256_lexical_w005
41009,20,minibatch_k64,text_pca256_lexical_w005
41010,20,minibatch_k64,text_pca256_lexical_w005
41011,10,minibatch_k64,text_pca256_lexical_w005
41012,45,minibatch_k64,text_pca256_lexical_w005
41013,62,minibatch_k64,text_pca256_lexical_w005
41014,62,minibatch_k64,text_pca256_lexical_w005
41015,0,minibatch_k64,text_pca256_lexical_w005
41016,0,minibatch_k64,text_pca256_lexical_w005
41017,0,minibatch_k64,text_pca256_lexical_w005
41018,45,minibatch_k64,text_pca256_lexical_w005
41019,14,minibatch_k64,text_pca256_lexical_w005
41020,39,minibatch_k64,text_pca256_lexical_w005
41021,8,minibatch_k64,text_pca256_lexical_w005
41022,14,minibatch_k64,text_pca256_lexical_w005
41023,0,minibatch_k64,text_pca256_lexical_w005
41024,0,minibatch_k64,text_pca256_lexical_w005
41025,0,minibatch_k64,text_pca256_lexical_w005
41026,18,minibatch_k64,text_pca256_lexical_w005
41027,45,minibatch_k64,text_pca256_lexical_w005
41028,38,minibatch_k64,text_pca256_lexical_w005
41029,39,minibatch_k64,text_pca256_lexical_w005
41030,10,minibatch_k64,text_pca256_lexical_w005
41031,36,minibatch_k64,text_pca256_lexical_w005
41032,55,minibatch_k64,text_pca256_lexical_w005
41033,13,minibatch_k64,text_pca256_lexical_w005
41034,23,minibatch_k64,text_pca256_lexical_w005
41035,25,minibatch_k64,text_pca256_lexical_w005
41036,62,minibatch_k64,text_pca256_lexical_w005
41037,0,minibatch_k64,text_pca256_lexical_w005
41038,0,minibatch_k64,text_pca256_lexical_w005
41039,59,minibatch_k64,text_pca256_lexical_w005
41040,0,minibatch_k64,text_pca256_lexical_w005
41041,45,minibatch_k64,text_pca256_lexical_w005
41042,62,minibatch_k64,text_pca256_lexical_w005
41043,45,minibatch_k64,text_pca256_lexical_w005
41044,15,minibatch_k64,text_pca256_lexical_w005
41045,15,minibatch_k64,text_pca256_lexical_w005
41046,10,minibatch_k64,text_pca256_lexical_w005
41047,30,minibatch_k64,text_pca256_lexical_w005
41048,10,minibatch_k64,text_pca256_lexical_w005
41049,59,minibatch_k64,text_pca256_lexical_w005
41050,8,minibatch_k64,text_pca256_lexical_w005
41051,0,minibatch_k64,text_pca256_lexical_w005
41052,10,minibatch_k64,text_pca256_lexical_w005
41053,15,minibatch_k64,text_pca256_lexical_w005
41054,45,minibatch_k64,text_pca256_lexical_w005
41055,21,minibatch_k64,text_pca256_lexical_w005
41056,59,minibatch_k64,text_pca256_lexical_w005
41057,15,minibatch_k64,text_pca256_lexical_w005
41058,42,minibatch_k64,text_pca256_lexical_w005
41059,17,minibatch_k64,text_pca256_lexical_w005
41060,30,minibatch_k64,text_pca256_lexical_w005
41061,62,minibatch_k64,text_pca256_lexical_w005
41062,62,minibatch_k64,text_pca256_lexical_w005
41063,30,minibatch_k64,text_pca256_lexical_w005
41064,59,minibatch_k64,text_pca256_lexical_w005
41065,30,minibatch_k64,text_pca256_lexical_w005
41066,0,minibatch_k64,text_pca256_lexical_w005
41067,17,minibatch_k64,text_pca256_lexical_w005
41068,30,minibatch_k64,text_pca256_lexical_w005
41069,45,minibatch_k64,text_pca256_lexical_w005
41070,33,minibatch_k64,text_pca256_lexical_w005
41071,59,minibatch_k64,text_pca256_lexical_w005
41072,45,minibatch_k64,text_pca256_lexical_w005
41073,27,minibatch_k64,text_pca256_lexical_w005
41074,62,minibatch_k64,text_pca256_lexical_w005
41075,59,minibatch_k64,text_pca256_lexical_w005
41076,62,minibatch_k64,text_pca256_lexical_w005
41077,59,minibatch_k64,text_pca256_lexical_w005
41078,45,minibatch_k64,text_pca256_lexical_w005
41079,59,minibatch_k64,text_pca256_lexical_w005
41080,2,minibatch_k64,text_pca256_lexical_w005
41081,45,minibatch_k64,text_pca256_lexical_w005
41082,15,minibatch_k64,text_pca256_lexical_w005
41083,0,minibatch_k64,text_pca256_lexical_w005
41084,30,minibatch_k64,text_pca256_lexical_w005
41085,17,minibatch_k64,text_pca256_lexical_w005
41086,0,minibatch_k64,text_pca256_lexical_w005
41087,30,minibatch_k64,text_pca256_lexical_w005
41088,17,minibatch_k64,text_pca256_lexical_w005
41089,30,minibatch_k64,text_pca256_lexical_w005
41090,8,minibatch_k64,text_pca256_lexical_w005
41091,30,minibatch_k64,text_pca256_lexical_w005
41092,23,minibatch_k64,text_pca256_lexical_w005
41093,17,minibatch_k64,text_pca256_lexical_w005
41094,0,minibatch_k64,text_pca256_lexical_w005
41095,17,minibatch_k64,text_pca256_lexical_w005
41096,30,minibatch_k64,text_pca256_lexical_w005
41097,45,minibatch_k64,text_pca256_lexical_w005
41098,59,minibatch_k64,text_pca256_lexical_w005
41099,0,minibatch_k64,text_pca256_lexical_w005
41100,59,minibatch_k64,text_pca256_lexical_w005
41101,10,minibatch_k64,text_pca256_lexical_w005
41102,45,minibatch_k64,text_pca256_lexical_w005
41103,8,minibatch_k64,text_pca256_lexical_w005
41104,59,minibatch_k64,text_pca256_lexical_w005
41105,23,minibatch_k64,text_pca256_lexical_w005
41106,15,minibatch_k64,text_pca256_lexical_w005
41107,59,minibatch_k64,text_pca256_lexical_w005
41108,33,minibatch_k64,text_pca256_lexical_w005
41109,45,minibatch_k64,text_pca256_lexical_w005
41110,48,minibatch_k64,text_pca256_lexical_w005
41111,34,minibatch_k64,text_pca256_lexical_w005
41112,53,minibatch_k64,text_pca256_lexical_w005
41113,45,minibatch_k64,text_pca256_lexical_w005
41114,34,minibatch_k64,text_pca256_lexical_w005
41115,10,minibatch_k64,text_pca256_lexical_w005
41116,62,minibatch_k64,text_pca256_lexical_w005
41117,45,minibatch_k64,text_pca256_lexical_w005
41118,45,minibatch_k64,text_pca256_lexical_w005
41119,34,minibatch_k64,text_pca256_lexical_w005
41120,15,minibatch_k64,text_pca256_lexical_w005
41121,10,minibatch_k64,text_pca256_lexical_w005
41122,4,minibatch_k64,text_pca256_lexical_w005
41123,34,minibatch_k64,text_pca256_lexical_w005
41124,8,minibatch_k64,text_pca256_lexical_w005
41125,59,minibatch_k64,text_pca256_lexical_w005
41126,59,minibatch_k64,text_pca256_lexical_w005
41127,0,minibatch_k64,text_pca256_lexical_w005
41128,59,minibatch_k64,text_pca256_lexical_w005
41129,59,minibatch_k64,text_pca256_lexical_w005
41130,62,minibatch_k64,text_pca256_lexical_w005
41131,0,minibatch_k64,text_pca256_lexical_w005
41132,59,minibatch_k64,text_pca256_lexical_w005
41133,50,minibatch_k64,text_pca256_lexical_w005
41134,0,minibatch_k64,text_pca256_lexical_w005
41135,59,minibatch_k64,text_pca256_lexical_w005
41136,59,minibatch_k64,text_pca256_lexical_w005
41137,62,minibatch_k64,text_pca256_lexical_w005
41138,59,minibatch_k64,text_pca256_lexical_w005
41139,45,minibatch_k64,text_pca256_lexical_w005
41140,59,minibatch_k64,text_pca256_lexical_w005
41141,45,minibatch_k64,text_pca256_lexical_w005
41142,59,minibatch_k64,text_pca256_lexical_w005
41143,53,minibatch_k64,text_pca256_lexical_w005
41144,10,minibatch_k64,text_pca256_lexical_w005
41145,10,minibatch_k64,text_pca256_lexical_w005
41146,59,minibatch_k64,text_pca256_lexical_w005
41147,59,minibatch_k64,text_pca256_lexical_w005
41148,59,minibatch_k64,text_pca256_lexical_w005
41149,0,minibatch_k64,text_pca256_lexical_w005
41150,62,minibatch_k64,text_pca256_lexical_w005
41151,45,minibatch_k64,text_pca256_lexical_w005
41152,59,minibatch_k64,text_pca256_lexical_w005
41153,39,minibatch_k64,text_pca256_lexical_w005
41154,2,minibatch_k64,text_pca256_lexical_w005
41155,39,minibatch_k64,text_pca256_lexical_w005
41156,62,minibatch_k64,text_pca256_lexical_w005
41157,8,minibatch_k64,text_pca256_lexical_w005
41158,59,minibatch_k64,text_pca256_lexical_w005
41159,53,minibatch_k64,text_pca256_lexical_w005
41160,45,minibatch_k64,text_pca256_lexical_w005
41161,0,minibatch_k64,text_pca256_lexical_w005
41162,62,minibatch_k64,text_pca256_lexical_w005
41163,59,minibatch_k64,text_pca256_lexical_w005
41164,39,minibatch_k64,text_pca256_lexical_w005
41165,45,minibatch_k64,text_pca256_lexical_w005
41166,0,minibatch_k64,text_pca256_lexical_w005
41167,59,minibatch_k64,text_pca256_lexical_w005
41168,0,minibatch_k64,text_pca256_lexical_w005
41169,45,minibatch_k64,text_pca256_lexical_w005
41170,10,minibatch_k64,text_pca256_lexical_w005
41171,0,minibatch_k64,text_pca256_lexical_w005
41172,59,minibatch_k64,text_pca256_lexical_w005
41173,62,minibatch_k64,text_pca256_lexical_w005
41174,10,minibatch_k64,text_pca256_lexical_w005
41175,59,minibatch_k64,text_pca256_lexical_w005
41176,10,minibatch_k64,text_pca256_lexical_w005
41177,59,minibatch_k64,text_pca256_lexical_w005
41178,8,minibatch_k64,text_pca256_lexical_w005
41179,6,minibatch_k64,text_pca256_lexical_w005
41180,45,minibatch_k64,text_pca256_lexical_w005
41181,10,minibatch_k64,text_pca256_lexical_w005
41182,8,minibatch_k64,text_pca256_lexical_w005
41183,10,minibatch_k64,text_pca256_lexical_w005
41184,10,minibatch_k64,text_pca256_lexical_w005
41185,62,minibatch_k64,text_pca256_lexical_w005
41186,10,minibatch_k64,text_pca256_lexical_w005
41187,45,minibatch_k64,text_pca256_lexical_w005
41188,2,minibatch_k64,text_pca256_lexical_w005
41189,0,minibatch_k64,text_pca256_lexical_w005
41190,0,minibatch_k64,text_pca256_lexical_w005
41191,10,minibatch_k64,text_pca256_lexical_w005
41192,0,minibatch_k64,text_pca256_lexical_w005
41193,59,minibatch_k64,text_pca256_lexical_w005
41194,34,minibatch_k64,text_pca256_lexical_w005
41195,8,minibatch_k64,text_pca256_lexical_w005
41196,10,minibatch_k64,text_pca256_lexical_w005
41197,33,minibatch_k64,text_pca256_lexical_w005
41198,8,minibatch_k64,text_pca256_lexical_w005
41199,10,minibatch_k64,text_pca256_lexical_w005
41200,33,minibatch_k64,text_pca256_lexical_w005
41201,10,minibatch_k64,text_pca256_lexical_w005
41202,10,minibatch_k64,text_pca256_lexical_w005
41203,0,minibatch_k64,text_pca256_lexical_w005
41204,8,minibatch_k64,text_pca256_lexical_w005
41205,50,minibatch_k64,text_pca256_lexical_w005
41206,10,minibatch_k64,text_pca256_lexical_w005
41207,0,minibatch_k64,text_pca256_lexical_w005
41208,59,minibatch_k64,text_pca256_lexical_w005
41209,0,minibatch_k64,text_pca256_lexical_w005
41210,6,minibatch_k64,text_pca256_lexical_w005
41211,45,minibatch_k64,text_pca256_lexical_w005
41212,59,minibatch_k64,text_pca256_lexical_w005
41213,15,minibatch_k64,text_pca256_lexical_w005
41214,8,minibatch_k64,text_pca256_lexical_w005
41215,33,minibatch_k64,text_pca256_lexical_w005
41216,59,minibatch_k64,text_pca256_lexical_w005
41217,48,minibatch_k64,text_pca256_lexical_w005
41218,0,minibatch_k64,text_pca256_lexical_w005
41219,2,minibatch_k64,text_pca256_lexical_w005
41220,21,minibatch_k64,text_pca256_lexical_w005
41221,10,minibatch_k64,text_pca256_lexical_w005
41222,0,minibatch_k64,text_pca256_lexical_w005
41223,0,minibatch_k64,text_pca256_lexical_w005
41224,59,minibatch_k64,text_pca256_lexical_w005
41225,59,minibatch_k64,text_pca256_lexical_w005
41226,39,minibatch_k64,text_pca256_lexical_w005
41227,15,minibatch_k64,text_pca256_lexical_w005
41228,15,minibatch_k64,text_pca256_lexical_w005
41229,59,minibatch_k64,text_pca256_lexical_w005
41230,33,minibatch_k64,text_pca256_lexical_w005
41231,59,minibatch_k64,text_pca256_lexical_w005
41232,8,minibatch_k64,text_pca256_lexical_w005
41233,21,minibatch_k64,text_pca256_lexical_w005
41234,10,minibatch_k64,text_pca256_lexical_w005
41235,59,minibatch_k64,text_pca256_lexical_w005
41236,8,minibatch_k64,text_pca256_lexical_w005
41237,21,minibatch_k64,text_pca256_lexical_w005
41238,10,minibatch_k64,text_pca256_lexical_w005
41239,34,minibatch_k64,text_pca256_lexical_w005
41240,0,minibatch_k64,text_pca256_lexical_w005
41241,59,minibatch_k64,text_pca256_lexical_w005
41242,10,minibatch_k64,text_pca256_lexical_w005
41243,34,minibatch_k64,text_pca256_lexical_w005
41244,21,minibatch_k64,text_pca256_lexical_w005
41245,6,minibatch_k64,text_pca256_lexical_w005
41246,33,minibatch_k64,text_pca256_lexical_w005
41247,45,minibatch_k64,text_pca256_lexical_w005
41248,45,minibatch_k64,text_pca256_lexical_w005
41249,62,minibatch_k64,text_pca256_lexical_w005
41250,62,minibatch_k64,text_pca256_lexical_w005
41251,62,minibatch_k64,text_pca256_lexical_w005
41252,23,minibatch_k64,text_pca256_lexical_w005
41253,0,minibatch_k64,text_pca256_lexical_w005
41254,15,minibatch_k64,text_pca256_lexical_w005
41255,15,minibatch_k64,text_pca256_lexical_w005
41256,15,minibatch_k64,text_pca256_lexical_w005
41257,15,minibatch_k64,text_pca256_lexical_w005
41258,59,minibatch_k64,text_pca256_lexical_w005
41259,0,minibatch_k64,text_pca256_lexical_w005
41260,34,minibatch_k64,text_pca256_lexical_w005
41261,62,minibatch_k64,text_pca256_lexical_w005
41262,59,minibatch_k64,text_pca256_lexical_w005
41263,6,minibatch_k64,text_pca256_lexical_w005
41264,0,minibatch_k64,text_pca256_lexical_w005
41265,45,minibatch_k64,text_pca256_lexical_w005
41266,10,minibatch_k64,text_pca256_lexical_w005
41267,45,minibatch_k64,text_pca256_lexical_w005
41268,34,minibatch_k64,text_pca256_lexical_w005
41269,0,minibatch_k64,text_pca256_lexical_w005
41270,50,minibatch_k64,text_pca256_lexical_w005
41271,34,minibatch_k64,text_pca256_lexical_w005
41272,33,minibatch_k64,text_pca256_lexical_w005
41273,59,minibatch_k64,text_pca256_lexical_w005
41274,0,minibatch_k64,text_pca256_lexical_w005
41275,2,minibatch_k64,text_pca256_lexical_w005
41276,2,minibatch_k64,text_pca256_lexical_w005
41277,15,minibatch_k64,text_pca256_lexical_w005
41278,8,minibatch_k64,text_pca256_lexical_w005
41279,34,minibatch_k64,text_pca256_lexical_w005
41280,8,minibatch_k64,text_pca256_lexical_w005
41281,59,minibatch_k64,text_pca256_lexical_w005
41282,0,minibatch_k64,text_pca256_lexical_w005
41283,59,minibatch_k64,text_pca256_lexical_w005
41284,15,minibatch_k64,text_pca256_lexical_w005
41285,8,minibatch_k64,text_pca256_lexical_w005
41286,10,minibatch_k64,text_pca256_lexical_w005
41287,8,minibatch_k64,text_pca256_lexical_w005
41288,34,minibatch_k64,text_pca256_lexical_w005
41289,15,minibatch_k64,text_pca256_lexical_w005
41290,0,minibatch_k64,text_pca256_lexical_w005
41291,2,minibatch_k64,text_pca256_lexical_w005
41292,0,minibatch_k64,text_pca256_lexical_w005
41293,45,minibatch_k64,text_pca256_lexical_w005
41294,15,minibatch_k64,text_pca256_lexical_w005
41295,8,minibatch_k64,text_pca256_lexical_w005
41296,8,minibatch_k64,text_pca256_lexical_w005
41297,8,minibatch_k64,text_pca256_lexical_w005
41298,8,minibatch_k64,text_pca256_lexical_w005
41299,0,minibatch_k64,text_pca256_lexical_w005
41300,46,minibatch_k64,text_pca256_lexical_w005
41301,0,minibatch_k64,text_pca256_lexical_w005
41302,8,minibatch_k64,text_pca256_lexical_w005
41303,8,minibatch_k64,text_pca256_lexical_w005
41304,8,minibatch_k64,text_pca256_lexical_w005
41305,8,minibatch_k64,text_pca256_lexical_w005
41306,8,minibatch_k64,text_pca256_lexical_w005
41307,25,minibatch_k64,text_pca256_lexical_w005
41308,42,minibatch_k64,text_pca256_lexical_w005
41309,23,minibatch_k64,text_pca256_lexical_w005
41310,8,minibatch_k64,text_pca256_lexical_w005
41311,25,minibatch_k64,text_pca256_lexical_w005
41312,0,minibatch_k64,text_pca256_lexical_w005
41313,21,minibatch_k64,text_pca256_lexical_w005
41314,8,minibatch_k64,text_pca256_lexical_w005
41315,23,minibatch_k64,text_pca256_lexical_w005
41316,8,minibatch_k64,text_pca256_lexical_w005
41317,8,minibatch_k64,text_pca256_lexical_w005
41318,8,minibatch_k64,text_pca256_lexical_w005
41319,25,minibatch_k64,text_pca256_lexical_w005
41320,8,minibatch_k64,text_pca256_lexical_w005
41321,23,minibatch_k64,text_pca256_lexical_w005
41322,25,minibatch_k64,text_pca256_lexical_w005
41323,8,minibatch_k64,text_pca256_lexical_w005
41324,23,minibatch_k64,text_pca256_lexical_w005
41325,25,minibatch_k64,text_pca256_lexical_w005
41326,46,minibatch_k64,text_pca256_lexical_w005
41327,25,minibatch_k64,text_pca256_lexical_w005
41328,25,minibatch_k64,text_pca256_lexical_w005
41329,25,minibatch_k64,text_pca256_lexical_w005
41330,25,minibatch_k64,text_pca256_lexical_w005
41331,25,minibatch_k64,text_pca256_lexical_w005
41332,25,minibatch_k64,text_pca256_lexical_w005
41333,23,minibatch_k64,text_pca256_lexical_w005
41334,23,minibatch_k64,text_pca256_lexical_w005
41335,8,minibatch_k64,text_pca256_lexical_w005
41336,8,minibatch_k64,text_pca256_lexical_w005
41337,23,minibatch_k64,text_pca256_lexical_w005
41338,25,minibatch_k64,text_pca256_lexical_w005
41339,8,minibatch_k64,text_pca256_lexical_w005
41340,8,minibatch_k64,text_pca256_lexical_w005
41341,21,minibatch_k64,text_pca256_lexical_w005
41342,0,minibatch_k64,text_pca256_lexical_w005
41343,25,minibatch_k64,text_pca256_lexical_w005
41344,25,minibatch_k64,text_pca256_lexical_w005
41345,0,minibatch_k64,text_pca256_lexical_w005
41346,21,minibatch_k64,text_pca256_lexical_w005
41347,25,minibatch_k64,text_pca256_lexical_w005
41348,8,minibatch_k64,text_pca256_lexical_w005
41349,25,minibatch_k64,text_pca256_lexical_w005
41350,8,minibatch_k64,text_pca256_lexical_w005
41351,8,minibatch_k64,text_pca256_lexical_w005
41352,25,minibatch_k64,text_pca256_lexical_w005
41353,33,minibatch_k64,text_pca256_lexical_w005
41354,23,minibatch_k64,text_pca256_lexical_w005
41355,25,minibatch_k64,text_pca256_lexical_w005
41356,59,minibatch_k64,text_pca256_lexical_w005
41357,25,minibatch_k64,text_pca256_lexical_w005
41358,0,minibatch_k64,text_pca256_lexical_w005
41359,8,minibatch_k64,text_pca256_lexical_w005
41360,8,minibatch_k64,text_pca256_lexical_w005
41361,62,minibatch_k64,text_pca256_lexical_w005
41362,8,minibatch_k64,text_pca256_lexical_w005
41363,0,minibatch_k64,text_pca256_lexical_w005
41364,62,minibatch_k64,text_pca256_lexical_w005
41365,8,minibatch_k64,text_pca256_lexical_w005
41366,42,minibatch_k64,text_pca256_lexical_w005
41367,0,minibatch_k64,text_pca256_lexical_w005
41368,25,minibatch_k64,text_pca256_lexical_w005
41369,8,minibatch_k64,text_pca256_lexical_w005
41370,8,minibatch_k64,text_pca256_lexical_w005
41371,0,minibatch_k64,text_pca256_lexical_w005
41372,0,minibatch_k64,text_pca256_lexical_w005
41373,42,minibatch_k64,text_pca256_lexical_w005
41374,25,minibatch_k64,text_pca256_lexical_w005
41375,0,minibatch_k64,text_pca256_lexical_w005
41376,0,minibatch_k64,text_pca256_lexical_w005
41377,21,minibatch_k64,text_pca256_lexical_w005
41378,25,minibatch_k64,text_pca256_lexical_w005
41379,0,minibatch_k64,text_pca256_lexical_w005
41380,0,minibatch_k64,text_pca256_lexical_w005
41381,0,minibatch_k64,text_pca256_lexical_w005
41382,0,minibatch_k64,text_pca256_lexical_w005
41383,0,minibatch_k64,text_pca256_lexical_w005
41384,25,minibatch_k64,text_pca256_lexical_w005
41385,62,minibatch_k64,text_pca256_lexical_w005
41386,39,minibatch_k64,text_pca256_lexical_w005
41387,8,minibatch_k64,text_pca256_lexical_w005
41388,25,minibatch_k64,text_pca256_lexical_w005
41389,23,minibatch_k64,text_pca256_lexical_w005
41390,25,minibatch_k64,text_pca256_lexical_w005
41391,15,minibatch_k64,text_pca256_lexical_w005
41392,25,minibatch_k64,text_pca256_lexical_w005
41393,8,minibatch_k64,text_pca256_lexical_w005
41394,25,minibatch_k64,text_pca256_lexical_w005
41395,25,minibatch_k64,text_pca256_lexical_w005
41396,23,minibatch_k64,text_pca256_lexical_w005
41397,42,minibatch_k64,text_pca256_lexical_w005
41398,42,minibatch_k64,text_pca256_lexical_w005
41399,45,minibatch_k64,text_pca256_lexical_w005
41400,33,minibatch_k64,text_pca256_lexical_w005
41401,21,minibatch_k64,text_pca256_lexical_w005
41402,33,minibatch_k64,text_pca256_lexical_w005
41403,62,minibatch_k64,text_pca256_lexical_w005
41404,0,minibatch_k64,text_pca256_lexical_w005
41405,50,minibatch_k64,text_pca256_lexical_w005
41406,8,minibatch_k64,text_pca256_lexical_w005
41407,8,minibatch_k64,text_pca256_lexical_w005
41408,10,minibatch_k64,text_pca256_lexical_w005
41409,50,minibatch_k64,text_pca256_lexical_w005
41410,21,minibatch_k64,text_pca256_lexical_w005
41411,21,minibatch_k64,text_pca256_lexical_w005
41412,42,minibatch_k64,text_pca256_lexical_w005
41413,42,minibatch_k64,text_pca256_lexical_w005
41414,33,minibatch_k64,text_pca256_lexical_w005
41415,23,minibatch_k64,text_pca256_lexical_w005
41416,0,minibatch_k64,text_pca256_lexical_w005
41417,23,minibatch_k64,text_pca256_lexical_w005
41418,5,minibatch_k64,text_pca256_lexical_w005
41419,0,minibatch_k64,text_pca256_lexical_w005
41420,0,minibatch_k64,text_pca256_lexical_w005
41421,62,minibatch_k64,text_pca256_lexical_w005
41422,62,minibatch_k64,text_pca256_lexical_w005
41423,0,minibatch_k64,text_pca256_lexical_w005
41424,23,minibatch_k64,text_pca256_lexical_w005
41425,23,minibatch_k64,text_pca256_lexical_w005
41426,18,minibatch_k64,text_pca256_lexical_w005
41427,23,minibatch_k64,text_pca256_lexical_w005
41428,45,minibatch_k64,text_pca256_lexical_w005
41429,5,minibatch_k64,text_pca256_lexical_w005
41430,23,minibatch_k64,text_pca256_lexical_w005
41431,59,minibatch_k64,text_pca256_lexical_w005
41432,23,minibatch_k64,text_pca256_lexical_w005
41433,0,minibatch_k64,text_pca256_lexical_w005
41434,8,minibatch_k64,text_pca256_lexical_w005
41435,62,minibatch_k64,text_pca256_lexical_w005
41436,42,minibatch_k64,text_pca256_lexical_w005
41437,62,minibatch_k64,text_pca256_lexical_w005
41438,0,minibatch_k64,text_pca256_lexical_w005
41439,15,minibatch_k64,text_pca256_lexical_w005
41440,53,minibatch_k64,text_pca256_lexical_w005
41441,0,minibatch_k64,text_pca256_lexical_w005
41442,0,minibatch_k64,text_pca256_lexical_w005
41443,45,minibatch_k64,text_pca256_lexical_w005
41444,62,minibatch_k64,text_pca256_lexical_w005
41445,0,minibatch_k64,text_pca256_lexical_w005
41446,62,minibatch_k64,text_pca256_lexical_w005
41447,4,minibatch_k64,text_pca256_lexical_w005
41448,58,minibatch_k64,text_pca256_lexical_w005
41449,45,minibatch_k64,text_pca256_lexical_w005
41450,38,minibatch_k64,text_pca256_lexical_w005
41451,23,minibatch_k64,text_pca256_lexical_w005
41452,55,minibatch_k64,text_pca256_lexical_w005
41453,33,minibatch_k64,text_pca256_lexical_w005
41454,0,minibatch_k64,text_pca256_lexical_w005
41455,8,minibatch_k64,text_pca256_lexical_w005
41456,0,minibatch_k64,text_pca256_lexical_w005
41457,62,minibatch_k64,text_pca256_lexical_w005
41458,23,minibatch_k64,text_pca256_lexical_w005
41459,38,minibatch_k64,text_pca256_lexical_w005
41460,10,minibatch_k64,text_pca256_lexical_w005
41461,23,minibatch_k64,text_pca256_lexical_w005
41462,45,minibatch_k64,text_pca256_lexical_w005
41463,55,minibatch_k64,text_pca256_lexical_w005
41464,62,minibatch_k64,text_pca256_lexical_w005
41465,33,minibatch_k64,text_pca256_lexical_w005
41466,4,minibatch_k64,text_pca256_lexical_w005
41467,23,minibatch_k64,text_pca256_lexical_w005
41468,23,minibatch_k64,text_pca256_lexical_w005
41469,42,minibatch_k64,text_pca256_lexical_w005
41470,0,minibatch_k64,text_pca256_lexical_w005
41471,45,minibatch_k64,text_pca256_lexical_w005
41472,38,minibatch_k64,text_pca256_lexical_w005
41473,15,minibatch_k64,text_pca256_lexical_w005
41474,45,minibatch_k64,text_pca256_lexical_w005
41475,45,minibatch_k64,text_pca256_lexical_w005
41476,55,minibatch_k64,text_pca256_lexical_w005
41477,33,minibatch_k64,text_pca256_lexical_w005
41478,50,minibatch_k64,text_pca256_lexical_w005
41479,23,minibatch_k64,text_pca256_lexical_w005
41480,38,minibatch_k64,text_pca256_lexical_w005
41481,8,minibatch_k64,text_pca256_lexical_w005
41482,23,minibatch_k64,text_pca256_lexical_w005
41483,45,minibatch_k64,text_pca256_lexical_w005
41484,55,minibatch_k64,text_pca256_lexical_w005
41485,23,minibatch_k64,text_pca256_lexical_w005
41486,10,minibatch_k64,text_pca256_lexical_w005
41487,0,minibatch_k64,text_pca256_lexical_w005
41488,21,minibatch_k64,text_pca256_lexical_w005
41489,23,minibatch_k64,text_pca256_lexical_w005
41490,23,minibatch_k64,text_pca256_lexical_w005
41491,8,minibatch_k64,text_pca256_lexical_w005
41492,15,minibatch_k64,text_pca256_lexical_w005
41493,21,minibatch_k64,text_pca256_lexical_w005
41494,62,minibatch_k64,text_pca256_lexical_w005
41495,23,minibatch_k64,text_pca256_lexical_w005
41496,50,minibatch_k64,text_pca256_lexical_w005
41497,15,minibatch_k64,text_pca256_lexical_w005
41498,0,minibatch_k64,text_pca256_lexical_w005
41499,62,minibatch_k64,text_pca256_lexical_w005
41500,33,minibatch_k64,text_pca256_lexical_w005
41501,8,minibatch_k64,text_pca256_lexical_w005
41502,15,minibatch_k64,text_pca256_lexical_w005
41503,23,minibatch_k64,text_pca256_lexical_w005
41504,8,minibatch_k64,text_pca256_lexical_w005
41505,15,minibatch_k64,text_pca256_lexical_w005
41506,15,minibatch_k64,text_pca256_lexical_w005
41507,23,minibatch_k64,text_pca256_lexical_w005
41508,2,minibatch_k64,text_pca256_lexical_w005
41509,45,minibatch_k64,text_pca256_lexical_w005
41510,38,minibatch_k64,text_pca256_lexical_w005
41511,23,minibatch_k64,text_pca256_lexical_w005
41512,55,minibatch_k64,text_pca256_lexical_w005
41513,23,minibatch_k64,text_pca256_lexical_w005
41514,8,minibatch_k64,text_pca256_lexical_w005
41515,18,minibatch_k64,text_pca256_lexical_w005
41516,42,minibatch_k64,text_pca256_lexical_w005
41517,8,minibatch_k64,text_pca256_lexical_w005
41518,62,minibatch_k64,text_pca256_lexical_w005
41519,0,minibatch_k64,text_pca256_lexical_w005
41520,33,minibatch_k64,text_pca256_lexical_w005
41521,12,minibatch_k64,text_pca256_lexical_w005
41522,62,minibatch_k64,text_pca256_lexical_w005
41523,12,minibatch_k64,text_pca256_lexical_w005
41524,15,minibatch_k64,text_pca256_lexical_w005
41525,8,minibatch_k64,text_pca256_lexical_w005
41526,8,minibatch_k64,text_pca256_lexical_w005
41527,45,minibatch_k64,text_pca256_lexical_w005
41528,38,minibatch_k64,text_pca256_lexical_w005
41529,45,minibatch_k64,text_pca256_lexical_w005
41530,55,minibatch_k64,text_pca256_lexical_w005
41531,21,minibatch_k64,text_pca256_lexical_w005
41532,21,minibatch_k64,text_pca256_lexical_w005
41533,8,minibatch_k64,text_pca256_lexical_w005
41534,50,minibatch_k64,text_pca256_lexical_w005
41535,0,minibatch_k64,text_pca256_lexical_w005
41536,15,minibatch_k64,text_pca256_lexical_w005
41537,33,minibatch_k64,text_pca256_lexical_w005
41538,8,minibatch_k64,text_pca256_lexical_w005
41539,45,minibatch_k64,text_pca256_lexical_w005
41540,0,minibatch_k64,text_pca256_lexical_w005
41541,38,minibatch_k64,text_pca256_lexical_w005
41542,0,minibatch_k64,text_pca256_lexical_w005
41543,55,minibatch_k64,text_pca256_lexical_w005
41544,0,minibatch_k64,text_pca256_lexical_w005
41545,23,minibatch_k64,text_pca256_lexical_w005
41546,50,minibatch_k64,text_pca256_lexical_w005
41547,0,minibatch_k64,text_pca256_lexical_w005
41548,0,minibatch_k64,text_pca256_lexical_w005
41549,10,minibatch_k64,text_pca256_lexical_w005
41550,45,minibatch_k64,text_pca256_lexical_w005
41551,38,minibatch_k64,text_pca256_lexical_w005
41552,45,minibatch_k64,text_pca256_lexical_w005
41553,45,minibatch_k64,text_pca256_lexical_w005
41554,55,minibatch_k64,text_pca256_lexical_w005
41555,63,minibatch_k64,text_pca256_lexical_w005
41556,62,minibatch_k64,text_pca256_lexical_w005
41557,0,minibatch_k64,text_pca256_lexical_w005
41558,4,minibatch_k64,text_pca256_lexical_w005
41559,62,minibatch_k64,text_pca256_lexical_w005
41560,0,minibatch_k64,text_pca256_lexical_w005
41561,62,minibatch_k64,text_pca256_lexical_w005
41562,0,minibatch_k64,text_pca256_lexical_w005
41563,23,minibatch_k64,text_pca256_lexical_w005
41564,0,minibatch_k64,text_pca256_lexical_w005
41565,15,minibatch_k64,text_pca256_lexical_w005
41566,0,minibatch_k64,text_pca256_lexical_w005
41567,23,minibatch_k64,text_pca256_lexical_w005
41568,16,minibatch_k64,text_pca256_lexical_w005
41569,8,minibatch_k64,text_pca256_lexical_w005
41570,23,minibatch_k64,text_pca256_lexical_w005
41571,0,minibatch_k64,text_pca256_lexical_w005
41572,45,minibatch_k64,text_pca256_lexical_w005
41573,45,minibatch_k64,text_pca256_lexical_w005
41574,45,minibatch_k64,text_pca256_lexical_w005
41575,62,minibatch_k64,text_pca256_lexical_w005
41576,4,minibatch_k64,text_pca256_lexical_w005
41577,4,minibatch_k64,text_pca256_lexical_w005
41578,45,minibatch_k64,text_pca256_lexical_w005
41579,10,minibatch_k64,text_pca256_lexical_w005
41580,45,minibatch_k64,text_pca256_lexical_w005
41581,23,minibatch_k64,text_pca256_lexical_w005
41582,23,minibatch_k64,text_pca256_lexical_w005
41583,45,minibatch_k64,text_pca256_lexical_w005
41584,45,minibatch_k64,text_pca256_lexical_w005
41585,45,minibatch_k64,text_pca256_lexical_w005
41586,45,minibatch_k64,text_pca256_lexical_w005
41587,45,minibatch_k64,text_pca256_lexical_w005
41588,45,minibatch_k64,text_pca256_lexical_w005
41589,4,minibatch_k64,text_pca256_lexical_w005
41590,4,minibatch_k64,text_pca256_lexical_w005
41591,23,minibatch_k64,text_pca256_lexical_w005
41592,15,minibatch_k64,text_pca256_lexical_w005
41593,15,minibatch_k64,text_pca256_lexical_w005
41594,4,minibatch_k64,text_pca256_lexical_w005
41595,4,minibatch_k64,text_pca256_lexical_w005
41596,4,minibatch_k64,text_pca256_lexical_w005
41597,4,minibatch_k64,text_pca256_lexical_w005
41598,4,minibatch_k64,text_pca256_lexical_w005
41599,45,minibatch_k64,text_pca256_lexical_w005
41600,10,minibatch_k64,text_pca256_lexical_w005
41601,62,minibatch_k64,text_pca256_lexical_w005
41602,0,minibatch_k64,text_pca256_lexical_w005
41603,45,minibatch_k64,text_pca256_lexical_w005
41604,45,minibatch_k64,text_pca256_lexical_w005
41605,45,minibatch_k64,text_pca256_lexical_w005
41606,47,minibatch_k64,text_pca256_lexical_w005
41607,4,minibatch_k64,text_pca256_lexical_w005
41608,62,minibatch_k64,text_pca256_lexical_w005
41609,4,minibatch_k64,text_pca256_lexical_w005
41610,62,minibatch_k64,text_pca256_lexical_w005
41611,47,minibatch_k64,text_pca256_lexical_w005
41612,18,minibatch_k64,text_pca256_lexical_w005
41613,18,minibatch_k64,text_pca256_lexical_w005
41614,10,minibatch_k64,text_pca256_lexical_w005
41615,0,minibatch_k64,text_pca256_lexical_w005
41616,0,minibatch_k64,text_pca256_lexical_w005
41617,0,minibatch_k64,text_pca256_lexical_w005
41618,38,minibatch_k64,text_pca256_lexical_w005
41619,10,minibatch_k64,text_pca256_lexical_w005
41620,33,minibatch_k64,text_pca256_lexical_w005
41621,4,minibatch_k64,text_pca256_lexical_w005
41622,0,minibatch_k64,text_pca256_lexical_w005
41623,23,minibatch_k64,text_pca256_lexical_w005
41624,0,minibatch_k64,text_pca256_lexical_w005
41625,59,minibatch_k64,text_pca256_lexical_w005
41626,20,minibatch_k64,text_pca256_lexical_w005
41627,8,minibatch_k64,text_pca256_lexical_w005
41628,15,minibatch_k64,text_pca256_lexical_w005
41629,10,minibatch_k64,text_pca256_lexical_w005
41630,8,minibatch_k64,text_pca256_lexical_w005
41631,23,minibatch_k64,text_pca256_lexical_w005
41632,23,minibatch_k64,text_pca256_lexical_w005
41633,62,minibatch_k64,text_pca256_lexical_w005
41634,23,minibatch_k64,text_pca256_lexical_w005
41635,59,minibatch_k64,text_pca256_lexical_w005
41636,38,minibatch_k64,text_pca256_lexical_w005
41637,45,minibatch_k64,text_pca256_lexical_w005
41638,55,minibatch_k64,text_pca256_lexical_w005
41639,23,minibatch_k64,text_pca256_lexical_w005
41640,20,minibatch_k64,text_pca256_lexical_w005
41641,42,minibatch_k64,text_pca256_lexical_w005
41642,38,minibatch_k64,text_pca256_lexical_w005
41643,15,minibatch_k64,text_pca256_lexical_w005
41644,45,minibatch_k64,text_pca256_lexical_w005
41645,55,minibatch_k64,text_pca256_lexical_w005
41646,59,minibatch_k64,text_pca256_lexical_w005
41647,42,minibatch_k64,text_pca256_lexical_w005
41648,23,minibatch_k64,text_pca256_lexical_w005
41649,15,minibatch_k64,text_pca256_lexical_w005
41650,8,minibatch_k64,text_pca256_lexical_w005
41651,0,minibatch_k64,text_pca256_lexical_w005
41652,62,minibatch_k64,text_pca256_lexical_w005
41653,0,minibatch_k64,text_pca256_lexical_w005
41654,55,minibatch_k64,text_pca256_lexical_w005
41655,62,minibatch_k64,text_pca256_lexical_w005
41656,23,minibatch_k64,text_pca256_lexical_w005
41657,53,minibatch_k64,text_pca256_lexical_w005
41658,8,minibatch_k64,text_pca256_lexical_w005
41659,20,minibatch_k64,text_pca256_lexical_w005
41660,38,minibatch_k64,text_pca256_lexical_w005
41661,36,minibatch_k64,text_pca256_lexical_w005
41662,0,minibatch_k64,text_pca256_lexical_w005
41663,55,minibatch_k64,text_pca256_lexical_w005
41664,10,minibatch_k64,text_pca256_lexical_w005
41665,8,minibatch_k64,text_pca256_lexical_w005
41666,62,minibatch_k64,text_pca256_lexical_w005
41667,10,minibatch_k64,text_pca256_lexical_w005
41668,33,minibatch_k64,text_pca256_lexical_w005
41669,23,minibatch_k64,text_pca256_lexical_w005
41670,8,minibatch_k64,text_pca256_lexical_w005
41671,62,minibatch_k64,text_pca256_lexical_w005
41672,15,minibatch_k64,text_pca256_lexical_w005
41673,0,minibatch_k64,text_pca256_lexical_w005
41674,47,minibatch_k64,text_pca256_lexical_w005
41675,0,minibatch_k64,text_pca256_lexical_w005
41676,23,minibatch_k64,text_pca256_lexical_w005
41677,21,minibatch_k64,text_pca256_lexical_w005
41678,0,minibatch_k64,text_pca256_lexical_w005
41679,62,minibatch_k64,text_pca256_lexical_w005
41680,0,minibatch_k64,text_pca256_lexical_w005
41681,38,minibatch_k64,text_pca256_lexical_w005
41682,0,minibatch_k64,text_pca256_lexical_w005
41683,45,minibatch_k64,text_pca256_lexical_w005
41684,55,minibatch_k64,text_pca256_lexical_w005
41685,23,minibatch_k64,text_pca256_lexical_w005
41686,15,minibatch_k64,text_pca256_lexical_w005
41687,0,minibatch_k64,text_pca256_lexical_w005
41688,62,minibatch_k64,text_pca256_lexical_w005
41689,39,minibatch_k64,text_pca256_lexical_w005
41690,42,minibatch_k64,text_pca256_lexical_w005
41691,62,minibatch_k64,text_pca256_lexical_w005
41692,0,minibatch_k64,text_pca256_lexical_w005
41693,21,minibatch_k64,text_pca256_lexical_w005
41694,45,minibatch_k64,text_pca256_lexical_w005
41695,8,minibatch_k64,text_pca256_lexical_w005
41696,10,minibatch_k64,text_pca256_lexical_w005
41697,8,minibatch_k64,text_pca256_lexical_w005
41698,59,minibatch_k64,text_pca256_lexical_w005
41699,21,minibatch_k64,text_pca256_lexical_w005
41700,20,minibatch_k64,text_pca256_lexical_w005
41701,16,minibatch_k64,text_pca256_lexical_w005
41702,0,minibatch_k64,text_pca256_lexical_w005
41703,0,minibatch_k64,text_pca256_lexical_w005
41704,38,minibatch_k64,text_pca256_lexical_w005
41705,45,minibatch_k64,text_pca256_lexical_w005
41706,0,minibatch_k64,text_pca256_lexical_w005
41707,45,minibatch_k64,text_pca256_lexical_w005
41708,10,minibatch_k64,text_pca256_lexical_w005
41709,23,minibatch_k64,text_pca256_lexical_w005
41710,0,minibatch_k64,text_pca256_lexical_w005
41711,8,minibatch_k64,text_pca256_lexical_w005
41712,23,minibatch_k64,text_pca256_lexical_w005
41713,33,minibatch_k64,text_pca256_lexical_w005
41714,38,minibatch_k64,text_pca256_lexical_w005
41715,45,minibatch_k64,text_pca256_lexical_w005
41716,10,minibatch_k64,text_pca256_lexical_w005
41717,62,minibatch_k64,text_pca256_lexical_w005
41718,33,minibatch_k64,text_pca256_lexical_w005
41719,0,minibatch_k64,text_pca256_lexical_w005
41720,0,minibatch_k64,text_pca256_lexical_w005
41721,20,minibatch_k64,text_pca256_lexical_w005
41722,23,minibatch_k64,text_pca256_lexical_w005
41723,0,minibatch_k64,text_pca256_lexical_w005
41724,15,minibatch_k64,text_pca256_lexical_w005
41725,0,minibatch_k64,text_pca256_lexical_w005
41726,32,minibatch_k64,text_pca256_lexical_w005
41727,18,minibatch_k64,text_pca256_lexical_w005
41728,33,minibatch_k64,text_pca256_lexical_w005
41729,33,minibatch_k64,text_pca256_lexical_w005
41730,15,minibatch_k64,text_pca256_lexical_w005
41731,32,minibatch_k64,text_pca256_lexical_w005
41732,12,minibatch_k64,text_pca256_lexical_w005
41733,15,minibatch_k64,text_pca256_lexical_w005
41734,23,minibatch_k64,text_pca256_lexical_w005
41735,62,minibatch_k64,text_pca256_lexical_w005
41736,27,minibatch_k64,text_pca256_lexical_w005
41737,42,minibatch_k64,text_pca256_lexical_w005
41738,45,minibatch_k64,text_pca256_lexical_w005
41739,0,minibatch_k64,text_pca256_lexical_w005
41740,18,minibatch_k64,text_pca256_lexical_w005
41741,27,minibatch_k64,text_pca256_lexical_w005
41742,27,minibatch_k64,text_pca256_lexical_w005
41743,18,minibatch_k64,text_pca256_lexical_w005
41744,27,minibatch_k64,text_pca256_lexical_w005
41745,18,minibatch_k64,text_pca256_lexical_w005
41746,18,minibatch_k64,text_pca256_lexical_w005
41747,45,minibatch_k64,text_pca256_lexical_w005
41748,45,minibatch_k64,text_pca256_lexical_w005
41749,18,minibatch_k64,text_pca256_lexical_w005
41750,18,minibatch_k64,text_pca256_lexical_w005
41751,45,minibatch_k64,text_pca256_lexical_w005
41752,27,minibatch_k64,text_pca256_lexical_w005
41753,45,minibatch_k64,text_pca256_lexical_w005
41754,62,minibatch_k64,text_pca256_lexical_w005
41755,23,minibatch_k64,text_pca256_lexical_w005
41756,0,minibatch_k64,text_pca256_lexical_w005
41757,18,minibatch_k64,text_pca256_lexical_w005
41758,18,minibatch_k64,text_pca256_lexical_w005
41759,27,minibatch_k64,text_pca256_lexical_w005
41760,18,minibatch_k64,text_pca256_lexical_w005
41761,27,minibatch_k64,text_pca256_lexical_w005
41762,45,minibatch_k64,text_pca256_lexical_w005
41763,18,minibatch_k64,text_pca256_lexical_w005
41764,18,minibatch_k64,text_pca256_lexical_w005
41765,18,minibatch_k64,text_pca256_lexical_w005
41766,27,minibatch_k64,text_pca256_lexical_w005
41767,33,minibatch_k64,text_pca256_lexical_w005
41768,33,minibatch_k64,text_pca256_lexical_w005
41769,18,minibatch_k64,text_pca256_lexical_w005
41770,18,minibatch_k64,text_pca256_lexical_w005
41771,18,minibatch_k64,text_pca256_lexical_w005
41772,18,minibatch_k64,text_pca256_lexical_w005
41773,59,minibatch_k64,text_pca256_lexical_w005
41774,27,minibatch_k64,text_pca256_lexical_w005
41775,27,minibatch_k64,text_pca256_lexical_w005
41776,59,minibatch_k64,text_pca256_lexical_w005
41777,23,minibatch_k64,text_pca256_lexical_w005
41778,8,minibatch_k64,text_pca256_lexical_w005
41779,0,minibatch_k64,text_pca256_lexical_w005
41780,33,minibatch_k64,text_pca256_lexical_w005
41781,23,minibatch_k64,text_pca256_lexical_w005
41782,23,minibatch_k64,text_pca256_lexical_w005
41783,18,minibatch_k64,text_pca256_lexical_w005
41784,10,minibatch_k64,text_pca256_lexical_w005
41785,18,minibatch_k64,text_pca256_lexical_w005
41786,18,minibatch_k64,text_pca256_lexical_w005
41787,18,minibatch_k64,text_pca256_lexical_w005
41788,2,minibatch_k64,text_pca256_lexical_w005
41789,23,minibatch_k64,text_pca256_lexical_w005
41790,59,minibatch_k64,text_pca256_lexical_w005
41791,59,minibatch_k64,text_pca256_lexical_w005
41792,18,minibatch_k64,text_pca256_lexical_w005
41793,59,minibatch_k64,text_pca256_lexical_w005
41794,59,minibatch_k64,text_pca256_lexical_w005
41795,15,minibatch_k64,text_pca256_lexical_w005
41796,59,minibatch_k64,text_pca256_lexical_w005
41797,59,minibatch_k64,text_pca256_lexical_w005
41798,27,minibatch_k64,text_pca256_lexical_w005
41799,23,minibatch_k64,text_pca256_lexical_w005
41800,59,minibatch_k64,text_pca256_lexical_w005
41801,45,minibatch_k64,text_pca256_lexical_w005
41802,45,minibatch_k64,text_pca256_lexical_w005
41803,59,minibatch_k64,text_pca256_lexical_w005
41804,59,minibatch_k64,text_pca256_lexical_w005
41805,59,minibatch_k64,text_pca256_lexical_w005
41806,45,minibatch_k64,text_pca256_lexical_w005
41807,59,minibatch_k64,text_pca256_lexical_w005
41808,2,minibatch_k64,text_pca256_lexical_w005
41809,23,minibatch_k64,text_pca256_lexical_w005
41810,27,minibatch_k64,text_pca256_lexical_w005
41811,27,minibatch_k64,text_pca256_lexical_w005
41812,23,minibatch_k64,text_pca256_lexical_w005
41813,27,minibatch_k64,text_pca256_lexical_w005
41814,59,minibatch_k64,text_pca256_lexical_w005
41815,59,minibatch_k64,text_pca256_lexical_w005
41816,27,minibatch_k64,text_pca256_lexical_w005
41817,59,minibatch_k64,text_pca256_lexical_w005
41818,2,minibatch_k64,text_pca256_lexical_w005
41819,27,minibatch_k64,text_pca256_lexical_w005
41820,27,minibatch_k64,text_pca256_lexical_w005
41821,59,minibatch_k64,text_pca256_lexical_w005
41822,59,minibatch_k64,text_pca256_lexical_w005
41823,34,minibatch_k64,text_pca256_lexical_w005
41824,59,minibatch_k64,text_pca256_lexical_w005
41825,59,minibatch_k64,text_pca256_lexical_w005
41826,59,minibatch_k64,text_pca256_lexical_w005
41827,34,minibatch_k64,text_pca256_lexical_w005
41828,34,minibatch_k64,text_pca256_lexical_w005
41829,34,minibatch_k64,text_pca256_lexical_w005
41830,34,minibatch_k64,text_pca256_lexical_w005
41831,34,minibatch_k64,text_pca256_lexical_w005
41832,34,minibatch_k64,text_pca256_lexical_w005
41833,7,minibatch_k64,text_pca256_lexical_w005
41834,6,minibatch_k64,text_pca256_lexical_w005
41835,34,minibatch_k64,text_pca256_lexical_w005
41836,7,minibatch_k64,text_pca256_lexical_w005
41837,62,minibatch_k64,text_pca256_lexical_w005
41838,10,minibatch_k64,text_pca256_lexical_w005
41839,6,minibatch_k64,text_pca256_lexical_w005
41840,8,minibatch_k64,text_pca256_lexical_w005
41841,34,minibatch_k64,text_pca256_lexical_w005
41842,56,minibatch_k64,text_pca256_lexical_w005
41843,34,minibatch_k64,text_pca256_lexical_w005
41844,62,minibatch_k64,text_pca256_lexical_w005
41845,62,minibatch_k64,text_pca256_lexical_w005
41846,39,minibatch_k64,text_pca256_lexical_w005
41847,8,minibatch_k64,text_pca256_lexical_w005
41848,8,minibatch_k64,text_pca256_lexical_w005
41849,6,minibatch_k64,text_pca256_lexical_w005
41850,62,minibatch_k64,text_pca256_lexical_w005
41851,6,minibatch_k64,text_pca256_lexical_w005
41852,33,minibatch_k64,text_pca256_lexical_w005
41853,23,minibatch_k64,text_pca256_lexical_w005
41854,15,minibatch_k64,text_pca256_lexical_w005
41855,8,minibatch_k64,text_pca256_lexical_w005
41856,23,minibatch_k64,text_pca256_lexical_w005
41857,62,minibatch_k64,text_pca256_lexical_w005
41858,23,minibatch_k64,text_pca256_lexical_w005
41859,21,minibatch_k64,text_pca256_lexical_w005
41860,15,minibatch_k64,text_pca256_lexical_w005
41861,15,minibatch_k64,text_pca256_lexical_w005
41862,15,minibatch_k64,text_pca256_lexical_w005
41863,0,minibatch_k64,text_pca256_lexical_w005
41864,15,minibatch_k64,text_pca256_lexical_w005
41865,21,minibatch_k64,text_pca256_lexical_w005
41866,15,minibatch_k64,text_pca256_lexical_w005
41867,4,minibatch_k64,text_pca256_lexical_w005
41868,15,minibatch_k64,text_pca256_lexical_w005
41869,15,minibatch_k64,text_pca256_lexical_w005
41870,15,minibatch_k64,text_pca256_lexical_w005
41871,0,minibatch_k64,text_pca256_lexical_w005
41872,8,minibatch_k64,text_pca256_lexical_w005
41873,0,minibatch_k64,text_pca256_lexical_w005
41874,21,minibatch_k64,text_pca256_lexical_w005
41875,15,minibatch_k64,text_pca256_lexical_w005
41876,62,minibatch_k64,text_pca256_lexical_w005
41877,50,minibatch_k64,text_pca256_lexical_w005
41878,10,minibatch_k64,text_pca256_lexical_w005
41879,0,minibatch_k64,text_pca256_lexical_w005
41880,15,minibatch_k64,text_pca256_lexical_w005
41881,15,minibatch_k64,text_pca256_lexical_w005
41882,15,minibatch_k64,text_pca256_lexical_w005
41883,8,minibatch_k64,text_pca256_lexical_w005
41884,0,minibatch_k64,text_pca256_lexical_w005
41885,0,minibatch_k64,text_pca256_lexical_w005
41886,21,minibatch_k64,text_pca256_lexical_w005
41887,21,minibatch_k64,text_pca256_lexical_w005
41888,21,minibatch_k64,text_pca256_lexical_w005
41889,0,minibatch_k64,text_pca256_lexical_w005
41890,15,minibatch_k64,text_pca256_lexical_w005
41891,15,minibatch_k64,text_pca256_lexical_w005
41892,0,minibatch_k64,text_pca256_lexical_w005
41893,50,minibatch_k64,text_pca256_lexical_w005
41894,15,minibatch_k64,text_pca256_lexical_w005
41895,42,minibatch_k64,text_pca256_lexical_w005
41896,21,minibatch_k64,text_pca256_lexical_w005
41897,33,minibatch_k64,text_pca256_lexical_w005
41898,21,minibatch_k64,text_pca256_lexical_w005
41899,33,minibatch_k64,text_pca256_lexical_w005
41900,0,minibatch_k64,text_pca256_lexical_w005
41901,50,minibatch_k64,text_pca256_lexical_w005
41902,15,minibatch_k64,text_pca256_lexical_w005
41903,15,minibatch_k64,text_pca256_lexical_w005
41904,0,minibatch_k64,text_pca256_lexical_w005
41905,15,minibatch_k64,text_pca256_lexical_w005
41906,15,minibatch_k64,text_pca256_lexical_w005
41907,0,minibatch_k64,text_pca256_lexical_w005
41908,0,minibatch_k64,text_pca256_lexical_w005
41909,21,minibatch_k64,text_pca256_lexical_w005
41910,46,minibatch_k64,text_pca256_lexical_w005
41911,8,minibatch_k64,text_pca256_lexical_w005
41912,46,minibatch_k64,text_pca256_lexical_w005
41913,39,minibatch_k64,text_pca256_lexical_w005
41914,5,minibatch_k64,text_pca256_lexical_w005
41915,46,minibatch_k64,text_pca256_lexical_w005
41916,42,minibatch_k64,text_pca256_lexical_w005
41917,46,minibatch_k64,text_pca256_lexical_w005
41918,42,minibatch_k64,text_pca256_lexical_w005
41919,46,minibatch_k64,text_pca256_lexical_w005
41920,5,minibatch_k64,text_pca256_lexical_w005
41921,46,minibatch_k64,text_pca256_lexical_w005
41922,46,minibatch_k64,text_pca256_lexical_w005
41923,42,minibatch_k64,text_pca256_lexical_w005
41924,46,minibatch_k64,text_pca256_lexical_w005
41925,46,minibatch_k64,text_pca256_lexical_w005
41926,42,minibatch_k64,text_pca256_lexical_w005
41927,46,minibatch_k64,text_pca256_lexical_w005
41928,46,minibatch_k64,text_pca256_lexical_w005
41929,42,minibatch_k64,text_pca256_lexical_w005
41930,46,minibatch_k64,text_pca256_lexical_w005
41931,46,minibatch_k64,text_pca256_lexical_w005
41932,46,minibatch_k64,text_pca256_lexical_w005
41933,46,minibatch_k64,text_pca256_lexical_w005
41934,42,minibatch_k64,text_pca256_lexical_w005
41935,42,minibatch_k64,text_pca256_lexical_w005
41936,46,minibatch_k64,text_pca256_lexical_w005
41937,46,minibatch_k64,text_pca256_lexical_w005
41938,5,minibatch_k64,text_pca256_lexical_w005
41939,0,minibatch_k64,text_pca256_lexical_w005
41940,46,minibatch_k64,text_pca256_lexical_w005
41941,0,minibatch_k64,text_pca256_lexical_w005
41942,2,minibatch_k64,text_pca256_lexical_w005
41943,42,minibatch_k64,text_pca256_lexical_w005
41944,46,minibatch_k64,text_pca256_lexical_w005
41945,5,minibatch_k64,text_pca256_lexical_w005
41946,46,minibatch_k64,text_pca256_lexical_w005
41947,5,minibatch_k64,text_pca256_lexical_w005
41948,46,minibatch_k64,text_pca256_lexical_w005
41949,46,minibatch_k64,text_pca256_lexical_w005
41950,42,minibatch_k64,text_pca256_lexical_w005
41951,46,minibatch_k64,text_pca256_lexical_w005
41952,46,minibatch_k64,text_pca256_lexical_w005
41953,42,minibatch_k64,text_pca256_lexical_w005
41954,46,minibatch_k64,text_pca256_lexical_w005
41955,46,minibatch_k64,text_pca256_lexical_w005
41956,46,minibatch_k64,text_pca256_lexical_w005
41957,46,minibatch_k64,text_pca256_lexical_w005
41958,46,minibatch_k64,text_pca256_lexical_w005
41959,46,minibatch_k64,text_pca256_lexical_w005
41960,46,minibatch_k64,text_pca256_lexical_w005
41961,46,minibatch_k64,text_pca256_lexical_w005
41962,42,minibatch_k64,text_pca256_lexical_w005
41963,46,minibatch_k64,text_pca256_lexical_w005
41964,46,minibatch_k64,text_pca256_lexical_w005
41965,46,minibatch_k64,text_pca256_lexical_w005
41966,46,minibatch_k64,text_pca256_lexical_w005
41967,46,minibatch_k64,text_pca256_lexical_w005
41968,46,minibatch_k64,text_pca256_lexical_w005
41969,46,minibatch_k64,text_pca256_lexical_w005
41970,46,minibatch_k64,text_pca256_lexical_w005
41971,46,minibatch_k64,text_pca256_lexical_w005
41972,46,minibatch_k64,text_pca256_lexical_w005
41973,46,minibatch_k64,text_pca256_lexical_w005
41974,2,minibatch_k64,text_pca256_lexical_w005
41975,46,minibatch_k64,text_pca256_lexical_w005
41976,42,minibatch_k64,text_pca256_lexical_w005
41977,46,minibatch_k64,text_pca256_lexical_w005
41978,5,minibatch_k64,text_pca256_lexical_w005
41979,46,minibatch_k64,text_pca256_lexical_w005
41980,46,minibatch_k64,text_pca256_lexical_w005
41981,42,minibatch_k64,text_pca256_lexical_w005
41982,46,minibatch_k64,text_pca256_lexical_w005
41983,42,minibatch_k64,text_pca256_lexical_w005
41984,46,minibatch_k64,text_pca256_lexical_w005
41985,42,minibatch_k64,text_pca256_lexical_w005
41986,42,minibatch_k64,text_pca256_lexical_w005
41987,46,minibatch_k64,text_pca256_lexical_w005
41988,56,minibatch_k64,text_pca256_lexical_w005
41989,46,minibatch_k64,text_pca256_lexical_w005
41990,46,minibatch_k64,text_pca256_lexical_w005
41991,46,minibatch_k64,text_pca256_lexical_w005
41992,46,minibatch_k64,text_pca256_lexical_w005
41993,46,minibatch_k64,text_pca256_lexical_w005
41994,46,minibatch_k64,text_pca256_lexical_w005
41995,42,minibatch_k64,text_pca256_lexical_w005
41996,5,minibatch_k64,text_pca256_lexical_w005
41997,46,minibatch_k64,text_pca256_lexical_w005
41998,42,minibatch_k64,text_pca256_lexical_w005
41999,46,minibatch_k64,text_pca256_lexical_w005
42000,5,minibatch_k64,text_pca256_lexical_w005
42001,46,minibatch_k64,text_pca256_lexical_w005
42002,46,minibatch_k64,text_pca256_lexical_w005
42003,46,minibatch_k64,text_pca256_lexical_w005
42004,0,minibatch_k64,text_pca256_lexical_w005
42005,46,minibatch_k64,text_pca256_lexical_w005
42006,46,minibatch_k64,text_pca256_lexical_w005
42007,46,minibatch_k64,text_pca256_lexical_w005
42008,56,minibatch_k64,text_pca256_lexical_w005
42009,46,minibatch_k64,text_pca256_lexical_w005
42010,33,minibatch_k64,text_pca256_lexical_w005
42011,42,minibatch_k64,text_pca256_lexical_w005
42012,33,minibatch_k64,text_pca256_lexical_w005
42013,33,minibatch_k64,text_pca256_lexical_w005
42014,42,minibatch_k64,text_pca256_lexical_w005
42015,50,minibatch_k64,text_pca256_lexical_w005
42016,45,minibatch_k64,text_pca256_lexical_w005
42017,46,minibatch_k64,text_pca256_lexical_w005
42018,46,minibatch_k64,text_pca256_lexical_w005
42019,42,minibatch_k64,text_pca256_lexical_w005
42020,46,minibatch_k64,text_pca256_lexical_w005
42021,46,minibatch_k64,text_pca256_lexical_w005
42022,46,minibatch_k64,text_pca256_lexical_w005
42023,46,minibatch_k64,text_pca256_lexical_w005
42024,2,minibatch_k64,text_pca256_lexical_w005
42025,46,minibatch_k64,text_pca256_lexical_w005
42026,46,minibatch_k64,text_pca256_lexical_w005
42027,46,minibatch_k64,text_pca256_lexical_w005
42028,46,minibatch_k64,text_pca256_lexical_w005
42029,42,minibatch_k64,text_pca256_lexical_w005
42030,46,minibatch_k64,text_pca256_lexical_w005
42031,50,minibatch_k64,text_pca256_lexical_w005
42032,42,minibatch_k64,text_pca256_lexical_w005
42033,5,minibatch_k64,text_pca256_lexical_w005
42034,46,minibatch_k64,text_pca256_lexical_w005
42035,39,minibatch_k64,text_pca256_lexical_w005
42036,46,minibatch_k64,text_pca256_lexical_w005
42037,5,minibatch_k64,text_pca256_lexical_w005
42038,46,minibatch_k64,text_pca256_lexical_w005
42039,2,minibatch_k64,text_pca256_lexical_w005
42040,42,minibatch_k64,text_pca256_lexical_w005
42041,42,minibatch_k64,text_pca256_lexical_w005
42042,42,minibatch_k64,text_pca256_lexical_w005
42043,5,minibatch_k64,text_pca256_lexical_w005
42044,46,minibatch_k64,text_pca256_lexical_w005
42045,46,minibatch_k64,text_pca256_lexical_w005
42046,5,minibatch_k64,text_pca256_lexical_w005
42047,46,minibatch_k64,text_pca256_lexical_w005
42048,42,minibatch_k64,text_pca256_lexical_w005
42049,46,minibatch_k64,text_pca256_lexical_w005
42050,46,minibatch_k64,text_pca256_lexical_w005
42051,46,minibatch_k64,text_pca256_lexical_w005
42052,46,minibatch_k64,text_pca256_lexical_w005
42053,46,minibatch_k64,text_pca256_lexical_w005
42054,33,minibatch_k64,text_pca256_lexical_w005
42055,46,minibatch_k64,text_pca256_lexical_w005
42056,46,minibatch_k64,text_pca256_lexical_w005
42057,42,minibatch_k64,text_pca256_lexical_w005
42058,46,minibatch_k64,text_pca256_lexical_w005
42059,5,minibatch_k64,text_pca256_lexical_w005
42060,50,minibatch_k64,text_pca256_lexical_w005
42061,5,minibatch_k64,text_pca256_lexical_w005
42062,46,minibatch_k64,text_pca256_lexical_w005
42063,46,minibatch_k64,text_pca256_lexical_w005
42064,5,minibatch_k64,text_pca256_lexical_w005
42065,46,minibatch_k64,text_pca256_lexical_w005
42066,46,minibatch_k64,text_pca256_lexical_w005
42067,46,minibatch_k64,text_pca256_lexical_w005
42068,46,minibatch_k64,text_pca256_lexical_w005
42069,46,minibatch_k64,text_pca256_lexical_w005
42070,46,minibatch_k64,text_pca256_lexical_w005
42071,46,minibatch_k64,text_pca256_lexical_w005
42072,46,minibatch_k64,text_pca256_lexical_w005
42073,46,minibatch_k64,text_pca256_lexical_w005
42074,46,minibatch_k64,text_pca256_lexical_w005
42075,46,minibatch_k64,text_pca256_lexical_w005
42076,5,minibatch_k64,text_pca256_lexical_w005
42077,46,minibatch_k64,text_pca256_lexical_w005
42078,46,minibatch_k64,text_pca256_lexical_w005
42079,46,minibatch_k64,text_pca256_lexical_w005
42080,50,minibatch_k64,text_pca256_lexical_w005
42081,5,minibatch_k64,text_pca256_lexical_w005
42082,5,minibatch_k64,text_pca256_lexical_w005
42083,46,minibatch_k64,text_pca256_lexical_w005
42084,46,minibatch_k64,text_pca256_lexical_w005
42085,46,minibatch_k64,text_pca256_lexical_w005
42086,42,minibatch_k64,text_pca256_lexical_w005
42087,33,minibatch_k64,text_pca256_lexical_w005
42088,0,minibatch_k64,text_pca256_lexical_w005
42089,42,minibatch_k64,text_pca256_lexical_w005
42090,39,minibatch_k64,text_pca256_lexical_w005
42091,62,minibatch_k64,text_pca256_lexical_w005
42092,42,minibatch_k64,text_pca256_lexical_w005
42093,0,minibatch_k64,text_pca256_lexical_w005
42094,62,minibatch_k64,text_pca256_lexical_w005
42095,0,minibatch_k64,text_pca256_lexical_w005
42096,33,minibatch_k64,text_pca256_lexical_w005
42097,50,minibatch_k64,text_pca256_lexical_w005
42098,2,minibatch_k64,text_pca256_lexical_w005
42099,0,minibatch_k64,text_pca256_lexical_w005
42100,21,minibatch_k64,text_pca256_lexical_w005
42101,46,minibatch_k64,text_pca256_lexical_w005
42102,50,minibatch_k64,text_pca256_lexical_w005
42103,33,minibatch_k64,text_pca256_lexical_w005
42104,10,minibatch_k64,text_pca256_lexical_w005
42105,46,minibatch_k64,text_pca256_lexical_w005
42106,33,minibatch_k64,text_pca256_lexical_w005
42107,46,minibatch_k64,text_pca256_lexical_w005
42108,46,minibatch_k64,text_pca256_lexical_w005
42109,5,minibatch_k64,text_pca256_lexical_w005
42110,46,minibatch_k64,text_pca256_lexical_w005
42111,46,minibatch_k64,text_pca256_lexical_w005
42112,5,minibatch_k64,text_pca256_lexical_w005
42113,46,minibatch_k64,text_pca256_lexical_w005
42114,46,minibatch_k64,text_pca256_lexical_w005
42115,46,minibatch_k64,text_pca256_lexical_w005
42116,42,minibatch_k64,text_pca256_lexical_w005
42117,46,minibatch_k64,text_pca256_lexical_w005
42118,42,minibatch_k64,text_pca256_lexical_w005
42119,15,minibatch_k64,text_pca256_lexical_w005
42120,46,minibatch_k64,text_pca256_lexical_w005
42121,46,minibatch_k64,text_pca256_lexical_w005
42122,46,minibatch_k64,text_pca256_lexical_w005
42123,5,minibatch_k64,text_pca256_lexical_w005
42124,46,minibatch_k64,text_pca256_lexical_w005
42125,46,minibatch_k64,text_pca256_lexical_w005
42126,8,minibatch_k64,text_pca256_lexical_w005
42127,46,minibatch_k64,text_pca256_lexical_w005
42128,46,minibatch_k64,text_pca256_lexical_w005
42129,46,minibatch_k64,text_pca256_lexical_w005
42130,21,minibatch_k64,text_pca256_lexical_w005
42131,46,minibatch_k64,text_pca256_lexical_w005
42132,21,minibatch_k64,text_pca256_lexical_w005
42133,33,minibatch_k64,text_pca256_lexical_w005
42134,0,minibatch_k64,text_pca256_lexical_w005
42135,50,minibatch_k64,text_pca256_lexical_w005
42136,21,minibatch_k64,text_pca256_lexical_w005
42137,33,minibatch_k64,text_pca256_lexical_w005
42138,50,minibatch_k64,text_pca256_lexical_w005
42139,5,minibatch_k64,text_pca256_lexical_w005
42140,46,minibatch_k64,text_pca256_lexical_w005
42141,46,minibatch_k64,text_pca256_lexical_w005
42142,62,minibatch_k64,text_pca256_lexical_w005
42143,46,minibatch_k64,text_pca256_lexical_w005
42144,5,minibatch_k64,text_pca256_lexical_w005
42145,46,minibatch_k64,text_pca256_lexical_w005
42146,46,minibatch_k64,text_pca256_lexical_w005
42147,42,minibatch_k64,text_pca256_lexical_w005
42148,23,minibatch_k64,text_pca256_lexical_w005
42149,8,minibatch_k64,text_pca256_lexical_w005
42150,42,minibatch_k64,text_pca256_lexical_w005
42151,46,minibatch_k64,text_pca256_lexical_w005
42152,46,minibatch_k64,text_pca256_lexical_w005
42153,46,minibatch_k64,text_pca256_lexical_w005
42154,50,minibatch_k64,text_pca256_lexical_w005
42155,42,minibatch_k64,text_pca256_lexical_w005
42156,46,minibatch_k64,text_pca256_lexical_w005
42157,46,minibatch_k64,text_pca256_lexical_w005
42158,46,minibatch_k64,text_pca256_lexical_w005
42159,5,minibatch_k64,text_pca256_lexical_w005
42160,46,minibatch_k64,text_pca256_lexical_w005
42161,46,minibatch_k64,text_pca256_lexical_w005
42162,42,minibatch_k64,text_pca256_lexical_w005
42163,46,minibatch_k64,text_pca256_lexical_w005
42164,42,minibatch_k64,text_pca256_lexical_w005
42165,21,minibatch_k64,text_pca256_lexical_w005
42166,10,minibatch_k64,text_pca256_lexical_w005
42167,21,minibatch_k64,text_pca256_lexical_w005
42168,0,minibatch_k64,text_pca256_lexical_w005
42169,46,minibatch_k64,text_pca256_lexical_w005
42170,42,minibatch_k64,text_pca256_lexical_w005
42171,33,minibatch_k64,text_pca256_lexical_w005
42172,33,minibatch_k64,text_pca256_lexical_w005
42173,5,minibatch_k64,text_pca256_lexical_w005
42174,21,minibatch_k64,text_pca256_lexical_w005
42175,62,minibatch_k64,text_pca256_lexical_w005
42176,10,minibatch_k64,text_pca256_lexical_w005
42177,33,minibatch_k64,text_pca256_lexical_w005
42178,62,minibatch_k64,text_pca256_lexical_w005
42179,42,minibatch_k64,text_pca256_lexical_w005
42180,50,minibatch_k64,text_pca256_lexical_w005
42181,15,minibatch_k64,text_pca256_lexical_w005
42182,0,minibatch_k64,text_pca256_lexical_w005
42183,46,minibatch_k64,text_pca256_lexical_w005
42184,42,minibatch_k64,text_pca256_lexical_w005
42185,33,minibatch_k64,text_pca256_lexical_w005
42186,62,minibatch_k64,text_pca256_lexical_w005
42187,33,minibatch_k64,text_pca256_lexical_w005
42188,10,minibatch_k64,text_pca256_lexical_w005
42189,42,minibatch_k64,text_pca256_lexical_w005
42190,33,minibatch_k64,text_pca256_lexical_w005
42191,33,minibatch_k64,text_pca256_lexical_w005
42192,42,minibatch_k64,text_pca256_lexical_w005
42193,21,minibatch_k64,text_pca256_lexical_w005
42194,15,minibatch_k64,text_pca256_lexical_w005
42195,50,minibatch_k64,text_pca256_lexical_w005
42196,0,minibatch_k64,text_pca256_lexical_w005
42197,62,minibatch_k64,text_pca256_lexical_w005
42198,42,minibatch_k64,text_pca256_lexical_w005
42199,4,minibatch_k64,text_pca256_lexical_w005
42200,0,minibatch_k64,text_pca256_lexical_w005
42201,0,minibatch_k64,text_pca256_lexical_w005
42202,42,minibatch_k64,text_pca256_lexical_w005
42203,21,minibatch_k64,text_pca256_lexical_w005
42204,33,minibatch_k64,text_pca256_lexical_w005
42205,42,minibatch_k64,text_pca256_lexical_w005
42206,0,minibatch_k64,text_pca256_lexical_w005
42207,50,minibatch_k64,text_pca256_lexical_w005
42208,62,minibatch_k64,text_pca256_lexical_w005
42209,42,minibatch_k64,text_pca256_lexical_w005
42210,33,minibatch_k64,text_pca256_lexical_w005
42211,21,minibatch_k64,text_pca256_lexical_w005
42212,50,minibatch_k64,text_pca256_lexical_w005
42213,42,minibatch_k64,text_pca256_lexical_w005
42214,33,minibatch_k64,text_pca256_lexical_w005
42215,23,minibatch_k64,text_pca256_lexical_w005
42216,42,minibatch_k64,text_pca256_lexical_w005
42217,10,minibatch_k64,text_pca256_lexical_w005
42218,42,minibatch_k64,text_pca256_lexical_w005
42219,46,minibatch_k64,text_pca256_lexical_w005
42220,33,minibatch_k64,text_pca256_lexical_w005
42221,21,minibatch_k64,text_pca256_lexical_w005
42222,42,minibatch_k64,text_pca256_lexical_w005
42223,62,minibatch_k64,text_pca256_lexical_w005
42224,46,minibatch_k64,text_pca256_lexical_w005
42225,46,minibatch_k64,text_pca256_lexical_w005
42226,33,minibatch_k64,text_pca256_lexical_w005
42227,42,minibatch_k64,text_pca256_lexical_w005
42228,42,minibatch_k64,text_pca256_lexical_w005
42229,33,minibatch_k64,text_pca256_lexical_w005
42230,0,minibatch_k64,text_pca256_lexical_w005
42231,46,minibatch_k64,text_pca256_lexical_w005
42232,59,minibatch_k64,text_pca256_lexical_w005
42233,2,minibatch_k64,text_pca256_lexical_w005
42234,46,minibatch_k64,text_pca256_lexical_w005
42235,46,minibatch_k64,text_pca256_lexical_w005
42236,33,minibatch_k64,text_pca256_lexical_w005
42237,42,minibatch_k64,text_pca256_lexical_w005
42238,5,minibatch_k64,text_pca256_lexical_w005
42239,8,minibatch_k64,text_pca256_lexical_w005
42240,62,minibatch_k64,text_pca256_lexical_w005
42241,46,minibatch_k64,text_pca256_lexical_w005
42242,33,minibatch_k64,text_pca256_lexical_w005
42243,46,minibatch_k64,text_pca256_lexical_w005
42244,0,minibatch_k64,text_pca256_lexical_w005
42245,0,minibatch_k64,text_pca256_lexical_w005
42246,62,minibatch_k64,text_pca256_lexical_w005
42247,0,minibatch_k64,text_pca256_lexical_w005
42248,46,minibatch_k64,text_pca256_lexical_w005
42249,46,minibatch_k64,text_pca256_lexical_w005
42250,33,minibatch_k64,text_pca256_lexical_w005
42251,46,minibatch_k64,text_pca256_lexical_w005
42252,50,minibatch_k64,text_pca256_lexical_w005
42253,46,minibatch_k64,text_pca256_lexical_w005
42254,46,minibatch_k64,text_pca256_lexical_w005
42255,46,minibatch_k64,text_pca256_lexical_w005
42256,46,minibatch_k64,text_pca256_lexical_w005
42257,5,minibatch_k64,text_pca256_lexical_w005
42258,42,minibatch_k64,text_pca256_lexical_w005
42259,46,minibatch_k64,text_pca256_lexical_w005
42260,62,minibatch_k64,text_pca256_lexical_w005
42261,46,minibatch_k64,text_pca256_lexical_w005
42262,5,minibatch_k64,text_pca256_lexical_w005
42263,8,minibatch_k64,text_pca256_lexical_w005
42264,33,minibatch_k64,text_pca256_lexical_w005
42265,15,minibatch_k64,text_pca256_lexical_w005
42266,4,minibatch_k64,text_pca256_lexical_w005
42267,8,minibatch_k64,text_pca256_lexical_w005
42268,42,minibatch_k64,text_pca256_lexical_w005
42269,50,minibatch_k64,text_pca256_lexical_w005
42270,0,minibatch_k64,text_pca256_lexical_w005
42271,46,minibatch_k64,text_pca256_lexical_w005
42272,42,minibatch_k64,text_pca256_lexical_w005
42273,33,minibatch_k64,text_pca256_lexical_w005
42274,46,minibatch_k64,text_pca256_lexical_w005
42275,33,minibatch_k64,text_pca256_lexical_w005
42276,5,minibatch_k64,text_pca256_lexical_w005
42277,46,minibatch_k64,text_pca256_lexical_w005
42278,46,minibatch_k64,text_pca256_lexical_w005
42279,46,minibatch_k64,text_pca256_lexical_w005
42280,46,minibatch_k64,text_pca256_lexical_w005
42281,46,minibatch_k64,text_pca256_lexical_w005
42282,33,minibatch_k64,text_pca256_lexical_w005
42283,46,minibatch_k64,text_pca256_lexical_w005
42284,5,minibatch_k64,text_pca256_lexical_w005
42285,33,minibatch_k64,text_pca256_lexical_w005
42286,42,minibatch_k64,text_pca256_lexical_w005
42287,8,minibatch_k64,text_pca256_lexical_w005
42288,21,minibatch_k64,text_pca256_lexical_w005
42289,23,minibatch_k64,text_pca256_lexical_w005
42290,46,minibatch_k64,text_pca256_lexical_w005
42291,50,minibatch_k64,text_pca256_lexical_w005
42292,23,minibatch_k64,text_pca256_lexical_w005
42293,33,minibatch_k64,text_pca256_lexical_w005
42294,62,minibatch_k64,text_pca256_lexical_w005
42295,50,minibatch_k64,text_pca256_lexical_w005
42296,8,minibatch_k64,text_pca256_lexical_w005
42297,10,minibatch_k64,text_pca256_lexical_w005
42298,21,minibatch_k64,text_pca256_lexical_w005
42299,62,minibatch_k64,text_pca256_lexical_w005
42300,42,minibatch_k64,text_pca256_lexical_w005
42301,33,minibatch_k64,text_pca256_lexical_w005
42302,8,minibatch_k64,text_pca256_lexical_w005
42303,21,minibatch_k64,text_pca256_lexical_w005
42304,33,minibatch_k64,text_pca256_lexical_w005
42305,33,minibatch_k64,text_pca256_lexical_w005
42306,62,minibatch_k64,text_pca256_lexical_w005
42307,62,minibatch_k64,text_pca256_lexical_w005
42308,62,minibatch_k64,text_pca256_lexical_w005
42309,62,minibatch_k64,text_pca256_lexical_w005
42310,33,minibatch_k64,text_pca256_lexical_w005
42311,21,minibatch_k64,text_pca256_lexical_w005
42312,0,minibatch_k64,text_pca256_lexical_w005
42313,46,minibatch_k64,text_pca256_lexical_w005
42314,33,minibatch_k64,text_pca256_lexical_w005
42315,42,minibatch_k64,text_pca256_lexical_w005
42316,50,minibatch_k64,text_pca256_lexical_w005
42317,42,minibatch_k64,text_pca256_lexical_w005
42318,33,minibatch_k64,text_pca256_lexical_w005
42319,33,minibatch_k64,text_pca256_lexical_w005
42320,0,minibatch_k64,text_pca256_lexical_w005
42321,46,minibatch_k64,text_pca256_lexical_w005
42322,46,minibatch_k64,text_pca256_lexical_w005
42323,42,minibatch_k64,text_pca256_lexical_w005
42324,42,minibatch_k64,text_pca256_lexical_w005
42325,0,minibatch_k64,text_pca256_lexical_w005
42326,50,minibatch_k64,text_pca256_lexical_w005
42327,50,minibatch_k64,text_pca256_lexical_w005
42328,46,minibatch_k64,text_pca256_lexical_w005
42329,46,minibatch_k64,text_pca256_lexical_w005
42330,42,minibatch_k64,text_pca256_lexical_w005
42331,42,minibatch_k64,text_pca256_lexical_w005
42332,5,minibatch_k64,text_pca256_lexical_w005
42333,42,minibatch_k64,text_pca256_lexical_w005
42334,46,minibatch_k64,text_pca256_lexical_w005
42335,46,minibatch_k64,text_pca256_lexical_w005
42336,2,minibatch_k64,text_pca256_lexical_w005
42337,42,minibatch_k64,text_pca256_lexical_w005
42338,46,minibatch_k64,text_pca256_lexical_w005
42339,62,minibatch_k64,text_pca256_lexical_w005
42340,46,minibatch_k64,text_pca256_lexical_w005
42341,46,minibatch_k64,text_pca256_lexical_w005
42342,46,minibatch_k64,text_pca256_lexical_w005
42343,5,minibatch_k64,text_pca256_lexical_w005
42344,5,minibatch_k64,text_pca256_lexical_w005
42345,46,minibatch_k64,text_pca256_lexical_w005
42346,5,minibatch_k64,text_pca256_lexical_w005
42347,33,minibatch_k64,text_pca256_lexical_w005
42348,42,minibatch_k64,text_pca256_lexical_w005
42349,46,minibatch_k64,text_pca256_lexical_w005
42350,42,minibatch_k64,text_pca256_lexical_w005
42351,5,minibatch_k64,text_pca256_lexical_w005
42352,0,minibatch_k64,text_pca256_lexical_w005
42353,21,minibatch_k64,text_pca256_lexical_w005
42354,0,minibatch_k64,text_pca256_lexical_w005
42355,0,minibatch_k64,text_pca256_lexical_w005
42356,62,minibatch_k64,text_pca256_lexical_w005
42357,46,minibatch_k64,text_pca256_lexical_w005
42358,46,minibatch_k64,text_pca256_lexical_w005
42359,21,minibatch_k64,text_pca256_lexical_w005
42360,21,minibatch_k64,text_pca256_lexical_w005
42361,46,minibatch_k64,text_pca256_lexical_w005
42362,46,minibatch_k64,text_pca256_lexical_w005
42363,46,minibatch_k64,text_pca256_lexical_w005
42364,46,minibatch_k64,text_pca256_lexical_w005
42365,46,minibatch_k64,text_pca256_lexical_w005
42366,50,minibatch_k64,text_pca256_lexical_w005
42367,42,minibatch_k64,text_pca256_lexical_w005
42368,46,minibatch_k64,text_pca256_lexical_w005
42369,46,minibatch_k64,text_pca256_lexical_w005
42370,0,minibatch_k64,text_pca256_lexical_w005
42371,42,minibatch_k64,text_pca256_lexical_w005
42372,46,minibatch_k64,text_pca256_lexical_w005
42373,46,minibatch_k64,text_pca256_lexical_w005
42374,5,minibatch_k64,text_pca256_lexical_w005
42375,46,minibatch_k64,text_pca256_lexical_w005
42376,5,minibatch_k64,text_pca256_lexical_w005
42377,21,minibatch_k64,text_pca256_lexical_w005
42378,50,minibatch_k64,text_pca256_lexical_w005
42379,46,minibatch_k64,text_pca256_lexical_w005
42380,46,minibatch_k64,text_pca256_lexical_w005
42381,46,minibatch_k64,text_pca256_lexical_w005
42382,5,minibatch_k64,text_pca256_lexical_w005
42383,33,minibatch_k64,text_pca256_lexical_w005
42384,42,minibatch_k64,text_pca256_lexical_w005
42385,42,minibatch_k64,text_pca256_lexical_w005
42386,46,minibatch_k64,text_pca256_lexical_w005
42387,0,minibatch_k64,text_pca256_lexical_w005
42388,21,minibatch_k64,text_pca256_lexical_w005
42389,5,minibatch_k64,text_pca256_lexical_w005
42390,46,minibatch_k64,text_pca256_lexical_w005
42391,10,minibatch_k64,text_pca256_lexical_w005
42392,10,minibatch_k64,text_pca256_lexical_w005
42393,33,minibatch_k64,text_pca256_lexical_w005
42394,21,minibatch_k64,text_pca256_lexical_w005
42395,21,minibatch_k64,text_pca256_lexical_w005
42396,62,minibatch_k64,text_pca256_lexical_w005
42397,15,minibatch_k64,text_pca256_lexical_w005
42398,33,minibatch_k64,text_pca256_lexical_w005
42399,8,minibatch_k64,text_pca256_lexical_w005
42400,0,minibatch_k64,text_pca256_lexical_w005
42401,0,minibatch_k64,text_pca256_lexical_w005
42402,0,minibatch_k64,text_pca256_lexical_w005
42403,39,minibatch_k64,text_pca256_lexical_w005
42404,42,minibatch_k64,text_pca256_lexical_w005
42405,33,minibatch_k64,text_pca256_lexical_w005
42406,42,minibatch_k64,text_pca256_lexical_w005
42407,42,minibatch_k64,text_pca256_lexical_w005
42408,21,minibatch_k64,text_pca256_lexical_w005
42409,62,minibatch_k64,text_pca256_lexical_w005
42410,33,minibatch_k64,text_pca256_lexical_w005
42411,15,minibatch_k64,text_pca256_lexical_w005
42412,33,minibatch_k64,text_pca256_lexical_w005
42413,15,minibatch_k64,text_pca256_lexical_w005
42414,46,minibatch_k64,text_pca256_lexical_w005
42415,33,minibatch_k64,text_pca256_lexical_w005
42416,42,minibatch_k64,text_pca256_lexical_w005
42417,42,minibatch_k64,text_pca256_lexical_w005
42418,33,minibatch_k64,text_pca256_lexical_w005
42419,39,minibatch_k64,text_pca256_lexical_w005
42420,15,minibatch_k64,text_pca256_lexical_w005
42421,56,minibatch_k64,text_pca256_lexical_w005
42422,42,minibatch_k64,text_pca256_lexical_w005
42423,33,minibatch_k64,text_pca256_lexical_w005
42424,42,minibatch_k64,text_pca256_lexical_w005
42425,50,minibatch_k64,text_pca256_lexical_w005
42426,42,minibatch_k64,text_pca256_lexical_w005
42427,21,minibatch_k64,text_pca256_lexical_w005
42428,23,minibatch_k64,text_pca256_lexical_w005
42429,33,minibatch_k64,text_pca256_lexical_w005
42430,42,minibatch_k64,text_pca256_lexical_w005
42431,46,minibatch_k64,text_pca256_lexical_w005
42432,33,minibatch_k64,text_pca256_lexical_w005
42433,62,minibatch_k64,text_pca256_lexical_w005
42434,39,minibatch_k64,text_pca256_lexical_w005
42435,0,minibatch_k64,text_pca256_lexical_w005
42436,21,minibatch_k64,text_pca256_lexical_w005
42437,33,minibatch_k64,text_pca256_lexical_w005
42438,8,minibatch_k64,text_pca256_lexical_w005
42439,0,minibatch_k64,text_pca256_lexical_w005
42440,21,minibatch_k64,text_pca256_lexical_w005
42441,42,minibatch_k64,text_pca256_lexical_w005
42442,42,minibatch_k64,text_pca256_lexical_w005
42443,21,minibatch_k64,text_pca256_lexical_w005
42444,21,minibatch_k64,text_pca256_lexical_w005
42445,2,minibatch_k64,text_pca256_lexical_w005
42446,21,minibatch_k64,text_pca256_lexical_w005
42447,0,minibatch_k64,text_pca256_lexical_w005
42448,21,minibatch_k64,text_pca256_lexical_w005
42449,33,minibatch_k64,text_pca256_lexical_w005
42450,21,minibatch_k64,text_pca256_lexical_w005
42451,33,minibatch_k64,text_pca256_lexical_w005
42452,4,minibatch_k64,text_pca256_lexical_w005
42453,21,minibatch_k64,text_pca256_lexical_w005
42454,21,minibatch_k64,text_pca256_lexical_w005
42455,33,minibatch_k64,text_pca256_lexical_w005
42456,42,minibatch_k64,text_pca256_lexical_w005
42457,33,minibatch_k64,text_pca256_lexical_w005
42458,0,minibatch_k64,text_pca256_lexical_w005
42459,10,minibatch_k64,text_pca256_lexical_w005
42460,42,minibatch_k64,text_pca256_lexical_w005
42461,42,minibatch_k64,text_pca256_lexical_w005
42462,33,minibatch_k64,text_pca256_lexical_w005
42463,62,minibatch_k64,text_pca256_lexical_w005
42464,21,minibatch_k64,text_pca256_lexical_w005
42465,50,minibatch_k64,text_pca256_lexical_w005
42466,21,minibatch_k64,text_pca256_lexical_w005
42467,0,minibatch_k64,text_pca256_lexical_w005
42468,15,minibatch_k64,text_pca256_lexical_w005
42469,50,minibatch_k64,text_pca256_lexical_w005
42470,33,minibatch_k64,text_pca256_lexical_w005
42471,10,minibatch_k64,text_pca256_lexical_w005
42472,0,minibatch_k64,text_pca256_lexical_w005
42473,42,minibatch_k64,text_pca256_lexical_w005
42474,23,minibatch_k64,text_pca256_lexical_w005
42475,33,minibatch_k64,text_pca256_lexical_w005
42476,46,minibatch_k64,text_pca256_lexical_w005
42477,39,minibatch_k64,text_pca256_lexical_w005
42478,42,minibatch_k64,text_pca256_lexical_w005
42479,21,minibatch_k64,text_pca256_lexical_w005
42480,33,minibatch_k64,text_pca256_lexical_w005
42481,56,minibatch_k64,text_pca256_lexical_w005
42482,15,minibatch_k64,text_pca256_lexical_w005
42483,39,minibatch_k64,text_pca256_lexical_w005
42484,42,minibatch_k64,text_pca256_lexical_w005
42485,33,minibatch_k64,text_pca256_lexical_w005
42486,62,minibatch_k64,text_pca256_lexical_w005
42487,62,minibatch_k64,text_pca256_lexical_w005
42488,21,minibatch_k64,text_pca256_lexical_w005
42489,39,minibatch_k64,text_pca256_lexical_w005
42490,33,minibatch_k64,text_pca256_lexical_w005
42491,0,minibatch_k64,text_pca256_lexical_w005
42492,50,minibatch_k64,text_pca256_lexical_w005
42493,8,minibatch_k64,text_pca256_lexical_w005
42494,33,minibatch_k64,text_pca256_lexical_w005
42495,23,minibatch_k64,text_pca256_lexical_w005
42496,42,minibatch_k64,text_pca256_lexical_w005
42497,33,minibatch_k64,text_pca256_lexical_w005
42498,33,minibatch_k64,text_pca256_lexical_w005
42499,42,minibatch_k64,text_pca256_lexical_w005
42500,4,minibatch_k64,text_pca256_lexical_w005
42501,10,minibatch_k64,text_pca256_lexical_w005
42502,0,minibatch_k64,text_pca256_lexical_w005
42503,42,minibatch_k64,text_pca256_lexical_w005
42504,33,minibatch_k64,text_pca256_lexical_w005
42505,46,minibatch_k64,text_pca256_lexical_w005
42506,62,minibatch_k64,text_pca256_lexical_w005
42507,33,minibatch_k64,text_pca256_lexical_w005
42508,33,minibatch_k64,text_pca256_lexical_w005
42509,42,minibatch_k64,text_pca256_lexical_w005
42510,59,minibatch_k64,text_pca256_lexical_w005
42511,15,minibatch_k64,text_pca256_lexical_w005
42512,33,minibatch_k64,text_pca256_lexical_w005
42513,0,minibatch_k64,text_pca256_lexical_w005
42514,15,minibatch_k64,text_pca256_lexical_w005
42515,0,minibatch_k64,text_pca256_lexical_w005
42516,33,minibatch_k64,text_pca256_lexical_w005
42517,46,minibatch_k64,text_pca256_lexical_w005
42518,0,minibatch_k64,text_pca256_lexical_w005
42519,8,minibatch_k64,text_pca256_lexical_w005
42520,21,minibatch_k64,text_pca256_lexical_w005
42521,0,minibatch_k64,text_pca256_lexical_w005
42522,10,minibatch_k64,text_pca256_lexical_w005
42523,8,minibatch_k64,text_pca256_lexical_w005
42524,62,minibatch_k64,text_pca256_lexical_w005
42525,33,minibatch_k64,text_pca256_lexical_w005
42526,33,minibatch_k64,text_pca256_lexical_w005
42527,62,minibatch_k64,text_pca256_lexical_w005
42528,33,minibatch_k64,text_pca256_lexical_w005
42529,4,minibatch_k64,text_pca256_lexical_w005
42530,33,minibatch_k64,text_pca256_lexical_w005
42531,50,minibatch_k64,text_pca256_lexical_w005
42532,8,minibatch_k64,text_pca256_lexical_w005
42533,8,minibatch_k64,text_pca256_lexical_w005
42534,0,minibatch_k64,text_pca256_lexical_w005
42535,62,minibatch_k64,text_pca256_lexical_w005
42536,15,minibatch_k64,text_pca256_lexical_w005
42537,33,minibatch_k64,text_pca256_lexical_w005
42538,42,minibatch_k64,text_pca256_lexical_w005
42539,39,minibatch_k64,text_pca256_lexical_w005
42540,42,minibatch_k64,text_pca256_lexical_w005
42541,0,minibatch_k64,text_pca256_lexical_w005
42542,42,minibatch_k64,text_pca256_lexical_w005
42543,33,minibatch_k64,text_pca256_lexical_w005
42544,45,minibatch_k64,text_pca256_lexical_w005
42545,42,minibatch_k64,text_pca256_lexical_w005
42546,42,minibatch_k64,text_pca256_lexical_w005
42547,62,minibatch_k64,text_pca256_lexical_w005
42548,33,minibatch_k64,text_pca256_lexical_w005
42549,33,minibatch_k64,text_pca256_lexical_w005
42550,62,minibatch_k64,text_pca256_lexical_w005
42551,42,minibatch_k64,text_pca256_lexical_w005
42552,42,minibatch_k64,text_pca256_lexical_w005
42553,21,minibatch_k64,text_pca256_lexical_w005
42554,33,minibatch_k64,text_pca256_lexical_w005
42555,0,minibatch_k64,text_pca256_lexical_w005
42556,15,minibatch_k64,text_pca256_lexical_w005
42557,39,minibatch_k64,text_pca256_lexical_w005
42558,10,minibatch_k64,text_pca256_lexical_w005
42559,46,minibatch_k64,text_pca256_lexical_w005
42560,33,minibatch_k64,text_pca256_lexical_w005
42561,46,minibatch_k64,text_pca256_lexical_w005
42562,15,minibatch_k64,text_pca256_lexical_w005
42563,33,minibatch_k64,text_pca256_lexical_w005
42564,39,minibatch_k64,text_pca256_lexical_w005
42565,8,minibatch_k64,text_pca256_lexical_w005
42566,0,minibatch_k64,text_pca256_lexical_w005
42567,42,minibatch_k64,text_pca256_lexical_w005
42568,42,minibatch_k64,text_pca256_lexical_w005
42569,0,minibatch_k64,text_pca256_lexical_w005
42570,8,minibatch_k64,text_pca256_lexical_w005
42571,42,minibatch_k64,text_pca256_lexical_w005
42572,62,minibatch_k64,text_pca256_lexical_w005
42573,50,minibatch_k64,text_pca256_lexical_w005
42574,21,minibatch_k64,text_pca256_lexical_w005
42575,8,minibatch_k64,text_pca256_lexical_w005
42576,33,minibatch_k64,text_pca256_lexical_w005
42577,50,minibatch_k64,text_pca256_lexical_w005
42578,0,minibatch_k64,text_pca256_lexical_w005
42579,46,minibatch_k64,text_pca256_lexical_w005
42580,46,minibatch_k64,text_pca256_lexical_w005
42581,50,minibatch_k64,text_pca256_lexical_w005
42582,62,minibatch_k64,text_pca256_lexical_w005
42583,62,minibatch_k64,text_pca256_lexical_w005
42584,0,minibatch_k64,text_pca256_lexical_w005
42585,39,minibatch_k64,text_pca256_lexical_w005
42586,50,minibatch_k64,text_pca256_lexical_w005
42587,8,minibatch_k64,text_pca256_lexical_w005
42588,39,minibatch_k64,text_pca256_lexical_w005
42589,15,minibatch_k64,text_pca256_lexical_w005
42590,33,minibatch_k64,text_pca256_lexical_w005
42591,50,minibatch_k64,text_pca256_lexical_w005
42592,10,minibatch_k64,text_pca256_lexical_w005
42593,33,minibatch_k64,text_pca256_lexical_w005
42594,21,minibatch_k64,text_pca256_lexical_w005
42595,42,minibatch_k64,text_pca256_lexical_w005
42596,42,minibatch_k64,text_pca256_lexical_w005
42597,50,minibatch_k64,text_pca256_lexical_w005
42598,5,minibatch_k64,text_pca256_lexical_w005
42599,5,minibatch_k64,text_pca256_lexical_w005
42600,42,minibatch_k64,text_pca256_lexical_w005
42601,33,minibatch_k64,text_pca256_lexical_w005
42602,46,minibatch_k64,text_pca256_lexical_w005
42603,2,minibatch_k64,text_pca256_lexical_w005
42604,42,minibatch_k64,text_pca256_lexical_w005
42605,15,minibatch_k64,text_pca256_lexical_w005
42606,62,minibatch_k64,text_pca256_lexical_w005
42607,50,minibatch_k64,text_pca256_lexical_w005
42608,42,minibatch_k64,text_pca256_lexical_w005
42609,46,minibatch_k64,text_pca256_lexical_w005
42610,33,minibatch_k64,text_pca256_lexical_w005
42611,8,minibatch_k64,text_pca256_lexical_w005
42612,46,minibatch_k64,text_pca256_lexical_w005
42613,23,minibatch_k64,text_pca256_lexical_w005
42614,33,minibatch_k64,text_pca256_lexical_w005
42615,62,minibatch_k64,text_pca256_lexical_w005
42616,21,minibatch_k64,text_pca256_lexical_w005
42617,0,minibatch_k64,text_pca256_lexical_w005
42618,42,minibatch_k64,text_pca256_lexical_w005
42619,15,minibatch_k64,text_pca256_lexical_w005
42620,0,minibatch_k64,text_pca256_lexical_w005
42621,46,minibatch_k64,text_pca256_lexical_w005
42622,46,minibatch_k64,text_pca256_lexical_w005
42623,0,minibatch_k64,text_pca256_lexical_w005
42624,0,minibatch_k64,text_pca256_lexical_w005
42625,42,minibatch_k64,text_pca256_lexical_w005
42626,42,minibatch_k64,text_pca256_lexical_w005
42627,4,minibatch_k64,text_pca256_lexical_w005
42628,46,minibatch_k64,text_pca256_lexical_w005
42629,62,minibatch_k64,text_pca256_lexical_w005
42630,8,minibatch_k64,text_pca256_lexical_w005
42631,21,minibatch_k64,text_pca256_lexical_w005
42632,33,minibatch_k64,text_pca256_lexical_w005
42633,0,minibatch_k64,text_pca256_lexical_w005
42634,8,minibatch_k64,text_pca256_lexical_w005
42635,0,minibatch_k64,text_pca256_lexical_w005
42636,46,minibatch_k64,text_pca256_lexical_w005
42637,0,minibatch_k64,text_pca256_lexical_w005
42638,8,minibatch_k64,text_pca256_lexical_w005
42639,0,minibatch_k64,text_pca256_lexical_w005
42640,42,minibatch_k64,text_pca256_lexical_w005
42641,42,minibatch_k64,text_pca256_lexical_w005
42642,33,minibatch_k64,text_pca256_lexical_w005
42643,0,minibatch_k64,text_pca256_lexical_w005
42644,46,minibatch_k64,text_pca256_lexical_w005
42645,0,minibatch_k64,text_pca256_lexical_w005
42646,42,minibatch_k64,text_pca256_lexical_w005
42647,62,minibatch_k64,text_pca256_lexical_w005
42648,21,minibatch_k64,text_pca256_lexical_w005
42649,42,minibatch_k64,text_pca256_lexical_w005
42650,0,minibatch_k64,text_pca256_lexical_w005
42651,0,minibatch_k64,text_pca256_lexical_w005
42652,46,minibatch_k64,text_pca256_lexical_w005
42653,0,minibatch_k64,text_pca256_lexical_w005
42654,42,minibatch_k64,text_pca256_lexical_w005
42655,33,minibatch_k64,text_pca256_lexical_w005
42656,0,minibatch_k64,text_pca256_lexical_w005
42657,0,minibatch_k64,text_pca256_lexical_w005
42658,42,minibatch_k64,text_pca256_lexical_w005
42659,4,minibatch_k64,text_pca256_lexical_w005
42660,46,minibatch_k64,text_pca256_lexical_w005
42661,0,minibatch_k64,text_pca256_lexical_w005
42662,46,minibatch_k64,text_pca256_lexical_w005
42663,46,minibatch_k64,text_pca256_lexical_w005
42664,42,minibatch_k64,text_pca256_lexical_w005
42665,33,minibatch_k64,text_pca256_lexical_w005
42666,46,minibatch_k64,text_pca256_lexical_w005
42667,42,minibatch_k64,text_pca256_lexical_w005
42668,21,minibatch_k64,text_pca256_lexical_w005
42669,46,minibatch_k64,text_pca256_lexical_w005
42670,0,minibatch_k64,text_pca256_lexical_w005
42671,42,minibatch_k64,text_pca256_lexical_w005
42672,62,minibatch_k64,text_pca256_lexical_w005
42673,0,minibatch_k64,text_pca256_lexical_w005
42674,50,minibatch_k64,text_pca256_lexical_w005
42675,46,minibatch_k64,text_pca256_lexical_w005
42676,0,minibatch_k64,text_pca256_lexical_w005
42677,0,minibatch_k64,text_pca256_lexical_w005
42678,42,minibatch_k64,text_pca256_lexical_w005
42679,10,minibatch_k64,text_pca256_lexical_w005
42680,0,minibatch_k64,text_pca256_lexical_w005
42681,50,minibatch_k64,text_pca256_lexical_w005
42682,15,minibatch_k64,text_pca256_lexical_w005
42683,42,minibatch_k64,text_pca256_lexical_w005
42684,8,minibatch_k64,text_pca256_lexical_w005
42685,21,minibatch_k64,text_pca256_lexical_w005
42686,0,minibatch_k64,text_pca256_lexical_w005
42687,5,minibatch_k64,text_pca256_lexical_w005
42688,42,minibatch_k64,text_pca256_lexical_w005
42689,42,minibatch_k64,text_pca256_lexical_w005
42690,15,minibatch_k64,text_pca256_lexical_w005
42691,46,minibatch_k64,text_pca256_lexical_w005
42692,21,minibatch_k64,text_pca256_lexical_w005
42693,0,minibatch_k64,text_pca256_lexical_w005
42694,0,minibatch_k64,text_pca256_lexical_w005
42695,33,minibatch_k64,text_pca256_lexical_w005
42696,33,minibatch_k64,text_pca256_lexical_w005
42697,21,minibatch_k64,text_pca256_lexical_w005
42698,0,minibatch_k64,text_pca256_lexical_w005
42699,46,minibatch_k64,text_pca256_lexical_w005
42700,8,minibatch_k64,text_pca256_lexical_w005
42701,8,minibatch_k64,text_pca256_lexical_w005
42702,42,minibatch_k64,text_pca256_lexical_w005
42703,8,minibatch_k64,text_pca256_lexical_w005
42704,33,minibatch_k64,text_pca256_lexical_w005
42705,0,minibatch_k64,text_pca256_lexical_w005
42706,21,minibatch_k64,text_pca256_lexical_w005
42707,0,minibatch_k64,text_pca256_lexical_w005
42708,21,minibatch_k64,text_pca256_lexical_w005
42709,0,minibatch_k64,text_pca256_lexical_w005
42710,42,minibatch_k64,text_pca256_lexical_w005
42711,50,minibatch_k64,text_pca256_lexical_w005
42712,15,minibatch_k64,text_pca256_lexical_w005
42713,62,minibatch_k64,text_pca256_lexical_w005
42714,0,minibatch_k64,text_pca256_lexical_w005
42715,42,minibatch_k64,text_pca256_lexical_w005
42716,42,minibatch_k64,text_pca256_lexical_w005
42717,50,minibatch_k64,text_pca256_lexical_w005
42718,5,minibatch_k64,text_pca256_lexical_w005
42719,33,minibatch_k64,text_pca256_lexical_w005
42720,62,minibatch_k64,text_pca256_lexical_w005
42721,50,minibatch_k64,text_pca256_lexical_w005
42722,46,minibatch_k64,text_pca256_lexical_w005
42723,42,minibatch_k64,text_pca256_lexical_w005
42724,33,minibatch_k64,text_pca256_lexical_w005
42725,62,minibatch_k64,text_pca256_lexical_w005
42726,0,minibatch_k64,text_pca256_lexical_w005
42727,42,minibatch_k64,text_pca256_lexical_w005
42728,33,minibatch_k64,text_pca256_lexical_w005
42729,0,minibatch_k64,text_pca256_lexical_w005
42730,15,minibatch_k64,text_pca256_lexical_w005
42731,0,minibatch_k64,text_pca256_lexical_w005
42732,33,minibatch_k64,text_pca256_lexical_w005
42733,42,minibatch_k64,text_pca256_lexical_w005
42734,50,minibatch_k64,text_pca256_lexical_w005
42735,8,minibatch_k64,text_pca256_lexical_w005
42736,46,minibatch_k64,text_pca256_lexical_w005
42737,0,minibatch_k64,text_pca256_lexical_w005
42738,0,minibatch_k64,text_pca256_lexical_w005
42739,33,minibatch_k64,text_pca256_lexical_w005
42740,0,minibatch_k64,text_pca256_lexical_w005
42741,33,minibatch_k64,text_pca256_lexical_w005
42742,50,minibatch_k64,text_pca256_lexical_w005
42743,33,minibatch_k64,text_pca256_lexical_w005
42744,46,minibatch_k64,text_pca256_lexical_w005
42745,8,minibatch_k64,text_pca256_lexical_w005
42746,46,minibatch_k64,text_pca256_lexical_w005
42747,46,minibatch_k64,text_pca256_lexical_w005
42748,42,minibatch_k64,text_pca256_lexical_w005
42749,0,minibatch_k64,text_pca256_lexical_w005
42750,10,minibatch_k64,text_pca256_lexical_w005
42751,33,minibatch_k64,text_pca256_lexical_w005
42752,0,minibatch_k64,text_pca256_lexical_w005
42753,4,minibatch_k64,text_pca256_lexical_w005
42754,0,minibatch_k64,text_pca256_lexical_w005
42755,50,minibatch_k64,text_pca256_lexical_w005
42756,46,minibatch_k64,text_pca256_lexical_w005
42757,33,minibatch_k64,text_pca256_lexical_w005
42758,42,minibatch_k64,text_pca256_lexical_w005
42759,15,minibatch_k64,text_pca256_lexical_w005
42760,42,minibatch_k64,text_pca256_lexical_w005
42761,46,minibatch_k64,text_pca256_lexical_w005
42762,33,minibatch_k64,text_pca256_lexical_w005
42763,0,minibatch_k64,text_pca256_lexical_w005
42764,42,minibatch_k64,text_pca256_lexical_w005
42765,15,minibatch_k64,text_pca256_lexical_w005
42766,0,minibatch_k64,text_pca256_lexical_w005
42767,50,minibatch_k64,text_pca256_lexical_w005
42768,46,minibatch_k64,text_pca256_lexical_w005
42769,33,minibatch_k64,text_pca256_lexical_w005
42770,42,minibatch_k64,text_pca256_lexical_w005
42771,46,minibatch_k64,text_pca256_lexical_w005
42772,0,minibatch_k64,text_pca256_lexical_w005
42773,50,minibatch_k64,text_pca256_lexical_w005
42774,42,minibatch_k64,text_pca256_lexical_w005
42775,46,minibatch_k64,text_pca256_lexical_w005
42776,42,minibatch_k64,text_pca256_lexical_w005
42777,42,minibatch_k64,text_pca256_lexical_w005
42778,42,minibatch_k64,text_pca256_lexical_w005
42779,15,minibatch_k64,text_pca256_lexical_w005
42780,0,minibatch_k64,text_pca256_lexical_w005
42781,21,minibatch_k64,text_pca256_lexical_w005
42782,0,minibatch_k64,text_pca256_lexical_w005
42783,0,minibatch_k64,text_pca256_lexical_w005
42784,46,minibatch_k64,text_pca256_lexical_w005
42785,50,minibatch_k64,text_pca256_lexical_w005
42786,33,minibatch_k64,text_pca256_lexical_w005
42787,33,minibatch_k64,text_pca256_lexical_w005
42788,50,minibatch_k64,text_pca256_lexical_w005
42789,10,minibatch_k64,text_pca256_lexical_w005
42790,46,minibatch_k64,text_pca256_lexical_w005
42791,33,minibatch_k64,text_pca256_lexical_w005
42792,8,minibatch_k64,text_pca256_lexical_w005
42793,0,minibatch_k64,text_pca256_lexical_w005
42794,33,minibatch_k64,text_pca256_lexical_w005
42795,42,minibatch_k64,text_pca256_lexical_w005
42796,50,minibatch_k64,text_pca256_lexical_w005
42797,42,minibatch_k64,text_pca256_lexical_w005
42798,0,minibatch_k64,text_pca256_lexical_w005
42799,0,minibatch_k64,text_pca256_lexical_w005
42800,39,minibatch_k64,text_pca256_lexical_w005
42801,33,minibatch_k64,text_pca256_lexical_w005
42802,21,minibatch_k64,text_pca256_lexical_w005
42803,42,minibatch_k64,text_pca256_lexical_w005
42804,15,minibatch_k64,text_pca256_lexical_w005
42805,39,minibatch_k64,text_pca256_lexical_w005
42806,42,minibatch_k64,text_pca256_lexical_w005
42807,21,minibatch_k64,text_pca256_lexical_w005
42808,62,minibatch_k64,text_pca256_lexical_w005
42809,10,minibatch_k64,text_pca256_lexical_w005
42810,33,minibatch_k64,text_pca256_lexical_w005
42811,42,minibatch_k64,text_pca256_lexical_w005
42812,0,minibatch_k64,text_pca256_lexical_w005
42813,42,minibatch_k64,text_pca256_lexical_w005
42814,0,minibatch_k64,text_pca256_lexical_w005
42815,21,minibatch_k64,text_pca256_lexical_w005
42816,10,minibatch_k64,text_pca256_lexical_w005
42817,42,minibatch_k64,text_pca256_lexical_w005
42818,42,minibatch_k64,text_pca256_lexical_w005
42819,42,minibatch_k64,text_pca256_lexical_w005
42820,42,minibatch_k64,text_pca256_lexical_w005
42821,42,minibatch_k64,text_pca256_lexical_w005
42822,0,minibatch_k64,text_pca256_lexical_w005
42823,0,minibatch_k64,text_pca256_lexical_w005
42824,62,minibatch_k64,text_pca256_lexical_w005
42825,42,minibatch_k64,text_pca256_lexical_w005
42826,33,minibatch_k64,text_pca256_lexical_w005
42827,42,minibatch_k64,text_pca256_lexical_w005
42828,50,minibatch_k64,text_pca256_lexical_w005
42829,62,minibatch_k64,text_pca256_lexical_w005
42830,42,minibatch_k64,text_pca256_lexical_w005
42831,8,minibatch_k64,text_pca256_lexical_w005
42832,15,minibatch_k64,text_pca256_lexical_w005
42833,33,minibatch_k64,text_pca256_lexical_w005
42834,42,minibatch_k64,text_pca256_lexical_w005
42835,33,minibatch_k64,text_pca256_lexical_w005
42836,33,minibatch_k64,text_pca256_lexical_w005
42837,46,minibatch_k64,text_pca256_lexical_w005
42838,42,minibatch_k64,text_pca256_lexical_w005
42839,46,minibatch_k64,text_pca256_lexical_w005
42840,5,minibatch_k64,text_pca256_lexical_w005
42841,46,minibatch_k64,text_pca256_lexical_w005
42842,46,minibatch_k64,text_pca256_lexical_w005
42843,5,minibatch_k64,text_pca256_lexical_w005
42844,46,minibatch_k64,text_pca256_lexical_w005
42845,46,minibatch_k64,text_pca256_lexical_w005
42846,46,minibatch_k64,text_pca256_lexical_w005
42847,5,minibatch_k64,text_pca256_lexical_w005
42848,0,minibatch_k64,text_pca256_lexical_w005
42849,46,minibatch_k64,text_pca256_lexical_w005
42850,46,minibatch_k64,text_pca256_lexical_w005
42851,46,minibatch_k64,text_pca256_lexical_w005
42852,5,minibatch_k64,text_pca256_lexical_w005
42853,46,minibatch_k64,text_pca256_lexical_w005
42854,46,minibatch_k64,text_pca256_lexical_w005
42855,46,minibatch_k64,text_pca256_lexical_w005
42856,46,minibatch_k64,text_pca256_lexical_w005
42857,50,minibatch_k64,text_pca256_lexical_w005
42858,46,minibatch_k64,text_pca256_lexical_w005
42859,46,minibatch_k64,text_pca256_lexical_w005
42860,46,minibatch_k64,text_pca256_lexical_w005
42861,46,minibatch_k64,text_pca256_lexical_w005
42862,46,minibatch_k64,text_pca256_lexical_w005
42863,62,minibatch_k64,text_pca256_lexical_w005
42864,5,minibatch_k64,text_pca256_lexical_w005
42865,46,minibatch_k64,text_pca256_lexical_w005
42866,42,minibatch_k64,text_pca256_lexical_w005
42867,46,minibatch_k64,text_pca256_lexical_w005
42868,46,minibatch_k64,text_pca256_lexical_w005
42869,46,minibatch_k64,text_pca256_lexical_w005
42870,0,minibatch_k64,text_pca256_lexical_w005
42871,46,minibatch_k64,text_pca256_lexical_w005
42872,46,minibatch_k64,text_pca256_lexical_w005
42873,0,minibatch_k64,text_pca256_lexical_w005
42874,5,minibatch_k64,text_pca256_lexical_w005
42875,0,minibatch_k64,text_pca256_lexical_w005
42876,42,minibatch_k64,text_pca256_lexical_w005
42877,42,minibatch_k64,text_pca256_lexical_w005
42878,5,minibatch_k64,text_pca256_lexical_w005
42879,46,minibatch_k64,text_pca256_lexical_w005
42880,46,minibatch_k64,text_pca256_lexical_w005
42881,46,minibatch_k64,text_pca256_lexical_w005
42882,42,minibatch_k64,text_pca256_lexical_w005
42883,46,minibatch_k64,text_pca256_lexical_w005
42884,42,minibatch_k64,text_pca256_lexical_w005
42885,46,minibatch_k64,text_pca256_lexical_w005
42886,46,minibatch_k64,text_pca256_lexical_w005
42887,46,minibatch_k64,text_pca256_lexical_w005
42888,46,minibatch_k64,text_pca256_lexical_w005
42889,46,minibatch_k64,text_pca256_lexical_w005
42890,42,minibatch_k64,text_pca256_lexical_w005
42891,8,minibatch_k64,text_pca256_lexical_w005
42892,46,minibatch_k64,text_pca256_lexical_w005
42893,42,minibatch_k64,text_pca256_lexical_w005
42894,46,minibatch_k64,text_pca256_lexical_w005
42895,5,minibatch_k64,text_pca256_lexical_w005
42896,42,minibatch_k64,text_pca256_lexical_w005
42897,46,minibatch_k64,text_pca256_lexical_w005
42898,46,minibatch_k64,text_pca256_lexical_w005
42899,46,minibatch_k64,text_pca256_lexical_w005
42900,46,minibatch_k64,text_pca256_lexical_w005
42901,0,minibatch_k64,text_pca256_lexical_w005
42902,21,minibatch_k64,text_pca256_lexical_w005
42903,33,minibatch_k64,text_pca256_lexical_w005
42904,42,minibatch_k64,text_pca256_lexical_w005
42905,23,minibatch_k64,text_pca256_lexical_w005
42906,21,minibatch_k64,text_pca256_lexical_w005
42907,39,minibatch_k64,text_pca256_lexical_w005
42908,42,minibatch_k64,text_pca256_lexical_w005
42909,8,minibatch_k64,text_pca256_lexical_w005
42910,21,minibatch_k64,text_pca256_lexical_w005
42911,21,minibatch_k64,text_pca256_lexical_w005
42912,42,minibatch_k64,text_pca256_lexical_w005
42913,4,minibatch_k64,text_pca256_lexical_w005
42914,33,minibatch_k64,text_pca256_lexical_w005
42915,42,minibatch_k64,text_pca256_lexical_w005
42916,42,minibatch_k64,text_pca256_lexical_w005
42917,46,minibatch_k64,text_pca256_lexical_w005
42918,23,minibatch_k64,text_pca256_lexical_w005
42919,4,minibatch_k64,text_pca256_lexical_w005
42920,56,minibatch_k64,text_pca256_lexical_w005
42921,8,minibatch_k64,text_pca256_lexical_w005
42922,62,minibatch_k64,text_pca256_lexical_w005
42923,15,minibatch_k64,text_pca256_lexical_w005
42924,42,minibatch_k64,text_pca256_lexical_w005
42925,42,minibatch_k64,text_pca256_lexical_w005
42926,33,minibatch_k64,text_pca256_lexical_w005
42927,4,minibatch_k64,text_pca256_lexical_w005
42928,42,minibatch_k64,text_pca256_lexical_w005
42929,0,minibatch_k64,text_pca256_lexical_w005
42930,15,minibatch_k64,text_pca256_lexical_w005
42931,0,minibatch_k64,text_pca256_lexical_w005
42932,8,minibatch_k64,text_pca256_lexical_w005
42933,8,minibatch_k64,text_pca256_lexical_w005
42934,46,minibatch_k64,text_pca256_lexical_w005
42935,15,minibatch_k64,text_pca256_lexical_w005
42936,42,minibatch_k64,text_pca256_lexical_w005
42937,42,minibatch_k64,text_pca256_lexical_w005
42938,46,minibatch_k64,text_pca256_lexical_w005
42939,46,minibatch_k64,text_pca256_lexical_w005
42940,0,minibatch_k64,text_pca256_lexical_w005
42941,50,minibatch_k64,text_pca256_lexical_w005
42942,42,minibatch_k64,text_pca256_lexical_w005
42943,50,minibatch_k64,text_pca256_lexical_w005
42944,8,minibatch_k64,text_pca256_lexical_w005
42945,46,minibatch_k64,text_pca256_lexical_w005
42946,8,minibatch_k64,text_pca256_lexical_w005
42947,21,minibatch_k64,text_pca256_lexical_w005
42948,46,minibatch_k64,text_pca256_lexical_w005
42949,0,minibatch_k64,text_pca256_lexical_w005
42950,33,minibatch_k64,text_pca256_lexical_w005
42951,0,minibatch_k64,text_pca256_lexical_w005
42952,33,minibatch_k64,text_pca256_lexical_w005
42953,46,minibatch_k64,text_pca256_lexical_w005
42954,0,minibatch_k64,text_pca256_lexical_w005
42955,46,minibatch_k64,text_pca256_lexical_w005
42956,5,minibatch_k64,text_pca256_lexical_w005
42957,8,minibatch_k64,text_pca256_lexical_w005
42958,46,minibatch_k64,text_pca256_lexical_w005
42959,46,minibatch_k64,text_pca256_lexical_w005
42960,33,minibatch_k64,text_pca256_lexical_w005
42961,21,minibatch_k64,text_pca256_lexical_w005
42962,0,minibatch_k64,text_pca256_lexical_w005
42963,50,minibatch_k64,text_pca256_lexical_w005
42964,46,minibatch_k64,text_pca256_lexical_w005
42965,46,minibatch_k64,text_pca256_lexical_w005
42966,10,minibatch_k64,text_pca256_lexical_w005
42967,46,minibatch_k64,text_pca256_lexical_w005
42968,46,minibatch_k64,text_pca256_lexical_w005
42969,42,minibatch_k64,text_pca256_lexical_w005
42970,42,minibatch_k64,text_pca256_lexical_w005
42971,10,minibatch_k64,text_pca256_lexical_w005
42972,0,minibatch_k64,text_pca256_lexical_w005
42973,0,minibatch_k64,text_pca256_lexical_w005
42974,50,minibatch_k64,text_pca256_lexical_w005
42975,46,minibatch_k64,text_pca256_lexical_w005
42976,46,minibatch_k64,text_pca256_lexical_w005
42977,33,minibatch_k64,text_pca256_lexical_w005
42978,46,minibatch_k64,text_pca256_lexical_w005
42979,21,minibatch_k64,text_pca256_lexical_w005
42980,42,minibatch_k64,text_pca256_lexical_w005
42981,46,minibatch_k64,text_pca256_lexical_w005
42982,21,minibatch_k64,text_pca256_lexical_w005
42983,62,minibatch_k64,text_pca256_lexical_w005
42984,33,minibatch_k64,text_pca256_lexical_w005
42985,0,minibatch_k64,text_pca256_lexical_w005
42986,46,minibatch_k64,text_pca256_lexical_w005
42987,42,minibatch_k64,text_pca256_lexical_w005
42988,62,minibatch_k64,text_pca256_lexical_w005
42989,10,minibatch_k64,text_pca256_lexical_w005
42990,21,minibatch_k64,text_pca256_lexical_w005
42991,0,minibatch_k64,text_pca256_lexical_w005
42992,46,minibatch_k64,text_pca256_lexical_w005
42993,46,minibatch_k64,text_pca256_lexical_w005
42994,46,minibatch_k64,text_pca256_lexical_w005
42995,8,minibatch_k64,text_pca256_lexical_w005
42996,50,minibatch_k64,text_pca256_lexical_w005
42997,33,minibatch_k64,text_pca256_lexical_w005
42998,42,minibatch_k64,text_pca256_lexical_w005
42999,46,minibatch_k64,text_pca256_lexical_w005
43000,42,minibatch_k64,text_pca256_lexical_w005
43001,46,minibatch_k64,text_pca256_lexical_w005
43002,46,minibatch_k64,text_pca256_lexical_w005
43003,0,minibatch_k64,text_pca256_lexical_w005
43004,46,minibatch_k64,text_pca256_lexical_w005
43005,46,minibatch_k64,text_pca256_lexical_w005
43006,46,minibatch_k64,text_pca256_lexical_w005
43007,0,minibatch_k64,text_pca256_lexical_w005
43008,42,minibatch_k64,text_pca256_lexical_w005
43009,33,minibatch_k64,text_pca256_lexical_w005
43010,0,minibatch_k64,text_pca256_lexical_w005
43011,42,minibatch_k64,text_pca256_lexical_w005
43012,10,minibatch_k64,text_pca256_lexical_w005
43013,46,minibatch_k64,text_pca256_lexical_w005
43014,14,minibatch_k64,text_pca256_lexical_w005
43015,42,minibatch_k64,text_pca256_lexical_w005
43016,33,minibatch_k64,text_pca256_lexical_w005
43017,0,minibatch_k64,text_pca256_lexical_w005
43018,0,minibatch_k64,text_pca256_lexical_w005
43019,15,minibatch_k64,text_pca256_lexical_w005
43020,0,minibatch_k64,text_pca256_lexical_w005
43021,21,minibatch_k64,text_pca256_lexical_w005
43022,0,minibatch_k64,text_pca256_lexical_w005
43023,42,minibatch_k64,text_pca256_lexical_w005
43024,0,minibatch_k64,text_pca256_lexical_w005
43025,0,minibatch_k64,text_pca256_lexical_w005
43026,8,minibatch_k64,text_pca256_lexical_w005
43027,62,minibatch_k64,text_pca256_lexical_w005
43028,53,minibatch_k64,text_pca256_lexical_w005
43029,21,minibatch_k64,text_pca256_lexical_w005
43030,8,minibatch_k64,text_pca256_lexical_w005
43031,42,minibatch_k64,text_pca256_lexical_w005
43032,50,minibatch_k64,text_pca256_lexical_w005
43033,33,minibatch_k64,text_pca256_lexical_w005
43034,62,minibatch_k64,text_pca256_lexical_w005
43035,21,minibatch_k64,text_pca256_lexical_w005
43036,62,minibatch_k64,text_pca256_lexical_w005
43037,23,minibatch_k64,text_pca256_lexical_w005
43038,42,minibatch_k64,text_pca256_lexical_w005
43039,56,minibatch_k64,text_pca256_lexical_w005
43040,42,minibatch_k64,text_pca256_lexical_w005
43041,4,minibatch_k64,text_pca256_lexical_w005
43042,42,minibatch_k64,text_pca256_lexical_w005
43043,62,minibatch_k64,text_pca256_lexical_w005
43044,33,minibatch_k64,text_pca256_lexical_w005
43045,42,minibatch_k64,text_pca256_lexical_w005
43046,10,minibatch_k64,text_pca256_lexical_w005
43047,42,minibatch_k64,text_pca256_lexical_w005
43048,15,minibatch_k64,text_pca256_lexical_w005
43049,42,minibatch_k64,text_pca256_lexical_w005
43050,8,minibatch_k64,text_pca256_lexical_w005
43051,42,minibatch_k64,text_pca256_lexical_w005
43052,15,minibatch_k64,text_pca256_lexical_w005
43053,8,minibatch_k64,text_pca256_lexical_w005
43054,33,minibatch_k64,text_pca256_lexical_w005
43055,42,minibatch_k64,text_pca256_lexical_w005
43056,15,minibatch_k64,text_pca256_lexical_w005
43057,33,minibatch_k64,text_pca256_lexical_w005
43058,15,minibatch_k64,text_pca256_lexical_w005
43059,62,minibatch_k64,text_pca256_lexical_w005
43060,21,minibatch_k64,text_pca256_lexical_w005
43061,42,minibatch_k64,text_pca256_lexical_w005
43062,4,minibatch_k64,text_pca256_lexical_w005
43063,46,minibatch_k64,text_pca256_lexical_w005
43064,0,minibatch_k64,text_pca256_lexical_w005
43065,62,minibatch_k64,text_pca256_lexical_w005
43066,0,minibatch_k64,text_pca256_lexical_w005
43067,42,minibatch_k64,text_pca256_lexical_w005
43068,42,minibatch_k64,text_pca256_lexical_w005
43069,4,minibatch_k64,text_pca256_lexical_w005
43070,0,minibatch_k64,text_pca256_lexical_w005
43071,0,minibatch_k64,text_pca256_lexical_w005
43072,42,minibatch_k64,text_pca256_lexical_w005
43073,0,minibatch_k64,text_pca256_lexical_w005
43074,8,minibatch_k64,text_pca256_lexical_w005
43075,33,minibatch_k64,text_pca256_lexical_w005
43076,33,minibatch_k64,text_pca256_lexical_w005
43077,15,minibatch_k64,text_pca256_lexical_w005
43078,33,minibatch_k64,text_pca256_lexical_w005
43079,0,minibatch_k64,text_pca256_lexical_w005
43080,33,minibatch_k64,text_pca256_lexical_w005
43081,0,minibatch_k64,text_pca256_lexical_w005
43082,50,minibatch_k64,text_pca256_lexical_w005
43083,56,minibatch_k64,text_pca256_lexical_w005
43084,62,minibatch_k64,text_pca256_lexical_w005
43085,39,minibatch_k64,text_pca256_lexical_w005
43086,33,minibatch_k64,text_pca256_lexical_w005
43087,33,minibatch_k64,text_pca256_lexical_w005
43088,33,minibatch_k64,text_pca256_lexical_w005
43089,0,minibatch_k64,text_pca256_lexical_w005
43090,42,minibatch_k64,text_pca256_lexical_w005
43091,33,minibatch_k64,text_pca256_lexical_w005
43092,56,minibatch_k64,text_pca256_lexical_w005
43093,42,minibatch_k64,text_pca256_lexical_w005
43094,0,minibatch_k64,text_pca256_lexical_w005
43095,2,minibatch_k64,text_pca256_lexical_w005
43096,0,minibatch_k64,text_pca256_lexical_w005
43097,62,minibatch_k64,text_pca256_lexical_w005
43098,33,minibatch_k64,text_pca256_lexical_w005
43099,42,minibatch_k64,text_pca256_lexical_w005
43100,8,minibatch_k64,text_pca256_lexical_w005
43101,42,minibatch_k64,text_pca256_lexical_w005
43102,33,minibatch_k64,text_pca256_lexical_w005
43103,33,minibatch_k64,text_pca256_lexical_w005
43104,0,minibatch_k64,text_pca256_lexical_w005
43105,50,minibatch_k64,text_pca256_lexical_w005
43106,42,minibatch_k64,text_pca256_lexical_w005
43107,0,minibatch_k64,text_pca256_lexical_w005
43108,0,minibatch_k64,text_pca256_lexical_w005
43109,21,minibatch_k64,text_pca256_lexical_w005
43110,33,minibatch_k64,text_pca256_lexical_w005
43111,0,minibatch_k64,text_pca256_lexical_w005
43112,33,minibatch_k64,text_pca256_lexical_w005
43113,0,minibatch_k64,text_pca256_lexical_w005
43114,42,minibatch_k64,text_pca256_lexical_w005
43115,42,minibatch_k64,text_pca256_lexical_w005
43116,33,minibatch_k64,text_pca256_lexical_w005
43117,8,minibatch_k64,text_pca256_lexical_w005
43118,33,minibatch_k64,text_pca256_lexical_w005
43119,15,minibatch_k64,text_pca256_lexical_w005
43120,42,minibatch_k64,text_pca256_lexical_w005
43121,33,minibatch_k64,text_pca256_lexical_w005
43122,56,minibatch_k64,text_pca256_lexical_w005
43123,8,minibatch_k64,text_pca256_lexical_w005
43124,62,minibatch_k64,text_pca256_lexical_w005
43125,42,minibatch_k64,text_pca256_lexical_w005
43126,0,minibatch_k64,text_pca256_lexical_w005
43127,33,minibatch_k64,text_pca256_lexical_w005
43128,0,minibatch_k64,text_pca256_lexical_w005
43129,46,minibatch_k64,text_pca256_lexical_w005
43130,21,minibatch_k64,text_pca256_lexical_w005
43131,45,minibatch_k64,text_pca256_lexical_w005
43132,21,minibatch_k64,text_pca256_lexical_w005
43133,4,minibatch_k64,text_pca256_lexical_w005
43134,50,minibatch_k64,text_pca256_lexical_w005
43135,0,minibatch_k64,text_pca256_lexical_w005
43136,8,minibatch_k64,text_pca256_lexical_w005
43137,15,minibatch_k64,text_pca256_lexical_w005
43138,33,minibatch_k64,text_pca256_lexical_w005
43139,0,minibatch_k64,text_pca256_lexical_w005
43140,62,minibatch_k64,text_pca256_lexical_w005
43141,56,minibatch_k64,text_pca256_lexical_w005
43142,15,minibatch_k64,text_pca256_lexical_w005
43143,62,minibatch_k64,text_pca256_lexical_w005
43144,15,minibatch_k64,text_pca256_lexical_w005
43145,15,minibatch_k64,text_pca256_lexical_w005
43146,0,minibatch_k64,text_pca256_lexical_w005
43147,0,minibatch_k64,text_pca256_lexical_w005
43148,42,minibatch_k64,text_pca256_lexical_w005
43149,0,minibatch_k64,text_pca256_lexical_w005
43150,33,minibatch_k64,text_pca256_lexical_w005
43151,33,minibatch_k64,text_pca256_lexical_w005
43152,0,minibatch_k64,text_pca256_lexical_w005
43153,0,minibatch_k64,text_pca256_lexical_w005
43154,21,minibatch_k64,text_pca256_lexical_w005
43155,42,minibatch_k64,text_pca256_lexical_w005
43156,42,minibatch_k64,text_pca256_lexical_w005
43157,33,minibatch_k64,text_pca256_lexical_w005
43158,33,minibatch_k64,text_pca256_lexical_w005
43159,39,minibatch_k64,text_pca256_lexical_w005
43160,0,minibatch_k64,text_pca256_lexical_w005
43161,33,minibatch_k64,text_pca256_lexical_w005
43162,8,minibatch_k64,text_pca256_lexical_w005
43163,42,minibatch_k64,text_pca256_lexical_w005
43164,0,minibatch_k64,text_pca256_lexical_w005
43165,42,minibatch_k64,text_pca256_lexical_w005
43166,8,minibatch_k64,text_pca256_lexical_w005
43167,8,minibatch_k64,text_pca256_lexical_w005
43168,33,minibatch_k64,text_pca256_lexical_w005
43169,0,minibatch_k64,text_pca256_lexical_w005
43170,33,minibatch_k64,text_pca256_lexical_w005
43171,8,minibatch_k64,text_pca256_lexical_w005
43172,0,minibatch_k64,text_pca256_lexical_w005
43173,21,minibatch_k64,text_pca256_lexical_w005
43174,46,minibatch_k64,text_pca256_lexical_w005
43175,0,minibatch_k64,text_pca256_lexical_w005
43176,0,minibatch_k64,text_pca256_lexical_w005
43177,0,minibatch_k64,text_pca256_lexical_w005
43178,0,minibatch_k64,text_pca256_lexical_w005
43179,62,minibatch_k64,text_pca256_lexical_w005
43180,33,minibatch_k64,text_pca256_lexical_w005
43181,50,minibatch_k64,text_pca256_lexical_w005
43182,33,minibatch_k64,text_pca256_lexical_w005
43183,62,minibatch_k64,text_pca256_lexical_w005
43184,42,minibatch_k64,text_pca256_lexical_w005
43185,15,minibatch_k64,text_pca256_lexical_w005
43186,42,minibatch_k64,text_pca256_lexical_w005
43187,56,minibatch_k64,text_pca256_lexical_w005
43188,42,minibatch_k64,text_pca256_lexical_w005
43189,42,minibatch_k64,text_pca256_lexical_w005
43190,42,minibatch_k64,text_pca256_lexical_w005
43191,21,minibatch_k64,text_pca256_lexical_w005
43192,0,minibatch_k64,text_pca256_lexical_w005
43193,0,minibatch_k64,text_pca256_lexical_w005
43194,42,minibatch_k64,text_pca256_lexical_w005
43195,21,minibatch_k64,text_pca256_lexical_w005
43196,56,minibatch_k64,text_pca256_lexical_w005
43197,33,minibatch_k64,text_pca256_lexical_w005
43198,0,minibatch_k64,text_pca256_lexical_w005
43199,21,minibatch_k64,text_pca256_lexical_w005
43200,21,minibatch_k64,text_pca256_lexical_w005
43201,15,minibatch_k64,text_pca256_lexical_w005
43202,21,minibatch_k64,text_pca256_lexical_w005
43203,62,minibatch_k64,text_pca256_lexical_w005
43204,0,minibatch_k64,text_pca256_lexical_w005
43205,0,minibatch_k64,text_pca256_lexical_w005
43206,33,minibatch_k64,text_pca256_lexical_w005
43207,62,minibatch_k64,text_pca256_lexical_w005
43208,8,minibatch_k64,text_pca256_lexical_w005
43209,42,minibatch_k64,text_pca256_lexical_w005
43210,42,minibatch_k64,text_pca256_lexical_w005
43211,62,minibatch_k64,text_pca256_lexical_w005
43212,42,minibatch_k64,text_pca256_lexical_w005
43213,8,minibatch_k64,text_pca256_lexical_w005
43214,42,minibatch_k64,text_pca256_lexical_w005
43215,21,minibatch_k64,text_pca256_lexical_w005
43216,8,minibatch_k64,text_pca256_lexical_w005
43217,10,minibatch_k64,text_pca256_lexical_w005
43218,21,minibatch_k64,text_pca256_lexical_w005
43219,21,minibatch_k64,text_pca256_lexical_w005
43220,42,minibatch_k64,text_pca256_lexical_w005
43221,42,minibatch_k64,text_pca256_lexical_w005
43222,33,minibatch_k64,text_pca256_lexical_w005
43223,46,minibatch_k64,text_pca256_lexical_w005
43224,0,minibatch_k64,text_pca256_lexical_w005
43225,62,minibatch_k64,text_pca256_lexical_w005
43226,62,minibatch_k64,text_pca256_lexical_w005
43227,50,minibatch_k64,text_pca256_lexical_w005
43228,21,minibatch_k64,text_pca256_lexical_w005
43229,10,minibatch_k64,text_pca256_lexical_w005
43230,33,minibatch_k64,text_pca256_lexical_w005
43231,15,minibatch_k64,text_pca256_lexical_w005
43232,8,minibatch_k64,text_pca256_lexical_w005
43233,42,minibatch_k64,text_pca256_lexical_w005
43234,33,minibatch_k64,text_pca256_lexical_w005
43235,56,minibatch_k64,text_pca256_lexical_w005
43236,42,minibatch_k64,text_pca256_lexical_w005
43237,62,minibatch_k64,text_pca256_lexical_w005
43238,8,minibatch_k64,text_pca256_lexical_w005
43239,42,minibatch_k64,text_pca256_lexical_w005
43240,0,minibatch_k64,text_pca256_lexical_w005
43241,0,minibatch_k64,text_pca256_lexical_w005
43242,0,minibatch_k64,text_pca256_lexical_w005
43243,56,minibatch_k64,text_pca256_lexical_w005
43244,50,minibatch_k64,text_pca256_lexical_w005
43245,0,minibatch_k64,text_pca256_lexical_w005
43246,15,minibatch_k64,text_pca256_lexical_w005
43247,33,minibatch_k64,text_pca256_lexical_w005
43248,0,minibatch_k64,text_pca256_lexical_w005
43249,0,minibatch_k64,text_pca256_lexical_w005
43250,8,minibatch_k64,text_pca256_lexical_w005
43251,50,minibatch_k64,text_pca256_lexical_w005
43252,33,minibatch_k64,text_pca256_lexical_w005
43253,10,minibatch_k64,text_pca256_lexical_w005
43254,42,minibatch_k64,text_pca256_lexical_w005
43255,0,minibatch_k64,text_pca256_lexical_w005
43256,0,minibatch_k64,text_pca256_lexical_w005
43257,33,minibatch_k64,text_pca256_lexical_w005
43258,8,minibatch_k64,text_pca256_lexical_w005
43259,0,minibatch_k64,text_pca256_lexical_w005
43260,62,minibatch_k64,text_pca256_lexical_w005
43261,50,minibatch_k64,text_pca256_lexical_w005
43262,21,minibatch_k64,text_pca256_lexical_w005
43263,8,minibatch_k64,text_pca256_lexical_w005
43264,0,minibatch_k64,text_pca256_lexical_w005
43265,8,minibatch_k64,text_pca256_lexical_w005
43266,21,minibatch_k64,text_pca256_lexical_w005
43267,23,minibatch_k64,text_pca256_lexical_w005
43268,33,minibatch_k64,text_pca256_lexical_w005
43269,46,minibatch_k64,text_pca256_lexical_w005
43270,0,minibatch_k64,text_pca256_lexical_w005
43271,62,minibatch_k64,text_pca256_lexical_w005
43272,23,minibatch_k64,text_pca256_lexical_w005
43273,0,minibatch_k64,text_pca256_lexical_w005
43274,8,minibatch_k64,text_pca256_lexical_w005
43275,15,minibatch_k64,text_pca256_lexical_w005
43276,0,minibatch_k64,text_pca256_lexical_w005
43277,23,minibatch_k64,text_pca256_lexical_w005
43278,33,minibatch_k64,text_pca256_lexical_w005
43279,8,minibatch_k64,text_pca256_lexical_w005
43280,62,minibatch_k64,text_pca256_lexical_w005
43281,62,minibatch_k64,text_pca256_lexical_w005
43282,42,minibatch_k64,text_pca256_lexical_w005
43283,62,minibatch_k64,text_pca256_lexical_w005
43284,42,minibatch_k64,text_pca256_lexical_w005
43285,0,minibatch_k64,text_pca256_lexical_w005
43286,8,minibatch_k64,text_pca256_lexical_w005
43287,42,minibatch_k64,text_pca256_lexical_w005
43288,33,minibatch_k64,text_pca256_lexical_w005
43289,33,minibatch_k64,text_pca256_lexical_w005
43290,21,minibatch_k64,text_pca256_lexical_w005
43291,50,minibatch_k64,text_pca256_lexical_w005
43292,62,minibatch_k64,text_pca256_lexical_w005
43293,39,minibatch_k64,text_pca256_lexical_w005
43294,62,minibatch_k64,text_pca256_lexical_w005
43295,33,minibatch_k64,text_pca256_lexical_w005
43296,0,minibatch_k64,text_pca256_lexical_w005
43297,23,minibatch_k64,text_pca256_lexical_w005
43298,0,minibatch_k64,text_pca256_lexical_w005
43299,21,minibatch_k64,text_pca256_lexical_w005
43300,42,minibatch_k64,text_pca256_lexical_w005
43301,50,minibatch_k64,text_pca256_lexical_w005
43302,33,minibatch_k64,text_pca256_lexical_w005
43303,23,minibatch_k64,text_pca256_lexical_w005
43304,42,minibatch_k64,text_pca256_lexical_w005
43305,42,minibatch_k64,text_pca256_lexical_w005
43306,21,minibatch_k64,text_pca256_lexical_w005
43307,42,minibatch_k64,text_pca256_lexical_w005
43308,33,minibatch_k64,text_pca256_lexical_w005
43309,8,minibatch_k64,text_pca256_lexical_w005
43310,4,minibatch_k64,text_pca256_lexical_w005
43311,42,minibatch_k64,text_pca256_lexical_w005
43312,42,minibatch_k64,text_pca256_lexical_w005
43313,42,minibatch_k64,text_pca256_lexical_w005
43314,21,minibatch_k64,text_pca256_lexical_w005
43315,42,minibatch_k64,text_pca256_lexical_w005
43316,33,minibatch_k64,text_pca256_lexical_w005
43317,33,minibatch_k64,text_pca256_lexical_w005
43318,42,minibatch_k64,text_pca256_lexical_w005
43319,62,minibatch_k64,text_pca256_lexical_w005
43320,42,minibatch_k64,text_pca256_lexical_w005
43321,21,minibatch_k64,text_pca256_lexical_w005
43322,21,minibatch_k64,text_pca256_lexical_w005
43323,0,minibatch_k64,text_pca256_lexical_w005
43324,33,minibatch_k64,text_pca256_lexical_w005
43325,0,minibatch_k64,text_pca256_lexical_w005
43326,46,minibatch_k64,text_pca256_lexical_w005
43327,15,minibatch_k64,text_pca256_lexical_w005
43328,4,minibatch_k64,text_pca256_lexical_w005
43329,0,minibatch_k64,text_pca256_lexical_w005
43330,42,minibatch_k64,text_pca256_lexical_w005
43331,10,minibatch_k64,text_pca256_lexical_w005
43332,21,minibatch_k64,text_pca256_lexical_w005
43333,33,minibatch_k64,text_pca256_lexical_w005
43334,0,minibatch_k64,text_pca256_lexical_w005
43335,42,minibatch_k64,text_pca256_lexical_w005
43336,21,minibatch_k64,text_pca256_lexical_w005
43337,0,minibatch_k64,text_pca256_lexical_w005
43338,33,minibatch_k64,text_pca256_lexical_w005
43339,42,minibatch_k64,text_pca256_lexical_w005
43340,10,minibatch_k64,text_pca256_lexical_w005
43341,39,minibatch_k64,text_pca256_lexical_w005
43342,62,minibatch_k64,text_pca256_lexical_w005
43343,42,minibatch_k64,text_pca256_lexical_w005
43344,10,minibatch_k64,text_pca256_lexical_w005
43345,33,minibatch_k64,text_pca256_lexical_w005
43346,15,minibatch_k64,text_pca256_lexical_w005
43347,0,minibatch_k64,text_pca256_lexical_w005
43348,0,minibatch_k64,text_pca256_lexical_w005
43349,42,minibatch_k64,text_pca256_lexical_w005
43350,50,minibatch_k64,text_pca256_lexical_w005
43351,0,minibatch_k64,text_pca256_lexical_w005
43352,0,minibatch_k64,text_pca256_lexical_w005
43353,0,minibatch_k64,text_pca256_lexical_w005
43354,33,minibatch_k64,text_pca256_lexical_w005
43355,0,minibatch_k64,text_pca256_lexical_w005
43356,0,minibatch_k64,text_pca256_lexical_w005
43357,50,minibatch_k64,text_pca256_lexical_w005
43358,33,minibatch_k64,text_pca256_lexical_w005
43359,0,minibatch_k64,text_pca256_lexical_w005
43360,62,minibatch_k64,text_pca256_lexical_w005
43361,62,minibatch_k64,text_pca256_lexical_w005
43362,0,minibatch_k64,text_pca256_lexical_w005
43363,33,minibatch_k64,text_pca256_lexical_w005
43364,4,minibatch_k64,text_pca256_lexical_w005
43365,42,minibatch_k64,text_pca256_lexical_w005
43366,62,minibatch_k64,text_pca256_lexical_w005
43367,0,minibatch_k64,text_pca256_lexical_w005
43368,0,minibatch_k64,text_pca256_lexical_w005
43369,46,minibatch_k64,text_pca256_lexical_w005
43370,0,minibatch_k64,text_pca256_lexical_w005
43371,42,minibatch_k64,text_pca256_lexical_w005
43372,0,minibatch_k64,text_pca256_lexical_w005
43373,42,minibatch_k64,text_pca256_lexical_w005
43374,8,minibatch_k64,text_pca256_lexical_w005
43375,8,minibatch_k64,text_pca256_lexical_w005
43376,8,minibatch_k64,text_pca256_lexical_w005
43377,15,minibatch_k64,text_pca256_lexical_w005
43378,33,minibatch_k64,text_pca256_lexical_w005
43379,56,minibatch_k64,text_pca256_lexical_w005
43380,33,minibatch_k64,text_pca256_lexical_w005
43381,10,minibatch_k64,text_pca256_lexical_w005
43382,33,minibatch_k64,text_pca256_lexical_w005
43383,50,minibatch_k64,text_pca256_lexical_w005
43384,0,minibatch_k64,text_pca256_lexical_w005
43385,50,minibatch_k64,text_pca256_lexical_w005
43386,42,minibatch_k64,text_pca256_lexical_w005
43387,42,minibatch_k64,text_pca256_lexical_w005
43388,42,minibatch_k64,text_pca256_lexical_w005
43389,33,minibatch_k64,text_pca256_lexical_w005
43390,33,minibatch_k64,text_pca256_lexical_w005
43391,8,minibatch_k64,text_pca256_lexical_w005
43392,0,minibatch_k64,text_pca256_lexical_w005
43393,62,minibatch_k64,text_pca256_lexical_w005
43394,50,minibatch_k64,text_pca256_lexical_w005
43395,15,minibatch_k64,text_pca256_lexical_w005
43396,8,minibatch_k64,text_pca256_lexical_w005
43397,0,minibatch_k64,text_pca256_lexical_w005
43398,42,minibatch_k64,text_pca256_lexical_w005
43399,50,minibatch_k64,text_pca256_lexical_w005
43400,8,minibatch_k64,text_pca256_lexical_w005
43401,0,minibatch_k64,text_pca256_lexical_w005
43402,15,minibatch_k64,text_pca256_lexical_w005
43403,0,minibatch_k64,text_pca256_lexical_w005
43404,62,minibatch_k64,text_pca256_lexical_w005
43405,39,minibatch_k64,text_pca256_lexical_w005
43406,0,minibatch_k64,text_pca256_lexical_w005
43407,8,minibatch_k64,text_pca256_lexical_w005
43408,15,minibatch_k64,text_pca256_lexical_w005
43409,62,minibatch_k64,text_pca256_lexical_w005
43410,0,minibatch_k64,text_pca256_lexical_w005
43411,33,minibatch_k64,text_pca256_lexical_w005
43412,15,minibatch_k64,text_pca256_lexical_w005
43413,50,minibatch_k64,text_pca256_lexical_w005
43414,42,minibatch_k64,text_pca256_lexical_w005
43415,33,minibatch_k64,text_pca256_lexical_w005
43416,53,minibatch_k64,text_pca256_lexical_w005
43417,15,minibatch_k64,text_pca256_lexical_w005
43418,42,minibatch_k64,text_pca256_lexical_w005
43419,21,minibatch_k64,text_pca256_lexical_w005
43420,0,minibatch_k64,text_pca256_lexical_w005
43421,10,minibatch_k64,text_pca256_lexical_w005
43422,0,minibatch_k64,text_pca256_lexical_w005
43423,0,minibatch_k64,text_pca256_lexical_w005
43424,39,minibatch_k64,text_pca256_lexical_w005
43425,0,minibatch_k64,text_pca256_lexical_w005
43426,8,minibatch_k64,text_pca256_lexical_w005
43427,8,minibatch_k64,text_pca256_lexical_w005
43428,10,minibatch_k64,text_pca256_lexical_w005
43429,21,minibatch_k64,text_pca256_lexical_w005
43430,21,minibatch_k64,text_pca256_lexical_w005
43431,15,minibatch_k64,text_pca256_lexical_w005
43432,42,minibatch_k64,text_pca256_lexical_w005
43433,15,minibatch_k64,text_pca256_lexical_w005
43434,33,minibatch_k64,text_pca256_lexical_w005
43435,0,minibatch_k64,text_pca256_lexical_w005
43436,50,minibatch_k64,text_pca256_lexical_w005
43437,0,minibatch_k64,text_pca256_lexical_w005
43438,0,minibatch_k64,text_pca256_lexical_w005
43439,2,minibatch_k64,text_pca256_lexical_w005
43440,33,minibatch_k64,text_pca256_lexical_w005
43441,0,minibatch_k64,text_pca256_lexical_w005
43442,42,minibatch_k64,text_pca256_lexical_w005
43443,42,minibatch_k64,text_pca256_lexical_w005
43444,42,minibatch_k64,text_pca256_lexical_w005
43445,0,minibatch_k64,text_pca256_lexical_w005
43446,42,minibatch_k64,text_pca256_lexical_w005
43447,62,minibatch_k64,text_pca256_lexical_w005
43448,0,minibatch_k64,text_pca256_lexical_w005
43449,42,minibatch_k64,text_pca256_lexical_w005
43450,0,minibatch_k64,text_pca256_lexical_w005
43451,33,minibatch_k64,text_pca256_lexical_w005
43452,42,minibatch_k64,text_pca256_lexical_w005
43453,42,minibatch_k64,text_pca256_lexical_w005
43454,0,minibatch_k64,text_pca256_lexical_w005
43455,0,minibatch_k64,text_pca256_lexical_w005
43456,0,minibatch_k64,text_pca256_lexical_w005
43457,0,minibatch_k64,text_pca256_lexical_w005
43458,21,minibatch_k64,text_pca256_lexical_w005
43459,8,minibatch_k64,text_pca256_lexical_w005
43460,0,minibatch_k64,text_pca256_lexical_w005
43461,42,minibatch_k64,text_pca256_lexical_w005
43462,23,minibatch_k64,text_pca256_lexical_w005
43463,8,minibatch_k64,text_pca256_lexical_w005
43464,50,minibatch_k64,text_pca256_lexical_w005
43465,0,minibatch_k64,text_pca256_lexical_w005
43466,0,minibatch_k64,text_pca256_lexical_w005
43467,21,minibatch_k64,text_pca256_lexical_w005
43468,42,minibatch_k64,text_pca256_lexical_w005
43469,4,minibatch_k64,text_pca256_lexical_w005
43470,62,minibatch_k64,text_pca256_lexical_w005
43471,0,minibatch_k64,text_pca256_lexical_w005
43472,0,minibatch_k64,text_pca256_lexical_w005
43473,0,minibatch_k64,text_pca256_lexical_w005
43474,62,minibatch_k64,text_pca256_lexical_w005
43475,50,minibatch_k64,text_pca256_lexical_w005
43476,21,minibatch_k64,text_pca256_lexical_w005
43477,10,minibatch_k64,text_pca256_lexical_w005
43478,42,minibatch_k64,text_pca256_lexical_w005
43479,0,minibatch_k64,text_pca256_lexical_w005
43480,33,minibatch_k64,text_pca256_lexical_w005
43481,0,minibatch_k64,text_pca256_lexical_w005
43482,2,minibatch_k64,text_pca256_lexical_w005
43483,50,minibatch_k64,text_pca256_lexical_w005
43484,0,minibatch_k64,text_pca256_lexical_w005
43485,15,minibatch_k64,text_pca256_lexical_w005
43486,42,minibatch_k64,text_pca256_lexical_w005
43487,42,minibatch_k64,text_pca256_lexical_w005
43488,10,minibatch_k64,text_pca256_lexical_w005
43489,39,minibatch_k64,text_pca256_lexical_w005
43490,8,minibatch_k64,text_pca256_lexical_w005
43491,42,minibatch_k64,text_pca256_lexical_w005
43492,15,minibatch_k64,text_pca256_lexical_w005
43493,21,minibatch_k64,text_pca256_lexical_w005
43494,33,minibatch_k64,text_pca256_lexical_w005
43495,33,minibatch_k64,text_pca256_lexical_w005
43496,62,minibatch_k64,text_pca256_lexical_w005
43497,62,minibatch_k64,text_pca256_lexical_w005
43498,0,minibatch_k64,text_pca256_lexical_w005
43499,15,minibatch_k64,text_pca256_lexical_w005
43500,21,minibatch_k64,text_pca256_lexical_w005
43501,0,minibatch_k64,text_pca256_lexical_w005
43502,23,minibatch_k64,text_pca256_lexical_w005
43503,33,minibatch_k64,text_pca256_lexical_w005
43504,23,minibatch_k64,text_pca256_lexical_w005
43505,50,minibatch_k64,text_pca256_lexical_w005
43506,62,minibatch_k64,text_pca256_lexical_w005
43507,62,minibatch_k64,text_pca256_lexical_w005
43508,62,minibatch_k64,text_pca256_lexical_w005
43509,23,minibatch_k64,text_pca256_lexical_w005
43510,4,minibatch_k64,text_pca256_lexical_w005
43511,21,minibatch_k64,text_pca256_lexical_w005
43512,21,minibatch_k64,text_pca256_lexical_w005
43513,59,minibatch_k64,text_pca256_lexical_w005
43514,8,minibatch_k64,text_pca256_lexical_w005
43515,0,minibatch_k64,text_pca256_lexical_w005
43516,15,minibatch_k64,text_pca256_lexical_w005
43517,10,minibatch_k64,text_pca256_lexical_w005
43518,42,minibatch_k64,text_pca256_lexical_w005
43519,8,minibatch_k64,text_pca256_lexical_w005
43520,0,minibatch_k64,text_pca256_lexical_w005
43521,42,minibatch_k64,text_pca256_lexical_w005
43522,42,minibatch_k64,text_pca256_lexical_w005
43523,42,minibatch_k64,text_pca256_lexical_w005
43524,33,minibatch_k64,text_pca256_lexical_w005
43525,21,minibatch_k64,text_pca256_lexical_w005
43526,62,minibatch_k64,text_pca256_lexical_w005
43527,42,minibatch_k64,text_pca256_lexical_w005
43528,15,minibatch_k64,text_pca256_lexical_w005
43529,23,minibatch_k64,text_pca256_lexical_w005
43530,42,minibatch_k64,text_pca256_lexical_w005
43531,33,minibatch_k64,text_pca256_lexical_w005
43532,0,minibatch_k64,text_pca256_lexical_w005
43533,50,minibatch_k64,text_pca256_lexical_w005
43534,21,minibatch_k64,text_pca256_lexical_w005
43535,42,minibatch_k64,text_pca256_lexical_w005
43536,21,minibatch_k64,text_pca256_lexical_w005
43537,21,minibatch_k64,text_pca256_lexical_w005
43538,21,minibatch_k64,text_pca256_lexical_w005
43539,42,minibatch_k64,text_pca256_lexical_w005
43540,12,minibatch_k64,text_pca256_lexical_w005
43541,42,minibatch_k64,text_pca256_lexical_w005
43542,50,minibatch_k64,text_pca256_lexical_w005
43543,62,minibatch_k64,text_pca256_lexical_w005
43544,8,minibatch_k64,text_pca256_lexical_w005
43545,53,minibatch_k64,text_pca256_lexical_w005
43546,62,minibatch_k64,text_pca256_lexical_w005
43547,42,minibatch_k64,text_pca256_lexical_w005
43548,42,minibatch_k64,text_pca256_lexical_w005
43549,62,minibatch_k64,text_pca256_lexical_w005
43550,33,minibatch_k64,text_pca256_lexical_w005
43551,33,minibatch_k64,text_pca256_lexical_w005
43552,8,minibatch_k64,text_pca256_lexical_w005
43553,21,minibatch_k64,text_pca256_lexical_w005
43554,0,minibatch_k64,text_pca256_lexical_w005
43555,62,minibatch_k64,text_pca256_lexical_w005
43556,50,minibatch_k64,text_pca256_lexical_w005
43557,0,minibatch_k64,text_pca256_lexical_w005
43558,33,minibatch_k64,text_pca256_lexical_w005
43559,21,minibatch_k64,text_pca256_lexical_w005
43560,62,minibatch_k64,text_pca256_lexical_w005
43561,21,minibatch_k64,text_pca256_lexical_w005
43562,21,minibatch_k64,text_pca256_lexical_w005
43563,21,minibatch_k64,text_pca256_lexical_w005
43564,42,minibatch_k64,text_pca256_lexical_w005
43565,21,minibatch_k64,text_pca256_lexical_w005
43566,21,minibatch_k64,text_pca256_lexical_w005
43567,21,minibatch_k64,text_pca256_lexical_w005
43568,21,minibatch_k64,text_pca256_lexical_w005
43569,50,minibatch_k64,text_pca256_lexical_w005
43570,21,minibatch_k64,text_pca256_lexical_w005
43571,0,minibatch_k64,text_pca256_lexical_w005
43572,21,minibatch_k64,text_pca256_lexical_w005
43573,33,minibatch_k64,text_pca256_lexical_w005
43574,8,minibatch_k64,text_pca256_lexical_w005
43575,21,minibatch_k64,text_pca256_lexical_w005
43576,42,minibatch_k64,text_pca256_lexical_w005
43577,42,minibatch_k64,text_pca256_lexical_w005
43578,62,minibatch_k64,text_pca256_lexical_w005
43579,21,minibatch_k64,text_pca256_lexical_w005
43580,62,minibatch_k64,text_pca256_lexical_w005
43581,42,minibatch_k64,text_pca256_lexical_w005
43582,42,minibatch_k64,text_pca256_lexical_w005
43583,42,minibatch_k64,text_pca256_lexical_w005
43584,33,minibatch_k64,text_pca256_lexical_w005
43585,21,minibatch_k64,text_pca256_lexical_w005
43586,42,minibatch_k64,text_pca256_lexical_w005
43587,39,minibatch_k64,text_pca256_lexical_w005
43588,21,minibatch_k64,text_pca256_lexical_w005
43589,42,minibatch_k64,text_pca256_lexical_w005
43590,33,minibatch_k64,text_pca256_lexical_w005
43591,62,minibatch_k64,text_pca256_lexical_w005
43592,42,minibatch_k64,text_pca256_lexical_w005
43593,50,minibatch_k64,text_pca256_lexical_w005
43594,33,minibatch_k64,text_pca256_lexical_w005
43595,33,minibatch_k64,text_pca256_lexical_w005
43596,42,minibatch_k64,text_pca256_lexical_w005
43597,42,minibatch_k64,text_pca256_lexical_w005
43598,42,minibatch_k64,text_pca256_lexical_w005
43599,21,minibatch_k64,text_pca256_lexical_w005
43600,42,minibatch_k64,text_pca256_lexical_w005
43601,42,minibatch_k64,text_pca256_lexical_w005
43602,42,minibatch_k64,text_pca256_lexical_w005
43603,21,minibatch_k64,text_pca256_lexical_w005
43604,42,minibatch_k64,text_pca256_lexical_w005
43605,42,minibatch_k64,text_pca256_lexical_w005
43606,42,minibatch_k64,text_pca256_lexical_w005
43607,23,minibatch_k64,text_pca256_lexical_w005
43608,42,minibatch_k64,text_pca256_lexical_w005
43609,42,minibatch_k64,text_pca256_lexical_w005
43610,42,minibatch_k64,text_pca256_lexical_w005
43611,0,minibatch_k64,text_pca256_lexical_w005
43612,50,minibatch_k64,text_pca256_lexical_w005
43613,33,minibatch_k64,text_pca256_lexical_w005
43614,33,minibatch_k64,text_pca256_lexical_w005
43615,33,minibatch_k64,text_pca256_lexical_w005
43616,4,minibatch_k64,text_pca256_lexical_w005
43617,23,minibatch_k64,text_pca256_lexical_w005
43618,42,minibatch_k64,text_pca256_lexical_w005
43619,42,minibatch_k64,text_pca256_lexical_w005
43620,56,minibatch_k64,text_pca256_lexical_w005
43621,0,minibatch_k64,text_pca256_lexical_w005
43622,33,minibatch_k64,text_pca256_lexical_w005
43623,62,minibatch_k64,text_pca256_lexical_w005
43624,33,minibatch_k64,text_pca256_lexical_w005
43625,33,minibatch_k64,text_pca256_lexical_w005
43626,42,minibatch_k64,text_pca256_lexical_w005
43627,42,minibatch_k64,text_pca256_lexical_w005
43628,21,minibatch_k64,text_pca256_lexical_w005
43629,33,minibatch_k64,text_pca256_lexical_w005
43630,21,minibatch_k64,text_pca256_lexical_w005
43631,33,minibatch_k64,text_pca256_lexical_w005
43632,42,minibatch_k64,text_pca256_lexical_w005
43633,42,minibatch_k64,text_pca256_lexical_w005
43634,42,minibatch_k64,text_pca256_lexical_w005
43635,62,minibatch_k64,text_pca256_lexical_w005
43636,33,minibatch_k64,text_pca256_lexical_w005
43637,50,minibatch_k64,text_pca256_lexical_w005
43638,42,minibatch_k64,text_pca256_lexical_w005
43639,8,minibatch_k64,text_pca256_lexical_w005
43640,42,minibatch_k64,text_pca256_lexical_w005
43641,42,minibatch_k64,text_pca256_lexical_w005
43642,42,minibatch_k64,text_pca256_lexical_w005
43643,33,minibatch_k64,text_pca256_lexical_w005
43644,42,minibatch_k64,text_pca256_lexical_w005
43645,33,minibatch_k64,text_pca256_lexical_w005
43646,42,minibatch_k64,text_pca256_lexical_w005
43647,62,minibatch_k64,text_pca256_lexical_w005
43648,62,minibatch_k64,text_pca256_lexical_w005
43649,2,minibatch_k64,text_pca256_lexical_w005
43650,21,minibatch_k64,text_pca256_lexical_w005
43651,33,minibatch_k64,text_pca256_lexical_w005
43652,21,minibatch_k64,text_pca256_lexical_w005
43653,42,minibatch_k64,text_pca256_lexical_w005
43654,62,minibatch_k64,text_pca256_lexical_w005
43655,50,minibatch_k64,text_pca256_lexical_w005
43656,15,minibatch_k64,text_pca256_lexical_w005
43657,8,minibatch_k64,text_pca256_lexical_w005
43658,0,minibatch_k64,text_pca256_lexical_w005
43659,42,minibatch_k64,text_pca256_lexical_w005
43660,33,minibatch_k64,text_pca256_lexical_w005
43661,42,minibatch_k64,text_pca256_lexical_w005
43662,62,minibatch_k64,text_pca256_lexical_w005
43663,8,minibatch_k64,text_pca256_lexical_w005
43664,33,minibatch_k64,text_pca256_lexical_w005
43665,0,minibatch_k64,text_pca256_lexical_w005
43666,33,minibatch_k64,text_pca256_lexical_w005
43667,50,minibatch_k64,text_pca256_lexical_w005
43668,42,minibatch_k64,text_pca256_lexical_w005
43669,42,minibatch_k64,text_pca256_lexical_w005
43670,0,minibatch_k64,text_pca256_lexical_w005
43671,15,minibatch_k64,text_pca256_lexical_w005
43672,42,minibatch_k64,text_pca256_lexical_w005
43673,33,minibatch_k64,text_pca256_lexical_w005
43674,21,minibatch_k64,text_pca256_lexical_w005
43675,15,minibatch_k64,text_pca256_lexical_w005
43676,42,minibatch_k64,text_pca256_lexical_w005
43677,4,minibatch_k64,text_pca256_lexical_w005
43678,42,minibatch_k64,text_pca256_lexical_w005
43679,21,minibatch_k64,text_pca256_lexical_w005
43680,21,minibatch_k64,text_pca256_lexical_w005
43681,50,minibatch_k64,text_pca256_lexical_w005
43682,42,minibatch_k64,text_pca256_lexical_w005
43683,21,minibatch_k64,text_pca256_lexical_w005
43684,50,minibatch_k64,text_pca256_lexical_w005
43685,62,minibatch_k64,text_pca256_lexical_w005
43686,8,minibatch_k64,text_pca256_lexical_w005
43687,21,minibatch_k64,text_pca256_lexical_w005
43688,42,minibatch_k64,text_pca256_lexical_w005
43689,50,minibatch_k64,text_pca256_lexical_w005
43690,62,minibatch_k64,text_pca256_lexical_w005
43691,50,minibatch_k64,text_pca256_lexical_w005
43692,42,minibatch_k64,text_pca256_lexical_w005
43693,0,minibatch_k64,text_pca256_lexical_w005
43694,42,minibatch_k64,text_pca256_lexical_w005
43695,33,minibatch_k64,text_pca256_lexical_w005
43696,42,minibatch_k64,text_pca256_lexical_w005
43697,42,minibatch_k64,text_pca256_lexical_w005
43698,42,minibatch_k64,text_pca256_lexical_w005
43699,42,minibatch_k64,text_pca256_lexical_w005
43700,42,minibatch_k64,text_pca256_lexical_w005
43701,62,minibatch_k64,text_pca256_lexical_w005
43702,42,minibatch_k64,text_pca256_lexical_w005
43703,42,minibatch_k64,text_pca256_lexical_w005
43704,0,minibatch_k64,text_pca256_lexical_w005
43705,21,minibatch_k64,text_pca256_lexical_w005
43706,42,minibatch_k64,text_pca256_lexical_w005
43707,50,minibatch_k64,text_pca256_lexical_w005
43708,4,minibatch_k64,text_pca256_lexical_w005
43709,21,minibatch_k64,text_pca256_lexical_w005
43710,8,minibatch_k64,text_pca256_lexical_w005
43711,42,minibatch_k64,text_pca256_lexical_w005
43712,33,minibatch_k64,text_pca256_lexical_w005
43713,42,minibatch_k64,text_pca256_lexical_w005
43714,50,minibatch_k64,text_pca256_lexical_w005
43715,50,minibatch_k64,text_pca256_lexical_w005
43716,42,minibatch_k64,text_pca256_lexical_w005
43717,33,minibatch_k64,text_pca256_lexical_w005
43718,50,minibatch_k64,text_pca256_lexical_w005
43719,21,minibatch_k64,text_pca256_lexical_w005
43720,21,minibatch_k64,text_pca256_lexical_w005
43721,42,minibatch_k64,text_pca256_lexical_w005
43722,50,minibatch_k64,text_pca256_lexical_w005
43723,42,minibatch_k64,text_pca256_lexical_w005
43724,50,minibatch_k64,text_pca256_lexical_w005
43725,42,minibatch_k64,text_pca256_lexical_w005
43726,8,minibatch_k64,text_pca256_lexical_w005
43727,42,minibatch_k64,text_pca256_lexical_w005
43728,62,minibatch_k64,text_pca256_lexical_w005
43729,8,minibatch_k64,text_pca256_lexical_w005
43730,33,minibatch_k64,text_pca256_lexical_w005
43731,21,minibatch_k64,text_pca256_lexical_w005
43732,0,minibatch_k64,text_pca256_lexical_w005
43733,42,minibatch_k64,text_pca256_lexical_w005
43734,15,minibatch_k64,text_pca256_lexical_w005
43735,33,minibatch_k64,text_pca256_lexical_w005
43736,15,minibatch_k64,text_pca256_lexical_w005
43737,0,minibatch_k64,text_pca256_lexical_w005
43738,0,minibatch_k64,text_pca256_lexical_w005
43739,21,minibatch_k64,text_pca256_lexical_w005
43740,42,minibatch_k64,text_pca256_lexical_w005
43741,33,minibatch_k64,text_pca256_lexical_w005
43742,42,minibatch_k64,text_pca256_lexical_w005
43743,4,minibatch_k64,text_pca256_lexical_w005
43744,42,minibatch_k64,text_pca256_lexical_w005
43745,42,minibatch_k64,text_pca256_lexical_w005
43746,42,minibatch_k64,text_pca256_lexical_w005
43747,33,minibatch_k64,text_pca256_lexical_w005
43748,33,minibatch_k64,text_pca256_lexical_w005
43749,33,minibatch_k64,text_pca256_lexical_w005
43750,21,minibatch_k64,text_pca256_lexical_w005
43751,0,minibatch_k64,text_pca256_lexical_w005
43752,21,minibatch_k64,text_pca256_lexical_w005
43753,8,minibatch_k64,text_pca256_lexical_w005
43754,21,minibatch_k64,text_pca256_lexical_w005
43755,50,minibatch_k64,text_pca256_lexical_w005
43756,0,minibatch_k64,text_pca256_lexical_w005
43757,42,minibatch_k64,text_pca256_lexical_w005
43758,39,minibatch_k64,text_pca256_lexical_w005
43759,42,minibatch_k64,text_pca256_lexical_w005
43760,59,minibatch_k64,text_pca256_lexical_w005
43761,42,minibatch_k64,text_pca256_lexical_w005
43762,0,minibatch_k64,text_pca256_lexical_w005
43763,15,minibatch_k64,text_pca256_lexical_w005
43764,33,minibatch_k64,text_pca256_lexical_w005
43765,4,minibatch_k64,text_pca256_lexical_w005
43766,42,minibatch_k64,text_pca256_lexical_w005
43767,42,minibatch_k64,text_pca256_lexical_w005
43768,15,minibatch_k64,text_pca256_lexical_w005
43769,59,minibatch_k64,text_pca256_lexical_w005
43770,42,minibatch_k64,text_pca256_lexical_w005
43771,4,minibatch_k64,text_pca256_lexical_w005
43772,42,minibatch_k64,text_pca256_lexical_w005
43773,33,minibatch_k64,text_pca256_lexical_w005
43774,42,minibatch_k64,text_pca256_lexical_w005
43775,42,minibatch_k64,text_pca256_lexical_w005
43776,62,minibatch_k64,text_pca256_lexical_w005
43777,33,minibatch_k64,text_pca256_lexical_w005
43778,33,minibatch_k64,text_pca256_lexical_w005
43779,42,minibatch_k64,text_pca256_lexical_w005
43780,42,minibatch_k64,text_pca256_lexical_w005
43781,42,minibatch_k64,text_pca256_lexical_w005
43782,59,minibatch_k64,text_pca256_lexical_w005
43783,10,minibatch_k64,text_pca256_lexical_w005
43784,42,minibatch_k64,text_pca256_lexical_w005
43785,42,minibatch_k64,text_pca256_lexical_w005
43786,33,minibatch_k64,text_pca256_lexical_w005
43787,33,minibatch_k64,text_pca256_lexical_w005
43788,10,minibatch_k64,text_pca256_lexical_w005
43789,33,minibatch_k64,text_pca256_lexical_w005
43790,33,minibatch_k64,text_pca256_lexical_w005
43791,33,minibatch_k64,text_pca256_lexical_w005
43792,42,minibatch_k64,text_pca256_lexical_w005
43793,42,minibatch_k64,text_pca256_lexical_w005
43794,42,minibatch_k64,text_pca256_lexical_w005
43795,42,minibatch_k64,text_pca256_lexical_w005
43796,42,minibatch_k64,text_pca256_lexical_w005
43797,42,minibatch_k64,text_pca256_lexical_w005
43798,42,minibatch_k64,text_pca256_lexical_w005
43799,42,minibatch_k64,text_pca256_lexical_w005
43800,42,minibatch_k64,text_pca256_lexical_w005
43801,42,minibatch_k64,text_pca256_lexical_w005
43802,42,minibatch_k64,text_pca256_lexical_w005
43803,42,minibatch_k64,text_pca256_lexical_w005
43804,42,minibatch_k64,text_pca256_lexical_w005
43805,21,minibatch_k64,text_pca256_lexical_w005
43806,42,minibatch_k64,text_pca256_lexical_w005
43807,42,minibatch_k64,text_pca256_lexical_w005
43808,42,minibatch_k64,text_pca256_lexical_w005
43809,42,minibatch_k64,text_pca256_lexical_w005
43810,42,minibatch_k64,text_pca256_lexical_w005
43811,42,minibatch_k64,text_pca256_lexical_w005
43812,33,minibatch_k64,text_pca256_lexical_w005
43813,42,minibatch_k64,text_pca256_lexical_w005
43814,42,minibatch_k64,text_pca256_lexical_w005
43815,42,minibatch_k64,text_pca256_lexical_w005
43816,42,minibatch_k64,text_pca256_lexical_w005
43817,62,minibatch_k64,text_pca256_lexical_w005
43818,62,minibatch_k64,text_pca256_lexical_w005
43819,15,minibatch_k64,text_pca256_lexical_w005
43820,42,minibatch_k64,text_pca256_lexical_w005
43821,8,minibatch_k64,text_pca256_lexical_w005
43822,8,minibatch_k64,text_pca256_lexical_w005
43823,59,minibatch_k64,text_pca256_lexical_w005
43824,46,minibatch_k64,text_pca256_lexical_w005
43825,42,minibatch_k64,text_pca256_lexical_w005
43826,33,minibatch_k64,text_pca256_lexical_w005
43827,42,minibatch_k64,text_pca256_lexical_w005
43828,38,minibatch_k64,text_pca256_lexical_w005
43829,55,minibatch_k64,text_pca256_lexical_w005
43830,47,minibatch_k64,text_pca256_lexical_w005
43831,0,minibatch_k64,text_pca256_lexical_w005
43832,0,minibatch_k64,text_pca256_lexical_w005
43833,0,minibatch_k64,text_pca256_lexical_w005
43834,0,minibatch_k64,text_pca256_lexical_w005
43835,0,minibatch_k64,text_pca256_lexical_w005
43836,25,minibatch_k64,text_pca256_lexical_w005
43837,0,minibatch_k64,text_pca256_lexical_w005
43838,58,minibatch_k64,text_pca256_lexical_w005
43839,38,minibatch_k64,text_pca256_lexical_w005
43840,55,minibatch_k64,text_pca256_lexical_w005
43841,54,minibatch_k64,text_pca256_lexical_w005
43842,8,minibatch_k64,text_pca256_lexical_w005
43843,0,minibatch_k64,text_pca256_lexical_w005
43844,8,minibatch_k64,text_pca256_lexical_w005
43845,0,minibatch_k64,text_pca256_lexical_w005
43846,0,minibatch_k64,text_pca256_lexical_w005
43847,23,minibatch_k64,text_pca256_lexical_w005
43848,62,minibatch_k64,text_pca256_lexical_w005
43849,62,minibatch_k64,text_pca256_lexical_w005
43850,2,minibatch_k64,text_pca256_lexical_w005
43851,23,minibatch_k64,text_pca256_lexical_w005
43852,62,minibatch_k64,text_pca256_lexical_w005
43853,15,minibatch_k64,text_pca256_lexical_w005
43854,62,minibatch_k64,text_pca256_lexical_w005
43855,0,minibatch_k64,text_pca256_lexical_w005
43856,0,minibatch_k64,text_pca256_lexical_w005
43857,62,minibatch_k64,text_pca256_lexical_w005
43858,62,minibatch_k64,text_pca256_lexical_w005
43859,62,minibatch_k64,text_pca256_lexical_w005
43860,62,minibatch_k64,text_pca256_lexical_w005
43861,62,minibatch_k64,text_pca256_lexical_w005
43862,0,minibatch_k64,text_pca256_lexical_w005
43863,10,minibatch_k64,text_pca256_lexical_w005
43864,62,minibatch_k64,text_pca256_lexical_w005
43865,15,minibatch_k64,text_pca256_lexical_w005
43866,8,minibatch_k64,text_pca256_lexical_w005
43867,47,minibatch_k64,text_pca256_lexical_w005
43868,8,minibatch_k64,text_pca256_lexical_w005
43869,8,minibatch_k64,text_pca256_lexical_w005
43870,62,minibatch_k64,text_pca256_lexical_w005
43871,25,minibatch_k64,text_pca256_lexical_w005
43872,8,minibatch_k64,text_pca256_lexical_w005
43873,55,minibatch_k64,text_pca256_lexical_w005
43874,0,minibatch_k64,text_pca256_lexical_w005
43875,35,minibatch_k64,text_pca256_lexical_w005
43876,8,minibatch_k64,text_pca256_lexical_w005
43877,0,minibatch_k64,text_pca256_lexical_w005
43878,8,minibatch_k64,text_pca256_lexical_w005
43879,25,minibatch_k64,text_pca256_lexical_w005
43880,55,minibatch_k64,text_pca256_lexical_w005
43881,54,minibatch_k64,text_pca256_lexical_w005
43882,20,minibatch_k64,text_pca256_lexical_w005
43883,38,minibatch_k64,text_pca256_lexical_w005
43884,55,minibatch_k64,text_pca256_lexical_w005
43885,25,minibatch_k64,text_pca256_lexical_w005
43886,54,minibatch_k64,text_pca256_lexical_w005
43887,38,minibatch_k64,text_pca256_lexical_w005
43888,25,minibatch_k64,text_pca256_lexical_w005
43889,35,minibatch_k64,text_pca256_lexical_w005
43890,35,minibatch_k64,text_pca256_lexical_w005
43891,39,minibatch_k64,text_pca256_lexical_w005
43892,25,minibatch_k64,text_pca256_lexical_w005
43893,38,minibatch_k64,text_pca256_lexical_w005
43894,55,minibatch_k64,text_pca256_lexical_w005
43895,35,minibatch_k64,text_pca256_lexical_w005
43896,0,minibatch_k64,text_pca256_lexical_w005
43897,0,minibatch_k64,text_pca256_lexical_w005
43898,62,minibatch_k64,text_pca256_lexical_w005
43899,38,minibatch_k64,text_pca256_lexical_w005
43900,55,minibatch_k64,text_pca256_lexical_w005
43901,53,minibatch_k64,text_pca256_lexical_w005
43902,45,minibatch_k64,text_pca256_lexical_w005
43903,10,minibatch_k64,text_pca256_lexical_w005
43904,2,minibatch_k64,text_pca256_lexical_w005
43905,45,minibatch_k64,text_pca256_lexical_w005
43906,18,minibatch_k64,text_pca256_lexical_w005
43907,18,minibatch_k64,text_pca256_lexical_w005
43908,10,minibatch_k64,text_pca256_lexical_w005
43909,45,minibatch_k64,text_pca256_lexical_w005
43910,0,minibatch_k64,text_pca256_lexical_w005
43911,45,minibatch_k64,text_pca256_lexical_w005
43912,45,minibatch_k64,text_pca256_lexical_w005
43913,47,minibatch_k64,text_pca256_lexical_w005
43914,47,minibatch_k64,text_pca256_lexical_w005
43915,62,minibatch_k64,text_pca256_lexical_w005
43916,15,minibatch_k64,text_pca256_lexical_w005
43917,62,minibatch_k64,text_pca256_lexical_w005
43918,38,minibatch_k64,text_pca256_lexical_w005
43919,25,minibatch_k64,text_pca256_lexical_w005
43920,55,minibatch_k64,text_pca256_lexical_w005
43921,45,minibatch_k64,text_pca256_lexical_w005
43922,45,minibatch_k64,text_pca256_lexical_w005
43923,33,minibatch_k64,text_pca256_lexical_w005
43924,45,minibatch_k64,text_pca256_lexical_w005
43925,4,minibatch_k64,text_pca256_lexical_w005
43926,23,minibatch_k64,text_pca256_lexical_w005
43927,39,minibatch_k64,text_pca256_lexical_w005
43928,45,minibatch_k64,text_pca256_lexical_w005
43929,8,minibatch_k64,text_pca256_lexical_w005
43930,8,minibatch_k64,text_pca256_lexical_w005
43931,8,minibatch_k64,text_pca256_lexical_w005
43932,8,minibatch_k64,text_pca256_lexical_w005
43933,25,minibatch_k64,text_pca256_lexical_w005
43934,38,minibatch_k64,text_pca256_lexical_w005
43935,55,minibatch_k64,text_pca256_lexical_w005
43936,53,minibatch_k64,text_pca256_lexical_w005
43937,18,minibatch_k64,text_pca256_lexical_w005
43938,10,minibatch_k64,text_pca256_lexical_w005
43939,45,minibatch_k64,text_pca256_lexical_w005
43940,62,minibatch_k64,text_pca256_lexical_w005
43941,59,minibatch_k64,text_pca256_lexical_w005
43942,59,minibatch_k64,text_pca256_lexical_w005
43943,27,minibatch_k64,text_pca256_lexical_w005
43944,27,minibatch_k64,text_pca256_lexical_w005
43945,27,minibatch_k64,text_pca256_lexical_w005
43946,62,minibatch_k64,text_pca256_lexical_w005
43947,10,minibatch_k64,text_pca256_lexical_w005
43948,0,minibatch_k64,text_pca256_lexical_w005
43949,7,minibatch_k64,text_pca256_lexical_w005
43950,59,minibatch_k64,text_pca256_lexical_w005
43951,0,minibatch_k64,text_pca256_lexical_w005
43952,59,minibatch_k64,text_pca256_lexical_w005
43953,39,minibatch_k64,text_pca256_lexical_w005
43954,27,minibatch_k64,text_pca256_lexical_w005
43955,62,minibatch_k64,text_pca256_lexical_w005
43956,8,minibatch_k64,text_pca256_lexical_w005
43957,34,minibatch_k64,text_pca256_lexical_w005
43958,41,minibatch_k64,text_pca256_lexical_w005
43959,10,minibatch_k64,text_pca256_lexical_w005
43960,41,minibatch_k64,text_pca256_lexical_w005
43961,0,minibatch_k64,text_pca256_lexical_w005
43962,41,minibatch_k64,text_pca256_lexical_w005
43963,41,minibatch_k64,text_pca256_lexical_w005
43964,41,minibatch_k64,text_pca256_lexical_w005
43965,41,minibatch_k64,text_pca256_lexical_w005
43966,41,minibatch_k64,text_pca256_lexical_w005
43967,41,minibatch_k64,text_pca256_lexical_w005
43968,41,minibatch_k64,text_pca256_lexical_w005
43969,41,minibatch_k64,text_pca256_lexical_w005
43970,41,minibatch_k64,text_pca256_lexical_w005
43971,48,minibatch_k64,text_pca256_lexical_w005
43972,0,minibatch_k64,text_pca256_lexical_w005
43973,41,minibatch_k64,text_pca256_lexical_w005
43974,33,minibatch_k64,text_pca256_lexical_w005
43975,23,minibatch_k64,text_pca256_lexical_w005
43976,0,minibatch_k64,text_pca256_lexical_w005
43977,62,minibatch_k64,text_pca256_lexical_w005
43978,5,minibatch_k64,text_pca256_lexical_w005
43979,21,minibatch_k64,text_pca256_lexical_w005
43980,0,minibatch_k64,text_pca256_lexical_w005
43981,45,minibatch_k64,text_pca256_lexical_w005
43982,45,minibatch_k64,text_pca256_lexical_w005
43983,21,minibatch_k64,text_pca256_lexical_w005
43984,0,minibatch_k64,text_pca256_lexical_w005
43985,62,minibatch_k64,text_pca256_lexical_w005
43986,0,minibatch_k64,text_pca256_lexical_w005
43987,0,minibatch_k64,text_pca256_lexical_w005
43988,0,minibatch_k64,text_pca256_lexical_w005
43989,23,minibatch_k64,text_pca256_lexical_w005
43990,23,minibatch_k64,text_pca256_lexical_w005
43991,23,minibatch_k64,text_pca256_lexical_w005
43992,0,minibatch_k64,text_pca256_lexical_w005
43993,8,minibatch_k64,text_pca256_lexical_w005
43994,0,minibatch_k64,text_pca256_lexical_w005
43995,5,minibatch_k64,text_pca256_lexical_w005
43996,5,minibatch_k64,text_pca256_lexical_w005
43997,0,minibatch_k64,text_pca256_lexical_w005
43998,45,minibatch_k64,text_pca256_lexical_w005
43999,0,minibatch_k64,text_pca256_lexical_w005
44000,23,minibatch_k64,text_pca256_lexical_w005
44001,0,minibatch_k64,text_pca256_lexical_w005
44002,21,minibatch_k64,text_pca256_lexical_w005
44003,15,minibatch_k64,text_pca256_lexical_w005
44004,10,minibatch_k64,text_pca256_lexical_w005
44005,50,minibatch_k64,text_pca256_lexical_w005
44006,23,minibatch_k64,text_pca256_lexical_w005
44007,62,minibatch_k64,text_pca256_lexical_w005
44008,21,minibatch_k64,text_pca256_lexical_w005
44009,23,minibatch_k64,text_pca256_lexical_w005
44010,10,minibatch_k64,text_pca256_lexical_w005
44011,0,minibatch_k64,text_pca256_lexical_w005
44012,0,minibatch_k64,text_pca256_lexical_w005
44013,62,minibatch_k64,text_pca256_lexical_w005
44014,42,minibatch_k64,text_pca256_lexical_w005
44015,5,minibatch_k64,text_pca256_lexical_w005
44016,15,minibatch_k64,text_pca256_lexical_w005
44017,0,minibatch_k64,text_pca256_lexical_w005
44018,42,minibatch_k64,text_pca256_lexical_w005
44019,42,minibatch_k64,text_pca256_lexical_w005
44020,10,minibatch_k64,text_pca256_lexical_w005
44021,58,minibatch_k64,text_pca256_lexical_w005
44022,45,minibatch_k64,text_pca256_lexical_w005
44023,38,minibatch_k64,text_pca256_lexical_w005
44024,0,minibatch_k64,text_pca256_lexical_w005
44025,5,minibatch_k64,text_pca256_lexical_w005
44026,8,minibatch_k64,text_pca256_lexical_w005
44027,0,minibatch_k64,text_pca256_lexical_w005
44028,23,minibatch_k64,text_pca256_lexical_w005
44029,23,minibatch_k64,text_pca256_lexical_w005
44030,23,minibatch_k64,text_pca256_lexical_w005
44031,15,minibatch_k64,text_pca256_lexical_w005
44032,8,minibatch_k64,text_pca256_lexical_w005
44033,42,minibatch_k64,text_pca256_lexical_w005
44034,0,minibatch_k64,text_pca256_lexical_w005
44035,0,minibatch_k64,text_pca256_lexical_w005
44036,5,minibatch_k64,text_pca256_lexical_w005
44037,62,minibatch_k64,text_pca256_lexical_w005
44038,38,minibatch_k64,text_pca256_lexical_w005
44039,45,minibatch_k64,text_pca256_lexical_w005
44040,58,minibatch_k64,text_pca256_lexical_w005
44041,5,minibatch_k64,text_pca256_lexical_w005
44042,63,minibatch_k64,text_pca256_lexical_w005
44043,0,minibatch_k64,text_pca256_lexical_w005
44044,5,minibatch_k64,text_pca256_lexical_w005
44045,5,minibatch_k64,text_pca256_lexical_w005
44046,0,minibatch_k64,text_pca256_lexical_w005
44047,62,minibatch_k64,text_pca256_lexical_w005
44048,62,minibatch_k64,text_pca256_lexical_w005
44049,62,minibatch_k64,text_pca256_lexical_w005
44050,8,minibatch_k64,text_pca256_lexical_w005
44051,0,minibatch_k64,text_pca256_lexical_w005
44052,62,minibatch_k64,text_pca256_lexical_w005
44053,62,minibatch_k64,text_pca256_lexical_w005
44054,0,minibatch_k64,text_pca256_lexical_w005
44055,23,minibatch_k64,text_pca256_lexical_w005
44056,15,minibatch_k64,text_pca256_lexical_w005
44057,15,minibatch_k64,text_pca256_lexical_w005
44058,23,minibatch_k64,text_pca256_lexical_w005
44059,8,minibatch_k64,text_pca256_lexical_w005
44060,23,minibatch_k64,text_pca256_lexical_w005
44061,0,minibatch_k64,text_pca256_lexical_w005
44062,50,minibatch_k64,text_pca256_lexical_w005
44063,45,minibatch_k64,text_pca256_lexical_w005
44064,38,minibatch_k64,text_pca256_lexical_w005
44065,23,minibatch_k64,text_pca256_lexical_w005
44066,58,minibatch_k64,text_pca256_lexical_w005
44067,45,minibatch_k64,text_pca256_lexical_w005
44068,0,minibatch_k64,text_pca256_lexical_w005
44069,55,minibatch_k64,text_pca256_lexical_w005
44070,23,minibatch_k64,text_pca256_lexical_w005
44071,10,minibatch_k64,text_pca256_lexical_w005
44072,59,minibatch_k64,text_pca256_lexical_w005
44073,0,minibatch_k64,text_pca256_lexical_w005
44074,62,minibatch_k64,text_pca256_lexical_w005
44075,23,minibatch_k64,text_pca256_lexical_w005
44076,23,minibatch_k64,text_pca256_lexical_w005
44077,23,minibatch_k64,text_pca256_lexical_w005
44078,23,minibatch_k64,text_pca256_lexical_w005
44079,15,minibatch_k64,text_pca256_lexical_w005
44080,0,minibatch_k64,text_pca256_lexical_w005
44081,0,minibatch_k64,text_pca256_lexical_w005
44082,45,minibatch_k64,text_pca256_lexical_w005
44083,23,minibatch_k64,text_pca256_lexical_w005
44084,0,minibatch_k64,text_pca256_lexical_w005
44085,23,minibatch_k64,text_pca256_lexical_w005
44086,23,minibatch_k64,text_pca256_lexical_w005
44087,45,minibatch_k64,text_pca256_lexical_w005
44088,45,minibatch_k64,text_pca256_lexical_w005
44089,38,minibatch_k64,text_pca256_lexical_w005
44090,58,minibatch_k64,text_pca256_lexical_w005
44091,10,minibatch_k64,text_pca256_lexical_w005
44092,0,minibatch_k64,text_pca256_lexical_w005
44093,55,minibatch_k64,text_pca256_lexical_w005
44094,63,minibatch_k64,text_pca256_lexical_w005
44095,0,minibatch_k64,text_pca256_lexical_w005
44096,0,minibatch_k64,text_pca256_lexical_w005
44097,21,minibatch_k64,text_pca256_lexical_w005
44098,8,minibatch_k64,text_pca256_lexical_w005
44099,0,minibatch_k64,text_pca256_lexical_w005
44100,23,minibatch_k64,text_pca256_lexical_w005
44101,62,minibatch_k64,text_pca256_lexical_w005
44102,23,minibatch_k64,text_pca256_lexical_w005
44103,23,minibatch_k64,text_pca256_lexical_w005
44104,38,minibatch_k64,text_pca256_lexical_w005
44105,0,minibatch_k64,text_pca256_lexical_w005
44106,58,minibatch_k64,text_pca256_lexical_w005
44107,55,minibatch_k64,text_pca256_lexical_w005
44108,63,minibatch_k64,text_pca256_lexical_w005
44109,0,minibatch_k64,text_pca256_lexical_w005
44110,0,minibatch_k64,text_pca256_lexical_w005
44111,59,minibatch_k64,text_pca256_lexical_w005
44112,59,minibatch_k64,text_pca256_lexical_w005
44113,62,minibatch_k64,text_pca256_lexical_w005
44114,0,minibatch_k64,text_pca256_lexical_w005
44115,23,minibatch_k64,text_pca256_lexical_w005
44116,62,minibatch_k64,text_pca256_lexical_w005
44117,0,minibatch_k64,text_pca256_lexical_w005
44118,8,minibatch_k64,text_pca256_lexical_w005
44119,0,minibatch_k64,text_pca256_lexical_w005
44120,12,minibatch_k64,text_pca256_lexical_w005
44121,45,minibatch_k64,text_pca256_lexical_w005
44122,38,minibatch_k64,text_pca256_lexical_w005
44123,45,minibatch_k64,text_pca256_lexical_w005
44124,45,minibatch_k64,text_pca256_lexical_w005
44125,55,minibatch_k64,text_pca256_lexical_w005
44126,63,minibatch_k64,text_pca256_lexical_w005
44127,4,minibatch_k64,text_pca256_lexical_w005
44128,45,minibatch_k64,text_pca256_lexical_w005
44129,23,minibatch_k64,text_pca256_lexical_w005
44130,0,minibatch_k64,text_pca256_lexical_w005
44131,23,minibatch_k64,text_pca256_lexical_w005
44132,62,minibatch_k64,text_pca256_lexical_w005
44133,15,minibatch_k64,text_pca256_lexical_w005
44134,23,minibatch_k64,text_pca256_lexical_w005
44135,23,minibatch_k64,text_pca256_lexical_w005
44136,5,minibatch_k64,text_pca256_lexical_w005
44137,23,minibatch_k64,text_pca256_lexical_w005
44138,62,minibatch_k64,text_pca256_lexical_w005
44139,0,minibatch_k64,text_pca256_lexical_w005
44140,21,minibatch_k64,text_pca256_lexical_w005
44141,0,minibatch_k64,text_pca256_lexical_w005
44142,23,minibatch_k64,text_pca256_lexical_w005
44143,23,minibatch_k64,text_pca256_lexical_w005
44144,2,minibatch_k64,text_pca256_lexical_w005
44145,0,minibatch_k64,text_pca256_lexical_w005
44146,23,minibatch_k64,text_pca256_lexical_w005
44147,23,minibatch_k64,text_pca256_lexical_w005
44148,23,minibatch_k64,text_pca256_lexical_w005
44149,62,minibatch_k64,text_pca256_lexical_w005
44150,21,minibatch_k64,text_pca256_lexical_w005
44151,15,minibatch_k64,text_pca256_lexical_w005
44152,21,minibatch_k64,text_pca256_lexical_w005
44153,45,minibatch_k64,text_pca256_lexical_w005
44154,38,minibatch_k64,text_pca256_lexical_w005
44155,0,minibatch_k64,text_pca256_lexical_w005
44156,45,minibatch_k64,text_pca256_lexical_w005
44157,23,minibatch_k64,text_pca256_lexical_w005
44158,22,minibatch_k64,text_pca256_lexical_w005
44159,45,minibatch_k64,text_pca256_lexical_w005
44160,8,minibatch_k64,text_pca256_lexical_w005
44161,50,minibatch_k64,text_pca256_lexical_w005
44162,23,minibatch_k64,text_pca256_lexical_w005
44163,59,minibatch_k64,text_pca256_lexical_w005
44164,8,minibatch_k64,text_pca256_lexical_w005
44165,0,minibatch_k64,text_pca256_lexical_w005
44166,0,minibatch_k64,text_pca256_lexical_w005
44167,0,minibatch_k64,text_pca256_lexical_w005
44168,8,minibatch_k64,text_pca256_lexical_w005
44169,62,minibatch_k64,text_pca256_lexical_w005
44170,50,minibatch_k64,text_pca256_lexical_w005
44171,62,minibatch_k64,text_pca256_lexical_w005
44172,15,minibatch_k64,text_pca256_lexical_w005
44173,23,minibatch_k64,text_pca256_lexical_w005
44174,62,minibatch_k64,text_pca256_lexical_w005
44175,23,minibatch_k64,text_pca256_lexical_w005
44176,62,minibatch_k64,text_pca256_lexical_w005
44177,23,minibatch_k64,text_pca256_lexical_w005
44178,23,minibatch_k64,text_pca256_lexical_w005
44179,45,minibatch_k64,text_pca256_lexical_w005
44180,38,minibatch_k64,text_pca256_lexical_w005
44181,58,minibatch_k64,text_pca256_lexical_w005
44182,45,minibatch_k64,text_pca256_lexical_w005
44183,45,minibatch_k64,text_pca256_lexical_w005
44184,0,minibatch_k64,text_pca256_lexical_w005
44185,55,minibatch_k64,text_pca256_lexical_w005
44186,22,minibatch_k64,text_pca256_lexical_w005
44187,0,minibatch_k64,text_pca256_lexical_w005
44188,21,minibatch_k64,text_pca256_lexical_w005
44189,0,minibatch_k64,text_pca256_lexical_w005
44190,4,minibatch_k64,text_pca256_lexical_w005
44191,10,minibatch_k64,text_pca256_lexical_w005
44192,5,minibatch_k64,text_pca256_lexical_w005
44193,62,minibatch_k64,text_pca256_lexical_w005
44194,23,minibatch_k64,text_pca256_lexical_w005
44195,0,minibatch_k64,text_pca256_lexical_w005
44196,62,minibatch_k64,text_pca256_lexical_w005
44197,0,minibatch_k64,text_pca256_lexical_w005
44198,62,minibatch_k64,text_pca256_lexical_w005
44199,8,minibatch_k64,text_pca256_lexical_w005
44200,23,minibatch_k64,text_pca256_lexical_w005
44201,0,minibatch_k64,text_pca256_lexical_w005
44202,0,minibatch_k64,text_pca256_lexical_w005
44203,15,minibatch_k64,text_pca256_lexical_w005
44204,23,minibatch_k64,text_pca256_lexical_w005
44205,33,minibatch_k64,text_pca256_lexical_w005
44206,23,minibatch_k64,text_pca256_lexical_w005
44207,50,minibatch_k64,text_pca256_lexical_w005
44208,10,minibatch_k64,text_pca256_lexical_w005
44209,23,minibatch_k64,text_pca256_lexical_w005
44210,23,minibatch_k64,text_pca256_lexical_w005
44211,21,minibatch_k64,text_pca256_lexical_w005
44212,0,minibatch_k64,text_pca256_lexical_w005
44213,23,minibatch_k64,text_pca256_lexical_w005
44214,23,minibatch_k64,text_pca256_lexical_w005
44215,23,minibatch_k64,text_pca256_lexical_w005
44216,0,minibatch_k64,text_pca256_lexical_w005
44217,62,minibatch_k64,text_pca256_lexical_w005
44218,23,minibatch_k64,text_pca256_lexical_w005
44219,23,minibatch_k64,text_pca256_lexical_w005
44220,23,minibatch_k64,text_pca256_lexical_w005
44221,0,minibatch_k64,text_pca256_lexical_w005
44222,45,minibatch_k64,text_pca256_lexical_w005
44223,4,minibatch_k64,text_pca256_lexical_w005
44224,45,minibatch_k64,text_pca256_lexical_w005
44225,15,minibatch_k64,text_pca256_lexical_w005
44226,0,minibatch_k64,text_pca256_lexical_w005
44227,0,minibatch_k64,text_pca256_lexical_w005
44228,45,minibatch_k64,text_pca256_lexical_w005
44229,45,minibatch_k64,text_pca256_lexical_w005
44230,45,minibatch_k64,text_pca256_lexical_w005
44231,10,minibatch_k64,text_pca256_lexical_w005
44232,62,minibatch_k64,text_pca256_lexical_w005
44233,23,minibatch_k64,text_pca256_lexical_w005
44234,0,minibatch_k64,text_pca256_lexical_w005
44235,18,minibatch_k64,text_pca256_lexical_w005
44236,15,minibatch_k64,text_pca256_lexical_w005
44237,0,minibatch_k64,text_pca256_lexical_w005
44238,45,minibatch_k64,text_pca256_lexical_w005
44239,15,minibatch_k64,text_pca256_lexical_w005
44240,23,minibatch_k64,text_pca256_lexical_w005
44241,0,minibatch_k64,text_pca256_lexical_w005
44242,62,minibatch_k64,text_pca256_lexical_w005
44243,21,minibatch_k64,text_pca256_lexical_w005
44244,42,minibatch_k64,text_pca256_lexical_w005
44245,0,minibatch_k64,text_pca256_lexical_w005
44246,21,minibatch_k64,text_pca256_lexical_w005
44247,39,minibatch_k64,text_pca256_lexical_w005
44248,62,minibatch_k64,text_pca256_lexical_w005
44249,62,minibatch_k64,text_pca256_lexical_w005
44250,20,minibatch_k64,text_pca256_lexical_w005
44251,23,minibatch_k64,text_pca256_lexical_w005
44252,20,minibatch_k64,text_pca256_lexical_w005
44253,38,minibatch_k64,text_pca256_lexical_w005
44254,0,minibatch_k64,text_pca256_lexical_w005
44255,58,minibatch_k64,text_pca256_lexical_w005
44256,55,minibatch_k64,text_pca256_lexical_w005
44257,63,minibatch_k64,text_pca256_lexical_w005
44258,62,minibatch_k64,text_pca256_lexical_w005
44259,59,minibatch_k64,text_pca256_lexical_w005
44260,50,minibatch_k64,text_pca256_lexical_w005
44261,40,minibatch_k64,text_pca256_lexical_w005
44262,39,minibatch_k64,text_pca256_lexical_w005
44263,0,minibatch_k64,text_pca256_lexical_w005
44264,23,minibatch_k64,text_pca256_lexical_w005
44265,23,minibatch_k64,text_pca256_lexical_w005
44266,32,minibatch_k64,text_pca256_lexical_w005
44267,62,minibatch_k64,text_pca256_lexical_w005
44268,23,minibatch_k64,text_pca256_lexical_w005
44269,40,minibatch_k64,text_pca256_lexical_w005
44270,15,minibatch_k64,text_pca256_lexical_w005
44271,21,minibatch_k64,text_pca256_lexical_w005
44272,62,minibatch_k64,text_pca256_lexical_w005
44273,0,minibatch_k64,text_pca256_lexical_w005
44274,23,minibatch_k64,text_pca256_lexical_w005
44275,0,minibatch_k64,text_pca256_lexical_w005
44276,58,minibatch_k64,text_pca256_lexical_w005
44277,38,minibatch_k64,text_pca256_lexical_w005
44278,55,minibatch_k64,text_pca256_lexical_w005
44279,63,minibatch_k64,text_pca256_lexical_w005
44280,15,minibatch_k64,text_pca256_lexical_w005
44281,23,minibatch_k64,text_pca256_lexical_w005
44282,23,minibatch_k64,text_pca256_lexical_w005
44283,23,minibatch_k64,text_pca256_lexical_w005
44284,23,minibatch_k64,text_pca256_lexical_w005
44285,42,minibatch_k64,text_pca256_lexical_w005
44286,23,minibatch_k64,text_pca256_lexical_w005
44287,33,minibatch_k64,text_pca256_lexical_w005
44288,62,minibatch_k64,text_pca256_lexical_w005
44289,40,minibatch_k64,text_pca256_lexical_w005
44290,8,minibatch_k64,text_pca256_lexical_w005
44291,53,minibatch_k64,text_pca256_lexical_w005
44292,62,minibatch_k64,text_pca256_lexical_w005
44293,38,minibatch_k64,text_pca256_lexical_w005
44294,55,minibatch_k64,text_pca256_lexical_w005
44295,63,minibatch_k64,text_pca256_lexical_w005
44296,21,minibatch_k64,text_pca256_lexical_w005
44297,8,minibatch_k64,text_pca256_lexical_w005
44298,21,minibatch_k64,text_pca256_lexical_w005
44299,23,minibatch_k64,text_pca256_lexical_w005
44300,0,minibatch_k64,text_pca256_lexical_w005
44301,53,minibatch_k64,text_pca256_lexical_w005
44302,0,minibatch_k64,text_pca256_lexical_w005
44303,53,minibatch_k64,text_pca256_lexical_w005
44304,23,minibatch_k64,text_pca256_lexical_w005
44305,23,minibatch_k64,text_pca256_lexical_w005
44306,16,minibatch_k64,text_pca256_lexical_w005
44307,62,minibatch_k64,text_pca256_lexical_w005
44308,11,minibatch_k64,text_pca256_lexical_w005
44309,57,minibatch_k64,text_pca256_lexical_w005
44310,57,minibatch_k64,text_pca256_lexical_w005
44311,8,minibatch_k64,text_pca256_lexical_w005
44312,0,minibatch_k64,text_pca256_lexical_w005
44313,15,minibatch_k64,text_pca256_lexical_w005
44314,38,minibatch_k64,text_pca256_lexical_w005
44315,62,minibatch_k64,text_pca256_lexical_w005
44316,55,minibatch_k64,text_pca256_lexical_w005
44317,63,minibatch_k64,text_pca256_lexical_w005
44318,23,minibatch_k64,text_pca256_lexical_w005
44319,53,minibatch_k64,text_pca256_lexical_w005
44320,8,minibatch_k64,text_pca256_lexical_w005
44321,0,minibatch_k64,text_pca256_lexical_w005
44322,53,minibatch_k64,text_pca256_lexical_w005
44323,38,minibatch_k64,text_pca256_lexical_w005
44324,0,minibatch_k64,text_pca256_lexical_w005
44325,55,minibatch_k64,text_pca256_lexical_w005
44326,63,minibatch_k64,text_pca256_lexical_w005
44327,59,minibatch_k64,text_pca256_lexical_w005
44328,62,minibatch_k64,text_pca256_lexical_w005
44329,23,minibatch_k64,text_pca256_lexical_w005
44330,20,minibatch_k64,text_pca256_lexical_w005
44331,15,minibatch_k64,text_pca256_lexical_w005
44332,0,minibatch_k64,text_pca256_lexical_w005
44333,33,minibatch_k64,text_pca256_lexical_w005
44334,33,minibatch_k64,text_pca256_lexical_w005
44335,33,minibatch_k64,text_pca256_lexical_w005
44336,0,minibatch_k64,text_pca256_lexical_w005
44337,59,minibatch_k64,text_pca256_lexical_w005
44338,10,minibatch_k64,text_pca256_lexical_w005
44339,0,minibatch_k64,text_pca256_lexical_w005
44340,20,minibatch_k64,text_pca256_lexical_w005
44341,10,minibatch_k64,text_pca256_lexical_w005
44342,15,minibatch_k64,text_pca256_lexical_w005
44343,38,minibatch_k64,text_pca256_lexical_w005
44344,45,minibatch_k64,text_pca256_lexical_w005
44345,45,minibatch_k64,text_pca256_lexical_w005
44346,45,minibatch_k64,text_pca256_lexical_w005
44347,45,minibatch_k64,text_pca256_lexical_w005
44348,55,minibatch_k64,text_pca256_lexical_w005
44349,63,minibatch_k64,text_pca256_lexical_w005
44350,45,minibatch_k64,text_pca256_lexical_w005
44351,45,minibatch_k64,text_pca256_lexical_w005
44352,4,minibatch_k64,text_pca256_lexical_w005
44353,23,minibatch_k64,text_pca256_lexical_w005
44354,4,minibatch_k64,text_pca256_lexical_w005
44355,45,minibatch_k64,text_pca256_lexical_w005
44356,45,minibatch_k64,text_pca256_lexical_w005
44357,45,minibatch_k64,text_pca256_lexical_w005
44358,45,minibatch_k64,text_pca256_lexical_w005
44359,45,minibatch_k64,text_pca256_lexical_w005
44360,45,minibatch_k64,text_pca256_lexical_w005
44361,45,minibatch_k64,text_pca256_lexical_w005
44362,45,minibatch_k64,text_pca256_lexical_w005
44363,45,minibatch_k64,text_pca256_lexical_w005
44364,45,minibatch_k64,text_pca256_lexical_w005
44365,45,minibatch_k64,text_pca256_lexical_w005
44366,45,minibatch_k64,text_pca256_lexical_w005
44367,10,minibatch_k64,text_pca256_lexical_w005
44368,45,minibatch_k64,text_pca256_lexical_w005
44369,62,minibatch_k64,text_pca256_lexical_w005
44370,23,minibatch_k64,text_pca256_lexical_w005
44371,59,minibatch_k64,text_pca256_lexical_w005
44372,15,minibatch_k64,text_pca256_lexical_w005
44373,23,minibatch_k64,text_pca256_lexical_w005
44374,21,minibatch_k64,text_pca256_lexical_w005
44375,23,minibatch_k64,text_pca256_lexical_w005
44376,45,minibatch_k64,text_pca256_lexical_w005
44377,2,minibatch_k64,text_pca256_lexical_w005
44378,23,minibatch_k64,text_pca256_lexical_w005
44379,59,minibatch_k64,text_pca256_lexical_w005
44380,62,minibatch_k64,text_pca256_lexical_w005
44381,0,minibatch_k64,text_pca256_lexical_w005
44382,59,minibatch_k64,text_pca256_lexical_w005
44383,15,minibatch_k64,text_pca256_lexical_w005
44384,45,minibatch_k64,text_pca256_lexical_w005
44385,50,minibatch_k64,text_pca256_lexical_w005
44386,18,minibatch_k64,text_pca256_lexical_w005
44387,21,minibatch_k64,text_pca256_lexical_w005
44388,62,minibatch_k64,text_pca256_lexical_w005
44389,47,minibatch_k64,text_pca256_lexical_w005
44390,0,minibatch_k64,text_pca256_lexical_w005
44391,62,minibatch_k64,text_pca256_lexical_w005
44392,23,minibatch_k64,text_pca256_lexical_w005
44393,0,minibatch_k64,text_pca256_lexical_w005
44394,12,minibatch_k64,text_pca256_lexical_w005
44395,0,minibatch_k64,text_pca256_lexical_w005
44396,23,minibatch_k64,text_pca256_lexical_w005
44397,8,minibatch_k64,text_pca256_lexical_w005
44398,0,minibatch_k64,text_pca256_lexical_w005
44399,23,minibatch_k64,text_pca256_lexical_w005
44400,0,minibatch_k64,text_pca256_lexical_w005
44401,23,minibatch_k64,text_pca256_lexical_w005
44402,23,minibatch_k64,text_pca256_lexical_w005
44403,57,minibatch_k64,text_pca256_lexical_w005
44404,23,minibatch_k64,text_pca256_lexical_w005
44405,11,minibatch_k64,text_pca256_lexical_w005
44406,15,minibatch_k64,text_pca256_lexical_w005
44407,15,minibatch_k64,text_pca256_lexical_w005
44408,62,minibatch_k64,text_pca256_lexical_w005
44409,57,minibatch_k64,text_pca256_lexical_w005
44410,0,minibatch_k64,text_pca256_lexical_w005
44411,59,minibatch_k64,text_pca256_lexical_w005
44412,62,minibatch_k64,text_pca256_lexical_w005
44413,45,minibatch_k64,text_pca256_lexical_w005
44414,62,minibatch_k64,text_pca256_lexical_w005
44415,48,minibatch_k64,text_pca256_lexical_w005
44416,38,minibatch_k64,text_pca256_lexical_w005
44417,53,minibatch_k64,text_pca256_lexical_w005
44418,45,minibatch_k64,text_pca256_lexical_w005
44419,45,minibatch_k64,text_pca256_lexical_w005
44420,55,minibatch_k64,text_pca256_lexical_w005
44421,63,minibatch_k64,text_pca256_lexical_w005
44422,62,minibatch_k64,text_pca256_lexical_w005
44423,23,minibatch_k64,text_pca256_lexical_w005
44424,0,minibatch_k64,text_pca256_lexical_w005
44425,62,minibatch_k64,text_pca256_lexical_w005
44426,23,minibatch_k64,text_pca256_lexical_w005
44427,0,minibatch_k64,text_pca256_lexical_w005
44428,48,minibatch_k64,text_pca256_lexical_w005
44429,21,minibatch_k64,text_pca256_lexical_w005
44430,38,minibatch_k64,text_pca256_lexical_w005
44431,45,minibatch_k64,text_pca256_lexical_w005
44432,45,minibatch_k64,text_pca256_lexical_w005
44433,55,minibatch_k64,text_pca256_lexical_w005
44434,13,minibatch_k64,text_pca256_lexical_w005
44435,45,minibatch_k64,text_pca256_lexical_w005
44436,0,minibatch_k64,text_pca256_lexical_w005
44437,0,minibatch_k64,text_pca256_lexical_w005
44438,39,minibatch_k64,text_pca256_lexical_w005
44439,10,minibatch_k64,text_pca256_lexical_w005
44440,15,minibatch_k64,text_pca256_lexical_w005
44441,8,minibatch_k64,text_pca256_lexical_w005
44442,21,minibatch_k64,text_pca256_lexical_w005
44443,0,minibatch_k64,text_pca256_lexical_w005
44444,42,minibatch_k64,text_pca256_lexical_w005
44445,8,minibatch_k64,text_pca256_lexical_w005
44446,0,minibatch_k64,text_pca256_lexical_w005
44447,42,minibatch_k64,text_pca256_lexical_w005
44448,59,minibatch_k64,text_pca256_lexical_w005
44449,59,minibatch_k64,text_pca256_lexical_w005
44450,59,minibatch_k64,text_pca256_lexical_w005
44451,59,minibatch_k64,text_pca256_lexical_w005
44452,8,minibatch_k64,text_pca256_lexical_w005
44453,42,minibatch_k64,text_pca256_lexical_w005
44454,62,minibatch_k64,text_pca256_lexical_w005
44455,8,minibatch_k64,text_pca256_lexical_w005
44456,23,minibatch_k64,text_pca256_lexical_w005
44457,42,minibatch_k64,text_pca256_lexical_w005
44458,62,minibatch_k64,text_pca256_lexical_w005
44459,62,minibatch_k64,text_pca256_lexical_w005
44460,59,minibatch_k64,text_pca256_lexical_w005
44461,8,minibatch_k64,text_pca256_lexical_w005
44462,8,minibatch_k64,text_pca256_lexical_w005
44463,42,minibatch_k64,text_pca256_lexical_w005
44464,62,minibatch_k64,text_pca256_lexical_w005
44465,8,minibatch_k64,text_pca256_lexical_w005
44466,23,minibatch_k64,text_pca256_lexical_w005
44467,42,minibatch_k64,text_pca256_lexical_w005
44468,42,minibatch_k64,text_pca256_lexical_w005
44469,62,minibatch_k64,text_pca256_lexical_w005
44470,62,minibatch_k64,text_pca256_lexical_w005
44471,5,minibatch_k64,text_pca256_lexical_w005
44472,52,minibatch_k64,text_pca256_lexical_w005
44473,59,minibatch_k64,text_pca256_lexical_w005
44474,8,minibatch_k64,text_pca256_lexical_w005
44475,25,minibatch_k64,text_pca256_lexical_w005
44476,58,minibatch_k64,text_pca256_lexical_w005
44477,8,minibatch_k64,text_pca256_lexical_w005
44478,15,minibatch_k64,text_pca256_lexical_w005
44479,38,minibatch_k64,text_pca256_lexical_w005
44480,55,minibatch_k64,text_pca256_lexical_w005
44481,0,minibatch_k64,text_pca256_lexical_w005
44482,21,minibatch_k64,text_pca256_lexical_w005
44483,62,minibatch_k64,text_pca256_lexical_w005
44484,52,minibatch_k64,text_pca256_lexical_w005
44485,52,minibatch_k64,text_pca256_lexical_w005
44486,62,minibatch_k64,text_pca256_lexical_w005
44487,5,minibatch_k64,text_pca256_lexical_w005
44488,25,minibatch_k64,text_pca256_lexical_w005
44489,38,minibatch_k64,text_pca256_lexical_w005
44490,58,minibatch_k64,text_pca256_lexical_w005
44491,55,minibatch_k64,text_pca256_lexical_w005
44492,52,minibatch_k64,text_pca256_lexical_w005
44493,0,minibatch_k64,text_pca256_lexical_w005
44494,52,minibatch_k64,text_pca256_lexical_w005
44495,42,minibatch_k64,text_pca256_lexical_w005
44496,8,minibatch_k64,text_pca256_lexical_w005
44497,25,minibatch_k64,text_pca256_lexical_w005
44498,42,minibatch_k64,text_pca256_lexical_w005
44499,42,minibatch_k64,text_pca256_lexical_w005
44500,38,minibatch_k64,text_pca256_lexical_w005
44501,58,minibatch_k64,text_pca256_lexical_w005
44502,56,minibatch_k64,text_pca256_lexical_w005
44503,8,minibatch_k64,text_pca256_lexical_w005
44504,10,minibatch_k64,text_pca256_lexical_w005
44505,8,minibatch_k64,text_pca256_lexical_w005
44506,10,minibatch_k64,text_pca256_lexical_w005
44507,38,minibatch_k64,text_pca256_lexical_w005
44508,15,minibatch_k64,text_pca256_lexical_w005
44509,58,minibatch_k64,text_pca256_lexical_w005
44510,58,minibatch_k64,text_pca256_lexical_w005
44511,25,minibatch_k64,text_pca256_lexical_w005
44512,55,minibatch_k64,text_pca256_lexical_w005
44513,56,minibatch_k64,text_pca256_lexical_w005
44514,38,minibatch_k64,text_pca256_lexical_w005
44515,58,minibatch_k64,text_pca256_lexical_w005
44516,55,minibatch_k64,text_pca256_lexical_w005
44517,25,minibatch_k64,text_pca256_lexical_w005
44518,56,minibatch_k64,text_pca256_lexical_w005
44519,62,minibatch_k64,text_pca256_lexical_w005
44520,38,minibatch_k64,text_pca256_lexical_w005
44521,58,minibatch_k64,text_pca256_lexical_w005
44522,45,minibatch_k64,text_pca256_lexical_w005
44523,55,minibatch_k64,text_pca256_lexical_w005
44524,25,minibatch_k64,text_pca256_lexical_w005
44525,21,minibatch_k64,text_pca256_lexical_w005
44526,5,minibatch_k64,text_pca256_lexical_w005
44527,21,minibatch_k64,text_pca256_lexical_w005
44528,38,minibatch_k64,text_pca256_lexical_w005
44529,23,minibatch_k64,text_pca256_lexical_w005
44530,25,minibatch_k64,text_pca256_lexical_w005
44531,21,minibatch_k64,text_pca256_lexical_w005
44532,10,minibatch_k64,text_pca256_lexical_w005
44533,38,minibatch_k64,text_pca256_lexical_w005
44534,40,minibatch_k64,text_pca256_lexical_w005
44535,58,minibatch_k64,text_pca256_lexical_w005
44536,55,minibatch_k64,text_pca256_lexical_w005
44537,55,minibatch_k64,text_pca256_lexical_w005
44538,21,minibatch_k64,text_pca256_lexical_w005
44539,8,minibatch_k64,text_pca256_lexical_w005
44540,21,minibatch_k64,text_pca256_lexical_w005
44541,8,minibatch_k64,text_pca256_lexical_w005
44542,8,minibatch_k64,text_pca256_lexical_w005
44543,10,minibatch_k64,text_pca256_lexical_w005
44544,8,minibatch_k64,text_pca256_lexical_w005
44545,10,minibatch_k64,text_pca256_lexical_w005
44546,8,minibatch_k64,text_pca256_lexical_w005
44547,3,minibatch_k64,text_pca256_lexical_w005
44548,38,minibatch_k64,text_pca256_lexical_w005
44549,58,minibatch_k64,text_pca256_lexical_w005
44550,55,minibatch_k64,text_pca256_lexical_w005
44551,62,minibatch_k64,text_pca256_lexical_w005
44552,8,minibatch_k64,text_pca256_lexical_w005
44553,10,minibatch_k64,text_pca256_lexical_w005
44554,8,minibatch_k64,text_pca256_lexical_w005
44555,38,minibatch_k64,text_pca256_lexical_w005
44556,55,minibatch_k64,text_pca256_lexical_w005
44557,25,minibatch_k64,text_pca256_lexical_w005
44558,3,minibatch_k64,text_pca256_lexical_w005
44559,15,minibatch_k64,text_pca256_lexical_w005
44560,38,minibatch_k64,text_pca256_lexical_w005
44561,55,minibatch_k64,text_pca256_lexical_w005
44562,12,minibatch_k64,text_pca256_lexical_w005
44563,8,minibatch_k64,text_pca256_lexical_w005
44564,62,minibatch_k64,text_pca256_lexical_w005
44565,8,minibatch_k64,text_pca256_lexical_w005
44566,8,minibatch_k64,text_pca256_lexical_w005
44567,39,minibatch_k64,text_pca256_lexical_w005
44568,62,minibatch_k64,text_pca256_lexical_w005
44569,8,minibatch_k64,text_pca256_lexical_w005
44570,8,minibatch_k64,text_pca256_lexical_w005
44571,47,minibatch_k64,text_pca256_lexical_w005
44572,18,minibatch_k64,text_pca256_lexical_w005
44573,18,minibatch_k64,text_pca256_lexical_w005
44574,38,minibatch_k64,text_pca256_lexical_w005
44575,55,minibatch_k64,text_pca256_lexical_w005
44576,42,minibatch_k64,text_pca256_lexical_w005
44577,42,minibatch_k64,text_pca256_lexical_w005
44578,38,minibatch_k64,text_pca256_lexical_w005
44579,55,minibatch_k64,text_pca256_lexical_w005
44580,45,minibatch_k64,text_pca256_lexical_w005
44581,62,minibatch_k64,text_pca256_lexical_w005
44582,15,minibatch_k64,text_pca256_lexical_w005
44583,38,minibatch_k64,text_pca256_lexical_w005
44584,55,minibatch_k64,text_pca256_lexical_w005
44585,21,minibatch_k64,text_pca256_lexical_w005
44586,0,minibatch_k64,text_pca256_lexical_w005
44587,33,minibatch_k64,text_pca256_lexical_w005
44588,23,minibatch_k64,text_pca256_lexical_w005
44589,62,minibatch_k64,text_pca256_lexical_w005
44590,25,minibatch_k64,text_pca256_lexical_w005
44591,0,minibatch_k64,text_pca256_lexical_w005
44592,45,minibatch_k64,text_pca256_lexical_w005
44593,18,minibatch_k64,text_pca256_lexical_w005
44594,18,minibatch_k64,text_pca256_lexical_w005
44595,42,minibatch_k64,text_pca256_lexical_w005
44596,62,minibatch_k64,text_pca256_lexical_w005
44597,42,minibatch_k64,text_pca256_lexical_w005
44598,42,minibatch_k64,text_pca256_lexical_w005
44599,62,minibatch_k64,text_pca256_lexical_w005
44600,15,minibatch_k64,text_pca256_lexical_w005
44601,42,minibatch_k64,text_pca256_lexical_w005
44602,42,minibatch_k64,text_pca256_lexical_w005
44603,42,minibatch_k64,text_pca256_lexical_w005
44604,10,minibatch_k64,text_pca256_lexical_w005
44605,8,minibatch_k64,text_pca256_lexical_w005
44606,62,minibatch_k64,text_pca256_lexical_w005
44607,21,minibatch_k64,text_pca256_lexical_w005
44608,62,minibatch_k64,text_pca256_lexical_w005
44609,62,minibatch_k64,text_pca256_lexical_w005
44610,21,minibatch_k64,text_pca256_lexical_w005
44611,10,minibatch_k64,text_pca256_lexical_w005
44612,21,minibatch_k64,text_pca256_lexical_w005
44613,59,minibatch_k64,text_pca256_lexical_w005
44614,0,minibatch_k64,text_pca256_lexical_w005
44615,10,minibatch_k64,text_pca256_lexical_w005
44616,5,minibatch_k64,text_pca256_lexical_w005
44617,5,minibatch_k64,text_pca256_lexical_w005
44618,5,minibatch_k64,text_pca256_lexical_w005
44619,39,minibatch_k64,text_pca256_lexical_w005
44620,5,minibatch_k64,text_pca256_lexical_w005
44621,5,minibatch_k64,text_pca256_lexical_w005
44622,5,minibatch_k64,text_pca256_lexical_w005
44623,5,minibatch_k64,text_pca256_lexical_w005
44624,5,minibatch_k64,text_pca256_lexical_w005
44625,42,minibatch_k64,text_pca256_lexical_w005
44626,46,minibatch_k64,text_pca256_lexical_w005
44627,46,minibatch_k64,text_pca256_lexical_w005
44628,46,minibatch_k64,text_pca256_lexical_w005
44629,5,minibatch_k64,text_pca256_lexical_w005
44630,46,minibatch_k64,text_pca256_lexical_w005
44631,42,minibatch_k64,text_pca256_lexical_w005
44632,5,minibatch_k64,text_pca256_lexical_w005
44633,8,minibatch_k64,text_pca256_lexical_w005
44634,62,minibatch_k64,text_pca256_lexical_w005
44635,10,minibatch_k64,text_pca256_lexical_w005
44636,10,minibatch_k64,text_pca256_lexical_w005
44637,62,minibatch_k64,text_pca256_lexical_w005
44638,10,minibatch_k64,text_pca256_lexical_w005
44639,62,minibatch_k64,text_pca256_lexical_w005
44640,8,minibatch_k64,text_pca256_lexical_w005
44641,4,minibatch_k64,text_pca256_lexical_w005
44642,8,minibatch_k64,text_pca256_lexical_w005
44643,10,minibatch_k64,text_pca256_lexical_w005
44644,29,minibatch_k64,text_pca256_lexical_w005
44645,29,minibatch_k64,text_pca256_lexical_w005
44646,62,minibatch_k64,text_pca256_lexical_w005
44647,59,minibatch_k64,text_pca256_lexical_w005
44648,0,minibatch_k64,text_pca256_lexical_w005
44649,42,minibatch_k64,text_pca256_lexical_w005
44650,2,minibatch_k64,text_pca256_lexical_w005
44651,42,minibatch_k64,text_pca256_lexical_w005
44652,62,minibatch_k64,text_pca256_lexical_w005
44653,62,minibatch_k64,text_pca256_lexical_w005
44654,56,minibatch_k64,text_pca256_lexical_w005
44655,29,minibatch_k64,text_pca256_lexical_w005
44656,10,minibatch_k64,text_pca256_lexical_w005
44657,10,minibatch_k64,text_pca256_lexical_w005
44658,29,minibatch_k64,text_pca256_lexical_w005
44659,56,minibatch_k64,text_pca256_lexical_w005
44660,56,minibatch_k64,text_pca256_lexical_w005
44661,10,minibatch_k64,text_pca256_lexical_w005
44662,29,minibatch_k64,text_pca256_lexical_w005
44663,5,minibatch_k64,text_pca256_lexical_w005
44664,5,minibatch_k64,text_pca256_lexical_w005
44665,29,minibatch_k64,text_pca256_lexical_w005
44666,29,minibatch_k64,text_pca256_lexical_w005
44667,29,minibatch_k64,text_pca256_lexical_w005
44668,10,minibatch_k64,text_pca256_lexical_w005
44669,0,minibatch_k64,text_pca256_lexical_w005
44670,0,minibatch_k64,text_pca256_lexical_w005
44671,29,minibatch_k64,text_pca256_lexical_w005
44672,10,minibatch_k64,text_pca256_lexical_w005
44673,10,minibatch_k64,text_pca256_lexical_w005
44674,10,minibatch_k64,text_pca256_lexical_w005
44675,62,minibatch_k64,text_pca256_lexical_w005
44676,29,minibatch_k64,text_pca256_lexical_w005
44677,0,minibatch_k64,text_pca256_lexical_w005
44678,0,minibatch_k64,text_pca256_lexical_w005
44679,33,minibatch_k64,text_pca256_lexical_w005
44680,0,minibatch_k64,text_pca256_lexical_w005
44681,29,minibatch_k64,text_pca256_lexical_w005
44682,21,minibatch_k64,text_pca256_lexical_w005
44683,29,minibatch_k64,text_pca256_lexical_w005
44684,50,minibatch_k64,text_pca256_lexical_w005
44685,0,minibatch_k64,text_pca256_lexical_w005
44686,25,minibatch_k64,text_pca256_lexical_w005
44687,29,minibatch_k64,text_pca256_lexical_w005
44688,42,minibatch_k64,text_pca256_lexical_w005
44689,33,minibatch_k64,text_pca256_lexical_w005
44690,62,minibatch_k64,text_pca256_lexical_w005
44691,62,minibatch_k64,text_pca256_lexical_w005
44692,62,minibatch_k64,text_pca256_lexical_w005
44693,49,minibatch_k64,text_pca256_lexical_w005
44694,42,minibatch_k64,text_pca256_lexical_w005
44695,29,minibatch_k64,text_pca256_lexical_w005
44696,33,minibatch_k64,text_pca256_lexical_w005
44697,42,minibatch_k64,text_pca256_lexical_w005
44698,56,minibatch_k64,text_pca256_lexical_w005
44699,0,minibatch_k64,text_pca256_lexical_w005
44700,33,minibatch_k64,text_pca256_lexical_w005
44701,62,minibatch_k64,text_pca256_lexical_w005
44702,49,minibatch_k64,text_pca256_lexical_w005
44703,18,minibatch_k64,text_pca256_lexical_w005
44704,0,minibatch_k64,text_pca256_lexical_w005
44705,62,minibatch_k64,text_pca256_lexical_w005
44706,42,minibatch_k64,text_pca256_lexical_w005
44707,33,minibatch_k64,text_pca256_lexical_w005
44708,5,minibatch_k64,text_pca256_lexical_w005
44709,5,minibatch_k64,text_pca256_lexical_w005
44710,25,minibatch_k64,text_pca256_lexical_w005
44711,0,minibatch_k64,text_pca256_lexical_w005
44712,0,minibatch_k64,text_pca256_lexical_w005
44713,42,minibatch_k64,text_pca256_lexical_w005
44714,50,minibatch_k64,text_pca256_lexical_w005
44715,62,minibatch_k64,text_pca256_lexical_w005
44716,4,minibatch_k64,text_pca256_lexical_w005
44717,10,minibatch_k64,text_pca256_lexical_w005
44718,42,minibatch_k64,text_pca256_lexical_w005
44719,8,minibatch_k64,text_pca256_lexical_w005
44720,42,minibatch_k64,text_pca256_lexical_w005
44721,49,minibatch_k64,text_pca256_lexical_w005
44722,8,minibatch_k64,text_pca256_lexical_w005
44723,0,minibatch_k64,text_pca256_lexical_w005
44724,38,minibatch_k64,text_pca256_lexical_w005
44725,33,minibatch_k64,text_pca256_lexical_w005
44726,58,minibatch_k64,text_pca256_lexical_w005
44727,56,minibatch_k64,text_pca256_lexical_w005
44728,3,minibatch_k64,text_pca256_lexical_w005
44729,42,minibatch_k64,text_pca256_lexical_w005
44730,33,minibatch_k64,text_pca256_lexical_w005
44731,49,minibatch_k64,text_pca256_lexical_w005
44732,42,minibatch_k64,text_pca256_lexical_w005
44733,0,minibatch_k64,text_pca256_lexical_w005
44734,10,minibatch_k64,text_pca256_lexical_w005
44735,10,minibatch_k64,text_pca256_lexical_w005
44736,25,minibatch_k64,text_pca256_lexical_w005
44737,21,minibatch_k64,text_pca256_lexical_w005
44738,42,minibatch_k64,text_pca256_lexical_w005
44739,62,minibatch_k64,text_pca256_lexical_w005
44740,50,minibatch_k64,text_pca256_lexical_w005
44741,21,minibatch_k64,text_pca256_lexical_w005
44742,21,minibatch_k64,text_pca256_lexical_w005
44743,42,minibatch_k64,text_pca256_lexical_w005
44744,10,minibatch_k64,text_pca256_lexical_w005
44745,42,minibatch_k64,text_pca256_lexical_w005
44746,8,minibatch_k64,text_pca256_lexical_w005
44747,42,minibatch_k64,text_pca256_lexical_w005
44748,42,minibatch_k64,text_pca256_lexical_w005
44749,42,minibatch_k64,text_pca256_lexical_w005
44750,0,minibatch_k64,text_pca256_lexical_w005
44751,21,minibatch_k64,text_pca256_lexical_w005
44752,56,minibatch_k64,text_pca256_lexical_w005
44753,42,minibatch_k64,text_pca256_lexical_w005
44754,8,minibatch_k64,text_pca256_lexical_w005
44755,62,minibatch_k64,text_pca256_lexical_w005
44756,56,minibatch_k64,text_pca256_lexical_w005
44757,50,minibatch_k64,text_pca256_lexical_w005
44758,42,minibatch_k64,text_pca256_lexical_w005
44759,42,minibatch_k64,text_pca256_lexical_w005
44760,25,minibatch_k64,text_pca256_lexical_w005
44761,10,minibatch_k64,text_pca256_lexical_w005
44762,0,minibatch_k64,text_pca256_lexical_w005
44763,42,minibatch_k64,text_pca256_lexical_w005
44764,15,minibatch_k64,text_pca256_lexical_w005
44765,15,minibatch_k64,text_pca256_lexical_w005
44766,56,minibatch_k64,text_pca256_lexical_w005
44767,42,minibatch_k64,text_pca256_lexical_w005
44768,8,minibatch_k64,text_pca256_lexical_w005
44769,42,minibatch_k64,text_pca256_lexical_w005
44770,33,minibatch_k64,text_pca256_lexical_w005
44771,33,minibatch_k64,text_pca256_lexical_w005
44772,62,minibatch_k64,text_pca256_lexical_w005
44773,49,minibatch_k64,text_pca256_lexical_w005
44774,42,minibatch_k64,text_pca256_lexical_w005
44775,56,minibatch_k64,text_pca256_lexical_w005
44776,33,minibatch_k64,text_pca256_lexical_w005
44777,56,minibatch_k64,text_pca256_lexical_w005
44778,0,minibatch_k64,text_pca256_lexical_w005
44779,5,minibatch_k64,text_pca256_lexical_w005
44780,0,minibatch_k64,text_pca256_lexical_w005
44781,50,minibatch_k64,text_pca256_lexical_w005
44782,49,minibatch_k64,text_pca256_lexical_w005
44783,25,minibatch_k64,text_pca256_lexical_w005
44784,45,minibatch_k64,text_pca256_lexical_w005
44785,49,minibatch_k64,text_pca256_lexical_w005
44786,33,minibatch_k64,text_pca256_lexical_w005
44787,49,minibatch_k64,text_pca256_lexical_w005
44788,42,minibatch_k64,text_pca256_lexical_w005
44789,4,minibatch_k64,text_pca256_lexical_w005
44790,56,minibatch_k64,text_pca256_lexical_w005
44791,49,minibatch_k64,text_pca256_lexical_w005
44792,42,minibatch_k64,text_pca256_lexical_w005
44793,8,minibatch_k64,text_pca256_lexical_w005
44794,42,minibatch_k64,text_pca256_lexical_w005
44795,42,minibatch_k64,text_pca256_lexical_w005
44796,38,minibatch_k64,text_pca256_lexical_w005
44797,58,minibatch_k64,text_pca256_lexical_w005
44798,42,minibatch_k64,text_pca256_lexical_w005
44799,55,minibatch_k64,text_pca256_lexical_w005
44800,5,minibatch_k64,text_pca256_lexical_w005
44801,60,minibatch_k64,text_pca256_lexical_w005
44802,0,minibatch_k64,text_pca256_lexical_w005
44803,49,minibatch_k64,text_pca256_lexical_w005
44804,42,minibatch_k64,text_pca256_lexical_w005
44805,25,minibatch_k64,text_pca256_lexical_w005
44806,0,minibatch_k64,text_pca256_lexical_w005
44807,5,minibatch_k64,text_pca256_lexical_w005
44808,0,minibatch_k64,text_pca256_lexical_w005
44809,0,minibatch_k64,text_pca256_lexical_w005
44810,56,minibatch_k64,text_pca256_lexical_w005
44811,49,minibatch_k64,text_pca256_lexical_w005
44812,21,minibatch_k64,text_pca256_lexical_w005
44813,8,minibatch_k64,text_pca256_lexical_w005
44814,21,minibatch_k64,text_pca256_lexical_w005
44815,42,minibatch_k64,text_pca256_lexical_w005
44816,42,minibatch_k64,text_pca256_lexical_w005
44817,50,minibatch_k64,text_pca256_lexical_w005
44818,42,minibatch_k64,text_pca256_lexical_w005
44819,42,minibatch_k64,text_pca256_lexical_w005
44820,33,minibatch_k64,text_pca256_lexical_w005
44821,0,minibatch_k64,text_pca256_lexical_w005
44822,10,minibatch_k64,text_pca256_lexical_w005
44823,56,minibatch_k64,text_pca256_lexical_w005
44824,45,minibatch_k64,text_pca256_lexical_w005
44825,42,minibatch_k64,text_pca256_lexical_w005
44826,8,minibatch_k64,text_pca256_lexical_w005
44827,56,minibatch_k64,text_pca256_lexical_w005
44828,42,minibatch_k64,text_pca256_lexical_w005
44829,42,minibatch_k64,text_pca256_lexical_w005
44830,42,minibatch_k64,text_pca256_lexical_w005
44831,10,minibatch_k64,text_pca256_lexical_w005
44832,25,minibatch_k64,text_pca256_lexical_w005
44833,42,minibatch_k64,text_pca256_lexical_w005
44834,56,minibatch_k64,text_pca256_lexical_w005
44835,42,minibatch_k64,text_pca256_lexical_w005
44836,0,minibatch_k64,text_pca256_lexical_w005
44837,62,minibatch_k64,text_pca256_lexical_w005
44838,49,minibatch_k64,text_pca256_lexical_w005
44839,42,minibatch_k64,text_pca256_lexical_w005
44840,42,minibatch_k64,text_pca256_lexical_w005
44841,42,minibatch_k64,text_pca256_lexical_w005
44842,50,minibatch_k64,text_pca256_lexical_w005
44843,0,minibatch_k64,text_pca256_lexical_w005
44844,56,minibatch_k64,text_pca256_lexical_w005
44845,56,minibatch_k64,text_pca256_lexical_w005
44846,56,minibatch_k64,text_pca256_lexical_w005
44847,0,minibatch_k64,text_pca256_lexical_w005
44848,42,minibatch_k64,text_pca256_lexical_w005
44849,42,minibatch_k64,text_pca256_lexical_w005
44850,56,minibatch_k64,text_pca256_lexical_w005
44851,0,minibatch_k64,text_pca256_lexical_w005
44852,0,minibatch_k64,text_pca256_lexical_w005
44853,8,minibatch_k64,text_pca256_lexical_w005
44854,42,minibatch_k64,text_pca256_lexical_w005
44855,0,minibatch_k64,text_pca256_lexical_w005
44856,33,minibatch_k64,text_pca256_lexical_w005
44857,42,minibatch_k64,text_pca256_lexical_w005
44858,25,minibatch_k64,text_pca256_lexical_w005
44859,0,minibatch_k64,text_pca256_lexical_w005
44860,47,minibatch_k64,text_pca256_lexical_w005
44861,56,minibatch_k64,text_pca256_lexical_w005
44862,47,minibatch_k64,text_pca256_lexical_w005
44863,62,minibatch_k64,text_pca256_lexical_w005
44864,50,minibatch_k64,text_pca256_lexical_w005
44865,49,minibatch_k64,text_pca256_lexical_w005
44866,8,minibatch_k64,text_pca256_lexical_w005
44867,21,minibatch_k64,text_pca256_lexical_w005
44868,45,minibatch_k64,text_pca256_lexical_w005
44869,47,minibatch_k64,text_pca256_lexical_w005
44870,21,minibatch_k64,text_pca256_lexical_w005
44871,8,minibatch_k64,text_pca256_lexical_w005
44872,62,minibatch_k64,text_pca256_lexical_w005
44873,38,minibatch_k64,text_pca256_lexical_w005
44874,58,minibatch_k64,text_pca256_lexical_w005
44875,10,minibatch_k64,text_pca256_lexical_w005
44876,10,minibatch_k64,text_pca256_lexical_w005
44877,50,minibatch_k64,text_pca256_lexical_w005
44878,50,minibatch_k64,text_pca256_lexical_w005
44879,8,minibatch_k64,text_pca256_lexical_w005
44880,23,minibatch_k64,text_pca256_lexical_w005
44881,49,minibatch_k64,text_pca256_lexical_w005
44882,60,minibatch_k64,text_pca256_lexical_w005
44883,42,minibatch_k64,text_pca256_lexical_w005
44884,4,minibatch_k64,text_pca256_lexical_w005
44885,56,minibatch_k64,text_pca256_lexical_w005
44886,0,minibatch_k64,text_pca256_lexical_w005
44887,0,minibatch_k64,text_pca256_lexical_w005
44888,8,minibatch_k64,text_pca256_lexical_w005
44889,33,minibatch_k64,text_pca256_lexical_w005
44890,8,minibatch_k64,text_pca256_lexical_w005
44891,62,minibatch_k64,text_pca256_lexical_w005
44892,8,minibatch_k64,text_pca256_lexical_w005
44893,0,minibatch_k64,text_pca256_lexical_w005
44894,25,minibatch_k64,text_pca256_lexical_w005
44895,45,minibatch_k64,text_pca256_lexical_w005
44896,45,minibatch_k64,text_pca256_lexical_w005
44897,56,minibatch_k64,text_pca256_lexical_w005
44898,56,minibatch_k64,text_pca256_lexical_w005
44899,21,minibatch_k64,text_pca256_lexical_w005
44900,42,minibatch_k64,text_pca256_lexical_w005
44901,62,minibatch_k64,text_pca256_lexical_w005
44902,49,minibatch_k64,text_pca256_lexical_w005
44903,2,minibatch_k64,text_pca256_lexical_w005
44904,0,minibatch_k64,text_pca256_lexical_w005
44905,42,minibatch_k64,text_pca256_lexical_w005
44906,62,minibatch_k64,text_pca256_lexical_w005
44907,42,minibatch_k64,text_pca256_lexical_w005
44908,42,minibatch_k64,text_pca256_lexical_w005
44909,33,minibatch_k64,text_pca256_lexical_w005
44910,8,minibatch_k64,text_pca256_lexical_w005
44911,42,minibatch_k64,text_pca256_lexical_w005
44912,25,minibatch_k64,text_pca256_lexical_w005
44913,10,minibatch_k64,text_pca256_lexical_w005
44914,15,minibatch_k64,text_pca256_lexical_w005
44915,8,minibatch_k64,text_pca256_lexical_w005
44916,8,minibatch_k64,text_pca256_lexical_w005
44917,23,minibatch_k64,text_pca256_lexical_w005
44918,0,minibatch_k64,text_pca256_lexical_w005
44919,56,minibatch_k64,text_pca256_lexical_w005
44920,42,minibatch_k64,text_pca256_lexical_w005
44921,0,minibatch_k64,text_pca256_lexical_w005
44922,42,minibatch_k64,text_pca256_lexical_w005
44923,8,minibatch_k64,text_pca256_lexical_w005
44924,21,minibatch_k64,text_pca256_lexical_w005
44925,56,minibatch_k64,text_pca256_lexical_w005
44926,8,minibatch_k64,text_pca256_lexical_w005
44927,45,minibatch_k64,text_pca256_lexical_w005
44928,25,minibatch_k64,text_pca256_lexical_w005
44929,62,minibatch_k64,text_pca256_lexical_w005
44930,8,minibatch_k64,text_pca256_lexical_w005
44931,0,minibatch_k64,text_pca256_lexical_w005
44932,0,minibatch_k64,text_pca256_lexical_w005
44933,8,minibatch_k64,text_pca256_lexical_w005
44934,42,minibatch_k64,text_pca256_lexical_w005
44935,38,minibatch_k64,text_pca256_lexical_w005
44936,10,minibatch_k64,text_pca256_lexical_w005
44937,23,minibatch_k64,text_pca256_lexical_w005
44938,58,minibatch_k64,text_pca256_lexical_w005
44939,45,minibatch_k64,text_pca256_lexical_w005
44940,55,minibatch_k64,text_pca256_lexical_w005
44941,56,minibatch_k64,text_pca256_lexical_w005
44942,60,minibatch_k64,text_pca256_lexical_w005
44943,10,minibatch_k64,text_pca256_lexical_w005
44944,42,minibatch_k64,text_pca256_lexical_w005
44945,42,minibatch_k64,text_pca256_lexical_w005
44946,8,minibatch_k64,text_pca256_lexical_w005
44947,42,minibatch_k64,text_pca256_lexical_w005
44948,8,minibatch_k64,text_pca256_lexical_w005
44949,62,minibatch_k64,text_pca256_lexical_w005
44950,0,minibatch_k64,text_pca256_lexical_w005
44951,50,minibatch_k64,text_pca256_lexical_w005
44952,42,minibatch_k64,text_pca256_lexical_w005
44953,25,minibatch_k64,text_pca256_lexical_w005
44954,21,minibatch_k64,text_pca256_lexical_w005
44955,42,minibatch_k64,text_pca256_lexical_w005
44956,62,minibatch_k64,text_pca256_lexical_w005
44957,23,minibatch_k64,text_pca256_lexical_w005
44958,39,minibatch_k64,text_pca256_lexical_w005
44959,15,minibatch_k64,text_pca256_lexical_w005
44960,10,minibatch_k64,text_pca256_lexical_w005
44961,62,minibatch_k64,text_pca256_lexical_w005
44962,29,minibatch_k64,text_pca256_lexical_w005
44963,0,minibatch_k64,text_pca256_lexical_w005
44964,21,minibatch_k64,text_pca256_lexical_w005
44965,42,minibatch_k64,text_pca256_lexical_w005
44966,42,minibatch_k64,text_pca256_lexical_w005
44967,49,minibatch_k64,text_pca256_lexical_w005
44968,42,minibatch_k64,text_pca256_lexical_w005
44969,0,minibatch_k64,text_pca256_lexical_w005
44970,42,minibatch_k64,text_pca256_lexical_w005
44971,10,minibatch_k64,text_pca256_lexical_w005
44972,0,minibatch_k64,text_pca256_lexical_w005
44973,8,minibatch_k64,text_pca256_lexical_w005
44974,56,minibatch_k64,text_pca256_lexical_w005
44975,50,minibatch_k64,text_pca256_lexical_w005
44976,33,minibatch_k64,text_pca256_lexical_w005
44977,0,minibatch_k64,text_pca256_lexical_w005
44978,25,minibatch_k64,text_pca256_lexical_w005
44979,42,minibatch_k64,text_pca256_lexical_w005
44980,62,minibatch_k64,text_pca256_lexical_w005
44981,8,minibatch_k64,text_pca256_lexical_w005
44982,8,minibatch_k64,text_pca256_lexical_w005
44983,42,minibatch_k64,text_pca256_lexical_w005
44984,62,minibatch_k64,text_pca256_lexical_w005
44985,21,minibatch_k64,text_pca256_lexical_w005
44986,42,minibatch_k64,text_pca256_lexical_w005
44987,0,minibatch_k64,text_pca256_lexical_w005
44988,42,minibatch_k64,text_pca256_lexical_w005
44989,42,minibatch_k64,text_pca256_lexical_w005
44990,49,minibatch_k64,text_pca256_lexical_w005
44991,56,minibatch_k64,text_pca256_lexical_w005
44992,42,minibatch_k64,text_pca256_lexical_w005
44993,18,minibatch_k64,text_pca256_lexical_w005
44994,8,minibatch_k64,text_pca256_lexical_w005
44995,8,minibatch_k64,text_pca256_lexical_w005
44996,25,minibatch_k64,text_pca256_lexical_w005
44997,42,minibatch_k64,text_pca256_lexical_w005
44998,42,minibatch_k64,text_pca256_lexical_w005
44999,50,minibatch_k64,text_pca256_lexical_w005
45000,50,minibatch_k64,text_pca256_lexical_w005
45001,1,minibatch_k64,text_pca256_lexical_w005
45002,42,minibatch_k64,text_pca256_lexical_w005
45003,0,minibatch_k64,text_pca256_lexical_w005
45004,42,minibatch_k64,text_pca256_lexical_w005
45005,21,minibatch_k64,text_pca256_lexical_w005
45006,8,minibatch_k64,text_pca256_lexical_w005
45007,42,minibatch_k64,text_pca256_lexical_w005
45008,10,minibatch_k64,text_pca256_lexical_w005
45009,5,minibatch_k64,text_pca256_lexical_w005
45010,42,minibatch_k64,text_pca256_lexical_w005
45011,56,minibatch_k64,text_pca256_lexical_w005
45012,58,minibatch_k64,text_pca256_lexical_w005
45013,38,minibatch_k64,text_pca256_lexical_w005
45014,55,minibatch_k64,text_pca256_lexical_w005
45015,56,minibatch_k64,text_pca256_lexical_w005
45016,56,minibatch_k64,text_pca256_lexical_w005
45017,8,minibatch_k64,text_pca256_lexical_w005
45018,8,minibatch_k64,text_pca256_lexical_w005
45019,60,minibatch_k64,text_pca256_lexical_w005
45020,4,minibatch_k64,text_pca256_lexical_w005
45021,10,minibatch_k64,text_pca256_lexical_w005
45022,15,minibatch_k64,text_pca256_lexical_w005
45023,56,minibatch_k64,text_pca256_lexical_w005
45024,56,minibatch_k64,text_pca256_lexical_w005
45025,0,minibatch_k64,text_pca256_lexical_w005
45026,42,minibatch_k64,text_pca256_lexical_w005
45027,56,minibatch_k64,text_pca256_lexical_w005
45028,49,minibatch_k64,text_pca256_lexical_w005
45029,42,minibatch_k64,text_pca256_lexical_w005
45030,56,minibatch_k64,text_pca256_lexical_w005
45031,25,minibatch_k64,text_pca256_lexical_w005
45032,21,minibatch_k64,text_pca256_lexical_w005
45033,1,minibatch_k64,text_pca256_lexical_w005
45034,21,minibatch_k64,text_pca256_lexical_w005
45035,8,minibatch_k64,text_pca256_lexical_w005
45036,42,minibatch_k64,text_pca256_lexical_w005
45037,50,minibatch_k64,text_pca256_lexical_w005
45038,21,minibatch_k64,text_pca256_lexical_w005
45039,0,minibatch_k64,text_pca256_lexical_w005
45040,42,minibatch_k64,text_pca256_lexical_w005
45041,42,minibatch_k64,text_pca256_lexical_w005
45042,50,minibatch_k64,text_pca256_lexical_w005
45043,42,minibatch_k64,text_pca256_lexical_w005
45044,62,minibatch_k64,text_pca256_lexical_w005
45045,0,minibatch_k64,text_pca256_lexical_w005
45046,56,minibatch_k64,text_pca256_lexical_w005
45047,56,minibatch_k64,text_pca256_lexical_w005
45048,56,minibatch_k64,text_pca256_lexical_w005
45049,42,minibatch_k64,text_pca256_lexical_w005
45050,21,minibatch_k64,text_pca256_lexical_w005
45051,8,minibatch_k64,text_pca256_lexical_w005
45052,8,minibatch_k64,text_pca256_lexical_w005
45053,10,minibatch_k64,text_pca256_lexical_w005
45054,25,minibatch_k64,text_pca256_lexical_w005
45055,49,minibatch_k64,text_pca256_lexical_w005
45056,0,minibatch_k64,text_pca256_lexical_w005
45057,0,minibatch_k64,text_pca256_lexical_w005
45058,49,minibatch_k64,text_pca256_lexical_w005
45059,8,minibatch_k64,text_pca256_lexical_w005
45060,42,minibatch_k64,text_pca256_lexical_w005
45061,50,minibatch_k64,text_pca256_lexical_w005
45062,50,minibatch_k64,text_pca256_lexical_w005
45063,10,minibatch_k64,text_pca256_lexical_w005
45064,8,minibatch_k64,text_pca256_lexical_w005
45065,21,minibatch_k64,text_pca256_lexical_w005
45066,0,minibatch_k64,text_pca256_lexical_w005
45067,42,minibatch_k64,text_pca256_lexical_w005
45068,33,minibatch_k64,text_pca256_lexical_w005
45069,1,minibatch_k64,text_pca256_lexical_w005
45070,49,minibatch_k64,text_pca256_lexical_w005
45071,0,minibatch_k64,text_pca256_lexical_w005
45072,0,minibatch_k64,text_pca256_lexical_w005
45073,56,minibatch_k64,text_pca256_lexical_w005
45074,46,minibatch_k64,text_pca256_lexical_w005
45075,21,minibatch_k64,text_pca256_lexical_w005
45076,56,minibatch_k64,text_pca256_lexical_w005
45077,25,minibatch_k64,text_pca256_lexical_w005
45078,42,minibatch_k64,text_pca256_lexical_w005
45079,50,minibatch_k64,text_pca256_lexical_w005
45080,50,minibatch_k64,text_pca256_lexical_w005
45081,42,minibatch_k64,text_pca256_lexical_w005
45082,42,minibatch_k64,text_pca256_lexical_w005
45083,45,minibatch_k64,text_pca256_lexical_w005
45084,45,minibatch_k64,text_pca256_lexical_w005
45085,10,minibatch_k64,text_pca256_lexical_w005
45086,21,minibatch_k64,text_pca256_lexical_w005
45087,58,minibatch_k64,text_pca256_lexical_w005
45088,38,minibatch_k64,text_pca256_lexical_w005
45089,10,minibatch_k64,text_pca256_lexical_w005
45090,45,minibatch_k64,text_pca256_lexical_w005
45091,55,minibatch_k64,text_pca256_lexical_w005
45092,60,minibatch_k64,text_pca256_lexical_w005
45093,0,minibatch_k64,text_pca256_lexical_w005
45094,21,minibatch_k64,text_pca256_lexical_w005
45095,10,minibatch_k64,text_pca256_lexical_w005
45096,42,minibatch_k64,text_pca256_lexical_w005
45097,8,minibatch_k64,text_pca256_lexical_w005
45098,0,minibatch_k64,text_pca256_lexical_w005
45099,42,minibatch_k64,text_pca256_lexical_w005
45100,0,minibatch_k64,text_pca256_lexical_w005
45101,42,minibatch_k64,text_pca256_lexical_w005
45102,21,minibatch_k64,text_pca256_lexical_w005
45103,25,minibatch_k64,text_pca256_lexical_w005
45104,42,minibatch_k64,text_pca256_lexical_w005
45105,8,minibatch_k64,text_pca256_lexical_w005
45106,0,minibatch_k64,text_pca256_lexical_w005
45107,42,minibatch_k64,text_pca256_lexical_w005
45108,42,minibatch_k64,text_pca256_lexical_w005
45109,50,minibatch_k64,text_pca256_lexical_w005
45110,50,minibatch_k64,text_pca256_lexical_w005
45111,21,minibatch_k64,text_pca256_lexical_w005
45112,8,minibatch_k64,text_pca256_lexical_w005
45113,56,minibatch_k64,text_pca256_lexical_w005
45114,8,minibatch_k64,text_pca256_lexical_w005
45115,56,minibatch_k64,text_pca256_lexical_w005
45116,42,minibatch_k64,text_pca256_lexical_w005
45117,10,minibatch_k64,text_pca256_lexical_w005
45118,0,minibatch_k64,text_pca256_lexical_w005
45119,56,minibatch_k64,text_pca256_lexical_w005
45120,10,minibatch_k64,text_pca256_lexical_w005
45121,42,minibatch_k64,text_pca256_lexical_w005
45122,42,minibatch_k64,text_pca256_lexical_w005
45123,5,minibatch_k64,text_pca256_lexical_w005
45124,8,minibatch_k64,text_pca256_lexical_w005
45125,56,minibatch_k64,text_pca256_lexical_w005
45126,25,minibatch_k64,text_pca256_lexical_w005
45127,56,minibatch_k64,text_pca256_lexical_w005
45128,42,minibatch_k64,text_pca256_lexical_w005
45129,50,minibatch_k64,text_pca256_lexical_w005
45130,50,minibatch_k64,text_pca256_lexical_w005
45131,0,minibatch_k64,text_pca256_lexical_w005
45132,8,minibatch_k64,text_pca256_lexical_w005
45133,0,minibatch_k64,text_pca256_lexical_w005
45134,56,minibatch_k64,text_pca256_lexical_w005
45135,0,minibatch_k64,text_pca256_lexical_w005
45136,33,minibatch_k64,text_pca256_lexical_w005
45137,56,minibatch_k64,text_pca256_lexical_w005
45138,56,minibatch_k64,text_pca256_lexical_w005
45139,0,minibatch_k64,text_pca256_lexical_w005
45140,10,minibatch_k64,text_pca256_lexical_w005
45141,0,minibatch_k64,text_pca256_lexical_w005
45142,8,minibatch_k64,text_pca256_lexical_w005
45143,21,minibatch_k64,text_pca256_lexical_w005
45144,42,minibatch_k64,text_pca256_lexical_w005
45145,39,minibatch_k64,text_pca256_lexical_w005
45146,42,minibatch_k64,text_pca256_lexical_w005
45147,50,minibatch_k64,text_pca256_lexical_w005
45148,42,minibatch_k64,text_pca256_lexical_w005
45149,42,minibatch_k64,text_pca256_lexical_w005
45150,21,minibatch_k64,text_pca256_lexical_w005
45151,25,minibatch_k64,text_pca256_lexical_w005
45152,8,minibatch_k64,text_pca256_lexical_w005
45153,42,minibatch_k64,text_pca256_lexical_w005
45154,50,minibatch_k64,text_pca256_lexical_w005
45155,62,minibatch_k64,text_pca256_lexical_w005
45156,50,minibatch_k64,text_pca256_lexical_w005
45157,56,minibatch_k64,text_pca256_lexical_w005
45158,21,minibatch_k64,text_pca256_lexical_w005
45159,45,minibatch_k64,text_pca256_lexical_w005
45160,39,minibatch_k64,text_pca256_lexical_w005
45161,58,minibatch_k64,text_pca256_lexical_w005
45162,38,minibatch_k64,text_pca256_lexical_w005
45163,56,minibatch_k64,text_pca256_lexical_w005
45164,10,minibatch_k64,text_pca256_lexical_w005
45165,15,minibatch_k64,text_pca256_lexical_w005
45166,59,minibatch_k64,text_pca256_lexical_w005
45167,60,minibatch_k64,text_pca256_lexical_w005
45168,10,minibatch_k64,text_pca256_lexical_w005
45169,62,minibatch_k64,text_pca256_lexical_w005
45170,8,minibatch_k64,text_pca256_lexical_w005
45171,56,minibatch_k64,text_pca256_lexical_w005
45172,0,minibatch_k64,text_pca256_lexical_w005
45173,10,minibatch_k64,text_pca256_lexical_w005
45174,8,minibatch_k64,text_pca256_lexical_w005
45175,33,minibatch_k64,text_pca256_lexical_w005
45176,0,minibatch_k64,text_pca256_lexical_w005
45177,42,minibatch_k64,text_pca256_lexical_w005
45178,25,minibatch_k64,text_pca256_lexical_w005
45179,0,minibatch_k64,text_pca256_lexical_w005
45180,42,minibatch_k64,text_pca256_lexical_w005
45181,21,minibatch_k64,text_pca256_lexical_w005
45182,0,minibatch_k64,text_pca256_lexical_w005
45183,0,minibatch_k64,text_pca256_lexical_w005
45184,8,minibatch_k64,text_pca256_lexical_w005
45185,42,minibatch_k64,text_pca256_lexical_w005
45186,42,minibatch_k64,text_pca256_lexical_w005
45187,15,minibatch_k64,text_pca256_lexical_w005
45188,42,minibatch_k64,text_pca256_lexical_w005
45189,42,minibatch_k64,text_pca256_lexical_w005
45190,42,minibatch_k64,text_pca256_lexical_w005
45191,8,minibatch_k64,text_pca256_lexical_w005
45192,0,minibatch_k64,text_pca256_lexical_w005
45193,42,minibatch_k64,text_pca256_lexical_w005
45194,10,minibatch_k64,text_pca256_lexical_w005
45195,0,minibatch_k64,text_pca256_lexical_w005
45196,21,minibatch_k64,text_pca256_lexical_w005
45197,21,minibatch_k64,text_pca256_lexical_w005
45198,21,minibatch_k64,text_pca256_lexical_w005
45199,0,minibatch_k64,text_pca256_lexical_w005
45200,42,minibatch_k64,text_pca256_lexical_w005
45201,25,minibatch_k64,text_pca256_lexical_w005
45202,21,minibatch_k64,text_pca256_lexical_w005
45203,42,minibatch_k64,text_pca256_lexical_w005
45204,45,minibatch_k64,text_pca256_lexical_w005
45205,0,minibatch_k64,text_pca256_lexical_w005
45206,21,minibatch_k64,text_pca256_lexical_w005
45207,8,minibatch_k64,text_pca256_lexical_w005
45208,0,minibatch_k64,text_pca256_lexical_w005
45209,21,minibatch_k64,text_pca256_lexical_w005
45210,0,minibatch_k64,text_pca256_lexical_w005
45211,42,minibatch_k64,text_pca256_lexical_w005
45212,25,minibatch_k64,text_pca256_lexical_w005
45213,5,minibatch_k64,text_pca256_lexical_w005
45214,5,minibatch_k64,text_pca256_lexical_w005
45215,42,minibatch_k64,text_pca256_lexical_w005
45216,42,minibatch_k64,text_pca256_lexical_w005
45217,8,minibatch_k64,text_pca256_lexical_w005
45218,62,minibatch_k64,text_pca256_lexical_w005
45219,50,minibatch_k64,text_pca256_lexical_w005
45220,8,minibatch_k64,text_pca256_lexical_w005
45221,42,minibatch_k64,text_pca256_lexical_w005
45222,62,minibatch_k64,text_pca256_lexical_w005
45223,42,minibatch_k64,text_pca256_lexical_w005
45224,21,minibatch_k64,text_pca256_lexical_w005
45225,5,minibatch_k64,text_pca256_lexical_w005
45226,5,minibatch_k64,text_pca256_lexical_w005
45227,5,minibatch_k64,text_pca256_lexical_w005
45228,5,minibatch_k64,text_pca256_lexical_w005
45229,0,minibatch_k64,text_pca256_lexical_w005
45230,33,minibatch_k64,text_pca256_lexical_w005
45231,45,minibatch_k64,text_pca256_lexical_w005
45232,10,minibatch_k64,text_pca256_lexical_w005
45233,15,minibatch_k64,text_pca256_lexical_w005
45234,39,minibatch_k64,text_pca256_lexical_w005
45235,62,minibatch_k64,text_pca256_lexical_w005
45236,52,minibatch_k64,text_pca256_lexical_w005
45237,5,minibatch_k64,text_pca256_lexical_w005
45238,42,minibatch_k64,text_pca256_lexical_w005
45239,62,minibatch_k64,text_pca256_lexical_w005
45240,42,minibatch_k64,text_pca256_lexical_w005
45241,0,minibatch_k64,text_pca256_lexical_w005
45242,14,minibatch_k64,text_pca256_lexical_w005
45243,38,minibatch_k64,text_pca256_lexical_w005
45244,58,minibatch_k64,text_pca256_lexical_w005
45245,0,minibatch_k64,text_pca256_lexical_w005
45246,0,minibatch_k64,text_pca256_lexical_w005
45247,55,minibatch_k64,text_pca256_lexical_w005
45248,39,minibatch_k64,text_pca256_lexical_w005
45249,25,minibatch_k64,text_pca256_lexical_w005
45250,0,minibatch_k64,text_pca256_lexical_w005
45251,0,minibatch_k64,text_pca256_lexical_w005
45252,39,minibatch_k64,text_pca256_lexical_w005
45253,0,minibatch_k64,text_pca256_lexical_w005
45254,62,minibatch_k64,text_pca256_lexical_w005
45255,0,minibatch_k64,text_pca256_lexical_w005
45256,0,minibatch_k64,text_pca256_lexical_w005
45257,0,minibatch_k64,text_pca256_lexical_w005
45258,0,minibatch_k64,text_pca256_lexical_w005
45259,62,minibatch_k64,text_pca256_lexical_w005
45260,62,minibatch_k64,text_pca256_lexical_w005
45261,0,minibatch_k64,text_pca256_lexical_w005
45262,21,minibatch_k64,text_pca256_lexical_w005
45263,2,minibatch_k64,text_pca256_lexical_w005
45264,0,minibatch_k64,text_pca256_lexical_w005
45265,39,minibatch_k64,text_pca256_lexical_w005
45266,0,minibatch_k64,text_pca256_lexical_w005
45267,42,minibatch_k64,text_pca256_lexical_w005
45268,42,minibatch_k64,text_pca256_lexical_w005
45269,5,minibatch_k64,text_pca256_lexical_w005
45270,0,minibatch_k64,text_pca256_lexical_w005
45271,52,minibatch_k64,text_pca256_lexical_w005
45272,62,minibatch_k64,text_pca256_lexical_w005
45273,5,minibatch_k64,text_pca256_lexical_w005
45274,0,minibatch_k64,text_pca256_lexical_w005
45275,14,minibatch_k64,text_pca256_lexical_w005
45276,52,minibatch_k64,text_pca256_lexical_w005
45277,0,minibatch_k64,text_pca256_lexical_w005
45278,62,minibatch_k64,text_pca256_lexical_w005
45279,0,minibatch_k64,text_pca256_lexical_w005
45280,0,minibatch_k64,text_pca256_lexical_w005
45281,23,minibatch_k64,text_pca256_lexical_w005
45282,38,minibatch_k64,text_pca256_lexical_w005
45283,62,minibatch_k64,text_pca256_lexical_w005
45284,55,minibatch_k64,text_pca256_lexical_w005
45285,25,minibatch_k64,text_pca256_lexical_w005
45286,14,minibatch_k64,text_pca256_lexical_w005
45287,39,minibatch_k64,text_pca256_lexical_w005
45288,5,minibatch_k64,text_pca256_lexical_w005
45289,0,minibatch_k64,text_pca256_lexical_w005
45290,0,minibatch_k64,text_pca256_lexical_w005
45291,0,minibatch_k64,text_pca256_lexical_w005
45292,52,minibatch_k64,text_pca256_lexical_w005
45293,14,minibatch_k64,text_pca256_lexical_w005
45294,52,minibatch_k64,text_pca256_lexical_w005
45295,42,minibatch_k64,text_pca256_lexical_w005
45296,5,minibatch_k64,text_pca256_lexical_w005
45297,38,minibatch_k64,text_pca256_lexical_w005
45298,58,minibatch_k64,text_pca256_lexical_w005
45299,14,minibatch_k64,text_pca256_lexical_w005
45300,55,minibatch_k64,text_pca256_lexical_w005
45301,42,minibatch_k64,text_pca256_lexical_w005
45302,25,minibatch_k64,text_pca256_lexical_w005
45303,42,minibatch_k64,text_pca256_lexical_w005
45304,39,minibatch_k64,text_pca256_lexical_w005
45305,62,minibatch_k64,text_pca256_lexical_w005
45306,8,minibatch_k64,text_pca256_lexical_w005
45307,62,minibatch_k64,text_pca256_lexical_w005
45308,8,minibatch_k64,text_pca256_lexical_w005
45309,8,minibatch_k64,text_pca256_lexical_w005
45310,42,minibatch_k64,text_pca256_lexical_w005
45311,21,minibatch_k64,text_pca256_lexical_w005
45312,45,minibatch_k64,text_pca256_lexical_w005
45313,45,minibatch_k64,text_pca256_lexical_w005
45314,38,minibatch_k64,text_pca256_lexical_w005
45315,42,minibatch_k64,text_pca256_lexical_w005
45316,8,minibatch_k64,text_pca256_lexical_w005
45317,58,minibatch_k64,text_pca256_lexical_w005
45318,42,minibatch_k64,text_pca256_lexical_w005
45319,55,minibatch_k64,text_pca256_lexical_w005
45320,8,minibatch_k64,text_pca256_lexical_w005
45321,23,minibatch_k64,text_pca256_lexical_w005
45322,25,minibatch_k64,text_pca256_lexical_w005
45323,0,minibatch_k64,text_pca256_lexical_w005
45324,14,minibatch_k64,text_pca256_lexical_w005
45325,42,minibatch_k64,text_pca256_lexical_w005
45326,14,minibatch_k64,text_pca256_lexical_w005
45327,62,minibatch_k64,text_pca256_lexical_w005
45328,42,minibatch_k64,text_pca256_lexical_w005
45329,14,minibatch_k64,text_pca256_lexical_w005
45330,0,minibatch_k64,text_pca256_lexical_w005
45331,42,minibatch_k64,text_pca256_lexical_w005
45332,38,minibatch_k64,text_pca256_lexical_w005
45333,58,minibatch_k64,text_pca256_lexical_w005
45334,0,minibatch_k64,text_pca256_lexical_w005
45335,37,minibatch_k64,text_pca256_lexical_w005
45336,25,minibatch_k64,text_pca256_lexical_w005
45337,14,minibatch_k64,text_pca256_lexical_w005
45338,62,minibatch_k64,text_pca256_lexical_w005
45339,61,minibatch_k64,text_pca256_lexical_w005
45340,62,minibatch_k64,text_pca256_lexical_w005
45341,14,minibatch_k64,text_pca256_lexical_w005
45342,42,minibatch_k64,text_pca256_lexical_w005
45343,42,minibatch_k64,text_pca256_lexical_w005
45344,42,minibatch_k64,text_pca256_lexical_w005
45345,0,minibatch_k64,text_pca256_lexical_w005
45346,10,minibatch_k64,text_pca256_lexical_w005
45347,2,minibatch_k64,text_pca256_lexical_w005
45348,14,minibatch_k64,text_pca256_lexical_w005
45349,45,minibatch_k64,text_pca256_lexical_w005
45350,38,minibatch_k64,text_pca256_lexical_w005
45351,55,minibatch_k64,text_pca256_lexical_w005
45352,25,minibatch_k64,text_pca256_lexical_w005
45353,60,minibatch_k64,text_pca256_lexical_w005
45354,2,minibatch_k64,text_pca256_lexical_w005
45355,42,minibatch_k64,text_pca256_lexical_w005
45356,8,minibatch_k64,text_pca256_lexical_w005
45357,33,minibatch_k64,text_pca256_lexical_w005
45358,42,minibatch_k64,text_pca256_lexical_w005
45359,0,minibatch_k64,text_pca256_lexical_w005
45360,42,minibatch_k64,text_pca256_lexical_w005
45361,8,minibatch_k64,text_pca256_lexical_w005
45362,62,minibatch_k64,text_pca256_lexical_w005
45363,14,minibatch_k64,text_pca256_lexical_w005
45364,5,minibatch_k64,text_pca256_lexical_w005
45365,62,minibatch_k64,text_pca256_lexical_w005
45366,0,minibatch_k64,text_pca256_lexical_w005
45367,5,minibatch_k64,text_pca256_lexical_w005
45368,38,minibatch_k64,text_pca256_lexical_w005
45369,55,minibatch_k64,text_pca256_lexical_w005
45370,37,minibatch_k64,text_pca256_lexical_w005
45371,45,minibatch_k64,text_pca256_lexical_w005
45372,25,minibatch_k64,text_pca256_lexical_w005
45373,62,minibatch_k64,text_pca256_lexical_w005
45374,33,minibatch_k64,text_pca256_lexical_w005
45375,42,minibatch_k64,text_pca256_lexical_w005
45376,0,minibatch_k64,text_pca256_lexical_w005
45377,10,minibatch_k64,text_pca256_lexical_w005
45378,0,minibatch_k64,text_pca256_lexical_w005
45379,0,minibatch_k64,text_pca256_lexical_w005
45380,42,minibatch_k64,text_pca256_lexical_w005
45381,0,minibatch_k64,text_pca256_lexical_w005
45382,33,minibatch_k64,text_pca256_lexical_w005
45383,62,minibatch_k64,text_pca256_lexical_w005
45384,21,minibatch_k64,text_pca256_lexical_w005
45385,8,minibatch_k64,text_pca256_lexical_w005
45386,42,minibatch_k64,text_pca256_lexical_w005
45387,8,minibatch_k64,text_pca256_lexical_w005
45388,58,minibatch_k64,text_pca256_lexical_w005
45389,38,minibatch_k64,text_pca256_lexical_w005
45390,42,minibatch_k64,text_pca256_lexical_w005
45391,55,minibatch_k64,text_pca256_lexical_w005
45392,37,minibatch_k64,text_pca256_lexical_w005
45393,25,minibatch_k64,text_pca256_lexical_w005
45394,4,minibatch_k64,text_pca256_lexical_w005
45395,42,minibatch_k64,text_pca256_lexical_w005
45396,14,minibatch_k64,text_pca256_lexical_w005
45397,39,minibatch_k64,text_pca256_lexical_w005
45398,42,minibatch_k64,text_pca256_lexical_w005
45399,62,minibatch_k64,text_pca256_lexical_w005
45400,8,minibatch_k64,text_pca256_lexical_w005
45401,0,minibatch_k64,text_pca256_lexical_w005
45402,0,minibatch_k64,text_pca256_lexical_w005
45403,0,minibatch_k64,text_pca256_lexical_w005
45404,8,minibatch_k64,text_pca256_lexical_w005
45405,62,minibatch_k64,text_pca256_lexical_w005
45406,39,minibatch_k64,text_pca256_lexical_w005
45407,5,minibatch_k64,text_pca256_lexical_w005
45408,0,minibatch_k64,text_pca256_lexical_w005
45409,62,minibatch_k64,text_pca256_lexical_w005
45410,0,minibatch_k64,text_pca256_lexical_w005
45411,10,minibatch_k64,text_pca256_lexical_w005
45412,62,minibatch_k64,text_pca256_lexical_w005
45413,0,minibatch_k64,text_pca256_lexical_w005
45414,62,minibatch_k64,text_pca256_lexical_w005
45415,0,minibatch_k64,text_pca256_lexical_w005
45416,5,minibatch_k64,text_pca256_lexical_w005
45417,62,minibatch_k64,text_pca256_lexical_w005
45418,23,minibatch_k64,text_pca256_lexical_w005
45419,5,minibatch_k64,text_pca256_lexical_w005
45420,0,minibatch_k64,text_pca256_lexical_w005
45421,38,minibatch_k64,text_pca256_lexical_w005
45422,58,minibatch_k64,text_pca256_lexical_w005
45423,58,minibatch_k64,text_pca256_lexical_w005
45424,55,minibatch_k64,text_pca256_lexical_w005
45425,37,minibatch_k64,text_pca256_lexical_w005
45426,25,minibatch_k64,text_pca256_lexical_w005
45427,56,minibatch_k64,text_pca256_lexical_w005
45428,8,minibatch_k64,text_pca256_lexical_w005
45429,0,minibatch_k64,text_pca256_lexical_w005
45430,8,minibatch_k64,text_pca256_lexical_w005
45431,8,minibatch_k64,text_pca256_lexical_w005
45432,42,minibatch_k64,text_pca256_lexical_w005
45433,8,minibatch_k64,text_pca256_lexical_w005
45434,8,minibatch_k64,text_pca256_lexical_w005
45435,0,minibatch_k64,text_pca256_lexical_w005
45436,42,minibatch_k64,text_pca256_lexical_w005
45437,38,minibatch_k64,text_pca256_lexical_w005
45438,8,minibatch_k64,text_pca256_lexical_w005
45439,58,minibatch_k64,text_pca256_lexical_w005
45440,37,minibatch_k64,text_pca256_lexical_w005
45441,25,minibatch_k64,text_pca256_lexical_w005
45442,50,minibatch_k64,text_pca256_lexical_w005
45443,42,minibatch_k64,text_pca256_lexical_w005
45444,0,minibatch_k64,text_pca256_lexical_w005
45445,38,minibatch_k64,text_pca256_lexical_w005
45446,55,minibatch_k64,text_pca256_lexical_w005
45447,25,minibatch_k64,text_pca256_lexical_w005
45448,60,minibatch_k64,text_pca256_lexical_w005
45449,10,minibatch_k64,text_pca256_lexical_w005
45450,10,minibatch_k64,text_pca256_lexical_w005
45451,23,minibatch_k64,text_pca256_lexical_w005
45452,61,minibatch_k64,text_pca256_lexical_w005
45453,62,minibatch_k64,text_pca256_lexical_w005
45454,42,minibatch_k64,text_pca256_lexical_w005
45455,23,minibatch_k64,text_pca256_lexical_w005
45456,38,minibatch_k64,text_pca256_lexical_w005
45457,62,minibatch_k64,text_pca256_lexical_w005
45458,42,minibatch_k64,text_pca256_lexical_w005
45459,42,minibatch_k64,text_pca256_lexical_w005
45460,33,minibatch_k64,text_pca256_lexical_w005
45461,23,minibatch_k64,text_pca256_lexical_w005
45462,10,minibatch_k64,text_pca256_lexical_w005
45463,33,minibatch_k64,text_pca256_lexical_w005
45464,0,minibatch_k64,text_pca256_lexical_w005
45465,39,minibatch_k64,text_pca256_lexical_w005
45466,8,minibatch_k64,text_pca256_lexical_w005
45467,33,minibatch_k64,text_pca256_lexical_w005
45468,38,minibatch_k64,text_pca256_lexical_w005
45469,42,minibatch_k64,text_pca256_lexical_w005
45470,37,minibatch_k64,text_pca256_lexical_w005
45471,25,minibatch_k64,text_pca256_lexical_w005
45472,0,minibatch_k64,text_pca256_lexical_w005
45473,39,minibatch_k64,text_pca256_lexical_w005
45474,42,minibatch_k64,text_pca256_lexical_w005
45475,42,minibatch_k64,text_pca256_lexical_w005
45476,8,minibatch_k64,text_pca256_lexical_w005
45477,62,minibatch_k64,text_pca256_lexical_w005
45478,50,minibatch_k64,text_pca256_lexical_w005
45479,61,minibatch_k64,text_pca256_lexical_w005
45480,42,minibatch_k64,text_pca256_lexical_w005
45481,4,minibatch_k64,text_pca256_lexical_w005
45482,0,minibatch_k64,text_pca256_lexical_w005
45483,42,minibatch_k64,text_pca256_lexical_w005
45484,33,minibatch_k64,text_pca256_lexical_w005
45485,0,minibatch_k64,text_pca256_lexical_w005
45486,8,minibatch_k64,text_pca256_lexical_w005
45487,8,minibatch_k64,text_pca256_lexical_w005
45488,62,minibatch_k64,text_pca256_lexical_w005
45489,42,minibatch_k64,text_pca256_lexical_w005
45490,8,minibatch_k64,text_pca256_lexical_w005
45491,8,minibatch_k64,text_pca256_lexical_w005
45492,8,minibatch_k64,text_pca256_lexical_w005
45493,8,minibatch_k64,text_pca256_lexical_w005
45494,15,minibatch_k64,text_pca256_lexical_w005
45495,2,minibatch_k64,text_pca256_lexical_w005
45496,33,minibatch_k64,text_pca256_lexical_w005
45497,45,minibatch_k64,text_pca256_lexical_w005
45498,15,minibatch_k64,text_pca256_lexical_w005
45499,42,minibatch_k64,text_pca256_lexical_w005
45500,42,minibatch_k64,text_pca256_lexical_w005
45501,8,minibatch_k64,text_pca256_lexical_w005
45502,62,minibatch_k64,text_pca256_lexical_w005
45503,45,minibatch_k64,text_pca256_lexical_w005
45504,0,minibatch_k64,text_pca256_lexical_w005
45505,50,minibatch_k64,text_pca256_lexical_w005
45506,33,minibatch_k64,text_pca256_lexical_w005
45507,8,minibatch_k64,text_pca256_lexical_w005
45508,8,minibatch_k64,text_pca256_lexical_w005
45509,33,minibatch_k64,text_pca256_lexical_w005
45510,0,minibatch_k64,text_pca256_lexical_w005
45511,0,minibatch_k64,text_pca256_lexical_w005
45512,42,minibatch_k64,text_pca256_lexical_w005
45513,0,minibatch_k64,text_pca256_lexical_w005
45514,15,minibatch_k64,text_pca256_lexical_w005
45515,62,minibatch_k64,text_pca256_lexical_w005
45516,33,minibatch_k64,text_pca256_lexical_w005
45517,21,minibatch_k64,text_pca256_lexical_w005
45518,8,minibatch_k64,text_pca256_lexical_w005
45519,23,minibatch_k64,text_pca256_lexical_w005
45520,33,minibatch_k64,text_pca256_lexical_w005
45521,10,minibatch_k64,text_pca256_lexical_w005
45522,23,minibatch_k64,text_pca256_lexical_w005
45523,62,minibatch_k64,text_pca256_lexical_w005
45524,8,minibatch_k64,text_pca256_lexical_w005
45525,23,minibatch_k64,text_pca256_lexical_w005
45526,53,minibatch_k64,text_pca256_lexical_w005
45527,0,minibatch_k64,text_pca256_lexical_w005
45528,23,minibatch_k64,text_pca256_lexical_w005
45529,23,minibatch_k64,text_pca256_lexical_w005
45530,8,minibatch_k64,text_pca256_lexical_w005
45531,8,minibatch_k64,text_pca256_lexical_w005
45532,42,minibatch_k64,text_pca256_lexical_w005
45533,8,minibatch_k64,text_pca256_lexical_w005
45534,8,minibatch_k64,text_pca256_lexical_w005
45535,8,minibatch_k64,text_pca256_lexical_w005
45536,0,minibatch_k64,text_pca256_lexical_w005
45537,62,minibatch_k64,text_pca256_lexical_w005
45538,62,minibatch_k64,text_pca256_lexical_w005
45539,42,minibatch_k64,text_pca256_lexical_w005
45540,47,minibatch_k64,text_pca256_lexical_w005
45541,42,minibatch_k64,text_pca256_lexical_w005
45542,0,minibatch_k64,text_pca256_lexical_w005
45543,42,minibatch_k64,text_pca256_lexical_w005
45544,38,minibatch_k64,text_pca256_lexical_w005
45545,10,minibatch_k64,text_pca256_lexical_w005
45546,23,minibatch_k64,text_pca256_lexical_w005
45547,42,minibatch_k64,text_pca256_lexical_w005
45548,63,minibatch_k64,text_pca256_lexical_w005
45549,25,minibatch_k64,text_pca256_lexical_w005
45550,10,minibatch_k64,text_pca256_lexical_w005
45551,0,minibatch_k64,text_pca256_lexical_w005
45552,59,minibatch_k64,text_pca256_lexical_w005
45553,62,minibatch_k64,text_pca256_lexical_w005
45554,42,minibatch_k64,text_pca256_lexical_w005
45555,0,minibatch_k64,text_pca256_lexical_w005
45556,42,minibatch_k64,text_pca256_lexical_w005
45557,0,minibatch_k64,text_pca256_lexical_w005
45558,42,minibatch_k64,text_pca256_lexical_w005
45559,42,minibatch_k64,text_pca256_lexical_w005
45560,10,minibatch_k64,text_pca256_lexical_w005
45561,42,minibatch_k64,text_pca256_lexical_w005
45562,56,minibatch_k64,text_pca256_lexical_w005
45563,8,minibatch_k64,text_pca256_lexical_w005
45564,8,minibatch_k64,text_pca256_lexical_w005
45565,42,minibatch_k64,text_pca256_lexical_w005
45566,0,minibatch_k64,text_pca256_lexical_w005
45567,0,minibatch_k64,text_pca256_lexical_w005
45568,0,minibatch_k64,text_pca256_lexical_w005
45569,32,minibatch_k64,text_pca256_lexical_w005
45570,42,minibatch_k64,text_pca256_lexical_w005
45571,62,minibatch_k64,text_pca256_lexical_w005
45572,53,minibatch_k64,text_pca256_lexical_w005
45573,10,minibatch_k64,text_pca256_lexical_w005
45574,0,minibatch_k64,text_pca256_lexical_w005
45575,15,minibatch_k64,text_pca256_lexical_w005
45576,15,minibatch_k64,text_pca256_lexical_w005
45577,59,minibatch_k64,text_pca256_lexical_w005
45578,59,minibatch_k64,text_pca256_lexical_w005
45579,42,minibatch_k64,text_pca256_lexical_w005
45580,53,minibatch_k64,text_pca256_lexical_w005
45581,0,minibatch_k64,text_pca256_lexical_w005
45582,15,minibatch_k64,text_pca256_lexical_w005
45583,62,minibatch_k64,text_pca256_lexical_w005
45584,45,minibatch_k64,text_pca256_lexical_w005
45585,0,minibatch_k64,text_pca256_lexical_w005
45586,62,minibatch_k64,text_pca256_lexical_w005
45587,33,minibatch_k64,text_pca256_lexical_w005
45588,0,minibatch_k64,text_pca256_lexical_w005
45589,59,minibatch_k64,text_pca256_lexical_w005
45590,59,minibatch_k64,text_pca256_lexical_w005
45591,62,minibatch_k64,text_pca256_lexical_w005
45592,47,minibatch_k64,text_pca256_lexical_w005
45593,0,minibatch_k64,text_pca256_lexical_w005
45594,62,minibatch_k64,text_pca256_lexical_w005
45595,45,minibatch_k64,text_pca256_lexical_w005
45596,8,minibatch_k64,text_pca256_lexical_w005
45597,38,minibatch_k64,text_pca256_lexical_w005
45598,8,minibatch_k64,text_pca256_lexical_w005
45599,45,minibatch_k64,text_pca256_lexical_w005
45600,42,minibatch_k64,text_pca256_lexical_w005
45601,55,minibatch_k64,text_pca256_lexical_w005
45602,37,minibatch_k64,text_pca256_lexical_w005
45603,25,minibatch_k64,text_pca256_lexical_w005
45604,39,minibatch_k64,text_pca256_lexical_w005
45605,8,minibatch_k64,text_pca256_lexical_w005
45606,42,minibatch_k64,text_pca256_lexical_w005
45607,33,minibatch_k64,text_pca256_lexical_w005
45608,45,minibatch_k64,text_pca256_lexical_w005
45609,45,minibatch_k64,text_pca256_lexical_w005
45610,45,minibatch_k64,text_pca256_lexical_w005
45611,59,minibatch_k64,text_pca256_lexical_w005
45612,62,minibatch_k64,text_pca256_lexical_w005
45613,59,minibatch_k64,text_pca256_lexical_w005
45614,21,minibatch_k64,text_pca256_lexical_w005
45615,38,minibatch_k64,text_pca256_lexical_w005
45616,42,minibatch_k64,text_pca256_lexical_w005
45617,55,minibatch_k64,text_pca256_lexical_w005
45618,10,minibatch_k64,text_pca256_lexical_w005
45619,60,minibatch_k64,text_pca256_lexical_w005
45620,8,minibatch_k64,text_pca256_lexical_w005
45621,45,minibatch_k64,text_pca256_lexical_w005
45622,4,minibatch_k64,text_pca256_lexical_w005
45623,45,minibatch_k64,text_pca256_lexical_w005
45624,4,minibatch_k64,text_pca256_lexical_w005
45625,45,minibatch_k64,text_pca256_lexical_w005
45626,45,minibatch_k64,text_pca256_lexical_w005
45627,45,minibatch_k64,text_pca256_lexical_w005
45628,45,minibatch_k64,text_pca256_lexical_w005
45629,42,minibatch_k64,text_pca256_lexical_w005
45630,45,minibatch_k64,text_pca256_lexical_w005
45631,23,minibatch_k64,text_pca256_lexical_w005
45632,45,minibatch_k64,text_pca256_lexical_w005
45633,45,minibatch_k64,text_pca256_lexical_w005
45634,18,minibatch_k64,text_pca256_lexical_w005
45635,2,minibatch_k64,text_pca256_lexical_w005
45636,25,minibatch_k64,text_pca256_lexical_w005
45637,45,minibatch_k64,text_pca256_lexical_w005
45638,45,minibatch_k64,text_pca256_lexical_w005
45639,45,minibatch_k64,text_pca256_lexical_w005
45640,45,minibatch_k64,text_pca256_lexical_w005
45641,8,minibatch_k64,text_pca256_lexical_w005
45642,59,minibatch_k64,text_pca256_lexical_w005
45643,27,minibatch_k64,text_pca256_lexical_w005
45644,59,minibatch_k64,text_pca256_lexical_w005
45645,45,minibatch_k64,text_pca256_lexical_w005
45646,45,minibatch_k64,text_pca256_lexical_w005
45647,59,minibatch_k64,text_pca256_lexical_w005
45648,42,minibatch_k64,text_pca256_lexical_w005
45649,8,minibatch_k64,text_pca256_lexical_w005
45650,48,minibatch_k64,text_pca256_lexical_w005
45651,33,minibatch_k64,text_pca256_lexical_w005
45652,33,minibatch_k64,text_pca256_lexical_w005
45653,8,minibatch_k64,text_pca256_lexical_w005
45654,42,minibatch_k64,text_pca256_lexical_w005
45655,0,minibatch_k64,text_pca256_lexical_w005
45656,56,minibatch_k64,text_pca256_lexical_w005
45657,10,minibatch_k64,text_pca256_lexical_w005
45658,0,minibatch_k64,text_pca256_lexical_w005
45659,17,minibatch_k64,text_pca256_lexical_w005
45660,45,minibatch_k64,text_pca256_lexical_w005
45661,45,minibatch_k64,text_pca256_lexical_w005
45662,33,minibatch_k64,text_pca256_lexical_w005
45663,30,minibatch_k64,text_pca256_lexical_w005
45664,33,minibatch_k64,text_pca256_lexical_w005
45665,45,minibatch_k64,text_pca256_lexical_w005
45666,62,minibatch_k64,text_pca256_lexical_w005
45667,62,minibatch_k64,text_pca256_lexical_w005
45668,21,minibatch_k64,text_pca256_lexical_w005
45669,59,minibatch_k64,text_pca256_lexical_w005
45670,59,minibatch_k64,text_pca256_lexical_w005
45671,42,minibatch_k64,text_pca256_lexical_w005
45672,45,minibatch_k64,text_pca256_lexical_w005
45673,8,minibatch_k64,text_pca256_lexical_w005
45674,8,minibatch_k64,text_pca256_lexical_w005
45675,33,minibatch_k64,text_pca256_lexical_w005
45676,8,minibatch_k64,text_pca256_lexical_w005
45677,0,minibatch_k64,text_pca256_lexical_w005
45678,34,minibatch_k64,text_pca256_lexical_w005
45679,45,minibatch_k64,text_pca256_lexical_w005
45680,34,minibatch_k64,text_pca256_lexical_w005
45681,21,minibatch_k64,text_pca256_lexical_w005
45682,59,minibatch_k64,text_pca256_lexical_w005
45683,45,minibatch_k64,text_pca256_lexical_w005
45684,0,minibatch_k64,text_pca256_lexical_w005
45685,21,minibatch_k64,text_pca256_lexical_w005
45686,0,minibatch_k64,text_pca256_lexical_w005
45687,45,minibatch_k64,text_pca256_lexical_w005
45688,59,minibatch_k64,text_pca256_lexical_w005
45689,59,minibatch_k64,text_pca256_lexical_w005
45690,45,minibatch_k64,text_pca256_lexical_w005
45691,59,minibatch_k64,text_pca256_lexical_w005
45692,8,minibatch_k64,text_pca256_lexical_w005
45693,45,minibatch_k64,text_pca256_lexical_w005
45694,56,minibatch_k64,text_pca256_lexical_w005
45695,33,minibatch_k64,text_pca256_lexical_w005
45696,59,minibatch_k64,text_pca256_lexical_w005
45697,62,minibatch_k64,text_pca256_lexical_w005
45698,59,minibatch_k64,text_pca256_lexical_w005
45699,45,minibatch_k64,text_pca256_lexical_w005
45700,59,minibatch_k64,text_pca256_lexical_w005
45701,8,minibatch_k64,text_pca256_lexical_w005
45702,45,minibatch_k64,text_pca256_lexical_w005
45703,10,minibatch_k64,text_pca256_lexical_w005
45704,34,minibatch_k64,text_pca256_lexical_w005
45705,59,minibatch_k64,text_pca256_lexical_w005
45706,45,minibatch_k64,text_pca256_lexical_w005
45707,59,minibatch_k64,text_pca256_lexical_w005
45708,53,minibatch_k64,text_pca256_lexical_w005
45709,8,minibatch_k64,text_pca256_lexical_w005
45710,62,minibatch_k64,text_pca256_lexical_w005
45711,59,minibatch_k64,text_pca256_lexical_w005
45712,45,minibatch_k64,text_pca256_lexical_w005
45713,8,minibatch_k64,text_pca256_lexical_w005
45714,33,minibatch_k64,text_pca256_lexical_w005
45715,59,minibatch_k64,text_pca256_lexical_w005
45716,59,minibatch_k64,text_pca256_lexical_w005
45717,53,minibatch_k64,text_pca256_lexical_w005
45718,45,minibatch_k64,text_pca256_lexical_w005
45719,59,minibatch_k64,text_pca256_lexical_w005
45720,59,minibatch_k64,text_pca256_lexical_w005
45721,0,minibatch_k64,text_pca256_lexical_w005
45722,59,minibatch_k64,text_pca256_lexical_w005
45723,45,minibatch_k64,text_pca256_lexical_w005
45724,59,minibatch_k64,text_pca256_lexical_w005
45725,8,minibatch_k64,text_pca256_lexical_w005
45726,42,minibatch_k64,text_pca256_lexical_w005
45727,34,minibatch_k64,text_pca256_lexical_w005
45728,0,minibatch_k64,text_pca256_lexical_w005
45729,59,minibatch_k64,text_pca256_lexical_w005
45730,8,minibatch_k64,text_pca256_lexical_w005
45731,56,minibatch_k64,text_pca256_lexical_w005
45732,59,minibatch_k64,text_pca256_lexical_w005
45733,27,minibatch_k64,text_pca256_lexical_w005
45734,53,minibatch_k64,text_pca256_lexical_w005
45735,45,minibatch_k64,text_pca256_lexical_w005
45736,45,minibatch_k64,text_pca256_lexical_w005
45737,27,minibatch_k64,text_pca256_lexical_w005
45738,0,minibatch_k64,text_pca256_lexical_w005
45739,27,minibatch_k64,text_pca256_lexical_w005
45740,53,minibatch_k64,text_pca256_lexical_w005
45741,61,minibatch_k64,text_pca256_lexical_w005
45742,59,minibatch_k64,text_pca256_lexical_w005
45743,59,minibatch_k64,text_pca256_lexical_w005
45744,59,minibatch_k64,text_pca256_lexical_w005
45745,59,minibatch_k64,text_pca256_lexical_w005
45746,59,minibatch_k64,text_pca256_lexical_w005
45747,59,minibatch_k64,text_pca256_lexical_w005
45748,59,minibatch_k64,text_pca256_lexical_w005
45749,59,minibatch_k64,text_pca256_lexical_w005
45750,33,minibatch_k64,text_pca256_lexical_w005
45751,33,minibatch_k64,text_pca256_lexical_w005
45752,59,minibatch_k64,text_pca256_lexical_w005
45753,45,minibatch_k64,text_pca256_lexical_w005
45754,39,minibatch_k64,text_pca256_lexical_w005
45755,45,minibatch_k64,text_pca256_lexical_w005
45756,45,minibatch_k64,text_pca256_lexical_w005
45757,42,minibatch_k64,text_pca256_lexical_w005
45758,42,minibatch_k64,text_pca256_lexical_w005
45759,0,minibatch_k64,text_pca256_lexical_w005
45760,0,minibatch_k64,text_pca256_lexical_w005
45761,15,minibatch_k64,text_pca256_lexical_w005
45762,0,minibatch_k64,text_pca256_lexical_w005
45763,23,minibatch_k64,text_pca256_lexical_w005
45764,45,minibatch_k64,text_pca256_lexical_w005
45765,10,minibatch_k64,text_pca256_lexical_w005
45766,33,minibatch_k64,text_pca256_lexical_w005
45767,53,minibatch_k64,text_pca256_lexical_w005
45768,42,minibatch_k64,text_pca256_lexical_w005
45769,0,minibatch_k64,text_pca256_lexical_w005
45770,0,minibatch_k64,text_pca256_lexical_w005
45771,0,minibatch_k64,text_pca256_lexical_w005
45772,10,minibatch_k64,text_pca256_lexical_w005
45773,10,minibatch_k64,text_pca256_lexical_w005
45774,59,minibatch_k64,text_pca256_lexical_w005
45775,33,minibatch_k64,text_pca256_lexical_w005
45776,7,minibatch_k64,text_pca256_lexical_w005
45777,0,minibatch_k64,text_pca256_lexical_w005
45778,34,minibatch_k64,text_pca256_lexical_w005
45779,59,minibatch_k64,text_pca256_lexical_w005
45780,62,minibatch_k64,text_pca256_lexical_w005
45781,62,minibatch_k64,text_pca256_lexical_w005
45782,42,minibatch_k64,text_pca256_lexical_w005
45783,42,minibatch_k64,text_pca256_lexical_w005
45784,21,minibatch_k64,text_pca256_lexical_w005
45785,61,minibatch_k64,text_pca256_lexical_w005
45786,53,minibatch_k64,text_pca256_lexical_w005
45787,8,minibatch_k64,text_pca256_lexical_w005
45788,41,minibatch_k64,text_pca256_lexical_w005
45789,10,minibatch_k64,text_pca256_lexical_w005
45790,10,minibatch_k64,text_pca256_lexical_w005
45791,6,minibatch_k64,text_pca256_lexical_w005
45792,41,minibatch_k64,text_pca256_lexical_w005
45793,10,minibatch_k64,text_pca256_lexical_w005
45794,39,minibatch_k64,text_pca256_lexical_w005
45795,8,minibatch_k64,text_pca256_lexical_w005
45796,42,minibatch_k64,text_pca256_lexical_w005
45797,8,minibatch_k64,text_pca256_lexical_w005
45798,10,minibatch_k64,text_pca256_lexical_w005
45799,0,minibatch_k64,text_pca256_lexical_w005
45800,33,minibatch_k64,text_pca256_lexical_w005
45801,10,minibatch_k64,text_pca256_lexical_w005
45802,10,minibatch_k64,text_pca256_lexical_w005
45803,8,minibatch_k64,text_pca256_lexical_w005
45804,0,minibatch_k64,text_pca256_lexical_w005
45805,21,minibatch_k64,text_pca256_lexical_w005
45806,41,minibatch_k64,text_pca256_lexical_w005
45807,21,minibatch_k64,text_pca256_lexical_w005
45808,10,minibatch_k64,text_pca256_lexical_w005
45809,41,minibatch_k64,text_pca256_lexical_w005
45810,5,minibatch_k64,text_pca256_lexical_w005
45811,10,minibatch_k64,text_pca256_lexical_w005
45812,62,minibatch_k64,text_pca256_lexical_w005
45813,61,minibatch_k64,text_pca256_lexical_w005
45814,42,minibatch_k64,text_pca256_lexical_w005
45815,33,minibatch_k64,text_pca256_lexical_w005
45816,45,minibatch_k64,text_pca256_lexical_w005
45817,10,minibatch_k64,text_pca256_lexical_w005
45818,0,minibatch_k64,text_pca256_lexical_w005
45819,8,minibatch_k64,text_pca256_lexical_w005
45820,15,minibatch_k64,text_pca256_lexical_w005
45821,42,minibatch_k64,text_pca256_lexical_w005
45822,59,minibatch_k64,text_pca256_lexical_w005
45823,33,minibatch_k64,text_pca256_lexical_w005
45824,15,minibatch_k64,text_pca256_lexical_w005
45825,10,minibatch_k64,text_pca256_lexical_w005
45826,42,minibatch_k64,text_pca256_lexical_w005
45827,0,minibatch_k64,text_pca256_lexical_w005
45828,10,minibatch_k64,text_pca256_lexical_w005
45829,39,minibatch_k64,text_pca256_lexical_w005
45830,39,minibatch_k64,text_pca256_lexical_w005
45831,33,minibatch_k64,text_pca256_lexical_w005
45832,0,minibatch_k64,text_pca256_lexical_w005
45833,39,minibatch_k64,text_pca256_lexical_w005
45834,42,minibatch_k64,text_pca256_lexical_w005
45835,10,minibatch_k64,text_pca256_lexical_w005
45836,42,minibatch_k64,text_pca256_lexical_w005
45837,15,minibatch_k64,text_pca256_lexical_w005
45838,8,minibatch_k64,text_pca256_lexical_w005
45839,33,minibatch_k64,text_pca256_lexical_w005
45840,8,minibatch_k64,text_pca256_lexical_w005
45841,0,minibatch_k64,text_pca256_lexical_w005
45842,0,minibatch_k64,text_pca256_lexical_w005
45843,0,minibatch_k64,text_pca256_lexical_w005
45844,33,minibatch_k64,text_pca256_lexical_w005
45845,15,minibatch_k64,text_pca256_lexical_w005
45846,33,minibatch_k64,text_pca256_lexical_w005
45847,0,minibatch_k64,text_pca256_lexical_w005
45848,2,minibatch_k64,text_pca256_lexical_w005
45849,33,minibatch_k64,text_pca256_lexical_w005
45850,8,minibatch_k64,text_pca256_lexical_w005
45851,0,minibatch_k64,text_pca256_lexical_w005
45852,33,minibatch_k64,text_pca256_lexical_w005
45853,33,minibatch_k64,text_pca256_lexical_w005
45854,10,minibatch_k64,text_pca256_lexical_w005
45855,23,minibatch_k64,text_pca256_lexical_w005
45856,8,minibatch_k64,text_pca256_lexical_w005
45857,62,minibatch_k64,text_pca256_lexical_w005
45858,15,minibatch_k64,text_pca256_lexical_w005
45859,0,minibatch_k64,text_pca256_lexical_w005
45860,0,minibatch_k64,text_pca256_lexical_w005
45861,33,minibatch_k64,text_pca256_lexical_w005
45862,33,minibatch_k64,text_pca256_lexical_w005
45863,0,minibatch_k64,text_pca256_lexical_w005
45864,62,minibatch_k64,text_pca256_lexical_w005
45865,0,minibatch_k64,text_pca256_lexical_w005
45866,2,minibatch_k64,text_pca256_lexical_w005
45867,0,minibatch_k64,text_pca256_lexical_w005
45868,23,minibatch_k64,text_pca256_lexical_w005
45869,21,minibatch_k64,text_pca256_lexical_w005
45870,33,minibatch_k64,text_pca256_lexical_w005
45871,62,minibatch_k64,text_pca256_lexical_w005
45872,2,minibatch_k64,text_pca256_lexical_w005
45873,42,minibatch_k64,text_pca256_lexical_w005
45874,15,minibatch_k64,text_pca256_lexical_w005
45875,10,minibatch_k64,text_pca256_lexical_w005
45876,50,minibatch_k64,text_pca256_lexical_w005
45877,45,minibatch_k64,text_pca256_lexical_w005
45878,45,minibatch_k64,text_pca256_lexical_w005
45879,0,minibatch_k64,text_pca256_lexical_w005
45880,0,minibatch_k64,text_pca256_lexical_w005
45881,4,minibatch_k64,text_pca256_lexical_w005
45882,15,minibatch_k64,text_pca256_lexical_w005
45883,33,minibatch_k64,text_pca256_lexical_w005
45884,0,minibatch_k64,text_pca256_lexical_w005
45885,62,minibatch_k64,text_pca256_lexical_w005
45886,10,minibatch_k64,text_pca256_lexical_w005
45887,8,minibatch_k64,text_pca256_lexical_w005
45888,0,minibatch_k64,text_pca256_lexical_w005
45889,62,minibatch_k64,text_pca256_lexical_w005
45890,33,minibatch_k64,text_pca256_lexical_w005
45891,15,minibatch_k64,text_pca256_lexical_w005
45892,15,minibatch_k64,text_pca256_lexical_w005
45893,15,minibatch_k64,text_pca256_lexical_w005
45894,0,minibatch_k64,text_pca256_lexical_w005
45895,8,minibatch_k64,text_pca256_lexical_w005
45896,62,minibatch_k64,text_pca256_lexical_w005
45897,33,minibatch_k64,text_pca256_lexical_w005
45898,0,minibatch_k64,text_pca256_lexical_w005
45899,21,minibatch_k64,text_pca256_lexical_w005
45900,0,minibatch_k64,text_pca256_lexical_w005
45901,42,minibatch_k64,text_pca256_lexical_w005
45902,33,minibatch_k64,text_pca256_lexical_w005
45903,0,minibatch_k64,text_pca256_lexical_w005
45904,0,minibatch_k64,text_pca256_lexical_w005
45905,0,minibatch_k64,text_pca256_lexical_w005
45906,23,minibatch_k64,text_pca256_lexical_w005
45907,0,minibatch_k64,text_pca256_lexical_w005
45908,61,minibatch_k64,text_pca256_lexical_w005
45909,15,minibatch_k64,text_pca256_lexical_w005
45910,10,minibatch_k64,text_pca256_lexical_w005
45911,0,minibatch_k64,text_pca256_lexical_w005
45912,0,minibatch_k64,text_pca256_lexical_w005
45913,0,minibatch_k64,text_pca256_lexical_w005
45914,0,minibatch_k64,text_pca256_lexical_w005
45915,62,minibatch_k64,text_pca256_lexical_w005
45916,62,minibatch_k64,text_pca256_lexical_w005
45917,33,minibatch_k64,text_pca256_lexical_w005
45918,0,minibatch_k64,text_pca256_lexical_w005
45919,8,minibatch_k64,text_pca256_lexical_w005
45920,0,minibatch_k64,text_pca256_lexical_w005
45921,0,minibatch_k64,text_pca256_lexical_w005
45922,33,minibatch_k64,text_pca256_lexical_w005
45923,0,minibatch_k64,text_pca256_lexical_w005
45924,0,minibatch_k64,text_pca256_lexical_w005
45925,15,minibatch_k64,text_pca256_lexical_w005
45926,33,minibatch_k64,text_pca256_lexical_w005
45927,0,minibatch_k64,text_pca256_lexical_w005
45928,23,minibatch_k64,text_pca256_lexical_w005
45929,21,minibatch_k64,text_pca256_lexical_w005
45930,10,minibatch_k64,text_pca256_lexical_w005
45931,42,minibatch_k64,text_pca256_lexical_w005
45932,33,minibatch_k64,text_pca256_lexical_w005
45933,0,minibatch_k64,text_pca256_lexical_w005
45934,15,minibatch_k64,text_pca256_lexical_w005
45935,21,minibatch_k64,text_pca256_lexical_w005
45936,8,minibatch_k64,text_pca256_lexical_w005
45937,21,minibatch_k64,text_pca256_lexical_w005
45938,33,minibatch_k64,text_pca256_lexical_w005
45939,0,minibatch_k64,text_pca256_lexical_w005
45940,21,minibatch_k64,text_pca256_lexical_w005
45941,21,minibatch_k64,text_pca256_lexical_w005
45942,62,minibatch_k64,text_pca256_lexical_w005
45943,0,minibatch_k64,text_pca256_lexical_w005
45944,33,minibatch_k64,text_pca256_lexical_w005
45945,15,minibatch_k64,text_pca256_lexical_w005
45946,15,minibatch_k64,text_pca256_lexical_w005
45947,33,minibatch_k64,text_pca256_lexical_w005
45948,33,minibatch_k64,text_pca256_lexical_w005
45949,33,minibatch_k64,text_pca256_lexical_w005
45950,0,minibatch_k64,text_pca256_lexical_w005
45951,33,minibatch_k64,text_pca256_lexical_w005
45952,62,minibatch_k64,text_pca256_lexical_w005
45953,15,minibatch_k64,text_pca256_lexical_w005
45954,0,minibatch_k64,text_pca256_lexical_w005
45955,15,minibatch_k64,text_pca256_lexical_w005
45956,33,minibatch_k64,text_pca256_lexical_w005
45957,33,minibatch_k64,text_pca256_lexical_w005
45958,42,minibatch_k64,text_pca256_lexical_w005
45959,15,minibatch_k64,text_pca256_lexical_w005
45960,62,minibatch_k64,text_pca256_lexical_w005
45961,0,minibatch_k64,text_pca256_lexical_w005
45962,0,minibatch_k64,text_pca256_lexical_w005
45963,15,minibatch_k64,text_pca256_lexical_w005
45964,33,minibatch_k64,text_pca256_lexical_w005
45965,50,minibatch_k64,text_pca256_lexical_w005
45966,0,minibatch_k64,text_pca256_lexical_w005
45967,33,minibatch_k64,text_pca256_lexical_w005
45968,15,minibatch_k64,text_pca256_lexical_w005
45969,42,minibatch_k64,text_pca256_lexical_w005
45970,10,minibatch_k64,text_pca256_lexical_w005
45971,4,minibatch_k64,text_pca256_lexical_w005
45972,4,minibatch_k64,text_pca256_lexical_w005
45973,33,minibatch_k64,text_pca256_lexical_w005
45974,0,minibatch_k64,text_pca256_lexical_w005
45975,33,minibatch_k64,text_pca256_lexical_w005
45976,15,minibatch_k64,text_pca256_lexical_w005
45977,33,minibatch_k64,text_pca256_lexical_w005
45978,33,minibatch_k64,text_pca256_lexical_w005
45979,10,minibatch_k64,text_pca256_lexical_w005
45980,15,minibatch_k64,text_pca256_lexical_w005
45981,2,minibatch_k64,text_pca256_lexical_w005
45982,15,minibatch_k64,text_pca256_lexical_w005
45983,0,minibatch_k64,text_pca256_lexical_w005
45984,42,minibatch_k64,text_pca256_lexical_w005
45985,33,minibatch_k64,text_pca256_lexical_w005
45986,4,minibatch_k64,text_pca256_lexical_w005
45987,15,minibatch_k64,text_pca256_lexical_w005
45988,23,minibatch_k64,text_pca256_lexical_w005
45989,0,minibatch_k64,text_pca256_lexical_w005
45990,0,minibatch_k64,text_pca256_lexical_w005
45991,33,minibatch_k64,text_pca256_lexical_w005
45992,42,minibatch_k64,text_pca256_lexical_w005
45993,0,minibatch_k64,text_pca256_lexical_w005
45994,15,minibatch_k64,text_pca256_lexical_w005
45995,0,minibatch_k64,text_pca256_lexical_w005
45996,15,minibatch_k64,text_pca256_lexical_w005
45997,0,minibatch_k64,text_pca256_lexical_w005
45998,33,minibatch_k64,text_pca256_lexical_w005
45999,33,minibatch_k64,text_pca256_lexical_w005
46000,0,minibatch_k64,text_pca256_lexical_w005
46001,45,minibatch_k64,text_pca256_lexical_w005
46002,2,minibatch_k64,text_pca256_lexical_w005
46003,0,minibatch_k64,text_pca256_lexical_w005
46004,0,minibatch_k64,text_pca256_lexical_w005
46005,33,minibatch_k64,text_pca256_lexical_w005
46006,15,minibatch_k64,text_pca256_lexical_w005
46007,15,minibatch_k64,text_pca256_lexical_w005
46008,33,minibatch_k64,text_pca256_lexical_w005
46009,33,minibatch_k64,text_pca256_lexical_w005
46010,21,minibatch_k64,text_pca256_lexical_w005
46011,33,minibatch_k64,text_pca256_lexical_w005
46012,10,minibatch_k64,text_pca256_lexical_w005
46013,8,minibatch_k64,text_pca256_lexical_w005
46014,15,minibatch_k64,text_pca256_lexical_w005
46015,0,minibatch_k64,text_pca256_lexical_w005
46016,33,minibatch_k64,text_pca256_lexical_w005
46017,0,minibatch_k64,text_pca256_lexical_w005
46018,59,minibatch_k64,text_pca256_lexical_w005
46019,0,minibatch_k64,text_pca256_lexical_w005
46020,15,minibatch_k64,text_pca256_lexical_w005
46021,15,minibatch_k64,text_pca256_lexical_w005
46022,33,minibatch_k64,text_pca256_lexical_w005
46023,33,minibatch_k64,text_pca256_lexical_w005
46024,33,minibatch_k64,text_pca256_lexical_w005
46025,33,minibatch_k64,text_pca256_lexical_w005
46026,15,minibatch_k64,text_pca256_lexical_w005
46027,15,minibatch_k64,text_pca256_lexical_w005
46028,2,minibatch_k64,text_pca256_lexical_w005
46029,15,minibatch_k64,text_pca256_lexical_w005
46030,50,minibatch_k64,text_pca256_lexical_w005
46031,0,minibatch_k64,text_pca256_lexical_w005
46032,42,minibatch_k64,text_pca256_lexical_w005
46033,23,minibatch_k64,text_pca256_lexical_w005
46034,0,minibatch_k64,text_pca256_lexical_w005
46035,0,minibatch_k64,text_pca256_lexical_w005
46036,0,minibatch_k64,text_pca256_lexical_w005
46037,33,minibatch_k64,text_pca256_lexical_w005
46038,4,minibatch_k64,text_pca256_lexical_w005
46039,59,minibatch_k64,text_pca256_lexical_w005
46040,0,minibatch_k64,text_pca256_lexical_w005
46041,0,minibatch_k64,text_pca256_lexical_w005
46042,62,minibatch_k64,text_pca256_lexical_w005
46043,33,minibatch_k64,text_pca256_lexical_w005
46044,15,minibatch_k64,text_pca256_lexical_w005
46045,15,minibatch_k64,text_pca256_lexical_w005
46046,33,minibatch_k64,text_pca256_lexical_w005
46047,15,minibatch_k64,text_pca256_lexical_w005
46048,33,minibatch_k64,text_pca256_lexical_w005
46049,15,minibatch_k64,text_pca256_lexical_w005
46050,0,minibatch_k64,text_pca256_lexical_w005
46051,0,minibatch_k64,text_pca256_lexical_w005
46052,33,minibatch_k64,text_pca256_lexical_w005
46053,33,minibatch_k64,text_pca256_lexical_w005
46054,33,minibatch_k64,text_pca256_lexical_w005
46055,62,minibatch_k64,text_pca256_lexical_w005
46056,15,minibatch_k64,text_pca256_lexical_w005
46057,15,minibatch_k64,text_pca256_lexical_w005
46058,50,minibatch_k64,text_pca256_lexical_w005
46059,8,minibatch_k64,text_pca256_lexical_w005
46060,0,minibatch_k64,text_pca256_lexical_w005
46061,15,minibatch_k64,text_pca256_lexical_w005
46062,62,minibatch_k64,text_pca256_lexical_w005
46063,8,minibatch_k64,text_pca256_lexical_w005
46064,21,minibatch_k64,text_pca256_lexical_w005
46065,21,minibatch_k64,text_pca256_lexical_w005
46066,33,minibatch_k64,text_pca256_lexical_w005
46067,15,minibatch_k64,text_pca256_lexical_w005
46068,0,minibatch_k64,text_pca256_lexical_w005
46069,15,minibatch_k64,text_pca256_lexical_w005
46070,50,minibatch_k64,text_pca256_lexical_w005
46071,0,minibatch_k64,text_pca256_lexical_w005
46072,33,minibatch_k64,text_pca256_lexical_w005
46073,21,minibatch_k64,text_pca256_lexical_w005
46074,21,minibatch_k64,text_pca256_lexical_w005
46075,50,minibatch_k64,text_pca256_lexical_w005
46076,0,minibatch_k64,text_pca256_lexical_w005
46077,15,minibatch_k64,text_pca256_lexical_w005
46078,33,minibatch_k64,text_pca256_lexical_w005
46079,15,minibatch_k64,text_pca256_lexical_w005
46080,15,minibatch_k64,text_pca256_lexical_w005
46081,15,minibatch_k64,text_pca256_lexical_w005
46082,15,minibatch_k64,text_pca256_lexical_w005
46083,15,minibatch_k64,text_pca256_lexical_w005
46084,0,minibatch_k64,text_pca256_lexical_w005
46085,33,minibatch_k64,text_pca256_lexical_w005
46086,0,minibatch_k64,text_pca256_lexical_w005
46087,0,minibatch_k64,text_pca256_lexical_w005
46088,33,minibatch_k64,text_pca256_lexical_w005
46089,33,minibatch_k64,text_pca256_lexical_w005
46090,15,minibatch_k64,text_pca256_lexical_w005
46091,62,minibatch_k64,text_pca256_lexical_w005
46092,15,minibatch_k64,text_pca256_lexical_w005
46093,23,minibatch_k64,text_pca256_lexical_w005
46094,21,minibatch_k64,text_pca256_lexical_w005
46095,33,minibatch_k64,text_pca256_lexical_w005
46096,15,minibatch_k64,text_pca256_lexical_w005
46097,21,minibatch_k64,text_pca256_lexical_w005
46098,33,minibatch_k64,text_pca256_lexical_w005
46099,15,minibatch_k64,text_pca256_lexical_w005
46100,33,minibatch_k64,text_pca256_lexical_w005
46101,42,minibatch_k64,text_pca256_lexical_w005
46102,0,minibatch_k64,text_pca256_lexical_w005
46103,62,minibatch_k64,text_pca256_lexical_w005
46104,8,minibatch_k64,text_pca256_lexical_w005
46105,0,minibatch_k64,text_pca256_lexical_w005
46106,21,minibatch_k64,text_pca256_lexical_w005
46107,62,minibatch_k64,text_pca256_lexical_w005
46108,0,minibatch_k64,text_pca256_lexical_w005
46109,62,minibatch_k64,text_pca256_lexical_w005
46110,0,minibatch_k64,text_pca256_lexical_w005
46111,0,minibatch_k64,text_pca256_lexical_w005
46112,21,minibatch_k64,text_pca256_lexical_w005
46113,23,minibatch_k64,text_pca256_lexical_w005
46114,42,minibatch_k64,text_pca256_lexical_w005
46115,8,minibatch_k64,text_pca256_lexical_w005
46116,33,minibatch_k64,text_pca256_lexical_w005
46117,62,minibatch_k64,text_pca256_lexical_w005
46118,0,minibatch_k64,text_pca256_lexical_w005
46119,33,minibatch_k64,text_pca256_lexical_w005
46120,33,minibatch_k64,text_pca256_lexical_w005
46121,62,minibatch_k64,text_pca256_lexical_w005
46122,42,minibatch_k64,text_pca256_lexical_w005
46123,21,minibatch_k64,text_pca256_lexical_w005
46124,0,minibatch_k64,text_pca256_lexical_w005
46125,62,minibatch_k64,text_pca256_lexical_w005
46126,0,minibatch_k64,text_pca256_lexical_w005
46127,33,minibatch_k64,text_pca256_lexical_w005
46128,0,minibatch_k64,text_pca256_lexical_w005
46129,33,minibatch_k64,text_pca256_lexical_w005
46130,42,minibatch_k64,text_pca256_lexical_w005
46131,33,minibatch_k64,text_pca256_lexical_w005
46132,0,minibatch_k64,text_pca256_lexical_w005
46133,62,minibatch_k64,text_pca256_lexical_w005
46134,15,minibatch_k64,text_pca256_lexical_w005
46135,33,minibatch_k64,text_pca256_lexical_w005
46136,33,minibatch_k64,text_pca256_lexical_w005
46137,0,minibatch_k64,text_pca256_lexical_w005
46138,33,minibatch_k64,text_pca256_lexical_w005
46139,15,minibatch_k64,text_pca256_lexical_w005
46140,15,minibatch_k64,text_pca256_lexical_w005
46141,0,minibatch_k64,text_pca256_lexical_w005
46142,8,minibatch_k64,text_pca256_lexical_w005
46143,0,minibatch_k64,text_pca256_lexical_w005
46144,23,minibatch_k64,text_pca256_lexical_w005
46145,15,minibatch_k64,text_pca256_lexical_w005
46146,0,minibatch_k64,text_pca256_lexical_w005
46147,15,minibatch_k64,text_pca256_lexical_w005
46148,21,minibatch_k64,text_pca256_lexical_w005
46149,21,minibatch_k64,text_pca256_lexical_w005
46150,62,minibatch_k64,text_pca256_lexical_w005
46151,42,minibatch_k64,text_pca256_lexical_w005
46152,21,minibatch_k64,text_pca256_lexical_w005
46153,15,minibatch_k64,text_pca256_lexical_w005
46154,0,minibatch_k64,text_pca256_lexical_w005
46155,8,minibatch_k64,text_pca256_lexical_w005
46156,33,minibatch_k64,text_pca256_lexical_w005
46157,10,minibatch_k64,text_pca256_lexical_w005
46158,62,minibatch_k64,text_pca256_lexical_w005
46159,62,minibatch_k64,text_pca256_lexical_w005
46160,0,minibatch_k64,text_pca256_lexical_w005
46161,15,minibatch_k64,text_pca256_lexical_w005
46162,23,minibatch_k64,text_pca256_lexical_w005
46163,62,minibatch_k64,text_pca256_lexical_w005
46164,0,minibatch_k64,text_pca256_lexical_w005
46165,8,minibatch_k64,text_pca256_lexical_w005
46166,33,minibatch_k64,text_pca256_lexical_w005
46167,42,minibatch_k64,text_pca256_lexical_w005
46168,42,minibatch_k64,text_pca256_lexical_w005
46169,33,minibatch_k64,text_pca256_lexical_w005
46170,0,minibatch_k64,text_pca256_lexical_w005
46171,8,minibatch_k64,text_pca256_lexical_w005
46172,42,minibatch_k64,text_pca256_lexical_w005
46173,62,minibatch_k64,text_pca256_lexical_w005
46174,0,minibatch_k64,text_pca256_lexical_w005
46175,0,minibatch_k64,text_pca256_lexical_w005
46176,0,minibatch_k64,text_pca256_lexical_w005
46177,33,minibatch_k64,text_pca256_lexical_w005
46178,15,minibatch_k64,text_pca256_lexical_w005
46179,33,minibatch_k64,text_pca256_lexical_w005
46180,33,minibatch_k64,text_pca256_lexical_w005
46181,0,minibatch_k64,text_pca256_lexical_w005
46182,0,minibatch_k64,text_pca256_lexical_w005
46183,33,minibatch_k64,text_pca256_lexical_w005
46184,15,minibatch_k64,text_pca256_lexical_w005
46185,0,minibatch_k64,text_pca256_lexical_w005
46186,15,minibatch_k64,text_pca256_lexical_w005
46187,21,minibatch_k64,text_pca256_lexical_w005
46188,62,minibatch_k64,text_pca256_lexical_w005
46189,21,minibatch_k64,text_pca256_lexical_w005
46190,15,minibatch_k64,text_pca256_lexical_w005
46191,0,minibatch_k64,text_pca256_lexical_w005
46192,62,minibatch_k64,text_pca256_lexical_w005
46193,0,minibatch_k64,text_pca256_lexical_w005
46194,15,minibatch_k64,text_pca256_lexical_w005
46195,0,minibatch_k64,text_pca256_lexical_w005
46196,42,minibatch_k64,text_pca256_lexical_w005
46197,62,minibatch_k64,text_pca256_lexical_w005
46198,33,minibatch_k64,text_pca256_lexical_w005
46199,21,minibatch_k64,text_pca256_lexical_w005
46200,62,minibatch_k64,text_pca256_lexical_w005
46201,4,minibatch_k64,text_pca256_lexical_w005
46202,0,minibatch_k64,text_pca256_lexical_w005
46203,33,minibatch_k64,text_pca256_lexical_w005
46204,33,minibatch_k64,text_pca256_lexical_w005
46205,0,minibatch_k64,text_pca256_lexical_w005
46206,0,minibatch_k64,text_pca256_lexical_w005
46207,2,minibatch_k64,text_pca256_lexical_w005
46208,0,minibatch_k64,text_pca256_lexical_w005
46209,21,minibatch_k64,text_pca256_lexical_w005
46210,0,minibatch_k64,text_pca256_lexical_w005
46211,62,minibatch_k64,text_pca256_lexical_w005
46212,8,minibatch_k64,text_pca256_lexical_w005
46213,42,minibatch_k64,text_pca256_lexical_w005
46214,0,minibatch_k64,text_pca256_lexical_w005
46215,21,minibatch_k64,text_pca256_lexical_w005
46216,0,minibatch_k64,text_pca256_lexical_w005
46217,0,minibatch_k64,text_pca256_lexical_w005
46218,33,minibatch_k64,text_pca256_lexical_w005
46219,0,minibatch_k64,text_pca256_lexical_w005
46220,56,minibatch_k64,text_pca256_lexical_w005
46221,0,minibatch_k64,text_pca256_lexical_w005
46222,62,minibatch_k64,text_pca256_lexical_w005
46223,33,minibatch_k64,text_pca256_lexical_w005
46224,33,minibatch_k64,text_pca256_lexical_w005
46225,33,minibatch_k64,text_pca256_lexical_w005
46226,62,minibatch_k64,text_pca256_lexical_w005
46227,2,minibatch_k64,text_pca256_lexical_w005
46228,2,minibatch_k64,text_pca256_lexical_w005
46229,15,minibatch_k64,text_pca256_lexical_w005
46230,21,minibatch_k64,text_pca256_lexical_w005
46231,4,minibatch_k64,text_pca256_lexical_w005
46232,42,minibatch_k64,text_pca256_lexical_w005
46233,15,minibatch_k64,text_pca256_lexical_w005
46234,33,minibatch_k64,text_pca256_lexical_w005
46235,10,minibatch_k64,text_pca256_lexical_w005
46236,10,minibatch_k64,text_pca256_lexical_w005
46237,4,minibatch_k64,text_pca256_lexical_w005
46238,62,minibatch_k64,text_pca256_lexical_w005
46239,0,minibatch_k64,text_pca256_lexical_w005
46240,10,minibatch_k64,text_pca256_lexical_w005
46241,15,minibatch_k64,text_pca256_lexical_w005
46242,33,minibatch_k64,text_pca256_lexical_w005
46243,4,minibatch_k64,text_pca256_lexical_w005
46244,42,minibatch_k64,text_pca256_lexical_w005
46245,33,minibatch_k64,text_pca256_lexical_w005
46246,0,minibatch_k64,text_pca256_lexical_w005
46247,15,minibatch_k64,text_pca256_lexical_w005
46248,8,minibatch_k64,text_pca256_lexical_w005
46249,0,minibatch_k64,text_pca256_lexical_w005
46250,0,minibatch_k64,text_pca256_lexical_w005
46251,33,minibatch_k64,text_pca256_lexical_w005
46252,33,minibatch_k64,text_pca256_lexical_w005
46253,0,minibatch_k64,text_pca256_lexical_w005
46254,21,minibatch_k64,text_pca256_lexical_w005
46255,56,minibatch_k64,text_pca256_lexical_w005
46256,33,minibatch_k64,text_pca256_lexical_w005
46257,21,minibatch_k64,text_pca256_lexical_w005
46258,4,minibatch_k64,text_pca256_lexical_w005
46259,2,minibatch_k64,text_pca256_lexical_w005
46260,0,minibatch_k64,text_pca256_lexical_w005
46261,15,minibatch_k64,text_pca256_lexical_w005
46262,33,minibatch_k64,text_pca256_lexical_w005
46263,15,minibatch_k64,text_pca256_lexical_w005
46264,8,minibatch_k64,text_pca256_lexical_w005
46265,42,minibatch_k64,text_pca256_lexical_w005
46266,15,minibatch_k64,text_pca256_lexical_w005
46267,62,minibatch_k64,text_pca256_lexical_w005
46268,0,minibatch_k64,text_pca256_lexical_w005
46269,33,minibatch_k64,text_pca256_lexical_w005
46270,0,minibatch_k64,text_pca256_lexical_w005
46271,33,minibatch_k64,text_pca256_lexical_w005
46272,0,minibatch_k64,text_pca256_lexical_w005
46273,33,minibatch_k64,text_pca256_lexical_w005
46274,0,minibatch_k64,text_pca256_lexical_w005
46275,33,minibatch_k64,text_pca256_lexical_w005
46276,8,minibatch_k64,text_pca256_lexical_w005
46277,62,minibatch_k64,text_pca256_lexical_w005
46278,33,minibatch_k64,text_pca256_lexical_w005
46279,0,minibatch_k64,text_pca256_lexical_w005
46280,45,minibatch_k64,text_pca256_lexical_w005
46281,8,minibatch_k64,text_pca256_lexical_w005
46282,33,minibatch_k64,text_pca256_lexical_w005
46283,21,minibatch_k64,text_pca256_lexical_w005
46284,0,minibatch_k64,text_pca256_lexical_w005
46285,62,minibatch_k64,text_pca256_lexical_w005
46286,0,minibatch_k64,text_pca256_lexical_w005
46287,33,minibatch_k64,text_pca256_lexical_w005
46288,21,minibatch_k64,text_pca256_lexical_w005
46289,33,minibatch_k64,text_pca256_lexical_w005
46290,62,minibatch_k64,text_pca256_lexical_w005
46291,33,minibatch_k64,text_pca256_lexical_w005
46292,0,minibatch_k64,text_pca256_lexical_w005
46293,8,minibatch_k64,text_pca256_lexical_w005
46294,62,minibatch_k64,text_pca256_lexical_w005
46295,0,minibatch_k64,text_pca256_lexical_w005
46296,33,minibatch_k64,text_pca256_lexical_w005
46297,33,minibatch_k64,text_pca256_lexical_w005
46298,0,minibatch_k64,text_pca256_lexical_w005
46299,42,minibatch_k64,text_pca256_lexical_w005
46300,62,minibatch_k64,text_pca256_lexical_w005
46301,15,minibatch_k64,text_pca256_lexical_w005
46302,21,minibatch_k64,text_pca256_lexical_w005
46303,42,minibatch_k64,text_pca256_lexical_w005
46304,8,minibatch_k64,text_pca256_lexical_w005
46305,0,minibatch_k64,text_pca256_lexical_w005
46306,56,minibatch_k64,text_pca256_lexical_w005
46307,33,minibatch_k64,text_pca256_lexical_w005
46308,42,minibatch_k64,text_pca256_lexical_w005
46309,0,minibatch_k64,text_pca256_lexical_w005
46310,10,minibatch_k64,text_pca256_lexical_w005
46311,15,minibatch_k64,text_pca256_lexical_w005
46312,62,minibatch_k64,text_pca256_lexical_w005
46313,0,minibatch_k64,text_pca256_lexical_w005
46314,0,minibatch_k64,text_pca256_lexical_w005
46315,33,minibatch_k64,text_pca256_lexical_w005
46316,33,minibatch_k64,text_pca256_lexical_w005
46317,50,minibatch_k64,text_pca256_lexical_w005
46318,42,minibatch_k64,text_pca256_lexical_w005
46319,0,minibatch_k64,text_pca256_lexical_w005
46320,62,minibatch_k64,text_pca256_lexical_w005
46321,15,minibatch_k64,text_pca256_lexical_w005
46322,62,minibatch_k64,text_pca256_lexical_w005
46323,15,minibatch_k64,text_pca256_lexical_w005
46324,0,minibatch_k64,text_pca256_lexical_w005
46325,21,minibatch_k64,text_pca256_lexical_w005
46326,8,minibatch_k64,text_pca256_lexical_w005
46327,33,minibatch_k64,text_pca256_lexical_w005
46328,33,minibatch_k64,text_pca256_lexical_w005
46329,33,minibatch_k64,text_pca256_lexical_w005
46330,33,minibatch_k64,text_pca256_lexical_w005
46331,15,minibatch_k64,text_pca256_lexical_w005
46332,0,minibatch_k64,text_pca256_lexical_w005
46333,33,minibatch_k64,text_pca256_lexical_w005
46334,62,minibatch_k64,text_pca256_lexical_w005
46335,33,minibatch_k64,text_pca256_lexical_w005
46336,8,minibatch_k64,text_pca256_lexical_w005
46337,42,minibatch_k64,text_pca256_lexical_w005
46338,15,minibatch_k64,text_pca256_lexical_w005
46339,15,minibatch_k64,text_pca256_lexical_w005
46340,0,minibatch_k64,text_pca256_lexical_w005
46341,0,minibatch_k64,text_pca256_lexical_w005
46342,33,minibatch_k64,text_pca256_lexical_w005
46343,0,minibatch_k64,text_pca256_lexical_w005
46344,62,minibatch_k64,text_pca256_lexical_w005
46345,10,minibatch_k64,text_pca256_lexical_w005
46346,15,minibatch_k64,text_pca256_lexical_w005
46347,62,minibatch_k64,text_pca256_lexical_w005
46348,15,minibatch_k64,text_pca256_lexical_w005
46349,59,minibatch_k64,text_pca256_lexical_w005
46350,33,minibatch_k64,text_pca256_lexical_w005
46351,15,minibatch_k64,text_pca256_lexical_w005
46352,42,minibatch_k64,text_pca256_lexical_w005
46353,33,minibatch_k64,text_pca256_lexical_w005
46354,33,minibatch_k64,text_pca256_lexical_w005
46355,21,minibatch_k64,text_pca256_lexical_w005
46356,21,minibatch_k64,text_pca256_lexical_w005
46357,2,minibatch_k64,text_pca256_lexical_w005
46358,33,minibatch_k64,text_pca256_lexical_w005
46359,33,minibatch_k64,text_pca256_lexical_w005
46360,33,minibatch_k64,text_pca256_lexical_w005
46361,15,minibatch_k64,text_pca256_lexical_w005
46362,62,minibatch_k64,text_pca256_lexical_w005
46363,21,minibatch_k64,text_pca256_lexical_w005
46364,0,minibatch_k64,text_pca256_lexical_w005
46365,42,minibatch_k64,text_pca256_lexical_w005
46366,10,minibatch_k64,text_pca256_lexical_w005
46367,0,minibatch_k64,text_pca256_lexical_w005
46368,0,minibatch_k64,text_pca256_lexical_w005
46369,15,minibatch_k64,text_pca256_lexical_w005
46370,0,minibatch_k64,text_pca256_lexical_w005
46371,33,minibatch_k64,text_pca256_lexical_w005
46372,0,minibatch_k64,text_pca256_lexical_w005
46373,33,minibatch_k64,text_pca256_lexical_w005
46374,33,minibatch_k64,text_pca256_lexical_w005
46375,33,minibatch_k64,text_pca256_lexical_w005
46376,2,minibatch_k64,text_pca256_lexical_w005
46377,33,minibatch_k64,text_pca256_lexical_w005
46378,4,minibatch_k64,text_pca256_lexical_w005
46379,33,minibatch_k64,text_pca256_lexical_w005
46380,15,minibatch_k64,text_pca256_lexical_w005
46381,33,minibatch_k64,text_pca256_lexical_w005
46382,21,minibatch_k64,text_pca256_lexical_w005
46383,15,minibatch_k64,text_pca256_lexical_w005
46384,0,minibatch_k64,text_pca256_lexical_w005
46385,62,minibatch_k64,text_pca256_lexical_w005
46386,33,minibatch_k64,text_pca256_lexical_w005
46387,0,minibatch_k64,text_pca256_lexical_w005
46388,21,minibatch_k64,text_pca256_lexical_w005
46389,42,minibatch_k64,text_pca256_lexical_w005
46390,42,minibatch_k64,text_pca256_lexical_w005
46391,15,minibatch_k64,text_pca256_lexical_w005
46392,0,minibatch_k64,text_pca256_lexical_w005
46393,33,minibatch_k64,text_pca256_lexical_w005
46394,62,minibatch_k64,text_pca256_lexical_w005
46395,0,minibatch_k64,text_pca256_lexical_w005
46396,15,minibatch_k64,text_pca256_lexical_w005
46397,15,minibatch_k64,text_pca256_lexical_w005
46398,42,minibatch_k64,text_pca256_lexical_w005
46399,0,minibatch_k64,text_pca256_lexical_w005
46400,50,minibatch_k64,text_pca256_lexical_w005
46401,33,minibatch_k64,text_pca256_lexical_w005
46402,15,minibatch_k64,text_pca256_lexical_w005
46403,0,minibatch_k64,text_pca256_lexical_w005
46404,0,minibatch_k64,text_pca256_lexical_w005
46405,23,minibatch_k64,text_pca256_lexical_w005
46406,42,minibatch_k64,text_pca256_lexical_w005
46407,8,minibatch_k64,text_pca256_lexical_w005
46408,33,minibatch_k64,text_pca256_lexical_w005
46409,0,minibatch_k64,text_pca256_lexical_w005
46410,62,minibatch_k64,text_pca256_lexical_w005
46411,62,minibatch_k64,text_pca256_lexical_w005
46412,15,minibatch_k64,text_pca256_lexical_w005
46413,0,minibatch_k64,text_pca256_lexical_w005
46414,0,minibatch_k64,text_pca256_lexical_w005
46415,0,minibatch_k64,text_pca256_lexical_w005
46416,33,minibatch_k64,text_pca256_lexical_w005
46417,33,minibatch_k64,text_pca256_lexical_w005
46418,0,minibatch_k64,text_pca256_lexical_w005
46419,15,minibatch_k64,text_pca256_lexical_w005
46420,33,minibatch_k64,text_pca256_lexical_w005
46421,33,minibatch_k64,text_pca256_lexical_w005
46422,0,minibatch_k64,text_pca256_lexical_w005
46423,33,minibatch_k64,text_pca256_lexical_w005
46424,0,minibatch_k64,text_pca256_lexical_w005
46425,15,minibatch_k64,text_pca256_lexical_w005
46426,33,minibatch_k64,text_pca256_lexical_w005
46427,33,minibatch_k64,text_pca256_lexical_w005
46428,0,minibatch_k64,text_pca256_lexical_w005
46429,21,minibatch_k64,text_pca256_lexical_w005
46430,0,minibatch_k64,text_pca256_lexical_w005
46431,61,minibatch_k64,text_pca256_lexical_w005
46432,42,minibatch_k64,text_pca256_lexical_w005
46433,0,minibatch_k64,text_pca256_lexical_w005
46434,15,minibatch_k64,text_pca256_lexical_w005
46435,50,minibatch_k64,text_pca256_lexical_w005
46436,0,minibatch_k64,text_pca256_lexical_w005
46437,8,minibatch_k64,text_pca256_lexical_w005
46438,33,minibatch_k64,text_pca256_lexical_w005
46439,21,minibatch_k64,text_pca256_lexical_w005
46440,33,minibatch_k64,text_pca256_lexical_w005
46441,33,minibatch_k64,text_pca256_lexical_w005
46442,33,minibatch_k64,text_pca256_lexical_w005
46443,0,minibatch_k64,text_pca256_lexical_w005
46444,8,minibatch_k64,text_pca256_lexical_w005
46445,33,minibatch_k64,text_pca256_lexical_w005
46446,33,minibatch_k64,text_pca256_lexical_w005
46447,62,minibatch_k64,text_pca256_lexical_w005
46448,15,minibatch_k64,text_pca256_lexical_w005
46449,33,minibatch_k64,text_pca256_lexical_w005
46450,33,minibatch_k64,text_pca256_lexical_w005
46451,62,minibatch_k64,text_pca256_lexical_w005
46452,8,minibatch_k64,text_pca256_lexical_w005
46453,33,minibatch_k64,text_pca256_lexical_w005
46454,62,minibatch_k64,text_pca256_lexical_w005
46455,15,minibatch_k64,text_pca256_lexical_w005
46456,0,minibatch_k64,text_pca256_lexical_w005
46457,8,minibatch_k64,text_pca256_lexical_w005
46458,33,minibatch_k64,text_pca256_lexical_w005
46459,62,minibatch_k64,text_pca256_lexical_w005
46460,33,minibatch_k64,text_pca256_lexical_w005
46461,62,minibatch_k64,text_pca256_lexical_w005
46462,0,minibatch_k64,text_pca256_lexical_w005
46463,15,minibatch_k64,text_pca256_lexical_w005
46464,50,minibatch_k64,text_pca256_lexical_w005
46465,62,minibatch_k64,text_pca256_lexical_w005
46466,33,minibatch_k64,text_pca256_lexical_w005
46467,15,minibatch_k64,text_pca256_lexical_w005
46468,33,minibatch_k64,text_pca256_lexical_w005
46469,15,minibatch_k64,text_pca256_lexical_w005
46470,33,minibatch_k64,text_pca256_lexical_w005
46471,33,minibatch_k64,text_pca256_lexical_w005
46472,62,minibatch_k64,text_pca256_lexical_w005
46473,62,minibatch_k64,text_pca256_lexical_w005
46474,0,minibatch_k64,text_pca256_lexical_w005
46475,59,minibatch_k64,text_pca256_lexical_w005
46476,0,minibatch_k64,text_pca256_lexical_w005
46477,0,minibatch_k64,text_pca256_lexical_w005
46478,8,minibatch_k64,text_pca256_lexical_w005
46479,62,minibatch_k64,text_pca256_lexical_w005
46480,8,minibatch_k64,text_pca256_lexical_w005
46481,33,minibatch_k64,text_pca256_lexical_w005
46482,0,minibatch_k64,text_pca256_lexical_w005
46483,33,minibatch_k64,text_pca256_lexical_w005
46484,33,minibatch_k64,text_pca256_lexical_w005
46485,0,minibatch_k64,text_pca256_lexical_w005
46486,33,minibatch_k64,text_pca256_lexical_w005
46487,15,minibatch_k64,text_pca256_lexical_w005
46488,0,minibatch_k64,text_pca256_lexical_w005
46489,15,minibatch_k64,text_pca256_lexical_w005
46490,33,minibatch_k64,text_pca256_lexical_w005
46491,62,minibatch_k64,text_pca256_lexical_w005
46492,0,minibatch_k64,text_pca256_lexical_w005
46493,15,minibatch_k64,text_pca256_lexical_w005
46494,42,minibatch_k64,text_pca256_lexical_w005
46495,62,minibatch_k64,text_pca256_lexical_w005
46496,0,minibatch_k64,text_pca256_lexical_w005
46497,42,minibatch_k64,text_pca256_lexical_w005
46498,33,minibatch_k64,text_pca256_lexical_w005
46499,23,minibatch_k64,text_pca256_lexical_w005
46500,33,minibatch_k64,text_pca256_lexical_w005
46501,15,minibatch_k64,text_pca256_lexical_w005
46502,23,minibatch_k64,text_pca256_lexical_w005
46503,15,minibatch_k64,text_pca256_lexical_w005
46504,10,minibatch_k64,text_pca256_lexical_w005
46505,62,minibatch_k64,text_pca256_lexical_w005
46506,33,minibatch_k64,text_pca256_lexical_w005
46507,39,minibatch_k64,text_pca256_lexical_w005
46508,62,minibatch_k64,text_pca256_lexical_w005
46509,15,minibatch_k64,text_pca256_lexical_w005
46510,15,minibatch_k64,text_pca256_lexical_w005
46511,21,minibatch_k64,text_pca256_lexical_w005
46512,33,minibatch_k64,text_pca256_lexical_w005
46513,33,minibatch_k64,text_pca256_lexical_w005
46514,33,minibatch_k64,text_pca256_lexical_w005
46515,62,minibatch_k64,text_pca256_lexical_w005
46516,50,minibatch_k64,text_pca256_lexical_w005
46517,15,minibatch_k64,text_pca256_lexical_w005
46518,33,minibatch_k64,text_pca256_lexical_w005
46519,33,minibatch_k64,text_pca256_lexical_w005
46520,15,minibatch_k64,text_pca256_lexical_w005
46521,10,minibatch_k64,text_pca256_lexical_w005
46522,21,minibatch_k64,text_pca256_lexical_w005
46523,0,minibatch_k64,text_pca256_lexical_w005
46524,33,minibatch_k64,text_pca256_lexical_w005
46525,21,minibatch_k64,text_pca256_lexical_w005
46526,62,minibatch_k64,text_pca256_lexical_w005
46527,33,minibatch_k64,text_pca256_lexical_w005
46528,0,minibatch_k64,text_pca256_lexical_w005
46529,15,minibatch_k64,text_pca256_lexical_w005
46530,33,minibatch_k64,text_pca256_lexical_w005
46531,8,minibatch_k64,text_pca256_lexical_w005
46532,21,minibatch_k64,text_pca256_lexical_w005
46533,8,minibatch_k64,text_pca256_lexical_w005
46534,50,minibatch_k64,text_pca256_lexical_w005
46535,15,minibatch_k64,text_pca256_lexical_w005
46536,62,minibatch_k64,text_pca256_lexical_w005
46537,10,minibatch_k64,text_pca256_lexical_w005
46538,42,minibatch_k64,text_pca256_lexical_w005
46539,10,minibatch_k64,text_pca256_lexical_w005
46540,15,minibatch_k64,text_pca256_lexical_w005
46541,33,minibatch_k64,text_pca256_lexical_w005
46542,15,minibatch_k64,text_pca256_lexical_w005
46543,15,minibatch_k64,text_pca256_lexical_w005
46544,62,minibatch_k64,text_pca256_lexical_w005
46545,8,minibatch_k64,text_pca256_lexical_w005
46546,33,minibatch_k64,text_pca256_lexical_w005
46547,62,minibatch_k64,text_pca256_lexical_w005
46548,33,minibatch_k64,text_pca256_lexical_w005
46549,10,minibatch_k64,text_pca256_lexical_w005
46550,21,minibatch_k64,text_pca256_lexical_w005
46551,8,minibatch_k64,text_pca256_lexical_w005
46552,0,minibatch_k64,text_pca256_lexical_w005
46553,8,minibatch_k64,text_pca256_lexical_w005
46554,21,minibatch_k64,text_pca256_lexical_w005
46555,15,minibatch_k64,text_pca256_lexical_w005
46556,15,minibatch_k64,text_pca256_lexical_w005
46557,15,minibatch_k64,text_pca256_lexical_w005
46558,50,minibatch_k64,text_pca256_lexical_w005
46559,15,minibatch_k64,text_pca256_lexical_w005
46560,0,minibatch_k64,text_pca256_lexical_w005
46561,62,minibatch_k64,text_pca256_lexical_w005
46562,15,minibatch_k64,text_pca256_lexical_w005
46563,42,minibatch_k64,text_pca256_lexical_w005
46564,0,minibatch_k64,text_pca256_lexical_w005
46565,15,minibatch_k64,text_pca256_lexical_w005
46566,0,minibatch_k64,text_pca256_lexical_w005
46567,0,minibatch_k64,text_pca256_lexical_w005
46568,42,minibatch_k64,text_pca256_lexical_w005
46569,21,minibatch_k64,text_pca256_lexical_w005
46570,0,minibatch_k64,text_pca256_lexical_w005
46571,2,minibatch_k64,text_pca256_lexical_w005
46572,0,minibatch_k64,text_pca256_lexical_w005
46573,15,minibatch_k64,text_pca256_lexical_w005
46574,21,minibatch_k64,text_pca256_lexical_w005
46575,33,minibatch_k64,text_pca256_lexical_w005
46576,0,minibatch_k64,text_pca256_lexical_w005
46577,15,minibatch_k64,text_pca256_lexical_w005
46578,4,minibatch_k64,text_pca256_lexical_w005
46579,33,minibatch_k64,text_pca256_lexical_w005
46580,15,minibatch_k64,text_pca256_lexical_w005
46581,33,minibatch_k64,text_pca256_lexical_w005
46582,15,minibatch_k64,text_pca256_lexical_w005
46583,0,minibatch_k64,text_pca256_lexical_w005
46584,0,minibatch_k64,text_pca256_lexical_w005
46585,4,minibatch_k64,text_pca256_lexical_w005
46586,0,minibatch_k64,text_pca256_lexical_w005
46587,0,minibatch_k64,text_pca256_lexical_w005
46588,33,minibatch_k64,text_pca256_lexical_w005
46589,62,minibatch_k64,text_pca256_lexical_w005
46590,15,minibatch_k64,text_pca256_lexical_w005
46591,62,minibatch_k64,text_pca256_lexical_w005
46592,8,minibatch_k64,text_pca256_lexical_w005
46593,21,minibatch_k64,text_pca256_lexical_w005
46594,21,minibatch_k64,text_pca256_lexical_w005
46595,33,minibatch_k64,text_pca256_lexical_w005
46596,62,minibatch_k64,text_pca256_lexical_w005
46597,0,minibatch_k64,text_pca256_lexical_w005
46598,42,minibatch_k64,text_pca256_lexical_w005
46599,62,minibatch_k64,text_pca256_lexical_w005
46600,0,minibatch_k64,text_pca256_lexical_w005
46601,8,minibatch_k64,text_pca256_lexical_w005
46602,62,minibatch_k64,text_pca256_lexical_w005
46603,33,minibatch_k64,text_pca256_lexical_w005
46604,0,minibatch_k64,text_pca256_lexical_w005
46605,15,minibatch_k64,text_pca256_lexical_w005
46606,33,minibatch_k64,text_pca256_lexical_w005
46607,62,minibatch_k64,text_pca256_lexical_w005
46608,21,minibatch_k64,text_pca256_lexical_w005
46609,15,minibatch_k64,text_pca256_lexical_w005
46610,8,minibatch_k64,text_pca256_lexical_w005
46611,4,minibatch_k64,text_pca256_lexical_w005
46612,10,minibatch_k64,text_pca256_lexical_w005
46613,0,minibatch_k64,text_pca256_lexical_w005
46614,15,minibatch_k64,text_pca256_lexical_w005
46615,33,minibatch_k64,text_pca256_lexical_w005
46616,15,minibatch_k64,text_pca256_lexical_w005
46617,0,minibatch_k64,text_pca256_lexical_w005
46618,10,minibatch_k64,text_pca256_lexical_w005
46619,62,minibatch_k64,text_pca256_lexical_w005
46620,2,minibatch_k64,text_pca256_lexical_w005
46621,0,minibatch_k64,text_pca256_lexical_w005
46622,15,minibatch_k64,text_pca256_lexical_w005
46623,15,minibatch_k64,text_pca256_lexical_w005
46624,15,minibatch_k64,text_pca256_lexical_w005
46625,33,minibatch_k64,text_pca256_lexical_w005
46626,8,minibatch_k64,text_pca256_lexical_w005
46627,10,minibatch_k64,text_pca256_lexical_w005
46628,33,minibatch_k64,text_pca256_lexical_w005
46629,15,minibatch_k64,text_pca256_lexical_w005
46630,33,minibatch_k64,text_pca256_lexical_w005
46631,42,minibatch_k64,text_pca256_lexical_w005
46632,15,minibatch_k64,text_pca256_lexical_w005
46633,15,minibatch_k64,text_pca256_lexical_w005
46634,33,minibatch_k64,text_pca256_lexical_w005
46635,33,minibatch_k64,text_pca256_lexical_w005
46636,0,minibatch_k64,text_pca256_lexical_w005
46637,59,minibatch_k64,text_pca256_lexical_w005
46638,8,minibatch_k64,text_pca256_lexical_w005
46639,0,minibatch_k64,text_pca256_lexical_w005
46640,0,minibatch_k64,text_pca256_lexical_w005
46641,33,minibatch_k64,text_pca256_lexical_w005
46642,0,minibatch_k64,text_pca256_lexical_w005
46643,15,minibatch_k64,text_pca256_lexical_w005
46644,0,minibatch_k64,text_pca256_lexical_w005
46645,33,minibatch_k64,text_pca256_lexical_w005
46646,15,minibatch_k64,text_pca256_lexical_w005
46647,15,minibatch_k64,text_pca256_lexical_w005
46648,42,minibatch_k64,text_pca256_lexical_w005
46649,62,minibatch_k64,text_pca256_lexical_w005
46650,0,minibatch_k64,text_pca256_lexical_w005
46651,15,minibatch_k64,text_pca256_lexical_w005
46652,4,minibatch_k64,text_pca256_lexical_w005
46653,0,minibatch_k64,text_pca256_lexical_w005
46654,33,minibatch_k64,text_pca256_lexical_w005
46655,62,minibatch_k64,text_pca256_lexical_w005
46656,0,minibatch_k64,text_pca256_lexical_w005
46657,42,minibatch_k64,text_pca256_lexical_w005
46658,0,minibatch_k64,text_pca256_lexical_w005
46659,15,minibatch_k64,text_pca256_lexical_w005
46660,15,minibatch_k64,text_pca256_lexical_w005
46661,10,minibatch_k64,text_pca256_lexical_w005
46662,62,minibatch_k64,text_pca256_lexical_w005
46663,33,minibatch_k64,text_pca256_lexical_w005
46664,0,minibatch_k64,text_pca256_lexical_w005
46665,0,minibatch_k64,text_pca256_lexical_w005
46666,0,minibatch_k64,text_pca256_lexical_w005
46667,2,minibatch_k64,text_pca256_lexical_w005
46668,0,minibatch_k64,text_pca256_lexical_w005
46669,10,minibatch_k64,text_pca256_lexical_w005
46670,21,minibatch_k64,text_pca256_lexical_w005
46671,62,minibatch_k64,text_pca256_lexical_w005
46672,0,minibatch_k64,text_pca256_lexical_w005
46673,0,minibatch_k64,text_pca256_lexical_w005
46674,39,minibatch_k64,text_pca256_lexical_w005
46675,21,minibatch_k64,text_pca256_lexical_w005
46676,15,minibatch_k64,text_pca256_lexical_w005
46677,33,minibatch_k64,text_pca256_lexical_w005
46678,62,minibatch_k64,text_pca256_lexical_w005
46679,62,minibatch_k64,text_pca256_lexical_w005
46680,33,minibatch_k64,text_pca256_lexical_w005
46681,21,minibatch_k64,text_pca256_lexical_w005
46682,56,minibatch_k64,text_pca256_lexical_w005
46683,15,minibatch_k64,text_pca256_lexical_w005
46684,62,minibatch_k64,text_pca256_lexical_w005
46685,33,minibatch_k64,text_pca256_lexical_w005
46686,15,minibatch_k64,text_pca256_lexical_w005
46687,33,minibatch_k64,text_pca256_lexical_w005
46688,15,minibatch_k64,text_pca256_lexical_w005
46689,15,minibatch_k64,text_pca256_lexical_w005
46690,62,minibatch_k64,text_pca256_lexical_w005
46691,15,minibatch_k64,text_pca256_lexical_w005
46692,0,minibatch_k64,text_pca256_lexical_w005
46693,15,minibatch_k64,text_pca256_lexical_w005
46694,15,minibatch_k64,text_pca256_lexical_w005
46695,8,minibatch_k64,text_pca256_lexical_w005
46696,15,minibatch_k64,text_pca256_lexical_w005
46697,15,minibatch_k64,text_pca256_lexical_w005
46698,4,minibatch_k64,text_pca256_lexical_w005
46699,33,minibatch_k64,text_pca256_lexical_w005
46700,0,minibatch_k64,text_pca256_lexical_w005
46701,10,minibatch_k64,text_pca256_lexical_w005
46702,39,minibatch_k64,text_pca256_lexical_w005
46703,39,minibatch_k64,text_pca256_lexical_w005
46704,15,minibatch_k64,text_pca256_lexical_w005
46705,62,minibatch_k64,text_pca256_lexical_w005
46706,33,minibatch_k64,text_pca256_lexical_w005
46707,0,minibatch_k64,text_pca256_lexical_w005
46708,8,minibatch_k64,text_pca256_lexical_w005
46709,0,minibatch_k64,text_pca256_lexical_w005
46710,33,minibatch_k64,text_pca256_lexical_w005
46711,33,minibatch_k64,text_pca256_lexical_w005
46712,0,minibatch_k64,text_pca256_lexical_w005
46713,33,minibatch_k64,text_pca256_lexical_w005
46714,33,minibatch_k64,text_pca256_lexical_w005
46715,10,minibatch_k64,text_pca256_lexical_w005
46716,33,minibatch_k64,text_pca256_lexical_w005
46717,33,minibatch_k64,text_pca256_lexical_w005
46718,21,minibatch_k64,text_pca256_lexical_w005
46719,0,minibatch_k64,text_pca256_lexical_w005
46720,33,minibatch_k64,text_pca256_lexical_w005
46721,0,minibatch_k64,text_pca256_lexical_w005
46722,33,minibatch_k64,text_pca256_lexical_w005
46723,62,minibatch_k64,text_pca256_lexical_w005
46724,0,minibatch_k64,text_pca256_lexical_w005
46725,33,minibatch_k64,text_pca256_lexical_w005
46726,33,minibatch_k64,text_pca256_lexical_w005
46727,62,minibatch_k64,text_pca256_lexical_w005
46728,0,minibatch_k64,text_pca256_lexical_w005
46729,42,minibatch_k64,text_pca256_lexical_w005
46730,0,minibatch_k64,text_pca256_lexical_w005
46731,15,minibatch_k64,text_pca256_lexical_w005
46732,33,minibatch_k64,text_pca256_lexical_w005
46733,33,minibatch_k64,text_pca256_lexical_w005
46734,33,minibatch_k64,text_pca256_lexical_w005
46735,62,minibatch_k64,text_pca256_lexical_w005
46736,0,minibatch_k64,text_pca256_lexical_w005
46737,8,minibatch_k64,text_pca256_lexical_w005
46738,4,minibatch_k64,text_pca256_lexical_w005
46739,15,minibatch_k64,text_pca256_lexical_w005
46740,42,minibatch_k64,text_pca256_lexical_w005
46741,0,minibatch_k64,text_pca256_lexical_w005
46742,0,minibatch_k64,text_pca256_lexical_w005
46743,33,minibatch_k64,text_pca256_lexical_w005
46744,33,minibatch_k64,text_pca256_lexical_w005
46745,33,minibatch_k64,text_pca256_lexical_w005
46746,58,minibatch_k64,text_pca256_lexical_w005
46747,0,minibatch_k64,text_pca256_lexical_w005
46748,33,minibatch_k64,text_pca256_lexical_w005
46749,33,minibatch_k64,text_pca256_lexical_w005
46750,0,minibatch_k64,text_pca256_lexical_w005
46751,33,minibatch_k64,text_pca256_lexical_w005
46752,33,minibatch_k64,text_pca256_lexical_w005
46753,62,minibatch_k64,text_pca256_lexical_w005
46754,42,minibatch_k64,text_pca256_lexical_w005
46755,33,minibatch_k64,text_pca256_lexical_w005
46756,2,minibatch_k64,text_pca256_lexical_w005
46757,15,minibatch_k64,text_pca256_lexical_w005
46758,0,minibatch_k64,text_pca256_lexical_w005
46759,33,minibatch_k64,text_pca256_lexical_w005
46760,8,minibatch_k64,text_pca256_lexical_w005
46761,21,minibatch_k64,text_pca256_lexical_w005
46762,33,minibatch_k64,text_pca256_lexical_w005
46763,8,minibatch_k64,text_pca256_lexical_w005
46764,0,minibatch_k64,text_pca256_lexical_w005
46765,15,minibatch_k64,text_pca256_lexical_w005
46766,21,minibatch_k64,text_pca256_lexical_w005
46767,42,minibatch_k64,text_pca256_lexical_w005
46768,8,minibatch_k64,text_pca256_lexical_w005
46769,8,minibatch_k64,text_pca256_lexical_w005
46770,33,minibatch_k64,text_pca256_lexical_w005
46771,33,minibatch_k64,text_pca256_lexical_w005
46772,15,minibatch_k64,text_pca256_lexical_w005
46773,15,minibatch_k64,text_pca256_lexical_w005
46774,10,minibatch_k64,text_pca256_lexical_w005
46775,62,minibatch_k64,text_pca256_lexical_w005
46776,15,minibatch_k64,text_pca256_lexical_w005
46777,15,minibatch_k64,text_pca256_lexical_w005
46778,0,minibatch_k64,text_pca256_lexical_w005
46779,42,minibatch_k64,text_pca256_lexical_w005
46780,0,minibatch_k64,text_pca256_lexical_w005
46781,0,minibatch_k64,text_pca256_lexical_w005
46782,15,minibatch_k64,text_pca256_lexical_w005
46783,62,minibatch_k64,text_pca256_lexical_w005
46784,33,minibatch_k64,text_pca256_lexical_w005
46785,33,minibatch_k64,text_pca256_lexical_w005
46786,33,minibatch_k64,text_pca256_lexical_w005
46787,0,minibatch_k64,text_pca256_lexical_w005
46788,0,minibatch_k64,text_pca256_lexical_w005
46789,0,minibatch_k64,text_pca256_lexical_w005
46790,33,minibatch_k64,text_pca256_lexical_w005
46791,15,minibatch_k64,text_pca256_lexical_w005
46792,42,minibatch_k64,text_pca256_lexical_w005
46793,0,minibatch_k64,text_pca256_lexical_w005
46794,33,minibatch_k64,text_pca256_lexical_w005
46795,45,minibatch_k64,text_pca256_lexical_w005
46796,21,minibatch_k64,text_pca256_lexical_w005
46797,10,minibatch_k64,text_pca256_lexical_w005
46798,33,minibatch_k64,text_pca256_lexical_w005
46799,15,minibatch_k64,text_pca256_lexical_w005
46800,33,minibatch_k64,text_pca256_lexical_w005
46801,33,minibatch_k64,text_pca256_lexical_w005
46802,0,minibatch_k64,text_pca256_lexical_w005
46803,0,minibatch_k64,text_pca256_lexical_w005
46804,0,minibatch_k64,text_pca256_lexical_w005
46805,50,minibatch_k64,text_pca256_lexical_w005
46806,42,minibatch_k64,text_pca256_lexical_w005
46807,33,minibatch_k64,text_pca256_lexical_w005
46808,42,minibatch_k64,text_pca256_lexical_w005
46809,15,minibatch_k64,text_pca256_lexical_w005
46810,33,minibatch_k64,text_pca256_lexical_w005
46811,0,minibatch_k64,text_pca256_lexical_w005
46812,15,minibatch_k64,text_pca256_lexical_w005
46813,15,minibatch_k64,text_pca256_lexical_w005
46814,2,minibatch_k64,text_pca256_lexical_w005
46815,10,minibatch_k64,text_pca256_lexical_w005
46816,0,minibatch_k64,text_pca256_lexical_w005
46817,0,minibatch_k64,text_pca256_lexical_w005
46818,4,minibatch_k64,text_pca256_lexical_w005
46819,33,minibatch_k64,text_pca256_lexical_w005
46820,15,minibatch_k64,text_pca256_lexical_w005
46821,33,minibatch_k64,text_pca256_lexical_w005
46822,0,minibatch_k64,text_pca256_lexical_w005
46823,0,minibatch_k64,text_pca256_lexical_w005
46824,62,minibatch_k64,text_pca256_lexical_w005
46825,15,minibatch_k64,text_pca256_lexical_w005
46826,0,minibatch_k64,text_pca256_lexical_w005
46827,0,minibatch_k64,text_pca256_lexical_w005
46828,8,minibatch_k64,text_pca256_lexical_w005
46829,21,minibatch_k64,text_pca256_lexical_w005
46830,59,minibatch_k64,text_pca256_lexical_w005
46831,15,minibatch_k64,text_pca256_lexical_w005
46832,33,minibatch_k64,text_pca256_lexical_w005
46833,4,minibatch_k64,text_pca256_lexical_w005
46834,10,minibatch_k64,text_pca256_lexical_w005
46835,0,minibatch_k64,text_pca256_lexical_w005
46836,33,minibatch_k64,text_pca256_lexical_w005
46837,21,minibatch_k64,text_pca256_lexical_w005
46838,33,minibatch_k64,text_pca256_lexical_w005
46839,33,minibatch_k64,text_pca256_lexical_w005
46840,42,minibatch_k64,text_pca256_lexical_w005
46841,33,minibatch_k64,text_pca256_lexical_w005
46842,33,minibatch_k64,text_pca256_lexical_w005
46843,62,minibatch_k64,text_pca256_lexical_w005
46844,33,minibatch_k64,text_pca256_lexical_w005
46845,15,minibatch_k64,text_pca256_lexical_w005
46846,33,minibatch_k64,text_pca256_lexical_w005
46847,0,minibatch_k64,text_pca256_lexical_w005
46848,62,minibatch_k64,text_pca256_lexical_w005
46849,15,minibatch_k64,text_pca256_lexical_w005
46850,15,minibatch_k64,text_pca256_lexical_w005
46851,33,minibatch_k64,text_pca256_lexical_w005
46852,33,minibatch_k64,text_pca256_lexical_w005
46853,10,minibatch_k64,text_pca256_lexical_w005
46854,15,minibatch_k64,text_pca256_lexical_w005
46855,0,minibatch_k64,text_pca256_lexical_w005
46856,8,minibatch_k64,text_pca256_lexical_w005
46857,15,minibatch_k64,text_pca256_lexical_w005
46858,15,minibatch_k64,text_pca256_lexical_w005
46859,21,minibatch_k64,text_pca256_lexical_w005
46860,15,minibatch_k64,text_pca256_lexical_w005
46861,33,minibatch_k64,text_pca256_lexical_w005
46862,42,minibatch_k64,text_pca256_lexical_w005
46863,15,minibatch_k64,text_pca256_lexical_w005
46864,15,minibatch_k64,text_pca256_lexical_w005
46865,0,minibatch_k64,text_pca256_lexical_w005
46866,8,minibatch_k64,text_pca256_lexical_w005
46867,21,minibatch_k64,text_pca256_lexical_w005
46868,45,minibatch_k64,text_pca256_lexical_w005
46869,15,minibatch_k64,text_pca256_lexical_w005
46870,15,minibatch_k64,text_pca256_lexical_w005
46871,0,minibatch_k64,text_pca256_lexical_w005
46872,15,minibatch_k64,text_pca256_lexical_w005
46873,33,minibatch_k64,text_pca256_lexical_w005
46874,0,minibatch_k64,text_pca256_lexical_w005
46875,0,minibatch_k64,text_pca256_lexical_w005
46876,33,minibatch_k64,text_pca256_lexical_w005
46877,33,minibatch_k64,text_pca256_lexical_w005
46878,15,minibatch_k64,text_pca256_lexical_w005
46879,15,minibatch_k64,text_pca256_lexical_w005
46880,8,minibatch_k64,text_pca256_lexical_w005
46881,21,minibatch_k64,text_pca256_lexical_w005
46882,15,minibatch_k64,text_pca256_lexical_w005
46883,0,minibatch_k64,text_pca256_lexical_w005
46884,0,minibatch_k64,text_pca256_lexical_w005
46885,0,minibatch_k64,text_pca256_lexical_w005
46886,21,minibatch_k64,text_pca256_lexical_w005
46887,0,minibatch_k64,text_pca256_lexical_w005
46888,33,minibatch_k64,text_pca256_lexical_w005
46889,33,minibatch_k64,text_pca256_lexical_w005
46890,15,minibatch_k64,text_pca256_lexical_w005
46891,33,minibatch_k64,text_pca256_lexical_w005
46892,21,minibatch_k64,text_pca256_lexical_w005
46893,42,minibatch_k64,text_pca256_lexical_w005
46894,33,minibatch_k64,text_pca256_lexical_w005
46895,33,minibatch_k64,text_pca256_lexical_w005
46896,0,minibatch_k64,text_pca256_lexical_w005
46897,15,minibatch_k64,text_pca256_lexical_w005
46898,2,minibatch_k64,text_pca256_lexical_w005
46899,0,minibatch_k64,text_pca256_lexical_w005
46900,33,minibatch_k64,text_pca256_lexical_w005
46901,0,minibatch_k64,text_pca256_lexical_w005
46902,33,minibatch_k64,text_pca256_lexical_w005
46903,15,minibatch_k64,text_pca256_lexical_w005
46904,33,minibatch_k64,text_pca256_lexical_w005
46905,33,minibatch_k64,text_pca256_lexical_w005
46906,62,minibatch_k64,text_pca256_lexical_w005
46907,39,minibatch_k64,text_pca256_lexical_w005
46908,21,minibatch_k64,text_pca256_lexical_w005
46909,15,minibatch_k64,text_pca256_lexical_w005
46910,33,minibatch_k64,text_pca256_lexical_w005
46911,0,minibatch_k64,text_pca256_lexical_w005
46912,33,minibatch_k64,text_pca256_lexical_w005
46913,33,minibatch_k64,text_pca256_lexical_w005
46914,33,minibatch_k64,text_pca256_lexical_w005
46915,0,minibatch_k64,text_pca256_lexical_w005
46916,33,minibatch_k64,text_pca256_lexical_w005
46917,21,minibatch_k64,text_pca256_lexical_w005
46918,21,minibatch_k64,text_pca256_lexical_w005
46919,15,minibatch_k64,text_pca256_lexical_w005
46920,8,minibatch_k64,text_pca256_lexical_w005
46921,0,minibatch_k64,text_pca256_lexical_w005
46922,33,minibatch_k64,text_pca256_lexical_w005
46923,33,minibatch_k64,text_pca256_lexical_w005
46924,0,minibatch_k64,text_pca256_lexical_w005
46925,0,minibatch_k64,text_pca256_lexical_w005
46926,8,minibatch_k64,text_pca256_lexical_w005
46927,45,minibatch_k64,text_pca256_lexical_w005
46928,45,minibatch_k64,text_pca256_lexical_w005
46929,21,minibatch_k64,text_pca256_lexical_w005
46930,0,minibatch_k64,text_pca256_lexical_w005
46931,10,minibatch_k64,text_pca256_lexical_w005
46932,21,minibatch_k64,text_pca256_lexical_w005
46933,21,minibatch_k64,text_pca256_lexical_w005
46934,0,minibatch_k64,text_pca256_lexical_w005
46935,33,minibatch_k64,text_pca256_lexical_w005
46936,15,minibatch_k64,text_pca256_lexical_w005
46937,15,minibatch_k64,text_pca256_lexical_w005
46938,33,minibatch_k64,text_pca256_lexical_w005
46939,15,minibatch_k64,text_pca256_lexical_w005
46940,4,minibatch_k64,text_pca256_lexical_w005
46941,33,minibatch_k64,text_pca256_lexical_w005
46942,15,minibatch_k64,text_pca256_lexical_w005
46943,33,minibatch_k64,text_pca256_lexical_w005
46944,21,minibatch_k64,text_pca256_lexical_w005
46945,33,minibatch_k64,text_pca256_lexical_w005
46946,33,minibatch_k64,text_pca256_lexical_w005
46947,33,minibatch_k64,text_pca256_lexical_w005
46948,33,minibatch_k64,text_pca256_lexical_w005
46949,33,minibatch_k64,text_pca256_lexical_w005
46950,15,minibatch_k64,text_pca256_lexical_w005
46951,8,minibatch_k64,text_pca256_lexical_w005
46952,15,minibatch_k64,text_pca256_lexical_w005
46953,23,minibatch_k64,text_pca256_lexical_w005
46954,33,minibatch_k64,text_pca256_lexical_w005
46955,33,minibatch_k64,text_pca256_lexical_w005
46956,33,minibatch_k64,text_pca256_lexical_w005
46957,0,minibatch_k64,text_pca256_lexical_w005
46958,42,minibatch_k64,text_pca256_lexical_w005
46959,39,minibatch_k64,text_pca256_lexical_w005
46960,33,minibatch_k64,text_pca256_lexical_w005
46961,21,minibatch_k64,text_pca256_lexical_w005
46962,21,minibatch_k64,text_pca256_lexical_w005
46963,8,minibatch_k64,text_pca256_lexical_w005
46964,42,minibatch_k64,text_pca256_lexical_w005
46965,59,minibatch_k64,text_pca256_lexical_w005
46966,33,minibatch_k64,text_pca256_lexical_w005
46967,15,minibatch_k64,text_pca256_lexical_w005
46968,33,minibatch_k64,text_pca256_lexical_w005
46969,15,minibatch_k64,text_pca256_lexical_w005
46970,42,minibatch_k64,text_pca256_lexical_w005
46971,33,minibatch_k64,text_pca256_lexical_w005
46972,0,minibatch_k64,text_pca256_lexical_w005
46973,42,minibatch_k64,text_pca256_lexical_w005
46974,0,minibatch_k64,text_pca256_lexical_w005
46975,33,minibatch_k64,text_pca256_lexical_w005
46976,21,minibatch_k64,text_pca256_lexical_w005
46977,33,minibatch_k64,text_pca256_lexical_w005
46978,39,minibatch_k64,text_pca256_lexical_w005
46979,21,minibatch_k64,text_pca256_lexical_w005
46980,33,minibatch_k64,text_pca256_lexical_w005
46981,0,minibatch_k64,text_pca256_lexical_w005
46982,33,minibatch_k64,text_pca256_lexical_w005
46983,59,minibatch_k64,text_pca256_lexical_w005
46984,15,minibatch_k64,text_pca256_lexical_w005
46985,8,minibatch_k64,text_pca256_lexical_w005
46986,0,minibatch_k64,text_pca256_lexical_w005
46987,42,minibatch_k64,text_pca256_lexical_w005
46988,10,minibatch_k64,text_pca256_lexical_w005
46989,62,minibatch_k64,text_pca256_lexical_w005
46990,0,minibatch_k64,text_pca256_lexical_w005
46991,21,minibatch_k64,text_pca256_lexical_w005
46992,8,minibatch_k64,text_pca256_lexical_w005
46993,0,minibatch_k64,text_pca256_lexical_w005
46994,0,minibatch_k64,text_pca256_lexical_w005
46995,0,minibatch_k64,text_pca256_lexical_w005
46996,8,minibatch_k64,text_pca256_lexical_w005
46997,59,minibatch_k64,text_pca256_lexical_w005
46998,62,minibatch_k64,text_pca256_lexical_w005
46999,42,minibatch_k64,text_pca256_lexical_w005
47000,59,minibatch_k64,text_pca256_lexical_w005
47001,0,minibatch_k64,text_pca256_lexical_w005
47002,42,minibatch_k64,text_pca256_lexical_w005
47003,42,minibatch_k64,text_pca256_lexical_w005
47004,39,minibatch_k64,text_pca256_lexical_w005
47005,15,minibatch_k64,text_pca256_lexical_w005
47006,33,minibatch_k64,text_pca256_lexical_w005
47007,15,minibatch_k64,text_pca256_lexical_w005
47008,23,minibatch_k64,text_pca256_lexical_w005
47009,15,minibatch_k64,text_pca256_lexical_w005
47010,23,minibatch_k64,text_pca256_lexical_w005
47011,10,minibatch_k64,text_pca256_lexical_w005
47012,42,minibatch_k64,text_pca256_lexical_w005
47013,15,minibatch_k64,text_pca256_lexical_w005
47014,39,minibatch_k64,text_pca256_lexical_w005
47015,4,minibatch_k64,text_pca256_lexical_w005
47016,42,minibatch_k64,text_pca256_lexical_w005
47017,42,minibatch_k64,text_pca256_lexical_w005
47018,42,minibatch_k64,text_pca256_lexical_w005
47019,21,minibatch_k64,text_pca256_lexical_w005
47020,39,minibatch_k64,text_pca256_lexical_w005
47021,33,minibatch_k64,text_pca256_lexical_w005
47022,33,minibatch_k64,text_pca256_lexical_w005
47023,42,minibatch_k64,text_pca256_lexical_w005
47024,33,minibatch_k64,text_pca256_lexical_w005
47025,62,minibatch_k64,text_pca256_lexical_w005
47026,0,minibatch_k64,text_pca256_lexical_w005
47027,21,minibatch_k64,text_pca256_lexical_w005
47028,33,minibatch_k64,text_pca256_lexical_w005
47029,0,minibatch_k64,text_pca256_lexical_w005
47030,33,minibatch_k64,text_pca256_lexical_w005
47031,15,minibatch_k64,text_pca256_lexical_w005
47032,53,minibatch_k64,text_pca256_lexical_w005
47033,0,minibatch_k64,text_pca256_lexical_w005
47034,33,minibatch_k64,text_pca256_lexical_w005
47035,33,minibatch_k64,text_pca256_lexical_w005
47036,21,minibatch_k64,text_pca256_lexical_w005
47037,62,minibatch_k64,text_pca256_lexical_w005
47038,62,minibatch_k64,text_pca256_lexical_w005
47039,0,minibatch_k64,text_pca256_lexical_w005
47040,46,minibatch_k64,text_pca256_lexical_w005
47041,62,minibatch_k64,text_pca256_lexical_w005
47042,62,minibatch_k64,text_pca256_lexical_w005
47043,62,minibatch_k64,text_pca256_lexical_w005
47044,0,minibatch_k64,text_pca256_lexical_w005
47045,62,minibatch_k64,text_pca256_lexical_w005
47046,21,minibatch_k64,text_pca256_lexical_w005
47047,62,minibatch_k64,text_pca256_lexical_w005
47048,62,minibatch_k64,text_pca256_lexical_w005
47049,8,minibatch_k64,text_pca256_lexical_w005
47050,0,minibatch_k64,text_pca256_lexical_w005
47051,50,minibatch_k64,text_pca256_lexical_w005
47052,10,minibatch_k64,text_pca256_lexical_w005
47053,62,minibatch_k64,text_pca256_lexical_w005
47054,62,minibatch_k64,text_pca256_lexical_w005
47055,0,minibatch_k64,text_pca256_lexical_w005
47056,55,minibatch_k64,text_pca256_lexical_w005
47057,0,minibatch_k64,text_pca256_lexical_w005
47058,42,minibatch_k64,text_pca256_lexical_w005
47059,12,minibatch_k64,text_pca256_lexical_w005
47060,62,minibatch_k64,text_pca256_lexical_w005
47061,10,minibatch_k64,text_pca256_lexical_w005
47062,62,minibatch_k64,text_pca256_lexical_w005
47063,62,minibatch_k64,text_pca256_lexical_w005
47064,21,minibatch_k64,text_pca256_lexical_w005
47065,58,minibatch_k64,text_pca256_lexical_w005
47066,62,minibatch_k64,text_pca256_lexical_w005
47067,0,minibatch_k64,text_pca256_lexical_w005
47068,47,minibatch_k64,text_pca256_lexical_w005
47069,15,minibatch_k64,text_pca256_lexical_w005
47070,8,minibatch_k64,text_pca256_lexical_w005
47071,62,minibatch_k64,text_pca256_lexical_w005
47072,47,minibatch_k64,text_pca256_lexical_w005
47073,62,minibatch_k64,text_pca256_lexical_w005
47074,62,minibatch_k64,text_pca256_lexical_w005
47075,0,minibatch_k64,text_pca256_lexical_w005
47076,62,minibatch_k64,text_pca256_lexical_w005
47077,21,minibatch_k64,text_pca256_lexical_w005
47078,21,minibatch_k64,text_pca256_lexical_w005
47079,38,minibatch_k64,text_pca256_lexical_w005
47080,58,minibatch_k64,text_pca256_lexical_w005
47081,55,minibatch_k64,text_pca256_lexical_w005
47082,62,minibatch_k64,text_pca256_lexical_w005
47083,38,minibatch_k64,text_pca256_lexical_w005
47084,58,minibatch_k64,text_pca256_lexical_w005
47085,15,minibatch_k64,text_pca256_lexical_w005
47086,62,minibatch_k64,text_pca256_lexical_w005
47087,62,minibatch_k64,text_pca256_lexical_w005
47088,15,minibatch_k64,text_pca256_lexical_w005
47089,21,minibatch_k64,text_pca256_lexical_w005
47090,59,minibatch_k64,text_pca256_lexical_w005
47091,38,minibatch_k64,text_pca256_lexical_w005
47092,58,minibatch_k64,text_pca256_lexical_w005
47093,62,minibatch_k64,text_pca256_lexical_w005
47094,45,minibatch_k64,text_pca256_lexical_w005
47095,5,minibatch_k64,text_pca256_lexical_w005
47096,0,minibatch_k64,text_pca256_lexical_w005
47097,62,minibatch_k64,text_pca256_lexical_w005
47098,15,minibatch_k64,text_pca256_lexical_w005
47099,5,minibatch_k64,text_pca256_lexical_w005
47100,62,minibatch_k64,text_pca256_lexical_w005
47101,58,minibatch_k64,text_pca256_lexical_w005
47102,56,minibatch_k64,text_pca256_lexical_w005
47103,38,minibatch_k64,text_pca256_lexical_w005
47104,15,minibatch_k64,text_pca256_lexical_w005
47105,5,minibatch_k64,text_pca256_lexical_w005
47106,15,minibatch_k64,text_pca256_lexical_w005
47107,0,minibatch_k64,text_pca256_lexical_w005
47108,21,minibatch_k64,text_pca256_lexical_w005
47109,62,minibatch_k64,text_pca256_lexical_w005
47110,56,minibatch_k64,text_pca256_lexical_w005
47111,58,minibatch_k64,text_pca256_lexical_w005
47112,62,minibatch_k64,text_pca256_lexical_w005
47113,38,minibatch_k64,text_pca256_lexical_w005
47114,62,minibatch_k64,text_pca256_lexical_w005
47115,0,minibatch_k64,text_pca256_lexical_w005
47116,2,minibatch_k64,text_pca256_lexical_w005
47117,47,minibatch_k64,text_pca256_lexical_w005
47118,38,minibatch_k64,text_pca256_lexical_w005
47119,62,minibatch_k64,text_pca256_lexical_w005
47120,0,minibatch_k64,text_pca256_lexical_w005
47121,0,minibatch_k64,text_pca256_lexical_w005
47122,15,minibatch_k64,text_pca256_lexical_w005
47123,5,minibatch_k64,text_pca256_lexical_w005
47124,0,minibatch_k64,text_pca256_lexical_w005
47125,5,minibatch_k64,text_pca256_lexical_w005
47126,5,minibatch_k64,text_pca256_lexical_w005
47127,38,minibatch_k64,text_pca256_lexical_w005
47128,58,minibatch_k64,text_pca256_lexical_w005
47129,62,minibatch_k64,text_pca256_lexical_w005
47130,5,minibatch_k64,text_pca256_lexical_w005
47131,15,minibatch_k64,text_pca256_lexical_w005
47132,5,minibatch_k64,text_pca256_lexical_w005
47133,14,minibatch_k64,text_pca256_lexical_w005
47134,58,minibatch_k64,text_pca256_lexical_w005
47135,38,minibatch_k64,text_pca256_lexical_w005
47136,40,minibatch_k64,text_pca256_lexical_w005
47137,15,minibatch_k64,text_pca256_lexical_w005
47138,42,minibatch_k64,text_pca256_lexical_w005
47139,62,minibatch_k64,text_pca256_lexical_w005
47140,0,minibatch_k64,text_pca256_lexical_w005
47141,62,minibatch_k64,text_pca256_lexical_w005
47142,42,minibatch_k64,text_pca256_lexical_w005
47143,14,minibatch_k64,text_pca256_lexical_w005
47144,38,minibatch_k64,text_pca256_lexical_w005
47145,58,minibatch_k64,text_pca256_lexical_w005
47146,10,minibatch_k64,text_pca256_lexical_w005
47147,10,minibatch_k64,text_pca256_lexical_w005
47148,0,minibatch_k64,text_pca256_lexical_w005
47149,23,minibatch_k64,text_pca256_lexical_w005
47150,14,minibatch_k64,text_pca256_lexical_w005
47151,38,minibatch_k64,text_pca256_lexical_w005
47152,62,minibatch_k64,text_pca256_lexical_w005
47153,56,minibatch_k64,text_pca256_lexical_w005
47154,10,minibatch_k64,text_pca256_lexical_w005
47155,16,minibatch_k64,text_pca256_lexical_w005
47156,12,minibatch_k64,text_pca256_lexical_w005
47157,38,minibatch_k64,text_pca256_lexical_w005
47158,62,minibatch_k64,text_pca256_lexical_w005
47159,2,minibatch_k64,text_pca256_lexical_w005
47160,14,minibatch_k64,text_pca256_lexical_w005
47161,8,minibatch_k64,text_pca256_lexical_w005
47162,62,minibatch_k64,text_pca256_lexical_w005
47163,2,minibatch_k64,text_pca256_lexical_w005
47164,33,minibatch_k64,text_pca256_lexical_w005
47165,21,minibatch_k64,text_pca256_lexical_w005
47166,62,minibatch_k64,text_pca256_lexical_w005
47167,39,minibatch_k64,text_pca256_lexical_w005
47168,15,minibatch_k64,text_pca256_lexical_w005
47169,39,minibatch_k64,text_pca256_lexical_w005
47170,21,minibatch_k64,text_pca256_lexical_w005
47171,62,minibatch_k64,text_pca256_lexical_w005
47172,62,minibatch_k64,text_pca256_lexical_w005
47173,47,minibatch_k64,text_pca256_lexical_w005
47174,47,minibatch_k64,text_pca256_lexical_w005
47175,33,minibatch_k64,text_pca256_lexical_w005
47176,14,minibatch_k64,text_pca256_lexical_w005
47177,38,minibatch_k64,text_pca256_lexical_w005
47178,62,minibatch_k64,text_pca256_lexical_w005
47179,45,minibatch_k64,text_pca256_lexical_w005
47180,10,minibatch_k64,text_pca256_lexical_w005
47181,59,minibatch_k64,text_pca256_lexical_w005
47182,59,minibatch_k64,text_pca256_lexical_w005
47183,14,minibatch_k64,text_pca256_lexical_w005
47184,59,minibatch_k64,text_pca256_lexical_w005
47185,38,minibatch_k64,text_pca256_lexical_w005
47186,62,minibatch_k64,text_pca256_lexical_w005
47187,59,minibatch_k64,text_pca256_lexical_w005
47188,59,minibatch_k64,text_pca256_lexical_w005
47189,45,minibatch_k64,text_pca256_lexical_w005
47190,15,minibatch_k64,text_pca256_lexical_w005
47191,45,minibatch_k64,text_pca256_lexical_w005
47192,59,minibatch_k64,text_pca256_lexical_w005
47193,45,minibatch_k64,text_pca256_lexical_w005
47194,8,minibatch_k64,text_pca256_lexical_w005
47195,62,minibatch_k64,text_pca256_lexical_w005
47196,45,minibatch_k64,text_pca256_lexical_w005
47197,42,minibatch_k64,text_pca256_lexical_w005
47198,0,minibatch_k64,text_pca256_lexical_w005
47199,39,minibatch_k64,text_pca256_lexical_w005
47200,59,minibatch_k64,text_pca256_lexical_w005
47201,8,minibatch_k64,text_pca256_lexical_w005
47202,62,minibatch_k64,text_pca256_lexical_w005
47203,38,minibatch_k64,text_pca256_lexical_w005
47204,62,minibatch_k64,text_pca256_lexical_w005
47205,14,minibatch_k64,text_pca256_lexical_w005
47206,62,minibatch_k64,text_pca256_lexical_w005
47207,45,minibatch_k64,text_pca256_lexical_w005
47208,18,minibatch_k64,text_pca256_lexical_w005
47209,45,minibatch_k64,text_pca256_lexical_w005
47210,62,minibatch_k64,text_pca256_lexical_w005
47211,59,minibatch_k64,text_pca256_lexical_w005
47212,8,minibatch_k64,text_pca256_lexical_w005
47213,45,minibatch_k64,text_pca256_lexical_w005
47214,45,minibatch_k64,text_pca256_lexical_w005
47215,59,minibatch_k64,text_pca256_lexical_w005
47216,62,minibatch_k64,text_pca256_lexical_w005
47217,8,minibatch_k64,text_pca256_lexical_w005
47218,8,minibatch_k64,text_pca256_lexical_w005
47219,42,minibatch_k64,text_pca256_lexical_w005
47220,10,minibatch_k64,text_pca256_lexical_w005
47221,62,minibatch_k64,text_pca256_lexical_w005
47222,33,minibatch_k64,text_pca256_lexical_w005
47223,62,minibatch_k64,text_pca256_lexical_w005
47224,27,minibatch_k64,text_pca256_lexical_w005
47225,39,minibatch_k64,text_pca256_lexical_w005
47226,59,minibatch_k64,text_pca256_lexical_w005
47227,45,minibatch_k64,text_pca256_lexical_w005
47228,33,minibatch_k64,text_pca256_lexical_w005
47229,33,minibatch_k64,text_pca256_lexical_w005
47230,33,minibatch_k64,text_pca256_lexical_w005
47231,62,minibatch_k64,text_pca256_lexical_w005
47232,62,minibatch_k64,text_pca256_lexical_w005
47233,39,minibatch_k64,text_pca256_lexical_w005
47234,62,minibatch_k64,text_pca256_lexical_w005
47235,62,minibatch_k64,text_pca256_lexical_w005
47236,21,minibatch_k64,text_pca256_lexical_w005
47237,21,minibatch_k64,text_pca256_lexical_w005
47238,21,minibatch_k64,text_pca256_lexical_w005
47239,21,minibatch_k64,text_pca256_lexical_w005
47240,10,minibatch_k64,text_pca256_lexical_w005
47241,0,minibatch_k64,text_pca256_lexical_w005
47242,0,minibatch_k64,text_pca256_lexical_w005
47243,39,minibatch_k64,text_pca256_lexical_w005
47244,15,minibatch_k64,text_pca256_lexical_w005
47245,21,minibatch_k64,text_pca256_lexical_w005
47246,0,minibatch_k64,text_pca256_lexical_w005
47247,33,minibatch_k64,text_pca256_lexical_w005
47248,15,minibatch_k64,text_pca256_lexical_w005
47249,21,minibatch_k64,text_pca256_lexical_w005
47250,10,minibatch_k64,text_pca256_lexical_w005
47251,21,minibatch_k64,text_pca256_lexical_w005
47252,10,minibatch_k64,text_pca256_lexical_w005
47253,10,minibatch_k64,text_pca256_lexical_w005
47254,10,minibatch_k64,text_pca256_lexical_w005
47255,15,minibatch_k64,text_pca256_lexical_w005
47256,0,minibatch_k64,text_pca256_lexical_w005
47257,15,minibatch_k64,text_pca256_lexical_w005
47258,21,minibatch_k64,text_pca256_lexical_w005
47259,5,minibatch_k64,text_pca256_lexical_w005
47260,0,minibatch_k64,text_pca256_lexical_w005
47261,62,minibatch_k64,text_pca256_lexical_w005
47262,0,minibatch_k64,text_pca256_lexical_w005
47263,8,minibatch_k64,text_pca256_lexical_w005
47264,62,minibatch_k64,text_pca256_lexical_w005
47265,42,minibatch_k64,text_pca256_lexical_w005
47266,42,minibatch_k64,text_pca256_lexical_w005
47267,23,minibatch_k64,text_pca256_lexical_w005
47268,42,minibatch_k64,text_pca256_lexical_w005
47269,59,minibatch_k64,text_pca256_lexical_w005
47270,59,minibatch_k64,text_pca256_lexical_w005
47271,4,minibatch_k64,text_pca256_lexical_w005
47272,0,minibatch_k64,text_pca256_lexical_w005
47273,15,minibatch_k64,text_pca256_lexical_w005
47274,0,minibatch_k64,text_pca256_lexical_w005
47275,10,minibatch_k64,text_pca256_lexical_w005
47276,15,minibatch_k64,text_pca256_lexical_w005
47277,23,minibatch_k64,text_pca256_lexical_w005
47278,15,minibatch_k64,text_pca256_lexical_w005
47279,10,minibatch_k64,text_pca256_lexical_w005
47280,23,minibatch_k64,text_pca256_lexical_w005
47281,8,minibatch_k64,text_pca256_lexical_w005
47282,15,minibatch_k64,text_pca256_lexical_w005
47283,15,minibatch_k64,text_pca256_lexical_w005
47284,62,minibatch_k64,text_pca256_lexical_w005
47285,8,minibatch_k64,text_pca256_lexical_w005
47286,15,minibatch_k64,text_pca256_lexical_w005
47287,10,minibatch_k64,text_pca256_lexical_w005
47288,15,minibatch_k64,text_pca256_lexical_w005
47289,32,minibatch_k64,text_pca256_lexical_w005
47290,15,minibatch_k64,text_pca256_lexical_w005
47291,15,minibatch_k64,text_pca256_lexical_w005
47292,10,minibatch_k64,text_pca256_lexical_w005
47293,39,minibatch_k64,text_pca256_lexical_w005
47294,0,minibatch_k64,text_pca256_lexical_w005
47295,15,minibatch_k64,text_pca256_lexical_w005
47296,23,minibatch_k64,text_pca256_lexical_w005
47297,8,minibatch_k64,text_pca256_lexical_w005
47298,15,minibatch_k64,text_pca256_lexical_w005
47299,0,minibatch_k64,text_pca256_lexical_w005
47300,39,minibatch_k64,text_pca256_lexical_w005
47301,15,minibatch_k64,text_pca256_lexical_w005
47302,15,minibatch_k64,text_pca256_lexical_w005
47303,59,minibatch_k64,text_pca256_lexical_w005
47304,15,minibatch_k64,text_pca256_lexical_w005
47305,15,minibatch_k64,text_pca256_lexical_w005
47306,8,minibatch_k64,text_pca256_lexical_w005
47307,0,minibatch_k64,text_pca256_lexical_w005
47308,10,minibatch_k64,text_pca256_lexical_w005
47309,59,minibatch_k64,text_pca256_lexical_w005
47310,50,minibatch_k64,text_pca256_lexical_w005
47311,29,minibatch_k64,text_pca256_lexical_w005
47312,0,minibatch_k64,text_pca256_lexical_w005
47313,59,minibatch_k64,text_pca256_lexical_w005
47314,8,minibatch_k64,text_pca256_lexical_w005
47315,21,minibatch_k64,text_pca256_lexical_w005
47316,47,minibatch_k64,text_pca256_lexical_w005
47317,42,minibatch_k64,text_pca256_lexical_w005
47318,8,minibatch_k64,text_pca256_lexical_w005
47319,8,minibatch_k64,text_pca256_lexical_w005
47320,55,minibatch_k64,text_pca256_lexical_w005
47321,59,minibatch_k64,text_pca256_lexical_w005
47322,62,minibatch_k64,text_pca256_lexical_w005
47323,0,minibatch_k64,text_pca256_lexical_w005
47324,23,minibatch_k64,text_pca256_lexical_w005
47325,15,minibatch_k64,text_pca256_lexical_w005
47326,21,minibatch_k64,text_pca256_lexical_w005
47327,23,minibatch_k64,text_pca256_lexical_w005
47328,15,minibatch_k64,text_pca256_lexical_w005
47329,55,minibatch_k64,text_pca256_lexical_w005
47330,62,minibatch_k64,text_pca256_lexical_w005
47331,23,minibatch_k64,text_pca256_lexical_w005
47332,23,minibatch_k64,text_pca256_lexical_w005
47333,23,minibatch_k64,text_pca256_lexical_w005
47334,55,minibatch_k64,text_pca256_lexical_w005
47335,0,minibatch_k64,text_pca256_lexical_w005
47336,0,minibatch_k64,text_pca256_lexical_w005
47337,0,minibatch_k64,text_pca256_lexical_w005
47338,62,minibatch_k64,text_pca256_lexical_w005
47339,50,minibatch_k64,text_pca256_lexical_w005
47340,23,minibatch_k64,text_pca256_lexical_w005
47341,62,minibatch_k64,text_pca256_lexical_w005
47342,8,minibatch_k64,text_pca256_lexical_w005
47343,55,minibatch_k64,text_pca256_lexical_w005
47344,8,minibatch_k64,text_pca256_lexical_w005
47345,23,minibatch_k64,text_pca256_lexical_w005
47346,23,minibatch_k64,text_pca256_lexical_w005
47347,55,minibatch_k64,text_pca256_lexical_w005
47348,23,minibatch_k64,text_pca256_lexical_w005
47349,0,minibatch_k64,text_pca256_lexical_w005
47350,59,minibatch_k64,text_pca256_lexical_w005
47351,61,minibatch_k64,text_pca256_lexical_w005
47352,23,minibatch_k64,text_pca256_lexical_w005
47353,21,minibatch_k64,text_pca256_lexical_w005
47354,12,minibatch_k64,text_pca256_lexical_w005
47355,40,minibatch_k64,text_pca256_lexical_w005
47356,50,minibatch_k64,text_pca256_lexical_w005
47357,23,minibatch_k64,text_pca256_lexical_w005
47358,23,minibatch_k64,text_pca256_lexical_w005
47359,55,minibatch_k64,text_pca256_lexical_w005
47360,21,minibatch_k64,text_pca256_lexical_w005
47361,55,minibatch_k64,text_pca256_lexical_w005
47362,0,minibatch_k64,text_pca256_lexical_w005
47363,50,minibatch_k64,text_pca256_lexical_w005
47364,33,minibatch_k64,text_pca256_lexical_w005
47365,59,minibatch_k64,text_pca256_lexical_w005
47366,23,minibatch_k64,text_pca256_lexical_w005
47367,10,minibatch_k64,text_pca256_lexical_w005
47368,40,minibatch_k64,text_pca256_lexical_w005
47369,0,minibatch_k64,text_pca256_lexical_w005
47370,33,minibatch_k64,text_pca256_lexical_w005
47371,23,minibatch_k64,text_pca256_lexical_w005
47372,0,minibatch_k64,text_pca256_lexical_w005
47373,50,minibatch_k64,text_pca256_lexical_w005
47374,23,minibatch_k64,text_pca256_lexical_w005
47375,8,minibatch_k64,text_pca256_lexical_w005
47376,5,minibatch_k64,text_pca256_lexical_w005
47377,21,minibatch_k64,text_pca256_lexical_w005
47378,0,minibatch_k64,text_pca256_lexical_w005
47379,23,minibatch_k64,text_pca256_lexical_w005
47380,23,minibatch_k64,text_pca256_lexical_w005
47381,40,minibatch_k64,text_pca256_lexical_w005
47382,55,minibatch_k64,text_pca256_lexical_w005
47383,62,minibatch_k64,text_pca256_lexical_w005
47384,61,minibatch_k64,text_pca256_lexical_w005
47385,8,minibatch_k64,text_pca256_lexical_w005
47386,0,minibatch_k64,text_pca256_lexical_w005
47387,61,minibatch_k64,text_pca256_lexical_w005
47388,59,minibatch_k64,text_pca256_lexical_w005
47389,23,minibatch_k64,text_pca256_lexical_w005
47390,0,minibatch_k64,text_pca256_lexical_w005
47391,0,minibatch_k64,text_pca256_lexical_w005
47392,40,minibatch_k64,text_pca256_lexical_w005
47393,23,minibatch_k64,text_pca256_lexical_w005
47394,0,minibatch_k64,text_pca256_lexical_w005
47395,32,minibatch_k64,text_pca256_lexical_w005
47396,10,minibatch_k64,text_pca256_lexical_w005
47397,55,minibatch_k64,text_pca256_lexical_w005
47398,23,minibatch_k64,text_pca256_lexical_w005
47399,15,minibatch_k64,text_pca256_lexical_w005
47400,20,minibatch_k64,text_pca256_lexical_w005
47401,32,minibatch_k64,text_pca256_lexical_w005
47402,42,minibatch_k64,text_pca256_lexical_w005
47403,32,minibatch_k64,text_pca256_lexical_w005
47404,23,minibatch_k64,text_pca256_lexical_w005
47405,8,minibatch_k64,text_pca256_lexical_w005
47406,15,minibatch_k64,text_pca256_lexical_w005
47407,23,minibatch_k64,text_pca256_lexical_w005
47408,23,minibatch_k64,text_pca256_lexical_w005
47409,55,minibatch_k64,text_pca256_lexical_w005
47410,27,minibatch_k64,text_pca256_lexical_w005
47411,18,minibatch_k64,text_pca256_lexical_w005
47412,27,minibatch_k64,text_pca256_lexical_w005
47413,27,minibatch_k64,text_pca256_lexical_w005
47414,0,minibatch_k64,text_pca256_lexical_w005
47415,27,minibatch_k64,text_pca256_lexical_w005
47416,0,minibatch_k64,text_pca256_lexical_w005
47417,27,minibatch_k64,text_pca256_lexical_w005
47418,27,minibatch_k64,text_pca256_lexical_w005
47419,27,minibatch_k64,text_pca256_lexical_w005
47420,62,minibatch_k64,text_pca256_lexical_w005
47421,55,minibatch_k64,text_pca256_lexical_w005
47422,18,minibatch_k64,text_pca256_lexical_w005
47423,18,minibatch_k64,text_pca256_lexical_w005
47424,20,minibatch_k64,text_pca256_lexical_w005
47425,20,minibatch_k64,text_pca256_lexical_w005
47426,18,minibatch_k64,text_pca256_lexical_w005
47427,8,minibatch_k64,text_pca256_lexical_w005
47428,32,minibatch_k64,text_pca256_lexical_w005
47429,0,minibatch_k64,text_pca256_lexical_w005
47430,21,minibatch_k64,text_pca256_lexical_w005
47431,0,minibatch_k64,text_pca256_lexical_w005
47432,21,minibatch_k64,text_pca256_lexical_w005
47433,0,minibatch_k64,text_pca256_lexical_w005
47434,23,minibatch_k64,text_pca256_lexical_w005
47435,0,minibatch_k64,text_pca256_lexical_w005
47436,0,minibatch_k64,text_pca256_lexical_w005
47437,42,minibatch_k64,text_pca256_lexical_w005
47438,42,minibatch_k64,text_pca256_lexical_w005
47439,21,minibatch_k64,text_pca256_lexical_w005
47440,21,minibatch_k64,text_pca256_lexical_w005
47441,8,minibatch_k64,text_pca256_lexical_w005
47442,62,minibatch_k64,text_pca256_lexical_w005
47443,62,minibatch_k64,text_pca256_lexical_w005
47444,48,minibatch_k64,text_pca256_lexical_w005
47445,0,minibatch_k64,text_pca256_lexical_w005
47446,21,minibatch_k64,text_pca256_lexical_w005
47447,10,minibatch_k64,text_pca256_lexical_w005
47448,5,minibatch_k64,text_pca256_lexical_w005
47449,38,minibatch_k64,text_pca256_lexical_w005
47450,55,minibatch_k64,text_pca256_lexical_w005
47451,23,minibatch_k64,text_pca256_lexical_w005
47452,59,minibatch_k64,text_pca256_lexical_w005
47453,15,minibatch_k64,text_pca256_lexical_w005
47454,15,minibatch_k64,text_pca256_lexical_w005
47455,0,minibatch_k64,text_pca256_lexical_w005
47456,38,minibatch_k64,text_pca256_lexical_w005
47457,58,minibatch_k64,text_pca256_lexical_w005
47458,23,minibatch_k64,text_pca256_lexical_w005
47459,55,minibatch_k64,text_pca256_lexical_w005
47460,8,minibatch_k64,text_pca256_lexical_w005
47461,8,minibatch_k64,text_pca256_lexical_w005
47462,0,minibatch_k64,text_pca256_lexical_w005
47463,0,minibatch_k64,text_pca256_lexical_w005
47464,33,minibatch_k64,text_pca256_lexical_w005
47465,0,minibatch_k64,text_pca256_lexical_w005
47466,0,minibatch_k64,text_pca256_lexical_w005
47467,59,minibatch_k64,text_pca256_lexical_w005
47468,45,minibatch_k64,text_pca256_lexical_w005
47469,23,minibatch_k64,text_pca256_lexical_w005
47470,23,minibatch_k64,text_pca256_lexical_w005
47471,23,minibatch_k64,text_pca256_lexical_w005
47472,23,minibatch_k64,text_pca256_lexical_w005
47473,23,minibatch_k64,text_pca256_lexical_w005
47474,23,minibatch_k64,text_pca256_lexical_w005
47475,0,minibatch_k64,text_pca256_lexical_w005
47476,23,minibatch_k64,text_pca256_lexical_w005
47477,23,minibatch_k64,text_pca256_lexical_w005
47478,23,minibatch_k64,text_pca256_lexical_w005
47479,0,minibatch_k64,text_pca256_lexical_w005
47480,62,minibatch_k64,text_pca256_lexical_w005
47481,23,minibatch_k64,text_pca256_lexical_w005
47482,23,minibatch_k64,text_pca256_lexical_w005
47483,45,minibatch_k64,text_pca256_lexical_w005
47484,38,minibatch_k64,text_pca256_lexical_w005
47485,15,minibatch_k64,text_pca256_lexical_w005
47486,0,minibatch_k64,text_pca256_lexical_w005
47487,62,minibatch_k64,text_pca256_lexical_w005
47488,38,minibatch_k64,text_pca256_lexical_w005
47489,45,minibatch_k64,text_pca256_lexical_w005
47490,55,minibatch_k64,text_pca256_lexical_w005
47491,0,minibatch_k64,text_pca256_lexical_w005
47492,21,minibatch_k64,text_pca256_lexical_w005
47493,8,minibatch_k64,text_pca256_lexical_w005
47494,8,minibatch_k64,text_pca256_lexical_w005
47495,15,minibatch_k64,text_pca256_lexical_w005
47496,15,minibatch_k64,text_pca256_lexical_w005
47497,62,minibatch_k64,text_pca256_lexical_w005
47498,15,minibatch_k64,text_pca256_lexical_w005
47499,15,minibatch_k64,text_pca256_lexical_w005
47500,23,minibatch_k64,text_pca256_lexical_w005
47501,38,minibatch_k64,text_pca256_lexical_w005
47502,23,minibatch_k64,text_pca256_lexical_w005
47503,12,minibatch_k64,text_pca256_lexical_w005
47504,62,minibatch_k64,text_pca256_lexical_w005
47505,40,minibatch_k64,text_pca256_lexical_w005
47506,12,minibatch_k64,text_pca256_lexical_w005
47507,15,minibatch_k64,text_pca256_lexical_w005
47508,40,minibatch_k64,text_pca256_lexical_w005
47509,62,minibatch_k64,text_pca256_lexical_w005
47510,38,minibatch_k64,text_pca256_lexical_w005
47511,55,minibatch_k64,text_pca256_lexical_w005
47512,12,minibatch_k64,text_pca256_lexical_w005
47513,0,minibatch_k64,text_pca256_lexical_w005
47514,0,minibatch_k64,text_pca256_lexical_w005
47515,10,minibatch_k64,text_pca256_lexical_w005
47516,23,minibatch_k64,text_pca256_lexical_w005
47517,62,minibatch_k64,text_pca256_lexical_w005
47518,8,minibatch_k64,text_pca256_lexical_w005
47519,42,minibatch_k64,text_pca256_lexical_w005
47520,50,minibatch_k64,text_pca256_lexical_w005
47521,38,minibatch_k64,text_pca256_lexical_w005
47522,54,minibatch_k64,text_pca256_lexical_w005
47523,23,minibatch_k64,text_pca256_lexical_w005
47524,62,minibatch_k64,text_pca256_lexical_w005
47525,62,minibatch_k64,text_pca256_lexical_w005
47526,38,minibatch_k64,text_pca256_lexical_w005
47527,45,minibatch_k64,text_pca256_lexical_w005
47528,10,minibatch_k64,text_pca256_lexical_w005
47529,0,minibatch_k64,text_pca256_lexical_w005
47530,0,minibatch_k64,text_pca256_lexical_w005
47531,21,minibatch_k64,text_pca256_lexical_w005
47532,23,minibatch_k64,text_pca256_lexical_w005
47533,23,minibatch_k64,text_pca256_lexical_w005
47534,0,minibatch_k64,text_pca256_lexical_w005
47535,45,minibatch_k64,text_pca256_lexical_w005
47536,23,minibatch_k64,text_pca256_lexical_w005
47537,0,minibatch_k64,text_pca256_lexical_w005
47538,18,minibatch_k64,text_pca256_lexical_w005
47539,18,minibatch_k64,text_pca256_lexical_w005
47540,0,minibatch_k64,text_pca256_lexical_w005
47541,38,minibatch_k64,text_pca256_lexical_w005
47542,55,minibatch_k64,text_pca256_lexical_w005
47543,10,minibatch_k64,text_pca256_lexical_w005
47544,0,minibatch_k64,text_pca256_lexical_w005
47545,40,minibatch_k64,text_pca256_lexical_w005
47546,38,minibatch_k64,text_pca256_lexical_w005
47547,55,minibatch_k64,text_pca256_lexical_w005
47548,23,minibatch_k64,text_pca256_lexical_w005
47549,53,minibatch_k64,text_pca256_lexical_w005
47550,15,minibatch_k64,text_pca256_lexical_w005
47551,40,minibatch_k64,text_pca256_lexical_w005
47552,23,minibatch_k64,text_pca256_lexical_w005
47553,38,minibatch_k64,text_pca256_lexical_w005
47554,12,minibatch_k64,text_pca256_lexical_w005
47555,55,minibatch_k64,text_pca256_lexical_w005
47556,8,minibatch_k64,text_pca256_lexical_w005
47557,2,minibatch_k64,text_pca256_lexical_w005
47558,62,minibatch_k64,text_pca256_lexical_w005
47559,53,minibatch_k64,text_pca256_lexical_w005
47560,23,minibatch_k64,text_pca256_lexical_w005
47561,38,minibatch_k64,text_pca256_lexical_w005
47562,55,minibatch_k64,text_pca256_lexical_w005
47563,18,minibatch_k64,text_pca256_lexical_w005
47564,15,minibatch_k64,text_pca256_lexical_w005
47565,0,minibatch_k64,text_pca256_lexical_w005
47566,38,minibatch_k64,text_pca256_lexical_w005
47567,55,minibatch_k64,text_pca256_lexical_w005
47568,15,minibatch_k64,text_pca256_lexical_w005
47569,21,minibatch_k64,text_pca256_lexical_w005
47570,0,minibatch_k64,text_pca256_lexical_w005
47571,15,minibatch_k64,text_pca256_lexical_w005
47572,4,minibatch_k64,text_pca256_lexical_w005
47573,8,minibatch_k64,text_pca256_lexical_w005
47574,23,minibatch_k64,text_pca256_lexical_w005
47575,59,minibatch_k64,text_pca256_lexical_w005
47576,23,minibatch_k64,text_pca256_lexical_w005
47577,59,minibatch_k64,text_pca256_lexical_w005
47578,21,minibatch_k64,text_pca256_lexical_w005
47579,23,minibatch_k64,text_pca256_lexical_w005
47580,23,minibatch_k64,text_pca256_lexical_w005
47581,16,minibatch_k64,text_pca256_lexical_w005
47582,23,minibatch_k64,text_pca256_lexical_w005
47583,55,minibatch_k64,text_pca256_lexical_w005
47584,18,minibatch_k64,text_pca256_lexical_w005
47585,23,minibatch_k64,text_pca256_lexical_w005
47586,32,minibatch_k64,text_pca256_lexical_w005
47587,10,minibatch_k64,text_pca256_lexical_w005
47588,20,minibatch_k64,text_pca256_lexical_w005
47589,55,minibatch_k64,text_pca256_lexical_w005
47590,18,minibatch_k64,text_pca256_lexical_w005
47591,18,minibatch_k64,text_pca256_lexical_w005
47592,23,minibatch_k64,text_pca256_lexical_w005
47593,18,minibatch_k64,text_pca256_lexical_w005
47594,18,minibatch_k64,text_pca256_lexical_w005
47595,10,minibatch_k64,text_pca256_lexical_w005
47596,8,minibatch_k64,text_pca256_lexical_w005
47597,59,minibatch_k64,text_pca256_lexical_w005
47598,21,minibatch_k64,text_pca256_lexical_w005
47599,4,minibatch_k64,text_pca256_lexical_w005
47600,8,minibatch_k64,text_pca256_lexical_w005
47601,5,minibatch_k64,text_pca256_lexical_w005
47602,8,minibatch_k64,text_pca256_lexical_w005
47603,15,minibatch_k64,text_pca256_lexical_w005
47604,8,minibatch_k64,text_pca256_lexical_w005
47605,15,minibatch_k64,text_pca256_lexical_w005
47606,0,minibatch_k64,text_pca256_lexical_w005
47607,0,minibatch_k64,text_pca256_lexical_w005
47608,8,minibatch_k64,text_pca256_lexical_w005
47609,25,minibatch_k64,text_pca256_lexical_w005
47610,33,minibatch_k64,text_pca256_lexical_w005
47611,33,minibatch_k64,text_pca256_lexical_w005
47612,0,minibatch_k64,text_pca256_lexical_w005
47613,62,minibatch_k64,text_pca256_lexical_w005
47614,15,minibatch_k64,text_pca256_lexical_w005
47615,0,minibatch_k64,text_pca256_lexical_w005
47616,8,minibatch_k64,text_pca256_lexical_w005
47617,45,minibatch_k64,text_pca256_lexical_w005
47618,5,minibatch_k64,text_pca256_lexical_w005
47619,5,minibatch_k64,text_pca256_lexical_w005
47620,5,minibatch_k64,text_pca256_lexical_w005
47621,5,minibatch_k64,text_pca256_lexical_w005
47622,8,minibatch_k64,text_pca256_lexical_w005
47623,0,minibatch_k64,text_pca256_lexical_w005
47624,0,minibatch_k64,text_pca256_lexical_w005
47625,10,minibatch_k64,text_pca256_lexical_w005
47626,0,minibatch_k64,text_pca256_lexical_w005
47627,15,minibatch_k64,text_pca256_lexical_w005
47628,5,minibatch_k64,text_pca256_lexical_w005
47629,45,minibatch_k64,text_pca256_lexical_w005
47630,5,minibatch_k64,text_pca256_lexical_w005
47631,47,minibatch_k64,text_pca256_lexical_w005
47632,62,minibatch_k64,text_pca256_lexical_w005
47633,62,minibatch_k64,text_pca256_lexical_w005
47634,5,minibatch_k64,text_pca256_lexical_w005
47635,15,minibatch_k64,text_pca256_lexical_w005
47636,0,minibatch_k64,text_pca256_lexical_w005
47637,62,minibatch_k64,text_pca256_lexical_w005
47638,33,minibatch_k64,text_pca256_lexical_w005
47639,42,minibatch_k64,text_pca256_lexical_w005
47640,0,minibatch_k64,text_pca256_lexical_w005
47641,8,minibatch_k64,text_pca256_lexical_w005
47642,25,minibatch_k64,text_pca256_lexical_w005
47643,39,minibatch_k64,text_pca256_lexical_w005
47644,8,minibatch_k64,text_pca256_lexical_w005
47645,15,minibatch_k64,text_pca256_lexical_w005
47646,5,minibatch_k64,text_pca256_lexical_w005
47647,0,minibatch_k64,text_pca256_lexical_w005
47648,38,minibatch_k64,text_pca256_lexical_w005
47649,55,minibatch_k64,text_pca256_lexical_w005
47650,37,minibatch_k64,text_pca256_lexical_w005
47651,8,minibatch_k64,text_pca256_lexical_w005
47652,0,minibatch_k64,text_pca256_lexical_w005
47653,23,minibatch_k64,text_pca256_lexical_w005
47654,15,minibatch_k64,text_pca256_lexical_w005
47655,0,minibatch_k64,text_pca256_lexical_w005
47656,0,minibatch_k64,text_pca256_lexical_w005
47657,5,minibatch_k64,text_pca256_lexical_w005
47658,8,minibatch_k64,text_pca256_lexical_w005
47659,33,minibatch_k64,text_pca256_lexical_w005
47660,8,minibatch_k64,text_pca256_lexical_w005
47661,62,minibatch_k64,text_pca256_lexical_w005
47662,59,minibatch_k64,text_pca256_lexical_w005
47663,0,minibatch_k64,text_pca256_lexical_w005
47664,10,minibatch_k64,text_pca256_lexical_w005
47665,8,minibatch_k64,text_pca256_lexical_w005
47666,21,minibatch_k64,text_pca256_lexical_w005
47667,21,minibatch_k64,text_pca256_lexical_w005
47668,15,minibatch_k64,text_pca256_lexical_w005
47669,59,minibatch_k64,text_pca256_lexical_w005
47670,25,minibatch_k64,text_pca256_lexical_w005
47671,8,minibatch_k64,text_pca256_lexical_w005
47672,53,minibatch_k64,text_pca256_lexical_w005
47673,0,minibatch_k64,text_pca256_lexical_w005
47674,0,minibatch_k64,text_pca256_lexical_w005
47675,21,minibatch_k64,text_pca256_lexical_w005
47676,15,minibatch_k64,text_pca256_lexical_w005
47677,0,minibatch_k64,text_pca256_lexical_w005
47678,33,minibatch_k64,text_pca256_lexical_w005
47679,15,minibatch_k64,text_pca256_lexical_w005
47680,21,minibatch_k64,text_pca256_lexical_w005
47681,10,minibatch_k64,text_pca256_lexical_w005
47682,10,minibatch_k64,text_pca256_lexical_w005
47683,58,minibatch_k64,text_pca256_lexical_w005
47684,58,minibatch_k64,text_pca256_lexical_w005
47685,62,minibatch_k64,text_pca256_lexical_w005
47686,45,minibatch_k64,text_pca256_lexical_w005
47687,63,minibatch_k64,text_pca256_lexical_w005
47688,33,minibatch_k64,text_pca256_lexical_w005
47689,21,minibatch_k64,text_pca256_lexical_w005
47690,8,minibatch_k64,text_pca256_lexical_w005
47691,8,minibatch_k64,text_pca256_lexical_w005
47692,45,minibatch_k64,text_pca256_lexical_w005
47693,33,minibatch_k64,text_pca256_lexical_w005
47694,0,minibatch_k64,text_pca256_lexical_w005
47695,15,minibatch_k64,text_pca256_lexical_w005
47696,42,minibatch_k64,text_pca256_lexical_w005
47697,0,minibatch_k64,text_pca256_lexical_w005
47698,15,minibatch_k64,text_pca256_lexical_w005
47699,33,minibatch_k64,text_pca256_lexical_w005
47700,21,minibatch_k64,text_pca256_lexical_w005
47701,21,minibatch_k64,text_pca256_lexical_w005
47702,33,minibatch_k64,text_pca256_lexical_w005
47703,8,minibatch_k64,text_pca256_lexical_w005
47704,8,minibatch_k64,text_pca256_lexical_w005
47705,62,minibatch_k64,text_pca256_lexical_w005
47706,0,minibatch_k64,text_pca256_lexical_w005
47707,8,minibatch_k64,text_pca256_lexical_w005
47708,15,minibatch_k64,text_pca256_lexical_w005
47709,33,minibatch_k64,text_pca256_lexical_w005
47710,8,minibatch_k64,text_pca256_lexical_w005
47711,62,minibatch_k64,text_pca256_lexical_w005
47712,15,minibatch_k64,text_pca256_lexical_w005
47713,15,minibatch_k64,text_pca256_lexical_w005
47714,23,minibatch_k64,text_pca256_lexical_w005
47715,8,minibatch_k64,text_pca256_lexical_w005
47716,0,minibatch_k64,text_pca256_lexical_w005
47717,15,minibatch_k64,text_pca256_lexical_w005
47718,0,minibatch_k64,text_pca256_lexical_w005
47719,21,minibatch_k64,text_pca256_lexical_w005
47720,15,minibatch_k64,text_pca256_lexical_w005
47721,23,minibatch_k64,text_pca256_lexical_w005
47722,10,minibatch_k64,text_pca256_lexical_w005
47723,62,minibatch_k64,text_pca256_lexical_w005
47724,15,minibatch_k64,text_pca256_lexical_w005
47725,33,minibatch_k64,text_pca256_lexical_w005
47726,33,minibatch_k64,text_pca256_lexical_w005
47727,15,minibatch_k64,text_pca256_lexical_w005
47728,50,minibatch_k64,text_pca256_lexical_w005
47729,33,minibatch_k64,text_pca256_lexical_w005
47730,0,minibatch_k64,text_pca256_lexical_w005
47731,62,minibatch_k64,text_pca256_lexical_w005
47732,10,minibatch_k64,text_pca256_lexical_w005
47733,62,minibatch_k64,text_pca256_lexical_w005
47734,33,minibatch_k64,text_pca256_lexical_w005
47735,62,minibatch_k64,text_pca256_lexical_w005
47736,62,minibatch_k64,text_pca256_lexical_w005
47737,62,minibatch_k64,text_pca256_lexical_w005
47738,0,minibatch_k64,text_pca256_lexical_w005
47739,15,minibatch_k64,text_pca256_lexical_w005
47740,14,minibatch_k64,text_pca256_lexical_w005
47741,50,minibatch_k64,text_pca256_lexical_w005
47742,0,minibatch_k64,text_pca256_lexical_w005
47743,62,minibatch_k64,text_pca256_lexical_w005
47744,33,minibatch_k64,text_pca256_lexical_w005
47745,33,minibatch_k64,text_pca256_lexical_w005
47746,33,minibatch_k64,text_pca256_lexical_w005
47747,33,minibatch_k64,text_pca256_lexical_w005
47748,8,minibatch_k64,text_pca256_lexical_w005
47749,0,minibatch_k64,text_pca256_lexical_w005
47750,33,minibatch_k64,text_pca256_lexical_w005
47751,58,minibatch_k64,text_pca256_lexical_w005
47752,0,minibatch_k64,text_pca256_lexical_w005
47753,38,minibatch_k64,text_pca256_lexical_w005
47754,45,minibatch_k64,text_pca256_lexical_w005
47755,42,minibatch_k64,text_pca256_lexical_w005
47756,10,minibatch_k64,text_pca256_lexical_w005
47757,25,minibatch_k64,text_pca256_lexical_w005
47758,21,minibatch_k64,text_pca256_lexical_w005
47759,60,minibatch_k64,text_pca256_lexical_w005
47760,33,minibatch_k64,text_pca256_lexical_w005
47761,15,minibatch_k64,text_pca256_lexical_w005
47762,23,minibatch_k64,text_pca256_lexical_w005
47763,8,minibatch_k64,text_pca256_lexical_w005
47764,33,minibatch_k64,text_pca256_lexical_w005
47765,8,minibatch_k64,text_pca256_lexical_w005
47766,0,minibatch_k64,text_pca256_lexical_w005
47767,21,minibatch_k64,text_pca256_lexical_w005
47768,8,minibatch_k64,text_pca256_lexical_w005
47769,42,minibatch_k64,text_pca256_lexical_w005
47770,62,minibatch_k64,text_pca256_lexical_w005
47771,15,minibatch_k64,text_pca256_lexical_w005
47772,8,minibatch_k64,text_pca256_lexical_w005
47773,23,minibatch_k64,text_pca256_lexical_w005
47774,8,minibatch_k64,text_pca256_lexical_w005
47775,8,minibatch_k64,text_pca256_lexical_w005
47776,8,minibatch_k64,text_pca256_lexical_w005
47777,15,minibatch_k64,text_pca256_lexical_w005
47778,23,minibatch_k64,text_pca256_lexical_w005
47779,8,minibatch_k64,text_pca256_lexical_w005
47780,62,minibatch_k64,text_pca256_lexical_w005
47781,8,minibatch_k64,text_pca256_lexical_w005
47782,23,minibatch_k64,text_pca256_lexical_w005
47783,0,minibatch_k64,text_pca256_lexical_w005
47784,21,minibatch_k64,text_pca256_lexical_w005
47785,14,minibatch_k64,text_pca256_lexical_w005
47786,2,minibatch_k64,text_pca256_lexical_w005
47787,8,minibatch_k64,text_pca256_lexical_w005
47788,8,minibatch_k64,text_pca256_lexical_w005
47789,10,minibatch_k64,text_pca256_lexical_w005
47790,25,minibatch_k64,text_pca256_lexical_w005
47791,0,minibatch_k64,text_pca256_lexical_w005
47792,54,minibatch_k64,text_pca256_lexical_w005
47793,62,minibatch_k64,text_pca256_lexical_w005
47794,39,minibatch_k64,text_pca256_lexical_w005
47795,15,minibatch_k64,text_pca256_lexical_w005
47796,59,minibatch_k64,text_pca256_lexical_w005
47797,8,minibatch_k64,text_pca256_lexical_w005
47798,8,minibatch_k64,text_pca256_lexical_w005
47799,10,minibatch_k64,text_pca256_lexical_w005
47800,0,minibatch_k64,text_pca256_lexical_w005
47801,0,minibatch_k64,text_pca256_lexical_w005
47802,50,minibatch_k64,text_pca256_lexical_w005
47803,25,minibatch_k64,text_pca256_lexical_w005
47804,14,minibatch_k64,text_pca256_lexical_w005
47805,8,minibatch_k64,text_pca256_lexical_w005
47806,33,minibatch_k64,text_pca256_lexical_w005
47807,39,minibatch_k64,text_pca256_lexical_w005
47808,62,minibatch_k64,text_pca256_lexical_w005
47809,38,minibatch_k64,text_pca256_lexical_w005
47810,36,minibatch_k64,text_pca256_lexical_w005
47811,10,minibatch_k64,text_pca256_lexical_w005
47812,55,minibatch_k64,text_pca256_lexical_w005
47813,55,minibatch_k64,text_pca256_lexical_w005
47814,13,minibatch_k64,text_pca256_lexical_w005
47815,62,minibatch_k64,text_pca256_lexical_w005
47816,62,minibatch_k64,text_pca256_lexical_w005
47817,62,minibatch_k64,text_pca256_lexical_w005
47818,0,minibatch_k64,text_pca256_lexical_w005
47819,62,minibatch_k64,text_pca256_lexical_w005
47820,62,minibatch_k64,text_pca256_lexical_w005
47821,0,minibatch_k64,text_pca256_lexical_w005
47822,10,minibatch_k64,text_pca256_lexical_w005
47823,39,minibatch_k64,text_pca256_lexical_w005
47824,8,minibatch_k64,text_pca256_lexical_w005
47825,8,minibatch_k64,text_pca256_lexical_w005
47826,10,minibatch_k64,text_pca256_lexical_w005
47827,21,minibatch_k64,text_pca256_lexical_w005
47828,39,minibatch_k64,text_pca256_lexical_w005
47829,10,minibatch_k64,text_pca256_lexical_w005
47830,0,minibatch_k64,text_pca256_lexical_w005
47831,8,minibatch_k64,text_pca256_lexical_w005
47832,10,minibatch_k64,text_pca256_lexical_w005
47833,21,minibatch_k64,text_pca256_lexical_w005
47834,10,minibatch_k64,text_pca256_lexical_w005
47835,10,minibatch_k64,text_pca256_lexical_w005
47836,10,minibatch_k64,text_pca256_lexical_w005
47837,10,minibatch_k64,text_pca256_lexical_w005
47838,10,minibatch_k64,text_pca256_lexical_w005
47839,10,minibatch_k64,text_pca256_lexical_w005
47840,10,minibatch_k64,text_pca256_lexical_w005
47841,10,minibatch_k64,text_pca256_lexical_w005
47842,10,minibatch_k64,text_pca256_lexical_w005
47843,10,minibatch_k64,text_pca256_lexical_w005
47844,10,minibatch_k64,text_pca256_lexical_w005
47845,10,minibatch_k64,text_pca256_lexical_w005
47846,10,minibatch_k64,text_pca256_lexical_w005
47847,10,minibatch_k64,text_pca256_lexical_w005
47848,10,minibatch_k64,text_pca256_lexical_w005
47849,0,minibatch_k64,text_pca256_lexical_w005
47850,0,minibatch_k64,text_pca256_lexical_w005
47851,42,minibatch_k64,text_pca256_lexical_w005
47852,47,minibatch_k64,text_pca256_lexical_w005
47853,8,minibatch_k64,text_pca256_lexical_w005
47854,33,minibatch_k64,text_pca256_lexical_w005
47855,62,minibatch_k64,text_pca256_lexical_w005
47856,23,minibatch_k64,text_pca256_lexical_w005
47857,15,minibatch_k64,text_pca256_lexical_w005
47858,21,minibatch_k64,text_pca256_lexical_w005
47859,62,minibatch_k64,text_pca256_lexical_w005
47860,33,minibatch_k64,text_pca256_lexical_w005
47861,8,minibatch_k64,text_pca256_lexical_w005
47862,33,minibatch_k64,text_pca256_lexical_w005
47863,10,minibatch_k64,text_pca256_lexical_w005
47864,0,minibatch_k64,text_pca256_lexical_w005
47865,14,minibatch_k64,text_pca256_lexical_w005
47866,15,minibatch_k64,text_pca256_lexical_w005
47867,4,minibatch_k64,text_pca256_lexical_w005
47868,10,minibatch_k64,text_pca256_lexical_w005
47869,56,minibatch_k64,text_pca256_lexical_w005
47870,45,minibatch_k64,text_pca256_lexical_w005
47871,10,minibatch_k64,text_pca256_lexical_w005
47872,38,minibatch_k64,text_pca256_lexical_w005
47873,25,minibatch_k64,text_pca256_lexical_w005
47874,0,minibatch_k64,text_pca256_lexical_w005
47875,62,minibatch_k64,text_pca256_lexical_w005
47876,55,minibatch_k64,text_pca256_lexical_w005
47877,36,minibatch_k64,text_pca256_lexical_w005
47878,60,minibatch_k64,text_pca256_lexical_w005
47879,45,minibatch_k64,text_pca256_lexical_w005
47880,45,minibatch_k64,text_pca256_lexical_w005
47881,15,minibatch_k64,text_pca256_lexical_w005
47882,59,minibatch_k64,text_pca256_lexical_w005
47883,59,minibatch_k64,text_pca256_lexical_w005
47884,4,minibatch_k64,text_pca256_lexical_w005
47885,4,minibatch_k64,text_pca256_lexical_w005
47886,4,minibatch_k64,text_pca256_lexical_w005
47887,59,minibatch_k64,text_pca256_lexical_w005
47888,45,minibatch_k64,text_pca256_lexical_w005
47889,62,minibatch_k64,text_pca256_lexical_w005
47890,21,minibatch_k64,text_pca256_lexical_w005
47891,15,minibatch_k64,text_pca256_lexical_w005
47892,42,minibatch_k64,text_pca256_lexical_w005
47893,8,minibatch_k64,text_pca256_lexical_w005
47894,15,minibatch_k64,text_pca256_lexical_w005
47895,0,minibatch_k64,text_pca256_lexical_w005
47896,62,minibatch_k64,text_pca256_lexical_w005
47897,45,minibatch_k64,text_pca256_lexical_w005
47898,0,minibatch_k64,text_pca256_lexical_w005
47899,62,minibatch_k64,text_pca256_lexical_w005
47900,33,minibatch_k64,text_pca256_lexical_w005
47901,62,minibatch_k64,text_pca256_lexical_w005
47902,42,minibatch_k64,text_pca256_lexical_w005
47903,45,minibatch_k64,text_pca256_lexical_w005
47904,33,minibatch_k64,text_pca256_lexical_w005
47905,62,minibatch_k64,text_pca256_lexical_w005
47906,14,minibatch_k64,text_pca256_lexical_w005
47907,10,minibatch_k64,text_pca256_lexical_w005
47908,62,minibatch_k64,text_pca256_lexical_w005
47909,45,minibatch_k64,text_pca256_lexical_w005
47910,38,minibatch_k64,text_pca256_lexical_w005
47911,36,minibatch_k64,text_pca256_lexical_w005
47912,25,minibatch_k64,text_pca256_lexical_w005
47913,55,minibatch_k64,text_pca256_lexical_w005
47914,21,minibatch_k64,text_pca256_lexical_w005
47915,0,minibatch_k64,text_pca256_lexical_w005
47916,23,minibatch_k64,text_pca256_lexical_w005
47917,45,minibatch_k64,text_pca256_lexical_w005
47918,54,minibatch_k64,text_pca256_lexical_w005
47919,23,minibatch_k64,text_pca256_lexical_w005
47920,45,minibatch_k64,text_pca256_lexical_w005
47921,15,minibatch_k64,text_pca256_lexical_w005
47922,62,minibatch_k64,text_pca256_lexical_w005
47923,59,minibatch_k64,text_pca256_lexical_w005
47924,15,minibatch_k64,text_pca256_lexical_w005
47925,23,minibatch_k64,text_pca256_lexical_w005
47926,59,minibatch_k64,text_pca256_lexical_w005
47927,15,minibatch_k64,text_pca256_lexical_w005
47928,0,minibatch_k64,text_pca256_lexical_w005
47929,45,minibatch_k64,text_pca256_lexical_w005
47930,59,minibatch_k64,text_pca256_lexical_w005
47931,10,minibatch_k64,text_pca256_lexical_w005
47932,23,minibatch_k64,text_pca256_lexical_w005
47933,0,minibatch_k64,text_pca256_lexical_w005
47934,45,minibatch_k64,text_pca256_lexical_w005
47935,39,minibatch_k64,text_pca256_lexical_w005
47936,8,minibatch_k64,text_pca256_lexical_w005
47937,62,minibatch_k64,text_pca256_lexical_w005
47938,62,minibatch_k64,text_pca256_lexical_w005
47939,0,minibatch_k64,text_pca256_lexical_w005
47940,2,minibatch_k64,text_pca256_lexical_w005
47941,39,minibatch_k64,text_pca256_lexical_w005
47942,62,minibatch_k64,text_pca256_lexical_w005
47943,10,minibatch_k64,text_pca256_lexical_w005
47944,10,minibatch_k64,text_pca256_lexical_w005
47945,15,minibatch_k64,text_pca256_lexical_w005
47946,45,minibatch_k64,text_pca256_lexical_w005
47947,59,minibatch_k64,text_pca256_lexical_w005
47948,10,minibatch_k64,text_pca256_lexical_w005
47949,45,minibatch_k64,text_pca256_lexical_w005
47950,39,minibatch_k64,text_pca256_lexical_w005
47951,62,minibatch_k64,text_pca256_lexical_w005
47952,0,minibatch_k64,text_pca256_lexical_w005
47953,10,minibatch_k64,text_pca256_lexical_w005
47954,62,minibatch_k64,text_pca256_lexical_w005
47955,8,minibatch_k64,text_pca256_lexical_w005
47956,23,minibatch_k64,text_pca256_lexical_w005
47957,39,minibatch_k64,text_pca256_lexical_w005
47958,15,minibatch_k64,text_pca256_lexical_w005
47959,39,minibatch_k64,text_pca256_lexical_w005
47960,45,minibatch_k64,text_pca256_lexical_w005
47961,45,minibatch_k64,text_pca256_lexical_w005
47962,45,minibatch_k64,text_pca256_lexical_w005
47963,45,minibatch_k64,text_pca256_lexical_w005
47964,42,minibatch_k64,text_pca256_lexical_w005
47965,45,minibatch_k64,text_pca256_lexical_w005
47966,38,minibatch_k64,text_pca256_lexical_w005
47967,25,minibatch_k64,text_pca256_lexical_w005
47968,45,minibatch_k64,text_pca256_lexical_w005
47969,15,minibatch_k64,text_pca256_lexical_w005
47970,55,minibatch_k64,text_pca256_lexical_w005
47971,45,minibatch_k64,text_pca256_lexical_w005
47972,33,minibatch_k64,text_pca256_lexical_w005
47973,14,minibatch_k64,text_pca256_lexical_w005
47974,45,minibatch_k64,text_pca256_lexical_w005
47975,18,minibatch_k64,text_pca256_lexical_w005
47976,35,minibatch_k64,text_pca256_lexical_w005
47977,45,minibatch_k64,text_pca256_lexical_w005
47978,45,minibatch_k64,text_pca256_lexical_w005
47979,15,minibatch_k64,text_pca256_lexical_w005
47980,45,minibatch_k64,text_pca256_lexical_w005
47981,50,minibatch_k64,text_pca256_lexical_w005
47982,45,minibatch_k64,text_pca256_lexical_w005
47983,2,minibatch_k64,text_pca256_lexical_w005
47984,15,minibatch_k64,text_pca256_lexical_w005
47985,45,minibatch_k64,text_pca256_lexical_w005
47986,0,minibatch_k64,text_pca256_lexical_w005
47987,45,minibatch_k64,text_pca256_lexical_w005
47988,0,minibatch_k64,text_pca256_lexical_w005
47989,0,minibatch_k64,text_pca256_lexical_w005
47990,8,minibatch_k64,text_pca256_lexical_w005
47991,45,minibatch_k64,text_pca256_lexical_w005
47992,0,minibatch_k64,text_pca256_lexical_w005
47993,45,minibatch_k64,text_pca256_lexical_w005
47994,8,minibatch_k64,text_pca256_lexical_w005
47995,8,minibatch_k64,text_pca256_lexical_w005
47996,45,minibatch_k64,text_pca256_lexical_w005
47997,0,minibatch_k64,text_pca256_lexical_w005
47998,59,minibatch_k64,text_pca256_lexical_w005
47999,12,minibatch_k64,text_pca256_lexical_w005
48000,59,minibatch_k64,text_pca256_lexical_w005
48001,21,minibatch_k64,text_pca256_lexical_w005
48002,62,minibatch_k64,text_pca256_lexical_w005
48003,8,minibatch_k64,text_pca256_lexical_w005
48004,62,minibatch_k64,text_pca256_lexical_w005
48005,33,minibatch_k64,text_pca256_lexical_w005
48006,10,minibatch_k64,text_pca256_lexical_w005
48007,45,minibatch_k64,text_pca256_lexical_w005
48008,33,minibatch_k64,text_pca256_lexical_w005
48009,62,minibatch_k64,text_pca256_lexical_w005
48010,62,minibatch_k64,text_pca256_lexical_w005
48011,45,minibatch_k64,text_pca256_lexical_w005
48012,45,minibatch_k64,text_pca256_lexical_w005
48013,15,minibatch_k64,text_pca256_lexical_w005
48014,45,minibatch_k64,text_pca256_lexical_w005
48015,39,minibatch_k64,text_pca256_lexical_w005
48016,53,minibatch_k64,text_pca256_lexical_w005
48017,59,minibatch_k64,text_pca256_lexical_w005
48018,45,minibatch_k64,text_pca256_lexical_w005
48019,33,minibatch_k64,text_pca256_lexical_w005
48020,33,minibatch_k64,text_pca256_lexical_w005
48021,45,minibatch_k64,text_pca256_lexical_w005
48022,10,minibatch_k64,text_pca256_lexical_w005
48023,59,minibatch_k64,text_pca256_lexical_w005
48024,45,minibatch_k64,text_pca256_lexical_w005
48025,59,minibatch_k64,text_pca256_lexical_w005
48026,59,minibatch_k64,text_pca256_lexical_w005
48027,59,minibatch_k64,text_pca256_lexical_w005
48028,59,minibatch_k64,text_pca256_lexical_w005
48029,59,minibatch_k64,text_pca256_lexical_w005
48030,15,minibatch_k64,text_pca256_lexical_w005
48031,45,minibatch_k64,text_pca256_lexical_w005
48032,45,minibatch_k64,text_pca256_lexical_w005
48033,59,minibatch_k64,text_pca256_lexical_w005
48034,0,minibatch_k64,text_pca256_lexical_w005
48035,0,minibatch_k64,text_pca256_lexical_w005
48036,45,minibatch_k64,text_pca256_lexical_w005
48037,10,minibatch_k64,text_pca256_lexical_w005
48038,45,minibatch_k64,text_pca256_lexical_w005
48039,0,minibatch_k64,text_pca256_lexical_w005
48040,59,minibatch_k64,text_pca256_lexical_w005
48041,10,minibatch_k64,text_pca256_lexical_w005
48042,59,minibatch_k64,text_pca256_lexical_w005
48043,59,minibatch_k64,text_pca256_lexical_w005
48044,59,minibatch_k64,text_pca256_lexical_w005
48045,45,minibatch_k64,text_pca256_lexical_w005
48046,8,minibatch_k64,text_pca256_lexical_w005
48047,45,minibatch_k64,text_pca256_lexical_w005
48048,59,minibatch_k64,text_pca256_lexical_w005
48049,45,minibatch_k64,text_pca256_lexical_w005
48050,15,minibatch_k64,text_pca256_lexical_w005
48051,45,minibatch_k64,text_pca256_lexical_w005
48052,45,minibatch_k64,text_pca256_lexical_w005
48053,59,minibatch_k64,text_pca256_lexical_w005
48054,15,minibatch_k64,text_pca256_lexical_w005
48055,15,minibatch_k64,text_pca256_lexical_w005
48056,59,minibatch_k64,text_pca256_lexical_w005
48057,0,minibatch_k64,text_pca256_lexical_w005
48058,59,minibatch_k64,text_pca256_lexical_w005
48059,59,minibatch_k64,text_pca256_lexical_w005
48060,10,minibatch_k64,text_pca256_lexical_w005
48061,0,minibatch_k64,text_pca256_lexical_w005
48062,45,minibatch_k64,text_pca256_lexical_w005
48063,8,minibatch_k64,text_pca256_lexical_w005
48064,45,minibatch_k64,text_pca256_lexical_w005
48065,0,minibatch_k64,text_pca256_lexical_w005
48066,8,minibatch_k64,text_pca256_lexical_w005
48067,59,minibatch_k64,text_pca256_lexical_w005
48068,45,minibatch_k64,text_pca256_lexical_w005
48069,15,minibatch_k64,text_pca256_lexical_w005
48070,45,minibatch_k64,text_pca256_lexical_w005
48071,41,minibatch_k64,text_pca256_lexical_w005
48072,62,minibatch_k64,text_pca256_lexical_w005
48073,8,minibatch_k64,text_pca256_lexical_w005
48074,45,minibatch_k64,text_pca256_lexical_w005
48075,33,minibatch_k64,text_pca256_lexical_w005
48076,59,minibatch_k64,text_pca256_lexical_w005
48077,50,minibatch_k64,text_pca256_lexical_w005
48078,45,minibatch_k64,text_pca256_lexical_w005
48079,41,minibatch_k64,text_pca256_lexical_w005
48080,0,minibatch_k64,text_pca256_lexical_w005
48081,59,minibatch_k64,text_pca256_lexical_w005
48082,45,minibatch_k64,text_pca256_lexical_w005
48083,15,minibatch_k64,text_pca256_lexical_w005
48084,10,minibatch_k64,text_pca256_lexical_w005
48085,59,minibatch_k64,text_pca256_lexical_w005
48086,45,minibatch_k64,text_pca256_lexical_w005
48087,59,minibatch_k64,text_pca256_lexical_w005
48088,15,minibatch_k64,text_pca256_lexical_w005
48089,45,minibatch_k64,text_pca256_lexical_w005
48090,0,minibatch_k64,text_pca256_lexical_w005
48091,59,minibatch_k64,text_pca256_lexical_w005
48092,62,minibatch_k64,text_pca256_lexical_w005
48093,59,minibatch_k64,text_pca256_lexical_w005
48094,62,minibatch_k64,text_pca256_lexical_w005
48095,59,minibatch_k64,text_pca256_lexical_w005
48096,59,minibatch_k64,text_pca256_lexical_w005
48097,59,minibatch_k64,text_pca256_lexical_w005
48098,59,minibatch_k64,text_pca256_lexical_w005
48099,45,minibatch_k64,text_pca256_lexical_w005
48100,59,minibatch_k64,text_pca256_lexical_w005
48101,8,minibatch_k64,text_pca256_lexical_w005
48102,21,minibatch_k64,text_pca256_lexical_w005
48103,45,minibatch_k64,text_pca256_lexical_w005
48104,23,minibatch_k64,text_pca256_lexical_w005
48105,45,minibatch_k64,text_pca256_lexical_w005
48106,0,minibatch_k64,text_pca256_lexical_w005
48107,59,minibatch_k64,text_pca256_lexical_w005
48108,0,minibatch_k64,text_pca256_lexical_w005
48109,59,minibatch_k64,text_pca256_lexical_w005
48110,45,minibatch_k64,text_pca256_lexical_w005
48111,61,minibatch_k64,text_pca256_lexical_w005
48112,15,minibatch_k64,text_pca256_lexical_w005
48113,62,minibatch_k64,text_pca256_lexical_w005
48114,10,minibatch_k64,text_pca256_lexical_w005
48115,45,minibatch_k64,text_pca256_lexical_w005
48116,59,minibatch_k64,text_pca256_lexical_w005
48117,8,minibatch_k64,text_pca256_lexical_w005
48118,45,minibatch_k64,text_pca256_lexical_w005
48119,45,minibatch_k64,text_pca256_lexical_w005
48120,21,minibatch_k64,text_pca256_lexical_w005
48121,48,minibatch_k64,text_pca256_lexical_w005
48122,59,minibatch_k64,text_pca256_lexical_w005
48123,8,minibatch_k64,text_pca256_lexical_w005
48124,33,minibatch_k64,text_pca256_lexical_w005
48125,33,minibatch_k64,text_pca256_lexical_w005
48126,45,minibatch_k64,text_pca256_lexical_w005
48127,21,minibatch_k64,text_pca256_lexical_w005
48128,21,minibatch_k64,text_pca256_lexical_w005
48129,45,minibatch_k64,text_pca256_lexical_w005
48130,2,minibatch_k64,text_pca256_lexical_w005
48131,2,minibatch_k64,text_pca256_lexical_w005
48132,39,minibatch_k64,text_pca256_lexical_w005
48133,45,minibatch_k64,text_pca256_lexical_w005
48134,10,minibatch_k64,text_pca256_lexical_w005
48135,59,minibatch_k64,text_pca256_lexical_w005
48136,15,minibatch_k64,text_pca256_lexical_w005
48137,15,minibatch_k64,text_pca256_lexical_w005
48138,0,minibatch_k64,text_pca256_lexical_w005
48139,59,minibatch_k64,text_pca256_lexical_w005
48140,0,minibatch_k64,text_pca256_lexical_w005
48141,59,minibatch_k64,text_pca256_lexical_w005
48142,33,minibatch_k64,text_pca256_lexical_w005
48143,0,minibatch_k64,text_pca256_lexical_w005
48144,0,minibatch_k64,text_pca256_lexical_w005
48145,8,minibatch_k64,text_pca256_lexical_w005
48146,10,minibatch_k64,text_pca256_lexical_w005
48147,10,minibatch_k64,text_pca256_lexical_w005
48148,53,minibatch_k64,text_pca256_lexical_w005
48149,59,minibatch_k64,text_pca256_lexical_w005
48150,0,minibatch_k64,text_pca256_lexical_w005
48151,50,minibatch_k64,text_pca256_lexical_w005
48152,45,minibatch_k64,text_pca256_lexical_w005
48153,48,minibatch_k64,text_pca256_lexical_w005
48154,0,minibatch_k64,text_pca256_lexical_w005
48155,0,minibatch_k64,text_pca256_lexical_w005
48156,10,minibatch_k64,text_pca256_lexical_w005
48157,45,minibatch_k64,text_pca256_lexical_w005
48158,34,minibatch_k64,text_pca256_lexical_w005
48159,34,minibatch_k64,text_pca256_lexical_w005
48160,7,minibatch_k64,text_pca256_lexical_w005
48161,0,minibatch_k64,text_pca256_lexical_w005
48162,59,minibatch_k64,text_pca256_lexical_w005
48163,34,minibatch_k64,text_pca256_lexical_w005
48164,7,minibatch_k64,text_pca256_lexical_w005
48165,39,minibatch_k64,text_pca256_lexical_w005
48166,39,minibatch_k64,text_pca256_lexical_w005
48167,62,minibatch_k64,text_pca256_lexical_w005
48168,62,minibatch_k64,text_pca256_lexical_w005
48169,34,minibatch_k64,text_pca256_lexical_w005
48170,0,minibatch_k64,text_pca256_lexical_w005
48171,0,minibatch_k64,text_pca256_lexical_w005
48172,39,minibatch_k64,text_pca256_lexical_w005
48173,39,minibatch_k64,text_pca256_lexical_w005
48174,62,minibatch_k64,text_pca256_lexical_w005
48175,33,minibatch_k64,text_pca256_lexical_w005
48176,33,minibatch_k64,text_pca256_lexical_w005
48177,33,minibatch_k64,text_pca256_lexical_w005
48178,0,minibatch_k64,text_pca256_lexical_w005
48179,0,minibatch_k64,text_pca256_lexical_w005
48180,15,minibatch_k64,text_pca256_lexical_w005
48181,10,minibatch_k64,text_pca256_lexical_w005
48182,10,minibatch_k64,text_pca256_lexical_w005
48183,56,minibatch_k64,text_pca256_lexical_w005
48184,10,minibatch_k64,text_pca256_lexical_w005
48185,23,minibatch_k64,text_pca256_lexical_w005
48186,10,minibatch_k64,text_pca256_lexical_w005
48187,0,minibatch_k64,text_pca256_lexical_w005
48188,59,minibatch_k64,text_pca256_lexical_w005
48189,0,minibatch_k64,text_pca256_lexical_w005
48190,59,minibatch_k64,text_pca256_lexical_w005
48191,0,minibatch_k64,text_pca256_lexical_w005
48192,62,minibatch_k64,text_pca256_lexical_w005
48193,0,minibatch_k64,text_pca256_lexical_w005
48194,0,minibatch_k64,text_pca256_lexical_w005
48195,0,minibatch_k64,text_pca256_lexical_w005
48196,59,minibatch_k64,text_pca256_lexical_w005
48197,0,minibatch_k64,text_pca256_lexical_w005
48198,0,minibatch_k64,text_pca256_lexical_w005
48199,10,minibatch_k64,text_pca256_lexical_w005
48200,45,minibatch_k64,text_pca256_lexical_w005
48201,15,minibatch_k64,text_pca256_lexical_w005
48202,39,minibatch_k64,text_pca256_lexical_w005
48203,15,minibatch_k64,text_pca256_lexical_w005
48204,15,minibatch_k64,text_pca256_lexical_w005
48205,10,minibatch_k64,text_pca256_lexical_w005
48206,0,minibatch_k64,text_pca256_lexical_w005
48207,62,minibatch_k64,text_pca256_lexical_w005
48208,50,minibatch_k64,text_pca256_lexical_w005
48209,59,minibatch_k64,text_pca256_lexical_w005
48210,10,minibatch_k64,text_pca256_lexical_w005
48211,10,minibatch_k64,text_pca256_lexical_w005
48212,59,minibatch_k64,text_pca256_lexical_w005
48213,0,minibatch_k64,text_pca256_lexical_w005
48214,10,minibatch_k64,text_pca256_lexical_w005
48215,0,minibatch_k64,text_pca256_lexical_w005
48216,0,minibatch_k64,text_pca256_lexical_w005
48217,62,minibatch_k64,text_pca256_lexical_w005
48218,10,minibatch_k64,text_pca256_lexical_w005
48219,62,minibatch_k64,text_pca256_lexical_w005
48220,0,minibatch_k64,text_pca256_lexical_w005
48221,59,minibatch_k64,text_pca256_lexical_w005
48222,0,minibatch_k64,text_pca256_lexical_w005
48223,0,minibatch_k64,text_pca256_lexical_w005
48224,50,minibatch_k64,text_pca256_lexical_w005
48225,10,minibatch_k64,text_pca256_lexical_w005
48226,59,minibatch_k64,text_pca256_lexical_w005
48227,10,minibatch_k64,text_pca256_lexical_w005
48228,56,minibatch_k64,text_pca256_lexical_w005
48229,15,minibatch_k64,text_pca256_lexical_w005
48230,0,minibatch_k64,text_pca256_lexical_w005
48231,45,minibatch_k64,text_pca256_lexical_w005
48232,42,minibatch_k64,text_pca256_lexical_w005
48233,10,minibatch_k64,text_pca256_lexical_w005
48234,10,minibatch_k64,text_pca256_lexical_w005
48235,34,minibatch_k64,text_pca256_lexical_w005
48236,59,minibatch_k64,text_pca256_lexical_w005
48237,59,minibatch_k64,text_pca256_lexical_w005
48238,62,minibatch_k64,text_pca256_lexical_w005
48239,15,minibatch_k64,text_pca256_lexical_w005
48240,0,minibatch_k64,text_pca256_lexical_w005
48241,15,minibatch_k64,text_pca256_lexical_w005
48242,8,minibatch_k64,text_pca256_lexical_w005
48243,33,minibatch_k64,text_pca256_lexical_w005
48244,21,minibatch_k64,text_pca256_lexical_w005
48245,10,minibatch_k64,text_pca256_lexical_w005
48246,62,minibatch_k64,text_pca256_lexical_w005
48247,8,minibatch_k64,text_pca256_lexical_w005
48248,15,minibatch_k64,text_pca256_lexical_w005
48249,8,minibatch_k64,text_pca256_lexical_w005
48250,15,minibatch_k64,text_pca256_lexical_w005
48251,23,minibatch_k64,text_pca256_lexical_w005
48252,0,minibatch_k64,text_pca256_lexical_w005
48253,15,minibatch_k64,text_pca256_lexical_w005
48254,53,minibatch_k64,text_pca256_lexical_w005
48255,15,minibatch_k64,text_pca256_lexical_w005
48256,15,minibatch_k64,text_pca256_lexical_w005
48257,59,minibatch_k64,text_pca256_lexical_w005
48258,45,minibatch_k64,text_pca256_lexical_w005
48259,10,minibatch_k64,text_pca256_lexical_w005
48260,10,minibatch_k64,text_pca256_lexical_w005
48261,33,minibatch_k64,text_pca256_lexical_w005
48262,0,minibatch_k64,text_pca256_lexical_w005
48263,15,minibatch_k64,text_pca256_lexical_w005
48264,0,minibatch_k64,text_pca256_lexical_w005
48265,48,minibatch_k64,text_pca256_lexical_w005
48266,0,minibatch_k64,text_pca256_lexical_w005
48267,59,minibatch_k64,text_pca256_lexical_w005
48268,59,minibatch_k64,text_pca256_lexical_w005
48269,59,minibatch_k64,text_pca256_lexical_w005
48270,59,minibatch_k64,text_pca256_lexical_w005
48271,33,minibatch_k64,text_pca256_lexical_w005
48272,33,minibatch_k64,text_pca256_lexical_w005
48273,8,minibatch_k64,text_pca256_lexical_w005
48274,33,minibatch_k64,text_pca256_lexical_w005
48275,45,minibatch_k64,text_pca256_lexical_w005
48276,10,minibatch_k64,text_pca256_lexical_w005
48277,33,minibatch_k64,text_pca256_lexical_w005
48278,33,minibatch_k64,text_pca256_lexical_w005
48279,21,minibatch_k64,text_pca256_lexical_w005
48280,0,minibatch_k64,text_pca256_lexical_w005
48281,5,minibatch_k64,text_pca256_lexical_w005
48282,39,minibatch_k64,text_pca256_lexical_w005
48283,0,minibatch_k64,text_pca256_lexical_w005
48284,15,minibatch_k64,text_pca256_lexical_w005
48285,15,minibatch_k64,text_pca256_lexical_w005
48286,0,minibatch_k64,text_pca256_lexical_w005
48287,62,minibatch_k64,text_pca256_lexical_w005
48288,33,minibatch_k64,text_pca256_lexical_w005
48289,62,minibatch_k64,text_pca256_lexical_w005
48290,10,minibatch_k64,text_pca256_lexical_w005
48291,0,minibatch_k64,text_pca256_lexical_w005
48292,15,minibatch_k64,text_pca256_lexical_w005
48293,15,minibatch_k64,text_pca256_lexical_w005
48294,10,minibatch_k64,text_pca256_lexical_w005
48295,53,minibatch_k64,text_pca256_lexical_w005
48296,0,minibatch_k64,text_pca256_lexical_w005
48297,10,minibatch_k64,text_pca256_lexical_w005
48298,10,minibatch_k64,text_pca256_lexical_w005
48299,15,minibatch_k64,text_pca256_lexical_w005
48300,15,minibatch_k64,text_pca256_lexical_w005
48301,59,minibatch_k64,text_pca256_lexical_w005
48302,0,minibatch_k64,text_pca256_lexical_w005
48303,10,minibatch_k64,text_pca256_lexical_w005
48304,33,minibatch_k64,text_pca256_lexical_w005
48305,59,minibatch_k64,text_pca256_lexical_w005
48306,15,minibatch_k64,text_pca256_lexical_w005
48307,42,minibatch_k64,text_pca256_lexical_w005
48308,33,minibatch_k64,text_pca256_lexical_w005
48309,45,minibatch_k64,text_pca256_lexical_w005
48310,0,minibatch_k64,text_pca256_lexical_w005
48311,8,minibatch_k64,text_pca256_lexical_w005
48312,8,minibatch_k64,text_pca256_lexical_w005
48313,0,minibatch_k64,text_pca256_lexical_w005
48314,62,minibatch_k64,text_pca256_lexical_w005
48315,62,minibatch_k64,text_pca256_lexical_w005
48316,23,minibatch_k64,text_pca256_lexical_w005
48317,53,minibatch_k64,text_pca256_lexical_w005
48318,62,minibatch_k64,text_pca256_lexical_w005
48319,62,minibatch_k64,text_pca256_lexical_w005
48320,59,minibatch_k64,text_pca256_lexical_w005
48321,10,minibatch_k64,text_pca256_lexical_w005
48322,62,minibatch_k64,text_pca256_lexical_w005
48323,8,minibatch_k64,text_pca256_lexical_w005
48324,59,minibatch_k64,text_pca256_lexical_w005
48325,33,minibatch_k64,text_pca256_lexical_w005
48326,15,minibatch_k64,text_pca256_lexical_w005
48327,0,minibatch_k64,text_pca256_lexical_w005
48328,42,minibatch_k64,text_pca256_lexical_w005
48329,62,minibatch_k64,text_pca256_lexical_w005
48330,45,minibatch_k64,text_pca256_lexical_w005
48331,10,minibatch_k64,text_pca256_lexical_w005
48332,2,minibatch_k64,text_pca256_lexical_w005
48333,59,minibatch_k64,text_pca256_lexical_w005
48334,39,minibatch_k64,text_pca256_lexical_w005
48335,33,minibatch_k64,text_pca256_lexical_w005
48336,15,minibatch_k64,text_pca256_lexical_w005
48337,59,minibatch_k64,text_pca256_lexical_w005
48338,59,minibatch_k64,text_pca256_lexical_w005
48339,10,minibatch_k64,text_pca256_lexical_w005
48340,53,minibatch_k64,text_pca256_lexical_w005
48341,62,minibatch_k64,text_pca256_lexical_w005
48342,0,minibatch_k64,text_pca256_lexical_w005
48343,62,minibatch_k64,text_pca256_lexical_w005
48344,34,minibatch_k64,text_pca256_lexical_w005
48345,0,minibatch_k64,text_pca256_lexical_w005
48346,59,minibatch_k64,text_pca256_lexical_w005
48347,59,minibatch_k64,text_pca256_lexical_w005
48348,7,minibatch_k64,text_pca256_lexical_w005
48349,59,minibatch_k64,text_pca256_lexical_w005
48350,7,minibatch_k64,text_pca256_lexical_w005
48351,0,minibatch_k64,text_pca256_lexical_w005
48352,62,minibatch_k64,text_pca256_lexical_w005
48353,0,minibatch_k64,text_pca256_lexical_w005
48354,59,minibatch_k64,text_pca256_lexical_w005
48355,0,minibatch_k64,text_pca256_lexical_w005
48356,48,minibatch_k64,text_pca256_lexical_w005
48357,23,minibatch_k64,text_pca256_lexical_w005
48358,45,minibatch_k64,text_pca256_lexical_w005
48359,8,minibatch_k64,text_pca256_lexical_w005
48360,48,minibatch_k64,text_pca256_lexical_w005
48361,62,minibatch_k64,text_pca256_lexical_w005
48362,0,minibatch_k64,text_pca256_lexical_w005
48363,48,minibatch_k64,text_pca256_lexical_w005
48364,23,minibatch_k64,text_pca256_lexical_w005
48365,33,minibatch_k64,text_pca256_lexical_w005
48366,33,minibatch_k64,text_pca256_lexical_w005
48367,42,minibatch_k64,text_pca256_lexical_w005
48368,59,minibatch_k64,text_pca256_lexical_w005
48369,0,minibatch_k64,text_pca256_lexical_w005
48370,59,minibatch_k64,text_pca256_lexical_w005
48371,59,minibatch_k64,text_pca256_lexical_w005
48372,8,minibatch_k64,text_pca256_lexical_w005
48373,10,minibatch_k64,text_pca256_lexical_w005
48374,45,minibatch_k64,text_pca256_lexical_w005
48375,4,minibatch_k64,text_pca256_lexical_w005
48376,53,minibatch_k64,text_pca256_lexical_w005
48377,10,minibatch_k64,text_pca256_lexical_w005
48378,0,minibatch_k64,text_pca256_lexical_w005
48379,15,minibatch_k64,text_pca256_lexical_w005
48380,10,minibatch_k64,text_pca256_lexical_w005
48381,15,minibatch_k64,text_pca256_lexical_w005
48382,33,minibatch_k64,text_pca256_lexical_w005
48383,10,minibatch_k64,text_pca256_lexical_w005
48384,59,minibatch_k64,text_pca256_lexical_w005
48385,8,minibatch_k64,text_pca256_lexical_w005
48386,45,minibatch_k64,text_pca256_lexical_w005
48387,45,minibatch_k64,text_pca256_lexical_w005
48388,33,minibatch_k64,text_pca256_lexical_w005
48389,10,minibatch_k64,text_pca256_lexical_w005
48390,53,minibatch_k64,text_pca256_lexical_w005
48391,10,minibatch_k64,text_pca256_lexical_w005
48392,10,minibatch_k64,text_pca256_lexical_w005
48393,62,minibatch_k64,text_pca256_lexical_w005
48394,0,minibatch_k64,text_pca256_lexical_w005
48395,0,minibatch_k64,text_pca256_lexical_w005
48396,23,minibatch_k64,text_pca256_lexical_w005
48397,33,minibatch_k64,text_pca256_lexical_w005
48398,39,minibatch_k64,text_pca256_lexical_w005
48399,8,minibatch_k64,text_pca256_lexical_w005
48400,15,minibatch_k64,text_pca256_lexical_w005
48401,15,minibatch_k64,text_pca256_lexical_w005
48402,10,minibatch_k64,text_pca256_lexical_w005
48403,0,minibatch_k64,text_pca256_lexical_w005
48404,10,minibatch_k64,text_pca256_lexical_w005
48405,10,minibatch_k64,text_pca256_lexical_w005
48406,10,minibatch_k64,text_pca256_lexical_w005
48407,10,minibatch_k64,text_pca256_lexical_w005
48408,50,minibatch_k64,text_pca256_lexical_w005
48409,15,minibatch_k64,text_pca256_lexical_w005
48410,8,minibatch_k64,text_pca256_lexical_w005
48411,0,minibatch_k64,text_pca256_lexical_w005
48412,8,minibatch_k64,text_pca256_lexical_w005
48413,10,minibatch_k64,text_pca256_lexical_w005
48414,10,minibatch_k64,text_pca256_lexical_w005
48415,2,minibatch_k64,text_pca256_lexical_w005
48416,10,minibatch_k64,text_pca256_lexical_w005
48417,10,minibatch_k64,text_pca256_lexical_w005
48418,33,minibatch_k64,text_pca256_lexical_w005
48419,15,minibatch_k64,text_pca256_lexical_w005
48420,10,minibatch_k64,text_pca256_lexical_w005
48421,10,minibatch_k64,text_pca256_lexical_w005
48422,45,minibatch_k64,text_pca256_lexical_w005
48423,10,minibatch_k64,text_pca256_lexical_w005
48424,10,minibatch_k64,text_pca256_lexical_w005
48425,15,minibatch_k64,text_pca256_lexical_w005
48426,10,minibatch_k64,text_pca256_lexical_w005
48427,15,minibatch_k64,text_pca256_lexical_w005
48428,0,minibatch_k64,text_pca256_lexical_w005
48429,5,minibatch_k64,text_pca256_lexical_w005
48430,0,minibatch_k64,text_pca256_lexical_w005
48431,8,minibatch_k64,text_pca256_lexical_w005
48432,5,minibatch_k64,text_pca256_lexical_w005
48433,5,minibatch_k64,text_pca256_lexical_w005
48434,5,minibatch_k64,text_pca256_lexical_w005
48435,5,minibatch_k64,text_pca256_lexical_w005
48436,8,minibatch_k64,text_pca256_lexical_w005
48437,55,minibatch_k64,text_pca256_lexical_w005
48438,0,minibatch_k64,text_pca256_lexical_w005
48439,14,minibatch_k64,text_pca256_lexical_w005
48440,5,minibatch_k64,text_pca256_lexical_w005
48441,2,minibatch_k64,text_pca256_lexical_w005
48442,3,minibatch_k64,text_pca256_lexical_w005
48443,33,minibatch_k64,text_pca256_lexical_w005
48444,55,minibatch_k64,text_pca256_lexical_w005
48445,35,minibatch_k64,text_pca256_lexical_w005
48446,0,minibatch_k64,text_pca256_lexical_w005
48447,14,minibatch_k64,text_pca256_lexical_w005
48448,5,minibatch_k64,text_pca256_lexical_w005
48449,5,minibatch_k64,text_pca256_lexical_w005
48450,3,minibatch_k64,text_pca256_lexical_w005
48451,21,minibatch_k64,text_pca256_lexical_w005
48452,45,minibatch_k64,text_pca256_lexical_w005
48453,10,minibatch_k64,text_pca256_lexical_w005
48454,10,minibatch_k64,text_pca256_lexical_w005
48455,10,minibatch_k64,text_pca256_lexical_w005
48456,14,minibatch_k64,text_pca256_lexical_w005
48457,5,minibatch_k64,text_pca256_lexical_w005
48458,62,minibatch_k64,text_pca256_lexical_w005
48459,62,minibatch_k64,text_pca256_lexical_w005
48460,59,minibatch_k64,text_pca256_lexical_w005
48461,3,minibatch_k64,text_pca256_lexical_w005
48462,55,minibatch_k64,text_pca256_lexical_w005
48463,33,minibatch_k64,text_pca256_lexical_w005
48464,14,minibatch_k64,text_pca256_lexical_w005
48465,0,minibatch_k64,text_pca256_lexical_w005
48466,15,minibatch_k64,text_pca256_lexical_w005
48467,2,minibatch_k64,text_pca256_lexical_w005
48468,21,minibatch_k64,text_pca256_lexical_w005
48469,10,minibatch_k64,text_pca256_lexical_w005
48470,14,minibatch_k64,text_pca256_lexical_w005
48471,0,minibatch_k64,text_pca256_lexical_w005
48472,21,minibatch_k64,text_pca256_lexical_w005
48473,33,minibatch_k64,text_pca256_lexical_w005
48474,33,minibatch_k64,text_pca256_lexical_w005
48475,45,minibatch_k64,text_pca256_lexical_w005
48476,25,minibatch_k64,text_pca256_lexical_w005
48477,55,minibatch_k64,text_pca256_lexical_w005
48478,8,minibatch_k64,text_pca256_lexical_w005
48479,14,minibatch_k64,text_pca256_lexical_w005
48480,8,minibatch_k64,text_pca256_lexical_w005
48481,42,minibatch_k64,text_pca256_lexical_w005
48482,0,minibatch_k64,text_pca256_lexical_w005
48483,15,minibatch_k64,text_pca256_lexical_w005
48484,8,minibatch_k64,text_pca256_lexical_w005
48485,56,minibatch_k64,text_pca256_lexical_w005
48486,2,minibatch_k64,text_pca256_lexical_w005
48487,25,minibatch_k64,text_pca256_lexical_w005
48488,23,minibatch_k64,text_pca256_lexical_w005
48489,33,minibatch_k64,text_pca256_lexical_w005
48490,55,minibatch_k64,text_pca256_lexical_w005
48491,12,minibatch_k64,text_pca256_lexical_w005
48492,39,minibatch_k64,text_pca256_lexical_w005
48493,3,minibatch_k64,text_pca256_lexical_w005
48494,12,minibatch_k64,text_pca256_lexical_w005
48495,45,minibatch_k64,text_pca256_lexical_w005
48496,12,minibatch_k64,text_pca256_lexical_w005
48497,10,minibatch_k64,text_pca256_lexical_w005
48498,33,minibatch_k64,text_pca256_lexical_w005
48499,12,minibatch_k64,text_pca256_lexical_w005
48500,15,minibatch_k64,text_pca256_lexical_w005
48501,14,minibatch_k64,text_pca256_lexical_w005
48502,33,minibatch_k64,text_pca256_lexical_w005
48503,21,minibatch_k64,text_pca256_lexical_w005
48504,5,minibatch_k64,text_pca256_lexical_w005
48505,42,minibatch_k64,text_pca256_lexical_w005
48506,23,minibatch_k64,text_pca256_lexical_w005
48507,39,minibatch_k64,text_pca256_lexical_w005
48508,62,minibatch_k64,text_pca256_lexical_w005
48509,10,minibatch_k64,text_pca256_lexical_w005
48510,62,minibatch_k64,text_pca256_lexical_w005
48511,0,minibatch_k64,text_pca256_lexical_w005
48512,55,minibatch_k64,text_pca256_lexical_w005
48513,5,minibatch_k64,text_pca256_lexical_w005
48514,14,minibatch_k64,text_pca256_lexical_w005
48515,2,minibatch_k64,text_pca256_lexical_w005
48516,62,minibatch_k64,text_pca256_lexical_w005
48517,62,minibatch_k64,text_pca256_lexical_w005
48518,0,minibatch_k64,text_pca256_lexical_w005
48519,0,minibatch_k64,text_pca256_lexical_w005
48520,0,minibatch_k64,text_pca256_lexical_w005
48521,0,minibatch_k64,text_pca256_lexical_w005
48522,0,minibatch_k64,text_pca256_lexical_w005
48523,39,minibatch_k64,text_pca256_lexical_w005
48524,8,minibatch_k64,text_pca256_lexical_w005
48525,45,minibatch_k64,text_pca256_lexical_w005
48526,33,minibatch_k64,text_pca256_lexical_w005
48527,0,minibatch_k64,text_pca256_lexical_w005
48528,8,minibatch_k64,text_pca256_lexical_w005
48529,21,minibatch_k64,text_pca256_lexical_w005
48530,20,minibatch_k64,text_pca256_lexical_w005
48531,56,minibatch_k64,text_pca256_lexical_w005
48532,8,minibatch_k64,text_pca256_lexical_w005
48533,29,minibatch_k64,text_pca256_lexical_w005
48534,8,minibatch_k64,text_pca256_lexical_w005
48535,33,minibatch_k64,text_pca256_lexical_w005
48536,21,minibatch_k64,text_pca256_lexical_w005
48537,55,minibatch_k64,text_pca256_lexical_w005
48538,15,minibatch_k64,text_pca256_lexical_w005
48539,0,minibatch_k64,text_pca256_lexical_w005
48540,21,minibatch_k64,text_pca256_lexical_w005
48541,21,minibatch_k64,text_pca256_lexical_w005
48542,8,minibatch_k64,text_pca256_lexical_w005
48543,23,minibatch_k64,text_pca256_lexical_w005
48544,15,minibatch_k64,text_pca256_lexical_w005
48545,10,minibatch_k64,text_pca256_lexical_w005
48546,10,minibatch_k64,text_pca256_lexical_w005
48547,8,minibatch_k64,text_pca256_lexical_w005
48548,8,minibatch_k64,text_pca256_lexical_w005
48549,15,minibatch_k64,text_pca256_lexical_w005
48550,33,minibatch_k64,text_pca256_lexical_w005
48551,20,minibatch_k64,text_pca256_lexical_w005
48552,20,minibatch_k64,text_pca256_lexical_w005
48553,25,minibatch_k64,text_pca256_lexical_w005
48554,20,minibatch_k64,text_pca256_lexical_w005
48555,55,minibatch_k64,text_pca256_lexical_w005
48556,8,minibatch_k64,text_pca256_lexical_w005
48557,8,minibatch_k64,text_pca256_lexical_w005
48558,0,minibatch_k64,text_pca256_lexical_w005
48559,62,minibatch_k64,text_pca256_lexical_w005
48560,33,minibatch_k64,text_pca256_lexical_w005
48561,62,minibatch_k64,text_pca256_lexical_w005
48562,0,minibatch_k64,text_pca256_lexical_w005
48563,50,minibatch_k64,text_pca256_lexical_w005
48564,55,minibatch_k64,text_pca256_lexical_w005
48565,0,minibatch_k64,text_pca256_lexical_w005
48566,8,minibatch_k64,text_pca256_lexical_w005
48567,55,minibatch_k64,text_pca256_lexical_w005
48568,21,minibatch_k64,text_pca256_lexical_w005
48569,21,minibatch_k64,text_pca256_lexical_w005
48570,59,minibatch_k64,text_pca256_lexical_w005
48571,55,minibatch_k64,text_pca256_lexical_w005
48572,62,minibatch_k64,text_pca256_lexical_w005
48573,55,minibatch_k64,text_pca256_lexical_w005
48574,33,minibatch_k64,text_pca256_lexical_w005
48575,12,minibatch_k64,text_pca256_lexical_w005
48576,0,minibatch_k64,text_pca256_lexical_w005
48577,32,minibatch_k64,text_pca256_lexical_w005
48578,55,minibatch_k64,text_pca256_lexical_w005
48579,10,minibatch_k64,text_pca256_lexical_w005
48580,45,minibatch_k64,text_pca256_lexical_w005
48581,15,minibatch_k64,text_pca256_lexical_w005
48582,45,minibatch_k64,text_pca256_lexical_w005
48583,0,minibatch_k64,text_pca256_lexical_w005
48584,6,minibatch_k64,text_pca256_lexical_w005
48585,0,minibatch_k64,text_pca256_lexical_w005
48586,0,minibatch_k64,text_pca256_lexical_w005
48587,34,minibatch_k64,text_pca256_lexical_w005
48588,62,minibatch_k64,text_pca256_lexical_w005
48589,6,minibatch_k64,text_pca256_lexical_w005
48590,6,minibatch_k64,text_pca256_lexical_w005
48591,34,minibatch_k64,text_pca256_lexical_w005
48592,62,minibatch_k64,text_pca256_lexical_w005
48593,62,minibatch_k64,text_pca256_lexical_w005
48594,62,minibatch_k64,text_pca256_lexical_w005
48595,21,minibatch_k64,text_pca256_lexical_w005
48596,10,minibatch_k64,text_pca256_lexical_w005
48597,62,minibatch_k64,text_pca256_lexical_w005
48598,62,minibatch_k64,text_pca256_lexical_w005
48599,34,minibatch_k64,text_pca256_lexical_w005
48600,10,minibatch_k64,text_pca256_lexical_w005
48601,6,minibatch_k64,text_pca256_lexical_w005
48602,21,minibatch_k64,text_pca256_lexical_w005
48603,21,minibatch_k64,text_pca256_lexical_w005
48604,21,minibatch_k64,text_pca256_lexical_w005
48605,21,minibatch_k64,text_pca256_lexical_w005
48606,6,minibatch_k64,text_pca256_lexical_w005
48607,21,minibatch_k64,text_pca256_lexical_w005
48608,21,minibatch_k64,text_pca256_lexical_w005
48609,6,minibatch_k64,text_pca256_lexical_w005
48610,15,minibatch_k64,text_pca256_lexical_w005
48611,5,minibatch_k64,text_pca256_lexical_w005
48612,5,minibatch_k64,text_pca256_lexical_w005
48613,5,minibatch_k64,text_pca256_lexical_w005
48614,15,minibatch_k64,text_pca256_lexical_w005
48615,0,minibatch_k64,text_pca256_lexical_w005
48616,47,minibatch_k64,text_pca256_lexical_w005
48617,10,minibatch_k64,text_pca256_lexical_w005
48618,62,minibatch_k64,text_pca256_lexical_w005
48619,62,minibatch_k64,text_pca256_lexical_w005
48620,5,minibatch_k64,text_pca256_lexical_w005
48621,23,minibatch_k64,text_pca256_lexical_w005
48622,42,minibatch_k64,text_pca256_lexical_w005
48623,10,minibatch_k64,text_pca256_lexical_w005
48624,62,minibatch_k64,text_pca256_lexical_w005
48625,50,minibatch_k64,text_pca256_lexical_w005
48626,29,minibatch_k64,text_pca256_lexical_w005
48627,2,minibatch_k64,text_pca256_lexical_w005
48628,47,minibatch_k64,text_pca256_lexical_w005
48629,0,minibatch_k64,text_pca256_lexical_w005
48630,0,minibatch_k64,text_pca256_lexical_w005
48631,15,minibatch_k64,text_pca256_lexical_w005
48632,62,minibatch_k64,text_pca256_lexical_w005
48633,38,minibatch_k64,text_pca256_lexical_w005
48634,45,minibatch_k64,text_pca256_lexical_w005
48635,55,minibatch_k64,text_pca256_lexical_w005
48636,62,minibatch_k64,text_pca256_lexical_w005
48637,62,minibatch_k64,text_pca256_lexical_w005
48638,38,minibatch_k64,text_pca256_lexical_w005
48639,55,minibatch_k64,text_pca256_lexical_w005
48640,0,minibatch_k64,text_pca256_lexical_w005
48641,5,minibatch_k64,text_pca256_lexical_w005
48642,15,minibatch_k64,text_pca256_lexical_w005
48643,38,minibatch_k64,text_pca256_lexical_w005
48644,59,minibatch_k64,text_pca256_lexical_w005
48645,15,minibatch_k64,text_pca256_lexical_w005
48646,15,minibatch_k64,text_pca256_lexical_w005
48647,53,minibatch_k64,text_pca256_lexical_w005
48648,38,minibatch_k64,text_pca256_lexical_w005
48649,59,minibatch_k64,text_pca256_lexical_w005
48650,59,minibatch_k64,text_pca256_lexical_w005
48651,38,minibatch_k64,text_pca256_lexical_w005
48652,55,minibatch_k64,text_pca256_lexical_w005
48653,62,minibatch_k64,text_pca256_lexical_w005
48654,5,minibatch_k64,text_pca256_lexical_w005
48655,62,minibatch_k64,text_pca256_lexical_w005
48656,5,minibatch_k64,text_pca256_lexical_w005
48657,0,minibatch_k64,text_pca256_lexical_w005
48658,38,minibatch_k64,text_pca256_lexical_w005
48659,40,minibatch_k64,text_pca256_lexical_w005
48660,45,minibatch_k64,text_pca256_lexical_w005
48661,38,minibatch_k64,text_pca256_lexical_w005
48662,55,minibatch_k64,text_pca256_lexical_w005
48663,59,minibatch_k64,text_pca256_lexical_w005
48664,0,minibatch_k64,text_pca256_lexical_w005
48665,38,minibatch_k64,text_pca256_lexical_w005
48666,55,minibatch_k64,text_pca256_lexical_w005
48667,5,minibatch_k64,text_pca256_lexical_w005
48668,38,minibatch_k64,text_pca256_lexical_w005
48669,55,minibatch_k64,text_pca256_lexical_w005
48670,38,minibatch_k64,text_pca256_lexical_w005
48671,55,minibatch_k64,text_pca256_lexical_w005
48672,38,minibatch_k64,text_pca256_lexical_w005
48673,55,minibatch_k64,text_pca256_lexical_w005
48674,59,minibatch_k64,text_pca256_lexical_w005
48675,38,minibatch_k64,text_pca256_lexical_w005
48676,55,minibatch_k64,text_pca256_lexical_w005
48677,38,minibatch_k64,text_pca256_lexical_w005
48678,36,minibatch_k64,text_pca256_lexical_w005
48679,55,minibatch_k64,text_pca256_lexical_w005
48680,38,minibatch_k64,text_pca256_lexical_w005
48681,32,minibatch_k64,text_pca256_lexical_w005
48682,36,minibatch_k64,text_pca256_lexical_w005
48683,55,minibatch_k64,text_pca256_lexical_w005
48684,38,minibatch_k64,text_pca256_lexical_w005
48685,36,minibatch_k64,text_pca256_lexical_w005
48686,55,minibatch_k64,text_pca256_lexical_w005
48687,62,minibatch_k64,text_pca256_lexical_w005
48688,38,minibatch_k64,text_pca256_lexical_w005
48689,36,minibatch_k64,text_pca256_lexical_w005
48690,55,minibatch_k64,text_pca256_lexical_w005
48691,62,minibatch_k64,text_pca256_lexical_w005
48692,6,minibatch_k64,text_pca256_lexical_w005
48693,7,minibatch_k64,text_pca256_lexical_w005
48694,59,minibatch_k64,text_pca256_lexical_w005
48695,8,minibatch_k64,text_pca256_lexical_w005
48696,6,minibatch_k64,text_pca256_lexical_w005
48697,21,minibatch_k64,text_pca256_lexical_w005
48698,6,minibatch_k64,text_pca256_lexical_w005
48699,59,minibatch_k64,text_pca256_lexical_w005
48700,59,minibatch_k64,text_pca256_lexical_w005
48701,10,minibatch_k64,text_pca256_lexical_w005
48702,10,minibatch_k64,text_pca256_lexical_w005
48703,8,minibatch_k64,text_pca256_lexical_w005
48704,8,minibatch_k64,text_pca256_lexical_w005
48705,10,minibatch_k64,text_pca256_lexical_w005
48706,62,minibatch_k64,text_pca256_lexical_w005
48707,10,minibatch_k64,text_pca256_lexical_w005
48708,62,minibatch_k64,text_pca256_lexical_w005
48709,10,minibatch_k64,text_pca256_lexical_w005
48710,10,minibatch_k64,text_pca256_lexical_w005
48711,62,minibatch_k64,text_pca256_lexical_w005
48712,62,minibatch_k64,text_pca256_lexical_w005
48713,41,minibatch_k64,text_pca256_lexical_w005
48714,6,minibatch_k64,text_pca256_lexical_w005
48715,48,minibatch_k64,text_pca256_lexical_w005
48716,41,minibatch_k64,text_pca256_lexical_w005
48717,33,minibatch_k64,text_pca256_lexical_w005
48718,23,minibatch_k64,text_pca256_lexical_w005
48719,33,minibatch_k64,text_pca256_lexical_w005
48720,42,minibatch_k64,text_pca256_lexical_w005
48721,42,minibatch_k64,text_pca256_lexical_w005
48722,46,minibatch_k64,text_pca256_lexical_w005
48723,42,minibatch_k64,text_pca256_lexical_w005
48724,46,minibatch_k64,text_pca256_lexical_w005
48725,46,minibatch_k64,text_pca256_lexical_w005
48726,42,minibatch_k64,text_pca256_lexical_w005
48727,46,minibatch_k64,text_pca256_lexical_w005
48728,42,minibatch_k64,text_pca256_lexical_w005
48729,5,minibatch_k64,text_pca256_lexical_w005
48730,42,minibatch_k64,text_pca256_lexical_w005
48731,8,minibatch_k64,text_pca256_lexical_w005
48732,33,minibatch_k64,text_pca256_lexical_w005
48733,42,minibatch_k64,text_pca256_lexical_w005
48734,42,minibatch_k64,text_pca256_lexical_w005
48735,42,minibatch_k64,text_pca256_lexical_w005
48736,33,minibatch_k64,text_pca256_lexical_w005
48737,33,minibatch_k64,text_pca256_lexical_w005
48738,42,minibatch_k64,text_pca256_lexical_w005
48739,8,minibatch_k64,text_pca256_lexical_w005
48740,23,minibatch_k64,text_pca256_lexical_w005
48741,42,minibatch_k64,text_pca256_lexical_w005
48742,10,minibatch_k64,text_pca256_lexical_w005
48743,33,minibatch_k64,text_pca256_lexical_w005
48744,50,minibatch_k64,text_pca256_lexical_w005
48745,0,minibatch_k64,text_pca256_lexical_w005
48746,0,minibatch_k64,text_pca256_lexical_w005
48747,21,minibatch_k64,text_pca256_lexical_w005
48748,21,minibatch_k64,text_pca256_lexical_w005
48749,33,minibatch_k64,text_pca256_lexical_w005
48750,10,minibatch_k64,text_pca256_lexical_w005
48751,42,minibatch_k64,text_pca256_lexical_w005
48752,42,minibatch_k64,text_pca256_lexical_w005
48753,33,minibatch_k64,text_pca256_lexical_w005
48754,33,minibatch_k64,text_pca256_lexical_w005
48755,33,minibatch_k64,text_pca256_lexical_w005
48756,15,minibatch_k64,text_pca256_lexical_w005
48757,0,minibatch_k64,text_pca256_lexical_w005
48758,33,minibatch_k64,text_pca256_lexical_w005
48759,8,minibatch_k64,text_pca256_lexical_w005
48760,42,minibatch_k64,text_pca256_lexical_w005
48761,42,minibatch_k64,text_pca256_lexical_w005
48762,33,minibatch_k64,text_pca256_lexical_w005
48763,42,minibatch_k64,text_pca256_lexical_w005
48764,42,minibatch_k64,text_pca256_lexical_w005
48765,15,minibatch_k64,text_pca256_lexical_w005
48766,21,minibatch_k64,text_pca256_lexical_w005
48767,62,minibatch_k64,text_pca256_lexical_w005
48768,33,minibatch_k64,text_pca256_lexical_w005
48769,42,minibatch_k64,text_pca256_lexical_w005
48770,42,minibatch_k64,text_pca256_lexical_w005
48771,42,minibatch_k64,text_pca256_lexical_w005
48772,42,minibatch_k64,text_pca256_lexical_w005
48773,42,minibatch_k64,text_pca256_lexical_w005
48774,42,minibatch_k64,text_pca256_lexical_w005
48775,42,minibatch_k64,text_pca256_lexical_w005
48776,21,minibatch_k64,text_pca256_lexical_w005
48777,33,minibatch_k64,text_pca256_lexical_w005
48778,42,minibatch_k64,text_pca256_lexical_w005
48779,23,minibatch_k64,text_pca256_lexical_w005
48780,42,minibatch_k64,text_pca256_lexical_w005
48781,50,minibatch_k64,text_pca256_lexical_w005
48782,42,minibatch_k64,text_pca256_lexical_w005
48783,42,minibatch_k64,text_pca256_lexical_w005
48784,50,minibatch_k64,text_pca256_lexical_w005
48785,50,minibatch_k64,text_pca256_lexical_w005
48786,62,minibatch_k64,text_pca256_lexical_w005
48787,62,minibatch_k64,text_pca256_lexical_w005
48788,50,minibatch_k64,text_pca256_lexical_w005
48789,62,minibatch_k64,text_pca256_lexical_w005
48790,42,minibatch_k64,text_pca256_lexical_w005
48791,33,minibatch_k64,text_pca256_lexical_w005
48792,50,minibatch_k64,text_pca256_lexical_w005
48793,33,minibatch_k64,text_pca256_lexical_w005
48794,42,minibatch_k64,text_pca256_lexical_w005
48795,42,minibatch_k64,text_pca256_lexical_w005
48796,42,minibatch_k64,text_pca256_lexical_w005
48797,33,minibatch_k64,text_pca256_lexical_w005
48798,62,minibatch_k64,text_pca256_lexical_w005
48799,21,minibatch_k64,text_pca256_lexical_w005
48800,23,minibatch_k64,text_pca256_lexical_w005
48801,62,minibatch_k64,text_pca256_lexical_w005
48802,42,minibatch_k64,text_pca256_lexical_w005
48803,2,minibatch_k64,text_pca256_lexical_w005
48804,50,minibatch_k64,text_pca256_lexical_w005
48805,62,minibatch_k64,text_pca256_lexical_w005
48806,2,minibatch_k64,text_pca256_lexical_w005
48807,2,minibatch_k64,text_pca256_lexical_w005
48808,62,minibatch_k64,text_pca256_lexical_w005
48809,50,minibatch_k64,text_pca256_lexical_w005
48810,2,minibatch_k64,text_pca256_lexical_w005
48811,25,minibatch_k64,text_pca256_lexical_w005
48812,50,minibatch_k64,text_pca256_lexical_w005
48813,2,minibatch_k64,text_pca256_lexical_w005
48814,25,minibatch_k64,text_pca256_lexical_w005
48815,38,minibatch_k64,text_pca256_lexical_w005
48816,50,minibatch_k64,text_pca256_lexical_w005
48817,2,minibatch_k64,text_pca256_lexical_w005
48818,25,minibatch_k64,text_pca256_lexical_w005
48819,8,minibatch_k64,text_pca256_lexical_w005
48820,38,minibatch_k64,text_pca256_lexical_w005
48821,62,minibatch_k64,text_pca256_lexical_w005
48822,50,minibatch_k64,text_pca256_lexical_w005
48823,15,minibatch_k64,text_pca256_lexical_w005
48824,2,minibatch_k64,text_pca256_lexical_w005
48825,38,minibatch_k64,text_pca256_lexical_w005
48826,25,minibatch_k64,text_pca256_lexical_w005
48827,50,minibatch_k64,text_pca256_lexical_w005
48828,62,minibatch_k64,text_pca256_lexical_w005
48829,33,minibatch_k64,text_pca256_lexical_w005
48830,2,minibatch_k64,text_pca256_lexical_w005
48831,25,minibatch_k64,text_pca256_lexical_w005
48832,25,minibatch_k64,text_pca256_lexical_w005
48833,33,minibatch_k64,text_pca256_lexical_w005
48834,10,minibatch_k64,text_pca256_lexical_w005
48835,38,minibatch_k64,text_pca256_lexical_w005
48836,50,minibatch_k64,text_pca256_lexical_w005
48837,2,minibatch_k64,text_pca256_lexical_w005
48838,2,minibatch_k64,text_pca256_lexical_w005
48839,25,minibatch_k64,text_pca256_lexical_w005
48840,8,minibatch_k64,text_pca256_lexical_w005
48841,21,minibatch_k64,text_pca256_lexical_w005
48842,38,minibatch_k64,text_pca256_lexical_w005
48843,50,minibatch_k64,text_pca256_lexical_w005
48844,33,minibatch_k64,text_pca256_lexical_w005
48845,2,minibatch_k64,text_pca256_lexical_w005
48846,25,minibatch_k64,text_pca256_lexical_w005
48847,0,minibatch_k64,text_pca256_lexical_w005
48848,38,minibatch_k64,text_pca256_lexical_w005
48849,50,minibatch_k64,text_pca256_lexical_w005
48850,50,minibatch_k64,text_pca256_lexical_w005
48851,0,minibatch_k64,text_pca256_lexical_w005
48852,8,minibatch_k64,text_pca256_lexical_w005
48853,15,minibatch_k64,text_pca256_lexical_w005
48854,38,minibatch_k64,text_pca256_lexical_w005
48855,25,minibatch_k64,text_pca256_lexical_w005
48856,50,minibatch_k64,text_pca256_lexical_w005
48857,21,minibatch_k64,text_pca256_lexical_w005
48858,25,minibatch_k64,text_pca256_lexical_w005
48859,2,minibatch_k64,text_pca256_lexical_w005
48860,0,minibatch_k64,text_pca256_lexical_w005
48861,2,minibatch_k64,text_pca256_lexical_w005
48862,38,minibatch_k64,text_pca256_lexical_w005
48863,58,minibatch_k64,text_pca256_lexical_w005
48864,50,minibatch_k64,text_pca256_lexical_w005
48865,62,minibatch_k64,text_pca256_lexical_w005
48866,25,minibatch_k64,text_pca256_lexical_w005
48867,15,minibatch_k64,text_pca256_lexical_w005
48868,38,minibatch_k64,text_pca256_lexical_w005
48869,50,minibatch_k64,text_pca256_lexical_w005
48870,0,minibatch_k64,text_pca256_lexical_w005
48871,15,minibatch_k64,text_pca256_lexical_w005
48872,25,minibatch_k64,text_pca256_lexical_w005
48873,8,minibatch_k64,text_pca256_lexical_w005
48874,38,minibatch_k64,text_pca256_lexical_w005
48875,50,minibatch_k64,text_pca256_lexical_w005
48876,38,minibatch_k64,text_pca256_lexical_w005
48877,50,minibatch_k64,text_pca256_lexical_w005
48878,38,minibatch_k64,text_pca256_lexical_w005
48879,36,minibatch_k64,text_pca256_lexical_w005
48880,25,minibatch_k64,text_pca256_lexical_w005
48881,50,minibatch_k64,text_pca256_lexical_w005
48882,50,minibatch_k64,text_pca256_lexical_w005
48883,39,minibatch_k64,text_pca256_lexical_w005
48884,8,minibatch_k64,text_pca256_lexical_w005
48885,8,minibatch_k64,text_pca256_lexical_w005
48886,20,minibatch_k64,text_pca256_lexical_w005
48887,38,minibatch_k64,text_pca256_lexical_w005
48888,15,minibatch_k64,text_pca256_lexical_w005
48889,50,minibatch_k64,text_pca256_lexical_w005
48890,39,minibatch_k64,text_pca256_lexical_w005
48891,39,minibatch_k64,text_pca256_lexical_w005
48892,0,minibatch_k64,text_pca256_lexical_w005
48893,8,minibatch_k64,text_pca256_lexical_w005
48894,25,minibatch_k64,text_pca256_lexical_w005
48895,38,minibatch_k64,text_pca256_lexical_w005
48896,50,minibatch_k64,text_pca256_lexical_w005
48897,8,minibatch_k64,text_pca256_lexical_w005
48898,59,minibatch_k64,text_pca256_lexical_w005
48899,8,minibatch_k64,text_pca256_lexical_w005
48900,25,minibatch_k64,text_pca256_lexical_w005
48901,38,minibatch_k64,text_pca256_lexical_w005
48902,50,minibatch_k64,text_pca256_lexical_w005
48903,45,minibatch_k64,text_pca256_lexical_w005
48904,32,minibatch_k64,text_pca256_lexical_w005
48905,4,minibatch_k64,text_pca256_lexical_w005
48906,59,minibatch_k64,text_pca256_lexical_w005
48907,62,minibatch_k64,text_pca256_lexical_w005
48908,59,minibatch_k64,text_pca256_lexical_w005
48909,59,minibatch_k64,text_pca256_lexical_w005
48910,59,minibatch_k64,text_pca256_lexical_w005
48911,18,minibatch_k64,text_pca256_lexical_w005
48912,59,minibatch_k64,text_pca256_lexical_w005
48913,0,minibatch_k64,text_pca256_lexical_w005
48914,59,minibatch_k64,text_pca256_lexical_w005
48915,59,minibatch_k64,text_pca256_lexical_w005
48916,18,minibatch_k64,text_pca256_lexical_w005
48917,15,minibatch_k64,text_pca256_lexical_w005
48918,39,minibatch_k64,text_pca256_lexical_w005
48919,33,minibatch_k64,text_pca256_lexical_w005
48920,33,minibatch_k64,text_pca256_lexical_w005
48921,62,minibatch_k64,text_pca256_lexical_w005
48922,62,minibatch_k64,text_pca256_lexical_w005
48923,62,minibatch_k64,text_pca256_lexical_w005
48924,6,minibatch_k64,text_pca256_lexical_w005
48925,0,minibatch_k64,text_pca256_lexical_w005
48926,53,minibatch_k64,text_pca256_lexical_w005
48927,53,minibatch_k64,text_pca256_lexical_w005
48928,62,minibatch_k64,text_pca256_lexical_w005
48929,62,minibatch_k64,text_pca256_lexical_w005
48930,6,minibatch_k64,text_pca256_lexical_w005
48931,10,minibatch_k64,text_pca256_lexical_w005
48932,6,minibatch_k64,text_pca256_lexical_w005
48933,10,minibatch_k64,text_pca256_lexical_w005
48934,2,minibatch_k64,text_pca256_lexical_w005
48935,6,minibatch_k64,text_pca256_lexical_w005
48936,33,minibatch_k64,text_pca256_lexical_w005
48937,0,minibatch_k64,text_pca256_lexical_w005
48938,61,minibatch_k64,text_pca256_lexical_w005
48939,0,minibatch_k64,text_pca256_lexical_w005
48940,21,minibatch_k64,text_pca256_lexical_w005
48941,42,minibatch_k64,text_pca256_lexical_w005
48942,8,minibatch_k64,text_pca256_lexical_w005
48943,62,minibatch_k64,text_pca256_lexical_w005
48944,10,minibatch_k64,text_pca256_lexical_w005
48945,48,minibatch_k64,text_pca256_lexical_w005
48946,40,minibatch_k64,text_pca256_lexical_w005
48947,45,minibatch_k64,text_pca256_lexical_w005
48948,0,minibatch_k64,text_pca256_lexical_w005
48949,42,minibatch_k64,text_pca256_lexical_w005
48950,22,minibatch_k64,text_pca256_lexical_w005
48951,25,minibatch_k64,text_pca256_lexical_w005
48952,10,minibatch_k64,text_pca256_lexical_w005
48953,21,minibatch_k64,text_pca256_lexical_w005
48954,42,minibatch_k64,text_pca256_lexical_w005
48955,8,minibatch_k64,text_pca256_lexical_w005
48956,42,minibatch_k64,text_pca256_lexical_w005
48957,21,minibatch_k64,text_pca256_lexical_w005
48958,42,minibatch_k64,text_pca256_lexical_w005
48959,33,minibatch_k64,text_pca256_lexical_w005
48960,10,minibatch_k64,text_pca256_lexical_w005
48961,15,minibatch_k64,text_pca256_lexical_w005
48962,8,minibatch_k64,text_pca256_lexical_w005
48963,10,minibatch_k64,text_pca256_lexical_w005
48964,55,minibatch_k64,text_pca256_lexical_w005
48965,22,minibatch_k64,text_pca256_lexical_w005
48966,10,minibatch_k64,text_pca256_lexical_w005
48967,25,minibatch_k64,text_pca256_lexical_w005
48968,39,minibatch_k64,text_pca256_lexical_w005
48969,0,minibatch_k64,text_pca256_lexical_w005
48970,0,minibatch_k64,text_pca256_lexical_w005
48971,8,minibatch_k64,text_pca256_lexical_w005
48972,8,minibatch_k64,text_pca256_lexical_w005
48973,8,minibatch_k64,text_pca256_lexical_w005
48974,33,minibatch_k64,text_pca256_lexical_w005
48975,10,minibatch_k64,text_pca256_lexical_w005
48976,33,minibatch_k64,text_pca256_lexical_w005
48977,8,minibatch_k64,text_pca256_lexical_w005
48978,15,minibatch_k64,text_pca256_lexical_w005
48979,8,minibatch_k64,text_pca256_lexical_w005
48980,5,minibatch_k64,text_pca256_lexical_w005
48981,0,minibatch_k64,text_pca256_lexical_w005
48982,23,minibatch_k64,text_pca256_lexical_w005
48983,0,minibatch_k64,text_pca256_lexical_w005
48984,0,minibatch_k64,text_pca256_lexical_w005
48985,0,minibatch_k64,text_pca256_lexical_w005
48986,10,minibatch_k64,text_pca256_lexical_w005
48987,62,minibatch_k64,text_pca256_lexical_w005
48988,10,minibatch_k64,text_pca256_lexical_w005
48989,59,minibatch_k64,text_pca256_lexical_w005
48990,0,minibatch_k64,text_pca256_lexical_w005
48991,29,minibatch_k64,text_pca256_lexical_w005
48992,8,minibatch_k64,text_pca256_lexical_w005
48993,0,minibatch_k64,text_pca256_lexical_w005
48994,47,minibatch_k64,text_pca256_lexical_w005
48995,47,minibatch_k64,text_pca256_lexical_w005
48996,62,minibatch_k64,text_pca256_lexical_w005
48997,47,minibatch_k64,text_pca256_lexical_w005
48998,47,minibatch_k64,text_pca256_lexical_w005
48999,47,minibatch_k64,text_pca256_lexical_w005
49000,5,minibatch_k64,text_pca256_lexical_w005
49001,62,minibatch_k64,text_pca256_lexical_w005
49002,8,minibatch_k64,text_pca256_lexical_w005
49003,0,minibatch_k64,text_pca256_lexical_w005
49004,0,minibatch_k64,text_pca256_lexical_w005
49005,59,minibatch_k64,text_pca256_lexical_w005
49006,0,minibatch_k64,text_pca256_lexical_w005
49007,59,minibatch_k64,text_pca256_lexical_w005
49008,29,minibatch_k64,text_pca256_lexical_w005
49009,33,minibatch_k64,text_pca256_lexical_w005
49010,39,minibatch_k64,text_pca256_lexical_w005
49011,10,minibatch_k64,text_pca256_lexical_w005
49012,8,minibatch_k64,text_pca256_lexical_w005
49013,15,minibatch_k64,text_pca256_lexical_w005
49014,38,minibatch_k64,text_pca256_lexical_w005
49015,2,minibatch_k64,text_pca256_lexical_w005
49016,0,minibatch_k64,text_pca256_lexical_w005
49017,22,minibatch_k64,text_pca256_lexical_w005
49018,25,minibatch_k64,text_pca256_lexical_w005
49019,5,minibatch_k64,text_pca256_lexical_w005
49020,10,minibatch_k64,text_pca256_lexical_w005
49021,33,minibatch_k64,text_pca256_lexical_w005
49022,15,minibatch_k64,text_pca256_lexical_w005
49023,8,minibatch_k64,text_pca256_lexical_w005
49024,50,minibatch_k64,text_pca256_lexical_w005
49025,15,minibatch_k64,text_pca256_lexical_w005
49026,8,minibatch_k64,text_pca256_lexical_w005
49027,10,minibatch_k64,text_pca256_lexical_w005
49028,29,minibatch_k64,text_pca256_lexical_w005
49029,62,minibatch_k64,text_pca256_lexical_w005
49030,29,minibatch_k64,text_pca256_lexical_w005
49031,8,minibatch_k64,text_pca256_lexical_w005
49032,10,minibatch_k64,text_pca256_lexical_w005
49033,0,minibatch_k64,text_pca256_lexical_w005
49034,0,minibatch_k64,text_pca256_lexical_w005
49035,42,minibatch_k64,text_pca256_lexical_w005
49036,40,minibatch_k64,text_pca256_lexical_w005
49037,10,minibatch_k64,text_pca256_lexical_w005
49038,38,minibatch_k64,text_pca256_lexical_w005
49039,25,minibatch_k64,text_pca256_lexical_w005
49040,55,minibatch_k64,text_pca256_lexical_w005
49041,42,minibatch_k64,text_pca256_lexical_w005
49042,10,minibatch_k64,text_pca256_lexical_w005
49043,10,minibatch_k64,text_pca256_lexical_w005
49044,10,minibatch_k64,text_pca256_lexical_w005
49045,15,minibatch_k64,text_pca256_lexical_w005
49046,38,minibatch_k64,text_pca256_lexical_w005
49047,25,minibatch_k64,text_pca256_lexical_w005
49048,55,minibatch_k64,text_pca256_lexical_w005
49049,13,minibatch_k64,text_pca256_lexical_w005
49050,56,minibatch_k64,text_pca256_lexical_w005
49051,10,minibatch_k64,text_pca256_lexical_w005
49052,21,minibatch_k64,text_pca256_lexical_w005
49053,15,minibatch_k64,text_pca256_lexical_w005
49054,0,minibatch_k64,text_pca256_lexical_w005
49055,15,minibatch_k64,text_pca256_lexical_w005
49056,23,minibatch_k64,text_pca256_lexical_w005
49057,62,minibatch_k64,text_pca256_lexical_w005
49058,33,minibatch_k64,text_pca256_lexical_w005
49059,8,minibatch_k64,text_pca256_lexical_w005
49060,0,minibatch_k64,text_pca256_lexical_w005
49061,13,minibatch_k64,text_pca256_lexical_w005
49062,42,minibatch_k64,text_pca256_lexical_w005
49063,39,minibatch_k64,text_pca256_lexical_w005
49064,33,minibatch_k64,text_pca256_lexical_w005
49065,0,minibatch_k64,text_pca256_lexical_w005
49066,0,minibatch_k64,text_pca256_lexical_w005
49067,8,minibatch_k64,text_pca256_lexical_w005
49068,8,minibatch_k64,text_pca256_lexical_w005
49069,33,minibatch_k64,text_pca256_lexical_w005
49070,23,minibatch_k64,text_pca256_lexical_w005
49071,8,minibatch_k64,text_pca256_lexical_w005
49072,21,minibatch_k64,text_pca256_lexical_w005
49073,62,minibatch_k64,text_pca256_lexical_w005
49074,8,minibatch_k64,text_pca256_lexical_w005
49075,33,minibatch_k64,text_pca256_lexical_w005
49076,0,minibatch_k64,text_pca256_lexical_w005
49077,62,minibatch_k64,text_pca256_lexical_w005
49078,8,minibatch_k64,text_pca256_lexical_w005
49079,38,minibatch_k64,text_pca256_lexical_w005
49080,36,minibatch_k64,text_pca256_lexical_w005
49081,25,minibatch_k64,text_pca256_lexical_w005
49082,10,minibatch_k64,text_pca256_lexical_w005
49083,13,minibatch_k64,text_pca256_lexical_w005
49084,2,minibatch_k64,text_pca256_lexical_w005
49085,62,minibatch_k64,text_pca256_lexical_w005
49086,10,minibatch_k64,text_pca256_lexical_w005
49087,0,minibatch_k64,text_pca256_lexical_w005
49088,8,minibatch_k64,text_pca256_lexical_w005
49089,8,minibatch_k64,text_pca256_lexical_w005
49090,2,minibatch_k64,text_pca256_lexical_w005
49091,8,minibatch_k64,text_pca256_lexical_w005
49092,21,minibatch_k64,text_pca256_lexical_w005
49093,23,minibatch_k64,text_pca256_lexical_w005
49094,21,minibatch_k64,text_pca256_lexical_w005
49095,8,minibatch_k64,text_pca256_lexical_w005
49096,8,minibatch_k64,text_pca256_lexical_w005
49097,33,minibatch_k64,text_pca256_lexical_w005
49098,42,minibatch_k64,text_pca256_lexical_w005
49099,0,minibatch_k64,text_pca256_lexical_w005
49100,42,minibatch_k64,text_pca256_lexical_w005
49101,33,minibatch_k64,text_pca256_lexical_w005
49102,45,minibatch_k64,text_pca256_lexical_w005
49103,0,minibatch_k64,text_pca256_lexical_w005
49104,47,minibatch_k64,text_pca256_lexical_w005
49105,25,minibatch_k64,text_pca256_lexical_w005
49106,13,minibatch_k64,text_pca256_lexical_w005
49107,42,minibatch_k64,text_pca256_lexical_w005
49108,8,minibatch_k64,text_pca256_lexical_w005
49109,33,minibatch_k64,text_pca256_lexical_w005
49110,42,minibatch_k64,text_pca256_lexical_w005
49111,8,minibatch_k64,text_pca256_lexical_w005
49112,59,minibatch_k64,text_pca256_lexical_w005
49113,61,minibatch_k64,text_pca256_lexical_w005
49114,0,minibatch_k64,text_pca256_lexical_w005
49115,47,minibatch_k64,text_pca256_lexical_w005
49116,47,minibatch_k64,text_pca256_lexical_w005
49117,18,minibatch_k64,text_pca256_lexical_w005
49118,8,minibatch_k64,text_pca256_lexical_w005
49119,0,minibatch_k64,text_pca256_lexical_w005
49120,47,minibatch_k64,text_pca256_lexical_w005
49121,47,minibatch_k64,text_pca256_lexical_w005
49122,33,minibatch_k64,text_pca256_lexical_w005
49123,8,minibatch_k64,text_pca256_lexical_w005
49124,47,minibatch_k64,text_pca256_lexical_w005
49125,2,minibatch_k64,text_pca256_lexical_w005
49126,21,minibatch_k64,text_pca256_lexical_w005
49127,47,minibatch_k64,text_pca256_lexical_w005
49128,42,minibatch_k64,text_pca256_lexical_w005
49129,8,minibatch_k64,text_pca256_lexical_w005
49130,10,minibatch_k64,text_pca256_lexical_w005
49131,8,minibatch_k64,text_pca256_lexical_w005
49132,38,minibatch_k64,text_pca256_lexical_w005
49133,25,minibatch_k64,text_pca256_lexical_w005
49134,55,minibatch_k64,text_pca256_lexical_w005
49135,54,minibatch_k64,text_pca256_lexical_w005
49136,42,minibatch_k64,text_pca256_lexical_w005
49137,0,minibatch_k64,text_pca256_lexical_w005
49138,33,minibatch_k64,text_pca256_lexical_w005
49139,42,minibatch_k64,text_pca256_lexical_w005
49140,8,minibatch_k64,text_pca256_lexical_w005
49141,8,minibatch_k64,text_pca256_lexical_w005
49142,8,minibatch_k64,text_pca256_lexical_w005
49143,30,minibatch_k64,text_pca256_lexical_w005
49144,8,minibatch_k64,text_pca256_lexical_w005
49145,38,minibatch_k64,text_pca256_lexical_w005
49146,36,minibatch_k64,text_pca256_lexical_w005
49147,25,minibatch_k64,text_pca256_lexical_w005
49148,55,minibatch_k64,text_pca256_lexical_w005
49149,22,minibatch_k64,text_pca256_lexical_w005
49150,0,minibatch_k64,text_pca256_lexical_w005
49151,8,minibatch_k64,text_pca256_lexical_w005
49152,21,minibatch_k64,text_pca256_lexical_w005
49153,8,minibatch_k64,text_pca256_lexical_w005
49154,15,minibatch_k64,text_pca256_lexical_w005
49155,8,minibatch_k64,text_pca256_lexical_w005
49156,27,minibatch_k64,text_pca256_lexical_w005
49157,45,minibatch_k64,text_pca256_lexical_w005
49158,59,minibatch_k64,text_pca256_lexical_w005
49159,18,minibatch_k64,text_pca256_lexical_w005
49160,62,minibatch_k64,text_pca256_lexical_w005
49161,42,minibatch_k64,text_pca256_lexical_w005
49162,45,minibatch_k64,text_pca256_lexical_w005
49163,27,minibatch_k64,text_pca256_lexical_w005
49164,59,minibatch_k64,text_pca256_lexical_w005
49165,0,minibatch_k64,text_pca256_lexical_w005
49166,0,minibatch_k64,text_pca256_lexical_w005
49167,10,minibatch_k64,text_pca256_lexical_w005
49168,0,minibatch_k64,text_pca256_lexical_w005
49169,8,minibatch_k64,text_pca256_lexical_w005
49170,56,minibatch_k64,text_pca256_lexical_w005
49171,0,minibatch_k64,text_pca256_lexical_w005
49172,45,minibatch_k64,text_pca256_lexical_w005
49173,56,minibatch_k64,text_pca256_lexical_w005
49174,21,minibatch_k64,text_pca256_lexical_w005
49175,56,minibatch_k64,text_pca256_lexical_w005
49176,56,minibatch_k64,text_pca256_lexical_w005
49177,56,minibatch_k64,text_pca256_lexical_w005
49178,0,minibatch_k64,text_pca256_lexical_w005
49179,62,minibatch_k64,text_pca256_lexical_w005
49180,0,minibatch_k64,text_pca256_lexical_w005
49181,0,minibatch_k64,text_pca256_lexical_w005
49182,45,minibatch_k64,text_pca256_lexical_w005
49183,56,minibatch_k64,text_pca256_lexical_w005
49184,56,minibatch_k64,text_pca256_lexical_w005
49185,15,minibatch_k64,text_pca256_lexical_w005
49186,0,minibatch_k64,text_pca256_lexical_w005
49187,15,minibatch_k64,text_pca256_lexical_w005
49188,62,minibatch_k64,text_pca256_lexical_w005
49189,15,minibatch_k64,text_pca256_lexical_w005
49190,0,minibatch_k64,text_pca256_lexical_w005
49191,52,minibatch_k64,text_pca256_lexical_w005
49192,0,minibatch_k64,text_pca256_lexical_w005
49193,15,minibatch_k64,text_pca256_lexical_w005
49194,0,minibatch_k64,text_pca256_lexical_w005
49195,15,minibatch_k64,text_pca256_lexical_w005
49196,33,minibatch_k64,text_pca256_lexical_w005
49197,33,minibatch_k64,text_pca256_lexical_w005
49198,8,minibatch_k64,text_pca256_lexical_w005
49199,25,minibatch_k64,text_pca256_lexical_w005
49200,15,minibatch_k64,text_pca256_lexical_w005
49201,58,minibatch_k64,text_pca256_lexical_w005
49202,38,minibatch_k64,text_pca256_lexical_w005
49203,56,minibatch_k64,text_pca256_lexical_w005
49204,0,minibatch_k64,text_pca256_lexical_w005
49205,52,minibatch_k64,text_pca256_lexical_w005
49206,56,minibatch_k64,text_pca256_lexical_w005
49207,52,minibatch_k64,text_pca256_lexical_w005
49208,0,minibatch_k64,text_pca256_lexical_w005
49209,62,minibatch_k64,text_pca256_lexical_w005
49210,62,minibatch_k64,text_pca256_lexical_w005
49211,38,minibatch_k64,text_pca256_lexical_w005
49212,58,minibatch_k64,text_pca256_lexical_w005
49213,56,minibatch_k64,text_pca256_lexical_w005
49214,56,minibatch_k64,text_pca256_lexical_w005
49215,8,minibatch_k64,text_pca256_lexical_w005
49216,5,minibatch_k64,text_pca256_lexical_w005
49217,52,minibatch_k64,text_pca256_lexical_w005
49218,2,minibatch_k64,text_pca256_lexical_w005
49219,8,minibatch_k64,text_pca256_lexical_w005
49220,52,minibatch_k64,text_pca256_lexical_w005
49221,42,minibatch_k64,text_pca256_lexical_w005
49222,42,minibatch_k64,text_pca256_lexical_w005
49223,0,minibatch_k64,text_pca256_lexical_w005
49224,62,minibatch_k64,text_pca256_lexical_w005
49225,56,minibatch_k64,text_pca256_lexical_w005
49226,56,minibatch_k64,text_pca256_lexical_w005
49227,56,minibatch_k64,text_pca256_lexical_w005
49228,29,minibatch_k64,text_pca256_lexical_w005
49229,62,minibatch_k64,text_pca256_lexical_w005
49230,0,minibatch_k64,text_pca256_lexical_w005
49231,29,minibatch_k64,text_pca256_lexical_w005
49232,62,minibatch_k64,text_pca256_lexical_w005
49233,10,minibatch_k64,text_pca256_lexical_w005
49234,38,minibatch_k64,text_pca256_lexical_w005
49235,58,minibatch_k64,text_pca256_lexical_w005
49236,56,minibatch_k64,text_pca256_lexical_w005
49237,56,minibatch_k64,text_pca256_lexical_w005
49238,56,minibatch_k64,text_pca256_lexical_w005
49239,56,minibatch_k64,text_pca256_lexical_w005
49240,8,minibatch_k64,text_pca256_lexical_w005
49241,0,minibatch_k64,text_pca256_lexical_w005
49242,0,minibatch_k64,text_pca256_lexical_w005
49243,0,minibatch_k64,text_pca256_lexical_w005
49244,62,minibatch_k64,text_pca256_lexical_w005
49245,25,minibatch_k64,text_pca256_lexical_w005
49246,15,minibatch_k64,text_pca256_lexical_w005
49247,15,minibatch_k64,text_pca256_lexical_w005
49248,58,minibatch_k64,text_pca256_lexical_w005
49249,38,minibatch_k64,text_pca256_lexical_w005
49250,56,minibatch_k64,text_pca256_lexical_w005
49251,0,minibatch_k64,text_pca256_lexical_w005
49252,0,minibatch_k64,text_pca256_lexical_w005
49253,56,minibatch_k64,text_pca256_lexical_w005
49254,25,minibatch_k64,text_pca256_lexical_w005
49255,21,minibatch_k64,text_pca256_lexical_w005
49256,21,minibatch_k64,text_pca256_lexical_w005
49257,38,minibatch_k64,text_pca256_lexical_w005
49258,56,minibatch_k64,text_pca256_lexical_w005
49259,56,minibatch_k64,text_pca256_lexical_w005
49260,10,minibatch_k64,text_pca256_lexical_w005
49261,56,minibatch_k64,text_pca256_lexical_w005
49262,0,minibatch_k64,text_pca256_lexical_w005
49263,0,minibatch_k64,text_pca256_lexical_w005
49264,0,minibatch_k64,text_pca256_lexical_w005
49265,25,minibatch_k64,text_pca256_lexical_w005
49266,38,minibatch_k64,text_pca256_lexical_w005
49267,0,minibatch_k64,text_pca256_lexical_w005
49268,58,minibatch_k64,text_pca256_lexical_w005
49269,55,minibatch_k64,text_pca256_lexical_w005
49270,56,minibatch_k64,text_pca256_lexical_w005
49271,56,minibatch_k64,text_pca256_lexical_w005
49272,0,minibatch_k64,text_pca256_lexical_w005
49273,42,minibatch_k64,text_pca256_lexical_w005
49274,8,minibatch_k64,text_pca256_lexical_w005
49275,56,minibatch_k64,text_pca256_lexical_w005
49276,56,minibatch_k64,text_pca256_lexical_w005
49277,21,minibatch_k64,text_pca256_lexical_w005
49278,0,minibatch_k64,text_pca256_lexical_w005
49279,25,minibatch_k64,text_pca256_lexical_w005
49280,38,minibatch_k64,text_pca256_lexical_w005
49281,58,minibatch_k64,text_pca256_lexical_w005
49282,55,minibatch_k64,text_pca256_lexical_w005
49283,4,minibatch_k64,text_pca256_lexical_w005
49284,4,minibatch_k64,text_pca256_lexical_w005
49285,4,minibatch_k64,text_pca256_lexical_w005
49286,4,minibatch_k64,text_pca256_lexical_w005
49287,4,minibatch_k64,text_pca256_lexical_w005
49288,4,minibatch_k64,text_pca256_lexical_w005
49289,5,minibatch_k64,text_pca256_lexical_w005
49290,8,minibatch_k64,text_pca256_lexical_w005
49291,21,minibatch_k64,text_pca256_lexical_w005
49292,8,minibatch_k64,text_pca256_lexical_w005
49293,62,minibatch_k64,text_pca256_lexical_w005
49294,25,minibatch_k64,text_pca256_lexical_w005
49295,62,minibatch_k64,text_pca256_lexical_w005
49296,56,minibatch_k64,text_pca256_lexical_w005
49297,56,minibatch_k64,text_pca256_lexical_w005
49298,38,minibatch_k64,text_pca256_lexical_w005
49299,58,minibatch_k64,text_pca256_lexical_w005
49300,55,minibatch_k64,text_pca256_lexical_w005
49301,13,minibatch_k64,text_pca256_lexical_w005
49302,5,minibatch_k64,text_pca256_lexical_w005
49303,8,minibatch_k64,text_pca256_lexical_w005
49304,8,minibatch_k64,text_pca256_lexical_w005
49305,0,minibatch_k64,text_pca256_lexical_w005
49306,56,minibatch_k64,text_pca256_lexical_w005
49307,46,minibatch_k64,text_pca256_lexical_w005
49308,8,minibatch_k64,text_pca256_lexical_w005
49309,21,minibatch_k64,text_pca256_lexical_w005
49310,38,minibatch_k64,text_pca256_lexical_w005
49311,58,minibatch_k64,text_pca256_lexical_w005
49312,55,minibatch_k64,text_pca256_lexical_w005
49313,63,minibatch_k64,text_pca256_lexical_w005
49314,25,minibatch_k64,text_pca256_lexical_w005
49315,56,minibatch_k64,text_pca256_lexical_w005
49316,8,minibatch_k64,text_pca256_lexical_w005
49317,10,minibatch_k64,text_pca256_lexical_w005
49318,56,minibatch_k64,text_pca256_lexical_w005
49319,25,minibatch_k64,text_pca256_lexical_w005
49320,38,minibatch_k64,text_pca256_lexical_w005
49321,58,minibatch_k64,text_pca256_lexical_w005
49322,55,minibatch_k64,text_pca256_lexical_w005
49323,13,minibatch_k64,text_pca256_lexical_w005
49324,33,minibatch_k64,text_pca256_lexical_w005
49325,56,minibatch_k64,text_pca256_lexical_w005
49326,33,minibatch_k64,text_pca256_lexical_w005
49327,25,minibatch_k64,text_pca256_lexical_w005
49328,38,minibatch_k64,text_pca256_lexical_w005
49329,55,minibatch_k64,text_pca256_lexical_w005
49330,21,minibatch_k64,text_pca256_lexical_w005
49331,56,minibatch_k64,text_pca256_lexical_w005
49332,21,minibatch_k64,text_pca256_lexical_w005
49333,25,minibatch_k64,text_pca256_lexical_w005
49334,21,minibatch_k64,text_pca256_lexical_w005
49335,38,minibatch_k64,text_pca256_lexical_w005
49336,55,minibatch_k64,text_pca256_lexical_w005
49337,15,minibatch_k64,text_pca256_lexical_w005
49338,56,minibatch_k64,text_pca256_lexical_w005
49339,56,minibatch_k64,text_pca256_lexical_w005
49340,8,minibatch_k64,text_pca256_lexical_w005
49341,38,minibatch_k64,text_pca256_lexical_w005
49342,59,minibatch_k64,text_pca256_lexical_w005
49343,25,minibatch_k64,text_pca256_lexical_w005
49344,33,minibatch_k64,text_pca256_lexical_w005
49345,56,minibatch_k64,text_pca256_lexical_w005
49346,10,minibatch_k64,text_pca256_lexical_w005
49347,56,minibatch_k64,text_pca256_lexical_w005
49348,56,minibatch_k64,text_pca256_lexical_w005
49349,56,minibatch_k64,text_pca256_lexical_w005
49350,45,minibatch_k64,text_pca256_lexical_w005
49351,18,minibatch_k64,text_pca256_lexical_w005
49352,56,minibatch_k64,text_pca256_lexical_w005
49353,42,minibatch_k64,text_pca256_lexical_w005
49354,56,minibatch_k64,text_pca256_lexical_w005
49355,20,minibatch_k64,text_pca256_lexical_w005
49356,62,minibatch_k64,text_pca256_lexical_w005
49357,42,minibatch_k64,text_pca256_lexical_w005
49358,42,minibatch_k64,text_pca256_lexical_w005
49359,56,minibatch_k64,text_pca256_lexical_w005
49360,56,minibatch_k64,text_pca256_lexical_w005
49361,0,minibatch_k64,text_pca256_lexical_w005
49362,25,minibatch_k64,text_pca256_lexical_w005
49363,56,minibatch_k64,text_pca256_lexical_w005
49364,38,minibatch_k64,text_pca256_lexical_w005
49365,56,minibatch_k64,text_pca256_lexical_w005
49366,55,minibatch_k64,text_pca256_lexical_w005
49367,59,minibatch_k64,text_pca256_lexical_w005
49368,33,minibatch_k64,text_pca256_lexical_w005
49369,59,minibatch_k64,text_pca256_lexical_w005
49370,56,minibatch_k64,text_pca256_lexical_w005
49371,56,minibatch_k64,text_pca256_lexical_w005
49372,56,minibatch_k64,text_pca256_lexical_w005
49373,56,minibatch_k64,text_pca256_lexical_w005
49374,56,minibatch_k64,text_pca256_lexical_w005
49375,59,minibatch_k64,text_pca256_lexical_w005
49376,53,minibatch_k64,text_pca256_lexical_w005
49377,53,minibatch_k64,text_pca256_lexical_w005
49378,56,minibatch_k64,text_pca256_lexical_w005
49379,8,minibatch_k64,text_pca256_lexical_w005
49380,59,minibatch_k64,text_pca256_lexical_w005
49381,39,minibatch_k64,text_pca256_lexical_w005
49382,45,minibatch_k64,text_pca256_lexical_w005
49383,0,minibatch_k64,text_pca256_lexical_w005
49384,59,minibatch_k64,text_pca256_lexical_w005
49385,25,minibatch_k64,text_pca256_lexical_w005
49386,27,minibatch_k64,text_pca256_lexical_w005
49387,38,minibatch_k64,text_pca256_lexical_w005
49388,55,minibatch_k64,text_pca256_lexical_w005
49389,45,minibatch_k64,text_pca256_lexical_w005
49390,45,minibatch_k64,text_pca256_lexical_w005
49391,45,minibatch_k64,text_pca256_lexical_w005
49392,45,minibatch_k64,text_pca256_lexical_w005
49393,62,minibatch_k64,text_pca256_lexical_w005
49394,45,minibatch_k64,text_pca256_lexical_w005
49395,45,minibatch_k64,text_pca256_lexical_w005
49396,56,minibatch_k64,text_pca256_lexical_w005
49397,56,minibatch_k64,text_pca256_lexical_w005
49398,0,minibatch_k64,text_pca256_lexical_w005
49399,0,minibatch_k64,text_pca256_lexical_w005
49400,38,minibatch_k64,text_pca256_lexical_w005
49401,30,minibatch_k64,text_pca256_lexical_w005
49402,56,minibatch_k64,text_pca256_lexical_w005
49403,10,minibatch_k64,text_pca256_lexical_w005
49404,30,minibatch_k64,text_pca256_lexical_w005
49405,25,minibatch_k64,text_pca256_lexical_w005
49406,56,minibatch_k64,text_pca256_lexical_w005
49407,56,minibatch_k64,text_pca256_lexical_w005
49408,56,minibatch_k64,text_pca256_lexical_w005
49409,27,minibatch_k64,text_pca256_lexical_w005
49410,33,minibatch_k64,text_pca256_lexical_w005
49411,27,minibatch_k64,text_pca256_lexical_w005
49412,10,minibatch_k64,text_pca256_lexical_w005
49413,30,minibatch_k64,text_pca256_lexical_w005
49414,10,minibatch_k64,text_pca256_lexical_w005
49415,41,minibatch_k64,text_pca256_lexical_w005
49416,41,minibatch_k64,text_pca256_lexical_w005
49417,10,minibatch_k64,text_pca256_lexical_w005
49418,8,minibatch_k64,text_pca256_lexical_w005
49419,42,minibatch_k64,text_pca256_lexical_w005
49420,42,minibatch_k64,text_pca256_lexical_w005
49421,23,minibatch_k64,text_pca256_lexical_w005
49422,23,minibatch_k64,text_pca256_lexical_w005
49423,59,minibatch_k64,text_pca256_lexical_w005
49424,21,minibatch_k64,text_pca256_lexical_w005
49425,15,minibatch_k64,text_pca256_lexical_w005
49426,8,minibatch_k64,text_pca256_lexical_w005
49427,0,minibatch_k64,text_pca256_lexical_w005
49428,62,minibatch_k64,text_pca256_lexical_w005
49429,21,minibatch_k64,text_pca256_lexical_w005
49430,62,minibatch_k64,text_pca256_lexical_w005
49431,62,minibatch_k64,text_pca256_lexical_w005
49432,21,minibatch_k64,text_pca256_lexical_w005
49433,0,minibatch_k64,text_pca256_lexical_w005
49434,56,minibatch_k64,text_pca256_lexical_w005
49435,8,minibatch_k64,text_pca256_lexical_w005
49436,21,minibatch_k64,text_pca256_lexical_w005
49437,8,minibatch_k64,text_pca256_lexical_w005
49438,62,minibatch_k64,text_pca256_lexical_w005
49439,5,minibatch_k64,text_pca256_lexical_w005
49440,55,minibatch_k64,text_pca256_lexical_w005
49441,60,minibatch_k64,text_pca256_lexical_w005
49442,0,minibatch_k64,text_pca256_lexical_w005
49443,62,minibatch_k64,text_pca256_lexical_w005
49444,8,minibatch_k64,text_pca256_lexical_w005
49445,8,minibatch_k64,text_pca256_lexical_w005
49446,10,minibatch_k64,text_pca256_lexical_w005
49447,33,minibatch_k64,text_pca256_lexical_w005
49448,45,minibatch_k64,text_pca256_lexical_w005
49449,0,minibatch_k64,text_pca256_lexical_w005
49450,5,minibatch_k64,text_pca256_lexical_w005
49451,47,minibatch_k64,text_pca256_lexical_w005
49452,38,minibatch_k64,text_pca256_lexical_w005
49453,55,minibatch_k64,text_pca256_lexical_w005
49454,0,minibatch_k64,text_pca256_lexical_w005
49455,25,minibatch_k64,text_pca256_lexical_w005
49456,60,minibatch_k64,text_pca256_lexical_w005
49457,8,minibatch_k64,text_pca256_lexical_w005
49458,47,minibatch_k64,text_pca256_lexical_w005
49459,47,minibatch_k64,text_pca256_lexical_w005
49460,39,minibatch_k64,text_pca256_lexical_w005
49461,47,minibatch_k64,text_pca256_lexical_w005
49462,62,minibatch_k64,text_pca256_lexical_w005
49463,8,minibatch_k64,text_pca256_lexical_w005
49464,62,minibatch_k64,text_pca256_lexical_w005
49465,58,minibatch_k64,text_pca256_lexical_w005
49466,55,minibatch_k64,text_pca256_lexical_w005
49467,25,minibatch_k64,text_pca256_lexical_w005
49468,60,minibatch_k64,text_pca256_lexical_w005
49469,0,minibatch_k64,text_pca256_lexical_w005
49470,0,minibatch_k64,text_pca256_lexical_w005
49471,8,minibatch_k64,text_pca256_lexical_w005
49472,15,minibatch_k64,text_pca256_lexical_w005
49473,8,minibatch_k64,text_pca256_lexical_w005
49474,10,minibatch_k64,text_pca256_lexical_w005
49475,15,minibatch_k64,text_pca256_lexical_w005
49476,0,minibatch_k64,text_pca256_lexical_w005
49477,8,minibatch_k64,text_pca256_lexical_w005
49478,15,minibatch_k64,text_pca256_lexical_w005
49479,0,minibatch_k64,text_pca256_lexical_w005
49480,8,minibatch_k64,text_pca256_lexical_w005
49481,38,minibatch_k64,text_pca256_lexical_w005
49482,55,minibatch_k64,text_pca256_lexical_w005
49483,59,minibatch_k64,text_pca256_lexical_w005
49484,25,minibatch_k64,text_pca256_lexical_w005
49485,60,minibatch_k64,text_pca256_lexical_w005
49486,42,minibatch_k64,text_pca256_lexical_w005
49487,40,minibatch_k64,text_pca256_lexical_w005
49488,12,minibatch_k64,text_pca256_lexical_w005
49489,45,minibatch_k64,text_pca256_lexical_w005
49490,40,minibatch_k64,text_pca256_lexical_w005
49491,33,minibatch_k64,text_pca256_lexical_w005
49492,23,minibatch_k64,text_pca256_lexical_w005
49493,62,minibatch_k64,text_pca256_lexical_w005
49494,21,minibatch_k64,text_pca256_lexical_w005
49495,5,minibatch_k64,text_pca256_lexical_w005
49496,62,minibatch_k64,text_pca256_lexical_w005
49497,39,minibatch_k64,text_pca256_lexical_w005
49498,0,minibatch_k64,text_pca256_lexical_w005
49499,15,minibatch_k64,text_pca256_lexical_w005
49500,10,minibatch_k64,text_pca256_lexical_w005
49501,46,minibatch_k64,text_pca256_lexical_w005
49502,0,minibatch_k64,text_pca256_lexical_w005
49503,62,minibatch_k64,text_pca256_lexical_w005
49504,8,minibatch_k64,text_pca256_lexical_w005
49505,39,minibatch_k64,text_pca256_lexical_w005
49506,8,minibatch_k64,text_pca256_lexical_w005
49507,62,minibatch_k64,text_pca256_lexical_w005
49508,47,minibatch_k64,text_pca256_lexical_w005
49509,8,minibatch_k64,text_pca256_lexical_w005
49510,0,minibatch_k64,text_pca256_lexical_w005
49511,8,minibatch_k64,text_pca256_lexical_w005
49512,0,minibatch_k64,text_pca256_lexical_w005
49513,5,minibatch_k64,text_pca256_lexical_w005
49514,38,minibatch_k64,text_pca256_lexical_w005
49515,10,minibatch_k64,text_pca256_lexical_w005
49516,25,minibatch_k64,text_pca256_lexical_w005
49517,60,minibatch_k64,text_pca256_lexical_w005
49518,0,minibatch_k64,text_pca256_lexical_w005
49519,8,minibatch_k64,text_pca256_lexical_w005
49520,0,minibatch_k64,text_pca256_lexical_w005
49521,0,minibatch_k64,text_pca256_lexical_w005
49522,0,minibatch_k64,text_pca256_lexical_w005
49523,18,minibatch_k64,text_pca256_lexical_w005
49524,62,minibatch_k64,text_pca256_lexical_w005
49525,62,minibatch_k64,text_pca256_lexical_w005
49526,5,minibatch_k64,text_pca256_lexical_w005
49527,0,minibatch_k64,text_pca256_lexical_w005
49528,47,minibatch_k64,text_pca256_lexical_w005
49529,15,minibatch_k64,text_pca256_lexical_w005
49530,0,minibatch_k64,text_pca256_lexical_w005
49531,8,minibatch_k64,text_pca256_lexical_w005
49532,0,minibatch_k64,text_pca256_lexical_w005
49533,8,minibatch_k64,text_pca256_lexical_w005
49534,62,minibatch_k64,text_pca256_lexical_w005
49535,39,minibatch_k64,text_pca256_lexical_w005
49536,58,minibatch_k64,text_pca256_lexical_w005
49537,38,minibatch_k64,text_pca256_lexical_w005
49538,25,minibatch_k64,text_pca256_lexical_w005
49539,60,minibatch_k64,text_pca256_lexical_w005
49540,33,minibatch_k64,text_pca256_lexical_w005
49541,23,minibatch_k64,text_pca256_lexical_w005
49542,42,minibatch_k64,text_pca256_lexical_w005
49543,8,minibatch_k64,text_pca256_lexical_w005
49544,42,minibatch_k64,text_pca256_lexical_w005
49545,38,minibatch_k64,text_pca256_lexical_w005
49546,58,minibatch_k64,text_pca256_lexical_w005
49547,55,minibatch_k64,text_pca256_lexical_w005
49548,25,minibatch_k64,text_pca256_lexical_w005
49549,60,minibatch_k64,text_pca256_lexical_w005
49550,45,minibatch_k64,text_pca256_lexical_w005
49551,42,minibatch_k64,text_pca256_lexical_w005
49552,62,minibatch_k64,text_pca256_lexical_w005
49553,8,minibatch_k64,text_pca256_lexical_w005
49554,38,minibatch_k64,text_pca256_lexical_w005
49555,25,minibatch_k64,text_pca256_lexical_w005
49556,37,minibatch_k64,text_pca256_lexical_w005
49557,8,minibatch_k64,text_pca256_lexical_w005
49558,21,minibatch_k64,text_pca256_lexical_w005
49559,8,minibatch_k64,text_pca256_lexical_w005
49560,39,minibatch_k64,text_pca256_lexical_w005
49561,38,minibatch_k64,text_pca256_lexical_w005
49562,25,minibatch_k64,text_pca256_lexical_w005
49563,37,minibatch_k64,text_pca256_lexical_w005
49564,62,minibatch_k64,text_pca256_lexical_w005
49565,15,minibatch_k64,text_pca256_lexical_w005
49566,2,minibatch_k64,text_pca256_lexical_w005
49567,62,minibatch_k64,text_pca256_lexical_w005
49568,62,minibatch_k64,text_pca256_lexical_w005
49569,39,minibatch_k64,text_pca256_lexical_w005
49570,38,minibatch_k64,text_pca256_lexical_w005
49571,55,minibatch_k64,text_pca256_lexical_w005
49572,35,minibatch_k64,text_pca256_lexical_w005
49573,25,minibatch_k64,text_pca256_lexical_w005
49574,8,minibatch_k64,text_pca256_lexical_w005
49575,62,minibatch_k64,text_pca256_lexical_w005
49576,10,minibatch_k64,text_pca256_lexical_w005
49577,15,minibatch_k64,text_pca256_lexical_w005
49578,45,minibatch_k64,text_pca256_lexical_w005
49579,45,minibatch_k64,text_pca256_lexical_w005
49580,45,minibatch_k64,text_pca256_lexical_w005
49581,10,minibatch_k64,text_pca256_lexical_w005
49582,45,minibatch_k64,text_pca256_lexical_w005
49583,62,minibatch_k64,text_pca256_lexical_w005
49584,23,minibatch_k64,text_pca256_lexical_w005
49585,38,minibatch_k64,text_pca256_lexical_w005
49586,59,minibatch_k64,text_pca256_lexical_w005
49587,55,minibatch_k64,text_pca256_lexical_w005
49588,59,minibatch_k64,text_pca256_lexical_w005
49589,45,minibatch_k64,text_pca256_lexical_w005
49590,25,minibatch_k64,text_pca256_lexical_w005
49591,60,minibatch_k64,text_pca256_lexical_w005
49592,27,minibatch_k64,text_pca256_lexical_w005
49593,39,minibatch_k64,text_pca256_lexical_w005
49594,15,minibatch_k64,text_pca256_lexical_w005
49595,38,minibatch_k64,text_pca256_lexical_w005
49596,55,minibatch_k64,text_pca256_lexical_w005
49597,25,minibatch_k64,text_pca256_lexical_w005
49598,37,minibatch_k64,text_pca256_lexical_w005
49599,0,minibatch_k64,text_pca256_lexical_w005
49600,59,minibatch_k64,text_pca256_lexical_w005
49601,45,minibatch_k64,text_pca256_lexical_w005
49602,15,minibatch_k64,text_pca256_lexical_w005
49603,45,minibatch_k64,text_pca256_lexical_w005
49604,45,minibatch_k64,text_pca256_lexical_w005
49605,0,minibatch_k64,text_pca256_lexical_w005
49606,45,minibatch_k64,text_pca256_lexical_w005
49607,45,minibatch_k64,text_pca256_lexical_w005
49608,45,minibatch_k64,text_pca256_lexical_w005
49609,18,minibatch_k64,text_pca256_lexical_w005
49610,62,minibatch_k64,text_pca256_lexical_w005
49611,10,minibatch_k64,text_pca256_lexical_w005
49612,45,minibatch_k64,text_pca256_lexical_w005
49613,62,minibatch_k64,text_pca256_lexical_w005
49614,62,minibatch_k64,text_pca256_lexical_w005
49615,45,minibatch_k64,text_pca256_lexical_w005
49616,59,minibatch_k64,text_pca256_lexical_w005
49617,59,minibatch_k64,text_pca256_lexical_w005
49618,45,minibatch_k64,text_pca256_lexical_w005
49619,33,minibatch_k64,text_pca256_lexical_w005
49620,45,minibatch_k64,text_pca256_lexical_w005
49621,45,minibatch_k64,text_pca256_lexical_w005
49622,45,minibatch_k64,text_pca256_lexical_w005
49623,59,minibatch_k64,text_pca256_lexical_w005
49624,0,minibatch_k64,text_pca256_lexical_w005
49625,45,minibatch_k64,text_pca256_lexical_w005
49626,59,minibatch_k64,text_pca256_lexical_w005
49627,59,minibatch_k64,text_pca256_lexical_w005
49628,59,minibatch_k64,text_pca256_lexical_w005
49629,59,minibatch_k64,text_pca256_lexical_w005
49630,59,minibatch_k64,text_pca256_lexical_w005
49631,59,minibatch_k64,text_pca256_lexical_w005
49632,50,minibatch_k64,text_pca256_lexical_w005
49633,59,minibatch_k64,text_pca256_lexical_w005
49634,50,minibatch_k64,text_pca256_lexical_w005
49635,8,minibatch_k64,text_pca256_lexical_w005
49636,62,minibatch_k64,text_pca256_lexical_w005
49637,33,minibatch_k64,text_pca256_lexical_w005
49638,59,minibatch_k64,text_pca256_lexical_w005
49639,59,minibatch_k64,text_pca256_lexical_w005
49640,59,minibatch_k64,text_pca256_lexical_w005
49641,45,minibatch_k64,text_pca256_lexical_w005
49642,10,minibatch_k64,text_pca256_lexical_w005
49643,45,minibatch_k64,text_pca256_lexical_w005
49644,45,minibatch_k64,text_pca256_lexical_w005
49645,45,minibatch_k64,text_pca256_lexical_w005
49646,59,minibatch_k64,text_pca256_lexical_w005
49647,39,minibatch_k64,text_pca256_lexical_w005
49648,18,minibatch_k64,text_pca256_lexical_w005
49649,8,minibatch_k64,text_pca256_lexical_w005
49650,62,minibatch_k64,text_pca256_lexical_w005
49651,0,minibatch_k64,text_pca256_lexical_w005
49652,45,minibatch_k64,text_pca256_lexical_w005
49653,59,minibatch_k64,text_pca256_lexical_w005
49654,59,minibatch_k64,text_pca256_lexical_w005
49655,0,minibatch_k64,text_pca256_lexical_w005
49656,0,minibatch_k64,text_pca256_lexical_w005
49657,8,minibatch_k64,text_pca256_lexical_w005
49658,59,minibatch_k64,text_pca256_lexical_w005
49659,10,minibatch_k64,text_pca256_lexical_w005
49660,10,minibatch_k64,text_pca256_lexical_w005
49661,45,minibatch_k64,text_pca256_lexical_w005
49662,45,minibatch_k64,text_pca256_lexical_w005
49663,18,minibatch_k64,text_pca256_lexical_w005
49664,15,minibatch_k64,text_pca256_lexical_w005
49665,18,minibatch_k64,text_pca256_lexical_w005
49666,45,minibatch_k64,text_pca256_lexical_w005
49667,18,minibatch_k64,text_pca256_lexical_w005
49668,0,minibatch_k64,text_pca256_lexical_w005
49669,45,minibatch_k64,text_pca256_lexical_w005
49670,27,minibatch_k64,text_pca256_lexical_w005
49671,62,minibatch_k64,text_pca256_lexical_w005
49672,27,minibatch_k64,text_pca256_lexical_w005
49673,59,minibatch_k64,text_pca256_lexical_w005
49674,0,minibatch_k64,text_pca256_lexical_w005
49675,48,minibatch_k64,text_pca256_lexical_w005
49676,45,minibatch_k64,text_pca256_lexical_w005
49677,27,minibatch_k64,text_pca256_lexical_w005
49678,18,minibatch_k64,text_pca256_lexical_w005
49679,0,minibatch_k64,text_pca256_lexical_w005
49680,0,minibatch_k64,text_pca256_lexical_w005
49681,34,minibatch_k64,text_pca256_lexical_w005
49682,45,minibatch_k64,text_pca256_lexical_w005
49683,45,minibatch_k64,text_pca256_lexical_w005
49684,0,minibatch_k64,text_pca256_lexical_w005
49685,45,minibatch_k64,text_pca256_lexical_w005
49686,0,minibatch_k64,text_pca256_lexical_w005
49687,45,minibatch_k64,text_pca256_lexical_w005
49688,45,minibatch_k64,text_pca256_lexical_w005
49689,59,minibatch_k64,text_pca256_lexical_w005
49690,45,minibatch_k64,text_pca256_lexical_w005
49691,45,minibatch_k64,text_pca256_lexical_w005
49692,0,minibatch_k64,text_pca256_lexical_w005
49693,59,minibatch_k64,text_pca256_lexical_w005
49694,59,minibatch_k64,text_pca256_lexical_w005
49695,10,minibatch_k64,text_pca256_lexical_w005
49696,0,minibatch_k64,text_pca256_lexical_w005
49697,8,minibatch_k64,text_pca256_lexical_w005
49698,0,minibatch_k64,text_pca256_lexical_w005
49699,59,minibatch_k64,text_pca256_lexical_w005
49700,23,minibatch_k64,text_pca256_lexical_w005
49701,45,minibatch_k64,text_pca256_lexical_w005
49702,62,minibatch_k64,text_pca256_lexical_w005
49703,0,minibatch_k64,text_pca256_lexical_w005
49704,23,minibatch_k64,text_pca256_lexical_w005
49705,59,minibatch_k64,text_pca256_lexical_w005
49706,59,minibatch_k64,text_pca256_lexical_w005
49707,0,minibatch_k64,text_pca256_lexical_w005
49708,59,minibatch_k64,text_pca256_lexical_w005
49709,62,minibatch_k64,text_pca256_lexical_w005
49710,0,minibatch_k64,text_pca256_lexical_w005
49711,59,minibatch_k64,text_pca256_lexical_w005
49712,4,minibatch_k64,text_pca256_lexical_w005
49713,59,minibatch_k64,text_pca256_lexical_w005
49714,59,minibatch_k64,text_pca256_lexical_w005
49715,8,minibatch_k64,text_pca256_lexical_w005
49716,42,minibatch_k64,text_pca256_lexical_w005
49717,8,minibatch_k64,text_pca256_lexical_w005
49718,2,minibatch_k64,text_pca256_lexical_w005
49719,45,minibatch_k64,text_pca256_lexical_w005
49720,45,minibatch_k64,text_pca256_lexical_w005
49721,0,minibatch_k64,text_pca256_lexical_w005
49722,34,minibatch_k64,text_pca256_lexical_w005
49723,59,minibatch_k64,text_pca256_lexical_w005
49724,59,minibatch_k64,text_pca256_lexical_w005
49725,59,minibatch_k64,text_pca256_lexical_w005
49726,33,minibatch_k64,text_pca256_lexical_w005
49727,59,minibatch_k64,text_pca256_lexical_w005
49728,59,minibatch_k64,text_pca256_lexical_w005
49729,4,minibatch_k64,text_pca256_lexical_w005
49730,59,minibatch_k64,text_pca256_lexical_w005
49731,0,minibatch_k64,text_pca256_lexical_w005
49732,45,minibatch_k64,text_pca256_lexical_w005
49733,18,minibatch_k64,text_pca256_lexical_w005
49734,0,minibatch_k64,text_pca256_lexical_w005
49735,45,minibatch_k64,text_pca256_lexical_w005
49736,8,minibatch_k64,text_pca256_lexical_w005
49737,45,minibatch_k64,text_pca256_lexical_w005
49738,39,minibatch_k64,text_pca256_lexical_w005
49739,4,minibatch_k64,text_pca256_lexical_w005
49740,59,minibatch_k64,text_pca256_lexical_w005
49741,59,minibatch_k64,text_pca256_lexical_w005
49742,15,minibatch_k64,text_pca256_lexical_w005
49743,45,minibatch_k64,text_pca256_lexical_w005
49744,45,minibatch_k64,text_pca256_lexical_w005
49745,45,minibatch_k64,text_pca256_lexical_w005
49746,45,minibatch_k64,text_pca256_lexical_w005
49747,7,minibatch_k64,text_pca256_lexical_w005
49748,33,minibatch_k64,text_pca256_lexical_w005
49749,10,minibatch_k64,text_pca256_lexical_w005
49750,23,minibatch_k64,text_pca256_lexical_w005
49751,7,minibatch_k64,text_pca256_lexical_w005
49752,53,minibatch_k64,text_pca256_lexical_w005
49753,8,minibatch_k64,text_pca256_lexical_w005
49754,0,minibatch_k64,text_pca256_lexical_w005
49755,34,minibatch_k64,text_pca256_lexical_w005
49756,0,minibatch_k64,text_pca256_lexical_w005
49757,42,minibatch_k64,text_pca256_lexical_w005
49758,10,minibatch_k64,text_pca256_lexical_w005
49759,42,minibatch_k64,text_pca256_lexical_w005
49760,39,minibatch_k64,text_pca256_lexical_w005
49761,45,minibatch_k64,text_pca256_lexical_w005
49762,45,minibatch_k64,text_pca256_lexical_w005
49763,45,minibatch_k64,text_pca256_lexical_w005
49764,45,minibatch_k64,text_pca256_lexical_w005
49765,45,minibatch_k64,text_pca256_lexical_w005
49766,15,minibatch_k64,text_pca256_lexical_w005
49767,59,minibatch_k64,text_pca256_lexical_w005
49768,59,minibatch_k64,text_pca256_lexical_w005
49769,45,minibatch_k64,text_pca256_lexical_w005
49770,45,minibatch_k64,text_pca256_lexical_w005
49771,45,minibatch_k64,text_pca256_lexical_w005
49772,0,minibatch_k64,text_pca256_lexical_w005
49773,27,minibatch_k64,text_pca256_lexical_w005
49774,15,minibatch_k64,text_pca256_lexical_w005
49775,53,minibatch_k64,text_pca256_lexical_w005
49776,0,minibatch_k64,text_pca256_lexical_w005
49777,6,minibatch_k64,text_pca256_lexical_w005
49778,15,minibatch_k64,text_pca256_lexical_w005
49779,15,minibatch_k64,text_pca256_lexical_w005
49780,0,minibatch_k64,text_pca256_lexical_w005
49781,15,minibatch_k64,text_pca256_lexical_w005
49782,0,minibatch_k64,text_pca256_lexical_w005
49783,62,minibatch_k64,text_pca256_lexical_w005
49784,15,minibatch_k64,text_pca256_lexical_w005
49785,59,minibatch_k64,text_pca256_lexical_w005
49786,23,minibatch_k64,text_pca256_lexical_w005
49787,15,minibatch_k64,text_pca256_lexical_w005
49788,0,minibatch_k64,text_pca256_lexical_w005
49789,15,minibatch_k64,text_pca256_lexical_w005
49790,34,minibatch_k64,text_pca256_lexical_w005
49791,15,minibatch_k64,text_pca256_lexical_w005
49792,15,minibatch_k64,text_pca256_lexical_w005
49793,6,minibatch_k64,text_pca256_lexical_w005
49794,39,minibatch_k64,text_pca256_lexical_w005
49795,33,minibatch_k64,text_pca256_lexical_w005
49796,33,minibatch_k64,text_pca256_lexical_w005
49797,6,minibatch_k64,text_pca256_lexical_w005
49798,10,minibatch_k64,text_pca256_lexical_w005
49799,0,minibatch_k64,text_pca256_lexical_w005
49800,15,minibatch_k64,text_pca256_lexical_w005
49801,15,minibatch_k64,text_pca256_lexical_w005
49802,41,minibatch_k64,text_pca256_lexical_w005
49803,41,minibatch_k64,text_pca256_lexical_w005
49804,41,minibatch_k64,text_pca256_lexical_w005
49805,41,minibatch_k64,text_pca256_lexical_w005
49806,33,minibatch_k64,text_pca256_lexical_w005
49807,41,minibatch_k64,text_pca256_lexical_w005
49808,41,minibatch_k64,text_pca256_lexical_w005
49809,56,minibatch_k64,text_pca256_lexical_w005
49810,33,minibatch_k64,text_pca256_lexical_w005
49811,56,minibatch_k64,text_pca256_lexical_w005
49812,23,minibatch_k64,text_pca256_lexical_w005
49813,56,minibatch_k64,text_pca256_lexical_w005
49814,56,minibatch_k64,text_pca256_lexical_w005
49815,25,minibatch_k64,text_pca256_lexical_w005
49816,56,minibatch_k64,text_pca256_lexical_w005
49817,62,minibatch_k64,text_pca256_lexical_w005
49818,38,minibatch_k64,text_pca256_lexical_w005
49819,59,minibatch_k64,text_pca256_lexical_w005
49820,55,minibatch_k64,text_pca256_lexical_w005
49821,56,minibatch_k64,text_pca256_lexical_w005
49822,0,minibatch_k64,text_pca256_lexical_w005
49823,56,minibatch_k64,text_pca256_lexical_w005
49824,56,minibatch_k64,text_pca256_lexical_w005
49825,56,minibatch_k64,text_pca256_lexical_w005
49826,56,minibatch_k64,text_pca256_lexical_w005
49827,56,minibatch_k64,text_pca256_lexical_w005
49828,25,minibatch_k64,text_pca256_lexical_w005
49829,42,minibatch_k64,text_pca256_lexical_w005
49830,29,minibatch_k64,text_pca256_lexical_w005
49831,42,minibatch_k64,text_pca256_lexical_w005
49832,29,minibatch_k64,text_pca256_lexical_w005
49833,29,minibatch_k64,text_pca256_lexical_w005
49834,29,minibatch_k64,text_pca256_lexical_w005
49835,29,minibatch_k64,text_pca256_lexical_w005
49836,2,minibatch_k64,text_pca256_lexical_w005
49837,25,minibatch_k64,text_pca256_lexical_w005
49838,39,minibatch_k64,text_pca256_lexical_w005
49839,10,minibatch_k64,text_pca256_lexical_w005
49840,40,minibatch_k64,text_pca256_lexical_w005
49841,10,minibatch_k64,text_pca256_lexical_w005
49842,56,minibatch_k64,text_pca256_lexical_w005
49843,50,minibatch_k64,text_pca256_lexical_w005
49844,62,minibatch_k64,text_pca256_lexical_w005
49845,10,minibatch_k64,text_pca256_lexical_w005
49846,8,minibatch_k64,text_pca256_lexical_w005
49847,38,minibatch_k64,text_pca256_lexical_w005
49848,55,minibatch_k64,text_pca256_lexical_w005
49849,8,minibatch_k64,text_pca256_lexical_w005
49850,5,minibatch_k64,text_pca256_lexical_w005
49851,44,minibatch_k64,text_pca256_lexical_w005
49852,44,minibatch_k64,text_pca256_lexical_w005
49853,44,minibatch_k64,text_pca256_lexical_w005
49854,44,minibatch_k64,text_pca256_lexical_w005
49855,44,minibatch_k64,text_pca256_lexical_w005
49856,44,minibatch_k64,text_pca256_lexical_w005
49857,44,minibatch_k64,text_pca256_lexical_w005
49858,53,minibatch_k64,text_pca256_lexical_w005
49859,44,minibatch_k64,text_pca256_lexical_w005
49860,44,minibatch_k64,text_pca256_lexical_w005
49861,44,minibatch_k64,text_pca256_lexical_w005
49862,44,minibatch_k64,text_pca256_lexical_w005
49863,44,minibatch_k64,text_pca256_lexical_w005
49864,8,minibatch_k64,text_pca256_lexical_w005
49865,44,minibatch_k64,text_pca256_lexical_w005
49866,56,minibatch_k64,text_pca256_lexical_w005
49867,25,minibatch_k64,text_pca256_lexical_w005
49868,38,minibatch_k64,text_pca256_lexical_w005
49869,55,minibatch_k64,text_pca256_lexical_w005
49870,15,minibatch_k64,text_pca256_lexical_w005
49871,8,minibatch_k64,text_pca256_lexical_w005
49872,25,minibatch_k64,text_pca256_lexical_w005
49873,38,minibatch_k64,text_pca256_lexical_w005
49874,8,minibatch_k64,text_pca256_lexical_w005
49875,55,minibatch_k64,text_pca256_lexical_w005
49876,62,minibatch_k64,text_pca256_lexical_w005
49877,56,minibatch_k64,text_pca256_lexical_w005
49878,42,minibatch_k64,text_pca256_lexical_w005
49879,33,minibatch_k64,text_pca256_lexical_w005
49880,8,minibatch_k64,text_pca256_lexical_w005
49881,56,minibatch_k64,text_pca256_lexical_w005
49882,62,minibatch_k64,text_pca256_lexical_w005
49883,25,minibatch_k64,text_pca256_lexical_w005
49884,4,minibatch_k64,text_pca256_lexical_w005
49885,62,minibatch_k64,text_pca256_lexical_w005
49886,40,minibatch_k64,text_pca256_lexical_w005
49887,8,minibatch_k64,text_pca256_lexical_w005
49888,8,minibatch_k64,text_pca256_lexical_w005
49889,8,minibatch_k64,text_pca256_lexical_w005
49890,0,minibatch_k64,text_pca256_lexical_w005
49891,56,minibatch_k64,text_pca256_lexical_w005
49892,8,minibatch_k64,text_pca256_lexical_w005
49893,42,minibatch_k64,text_pca256_lexical_w005
49894,56,minibatch_k64,text_pca256_lexical_w005
49895,21,minibatch_k64,text_pca256_lexical_w005
49896,38,minibatch_k64,text_pca256_lexical_w005
49897,0,minibatch_k64,text_pca256_lexical_w005
49898,8,minibatch_k64,text_pca256_lexical_w005
49899,59,minibatch_k64,text_pca256_lexical_w005
49900,42,minibatch_k64,text_pca256_lexical_w005
49901,21,minibatch_k64,text_pca256_lexical_w005
49902,61,minibatch_k64,text_pca256_lexical_w005
49903,56,minibatch_k64,text_pca256_lexical_w005
49904,21,minibatch_k64,text_pca256_lexical_w005
49905,38,minibatch_k64,text_pca256_lexical_w005
49906,55,minibatch_k64,text_pca256_lexical_w005
49907,61,minibatch_k64,text_pca256_lexical_w005
49908,56,minibatch_k64,text_pca256_lexical_w005
49909,56,minibatch_k64,text_pca256_lexical_w005
49910,33,minibatch_k64,text_pca256_lexical_w005
49911,2,minibatch_k64,text_pca256_lexical_w005
49912,53,minibatch_k64,text_pca256_lexical_w005
49913,53,minibatch_k64,text_pca256_lexical_w005
49914,10,minibatch_k64,text_pca256_lexical_w005
49915,8,minibatch_k64,text_pca256_lexical_w005
49916,45,minibatch_k64,text_pca256_lexical_w005
49917,0,minibatch_k64,text_pca256_lexical_w005
49918,56,minibatch_k64,text_pca256_lexical_w005
49919,56,minibatch_k64,text_pca256_lexical_w005
49920,56,minibatch_k64,text_pca256_lexical_w005
49921,56,minibatch_k64,text_pca256_lexical_w005
49922,56,minibatch_k64,text_pca256_lexical_w005
49923,53,minibatch_k64,text_pca256_lexical_w005
49924,15,minibatch_k64,text_pca256_lexical_w005
49925,62,minibatch_k64,text_pca256_lexical_w005
49926,56,minibatch_k64,text_pca256_lexical_w005
49927,56,minibatch_k64,text_pca256_lexical_w005
49928,56,minibatch_k64,text_pca256_lexical_w005
49929,0,minibatch_k64,text_pca256_lexical_w005
49930,56,minibatch_k64,text_pca256_lexical_w005
49931,53,minibatch_k64,text_pca256_lexical_w005
49932,56,minibatch_k64,text_pca256_lexical_w005
49933,56,minibatch_k64,text_pca256_lexical_w005
49934,56,minibatch_k64,text_pca256_lexical_w005
49935,0,minibatch_k64,text_pca256_lexical_w005
49936,56,minibatch_k64,text_pca256_lexical_w005
49937,53,minibatch_k64,text_pca256_lexical_w005
49938,56,minibatch_k64,text_pca256_lexical_w005
49939,56,minibatch_k64,text_pca256_lexical_w005
49940,25,minibatch_k64,text_pca256_lexical_w005
49941,0,minibatch_k64,text_pca256_lexical_w005
49942,56,minibatch_k64,text_pca256_lexical_w005
49943,56,minibatch_k64,text_pca256_lexical_w005
49944,10,minibatch_k64,text_pca256_lexical_w005
49945,56,minibatch_k64,text_pca256_lexical_w005
49946,8,minibatch_k64,text_pca256_lexical_w005
49947,53,minibatch_k64,text_pca256_lexical_w005
49948,56,minibatch_k64,text_pca256_lexical_w005
49949,0,minibatch_k64,text_pca256_lexical_w005
49950,33,minibatch_k64,text_pca256_lexical_w005
49951,18,minibatch_k64,text_pca256_lexical_w005
49952,8,minibatch_k64,text_pca256_lexical_w005
49953,62,minibatch_k64,text_pca256_lexical_w005
49954,8,minibatch_k64,text_pca256_lexical_w005
49955,47,minibatch_k64,text_pca256_lexical_w005
49956,4,minibatch_k64,text_pca256_lexical_w005
49957,0,minibatch_k64,text_pca256_lexical_w005
49958,10,minibatch_k64,text_pca256_lexical_w005
49959,38,minibatch_k64,text_pca256_lexical_w005
49960,56,minibatch_k64,text_pca256_lexical_w005
49961,0,minibatch_k64,text_pca256_lexical_w005
49962,56,minibatch_k64,text_pca256_lexical_w005
49963,56,minibatch_k64,text_pca256_lexical_w005
49964,56,minibatch_k64,text_pca256_lexical_w005
49965,25,minibatch_k64,text_pca256_lexical_w005
49966,62,minibatch_k64,text_pca256_lexical_w005
49967,8,minibatch_k64,text_pca256_lexical_w005
49968,8,minibatch_k64,text_pca256_lexical_w005
49969,45,minibatch_k64,text_pca256_lexical_w005
49970,56,minibatch_k64,text_pca256_lexical_w005
49971,56,minibatch_k64,text_pca256_lexical_w005
49972,33,minibatch_k64,text_pca256_lexical_w005
49973,8,minibatch_k64,text_pca256_lexical_w005
49974,62,minibatch_k64,text_pca256_lexical_w005
49975,56,minibatch_k64,text_pca256_lexical_w005
49976,0,minibatch_k64,text_pca256_lexical_w005
49977,25,minibatch_k64,text_pca256_lexical_w005
49978,56,minibatch_k64,text_pca256_lexical_w005
49979,33,minibatch_k64,text_pca256_lexical_w005
49980,38,minibatch_k64,text_pca256_lexical_w005
49981,55,minibatch_k64,text_pca256_lexical_w005
49982,0,minibatch_k64,text_pca256_lexical_w005
49983,56,minibatch_k64,text_pca256_lexical_w005
49984,56,minibatch_k64,text_pca256_lexical_w005
49985,33,minibatch_k64,text_pca256_lexical_w005
49986,0,minibatch_k64,text_pca256_lexical_w005
49987,62,minibatch_k64,text_pca256_lexical_w005
49988,0,minibatch_k64,text_pca256_lexical_w005
49989,62,minibatch_k64,text_pca256_lexical_w005
49990,62,minibatch_k64,text_pca256_lexical_w005
49991,42,minibatch_k64,text_pca256_lexical_w005
49992,21,minibatch_k64,text_pca256_lexical_w005
49993,0,minibatch_k64,text_pca256_lexical_w005
49994,10,minibatch_k64,text_pca256_lexical_w005
49995,15,minibatch_k64,text_pca256_lexical_w005
49996,40,minibatch_k64,text_pca256_lexical_w005
49997,40,minibatch_k64,text_pca256_lexical_w005
49998,40,minibatch_k64,text_pca256_lexical_w005
49999,0,minibatch_k64,text_pca256_lexical_w005
50000,40,minibatch_k64,text_pca256_lexical_w005
50001,40,minibatch_k64,text_pca256_lexical_w005
50002,0,minibatch_k64,text_pca256_lexical_w005
50003,40,minibatch_k64,text_pca256_lexical_w005
50004,32,minibatch_k64,text_pca256_lexical_w005
50005,40,minibatch_k64,text_pca256_lexical_w005
50006,21,minibatch_k64,text_pca256_lexical_w005
50007,10,minibatch_k64,text_pca256_lexical_w005
50008,2,minibatch_k64,text_pca256_lexical_w005
50009,5,minibatch_k64,text_pca256_lexical_w005
50010,21,minibatch_k64,text_pca256_lexical_w005
50011,21,minibatch_k64,text_pca256_lexical_w005
50012,42,minibatch_k64,text_pca256_lexical_w005
50013,21,minibatch_k64,text_pca256_lexical_w005
50014,0,minibatch_k64,text_pca256_lexical_w005
50015,5,minibatch_k64,text_pca256_lexical_w005
50016,21,minibatch_k64,text_pca256_lexical_w005
50017,10,minibatch_k64,text_pca256_lexical_w005
50018,33,minibatch_k64,text_pca256_lexical_w005
50019,62,minibatch_k64,text_pca256_lexical_w005
50020,8,minibatch_k64,text_pca256_lexical_w005
50021,25,minibatch_k64,text_pca256_lexical_w005
50022,56,minibatch_k64,text_pca256_lexical_w005
50023,56,minibatch_k64,text_pca256_lexical_w005
50024,0,minibatch_k64,text_pca256_lexical_w005
50025,62,minibatch_k64,text_pca256_lexical_w005
50026,56,minibatch_k64,text_pca256_lexical_w005
50027,46,minibatch_k64,text_pca256_lexical_w005
50028,38,minibatch_k64,text_pca256_lexical_w005
50029,10,minibatch_k64,text_pca256_lexical_w005
50030,23,minibatch_k64,text_pca256_lexical_w005
50031,45,minibatch_k64,text_pca256_lexical_w005
50032,55,minibatch_k64,text_pca256_lexical_w005
50033,8,minibatch_k64,text_pca256_lexical_w005
50034,8,minibatch_k64,text_pca256_lexical_w005
50035,62,minibatch_k64,text_pca256_lexical_w005
50036,8,minibatch_k64,text_pca256_lexical_w005
50037,56,minibatch_k64,text_pca256_lexical_w005
50038,56,minibatch_k64,text_pca256_lexical_w005
50039,8,minibatch_k64,text_pca256_lexical_w005
50040,56,minibatch_k64,text_pca256_lexical_w005
50041,8,minibatch_k64,text_pca256_lexical_w005
50042,8,minibatch_k64,text_pca256_lexical_w005
50043,56,minibatch_k64,text_pca256_lexical_w005
50044,25,minibatch_k64,text_pca256_lexical_w005
50045,15,minibatch_k64,text_pca256_lexical_w005
50046,56,minibatch_k64,text_pca256_lexical_w005
50047,56,minibatch_k64,text_pca256_lexical_w005
50048,38,minibatch_k64,text_pca256_lexical_w005
50049,45,minibatch_k64,text_pca256_lexical_w005
50050,56,minibatch_k64,text_pca256_lexical_w005
50051,56,minibatch_k64,text_pca256_lexical_w005
50052,42,minibatch_k64,text_pca256_lexical_w005
50053,56,minibatch_k64,text_pca256_lexical_w005
50054,15,minibatch_k64,text_pca256_lexical_w005
50055,62,minibatch_k64,text_pca256_lexical_w005
50056,39,minibatch_k64,text_pca256_lexical_w005
50057,42,minibatch_k64,text_pca256_lexical_w005
50058,21,minibatch_k64,text_pca256_lexical_w005
50059,56,minibatch_k64,text_pca256_lexical_w005
50060,56,minibatch_k64,text_pca256_lexical_w005
50061,15,minibatch_k64,text_pca256_lexical_w005
50062,50,minibatch_k64,text_pca256_lexical_w005
50063,15,minibatch_k64,text_pca256_lexical_w005
50064,15,minibatch_k64,text_pca256_lexical_w005
50065,0,minibatch_k64,text_pca256_lexical_w005
50066,62,minibatch_k64,text_pca256_lexical_w005
50067,42,minibatch_k64,text_pca256_lexical_w005
50068,56,minibatch_k64,text_pca256_lexical_w005
50069,59,minibatch_k64,text_pca256_lexical_w005
50070,8,minibatch_k64,text_pca256_lexical_w005
50071,25,minibatch_k64,text_pca256_lexical_w005
50072,21,minibatch_k64,text_pca256_lexical_w005
50073,56,minibatch_k64,text_pca256_lexical_w005
50074,15,minibatch_k64,text_pca256_lexical_w005
50075,56,minibatch_k64,text_pca256_lexical_w005
50076,15,minibatch_k64,text_pca256_lexical_w005
50077,21,minibatch_k64,text_pca256_lexical_w005
50078,0,minibatch_k64,text_pca256_lexical_w005
50079,29,minibatch_k64,text_pca256_lexical_w005
50080,56,minibatch_k64,text_pca256_lexical_w005
50081,29,minibatch_k64,text_pca256_lexical_w005
50082,29,minibatch_k64,text_pca256_lexical_w005
50083,38,minibatch_k64,text_pca256_lexical_w005
50084,62,minibatch_k64,text_pca256_lexical_w005
50085,56,minibatch_k64,text_pca256_lexical_w005
50086,29,minibatch_k64,text_pca256_lexical_w005
50087,29,minibatch_k64,text_pca256_lexical_w005
50088,4,minibatch_k64,text_pca256_lexical_w005
50089,62,minibatch_k64,text_pca256_lexical_w005
50090,56,minibatch_k64,text_pca256_lexical_w005
50091,29,minibatch_k64,text_pca256_lexical_w005
50092,0,minibatch_k64,text_pca256_lexical_w005
50093,56,minibatch_k64,text_pca256_lexical_w005
50094,62,minibatch_k64,text_pca256_lexical_w005
50095,8,minibatch_k64,text_pca256_lexical_w005
50096,62,minibatch_k64,text_pca256_lexical_w005
50097,21,minibatch_k64,text_pca256_lexical_w005
50098,15,minibatch_k64,text_pca256_lexical_w005
50099,42,minibatch_k64,text_pca256_lexical_w005
50100,62,minibatch_k64,text_pca256_lexical_w005
50101,0,minibatch_k64,text_pca256_lexical_w005
50102,62,minibatch_k64,text_pca256_lexical_w005
50103,18,minibatch_k64,text_pca256_lexical_w005
50104,62,minibatch_k64,text_pca256_lexical_w005
50105,62,minibatch_k64,text_pca256_lexical_w005
50106,10,minibatch_k64,text_pca256_lexical_w005
50107,56,minibatch_k64,text_pca256_lexical_w005
50108,10,minibatch_k64,text_pca256_lexical_w005
50109,56,minibatch_k64,text_pca256_lexical_w005
50110,33,minibatch_k64,text_pca256_lexical_w005
50111,5,minibatch_k64,text_pca256_lexical_w005
50112,62,minibatch_k64,text_pca256_lexical_w005
50113,25,minibatch_k64,text_pca256_lexical_w005
50114,42,minibatch_k64,text_pca256_lexical_w005
50115,39,minibatch_k64,text_pca256_lexical_w005
50116,38,minibatch_k64,text_pca256_lexical_w005
50117,56,minibatch_k64,text_pca256_lexical_w005
50118,2,minibatch_k64,text_pca256_lexical_w005
50119,45,minibatch_k64,text_pca256_lexical_w005
50120,56,minibatch_k64,text_pca256_lexical_w005
50121,39,minibatch_k64,text_pca256_lexical_w005
50122,56,minibatch_k64,text_pca256_lexical_w005
50123,56,minibatch_k64,text_pca256_lexical_w005
50124,47,minibatch_k64,text_pca256_lexical_w005
50125,47,minibatch_k64,text_pca256_lexical_w005
50126,56,minibatch_k64,text_pca256_lexical_w005
50127,56,minibatch_k64,text_pca256_lexical_w005
50128,56,minibatch_k64,text_pca256_lexical_w005
50129,42,minibatch_k64,text_pca256_lexical_w005
50130,15,minibatch_k64,text_pca256_lexical_w005
50131,42,minibatch_k64,text_pca256_lexical_w005
50132,25,minibatch_k64,text_pca256_lexical_w005
50133,56,minibatch_k64,text_pca256_lexical_w005
50134,42,minibatch_k64,text_pca256_lexical_w005
50135,42,minibatch_k64,text_pca256_lexical_w005
50136,56,minibatch_k64,text_pca256_lexical_w005
50137,8,minibatch_k64,text_pca256_lexical_w005
50138,38,minibatch_k64,text_pca256_lexical_w005
50139,56,minibatch_k64,text_pca256_lexical_w005
50140,4,minibatch_k64,text_pca256_lexical_w005
50141,23,minibatch_k64,text_pca256_lexical_w005
50142,0,minibatch_k64,text_pca256_lexical_w005
50143,4,minibatch_k64,text_pca256_lexical_w005
50144,42,minibatch_k64,text_pca256_lexical_w005
50145,56,minibatch_k64,text_pca256_lexical_w005
50146,56,minibatch_k64,text_pca256_lexical_w005
50147,0,minibatch_k64,text_pca256_lexical_w005
50148,42,minibatch_k64,text_pca256_lexical_w005
50149,4,minibatch_k64,text_pca256_lexical_w005
50150,56,minibatch_k64,text_pca256_lexical_w005
50151,56,minibatch_k64,text_pca256_lexical_w005
50152,56,minibatch_k64,text_pca256_lexical_w005
50153,56,minibatch_k64,text_pca256_lexical_w005
50154,56,minibatch_k64,text_pca256_lexical_w005
50155,25,minibatch_k64,text_pca256_lexical_w005
50156,42,minibatch_k64,text_pca256_lexical_w005
50157,47,minibatch_k64,text_pca256_lexical_w005
50158,56,minibatch_k64,text_pca256_lexical_w005
50159,56,minibatch_k64,text_pca256_lexical_w005
50160,8,minibatch_k64,text_pca256_lexical_w005
50161,56,minibatch_k64,text_pca256_lexical_w005
50162,56,minibatch_k64,text_pca256_lexical_w005
50163,38,minibatch_k64,text_pca256_lexical_w005
50164,56,minibatch_k64,text_pca256_lexical_w005
50165,40,minibatch_k64,text_pca256_lexical_w005
50166,55,minibatch_k64,text_pca256_lexical_w005
50167,0,minibatch_k64,text_pca256_lexical_w005
50168,62,minibatch_k64,text_pca256_lexical_w005
50169,62,minibatch_k64,text_pca256_lexical_w005
50170,56,minibatch_k64,text_pca256_lexical_w005
50171,56,minibatch_k64,text_pca256_lexical_w005
50172,56,minibatch_k64,text_pca256_lexical_w005
50173,10,minibatch_k64,text_pca256_lexical_w005
50174,56,minibatch_k64,text_pca256_lexical_w005
50175,56,minibatch_k64,text_pca256_lexical_w005
50176,56,minibatch_k64,text_pca256_lexical_w005
50177,21,minibatch_k64,text_pca256_lexical_w005
50178,56,minibatch_k64,text_pca256_lexical_w005
50179,56,minibatch_k64,text_pca256_lexical_w005
50180,38,minibatch_k64,text_pca256_lexical_w005
50181,56,minibatch_k64,text_pca256_lexical_w005
50182,33,minibatch_k64,text_pca256_lexical_w005
50183,56,minibatch_k64,text_pca256_lexical_w005
50184,56,minibatch_k64,text_pca256_lexical_w005
50185,56,minibatch_k64,text_pca256_lexical_w005
50186,23,minibatch_k64,text_pca256_lexical_w005
50187,56,minibatch_k64,text_pca256_lexical_w005
50188,3,minibatch_k64,text_pca256_lexical_w005
50189,56,minibatch_k64,text_pca256_lexical_w005
50190,62,minibatch_k64,text_pca256_lexical_w005
50191,8,minibatch_k64,text_pca256_lexical_w005
50192,38,minibatch_k64,text_pca256_lexical_w005
50193,45,minibatch_k64,text_pca256_lexical_w005
50194,55,minibatch_k64,text_pca256_lexical_w005
50195,37,minibatch_k64,text_pca256_lexical_w005
50196,56,minibatch_k64,text_pca256_lexical_w005
50197,56,minibatch_k64,text_pca256_lexical_w005
50198,56,minibatch_k64,text_pca256_lexical_w005
50199,15,minibatch_k64,text_pca256_lexical_w005
50200,25,minibatch_k64,text_pca256_lexical_w005
50201,42,minibatch_k64,text_pca256_lexical_w005
50202,23,minibatch_k64,text_pca256_lexical_w005
50203,21,minibatch_k64,text_pca256_lexical_w005
50204,42,minibatch_k64,text_pca256_lexical_w005
50205,5,minibatch_k64,text_pca256_lexical_w005
50206,47,minibatch_k64,text_pca256_lexical_w005
50207,8,minibatch_k64,text_pca256_lexical_w005
50208,25,minibatch_k64,text_pca256_lexical_w005
50209,15,minibatch_k64,text_pca256_lexical_w005
50210,62,minibatch_k64,text_pca256_lexical_w005
50211,8,minibatch_k64,text_pca256_lexical_w005
50212,23,minibatch_k64,text_pca256_lexical_w005
50213,0,minibatch_k64,text_pca256_lexical_w005
50214,0,minibatch_k64,text_pca256_lexical_w005
50215,55,minibatch_k64,text_pca256_lexical_w005
50216,56,minibatch_k64,text_pca256_lexical_w005
50217,37,minibatch_k64,text_pca256_lexical_w005
50218,15,minibatch_k64,text_pca256_lexical_w005
50219,33,minibatch_k64,text_pca256_lexical_w005
50220,8,minibatch_k64,text_pca256_lexical_w005
50221,56,minibatch_k64,text_pca256_lexical_w005
50222,56,minibatch_k64,text_pca256_lexical_w005
50223,44,minibatch_k64,text_pca256_lexical_w005
50224,44,minibatch_k64,text_pca256_lexical_w005
50225,56,minibatch_k64,text_pca256_lexical_w005
50226,44,minibatch_k64,text_pca256_lexical_w005
50227,44,minibatch_k64,text_pca256_lexical_w005
50228,44,minibatch_k64,text_pca256_lexical_w005
50229,44,minibatch_k64,text_pca256_lexical_w005
50230,44,minibatch_k64,text_pca256_lexical_w005
50231,44,minibatch_k64,text_pca256_lexical_w005
50232,44,minibatch_k64,text_pca256_lexical_w005
50233,21,minibatch_k64,text_pca256_lexical_w005
50234,44,minibatch_k64,text_pca256_lexical_w005
50235,44,minibatch_k64,text_pca256_lexical_w005
50236,44,minibatch_k64,text_pca256_lexical_w005
50237,44,minibatch_k64,text_pca256_lexical_w005
50238,56,minibatch_k64,text_pca256_lexical_w005
50239,56,minibatch_k64,text_pca256_lexical_w005
50240,56,minibatch_k64,text_pca256_lexical_w005
50241,21,minibatch_k64,text_pca256_lexical_w005
50242,56,minibatch_k64,text_pca256_lexical_w005
50243,56,minibatch_k64,text_pca256_lexical_w005
50244,8,minibatch_k64,text_pca256_lexical_w005
50245,8,minibatch_k64,text_pca256_lexical_w005
50246,25,minibatch_k64,text_pca256_lexical_w005
50247,56,minibatch_k64,text_pca256_lexical_w005
50248,21,minibatch_k64,text_pca256_lexical_w005
50249,56,minibatch_k64,text_pca256_lexical_w005
50250,21,minibatch_k64,text_pca256_lexical_w005
50251,33,minibatch_k64,text_pca256_lexical_w005
50252,21,minibatch_k64,text_pca256_lexical_w005
50253,42,minibatch_k64,text_pca256_lexical_w005
50254,42,minibatch_k64,text_pca256_lexical_w005
50255,38,minibatch_k64,text_pca256_lexical_w005
50256,33,minibatch_k64,text_pca256_lexical_w005
50257,37,minibatch_k64,text_pca256_lexical_w005
50258,23,minibatch_k64,text_pca256_lexical_w005
50259,21,minibatch_k64,text_pca256_lexical_w005
50260,56,minibatch_k64,text_pca256_lexical_w005
50261,0,minibatch_k64,text_pca256_lexical_w005
50262,42,minibatch_k64,text_pca256_lexical_w005
50263,62,minibatch_k64,text_pca256_lexical_w005
50264,21,minibatch_k64,text_pca256_lexical_w005
50265,56,minibatch_k64,text_pca256_lexical_w005
50266,8,minibatch_k64,text_pca256_lexical_w005
50267,8,minibatch_k64,text_pca256_lexical_w005
50268,56,minibatch_k64,text_pca256_lexical_w005
50269,56,minibatch_k64,text_pca256_lexical_w005
50270,25,minibatch_k64,text_pca256_lexical_w005
50271,33,minibatch_k64,text_pca256_lexical_w005
50272,56,minibatch_k64,text_pca256_lexical_w005
50273,56,minibatch_k64,text_pca256_lexical_w005
50274,21,minibatch_k64,text_pca256_lexical_w005
50275,21,minibatch_k64,text_pca256_lexical_w005
50276,21,minibatch_k64,text_pca256_lexical_w005
50277,38,minibatch_k64,text_pca256_lexical_w005
50278,55,minibatch_k64,text_pca256_lexical_w005
50279,37,minibatch_k64,text_pca256_lexical_w005
50280,21,minibatch_k64,text_pca256_lexical_w005
50281,23,minibatch_k64,text_pca256_lexical_w005
50282,56,minibatch_k64,text_pca256_lexical_w005
50283,0,minibatch_k64,text_pca256_lexical_w005
50284,21,minibatch_k64,text_pca256_lexical_w005
50285,56,minibatch_k64,text_pca256_lexical_w005
50286,21,minibatch_k64,text_pca256_lexical_w005
50287,53,minibatch_k64,text_pca256_lexical_w005
50288,56,minibatch_k64,text_pca256_lexical_w005
50289,8,minibatch_k64,text_pca256_lexical_w005
50290,42,minibatch_k64,text_pca256_lexical_w005
50291,21,minibatch_k64,text_pca256_lexical_w005
50292,56,minibatch_k64,text_pca256_lexical_w005
50293,56,minibatch_k64,text_pca256_lexical_w005
50294,56,minibatch_k64,text_pca256_lexical_w005
50295,21,minibatch_k64,text_pca256_lexical_w005
50296,42,minibatch_k64,text_pca256_lexical_w005
50297,62,minibatch_k64,text_pca256_lexical_w005
50298,21,minibatch_k64,text_pca256_lexical_w005
50299,25,minibatch_k64,text_pca256_lexical_w005
50300,56,minibatch_k64,text_pca256_lexical_w005
50301,21,minibatch_k64,text_pca256_lexical_w005
50302,8,minibatch_k64,text_pca256_lexical_w005
50303,56,minibatch_k64,text_pca256_lexical_w005
50304,8,minibatch_k64,text_pca256_lexical_w005
50305,42,minibatch_k64,text_pca256_lexical_w005
50306,62,minibatch_k64,text_pca256_lexical_w005
50307,10,minibatch_k64,text_pca256_lexical_w005
50308,53,minibatch_k64,text_pca256_lexical_w005
50309,56,minibatch_k64,text_pca256_lexical_w005
50310,21,minibatch_k64,text_pca256_lexical_w005
50311,38,minibatch_k64,text_pca256_lexical_w005
50312,37,minibatch_k64,text_pca256_lexical_w005
50313,8,minibatch_k64,text_pca256_lexical_w005
50314,56,minibatch_k64,text_pca256_lexical_w005
50315,21,minibatch_k64,text_pca256_lexical_w005
50316,33,minibatch_k64,text_pca256_lexical_w005
50317,21,minibatch_k64,text_pca256_lexical_w005
50318,42,minibatch_k64,text_pca256_lexical_w005
50319,8,minibatch_k64,text_pca256_lexical_w005
50320,21,minibatch_k64,text_pca256_lexical_w005
50321,42,minibatch_k64,text_pca256_lexical_w005
50322,8,minibatch_k64,text_pca256_lexical_w005
50323,42,minibatch_k64,text_pca256_lexical_w005
50324,33,minibatch_k64,text_pca256_lexical_w005
50325,21,minibatch_k64,text_pca256_lexical_w005
50326,56,minibatch_k64,text_pca256_lexical_w005
50327,56,minibatch_k64,text_pca256_lexical_w005
50328,38,minibatch_k64,text_pca256_lexical_w005
50329,59,minibatch_k64,text_pca256_lexical_w005
50330,55,minibatch_k64,text_pca256_lexical_w005
50331,37,minibatch_k64,text_pca256_lexical_w005
50332,56,minibatch_k64,text_pca256_lexical_w005
50333,56,minibatch_k64,text_pca256_lexical_w005
50334,42,minibatch_k64,text_pca256_lexical_w005
50335,56,minibatch_k64,text_pca256_lexical_w005
50336,56,minibatch_k64,text_pca256_lexical_w005
50337,56,minibatch_k64,text_pca256_lexical_w005
50338,56,minibatch_k64,text_pca256_lexical_w005
50339,10,minibatch_k64,text_pca256_lexical_w005
50340,56,minibatch_k64,text_pca256_lexical_w005
50341,2,minibatch_k64,text_pca256_lexical_w005
50342,56,minibatch_k64,text_pca256_lexical_w005
50343,33,minibatch_k64,text_pca256_lexical_w005
50344,56,minibatch_k64,text_pca256_lexical_w005
50345,56,minibatch_k64,text_pca256_lexical_w005
50346,45,minibatch_k64,text_pca256_lexical_w005
50347,0,minibatch_k64,text_pca256_lexical_w005
50348,8,minibatch_k64,text_pca256_lexical_w005
50349,47,minibatch_k64,text_pca256_lexical_w005
50350,56,minibatch_k64,text_pca256_lexical_w005
50351,62,minibatch_k64,text_pca256_lexical_w005
50352,56,minibatch_k64,text_pca256_lexical_w005
50353,53,minibatch_k64,text_pca256_lexical_w005
50354,0,minibatch_k64,text_pca256_lexical_w005
50355,56,minibatch_k64,text_pca256_lexical_w005
50356,25,minibatch_k64,text_pca256_lexical_w005
50357,56,minibatch_k64,text_pca256_lexical_w005
50358,56,minibatch_k64,text_pca256_lexical_w005
50359,10,minibatch_k64,text_pca256_lexical_w005
50360,56,minibatch_k64,text_pca256_lexical_w005
50361,8,minibatch_k64,text_pca256_lexical_w005
50362,53,minibatch_k64,text_pca256_lexical_w005
50363,0,minibatch_k64,text_pca256_lexical_w005
50364,56,minibatch_k64,text_pca256_lexical_w005
50365,0,minibatch_k64,text_pca256_lexical_w005
50366,59,minibatch_k64,text_pca256_lexical_w005
50367,56,minibatch_k64,text_pca256_lexical_w005
50368,0,minibatch_k64,text_pca256_lexical_w005
50369,0,minibatch_k64,text_pca256_lexical_w005
50370,56,minibatch_k64,text_pca256_lexical_w005
50371,56,minibatch_k64,text_pca256_lexical_w005
50372,42,minibatch_k64,text_pca256_lexical_w005
50373,10,minibatch_k64,text_pca256_lexical_w005
50374,8,minibatch_k64,text_pca256_lexical_w005
50375,56,minibatch_k64,text_pca256_lexical_w005
50376,33,minibatch_k64,text_pca256_lexical_w005
50377,0,minibatch_k64,text_pca256_lexical_w005
50378,33,minibatch_k64,text_pca256_lexical_w005
50379,56,minibatch_k64,text_pca256_lexical_w005
50380,62,minibatch_k64,text_pca256_lexical_w005
50381,56,minibatch_k64,text_pca256_lexical_w005
50382,62,minibatch_k64,text_pca256_lexical_w005
50383,56,minibatch_k64,text_pca256_lexical_w005
50384,47,minibatch_k64,text_pca256_lexical_w005
50385,56,minibatch_k64,text_pca256_lexical_w005
50386,42,minibatch_k64,text_pca256_lexical_w005
50387,38,minibatch_k64,text_pca256_lexical_w005
50388,23,minibatch_k64,text_pca256_lexical_w005
50389,45,minibatch_k64,text_pca256_lexical_w005
50390,23,minibatch_k64,text_pca256_lexical_w005
50391,0,minibatch_k64,text_pca256_lexical_w005
50392,56,minibatch_k64,text_pca256_lexical_w005
50393,62,minibatch_k64,text_pca256_lexical_w005
50394,37,minibatch_k64,text_pca256_lexical_w005
50395,45,minibatch_k64,text_pca256_lexical_w005
50396,45,minibatch_k64,text_pca256_lexical_w005
50397,4,minibatch_k64,text_pca256_lexical_w005
50398,45,minibatch_k64,text_pca256_lexical_w005
50399,4,minibatch_k64,text_pca256_lexical_w005
50400,4,minibatch_k64,text_pca256_lexical_w005
50401,45,minibatch_k64,text_pca256_lexical_w005
50402,45,minibatch_k64,text_pca256_lexical_w005
50403,45,minibatch_k64,text_pca256_lexical_w005
50404,4,minibatch_k64,text_pca256_lexical_w005
50405,23,minibatch_k64,text_pca256_lexical_w005
50406,23,minibatch_k64,text_pca256_lexical_w005
50407,23,minibatch_k64,text_pca256_lexical_w005
50408,23,minibatch_k64,text_pca256_lexical_w005
50409,23,minibatch_k64,text_pca256_lexical_w005
50410,10,minibatch_k64,text_pca256_lexical_w005
50411,4,minibatch_k64,text_pca256_lexical_w005
50412,4,minibatch_k64,text_pca256_lexical_w005
50413,2,minibatch_k64,text_pca256_lexical_w005
50414,45,minibatch_k64,text_pca256_lexical_w005
50415,59,minibatch_k64,text_pca256_lexical_w005
50416,45,minibatch_k64,text_pca256_lexical_w005
50417,45,minibatch_k64,text_pca256_lexical_w005
50418,56,minibatch_k64,text_pca256_lexical_w005
50419,45,minibatch_k64,text_pca256_lexical_w005
50420,45,minibatch_k64,text_pca256_lexical_w005
50421,4,minibatch_k64,text_pca256_lexical_w005
50422,23,minibatch_k64,text_pca256_lexical_w005
50423,4,minibatch_k64,text_pca256_lexical_w005
50424,59,minibatch_k64,text_pca256_lexical_w005
50425,10,minibatch_k64,text_pca256_lexical_w005
50426,56,minibatch_k64,text_pca256_lexical_w005
50427,45,minibatch_k64,text_pca256_lexical_w005
50428,45,minibatch_k64,text_pca256_lexical_w005
50429,45,minibatch_k64,text_pca256_lexical_w005
50430,45,minibatch_k64,text_pca256_lexical_w005
50431,45,minibatch_k64,text_pca256_lexical_w005
50432,45,minibatch_k64,text_pca256_lexical_w005
50433,4,minibatch_k64,text_pca256_lexical_w005
50434,23,minibatch_k64,text_pca256_lexical_w005
50435,45,minibatch_k64,text_pca256_lexical_w005
50436,8,minibatch_k64,text_pca256_lexical_w005
50437,45,minibatch_k64,text_pca256_lexical_w005
50438,4,minibatch_k64,text_pca256_lexical_w005
50439,45,minibatch_k64,text_pca256_lexical_w005
50440,33,minibatch_k64,text_pca256_lexical_w005
50441,10,minibatch_k64,text_pca256_lexical_w005
50442,45,minibatch_k64,text_pca256_lexical_w005
50443,15,minibatch_k64,text_pca256_lexical_w005
50444,45,minibatch_k64,text_pca256_lexical_w005
50445,56,minibatch_k64,text_pca256_lexical_w005
50446,45,minibatch_k64,text_pca256_lexical_w005
50447,4,minibatch_k64,text_pca256_lexical_w005
50448,39,minibatch_k64,text_pca256_lexical_w005
50449,10,minibatch_k64,text_pca256_lexical_w005
50450,59,minibatch_k64,text_pca256_lexical_w005
50451,56,minibatch_k64,text_pca256_lexical_w005
50452,62,minibatch_k64,text_pca256_lexical_w005
50453,0,minibatch_k64,text_pca256_lexical_w005
50454,59,minibatch_k64,text_pca256_lexical_w005
50455,0,minibatch_k64,text_pca256_lexical_w005
50456,56,minibatch_k64,text_pca256_lexical_w005
50457,59,minibatch_k64,text_pca256_lexical_w005
50458,56,minibatch_k64,text_pca256_lexical_w005
50459,47,minibatch_k64,text_pca256_lexical_w005
50460,62,minibatch_k64,text_pca256_lexical_w005
50461,62,minibatch_k64,text_pca256_lexical_w005
50462,62,minibatch_k64,text_pca256_lexical_w005
50463,56,minibatch_k64,text_pca256_lexical_w005
50464,56,minibatch_k64,text_pca256_lexical_w005
50465,56,minibatch_k64,text_pca256_lexical_w005
50466,56,minibatch_k64,text_pca256_lexical_w005
50467,56,minibatch_k64,text_pca256_lexical_w005
50468,56,minibatch_k64,text_pca256_lexical_w005
50469,56,minibatch_k64,text_pca256_lexical_w005
50470,25,minibatch_k64,text_pca256_lexical_w005
50471,62,minibatch_k64,text_pca256_lexical_w005
50472,59,minibatch_k64,text_pca256_lexical_w005
50473,62,minibatch_k64,text_pca256_lexical_w005
50474,42,minibatch_k64,text_pca256_lexical_w005
50475,56,minibatch_k64,text_pca256_lexical_w005
50476,56,minibatch_k64,text_pca256_lexical_w005
50477,56,minibatch_k64,text_pca256_lexical_w005
50478,38,minibatch_k64,text_pca256_lexical_w005
50479,45,minibatch_k64,text_pca256_lexical_w005
50480,37,minibatch_k64,text_pca256_lexical_w005
50481,42,minibatch_k64,text_pca256_lexical_w005
50482,45,minibatch_k64,text_pca256_lexical_w005
50483,42,minibatch_k64,text_pca256_lexical_w005
50484,12,minibatch_k64,text_pca256_lexical_w005
50485,56,minibatch_k64,text_pca256_lexical_w005
50486,0,minibatch_k64,text_pca256_lexical_w005
50487,0,minibatch_k64,text_pca256_lexical_w005
50488,10,minibatch_k64,text_pca256_lexical_w005
50489,56,minibatch_k64,text_pca256_lexical_w005
50490,59,minibatch_k64,text_pca256_lexical_w005
50491,42,minibatch_k64,text_pca256_lexical_w005
50492,56,minibatch_k64,text_pca256_lexical_w005
50493,27,minibatch_k64,text_pca256_lexical_w005
50494,59,minibatch_k64,text_pca256_lexical_w005
50495,10,minibatch_k64,text_pca256_lexical_w005
50496,33,minibatch_k64,text_pca256_lexical_w005
50497,10,minibatch_k64,text_pca256_lexical_w005
50498,59,minibatch_k64,text_pca256_lexical_w005
50499,10,minibatch_k64,text_pca256_lexical_w005
50500,62,minibatch_k64,text_pca256_lexical_w005
50501,0,minibatch_k64,text_pca256_lexical_w005
50502,8,minibatch_k64,text_pca256_lexical_w005
50503,27,minibatch_k64,text_pca256_lexical_w005
50504,0,minibatch_k64,text_pca256_lexical_w005
50505,56,minibatch_k64,text_pca256_lexical_w005
50506,53,minibatch_k64,text_pca256_lexical_w005
50507,0,minibatch_k64,text_pca256_lexical_w005
50508,56,minibatch_k64,text_pca256_lexical_w005
50509,25,minibatch_k64,text_pca256_lexical_w005
50510,42,minibatch_k64,text_pca256_lexical_w005
50511,0,minibatch_k64,text_pca256_lexical_w005
50512,10,minibatch_k64,text_pca256_lexical_w005
50513,27,minibatch_k64,text_pca256_lexical_w005
50514,0,minibatch_k64,text_pca256_lexical_w005
50515,42,minibatch_k64,text_pca256_lexical_w005
50516,42,minibatch_k64,text_pca256_lexical_w005
50517,53,minibatch_k64,text_pca256_lexical_w005
50518,42,minibatch_k64,text_pca256_lexical_w005
50519,38,minibatch_k64,text_pca256_lexical_w005
50520,8,minibatch_k64,text_pca256_lexical_w005
50521,56,minibatch_k64,text_pca256_lexical_w005
50522,10,minibatch_k64,text_pca256_lexical_w005
50523,59,minibatch_k64,text_pca256_lexical_w005
50524,45,minibatch_k64,text_pca256_lexical_w005
50525,23,minibatch_k64,text_pca256_lexical_w005
50526,45,minibatch_k64,text_pca256_lexical_w005
50527,27,minibatch_k64,text_pca256_lexical_w005
50528,45,minibatch_k64,text_pca256_lexical_w005
50529,59,minibatch_k64,text_pca256_lexical_w005
50530,56,minibatch_k64,text_pca256_lexical_w005
50531,56,minibatch_k64,text_pca256_lexical_w005
50532,27,minibatch_k64,text_pca256_lexical_w005
50533,23,minibatch_k64,text_pca256_lexical_w005
50534,45,minibatch_k64,text_pca256_lexical_w005
50535,0,minibatch_k64,text_pca256_lexical_w005
50536,42,minibatch_k64,text_pca256_lexical_w005
50537,0,minibatch_k64,text_pca256_lexical_w005
50538,42,minibatch_k64,text_pca256_lexical_w005
50539,18,minibatch_k64,text_pca256_lexical_w005
50540,56,minibatch_k64,text_pca256_lexical_w005
50541,56,minibatch_k64,text_pca256_lexical_w005
50542,56,minibatch_k64,text_pca256_lexical_w005
50543,56,minibatch_k64,text_pca256_lexical_w005
50544,59,minibatch_k64,text_pca256_lexical_w005
50545,56,minibatch_k64,text_pca256_lexical_w005
50546,4,minibatch_k64,text_pca256_lexical_w005
50547,42,minibatch_k64,text_pca256_lexical_w005
50548,62,minibatch_k64,text_pca256_lexical_w005
50549,62,minibatch_k64,text_pca256_lexical_w005
50550,59,minibatch_k64,text_pca256_lexical_w005
50551,8,minibatch_k64,text_pca256_lexical_w005
50552,56,minibatch_k64,text_pca256_lexical_w005
50553,42,minibatch_k64,text_pca256_lexical_w005
50554,56,minibatch_k64,text_pca256_lexical_w005
50555,56,minibatch_k64,text_pca256_lexical_w005
50556,56,minibatch_k64,text_pca256_lexical_w005
50557,56,minibatch_k64,text_pca256_lexical_w005
50558,8,minibatch_k64,text_pca256_lexical_w005
50559,56,minibatch_k64,text_pca256_lexical_w005
50560,45,minibatch_k64,text_pca256_lexical_w005
50561,18,minibatch_k64,text_pca256_lexical_w005
50562,56,minibatch_k64,text_pca256_lexical_w005
50563,8,minibatch_k64,text_pca256_lexical_w005
50564,56,minibatch_k64,text_pca256_lexical_w005
50565,56,minibatch_k64,text_pca256_lexical_w005
50566,56,minibatch_k64,text_pca256_lexical_w005
50567,56,minibatch_k64,text_pca256_lexical_w005
50568,18,minibatch_k64,text_pca256_lexical_w005
50569,56,minibatch_k64,text_pca256_lexical_w005
50570,8,minibatch_k64,text_pca256_lexical_w005
50571,33,minibatch_k64,text_pca256_lexical_w005
50572,59,minibatch_k64,text_pca256_lexical_w005
50573,56,minibatch_k64,text_pca256_lexical_w005
50574,59,minibatch_k64,text_pca256_lexical_w005
50575,8,minibatch_k64,text_pca256_lexical_w005
50576,56,minibatch_k64,text_pca256_lexical_w005
50577,0,minibatch_k64,text_pca256_lexical_w005
50578,27,minibatch_k64,text_pca256_lexical_w005
50579,0,minibatch_k64,text_pca256_lexical_w005
50580,59,minibatch_k64,text_pca256_lexical_w005
50581,18,minibatch_k64,text_pca256_lexical_w005
50582,56,minibatch_k64,text_pca256_lexical_w005
50583,59,minibatch_k64,text_pca256_lexical_w005
50584,33,minibatch_k64,text_pca256_lexical_w005
50585,45,minibatch_k64,text_pca256_lexical_w005
50586,62,minibatch_k64,text_pca256_lexical_w005
50587,45,minibatch_k64,text_pca256_lexical_w005
50588,56,minibatch_k64,text_pca256_lexical_w005
50589,56,minibatch_k64,text_pca256_lexical_w005
50590,56,minibatch_k64,text_pca256_lexical_w005
50591,59,minibatch_k64,text_pca256_lexical_w005
50592,10,minibatch_k64,text_pca256_lexical_w005
50593,56,minibatch_k64,text_pca256_lexical_w005
50594,45,minibatch_k64,text_pca256_lexical_w005
50595,45,minibatch_k64,text_pca256_lexical_w005
50596,62,minibatch_k64,text_pca256_lexical_w005
50597,0,minibatch_k64,text_pca256_lexical_w005
50598,27,minibatch_k64,text_pca256_lexical_w005
50599,59,minibatch_k64,text_pca256_lexical_w005
50600,30,minibatch_k64,text_pca256_lexical_w005
50601,30,minibatch_k64,text_pca256_lexical_w005
50602,15,minibatch_k64,text_pca256_lexical_w005
50603,8,minibatch_k64,text_pca256_lexical_w005
50604,41,minibatch_k64,text_pca256_lexical_w005
50605,41,minibatch_k64,text_pca256_lexical_w005
50606,41,minibatch_k64,text_pca256_lexical_w005
50607,41,minibatch_k64,text_pca256_lexical_w005
50608,41,minibatch_k64,text_pca256_lexical_w005
50609,41,minibatch_k64,text_pca256_lexical_w005
50610,41,minibatch_k64,text_pca256_lexical_w005
50611,56,minibatch_k64,text_pca256_lexical_w005
50612,56,minibatch_k64,text_pca256_lexical_w005
50613,59,minibatch_k64,text_pca256_lexical_w005
50614,56,minibatch_k64,text_pca256_lexical_w005
50615,23,minibatch_k64,text_pca256_lexical_w005
50616,39,minibatch_k64,text_pca256_lexical_w005
50617,39,minibatch_k64,text_pca256_lexical_w005
50618,39,minibatch_k64,text_pca256_lexical_w005
50619,59,minibatch_k64,text_pca256_lexical_w005
50620,59,minibatch_k64,text_pca256_lexical_w005
50621,59,minibatch_k64,text_pca256_lexical_w005
50622,59,minibatch_k64,text_pca256_lexical_w005
50623,59,minibatch_k64,text_pca256_lexical_w005
50624,59,minibatch_k64,text_pca256_lexical_w005
50625,0,minibatch_k64,text_pca256_lexical_w005
50626,2,minibatch_k64,text_pca256_lexical_w005
50627,62,minibatch_k64,text_pca256_lexical_w005
50628,59,minibatch_k64,text_pca256_lexical_w005
50629,56,minibatch_k64,text_pca256_lexical_w005
50630,59,minibatch_k64,text_pca256_lexical_w005
50631,56,minibatch_k64,text_pca256_lexical_w005
50632,62,minibatch_k64,text_pca256_lexical_w005
50633,56,minibatch_k64,text_pca256_lexical_w005
50634,56,minibatch_k64,text_pca256_lexical_w005
50635,41,minibatch_k64,text_pca256_lexical_w005
50636,59,minibatch_k64,text_pca256_lexical_w005
50637,41,minibatch_k64,text_pca256_lexical_w005
50638,10,minibatch_k64,text_pca256_lexical_w005
50639,10,minibatch_k64,text_pca256_lexical_w005
50640,6,minibatch_k64,text_pca256_lexical_w005
50641,59,minibatch_k64,text_pca256_lexical_w005
50642,59,minibatch_k64,text_pca256_lexical_w005
50643,59,minibatch_k64,text_pca256_lexical_w005
50644,59,minibatch_k64,text_pca256_lexical_w005
50645,59,minibatch_k64,text_pca256_lexical_w005
50646,7,minibatch_k64,text_pca256_lexical_w005
50647,56,minibatch_k64,text_pca256_lexical_w005
50648,7,minibatch_k64,text_pca256_lexical_w005
50649,34,minibatch_k64,text_pca256_lexical_w005
50650,34,minibatch_k64,text_pca256_lexical_w005
50651,34,minibatch_k64,text_pca256_lexical_w005
50652,10,minibatch_k64,text_pca256_lexical_w005
50653,33,minibatch_k64,text_pca256_lexical_w005
50654,59,minibatch_k64,text_pca256_lexical_w005
50655,53,minibatch_k64,text_pca256_lexical_w005
50656,41,minibatch_k64,text_pca256_lexical_w005
50657,41,minibatch_k64,text_pca256_lexical_w005
50658,41,minibatch_k64,text_pca256_lexical_w005
50659,8,minibatch_k64,text_pca256_lexical_w005
50660,21,minibatch_k64,text_pca256_lexical_w005
50661,0,minibatch_k64,text_pca256_lexical_w005
50662,21,minibatch_k64,text_pca256_lexical_w005
50663,21,minibatch_k64,text_pca256_lexical_w005
50664,62,minibatch_k64,text_pca256_lexical_w005
50665,21,minibatch_k64,text_pca256_lexical_w005
50666,23,minibatch_k64,text_pca256_lexical_w005
50667,21,minibatch_k64,text_pca256_lexical_w005
50668,21,minibatch_k64,text_pca256_lexical_w005
50669,0,minibatch_k64,text_pca256_lexical_w005
50670,21,minibatch_k64,text_pca256_lexical_w005
50671,21,minibatch_k64,text_pca256_lexical_w005
50672,23,minibatch_k64,text_pca256_lexical_w005
50673,21,minibatch_k64,text_pca256_lexical_w005
50674,62,minibatch_k64,text_pca256_lexical_w005
50675,21,minibatch_k64,text_pca256_lexical_w005
50676,0,minibatch_k64,text_pca256_lexical_w005
50677,21,minibatch_k64,text_pca256_lexical_w005
50678,21,minibatch_k64,text_pca256_lexical_w005
50679,21,minibatch_k64,text_pca256_lexical_w005
50680,2,minibatch_k64,text_pca256_lexical_w005
50681,21,minibatch_k64,text_pca256_lexical_w005
50682,23,minibatch_k64,text_pca256_lexical_w005
50683,33,minibatch_k64,text_pca256_lexical_w005
50684,0,minibatch_k64,text_pca256_lexical_w005
50685,21,minibatch_k64,text_pca256_lexical_w005
50686,21,minibatch_k64,text_pca256_lexical_w005
50687,0,minibatch_k64,text_pca256_lexical_w005
50688,21,minibatch_k64,text_pca256_lexical_w005
50689,21,minibatch_k64,text_pca256_lexical_w005
50690,21,minibatch_k64,text_pca256_lexical_w005
50691,21,minibatch_k64,text_pca256_lexical_w005
50692,21,minibatch_k64,text_pca256_lexical_w005
50693,21,minibatch_k64,text_pca256_lexical_w005
50694,21,minibatch_k64,text_pca256_lexical_w005
50695,0,minibatch_k64,text_pca256_lexical_w005
50696,21,minibatch_k64,text_pca256_lexical_w005
50697,21,minibatch_k64,text_pca256_lexical_w005
50698,21,minibatch_k64,text_pca256_lexical_w005
50699,21,minibatch_k64,text_pca256_lexical_w005
50700,21,minibatch_k64,text_pca256_lexical_w005
50701,21,minibatch_k64,text_pca256_lexical_w005
50702,21,minibatch_k64,text_pca256_lexical_w005
50703,62,minibatch_k64,text_pca256_lexical_w005
50704,21,minibatch_k64,text_pca256_lexical_w005
50705,21,minibatch_k64,text_pca256_lexical_w005
50706,21,minibatch_k64,text_pca256_lexical_w005
50707,21,minibatch_k64,text_pca256_lexical_w005
50708,21,minibatch_k64,text_pca256_lexical_w005
50709,62,minibatch_k64,text_pca256_lexical_w005
50710,62,minibatch_k64,text_pca256_lexical_w005
50711,0,minibatch_k64,text_pca256_lexical_w005
50712,0,minibatch_k64,text_pca256_lexical_w005
50713,21,minibatch_k64,text_pca256_lexical_w005
50714,21,minibatch_k64,text_pca256_lexical_w005
50715,21,minibatch_k64,text_pca256_lexical_w005
50716,21,minibatch_k64,text_pca256_lexical_w005
50717,21,minibatch_k64,text_pca256_lexical_w005
50718,21,minibatch_k64,text_pca256_lexical_w005
50719,23,minibatch_k64,text_pca256_lexical_w005
50720,0,minibatch_k64,text_pca256_lexical_w005
50721,62,minibatch_k64,text_pca256_lexical_w005
50722,0,minibatch_k64,text_pca256_lexical_w005
50723,21,minibatch_k64,text_pca256_lexical_w005
50724,21,minibatch_k64,text_pca256_lexical_w005
50725,62,minibatch_k64,text_pca256_lexical_w005
50726,21,minibatch_k64,text_pca256_lexical_w005
50727,23,minibatch_k64,text_pca256_lexical_w005
50728,21,minibatch_k64,text_pca256_lexical_w005
50729,21,minibatch_k64,text_pca256_lexical_w005
50730,21,minibatch_k64,text_pca256_lexical_w005
50731,0,minibatch_k64,text_pca256_lexical_w005
50732,21,minibatch_k64,text_pca256_lexical_w005
50733,0,minibatch_k64,text_pca256_lexical_w005
50734,21,minibatch_k64,text_pca256_lexical_w005
50735,21,minibatch_k64,text_pca256_lexical_w005
50736,21,minibatch_k64,text_pca256_lexical_w005
50737,0,minibatch_k64,text_pca256_lexical_w005
50738,0,minibatch_k64,text_pca256_lexical_w005
50739,21,minibatch_k64,text_pca256_lexical_w005
50740,21,minibatch_k64,text_pca256_lexical_w005
50741,21,minibatch_k64,text_pca256_lexical_w005
50742,21,minibatch_k64,text_pca256_lexical_w005
50743,0,minibatch_k64,text_pca256_lexical_w005
50744,8,minibatch_k64,text_pca256_lexical_w005
50745,21,minibatch_k64,text_pca256_lexical_w005
50746,21,minibatch_k64,text_pca256_lexical_w005
50747,0,minibatch_k64,text_pca256_lexical_w005
50748,21,minibatch_k64,text_pca256_lexical_w005
50749,8,minibatch_k64,text_pca256_lexical_w005
50750,21,minibatch_k64,text_pca256_lexical_w005
50751,0,minibatch_k64,text_pca256_lexical_w005
50752,0,minibatch_k64,text_pca256_lexical_w005
50753,21,minibatch_k64,text_pca256_lexical_w005
50754,23,minibatch_k64,text_pca256_lexical_w005
50755,21,minibatch_k64,text_pca256_lexical_w005
50756,21,minibatch_k64,text_pca256_lexical_w005
50757,21,minibatch_k64,text_pca256_lexical_w005
50758,21,minibatch_k64,text_pca256_lexical_w005
50759,62,minibatch_k64,text_pca256_lexical_w005
50760,21,minibatch_k64,text_pca256_lexical_w005
50761,23,minibatch_k64,text_pca256_lexical_w005
50762,21,minibatch_k64,text_pca256_lexical_w005
50763,0,minibatch_k64,text_pca256_lexical_w005
50764,62,minibatch_k64,text_pca256_lexical_w005
50765,23,minibatch_k64,text_pca256_lexical_w005
50766,2,minibatch_k64,text_pca256_lexical_w005
50767,23,minibatch_k64,text_pca256_lexical_w005
50768,21,minibatch_k64,text_pca256_lexical_w005
50769,21,minibatch_k64,text_pca256_lexical_w005
50770,21,minibatch_k64,text_pca256_lexical_w005
50771,21,minibatch_k64,text_pca256_lexical_w005
50772,21,minibatch_k64,text_pca256_lexical_w005
50773,8,minibatch_k64,text_pca256_lexical_w005
50774,21,minibatch_k64,text_pca256_lexical_w005
50775,0,minibatch_k64,text_pca256_lexical_w005
50776,21,minibatch_k64,text_pca256_lexical_w005
50777,42,minibatch_k64,text_pca256_lexical_w005
50778,0,minibatch_k64,text_pca256_lexical_w005
50779,21,minibatch_k64,text_pca256_lexical_w005
50780,21,minibatch_k64,text_pca256_lexical_w005
50781,21,minibatch_k64,text_pca256_lexical_w005
50782,21,minibatch_k64,text_pca256_lexical_w005
50783,62,minibatch_k64,text_pca256_lexical_w005
50784,21,minibatch_k64,text_pca256_lexical_w005
50785,21,minibatch_k64,text_pca256_lexical_w005
50786,21,minibatch_k64,text_pca256_lexical_w005
50787,62,minibatch_k64,text_pca256_lexical_w005
50788,21,minibatch_k64,text_pca256_lexical_w005
50789,8,minibatch_k64,text_pca256_lexical_w005
50790,0,minibatch_k64,text_pca256_lexical_w005
50791,21,minibatch_k64,text_pca256_lexical_w005
50792,21,minibatch_k64,text_pca256_lexical_w005
50793,39,minibatch_k64,text_pca256_lexical_w005
50794,21,minibatch_k64,text_pca256_lexical_w005
50795,21,minibatch_k64,text_pca256_lexical_w005
50796,21,minibatch_k64,text_pca256_lexical_w005
50797,21,minibatch_k64,text_pca256_lexical_w005
50798,8,minibatch_k64,text_pca256_lexical_w005
50799,21,minibatch_k64,text_pca256_lexical_w005
50800,21,minibatch_k64,text_pca256_lexical_w005
50801,23,minibatch_k64,text_pca256_lexical_w005
50802,21,minibatch_k64,text_pca256_lexical_w005
50803,21,minibatch_k64,text_pca256_lexical_w005
50804,21,minibatch_k64,text_pca256_lexical_w005
50805,21,minibatch_k64,text_pca256_lexical_w005
50806,21,minibatch_k64,text_pca256_lexical_w005
50807,21,minibatch_k64,text_pca256_lexical_w005
50808,21,minibatch_k64,text_pca256_lexical_w005
50809,21,minibatch_k64,text_pca256_lexical_w005
50810,21,minibatch_k64,text_pca256_lexical_w005
50811,21,minibatch_k64,text_pca256_lexical_w005
50812,21,minibatch_k64,text_pca256_lexical_w005
50813,21,minibatch_k64,text_pca256_lexical_w005
50814,21,minibatch_k64,text_pca256_lexical_w005
50815,62,minibatch_k64,text_pca256_lexical_w005
50816,0,minibatch_k64,text_pca256_lexical_w005
50817,21,minibatch_k64,text_pca256_lexical_w005
50818,21,minibatch_k64,text_pca256_lexical_w005
50819,21,minibatch_k64,text_pca256_lexical_w005
50820,0,minibatch_k64,text_pca256_lexical_w005
50821,21,minibatch_k64,text_pca256_lexical_w005
50822,0,minibatch_k64,text_pca256_lexical_w005
50823,0,minibatch_k64,text_pca256_lexical_w005
50824,56,minibatch_k64,text_pca256_lexical_w005
50825,23,minibatch_k64,text_pca256_lexical_w005
50826,21,minibatch_k64,text_pca256_lexical_w005
50827,62,minibatch_k64,text_pca256_lexical_w005
50828,62,minibatch_k64,text_pca256_lexical_w005
50829,0,minibatch_k64,text_pca256_lexical_w005
50830,25,minibatch_k64,text_pca256_lexical_w005
50831,0,minibatch_k64,text_pca256_lexical_w005
50832,21,minibatch_k64,text_pca256_lexical_w005
50833,21,minibatch_k64,text_pca256_lexical_w005
50834,0,minibatch_k64,text_pca256_lexical_w005
50835,0,minibatch_k64,text_pca256_lexical_w005
50836,23,minibatch_k64,text_pca256_lexical_w005
50837,42,minibatch_k64,text_pca256_lexical_w005
50838,21,minibatch_k64,text_pca256_lexical_w005
50839,62,minibatch_k64,text_pca256_lexical_w005
50840,21,minibatch_k64,text_pca256_lexical_w005
50841,42,minibatch_k64,text_pca256_lexical_w005
50842,49,minibatch_k64,text_pca256_lexical_w005
50843,0,minibatch_k64,text_pca256_lexical_w005
50844,56,minibatch_k64,text_pca256_lexical_w005
50845,42,minibatch_k64,text_pca256_lexical_w005
50846,21,minibatch_k64,text_pca256_lexical_w005
50847,49,minibatch_k64,text_pca256_lexical_w005
50848,62,minibatch_k64,text_pca256_lexical_w005
50849,8,minibatch_k64,text_pca256_lexical_w005
50850,21,minibatch_k64,text_pca256_lexical_w005
50851,0,minibatch_k64,text_pca256_lexical_w005
50852,42,minibatch_k64,text_pca256_lexical_w005
50853,21,minibatch_k64,text_pca256_lexical_w005
50854,62,minibatch_k64,text_pca256_lexical_w005
50855,5,minibatch_k64,text_pca256_lexical_w005
50856,21,minibatch_k64,text_pca256_lexical_w005
50857,38,minibatch_k64,text_pca256_lexical_w005
50858,58,minibatch_k64,text_pca256_lexical_w005
50859,55,minibatch_k64,text_pca256_lexical_w005
50860,49,minibatch_k64,text_pca256_lexical_w005
50861,42,minibatch_k64,text_pca256_lexical_w005
50862,42,minibatch_k64,text_pca256_lexical_w005
50863,49,minibatch_k64,text_pca256_lexical_w005
50864,42,minibatch_k64,text_pca256_lexical_w005
50865,21,minibatch_k64,text_pca256_lexical_w005
50866,21,minibatch_k64,text_pca256_lexical_w005
50867,21,minibatch_k64,text_pca256_lexical_w005
50868,21,minibatch_k64,text_pca256_lexical_w005
50869,62,minibatch_k64,text_pca256_lexical_w005
50870,21,minibatch_k64,text_pca256_lexical_w005
50871,42,minibatch_k64,text_pca256_lexical_w005
50872,21,minibatch_k64,text_pca256_lexical_w005
50873,0,minibatch_k64,text_pca256_lexical_w005
50874,0,minibatch_k64,text_pca256_lexical_w005
50875,10,minibatch_k64,text_pca256_lexical_w005
50876,21,minibatch_k64,text_pca256_lexical_w005
50877,21,minibatch_k64,text_pca256_lexical_w005
50878,21,minibatch_k64,text_pca256_lexical_w005
50879,23,minibatch_k64,text_pca256_lexical_w005
50880,21,minibatch_k64,text_pca256_lexical_w005
50881,42,minibatch_k64,text_pca256_lexical_w005
50882,62,minibatch_k64,text_pca256_lexical_w005
50883,0,minibatch_k64,text_pca256_lexical_w005
50884,0,minibatch_k64,text_pca256_lexical_w005
50885,0,minibatch_k64,text_pca256_lexical_w005
50886,62,minibatch_k64,text_pca256_lexical_w005
50887,0,minibatch_k64,text_pca256_lexical_w005
50888,21,minibatch_k64,text_pca256_lexical_w005
50889,21,minibatch_k64,text_pca256_lexical_w005
50890,42,minibatch_k64,text_pca256_lexical_w005
50891,25,minibatch_k64,text_pca256_lexical_w005
50892,2,minibatch_k64,text_pca256_lexical_w005
50893,42,minibatch_k64,text_pca256_lexical_w005
50894,0,minibatch_k64,text_pca256_lexical_w005
50895,23,minibatch_k64,text_pca256_lexical_w005
50896,42,minibatch_k64,text_pca256_lexical_w005
50897,0,minibatch_k64,text_pca256_lexical_w005
50898,0,minibatch_k64,text_pca256_lexical_w005
50899,49,minibatch_k64,text_pca256_lexical_w005
50900,42,minibatch_k64,text_pca256_lexical_w005
50901,56,minibatch_k64,text_pca256_lexical_w005
50902,62,minibatch_k64,text_pca256_lexical_w005
50903,0,minibatch_k64,text_pca256_lexical_w005
50904,49,minibatch_k64,text_pca256_lexical_w005
50905,49,minibatch_k64,text_pca256_lexical_w005
50906,58,minibatch_k64,text_pca256_lexical_w005
50907,38,minibatch_k64,text_pca256_lexical_w005
50908,49,minibatch_k64,text_pca256_lexical_w005
50909,18,minibatch_k64,text_pca256_lexical_w005
50910,55,minibatch_k64,text_pca256_lexical_w005
50911,23,minibatch_k64,text_pca256_lexical_w005
50912,49,minibatch_k64,text_pca256_lexical_w005
50913,0,minibatch_k64,text_pca256_lexical_w005
50914,49,minibatch_k64,text_pca256_lexical_w005
50915,47,minibatch_k64,text_pca256_lexical_w005
50916,42,minibatch_k64,text_pca256_lexical_w005
50917,0,minibatch_k64,text_pca256_lexical_w005
50918,21,minibatch_k64,text_pca256_lexical_w005
50919,21,minibatch_k64,text_pca256_lexical_w005
50920,10,minibatch_k64,text_pca256_lexical_w005
50921,42,minibatch_k64,text_pca256_lexical_w005
50922,0,minibatch_k64,text_pca256_lexical_w005
50923,0,minibatch_k64,text_pca256_lexical_w005
50924,15,minibatch_k64,text_pca256_lexical_w005
50925,25,minibatch_k64,text_pca256_lexical_w005
50926,8,minibatch_k64,text_pca256_lexical_w005
50927,42,minibatch_k64,text_pca256_lexical_w005
50928,21,minibatch_k64,text_pca256_lexical_w005
50929,0,minibatch_k64,text_pca256_lexical_w005
50930,56,minibatch_k64,text_pca256_lexical_w005
50931,56,minibatch_k64,text_pca256_lexical_w005
50932,47,minibatch_k64,text_pca256_lexical_w005
50933,0,minibatch_k64,text_pca256_lexical_w005
50934,42,minibatch_k64,text_pca256_lexical_w005
50935,0,minibatch_k64,text_pca256_lexical_w005
50936,42,minibatch_k64,text_pca256_lexical_w005
50937,42,minibatch_k64,text_pca256_lexical_w005
50938,58,minibatch_k64,text_pca256_lexical_w005
50939,21,minibatch_k64,text_pca256_lexical_w005
50940,38,minibatch_k64,text_pca256_lexical_w005
50941,55,minibatch_k64,text_pca256_lexical_w005
50942,42,minibatch_k64,text_pca256_lexical_w005
50943,0,minibatch_k64,text_pca256_lexical_w005
50944,21,minibatch_k64,text_pca256_lexical_w005
50945,10,minibatch_k64,text_pca256_lexical_w005
50946,8,minibatch_k64,text_pca256_lexical_w005
50947,0,minibatch_k64,text_pca256_lexical_w005
50948,42,minibatch_k64,text_pca256_lexical_w005
50949,0,minibatch_k64,text_pca256_lexical_w005
50950,0,minibatch_k64,text_pca256_lexical_w005
50951,42,minibatch_k64,text_pca256_lexical_w005
50952,45,minibatch_k64,text_pca256_lexical_w005
50953,62,minibatch_k64,text_pca256_lexical_w005
50954,45,minibatch_k64,text_pca256_lexical_w005
50955,21,minibatch_k64,text_pca256_lexical_w005
50956,8,minibatch_k64,text_pca256_lexical_w005
50957,0,minibatch_k64,text_pca256_lexical_w005
50958,42,minibatch_k64,text_pca256_lexical_w005
50959,42,minibatch_k64,text_pca256_lexical_w005
50960,42,minibatch_k64,text_pca256_lexical_w005
50961,42,minibatch_k64,text_pca256_lexical_w005
50962,33,minibatch_k64,text_pca256_lexical_w005
50963,25,minibatch_k64,text_pca256_lexical_w005
50964,56,minibatch_k64,text_pca256_lexical_w005
50965,33,minibatch_k64,text_pca256_lexical_w005
50966,42,minibatch_k64,text_pca256_lexical_w005
50967,0,minibatch_k64,text_pca256_lexical_w005
50968,10,minibatch_k64,text_pca256_lexical_w005
50969,0,minibatch_k64,text_pca256_lexical_w005
50970,42,minibatch_k64,text_pca256_lexical_w005
50971,42,minibatch_k64,text_pca256_lexical_w005
50972,15,minibatch_k64,text_pca256_lexical_w005
50973,8,minibatch_k64,text_pca256_lexical_w005
50974,42,minibatch_k64,text_pca256_lexical_w005
50975,38,minibatch_k64,text_pca256_lexical_w005
50976,10,minibatch_k64,text_pca256_lexical_w005
50977,55,minibatch_k64,text_pca256_lexical_w005
50978,42,minibatch_k64,text_pca256_lexical_w005
50979,42,minibatch_k64,text_pca256_lexical_w005
50980,42,minibatch_k64,text_pca256_lexical_w005
50981,42,minibatch_k64,text_pca256_lexical_w005
50982,0,minibatch_k64,text_pca256_lexical_w005
50983,21,minibatch_k64,text_pca256_lexical_w005
50984,8,minibatch_k64,text_pca256_lexical_w005
50985,23,minibatch_k64,text_pca256_lexical_w005
50986,21,minibatch_k64,text_pca256_lexical_w005
50987,49,minibatch_k64,text_pca256_lexical_w005
50988,56,minibatch_k64,text_pca256_lexical_w005
50989,0,minibatch_k64,text_pca256_lexical_w005
50990,0,minibatch_k64,text_pca256_lexical_w005
50991,42,minibatch_k64,text_pca256_lexical_w005
50992,25,minibatch_k64,text_pca256_lexical_w005
50993,56,minibatch_k64,text_pca256_lexical_w005
50994,42,minibatch_k64,text_pca256_lexical_w005
50995,56,minibatch_k64,text_pca256_lexical_w005
50996,21,minibatch_k64,text_pca256_lexical_w005
50997,0,minibatch_k64,text_pca256_lexical_w005
50998,49,minibatch_k64,text_pca256_lexical_w005
50999,8,minibatch_k64,text_pca256_lexical_w005
51000,1,minibatch_k64,text_pca256_lexical_w005
51001,8,minibatch_k64,text_pca256_lexical_w005
51002,38,minibatch_k64,text_pca256_lexical_w005
51003,56,minibatch_k64,text_pca256_lexical_w005
51004,55,minibatch_k64,text_pca256_lexical_w005
51005,56,minibatch_k64,text_pca256_lexical_w005
51006,0,minibatch_k64,text_pca256_lexical_w005
51007,49,minibatch_k64,text_pca256_lexical_w005
51008,21,minibatch_k64,text_pca256_lexical_w005
51009,1,minibatch_k64,text_pca256_lexical_w005
51010,21,minibatch_k64,text_pca256_lexical_w005
51011,0,minibatch_k64,text_pca256_lexical_w005
51012,42,minibatch_k64,text_pca256_lexical_w005
51013,21,minibatch_k64,text_pca256_lexical_w005
51014,8,minibatch_k64,text_pca256_lexical_w005
51015,0,minibatch_k64,text_pca256_lexical_w005
51016,42,minibatch_k64,text_pca256_lexical_w005
51017,8,minibatch_k64,text_pca256_lexical_w005
51018,25,minibatch_k64,text_pca256_lexical_w005
51019,49,minibatch_k64,text_pca256_lexical_w005
51020,8,minibatch_k64,text_pca256_lexical_w005
51021,49,minibatch_k64,text_pca256_lexical_w005
51022,42,minibatch_k64,text_pca256_lexical_w005
51023,42,minibatch_k64,text_pca256_lexical_w005
51024,1,minibatch_k64,text_pca256_lexical_w005
51025,49,minibatch_k64,text_pca256_lexical_w005
51026,21,minibatch_k64,text_pca256_lexical_w005
51027,15,minibatch_k64,text_pca256_lexical_w005
51028,42,minibatch_k64,text_pca256_lexical_w005
51029,45,minibatch_k64,text_pca256_lexical_w005
51030,8,minibatch_k64,text_pca256_lexical_w005
51031,42,minibatch_k64,text_pca256_lexical_w005
51032,58,minibatch_k64,text_pca256_lexical_w005
51033,38,minibatch_k64,text_pca256_lexical_w005
51034,42,minibatch_k64,text_pca256_lexical_w005
51035,55,minibatch_k64,text_pca256_lexical_w005
51036,0,minibatch_k64,text_pca256_lexical_w005
51037,42,minibatch_k64,text_pca256_lexical_w005
51038,21,minibatch_k64,text_pca256_lexical_w005
51039,2,minibatch_k64,text_pca256_lexical_w005
51040,0,minibatch_k64,text_pca256_lexical_w005
51041,42,minibatch_k64,text_pca256_lexical_w005
51042,21,minibatch_k64,text_pca256_lexical_w005
51043,8,minibatch_k64,text_pca256_lexical_w005
51044,10,minibatch_k64,text_pca256_lexical_w005
51045,0,minibatch_k64,text_pca256_lexical_w005
51046,42,minibatch_k64,text_pca256_lexical_w005
51047,8,minibatch_k64,text_pca256_lexical_w005
51048,40,minibatch_k64,text_pca256_lexical_w005
51049,12,minibatch_k64,text_pca256_lexical_w005
51050,25,minibatch_k64,text_pca256_lexical_w005
51051,56,minibatch_k64,text_pca256_lexical_w005
51052,42,minibatch_k64,text_pca256_lexical_w005
51053,8,minibatch_k64,text_pca256_lexical_w005
51054,0,minibatch_k64,text_pca256_lexical_w005
51055,42,minibatch_k64,text_pca256_lexical_w005
51056,42,minibatch_k64,text_pca256_lexical_w005
51057,38,minibatch_k64,text_pca256_lexical_w005
51058,0,minibatch_k64,text_pca256_lexical_w005
51059,21,minibatch_k64,text_pca256_lexical_w005
51060,33,minibatch_k64,text_pca256_lexical_w005
51061,21,minibatch_k64,text_pca256_lexical_w005
51062,62,minibatch_k64,text_pca256_lexical_w005
51063,42,minibatch_k64,text_pca256_lexical_w005
51064,40,minibatch_k64,text_pca256_lexical_w005
51065,0,minibatch_k64,text_pca256_lexical_w005
51066,39,minibatch_k64,text_pca256_lexical_w005
51067,56,minibatch_k64,text_pca256_lexical_w005
51068,25,minibatch_k64,text_pca256_lexical_w005
51069,0,minibatch_k64,text_pca256_lexical_w005
51070,39,minibatch_k64,text_pca256_lexical_w005
51071,62,minibatch_k64,text_pca256_lexical_w005
51072,21,minibatch_k64,text_pca256_lexical_w005
51073,2,minibatch_k64,text_pca256_lexical_w005
51074,10,minibatch_k64,text_pca256_lexical_w005
51075,21,minibatch_k64,text_pca256_lexical_w005
51076,42,minibatch_k64,text_pca256_lexical_w005
51077,0,minibatch_k64,text_pca256_lexical_w005
51078,49,minibatch_k64,text_pca256_lexical_w005
51079,38,minibatch_k64,text_pca256_lexical_w005
51080,58,minibatch_k64,text_pca256_lexical_w005
51081,55,minibatch_k64,text_pca256_lexical_w005
51082,4,minibatch_k64,text_pca256_lexical_w005
51083,4,minibatch_k64,text_pca256_lexical_w005
51084,8,minibatch_k64,text_pca256_lexical_w005
51085,0,minibatch_k64,text_pca256_lexical_w005
51086,2,minibatch_k64,text_pca256_lexical_w005
51087,45,minibatch_k64,text_pca256_lexical_w005
51088,0,minibatch_k64,text_pca256_lexical_w005
51089,42,minibatch_k64,text_pca256_lexical_w005
51090,8,minibatch_k64,text_pca256_lexical_w005
51091,21,minibatch_k64,text_pca256_lexical_w005
51092,21,minibatch_k64,text_pca256_lexical_w005
51093,39,minibatch_k64,text_pca256_lexical_w005
51094,62,minibatch_k64,text_pca256_lexical_w005
51095,42,minibatch_k64,text_pca256_lexical_w005
51096,0,minibatch_k64,text_pca256_lexical_w005
51097,56,minibatch_k64,text_pca256_lexical_w005
51098,49,minibatch_k64,text_pca256_lexical_w005
51099,10,minibatch_k64,text_pca256_lexical_w005
51100,42,minibatch_k64,text_pca256_lexical_w005
51101,0,minibatch_k64,text_pca256_lexical_w005
51102,1,minibatch_k64,text_pca256_lexical_w005
51103,25,minibatch_k64,text_pca256_lexical_w005
51104,0,minibatch_k64,text_pca256_lexical_w005
51105,0,minibatch_k64,text_pca256_lexical_w005
51106,8,minibatch_k64,text_pca256_lexical_w005
51107,42,minibatch_k64,text_pca256_lexical_w005
51108,8,minibatch_k64,text_pca256_lexical_w005
51109,8,minibatch_k64,text_pca256_lexical_w005
51110,42,minibatch_k64,text_pca256_lexical_w005
51111,0,minibatch_k64,text_pca256_lexical_w005
51112,42,minibatch_k64,text_pca256_lexical_w005
51113,0,minibatch_k64,text_pca256_lexical_w005
51114,1,minibatch_k64,text_pca256_lexical_w005
51115,49,minibatch_k64,text_pca256_lexical_w005
51116,42,minibatch_k64,text_pca256_lexical_w005
51117,0,minibatch_k64,text_pca256_lexical_w005
51118,8,minibatch_k64,text_pca256_lexical_w005
51119,1,minibatch_k64,text_pca256_lexical_w005
51120,49,minibatch_k64,text_pca256_lexical_w005
51121,1,minibatch_k64,text_pca256_lexical_w005
51122,25,minibatch_k64,text_pca256_lexical_w005
51123,49,minibatch_k64,text_pca256_lexical_w005
51124,1,minibatch_k64,text_pca256_lexical_w005
51125,49,minibatch_k64,text_pca256_lexical_w005
51126,42,minibatch_k64,text_pca256_lexical_w005
51127,53,minibatch_k64,text_pca256_lexical_w005
51128,0,minibatch_k64,text_pca256_lexical_w005
51129,49,minibatch_k64,text_pca256_lexical_w005
51130,8,minibatch_k64,text_pca256_lexical_w005
51131,8,minibatch_k64,text_pca256_lexical_w005
51132,42,minibatch_k64,text_pca256_lexical_w005
51133,1,minibatch_k64,text_pca256_lexical_w005
51134,49,minibatch_k64,text_pca256_lexical_w005
51135,42,minibatch_k64,text_pca256_lexical_w005
51136,8,minibatch_k64,text_pca256_lexical_w005
51137,2,minibatch_k64,text_pca256_lexical_w005
51138,33,minibatch_k64,text_pca256_lexical_w005
51139,1,minibatch_k64,text_pca256_lexical_w005
51140,49,minibatch_k64,text_pca256_lexical_w005
51141,8,minibatch_k64,text_pca256_lexical_w005
51142,38,minibatch_k64,text_pca256_lexical_w005
51143,45,minibatch_k64,text_pca256_lexical_w005
51144,58,minibatch_k64,text_pca256_lexical_w005
51145,55,minibatch_k64,text_pca256_lexical_w005
51146,15,minibatch_k64,text_pca256_lexical_w005
51147,1,minibatch_k64,text_pca256_lexical_w005
51148,49,minibatch_k64,text_pca256_lexical_w005
51149,0,minibatch_k64,text_pca256_lexical_w005
51150,42,minibatch_k64,text_pca256_lexical_w005
51151,21,minibatch_k64,text_pca256_lexical_w005
51152,44,minibatch_k64,text_pca256_lexical_w005
51153,42,minibatch_k64,text_pca256_lexical_w005
51154,49,minibatch_k64,text_pca256_lexical_w005
51155,1,minibatch_k64,text_pca256_lexical_w005
51156,62,minibatch_k64,text_pca256_lexical_w005
51157,0,minibatch_k64,text_pca256_lexical_w005
51158,0,minibatch_k64,text_pca256_lexical_w005
51159,0,minibatch_k64,text_pca256_lexical_w005
51160,49,minibatch_k64,text_pca256_lexical_w005
51161,2,minibatch_k64,text_pca256_lexical_w005
51162,53,minibatch_k64,text_pca256_lexical_w005
51163,0,minibatch_k64,text_pca256_lexical_w005
51164,49,minibatch_k64,text_pca256_lexical_w005
51165,1,minibatch_k64,text_pca256_lexical_w005
51166,25,minibatch_k64,text_pca256_lexical_w005
51167,49,minibatch_k64,text_pca256_lexical_w005
51168,1,minibatch_k64,text_pca256_lexical_w005
51169,49,minibatch_k64,text_pca256_lexical_w005
51170,1,minibatch_k64,text_pca256_lexical_w005
51171,49,minibatch_k64,text_pca256_lexical_w005
51172,0,minibatch_k64,text_pca256_lexical_w005
51173,1,minibatch_k64,text_pca256_lexical_w005
51174,49,minibatch_k64,text_pca256_lexical_w005
51175,42,minibatch_k64,text_pca256_lexical_w005
51176,42,minibatch_k64,text_pca256_lexical_w005
51177,49,minibatch_k64,text_pca256_lexical_w005
51178,56,minibatch_k64,text_pca256_lexical_w005
51179,1,minibatch_k64,text_pca256_lexical_w005
51180,49,minibatch_k64,text_pca256_lexical_w005
51181,58,minibatch_k64,text_pca256_lexical_w005
51182,38,minibatch_k64,text_pca256_lexical_w005
51183,62,minibatch_k64,text_pca256_lexical_w005
51184,0,minibatch_k64,text_pca256_lexical_w005
51185,59,minibatch_k64,text_pca256_lexical_w005
51186,21,minibatch_k64,text_pca256_lexical_w005
51187,55,minibatch_k64,text_pca256_lexical_w005
51188,42,minibatch_k64,text_pca256_lexical_w005
51189,1,minibatch_k64,text_pca256_lexical_w005
51190,49,minibatch_k64,text_pca256_lexical_w005
51191,1,minibatch_k64,text_pca256_lexical_w005
51192,49,minibatch_k64,text_pca256_lexical_w005
51193,8,minibatch_k64,text_pca256_lexical_w005
51194,50,minibatch_k64,text_pca256_lexical_w005
51195,0,minibatch_k64,text_pca256_lexical_w005
51196,1,minibatch_k64,text_pca256_lexical_w005
51197,49,minibatch_k64,text_pca256_lexical_w005
51198,1,minibatch_k64,text_pca256_lexical_w005
51199,49,minibatch_k64,text_pca256_lexical_w005
51200,25,minibatch_k64,text_pca256_lexical_w005
51201,49,minibatch_k64,text_pca256_lexical_w005
51202,1,minibatch_k64,text_pca256_lexical_w005
51203,1,minibatch_k64,text_pca256_lexical_w005
51204,49,minibatch_k64,text_pca256_lexical_w005
51205,0,minibatch_k64,text_pca256_lexical_w005
51206,62,minibatch_k64,text_pca256_lexical_w005
51207,56,minibatch_k64,text_pca256_lexical_w005
51208,1,minibatch_k64,text_pca256_lexical_w005
51209,49,minibatch_k64,text_pca256_lexical_w005
51210,0,minibatch_k64,text_pca256_lexical_w005
51211,49,minibatch_k64,text_pca256_lexical_w005
51212,0,minibatch_k64,text_pca256_lexical_w005
51213,0,minibatch_k64,text_pca256_lexical_w005
51214,49,minibatch_k64,text_pca256_lexical_w005
51215,1,minibatch_k64,text_pca256_lexical_w005
51216,1,minibatch_k64,text_pca256_lexical_w005
51217,49,minibatch_k64,text_pca256_lexical_w005
51218,56,minibatch_k64,text_pca256_lexical_w005
51219,21,minibatch_k64,text_pca256_lexical_w005
51220,1,minibatch_k64,text_pca256_lexical_w005
51221,49,minibatch_k64,text_pca256_lexical_w005
51222,42,minibatch_k64,text_pca256_lexical_w005
51223,0,minibatch_k64,text_pca256_lexical_w005
51224,38,minibatch_k64,text_pca256_lexical_w005
51225,58,minibatch_k64,text_pca256_lexical_w005
51226,0,minibatch_k64,text_pca256_lexical_w005
51227,1,minibatch_k64,text_pca256_lexical_w005
51228,49,minibatch_k64,text_pca256_lexical_w005
51229,42,minibatch_k64,text_pca256_lexical_w005
51230,1,minibatch_k64,text_pca256_lexical_w005
51231,49,minibatch_k64,text_pca256_lexical_w005
51232,42,minibatch_k64,text_pca256_lexical_w005
51233,1,minibatch_k64,text_pca256_lexical_w005
51234,49,minibatch_k64,text_pca256_lexical_w005
51235,62,minibatch_k64,text_pca256_lexical_w005
51236,62,minibatch_k64,text_pca256_lexical_w005
51237,42,minibatch_k64,text_pca256_lexical_w005
51238,49,minibatch_k64,text_pca256_lexical_w005
51239,1,minibatch_k64,text_pca256_lexical_w005
51240,49,minibatch_k64,text_pca256_lexical_w005
51241,0,minibatch_k64,text_pca256_lexical_w005
51242,56,minibatch_k64,text_pca256_lexical_w005
51243,1,minibatch_k64,text_pca256_lexical_w005
51244,49,minibatch_k64,text_pca256_lexical_w005
51245,25,minibatch_k64,text_pca256_lexical_w005
51246,1,minibatch_k64,text_pca256_lexical_w005
51247,49,minibatch_k64,text_pca256_lexical_w005
51248,10,minibatch_k64,text_pca256_lexical_w005
51249,20,minibatch_k64,text_pca256_lexical_w005
51250,1,minibatch_k64,text_pca256_lexical_w005
51251,49,minibatch_k64,text_pca256_lexical_w005
51252,1,minibatch_k64,text_pca256_lexical_w005
51253,1,minibatch_k64,text_pca256_lexical_w005
51254,49,minibatch_k64,text_pca256_lexical_w005
51255,0,minibatch_k64,text_pca256_lexical_w005
51256,4,minibatch_k64,text_pca256_lexical_w005
51257,49,minibatch_k64,text_pca256_lexical_w005
51258,1,minibatch_k64,text_pca256_lexical_w005
51259,38,minibatch_k64,text_pca256_lexical_w005
51260,55,minibatch_k64,text_pca256_lexical_w005
51261,1,minibatch_k64,text_pca256_lexical_w005
51262,4,minibatch_k64,text_pca256_lexical_w005
51263,1,minibatch_k64,text_pca256_lexical_w005
51264,15,minibatch_k64,text_pca256_lexical_w005
51265,0,minibatch_k64,text_pca256_lexical_w005
51266,49,minibatch_k64,text_pca256_lexical_w005
51267,1,minibatch_k64,text_pca256_lexical_w005
51268,1,minibatch_k64,text_pca256_lexical_w005
51269,0,minibatch_k64,text_pca256_lexical_w005
51270,49,minibatch_k64,text_pca256_lexical_w005
51271,33,minibatch_k64,text_pca256_lexical_w005
51272,1,minibatch_k64,text_pca256_lexical_w005
51273,23,minibatch_k64,text_pca256_lexical_w005
51274,1,minibatch_k64,text_pca256_lexical_w005
51275,49,minibatch_k64,text_pca256_lexical_w005
51276,49,minibatch_k64,text_pca256_lexical_w005
51277,1,minibatch_k64,text_pca256_lexical_w005
51278,33,minibatch_k64,text_pca256_lexical_w005
51279,1,minibatch_k64,text_pca256_lexical_w005
51280,0,minibatch_k64,text_pca256_lexical_w005
51281,56,minibatch_k64,text_pca256_lexical_w005
51282,15,minibatch_k64,text_pca256_lexical_w005
51283,1,minibatch_k64,text_pca256_lexical_w005
51284,1,minibatch_k64,text_pca256_lexical_w005
51285,1,minibatch_k64,text_pca256_lexical_w005
51286,33,minibatch_k64,text_pca256_lexical_w005
51287,42,minibatch_k64,text_pca256_lexical_w005
51288,45,minibatch_k64,text_pca256_lexical_w005
51289,1,minibatch_k64,text_pca256_lexical_w005
51290,56,minibatch_k64,text_pca256_lexical_w005
51291,38,minibatch_k64,text_pca256_lexical_w005
51292,45,minibatch_k64,text_pca256_lexical_w005
51293,55,minibatch_k64,text_pca256_lexical_w005
51294,1,minibatch_k64,text_pca256_lexical_w005
51295,0,minibatch_k64,text_pca256_lexical_w005
51296,56,minibatch_k64,text_pca256_lexical_w005
51297,33,minibatch_k64,text_pca256_lexical_w005
51298,1,minibatch_k64,text_pca256_lexical_w005
51299,33,minibatch_k64,text_pca256_lexical_w005
51300,1,minibatch_k64,text_pca256_lexical_w005
51301,42,minibatch_k64,text_pca256_lexical_w005
51302,42,minibatch_k64,text_pca256_lexical_w005
51303,1,minibatch_k64,text_pca256_lexical_w005
51304,21,minibatch_k64,text_pca256_lexical_w005
51305,25,minibatch_k64,text_pca256_lexical_w005
51306,56,minibatch_k64,text_pca256_lexical_w005
51307,56,minibatch_k64,text_pca256_lexical_w005
51308,56,minibatch_k64,text_pca256_lexical_w005
51309,10,minibatch_k64,text_pca256_lexical_w005
51310,56,minibatch_k64,text_pca256_lexical_w005
51311,56,minibatch_k64,text_pca256_lexical_w005
51312,61,minibatch_k64,text_pca256_lexical_w005
51313,62,minibatch_k64,text_pca256_lexical_w005
51314,62,minibatch_k64,text_pca256_lexical_w005
51315,10,minibatch_k64,text_pca256_lexical_w005
51316,62,minibatch_k64,text_pca256_lexical_w005
51317,18,minibatch_k64,text_pca256_lexical_w005
51318,0,minibatch_k64,text_pca256_lexical_w005
51319,59,minibatch_k64,text_pca256_lexical_w005
51320,8,minibatch_k64,text_pca256_lexical_w005
51321,0,minibatch_k64,text_pca256_lexical_w005
51322,21,minibatch_k64,text_pca256_lexical_w005
51323,2,minibatch_k64,text_pca256_lexical_w005
51324,62,minibatch_k64,text_pca256_lexical_w005
51325,0,minibatch_k64,text_pca256_lexical_w005
51326,61,minibatch_k64,text_pca256_lexical_w005
51327,10,minibatch_k64,text_pca256_lexical_w005
51328,8,minibatch_k64,text_pca256_lexical_w005
51329,56,minibatch_k64,text_pca256_lexical_w005
51330,8,minibatch_k64,text_pca256_lexical_w005
51331,18,minibatch_k64,text_pca256_lexical_w005
51332,2,minibatch_k64,text_pca256_lexical_w005
51333,33,minibatch_k64,text_pca256_lexical_w005
51334,0,minibatch_k64,text_pca256_lexical_w005
51335,0,minibatch_k64,text_pca256_lexical_w005
51336,21,minibatch_k64,text_pca256_lexical_w005
51337,8,minibatch_k64,text_pca256_lexical_w005
51338,42,minibatch_k64,text_pca256_lexical_w005
51339,62,minibatch_k64,text_pca256_lexical_w005
51340,21,minibatch_k64,text_pca256_lexical_w005
51341,39,minibatch_k64,text_pca256_lexical_w005
51342,45,minibatch_k64,text_pca256_lexical_w005
51343,4,minibatch_k64,text_pca256_lexical_w005
51344,33,minibatch_k64,text_pca256_lexical_w005
51345,45,minibatch_k64,text_pca256_lexical_w005
51346,47,minibatch_k64,text_pca256_lexical_w005
51347,18,minibatch_k64,text_pca256_lexical_w005
51348,38,minibatch_k64,text_pca256_lexical_w005
51349,42,minibatch_k64,text_pca256_lexical_w005
51350,55,minibatch_k64,text_pca256_lexical_w005
51351,56,minibatch_k64,text_pca256_lexical_w005
51352,42,minibatch_k64,text_pca256_lexical_w005
51353,56,minibatch_k64,text_pca256_lexical_w005
51354,59,minibatch_k64,text_pca256_lexical_w005
51355,25,minibatch_k64,text_pca256_lexical_w005
51356,42,minibatch_k64,text_pca256_lexical_w005
51357,8,minibatch_k64,text_pca256_lexical_w005
51358,42,minibatch_k64,text_pca256_lexical_w005
51359,8,minibatch_k64,text_pca256_lexical_w005
51360,61,minibatch_k64,text_pca256_lexical_w005
51361,8,minibatch_k64,text_pca256_lexical_w005
51362,45,minibatch_k64,text_pca256_lexical_w005
51363,45,minibatch_k64,text_pca256_lexical_w005
51364,27,minibatch_k64,text_pca256_lexical_w005
51365,56,minibatch_k64,text_pca256_lexical_w005
51366,53,minibatch_k64,text_pca256_lexical_w005
51367,27,minibatch_k64,text_pca256_lexical_w005
51368,38,minibatch_k64,text_pca256_lexical_w005
51369,45,minibatch_k64,text_pca256_lexical_w005
51370,55,minibatch_k64,text_pca256_lexical_w005
51371,27,minibatch_k64,text_pca256_lexical_w005
51372,27,minibatch_k64,text_pca256_lexical_w005
51373,42,minibatch_k64,text_pca256_lexical_w005
51374,0,minibatch_k64,text_pca256_lexical_w005
51375,0,minibatch_k64,text_pca256_lexical_w005
51376,27,minibatch_k64,text_pca256_lexical_w005
51377,42,minibatch_k64,text_pca256_lexical_w005
51378,8,minibatch_k64,text_pca256_lexical_w005
51379,27,minibatch_k64,text_pca256_lexical_w005
51380,0,minibatch_k64,text_pca256_lexical_w005
51381,42,minibatch_k64,text_pca256_lexical_w005
51382,42,minibatch_k64,text_pca256_lexical_w005
51383,8,minibatch_k64,text_pca256_lexical_w005
51384,62,minibatch_k64,text_pca256_lexical_w005
51385,25,minibatch_k64,text_pca256_lexical_w005
51386,42,minibatch_k64,text_pca256_lexical_w005
51387,8,minibatch_k64,text_pca256_lexical_w005
51388,21,minibatch_k64,text_pca256_lexical_w005
51389,38,minibatch_k64,text_pca256_lexical_w005
51390,45,minibatch_k64,text_pca256_lexical_w005
51391,42,minibatch_k64,text_pca256_lexical_w005
51392,55,minibatch_k64,text_pca256_lexical_w005
51393,10,minibatch_k64,text_pca256_lexical_w005
51394,42,minibatch_k64,text_pca256_lexical_w005
51395,8,minibatch_k64,text_pca256_lexical_w005
51396,0,minibatch_k64,text_pca256_lexical_w005
51397,42,minibatch_k64,text_pca256_lexical_w005
51398,18,minibatch_k64,text_pca256_lexical_w005
51399,45,minibatch_k64,text_pca256_lexical_w005
51400,45,minibatch_k64,text_pca256_lexical_w005
51401,10,minibatch_k64,text_pca256_lexical_w005
51402,62,minibatch_k64,text_pca256_lexical_w005
51403,45,minibatch_k64,text_pca256_lexical_w005
51404,23,minibatch_k64,text_pca256_lexical_w005
51405,45,minibatch_k64,text_pca256_lexical_w005
51406,10,minibatch_k64,text_pca256_lexical_w005
51407,45,minibatch_k64,text_pca256_lexical_w005
51408,45,minibatch_k64,text_pca256_lexical_w005
51409,45,minibatch_k64,text_pca256_lexical_w005
51410,33,minibatch_k64,text_pca256_lexical_w005
51411,23,minibatch_k64,text_pca256_lexical_w005
51412,45,minibatch_k64,text_pca256_lexical_w005
51413,45,minibatch_k64,text_pca256_lexical_w005
51414,23,minibatch_k64,text_pca256_lexical_w005
51415,45,minibatch_k64,text_pca256_lexical_w005
51416,61,minibatch_k64,text_pca256_lexical_w005
51417,45,minibatch_k64,text_pca256_lexical_w005
51418,59,minibatch_k64,text_pca256_lexical_w005
51419,59,minibatch_k64,text_pca256_lexical_w005
51420,8,minibatch_k64,text_pca256_lexical_w005
51421,2,minibatch_k64,text_pca256_lexical_w005
51422,62,minibatch_k64,text_pca256_lexical_w005
51423,45,minibatch_k64,text_pca256_lexical_w005
51424,45,minibatch_k64,text_pca256_lexical_w005
51425,62,minibatch_k64,text_pca256_lexical_w005
51426,59,minibatch_k64,text_pca256_lexical_w005
51427,59,minibatch_k64,text_pca256_lexical_w005
51428,8,minibatch_k64,text_pca256_lexical_w005
51429,62,minibatch_k64,text_pca256_lexical_w005
51430,61,minibatch_k64,text_pca256_lexical_w005
51431,10,minibatch_k64,text_pca256_lexical_w005
51432,42,minibatch_k64,text_pca256_lexical_w005
51433,61,minibatch_k64,text_pca256_lexical_w005
51434,45,minibatch_k64,text_pca256_lexical_w005
51435,62,minibatch_k64,text_pca256_lexical_w005
51436,62,minibatch_k64,text_pca256_lexical_w005
51437,59,minibatch_k64,text_pca256_lexical_w005
51438,45,minibatch_k64,text_pca256_lexical_w005
51439,45,minibatch_k64,text_pca256_lexical_w005
51440,27,minibatch_k64,text_pca256_lexical_w005
51441,18,minibatch_k64,text_pca256_lexical_w005
51442,15,minibatch_k64,text_pca256_lexical_w005
51443,27,minibatch_k64,text_pca256_lexical_w005
51444,45,minibatch_k64,text_pca256_lexical_w005
51445,18,minibatch_k64,text_pca256_lexical_w005
51446,2,minibatch_k64,text_pca256_lexical_w005
51447,59,minibatch_k64,text_pca256_lexical_w005
51448,45,minibatch_k64,text_pca256_lexical_w005
51449,27,minibatch_k64,text_pca256_lexical_w005
51450,62,minibatch_k64,text_pca256_lexical_w005
51451,0,minibatch_k64,text_pca256_lexical_w005
51452,41,minibatch_k64,text_pca256_lexical_w005
51453,41,minibatch_k64,text_pca256_lexical_w005
51454,41,minibatch_k64,text_pca256_lexical_w005
51455,42,minibatch_k64,text_pca256_lexical_w005
51456,59,minibatch_k64,text_pca256_lexical_w005
51457,42,minibatch_k64,text_pca256_lexical_w005
51458,42,minibatch_k64,text_pca256_lexical_w005
51459,6,minibatch_k64,text_pca256_lexical_w005
51460,59,minibatch_k64,text_pca256_lexical_w005
51461,27,minibatch_k64,text_pca256_lexical_w005
51462,41,minibatch_k64,text_pca256_lexical_w005
51463,6,minibatch_k64,text_pca256_lexical_w005
51464,34,minibatch_k64,text_pca256_lexical_w005
51465,7,minibatch_k64,text_pca256_lexical_w005
51466,7,minibatch_k64,text_pca256_lexical_w005
51467,42,minibatch_k64,text_pca256_lexical_w005
51468,62,minibatch_k64,text_pca256_lexical_w005
51469,59,minibatch_k64,text_pca256_lexical_w005
51470,62,minibatch_k64,text_pca256_lexical_w005
51471,62,minibatch_k64,text_pca256_lexical_w005
51472,6,minibatch_k64,text_pca256_lexical_w005
51473,34,minibatch_k64,text_pca256_lexical_w005
51474,6,minibatch_k64,text_pca256_lexical_w005
51475,34,minibatch_k64,text_pca256_lexical_w005
51476,7,minibatch_k64,text_pca256_lexical_w005
51477,6,minibatch_k64,text_pca256_lexical_w005
51478,6,minibatch_k64,text_pca256_lexical_w005
51479,34,minibatch_k64,text_pca256_lexical_w005
51480,42,minibatch_k64,text_pca256_lexical_w005
51481,42,minibatch_k64,text_pca256_lexical_w005
51482,21,minibatch_k64,text_pca256_lexical_w005
51483,39,minibatch_k64,text_pca256_lexical_w005
51484,42,minibatch_k64,text_pca256_lexical_w005
51485,62,minibatch_k64,text_pca256_lexical_w005
51486,42,minibatch_k64,text_pca256_lexical_w005
51487,8,minibatch_k64,text_pca256_lexical_w005
51488,21,minibatch_k64,text_pca256_lexical_w005
51489,0,minibatch_k64,text_pca256_lexical_w005
51490,0,minibatch_k64,text_pca256_lexical_w005
51491,33,minibatch_k64,text_pca256_lexical_w005
51492,15,minibatch_k64,text_pca256_lexical_w005
51493,50,minibatch_k64,text_pca256_lexical_w005
51494,0,minibatch_k64,text_pca256_lexical_w005
51495,21,minibatch_k64,text_pca256_lexical_w005
51496,33,minibatch_k64,text_pca256_lexical_w005
51497,33,minibatch_k64,text_pca256_lexical_w005
51498,10,minibatch_k64,text_pca256_lexical_w005
51499,21,minibatch_k64,text_pca256_lexical_w005
51500,2,minibatch_k64,text_pca256_lexical_w005
51501,10,minibatch_k64,text_pca256_lexical_w005
51502,50,minibatch_k64,text_pca256_lexical_w005
51503,0,minibatch_k64,text_pca256_lexical_w005
51504,62,minibatch_k64,text_pca256_lexical_w005
51505,10,minibatch_k64,text_pca256_lexical_w005
51506,33,minibatch_k64,text_pca256_lexical_w005
51507,0,minibatch_k64,text_pca256_lexical_w005
51508,2,minibatch_k64,text_pca256_lexical_w005
51509,15,minibatch_k64,text_pca256_lexical_w005
51510,0,minibatch_k64,text_pca256_lexical_w005
51511,8,minibatch_k64,text_pca256_lexical_w005
51512,21,minibatch_k64,text_pca256_lexical_w005
51513,0,minibatch_k64,text_pca256_lexical_w005
51514,10,minibatch_k64,text_pca256_lexical_w005
51515,2,minibatch_k64,text_pca256_lexical_w005
51516,2,minibatch_k64,text_pca256_lexical_w005
51517,2,minibatch_k64,text_pca256_lexical_w005
51518,42,minibatch_k64,text_pca256_lexical_w005
51519,2,minibatch_k64,text_pca256_lexical_w005
51520,0,minibatch_k64,text_pca256_lexical_w005
51521,8,minibatch_k64,text_pca256_lexical_w005
51522,2,minibatch_k64,text_pca256_lexical_w005
51523,42,minibatch_k64,text_pca256_lexical_w005
51524,62,minibatch_k64,text_pca256_lexical_w005
51525,21,minibatch_k64,text_pca256_lexical_w005
51526,33,minibatch_k64,text_pca256_lexical_w005
51527,15,minibatch_k64,text_pca256_lexical_w005
51528,21,minibatch_k64,text_pca256_lexical_w005
51529,45,minibatch_k64,text_pca256_lexical_w005
51530,39,minibatch_k64,text_pca256_lexical_w005
51531,59,minibatch_k64,text_pca256_lexical_w005
51532,50,minibatch_k64,text_pca256_lexical_w005
51533,48,minibatch_k64,text_pca256_lexical_w005
51534,62,minibatch_k64,text_pca256_lexical_w005
51535,10,minibatch_k64,text_pca256_lexical_w005
51536,39,minibatch_k64,text_pca256_lexical_w005
51537,23,minibatch_k64,text_pca256_lexical_w005
51538,33,minibatch_k64,text_pca256_lexical_w005
51539,62,minibatch_k64,text_pca256_lexical_w005
51540,0,minibatch_k64,text_pca256_lexical_w005
51541,15,minibatch_k64,text_pca256_lexical_w005
51542,33,minibatch_k64,text_pca256_lexical_w005
51543,0,minibatch_k64,text_pca256_lexical_w005
51544,2,minibatch_k64,text_pca256_lexical_w005
51545,39,minibatch_k64,text_pca256_lexical_w005
51546,21,minibatch_k64,text_pca256_lexical_w005
51547,33,minibatch_k64,text_pca256_lexical_w005
51548,10,minibatch_k64,text_pca256_lexical_w005
51549,21,minibatch_k64,text_pca256_lexical_w005
51550,15,minibatch_k64,text_pca256_lexical_w005
51551,10,minibatch_k64,text_pca256_lexical_w005
51552,23,minibatch_k64,text_pca256_lexical_w005
51553,15,minibatch_k64,text_pca256_lexical_w005
51554,15,minibatch_k64,text_pca256_lexical_w005
51555,21,minibatch_k64,text_pca256_lexical_w005
51556,42,minibatch_k64,text_pca256_lexical_w005
51557,8,minibatch_k64,text_pca256_lexical_w005
51558,8,minibatch_k64,text_pca256_lexical_w005
51559,42,minibatch_k64,text_pca256_lexical_w005
51560,42,minibatch_k64,text_pca256_lexical_w005
51561,8,minibatch_k64,text_pca256_lexical_w005
51562,8,minibatch_k64,text_pca256_lexical_w005
51563,25,minibatch_k64,text_pca256_lexical_w005
51564,25,minibatch_k64,text_pca256_lexical_w005
51565,42,minibatch_k64,text_pca256_lexical_w005
51566,42,minibatch_k64,text_pca256_lexical_w005
51567,23,minibatch_k64,text_pca256_lexical_w005
51568,42,minibatch_k64,text_pca256_lexical_w005
51569,3,minibatch_k64,text_pca256_lexical_w005
51570,42,minibatch_k64,text_pca256_lexical_w005
51571,42,minibatch_k64,text_pca256_lexical_w005
51572,42,minibatch_k64,text_pca256_lexical_w005
51573,21,minibatch_k64,text_pca256_lexical_w005
51574,23,minibatch_k64,text_pca256_lexical_w005
51575,62,minibatch_k64,text_pca256_lexical_w005
51576,33,minibatch_k64,text_pca256_lexical_w005
51577,33,minibatch_k64,text_pca256_lexical_w005
51578,42,minibatch_k64,text_pca256_lexical_w005
51579,42,minibatch_k64,text_pca256_lexical_w005
51580,15,minibatch_k64,text_pca256_lexical_w005
51581,8,minibatch_k64,text_pca256_lexical_w005
51582,25,minibatch_k64,text_pca256_lexical_w005
51583,42,minibatch_k64,text_pca256_lexical_w005
51584,42,minibatch_k64,text_pca256_lexical_w005
51585,42,minibatch_k64,text_pca256_lexical_w005
51586,33,minibatch_k64,text_pca256_lexical_w005
51587,8,minibatch_k64,text_pca256_lexical_w005
51588,42,minibatch_k64,text_pca256_lexical_w005
51589,50,minibatch_k64,text_pca256_lexical_w005
51590,23,minibatch_k64,text_pca256_lexical_w005
51591,42,minibatch_k64,text_pca256_lexical_w005
51592,23,minibatch_k64,text_pca256_lexical_w005
51593,25,minibatch_k64,text_pca256_lexical_w005
51594,42,minibatch_k64,text_pca256_lexical_w005
51595,42,minibatch_k64,text_pca256_lexical_w005
51596,42,minibatch_k64,text_pca256_lexical_w005
51597,8,minibatch_k64,text_pca256_lexical_w005
51598,23,minibatch_k64,text_pca256_lexical_w005
51599,42,minibatch_k64,text_pca256_lexical_w005
51600,42,minibatch_k64,text_pca256_lexical_w005
51601,62,minibatch_k64,text_pca256_lexical_w005
51602,50,minibatch_k64,text_pca256_lexical_w005
51603,42,minibatch_k64,text_pca256_lexical_w005
51604,8,minibatch_k64,text_pca256_lexical_w005
51605,25,minibatch_k64,text_pca256_lexical_w005
51606,42,minibatch_k64,text_pca256_lexical_w005
51607,42,minibatch_k64,text_pca256_lexical_w005
51608,42,minibatch_k64,text_pca256_lexical_w005
51609,2,minibatch_k64,text_pca256_lexical_w005
51610,42,minibatch_k64,text_pca256_lexical_w005
51611,42,minibatch_k64,text_pca256_lexical_w005
51612,33,minibatch_k64,text_pca256_lexical_w005
51613,23,minibatch_k64,text_pca256_lexical_w005
51614,8,minibatch_k64,text_pca256_lexical_w005
51615,8,minibatch_k64,text_pca256_lexical_w005
51616,33,minibatch_k64,text_pca256_lexical_w005
51617,42,minibatch_k64,text_pca256_lexical_w005
51618,42,minibatch_k64,text_pca256_lexical_w005
51619,0,minibatch_k64,text_pca256_lexical_w005
51620,8,minibatch_k64,text_pca256_lexical_w005
51621,8,minibatch_k64,text_pca256_lexical_w005
51622,25,minibatch_k64,text_pca256_lexical_w005
51623,8,minibatch_k64,text_pca256_lexical_w005
51624,42,minibatch_k64,text_pca256_lexical_w005
51625,8,minibatch_k64,text_pca256_lexical_w005
51626,8,minibatch_k64,text_pca256_lexical_w005
51627,8,minibatch_k64,text_pca256_lexical_w005
51628,23,minibatch_k64,text_pca256_lexical_w005
51629,42,minibatch_k64,text_pca256_lexical_w005
51630,8,minibatch_k64,text_pca256_lexical_w005
51631,42,minibatch_k64,text_pca256_lexical_w005
51632,42,minibatch_k64,text_pca256_lexical_w005
51633,8,minibatch_k64,text_pca256_lexical_w005
51634,42,minibatch_k64,text_pca256_lexical_w005
51635,8,minibatch_k64,text_pca256_lexical_w005
51636,25,minibatch_k64,text_pca256_lexical_w005
51637,0,minibatch_k64,text_pca256_lexical_w005
51638,39,minibatch_k64,text_pca256_lexical_w005
51639,8,minibatch_k64,text_pca256_lexical_w005
51640,42,minibatch_k64,text_pca256_lexical_w005
51641,15,minibatch_k64,text_pca256_lexical_w005
51642,8,minibatch_k64,text_pca256_lexical_w005
51643,42,minibatch_k64,text_pca256_lexical_w005
51644,42,minibatch_k64,text_pca256_lexical_w005
51645,8,minibatch_k64,text_pca256_lexical_w005
51646,8,minibatch_k64,text_pca256_lexical_w005
51647,42,minibatch_k64,text_pca256_lexical_w005
51648,23,minibatch_k64,text_pca256_lexical_w005
51649,42,minibatch_k64,text_pca256_lexical_w005
51650,42,minibatch_k64,text_pca256_lexical_w005
51651,42,minibatch_k64,text_pca256_lexical_w005
51652,50,minibatch_k64,text_pca256_lexical_w005
51653,33,minibatch_k64,text_pca256_lexical_w005
51654,8,minibatch_k64,text_pca256_lexical_w005
51655,62,minibatch_k64,text_pca256_lexical_w005
51656,25,minibatch_k64,text_pca256_lexical_w005
51657,8,minibatch_k64,text_pca256_lexical_w005
51658,42,minibatch_k64,text_pca256_lexical_w005
51659,42,minibatch_k64,text_pca256_lexical_w005
51660,33,minibatch_k64,text_pca256_lexical_w005
51661,8,minibatch_k64,text_pca256_lexical_w005
51662,21,minibatch_k64,text_pca256_lexical_w005
51663,21,minibatch_k64,text_pca256_lexical_w005
51664,23,minibatch_k64,text_pca256_lexical_w005
51665,42,minibatch_k64,text_pca256_lexical_w005
51666,15,minibatch_k64,text_pca256_lexical_w005
51667,15,minibatch_k64,text_pca256_lexical_w005
51668,8,minibatch_k64,text_pca256_lexical_w005
51669,25,minibatch_k64,text_pca256_lexical_w005
51670,42,minibatch_k64,text_pca256_lexical_w005
51671,15,minibatch_k64,text_pca256_lexical_w005
51672,8,minibatch_k64,text_pca256_lexical_w005
51673,42,minibatch_k64,text_pca256_lexical_w005
51674,53,minibatch_k64,text_pca256_lexical_w005
51675,23,minibatch_k64,text_pca256_lexical_w005
51676,8,minibatch_k64,text_pca256_lexical_w005
51677,33,minibatch_k64,text_pca256_lexical_w005
51678,42,minibatch_k64,text_pca256_lexical_w005
51679,42,minibatch_k64,text_pca256_lexical_w005
51680,42,minibatch_k64,text_pca256_lexical_w005
51681,42,minibatch_k64,text_pca256_lexical_w005
51682,42,minibatch_k64,text_pca256_lexical_w005
51683,33,minibatch_k64,text_pca256_lexical_w005
51684,8,minibatch_k64,text_pca256_lexical_w005
51685,42,minibatch_k64,text_pca256_lexical_w005
51686,42,minibatch_k64,text_pca256_lexical_w005
51687,25,minibatch_k64,text_pca256_lexical_w005
51688,23,minibatch_k64,text_pca256_lexical_w005
51689,33,minibatch_k64,text_pca256_lexical_w005
51690,42,minibatch_k64,text_pca256_lexical_w005
51691,62,minibatch_k64,text_pca256_lexical_w005
51692,42,minibatch_k64,text_pca256_lexical_w005
51693,42,minibatch_k64,text_pca256_lexical_w005
51694,42,minibatch_k64,text_pca256_lexical_w005
51695,33,minibatch_k64,text_pca256_lexical_w005
51696,33,minibatch_k64,text_pca256_lexical_w005
51697,50,minibatch_k64,text_pca256_lexical_w005
51698,62,minibatch_k64,text_pca256_lexical_w005
51699,42,minibatch_k64,text_pca256_lexical_w005
51700,8,minibatch_k64,text_pca256_lexical_w005
51701,25,minibatch_k64,text_pca256_lexical_w005
51702,33,minibatch_k64,text_pca256_lexical_w005
51703,42,minibatch_k64,text_pca256_lexical_w005
51704,8,minibatch_k64,text_pca256_lexical_w005
51705,23,minibatch_k64,text_pca256_lexical_w005
51706,23,minibatch_k64,text_pca256_lexical_w005
51707,33,minibatch_k64,text_pca256_lexical_w005
51708,42,minibatch_k64,text_pca256_lexical_w005
51709,42,minibatch_k64,text_pca256_lexical_w005
51710,33,minibatch_k64,text_pca256_lexical_w005
51711,56,minibatch_k64,text_pca256_lexical_w005
51712,42,minibatch_k64,text_pca256_lexical_w005
51713,62,minibatch_k64,text_pca256_lexical_w005
51714,33,minibatch_k64,text_pca256_lexical_w005
51715,21,minibatch_k64,text_pca256_lexical_w005
51716,8,minibatch_k64,text_pca256_lexical_w005
51717,42,minibatch_k64,text_pca256_lexical_w005
51718,33,minibatch_k64,text_pca256_lexical_w005
51719,42,minibatch_k64,text_pca256_lexical_w005
51720,42,minibatch_k64,text_pca256_lexical_w005
51721,62,minibatch_k64,text_pca256_lexical_w005
51722,62,minibatch_k64,text_pca256_lexical_w005
51723,42,minibatch_k64,text_pca256_lexical_w005
51724,42,minibatch_k64,text_pca256_lexical_w005
51725,62,minibatch_k64,text_pca256_lexical_w005
51726,8,minibatch_k64,text_pca256_lexical_w005
51727,8,minibatch_k64,text_pca256_lexical_w005
51728,25,minibatch_k64,text_pca256_lexical_w005
51729,0,minibatch_k64,text_pca256_lexical_w005
51730,42,minibatch_k64,text_pca256_lexical_w005
51731,42,minibatch_k64,text_pca256_lexical_w005
51732,50,minibatch_k64,text_pca256_lexical_w005
51733,15,minibatch_k64,text_pca256_lexical_w005
51734,23,minibatch_k64,text_pca256_lexical_w005
51735,42,minibatch_k64,text_pca256_lexical_w005
51736,42,minibatch_k64,text_pca256_lexical_w005
51737,62,minibatch_k64,text_pca256_lexical_w005
51738,8,minibatch_k64,text_pca256_lexical_w005
51739,50,minibatch_k64,text_pca256_lexical_w005
51740,21,minibatch_k64,text_pca256_lexical_w005
51741,62,minibatch_k64,text_pca256_lexical_w005
51742,42,minibatch_k64,text_pca256_lexical_w005
51743,21,minibatch_k64,text_pca256_lexical_w005
51744,33,minibatch_k64,text_pca256_lexical_w005
51745,25,minibatch_k64,text_pca256_lexical_w005
51746,8,minibatch_k64,text_pca256_lexical_w005
51747,21,minibatch_k64,text_pca256_lexical_w005
51748,42,minibatch_k64,text_pca256_lexical_w005
51749,50,minibatch_k64,text_pca256_lexical_w005
51750,53,minibatch_k64,text_pca256_lexical_w005
51751,42,minibatch_k64,text_pca256_lexical_w005
51752,21,minibatch_k64,text_pca256_lexical_w005
51753,43,minibatch_k64,text_pca256_lexical_w005
51754,0,minibatch_k64,text_pca256_lexical_w005
51755,21,minibatch_k64,text_pca256_lexical_w005
51756,62,minibatch_k64,text_pca256_lexical_w005
51757,0,minibatch_k64,text_pca256_lexical_w005
51758,42,minibatch_k64,text_pca256_lexical_w005
51759,42,minibatch_k64,text_pca256_lexical_w005
51760,33,minibatch_k64,text_pca256_lexical_w005
51761,0,minibatch_k64,text_pca256_lexical_w005
51762,42,minibatch_k64,text_pca256_lexical_w005
51763,25,minibatch_k64,text_pca256_lexical_w005
51764,8,minibatch_k64,text_pca256_lexical_w005
51765,21,minibatch_k64,text_pca256_lexical_w005
51766,42,minibatch_k64,text_pca256_lexical_w005
51767,50,minibatch_k64,text_pca256_lexical_w005
51768,33,minibatch_k64,text_pca256_lexical_w005
51769,33,minibatch_k64,text_pca256_lexical_w005
51770,0,minibatch_k64,text_pca256_lexical_w005
51771,42,minibatch_k64,text_pca256_lexical_w005
51772,15,minibatch_k64,text_pca256_lexical_w005
51773,42,minibatch_k64,text_pca256_lexical_w005
51774,42,minibatch_k64,text_pca256_lexical_w005
51775,0,minibatch_k64,text_pca256_lexical_w005
51776,33,minibatch_k64,text_pca256_lexical_w005
51777,21,minibatch_k64,text_pca256_lexical_w005
51778,4,minibatch_k64,text_pca256_lexical_w005
51779,0,minibatch_k64,text_pca256_lexical_w005
51780,15,minibatch_k64,text_pca256_lexical_w005
51781,42,minibatch_k64,text_pca256_lexical_w005
51782,42,minibatch_k64,text_pca256_lexical_w005
51783,56,minibatch_k64,text_pca256_lexical_w005
51784,25,minibatch_k64,text_pca256_lexical_w005
51785,21,minibatch_k64,text_pca256_lexical_w005
51786,33,minibatch_k64,text_pca256_lexical_w005
51787,42,minibatch_k64,text_pca256_lexical_w005
51788,42,minibatch_k64,text_pca256_lexical_w005
51789,42,minibatch_k64,text_pca256_lexical_w005
51790,10,minibatch_k64,text_pca256_lexical_w005
51791,10,minibatch_k64,text_pca256_lexical_w005
51792,42,minibatch_k64,text_pca256_lexical_w005
51793,42,minibatch_k64,text_pca256_lexical_w005
51794,42,minibatch_k64,text_pca256_lexical_w005
51795,42,minibatch_k64,text_pca256_lexical_w005
51796,62,minibatch_k64,text_pca256_lexical_w005
51797,21,minibatch_k64,text_pca256_lexical_w005
51798,25,minibatch_k64,text_pca256_lexical_w005
51799,33,minibatch_k64,text_pca256_lexical_w005
51800,50,minibatch_k64,text_pca256_lexical_w005
51801,23,minibatch_k64,text_pca256_lexical_w005
51802,42,minibatch_k64,text_pca256_lexical_w005
51803,23,minibatch_k64,text_pca256_lexical_w005
51804,0,minibatch_k64,text_pca256_lexical_w005
51805,42,minibatch_k64,text_pca256_lexical_w005
51806,42,minibatch_k64,text_pca256_lexical_w005
51807,33,minibatch_k64,text_pca256_lexical_w005
51808,33,minibatch_k64,text_pca256_lexical_w005
51809,25,minibatch_k64,text_pca256_lexical_w005
51810,33,minibatch_k64,text_pca256_lexical_w005
51811,10,minibatch_k64,text_pca256_lexical_w005
51812,50,minibatch_k64,text_pca256_lexical_w005
51813,42,minibatch_k64,text_pca256_lexical_w005
51814,33,minibatch_k64,text_pca256_lexical_w005
51815,42,minibatch_k64,text_pca256_lexical_w005
51816,56,minibatch_k64,text_pca256_lexical_w005
51817,2,minibatch_k64,text_pca256_lexical_w005
51818,42,minibatch_k64,text_pca256_lexical_w005
51819,62,minibatch_k64,text_pca256_lexical_w005
51820,0,minibatch_k64,text_pca256_lexical_w005
51821,25,minibatch_k64,text_pca256_lexical_w005
51822,0,minibatch_k64,text_pca256_lexical_w005
51823,42,minibatch_k64,text_pca256_lexical_w005
51824,42,minibatch_k64,text_pca256_lexical_w005
51825,42,minibatch_k64,text_pca256_lexical_w005
51826,23,minibatch_k64,text_pca256_lexical_w005
51827,42,minibatch_k64,text_pca256_lexical_w005
51828,33,minibatch_k64,text_pca256_lexical_w005
51829,33,minibatch_k64,text_pca256_lexical_w005
51830,42,minibatch_k64,text_pca256_lexical_w005
51831,42,minibatch_k64,text_pca256_lexical_w005
51832,42,minibatch_k64,text_pca256_lexical_w005
51833,42,minibatch_k64,text_pca256_lexical_w005
51834,50,minibatch_k64,text_pca256_lexical_w005
51835,42,minibatch_k64,text_pca256_lexical_w005
51836,42,minibatch_k64,text_pca256_lexical_w005
51837,21,minibatch_k64,text_pca256_lexical_w005
51838,25,minibatch_k64,text_pca256_lexical_w005
51839,23,minibatch_k64,text_pca256_lexical_w005
51840,8,minibatch_k64,text_pca256_lexical_w005
51841,33,minibatch_k64,text_pca256_lexical_w005
51842,42,minibatch_k64,text_pca256_lexical_w005
51843,42,minibatch_k64,text_pca256_lexical_w005
51844,42,minibatch_k64,text_pca256_lexical_w005
51845,33,minibatch_k64,text_pca256_lexical_w005
51846,42,minibatch_k64,text_pca256_lexical_w005
51847,42,minibatch_k64,text_pca256_lexical_w005
51848,42,minibatch_k64,text_pca256_lexical_w005
51849,25,minibatch_k64,text_pca256_lexical_w005
51850,42,minibatch_k64,text_pca256_lexical_w005
51851,23,minibatch_k64,text_pca256_lexical_w005
51852,42,minibatch_k64,text_pca256_lexical_w005
51853,62,minibatch_k64,text_pca256_lexical_w005
51854,21,minibatch_k64,text_pca256_lexical_w005
51855,33,minibatch_k64,text_pca256_lexical_w005
51856,42,minibatch_k64,text_pca256_lexical_w005
51857,42,minibatch_k64,text_pca256_lexical_w005
51858,42,minibatch_k64,text_pca256_lexical_w005
51859,42,minibatch_k64,text_pca256_lexical_w005
51860,2,minibatch_k64,text_pca256_lexical_w005
51861,25,minibatch_k64,text_pca256_lexical_w005
51862,50,minibatch_k64,text_pca256_lexical_w005
51863,33,minibatch_k64,text_pca256_lexical_w005
51864,8,minibatch_k64,text_pca256_lexical_w005
51865,42,minibatch_k64,text_pca256_lexical_w005
51866,42,minibatch_k64,text_pca256_lexical_w005
51867,23,minibatch_k64,text_pca256_lexical_w005
51868,33,minibatch_k64,text_pca256_lexical_w005
51869,15,minibatch_k64,text_pca256_lexical_w005
51870,62,minibatch_k64,text_pca256_lexical_w005
51871,15,minibatch_k64,text_pca256_lexical_w005
51872,33,minibatch_k64,text_pca256_lexical_w005
51873,42,minibatch_k64,text_pca256_lexical_w005
51874,33,minibatch_k64,text_pca256_lexical_w005
51875,33,minibatch_k64,text_pca256_lexical_w005
51876,21,minibatch_k64,text_pca256_lexical_w005
51877,42,minibatch_k64,text_pca256_lexical_w005
51878,33,minibatch_k64,text_pca256_lexical_w005
51879,25,minibatch_k64,text_pca256_lexical_w005
51880,8,minibatch_k64,text_pca256_lexical_w005
51881,33,minibatch_k64,text_pca256_lexical_w005
51882,33,minibatch_k64,text_pca256_lexical_w005
51883,10,minibatch_k64,text_pca256_lexical_w005
51884,21,minibatch_k64,text_pca256_lexical_w005
51885,33,minibatch_k64,text_pca256_lexical_w005
51886,23,minibatch_k64,text_pca256_lexical_w005
51887,50,minibatch_k64,text_pca256_lexical_w005
51888,42,minibatch_k64,text_pca256_lexical_w005
51889,59,minibatch_k64,text_pca256_lexical_w005
51890,62,minibatch_k64,text_pca256_lexical_w005
51891,62,minibatch_k64,text_pca256_lexical_w005
51892,42,minibatch_k64,text_pca256_lexical_w005
51893,59,minibatch_k64,text_pca256_lexical_w005
51894,33,minibatch_k64,text_pca256_lexical_w005
51895,33,minibatch_k64,text_pca256_lexical_w005
51896,25,minibatch_k64,text_pca256_lexical_w005
51897,8,minibatch_k64,text_pca256_lexical_w005
51898,23,minibatch_k64,text_pca256_lexical_w005
51899,62,minibatch_k64,text_pca256_lexical_w005
51900,33,minibatch_k64,text_pca256_lexical_w005
51901,50,minibatch_k64,text_pca256_lexical_w005
51902,50,minibatch_k64,text_pca256_lexical_w005
51903,50,minibatch_k64,text_pca256_lexical_w005
51904,59,minibatch_k64,text_pca256_lexical_w005
51905,42,minibatch_k64,text_pca256_lexical_w005
51906,42,minibatch_k64,text_pca256_lexical_w005
51907,21,minibatch_k64,text_pca256_lexical_w005
51908,21,minibatch_k64,text_pca256_lexical_w005
51909,21,minibatch_k64,text_pca256_lexical_w005
51910,42,minibatch_k64,text_pca256_lexical_w005
51911,42,minibatch_k64,text_pca256_lexical_w005
51912,59,minibatch_k64,text_pca256_lexical_w005
51913,15,minibatch_k64,text_pca256_lexical_w005
51914,33,minibatch_k64,text_pca256_lexical_w005
51915,33,minibatch_k64,text_pca256_lexical_w005
51916,8,minibatch_k64,text_pca256_lexical_w005
51917,42,minibatch_k64,text_pca256_lexical_w005
51918,25,minibatch_k64,text_pca256_lexical_w005
51919,0,minibatch_k64,text_pca256_lexical_w005
51920,23,minibatch_k64,text_pca256_lexical_w005
51921,50,minibatch_k64,text_pca256_lexical_w005
51922,21,minibatch_k64,text_pca256_lexical_w005
51923,42,minibatch_k64,text_pca256_lexical_w005
51924,33,minibatch_k64,text_pca256_lexical_w005
51925,42,minibatch_k64,text_pca256_lexical_w005
51926,42,minibatch_k64,text_pca256_lexical_w005
51927,0,minibatch_k64,text_pca256_lexical_w005
51928,33,minibatch_k64,text_pca256_lexical_w005
51929,33,minibatch_k64,text_pca256_lexical_w005
51930,33,minibatch_k64,text_pca256_lexical_w005
51931,62,minibatch_k64,text_pca256_lexical_w005
51932,21,minibatch_k64,text_pca256_lexical_w005
51933,8,minibatch_k64,text_pca256_lexical_w005
51934,42,minibatch_k64,text_pca256_lexical_w005
51935,42,minibatch_k64,text_pca256_lexical_w005
51936,42,minibatch_k64,text_pca256_lexical_w005
51937,25,minibatch_k64,text_pca256_lexical_w005
51938,42,minibatch_k64,text_pca256_lexical_w005
51939,42,minibatch_k64,text_pca256_lexical_w005
51940,42,minibatch_k64,text_pca256_lexical_w005
51941,21,minibatch_k64,text_pca256_lexical_w005
51942,62,minibatch_k64,text_pca256_lexical_w005
51943,59,minibatch_k64,text_pca256_lexical_w005
51944,25,minibatch_k64,text_pca256_lexical_w005
51945,42,minibatch_k64,text_pca256_lexical_w005
51946,42,minibatch_k64,text_pca256_lexical_w005
51947,42,minibatch_k64,text_pca256_lexical_w005
51948,50,minibatch_k64,text_pca256_lexical_w005
51949,33,minibatch_k64,text_pca256_lexical_w005
51950,33,minibatch_k64,text_pca256_lexical_w005
51951,33,minibatch_k64,text_pca256_lexical_w005
51952,33,minibatch_k64,text_pca256_lexical_w005
51953,42,minibatch_k64,text_pca256_lexical_w005
51954,21,minibatch_k64,text_pca256_lexical_w005
51955,33,minibatch_k64,text_pca256_lexical_w005
51956,33,minibatch_k64,text_pca256_lexical_w005
51957,42,minibatch_k64,text_pca256_lexical_w005
51958,33,minibatch_k64,text_pca256_lexical_w005
51959,33,minibatch_k64,text_pca256_lexical_w005
51960,33,minibatch_k64,text_pca256_lexical_w005
51961,8,minibatch_k64,text_pca256_lexical_w005
51962,33,minibatch_k64,text_pca256_lexical_w005
51963,23,minibatch_k64,text_pca256_lexical_w005
51964,42,minibatch_k64,text_pca256_lexical_w005
51965,33,minibatch_k64,text_pca256_lexical_w005
51966,15,minibatch_k64,text_pca256_lexical_w005
51967,33,minibatch_k64,text_pca256_lexical_w005
51968,42,minibatch_k64,text_pca256_lexical_w005
51969,62,minibatch_k64,text_pca256_lexical_w005
51970,42,minibatch_k64,text_pca256_lexical_w005
51971,33,minibatch_k64,text_pca256_lexical_w005
51972,42,minibatch_k64,text_pca256_lexical_w005
51973,42,minibatch_k64,text_pca256_lexical_w005
51974,39,minibatch_k64,text_pca256_lexical_w005
51975,33,minibatch_k64,text_pca256_lexical_w005
51976,21,minibatch_k64,text_pca256_lexical_w005
51977,42,minibatch_k64,text_pca256_lexical_w005
51978,33,minibatch_k64,text_pca256_lexical_w005
51979,62,minibatch_k64,text_pca256_lexical_w005
51980,21,minibatch_k64,text_pca256_lexical_w005
51981,4,minibatch_k64,text_pca256_lexical_w005
51982,42,minibatch_k64,text_pca256_lexical_w005
51983,33,minibatch_k64,text_pca256_lexical_w005
51984,0,minibatch_k64,text_pca256_lexical_w005
51985,25,minibatch_k64,text_pca256_lexical_w005
51986,62,minibatch_k64,text_pca256_lexical_w005
51987,42,minibatch_k64,text_pca256_lexical_w005
51988,42,minibatch_k64,text_pca256_lexical_w005
51989,33,minibatch_k64,text_pca256_lexical_w005
51990,33,minibatch_k64,text_pca256_lexical_w005
51991,21,minibatch_k64,text_pca256_lexical_w005
51992,2,minibatch_k64,text_pca256_lexical_w005
51993,33,minibatch_k64,text_pca256_lexical_w005
51994,33,minibatch_k64,text_pca256_lexical_w005
51995,23,minibatch_k64,text_pca256_lexical_w005
51996,42,minibatch_k64,text_pca256_lexical_w005
51997,8,minibatch_k64,text_pca256_lexical_w005
51998,33,minibatch_k64,text_pca256_lexical_w005
51999,42,minibatch_k64,text_pca256_lexical_w005
52000,42,minibatch_k64,text_pca256_lexical_w005
52001,39,minibatch_k64,text_pca256_lexical_w005
52002,42,minibatch_k64,text_pca256_lexical_w005
52003,33,minibatch_k64,text_pca256_lexical_w005
52004,61,minibatch_k64,text_pca256_lexical_w005
52005,33,minibatch_k64,text_pca256_lexical_w005
52006,62,minibatch_k64,text_pca256_lexical_w005
52007,33,minibatch_k64,text_pca256_lexical_w005
52008,21,minibatch_k64,text_pca256_lexical_w005
52009,33,minibatch_k64,text_pca256_lexical_w005
52010,33,minibatch_k64,text_pca256_lexical_w005
52011,25,minibatch_k64,text_pca256_lexical_w005
52012,33,minibatch_k64,text_pca256_lexical_w005
52013,62,minibatch_k64,text_pca256_lexical_w005
52014,33,minibatch_k64,text_pca256_lexical_w005
52015,23,minibatch_k64,text_pca256_lexical_w005
52016,33,minibatch_k64,text_pca256_lexical_w005
52017,15,minibatch_k64,text_pca256_lexical_w005
52018,42,minibatch_k64,text_pca256_lexical_w005
52019,50,minibatch_k64,text_pca256_lexical_w005
52020,42,minibatch_k64,text_pca256_lexical_w005
52021,42,minibatch_k64,text_pca256_lexical_w005
52022,42,minibatch_k64,text_pca256_lexical_w005
52023,50,minibatch_k64,text_pca256_lexical_w005
52024,33,minibatch_k64,text_pca256_lexical_w005
52025,0,minibatch_k64,text_pca256_lexical_w005
52026,42,minibatch_k64,text_pca256_lexical_w005
52027,21,minibatch_k64,text_pca256_lexical_w005
52028,42,minibatch_k64,text_pca256_lexical_w005
52029,15,minibatch_k64,text_pca256_lexical_w005
52030,25,minibatch_k64,text_pca256_lexical_w005
52031,42,minibatch_k64,text_pca256_lexical_w005
52032,10,minibatch_k64,text_pca256_lexical_w005
52033,42,minibatch_k64,text_pca256_lexical_w005
52034,42,minibatch_k64,text_pca256_lexical_w005
52035,42,minibatch_k64,text_pca256_lexical_w005
52036,25,minibatch_k64,text_pca256_lexical_w005
52037,42,minibatch_k64,text_pca256_lexical_w005
52038,33,minibatch_k64,text_pca256_lexical_w005
52039,42,minibatch_k64,text_pca256_lexical_w005
52040,33,minibatch_k64,text_pca256_lexical_w005
52041,42,minibatch_k64,text_pca256_lexical_w005
52042,33,minibatch_k64,text_pca256_lexical_w005
52043,0,minibatch_k64,text_pca256_lexical_w005
52044,25,minibatch_k64,text_pca256_lexical_w005
52045,25,minibatch_k64,text_pca256_lexical_w005
52046,39,minibatch_k64,text_pca256_lexical_w005
52047,42,minibatch_k64,text_pca256_lexical_w005
52048,23,minibatch_k64,text_pca256_lexical_w005
52049,25,minibatch_k64,text_pca256_lexical_w005
52050,50,minibatch_k64,text_pca256_lexical_w005
52051,50,minibatch_k64,text_pca256_lexical_w005
52052,42,minibatch_k64,text_pca256_lexical_w005
52053,33,minibatch_k64,text_pca256_lexical_w005
52054,8,minibatch_k64,text_pca256_lexical_w005
52055,21,minibatch_k64,text_pca256_lexical_w005
52056,33,minibatch_k64,text_pca256_lexical_w005
52057,42,minibatch_k64,text_pca256_lexical_w005
52058,33,minibatch_k64,text_pca256_lexical_w005
52059,33,minibatch_k64,text_pca256_lexical_w005
52060,25,minibatch_k64,text_pca256_lexical_w005
52061,33,minibatch_k64,text_pca256_lexical_w005
52062,42,minibatch_k64,text_pca256_lexical_w005
52063,42,minibatch_k64,text_pca256_lexical_w005
52064,0,minibatch_k64,text_pca256_lexical_w005
52065,33,minibatch_k64,text_pca256_lexical_w005
52066,56,minibatch_k64,text_pca256_lexical_w005
52067,21,minibatch_k64,text_pca256_lexical_w005
52068,42,minibatch_k64,text_pca256_lexical_w005
52069,50,minibatch_k64,text_pca256_lexical_w005
52070,33,minibatch_k64,text_pca256_lexical_w005
52071,25,minibatch_k64,text_pca256_lexical_w005
52072,33,minibatch_k64,text_pca256_lexical_w005
52073,10,minibatch_k64,text_pca256_lexical_w005
52074,0,minibatch_k64,text_pca256_lexical_w005
52075,33,minibatch_k64,text_pca256_lexical_w005
52076,33,minibatch_k64,text_pca256_lexical_w005
52077,42,minibatch_k64,text_pca256_lexical_w005
52078,0,minibatch_k64,text_pca256_lexical_w005
52079,42,minibatch_k64,text_pca256_lexical_w005
52080,50,minibatch_k64,text_pca256_lexical_w005
52081,42,minibatch_k64,text_pca256_lexical_w005
52082,4,minibatch_k64,text_pca256_lexical_w005
52083,33,minibatch_k64,text_pca256_lexical_w005
52084,0,minibatch_k64,text_pca256_lexical_w005
52085,42,minibatch_k64,text_pca256_lexical_w005
52086,25,minibatch_k64,text_pca256_lexical_w005
52087,33,minibatch_k64,text_pca256_lexical_w005
52088,42,minibatch_k64,text_pca256_lexical_w005
52089,53,minibatch_k64,text_pca256_lexical_w005
52090,42,minibatch_k64,text_pca256_lexical_w005
52091,33,minibatch_k64,text_pca256_lexical_w005
52092,33,minibatch_k64,text_pca256_lexical_w005
52093,8,minibatch_k64,text_pca256_lexical_w005
52094,21,minibatch_k64,text_pca256_lexical_w005
52095,62,minibatch_k64,text_pca256_lexical_w005
52096,62,minibatch_k64,text_pca256_lexical_w005
52097,42,minibatch_k64,text_pca256_lexical_w005
52098,56,minibatch_k64,text_pca256_lexical_w005
52099,56,minibatch_k64,text_pca256_lexical_w005
52100,15,minibatch_k64,text_pca256_lexical_w005
52101,42,minibatch_k64,text_pca256_lexical_w005
52102,42,minibatch_k64,text_pca256_lexical_w005
52103,42,minibatch_k64,text_pca256_lexical_w005
52104,33,minibatch_k64,text_pca256_lexical_w005
52105,8,minibatch_k64,text_pca256_lexical_w005
52106,33,minibatch_k64,text_pca256_lexical_w005
52107,42,minibatch_k64,text_pca256_lexical_w005
52108,42,minibatch_k64,text_pca256_lexical_w005
52109,42,minibatch_k64,text_pca256_lexical_w005
52110,33,minibatch_k64,text_pca256_lexical_w005
52111,42,minibatch_k64,text_pca256_lexical_w005
52112,21,minibatch_k64,text_pca256_lexical_w005
52113,50,minibatch_k64,text_pca256_lexical_w005
52114,21,minibatch_k64,text_pca256_lexical_w005
52115,42,minibatch_k64,text_pca256_lexical_w005
52116,33,minibatch_k64,text_pca256_lexical_w005
52117,33,minibatch_k64,text_pca256_lexical_w005
52118,0,minibatch_k64,text_pca256_lexical_w005
52119,15,minibatch_k64,text_pca256_lexical_w005
52120,42,minibatch_k64,text_pca256_lexical_w005
52121,23,minibatch_k64,text_pca256_lexical_w005
52122,42,minibatch_k64,text_pca256_lexical_w005
52123,33,minibatch_k64,text_pca256_lexical_w005
52124,0,minibatch_k64,text_pca256_lexical_w005
52125,42,minibatch_k64,text_pca256_lexical_w005
52126,42,minibatch_k64,text_pca256_lexical_w005
52127,42,minibatch_k64,text_pca256_lexical_w005
52128,50,minibatch_k64,text_pca256_lexical_w005
52129,42,minibatch_k64,text_pca256_lexical_w005
52130,42,minibatch_k64,text_pca256_lexical_w005
52131,42,minibatch_k64,text_pca256_lexical_w005
52132,56,minibatch_k64,text_pca256_lexical_w005
52133,21,minibatch_k64,text_pca256_lexical_w005
52134,42,minibatch_k64,text_pca256_lexical_w005
52135,42,minibatch_k64,text_pca256_lexical_w005
52136,25,minibatch_k64,text_pca256_lexical_w005
52137,42,minibatch_k64,text_pca256_lexical_w005
52138,42,minibatch_k64,text_pca256_lexical_w005
52139,42,minibatch_k64,text_pca256_lexical_w005
52140,42,minibatch_k64,text_pca256_lexical_w005
52141,33,minibatch_k64,text_pca256_lexical_w005
52142,42,minibatch_k64,text_pca256_lexical_w005
52143,10,minibatch_k64,text_pca256_lexical_w005
52144,42,minibatch_k64,text_pca256_lexical_w005
52145,15,minibatch_k64,text_pca256_lexical_w005
52146,33,minibatch_k64,text_pca256_lexical_w005
52147,21,minibatch_k64,text_pca256_lexical_w005
52148,21,minibatch_k64,text_pca256_lexical_w005
52149,50,minibatch_k64,text_pca256_lexical_w005
52150,62,minibatch_k64,text_pca256_lexical_w005
52151,42,minibatch_k64,text_pca256_lexical_w005
52152,42,minibatch_k64,text_pca256_lexical_w005
52153,42,minibatch_k64,text_pca256_lexical_w005
52154,42,minibatch_k64,text_pca256_lexical_w005
52155,42,minibatch_k64,text_pca256_lexical_w005
52156,25,minibatch_k64,text_pca256_lexical_w005
52157,42,minibatch_k64,text_pca256_lexical_w005
52158,42,minibatch_k64,text_pca256_lexical_w005
52159,21,minibatch_k64,text_pca256_lexical_w005
52160,50,minibatch_k64,text_pca256_lexical_w005
52161,42,minibatch_k64,text_pca256_lexical_w005
52162,42,minibatch_k64,text_pca256_lexical_w005
52163,50,minibatch_k64,text_pca256_lexical_w005
52164,33,minibatch_k64,text_pca256_lexical_w005
52165,61,minibatch_k64,text_pca256_lexical_w005
52166,21,minibatch_k64,text_pca256_lexical_w005
52167,42,minibatch_k64,text_pca256_lexical_w005
52168,23,minibatch_k64,text_pca256_lexical_w005
52169,62,minibatch_k64,text_pca256_lexical_w005
52170,50,minibatch_k64,text_pca256_lexical_w005
52171,39,minibatch_k64,text_pca256_lexical_w005
52172,42,minibatch_k64,text_pca256_lexical_w005
52173,50,minibatch_k64,text_pca256_lexical_w005
52174,21,minibatch_k64,text_pca256_lexical_w005
52175,33,minibatch_k64,text_pca256_lexical_w005
52176,42,minibatch_k64,text_pca256_lexical_w005
52177,33,minibatch_k64,text_pca256_lexical_w005
52178,42,minibatch_k64,text_pca256_lexical_w005
52179,42,minibatch_k64,text_pca256_lexical_w005
52180,42,minibatch_k64,text_pca256_lexical_w005
52181,42,minibatch_k64,text_pca256_lexical_w005
52182,62,minibatch_k64,text_pca256_lexical_w005
52183,42,minibatch_k64,text_pca256_lexical_w005
52184,33,minibatch_k64,text_pca256_lexical_w005
52185,33,minibatch_k64,text_pca256_lexical_w005
52186,42,minibatch_k64,text_pca256_lexical_w005
52187,42,minibatch_k64,text_pca256_lexical_w005
52188,33,minibatch_k64,text_pca256_lexical_w005
52189,42,minibatch_k64,text_pca256_lexical_w005
52190,21,minibatch_k64,text_pca256_lexical_w005
52191,42,minibatch_k64,text_pca256_lexical_w005
52192,42,minibatch_k64,text_pca256_lexical_w005
52193,42,minibatch_k64,text_pca256_lexical_w005
52194,33,minibatch_k64,text_pca256_lexical_w005
52195,42,minibatch_k64,text_pca256_lexical_w005
52196,42,minibatch_k64,text_pca256_lexical_w005
52197,42,minibatch_k64,text_pca256_lexical_w005
52198,10,minibatch_k64,text_pca256_lexical_w005
52199,33,minibatch_k64,text_pca256_lexical_w005
52200,33,minibatch_k64,text_pca256_lexical_w005
52201,42,minibatch_k64,text_pca256_lexical_w005
52202,42,minibatch_k64,text_pca256_lexical_w005
52203,33,minibatch_k64,text_pca256_lexical_w005
52204,33,minibatch_k64,text_pca256_lexical_w005
52205,21,minibatch_k64,text_pca256_lexical_w005
52206,0,minibatch_k64,text_pca256_lexical_w005
52207,33,minibatch_k64,text_pca256_lexical_w005
52208,42,minibatch_k64,text_pca256_lexical_w005
52209,42,minibatch_k64,text_pca256_lexical_w005
52210,33,minibatch_k64,text_pca256_lexical_w005
52211,50,minibatch_k64,text_pca256_lexical_w005
52212,42,minibatch_k64,text_pca256_lexical_w005
52213,42,minibatch_k64,text_pca256_lexical_w005
52214,0,minibatch_k64,text_pca256_lexical_w005
52215,42,minibatch_k64,text_pca256_lexical_w005
52216,42,minibatch_k64,text_pca256_lexical_w005
52217,33,minibatch_k64,text_pca256_lexical_w005
52218,42,minibatch_k64,text_pca256_lexical_w005
52219,0,minibatch_k64,text_pca256_lexical_w005
52220,10,minibatch_k64,text_pca256_lexical_w005
52221,62,minibatch_k64,text_pca256_lexical_w005
52222,42,minibatch_k64,text_pca256_lexical_w005
52223,0,minibatch_k64,text_pca256_lexical_w005
52224,33,minibatch_k64,text_pca256_lexical_w005
52225,50,minibatch_k64,text_pca256_lexical_w005
52226,42,minibatch_k64,text_pca256_lexical_w005
52227,42,minibatch_k64,text_pca256_lexical_w005
52228,0,minibatch_k64,text_pca256_lexical_w005
52229,42,minibatch_k64,text_pca256_lexical_w005
52230,56,minibatch_k64,text_pca256_lexical_w005
52231,56,minibatch_k64,text_pca256_lexical_w005
52232,62,minibatch_k64,text_pca256_lexical_w005
52233,15,minibatch_k64,text_pca256_lexical_w005
52234,42,minibatch_k64,text_pca256_lexical_w005
52235,42,minibatch_k64,text_pca256_lexical_w005
52236,42,minibatch_k64,text_pca256_lexical_w005
52237,8,minibatch_k64,text_pca256_lexical_w005
52238,33,minibatch_k64,text_pca256_lexical_w005
52239,42,minibatch_k64,text_pca256_lexical_w005
52240,8,minibatch_k64,text_pca256_lexical_w005
52241,33,minibatch_k64,text_pca256_lexical_w005
52242,42,minibatch_k64,text_pca256_lexical_w005
52243,62,minibatch_k64,text_pca256_lexical_w005
52244,8,minibatch_k64,text_pca256_lexical_w005
52245,8,minibatch_k64,text_pca256_lexical_w005
52246,42,minibatch_k64,text_pca256_lexical_w005
52247,42,minibatch_k64,text_pca256_lexical_w005
52248,42,minibatch_k64,text_pca256_lexical_w005
52249,8,minibatch_k64,text_pca256_lexical_w005
52250,21,minibatch_k64,text_pca256_lexical_w005
52251,0,minibatch_k64,text_pca256_lexical_w005
52252,21,minibatch_k64,text_pca256_lexical_w005
52253,42,minibatch_k64,text_pca256_lexical_w005
52254,33,minibatch_k64,text_pca256_lexical_w005
52255,56,minibatch_k64,text_pca256_lexical_w005
52256,62,minibatch_k64,text_pca256_lexical_w005
52257,42,minibatch_k64,text_pca256_lexical_w005
52258,15,minibatch_k64,text_pca256_lexical_w005
52259,33,minibatch_k64,text_pca256_lexical_w005
52260,15,minibatch_k64,text_pca256_lexical_w005
52261,33,minibatch_k64,text_pca256_lexical_w005
52262,42,minibatch_k64,text_pca256_lexical_w005
52263,42,minibatch_k64,text_pca256_lexical_w005
52264,8,minibatch_k64,text_pca256_lexical_w005
52265,42,minibatch_k64,text_pca256_lexical_w005
52266,21,minibatch_k64,text_pca256_lexical_w005
52267,42,minibatch_k64,text_pca256_lexical_w005
52268,42,minibatch_k64,text_pca256_lexical_w005
52269,42,minibatch_k64,text_pca256_lexical_w005
52270,0,minibatch_k64,text_pca256_lexical_w005
52271,42,minibatch_k64,text_pca256_lexical_w005
52272,0,minibatch_k64,text_pca256_lexical_w005
52273,56,minibatch_k64,text_pca256_lexical_w005
52274,0,minibatch_k64,text_pca256_lexical_w005
52275,0,minibatch_k64,text_pca256_lexical_w005
52276,23,minibatch_k64,text_pca256_lexical_w005
52277,50,minibatch_k64,text_pca256_lexical_w005
52278,0,minibatch_k64,text_pca256_lexical_w005
52279,8,minibatch_k64,text_pca256_lexical_w005
52280,0,minibatch_k64,text_pca256_lexical_w005
52281,5,minibatch_k64,text_pca256_lexical_w005
52282,0,minibatch_k64,text_pca256_lexical_w005
52283,5,minibatch_k64,text_pca256_lexical_w005
52284,5,minibatch_k64,text_pca256_lexical_w005
52285,59,minibatch_k64,text_pca256_lexical_w005
52286,59,minibatch_k64,text_pca256_lexical_w005
52287,0,minibatch_k64,text_pca256_lexical_w005
52288,5,minibatch_k64,text_pca256_lexical_w005
52289,5,minibatch_k64,text_pca256_lexical_w005
52290,2,minibatch_k64,text_pca256_lexical_w005
52291,45,minibatch_k64,text_pca256_lexical_w005
52292,5,minibatch_k64,text_pca256_lexical_w005
52293,45,minibatch_k64,text_pca256_lexical_w005
52294,5,minibatch_k64,text_pca256_lexical_w005
52295,5,minibatch_k64,text_pca256_lexical_w005
52296,5,minibatch_k64,text_pca256_lexical_w005
52297,45,minibatch_k64,text_pca256_lexical_w005
52298,4,minibatch_k64,text_pca256_lexical_w005
52299,8,minibatch_k64,text_pca256_lexical_w005
52300,62,minibatch_k64,text_pca256_lexical_w005
52301,0,minibatch_k64,text_pca256_lexical_w005
52302,4,minibatch_k64,text_pca256_lexical_w005
52303,4,minibatch_k64,text_pca256_lexical_w005
52304,4,minibatch_k64,text_pca256_lexical_w005
52305,5,minibatch_k64,text_pca256_lexical_w005
52306,5,minibatch_k64,text_pca256_lexical_w005
52307,4,minibatch_k64,text_pca256_lexical_w005
52308,4,minibatch_k64,text_pca256_lexical_w005
52309,8,minibatch_k64,text_pca256_lexical_w005
52310,5,minibatch_k64,text_pca256_lexical_w005
52311,5,minibatch_k64,text_pca256_lexical_w005
52312,8,minibatch_k64,text_pca256_lexical_w005
52313,5,minibatch_k64,text_pca256_lexical_w005
52314,50,minibatch_k64,text_pca256_lexical_w005
52315,42,minibatch_k64,text_pca256_lexical_w005
52316,8,minibatch_k64,text_pca256_lexical_w005
52317,0,minibatch_k64,text_pca256_lexical_w005
52318,10,minibatch_k64,text_pca256_lexical_w005
52319,23,minibatch_k64,text_pca256_lexical_w005
52320,42,minibatch_k64,text_pca256_lexical_w005
52321,47,minibatch_k64,text_pca256_lexical_w005
52322,8,minibatch_k64,text_pca256_lexical_w005
52323,0,minibatch_k64,text_pca256_lexical_w005
52324,21,minibatch_k64,text_pca256_lexical_w005
52325,21,minibatch_k64,text_pca256_lexical_w005
52326,47,minibatch_k64,text_pca256_lexical_w005
52327,33,minibatch_k64,text_pca256_lexical_w005
52328,5,minibatch_k64,text_pca256_lexical_w005
52329,5,minibatch_k64,text_pca256_lexical_w005
52330,5,minibatch_k64,text_pca256_lexical_w005
52331,5,minibatch_k64,text_pca256_lexical_w005
52332,23,minibatch_k64,text_pca256_lexical_w005
52333,5,minibatch_k64,text_pca256_lexical_w005
52334,62,minibatch_k64,text_pca256_lexical_w005
52335,59,minibatch_k64,text_pca256_lexical_w005
52336,4,minibatch_k64,text_pca256_lexical_w005
52337,4,minibatch_k64,text_pca256_lexical_w005
52338,59,minibatch_k64,text_pca256_lexical_w005
52339,0,minibatch_k64,text_pca256_lexical_w005
52340,45,minibatch_k64,text_pca256_lexical_w005
52341,4,minibatch_k64,text_pca256_lexical_w005
52342,4,minibatch_k64,text_pca256_lexical_w005
52343,5,minibatch_k64,text_pca256_lexical_w005
52344,42,minibatch_k64,text_pca256_lexical_w005
52345,4,minibatch_k64,text_pca256_lexical_w005
52346,5,minibatch_k64,text_pca256_lexical_w005
52347,4,minibatch_k64,text_pca256_lexical_w005
52348,4,minibatch_k64,text_pca256_lexical_w005
52349,4,minibatch_k64,text_pca256_lexical_w005
52350,4,minibatch_k64,text_pca256_lexical_w005
52351,5,minibatch_k64,text_pca256_lexical_w005
52352,5,minibatch_k64,text_pca256_lexical_w005
52353,5,minibatch_k64,text_pca256_lexical_w005
52354,62,minibatch_k64,text_pca256_lexical_w005
52355,50,minibatch_k64,text_pca256_lexical_w005
52356,15,minibatch_k64,text_pca256_lexical_w005
52357,15,minibatch_k64,text_pca256_lexical_w005
52358,0,minibatch_k64,text_pca256_lexical_w005
52359,39,minibatch_k64,text_pca256_lexical_w005
52360,0,minibatch_k64,text_pca256_lexical_w005
52361,42,minibatch_k64,text_pca256_lexical_w005
52362,21,minibatch_k64,text_pca256_lexical_w005
52363,21,minibatch_k64,text_pca256_lexical_w005
52364,21,minibatch_k64,text_pca256_lexical_w005
52365,2,minibatch_k64,text_pca256_lexical_w005
52366,0,minibatch_k64,text_pca256_lexical_w005
52367,0,minibatch_k64,text_pca256_lexical_w005
52368,45,minibatch_k64,text_pca256_lexical_w005
52369,23,minibatch_k64,text_pca256_lexical_w005
52370,62,minibatch_k64,text_pca256_lexical_w005
52371,47,minibatch_k64,text_pca256_lexical_w005
52372,0,minibatch_k64,text_pca256_lexical_w005
52373,8,minibatch_k64,text_pca256_lexical_w005
52374,59,minibatch_k64,text_pca256_lexical_w005
52375,62,minibatch_k64,text_pca256_lexical_w005
52376,0,minibatch_k64,text_pca256_lexical_w005
52377,0,minibatch_k64,text_pca256_lexical_w005
52378,4,minibatch_k64,text_pca256_lexical_w005
52379,0,minibatch_k64,text_pca256_lexical_w005
52380,5,minibatch_k64,text_pca256_lexical_w005
52381,10,minibatch_k64,text_pca256_lexical_w005
52382,62,minibatch_k64,text_pca256_lexical_w005
52383,0,minibatch_k64,text_pca256_lexical_w005
52384,5,minibatch_k64,text_pca256_lexical_w005
52385,0,minibatch_k64,text_pca256_lexical_w005
52386,59,minibatch_k64,text_pca256_lexical_w005
52387,8,minibatch_k64,text_pca256_lexical_w005
52388,10,minibatch_k64,text_pca256_lexical_w005
52389,0,minibatch_k64,text_pca256_lexical_w005
52390,0,minibatch_k64,text_pca256_lexical_w005
52391,5,minibatch_k64,text_pca256_lexical_w005
52392,47,minibatch_k64,text_pca256_lexical_w005
52393,38,minibatch_k64,text_pca256_lexical_w005
52394,47,minibatch_k64,text_pca256_lexical_w005
52395,58,minibatch_k64,text_pca256_lexical_w005
52396,45,minibatch_k64,text_pca256_lexical_w005
52397,55,minibatch_k64,text_pca256_lexical_w005
52398,62,minibatch_k64,text_pca256_lexical_w005
52399,47,minibatch_k64,text_pca256_lexical_w005
52400,2,minibatch_k64,text_pca256_lexical_w005
52401,8,minibatch_k64,text_pca256_lexical_w005
52402,52,minibatch_k64,text_pca256_lexical_w005
52403,8,minibatch_k64,text_pca256_lexical_w005
52404,62,minibatch_k64,text_pca256_lexical_w005
52405,52,minibatch_k64,text_pca256_lexical_w005
52406,47,minibatch_k64,text_pca256_lexical_w005
52407,0,minibatch_k64,text_pca256_lexical_w005
52408,47,minibatch_k64,text_pca256_lexical_w005
52409,23,minibatch_k64,text_pca256_lexical_w005
52410,38,minibatch_k64,text_pca256_lexical_w005
52411,58,minibatch_k64,text_pca256_lexical_w005
52412,2,minibatch_k64,text_pca256_lexical_w005
52413,15,minibatch_k64,text_pca256_lexical_w005
52414,23,minibatch_k64,text_pca256_lexical_w005
52415,55,minibatch_k64,text_pca256_lexical_w005
52416,25,minibatch_k64,text_pca256_lexical_w005
52417,4,minibatch_k64,text_pca256_lexical_w005
52418,62,minibatch_k64,text_pca256_lexical_w005
52419,52,minibatch_k64,text_pca256_lexical_w005
52420,0,minibatch_k64,text_pca256_lexical_w005
52421,0,minibatch_k64,text_pca256_lexical_w005
52422,52,minibatch_k64,text_pca256_lexical_w005
52423,0,minibatch_k64,text_pca256_lexical_w005
52424,5,minibatch_k64,text_pca256_lexical_w005
52425,8,minibatch_k64,text_pca256_lexical_w005
52426,46,minibatch_k64,text_pca256_lexical_w005
52427,15,minibatch_k64,text_pca256_lexical_w005
52428,15,minibatch_k64,text_pca256_lexical_w005
52429,0,minibatch_k64,text_pca256_lexical_w005
52430,0,minibatch_k64,text_pca256_lexical_w005
52431,23,minibatch_k64,text_pca256_lexical_w005
52432,38,minibatch_k64,text_pca256_lexical_w005
52433,58,minibatch_k64,text_pca256_lexical_w005
52434,45,minibatch_k64,text_pca256_lexical_w005
52435,15,minibatch_k64,text_pca256_lexical_w005
52436,55,minibatch_k64,text_pca256_lexical_w005
52437,22,minibatch_k64,text_pca256_lexical_w005
52438,25,minibatch_k64,text_pca256_lexical_w005
52439,62,minibatch_k64,text_pca256_lexical_w005
52440,62,minibatch_k64,text_pca256_lexical_w005
52441,0,minibatch_k64,text_pca256_lexical_w005
52442,62,minibatch_k64,text_pca256_lexical_w005
52443,0,minibatch_k64,text_pca256_lexical_w005
52444,47,minibatch_k64,text_pca256_lexical_w005
52445,47,minibatch_k64,text_pca256_lexical_w005
52446,47,minibatch_k64,text_pca256_lexical_w005
52447,47,minibatch_k64,text_pca256_lexical_w005
52448,62,minibatch_k64,text_pca256_lexical_w005
52449,47,minibatch_k64,text_pca256_lexical_w005
52450,47,minibatch_k64,text_pca256_lexical_w005
52451,38,minibatch_k64,text_pca256_lexical_w005
52452,45,minibatch_k64,text_pca256_lexical_w005
52453,58,minibatch_k64,text_pca256_lexical_w005
52454,55,minibatch_k64,text_pca256_lexical_w005
52455,62,minibatch_k64,text_pca256_lexical_w005
52456,25,minibatch_k64,text_pca256_lexical_w005
52457,15,minibatch_k64,text_pca256_lexical_w005
52458,0,minibatch_k64,text_pca256_lexical_w005
52459,62,minibatch_k64,text_pca256_lexical_w005
52460,45,minibatch_k64,text_pca256_lexical_w005
52461,59,minibatch_k64,text_pca256_lexical_w005
52462,23,minibatch_k64,text_pca256_lexical_w005
52463,45,minibatch_k64,text_pca256_lexical_w005
52464,45,minibatch_k64,text_pca256_lexical_w005
52465,10,minibatch_k64,text_pca256_lexical_w005
52466,0,minibatch_k64,text_pca256_lexical_w005
52467,38,minibatch_k64,text_pca256_lexical_w005
52468,58,minibatch_k64,text_pca256_lexical_w005
52469,45,minibatch_k64,text_pca256_lexical_w005
52470,43,minibatch_k64,text_pca256_lexical_w005
52471,55,minibatch_k64,text_pca256_lexical_w005
52472,63,minibatch_k64,text_pca256_lexical_w005
52473,23,minibatch_k64,text_pca256_lexical_w005
52474,62,minibatch_k64,text_pca256_lexical_w005
52475,4,minibatch_k64,text_pca256_lexical_w005
52476,45,minibatch_k64,text_pca256_lexical_w005
52477,45,minibatch_k64,text_pca256_lexical_w005
52478,62,minibatch_k64,text_pca256_lexical_w005
52479,15,minibatch_k64,text_pca256_lexical_w005
52480,0,minibatch_k64,text_pca256_lexical_w005
52481,25,minibatch_k64,text_pca256_lexical_w005
52482,15,minibatch_k64,text_pca256_lexical_w005
52483,50,minibatch_k64,text_pca256_lexical_w005
52484,0,minibatch_k64,text_pca256_lexical_w005
52485,0,minibatch_k64,text_pca256_lexical_w005
52486,2,minibatch_k64,text_pca256_lexical_w005
52487,0,minibatch_k64,text_pca256_lexical_w005
52488,39,minibatch_k64,text_pca256_lexical_w005
52489,62,minibatch_k64,text_pca256_lexical_w005
52490,62,minibatch_k64,text_pca256_lexical_w005
52491,15,minibatch_k64,text_pca256_lexical_w005
52492,8,minibatch_k64,text_pca256_lexical_w005
52493,47,minibatch_k64,text_pca256_lexical_w005
52494,8,minibatch_k64,text_pca256_lexical_w005
52495,8,minibatch_k64,text_pca256_lexical_w005
52496,62,minibatch_k64,text_pca256_lexical_w005
52497,0,minibatch_k64,text_pca256_lexical_w005
52498,8,minibatch_k64,text_pca256_lexical_w005
52499,0,minibatch_k64,text_pca256_lexical_w005
52500,33,minibatch_k64,text_pca256_lexical_w005
52501,62,minibatch_k64,text_pca256_lexical_w005
52502,0,minibatch_k64,text_pca256_lexical_w005
52503,62,minibatch_k64,text_pca256_lexical_w005
52504,62,minibatch_k64,text_pca256_lexical_w005
52505,62,minibatch_k64,text_pca256_lexical_w005
52506,62,minibatch_k64,text_pca256_lexical_w005
52507,62,minibatch_k64,text_pca256_lexical_w005
52508,2,minibatch_k64,text_pca256_lexical_w005
52509,0,minibatch_k64,text_pca256_lexical_w005
52510,62,minibatch_k64,text_pca256_lexical_w005
52511,62,minibatch_k64,text_pca256_lexical_w005
52512,0,minibatch_k64,text_pca256_lexical_w005
52513,33,minibatch_k64,text_pca256_lexical_w005
52514,10,minibatch_k64,text_pca256_lexical_w005
52515,62,minibatch_k64,text_pca256_lexical_w005
52516,56,minibatch_k64,text_pca256_lexical_w005
52517,62,minibatch_k64,text_pca256_lexical_w005
52518,62,minibatch_k64,text_pca256_lexical_w005
52519,62,minibatch_k64,text_pca256_lexical_w005
52520,62,minibatch_k64,text_pca256_lexical_w005
52521,45,minibatch_k64,text_pca256_lexical_w005
52522,62,minibatch_k64,text_pca256_lexical_w005
52523,62,minibatch_k64,text_pca256_lexical_w005
52524,62,minibatch_k64,text_pca256_lexical_w005
52525,0,minibatch_k64,text_pca256_lexical_w005
52526,8,minibatch_k64,text_pca256_lexical_w005
52527,62,minibatch_k64,text_pca256_lexical_w005
52528,62,minibatch_k64,text_pca256_lexical_w005
52529,42,minibatch_k64,text_pca256_lexical_w005
52530,62,minibatch_k64,text_pca256_lexical_w005
52531,0,minibatch_k64,text_pca256_lexical_w005
52532,62,minibatch_k64,text_pca256_lexical_w005
52533,2,minibatch_k64,text_pca256_lexical_w005
52534,45,minibatch_k64,text_pca256_lexical_w005
52535,45,minibatch_k64,text_pca256_lexical_w005
52536,45,minibatch_k64,text_pca256_lexical_w005
52537,59,minibatch_k64,text_pca256_lexical_w005
52538,8,minibatch_k64,text_pca256_lexical_w005
52539,0,minibatch_k64,text_pca256_lexical_w005
52540,8,minibatch_k64,text_pca256_lexical_w005
52541,45,minibatch_k64,text_pca256_lexical_w005
52542,45,minibatch_k64,text_pca256_lexical_w005
52543,45,minibatch_k64,text_pca256_lexical_w005
52544,45,minibatch_k64,text_pca256_lexical_w005
52545,23,minibatch_k64,text_pca256_lexical_w005
52546,18,minibatch_k64,text_pca256_lexical_w005
52547,45,minibatch_k64,text_pca256_lexical_w005
52548,45,minibatch_k64,text_pca256_lexical_w005
52549,45,minibatch_k64,text_pca256_lexical_w005
52550,58,minibatch_k64,text_pca256_lexical_w005
52551,55,minibatch_k64,text_pca256_lexical_w005
52552,63,minibatch_k64,text_pca256_lexical_w005
52553,0,minibatch_k64,text_pca256_lexical_w005
52554,25,minibatch_k64,text_pca256_lexical_w005
52555,4,minibatch_k64,text_pca256_lexical_w005
52556,62,minibatch_k64,text_pca256_lexical_w005
52557,0,minibatch_k64,text_pca256_lexical_w005
52558,10,minibatch_k64,text_pca256_lexical_w005
52559,62,minibatch_k64,text_pca256_lexical_w005
52560,15,minibatch_k64,text_pca256_lexical_w005
52561,23,minibatch_k64,text_pca256_lexical_w005
52562,8,minibatch_k64,text_pca256_lexical_w005
52563,62,minibatch_k64,text_pca256_lexical_w005
52564,62,minibatch_k64,text_pca256_lexical_w005
52565,62,minibatch_k64,text_pca256_lexical_w005
52566,62,minibatch_k64,text_pca256_lexical_w005
52567,0,minibatch_k64,text_pca256_lexical_w005
52568,0,minibatch_k64,text_pca256_lexical_w005
52569,45,minibatch_k64,text_pca256_lexical_w005
52570,2,minibatch_k64,text_pca256_lexical_w005
52571,45,minibatch_k64,text_pca256_lexical_w005
52572,45,minibatch_k64,text_pca256_lexical_w005
52573,10,minibatch_k64,text_pca256_lexical_w005
52574,8,minibatch_k64,text_pca256_lexical_w005
52575,45,minibatch_k64,text_pca256_lexical_w005
52576,45,minibatch_k64,text_pca256_lexical_w005
52577,38,minibatch_k64,text_pca256_lexical_w005
52578,58,minibatch_k64,text_pca256_lexical_w005
52579,55,minibatch_k64,text_pca256_lexical_w005
52580,22,minibatch_k64,text_pca256_lexical_w005
52581,45,minibatch_k64,text_pca256_lexical_w005
52582,45,minibatch_k64,text_pca256_lexical_w005
52583,62,minibatch_k64,text_pca256_lexical_w005
52584,25,minibatch_k64,text_pca256_lexical_w005
52585,8,minibatch_k64,text_pca256_lexical_w005
52586,0,minibatch_k64,text_pca256_lexical_w005
52587,15,minibatch_k64,text_pca256_lexical_w005
52588,62,minibatch_k64,text_pca256_lexical_w005
52589,8,minibatch_k64,text_pca256_lexical_w005
52590,33,minibatch_k64,text_pca256_lexical_w005
52591,0,minibatch_k64,text_pca256_lexical_w005
52592,8,minibatch_k64,text_pca256_lexical_w005
52593,23,minibatch_k64,text_pca256_lexical_w005
52594,21,minibatch_k64,text_pca256_lexical_w005
52595,0,minibatch_k64,text_pca256_lexical_w005
52596,62,minibatch_k64,text_pca256_lexical_w005
52597,62,minibatch_k64,text_pca256_lexical_w005
52598,45,minibatch_k64,text_pca256_lexical_w005
52599,38,minibatch_k64,text_pca256_lexical_w005
52600,58,minibatch_k64,text_pca256_lexical_w005
52601,59,minibatch_k64,text_pca256_lexical_w005
52602,22,minibatch_k64,text_pca256_lexical_w005
52603,4,minibatch_k64,text_pca256_lexical_w005
52604,25,minibatch_k64,text_pca256_lexical_w005
52605,0,minibatch_k64,text_pca256_lexical_w005
52606,4,minibatch_k64,text_pca256_lexical_w005
52607,23,minibatch_k64,text_pca256_lexical_w005
52608,45,minibatch_k64,text_pca256_lexical_w005
52609,23,minibatch_k64,text_pca256_lexical_w005
52610,23,minibatch_k64,text_pca256_lexical_w005
52611,45,minibatch_k64,text_pca256_lexical_w005
52612,45,minibatch_k64,text_pca256_lexical_w005
52613,8,minibatch_k64,text_pca256_lexical_w005
52614,0,minibatch_k64,text_pca256_lexical_w005
52615,50,minibatch_k64,text_pca256_lexical_w005
52616,0,minibatch_k64,text_pca256_lexical_w005
52617,62,minibatch_k64,text_pca256_lexical_w005
52618,45,minibatch_k64,text_pca256_lexical_w005
52619,0,minibatch_k64,text_pca256_lexical_w005
52620,8,minibatch_k64,text_pca256_lexical_w005
52621,0,minibatch_k64,text_pca256_lexical_w005
52622,0,minibatch_k64,text_pca256_lexical_w005
52623,0,minibatch_k64,text_pca256_lexical_w005
52624,8,minibatch_k64,text_pca256_lexical_w005
52625,62,minibatch_k64,text_pca256_lexical_w005
52626,33,minibatch_k64,text_pca256_lexical_w005
52627,62,minibatch_k64,text_pca256_lexical_w005
52628,62,minibatch_k64,text_pca256_lexical_w005
52629,33,minibatch_k64,text_pca256_lexical_w005
52630,62,minibatch_k64,text_pca256_lexical_w005
52631,0,minibatch_k64,text_pca256_lexical_w005
52632,0,minibatch_k64,text_pca256_lexical_w005
52633,0,minibatch_k64,text_pca256_lexical_w005
52634,62,minibatch_k64,text_pca256_lexical_w005
52635,5,minibatch_k64,text_pca256_lexical_w005
52636,45,minibatch_k64,text_pca256_lexical_w005
52637,45,minibatch_k64,text_pca256_lexical_w005
52638,45,minibatch_k64,text_pca256_lexical_w005
52639,23,minibatch_k64,text_pca256_lexical_w005
52640,45,minibatch_k64,text_pca256_lexical_w005
52641,45,minibatch_k64,text_pca256_lexical_w005
52642,62,minibatch_k64,text_pca256_lexical_w005
52643,0,minibatch_k64,text_pca256_lexical_w005
52644,4,minibatch_k64,text_pca256_lexical_w005
52645,45,minibatch_k64,text_pca256_lexical_w005
52646,45,minibatch_k64,text_pca256_lexical_w005
52647,53,minibatch_k64,text_pca256_lexical_w005
52648,0,minibatch_k64,text_pca256_lexical_w005
52649,0,minibatch_k64,text_pca256_lexical_w005
52650,42,minibatch_k64,text_pca256_lexical_w005
52651,45,minibatch_k64,text_pca256_lexical_w005
52652,4,minibatch_k64,text_pca256_lexical_w005
52653,45,minibatch_k64,text_pca256_lexical_w005
52654,45,minibatch_k64,text_pca256_lexical_w005
52655,45,minibatch_k64,text_pca256_lexical_w005
52656,8,minibatch_k64,text_pca256_lexical_w005
52657,62,minibatch_k64,text_pca256_lexical_w005
52658,15,minibatch_k64,text_pca256_lexical_w005
52659,23,minibatch_k64,text_pca256_lexical_w005
52660,45,minibatch_k64,text_pca256_lexical_w005
52661,45,minibatch_k64,text_pca256_lexical_w005
52662,0,minibatch_k64,text_pca256_lexical_w005
52663,62,minibatch_k64,text_pca256_lexical_w005
52664,0,minibatch_k64,text_pca256_lexical_w005
52665,15,minibatch_k64,text_pca256_lexical_w005
52666,2,minibatch_k64,text_pca256_lexical_w005
52667,42,minibatch_k64,text_pca256_lexical_w005
52668,4,minibatch_k64,text_pca256_lexical_w005
52669,0,minibatch_k64,text_pca256_lexical_w005
52670,0,minibatch_k64,text_pca256_lexical_w005
52671,0,minibatch_k64,text_pca256_lexical_w005
52672,0,minibatch_k64,text_pca256_lexical_w005
52673,62,minibatch_k64,text_pca256_lexical_w005
52674,0,minibatch_k64,text_pca256_lexical_w005
52675,8,minibatch_k64,text_pca256_lexical_w005
52676,0,minibatch_k64,text_pca256_lexical_w005
52677,62,minibatch_k64,text_pca256_lexical_w005
52678,8,minibatch_k64,text_pca256_lexical_w005
52679,21,minibatch_k64,text_pca256_lexical_w005
52680,5,minibatch_k64,text_pca256_lexical_w005
52681,62,minibatch_k64,text_pca256_lexical_w005
52682,62,minibatch_k64,text_pca256_lexical_w005
52683,0,minibatch_k64,text_pca256_lexical_w005
52684,5,minibatch_k64,text_pca256_lexical_w005
52685,0,minibatch_k64,text_pca256_lexical_w005
52686,0,minibatch_k64,text_pca256_lexical_w005
52687,62,minibatch_k64,text_pca256_lexical_w005
52688,62,minibatch_k64,text_pca256_lexical_w005
52689,62,minibatch_k64,text_pca256_lexical_w005
52690,8,minibatch_k64,text_pca256_lexical_w005
52691,25,minibatch_k64,text_pca256_lexical_w005
52692,15,minibatch_k64,text_pca256_lexical_w005
52693,15,minibatch_k64,text_pca256_lexical_w005
52694,59,minibatch_k64,text_pca256_lexical_w005
52695,62,minibatch_k64,text_pca256_lexical_w005
52696,8,minibatch_k64,text_pca256_lexical_w005
52697,62,minibatch_k64,text_pca256_lexical_w005
52698,2,minibatch_k64,text_pca256_lexical_w005
52699,29,minibatch_k64,text_pca256_lexical_w005
52700,0,minibatch_k64,text_pca256_lexical_w005
52701,0,minibatch_k64,text_pca256_lexical_w005
52702,0,minibatch_k64,text_pca256_lexical_w005
52703,62,minibatch_k64,text_pca256_lexical_w005
52704,5,minibatch_k64,text_pca256_lexical_w005
52705,47,minibatch_k64,text_pca256_lexical_w005
52706,38,minibatch_k64,text_pca256_lexical_w005
52707,8,minibatch_k64,text_pca256_lexical_w005
52708,45,minibatch_k64,text_pca256_lexical_w005
52709,55,minibatch_k64,text_pca256_lexical_w005
52710,53,minibatch_k64,text_pca256_lexical_w005
52711,5,minibatch_k64,text_pca256_lexical_w005
52712,42,minibatch_k64,text_pca256_lexical_w005
52713,8,minibatch_k64,text_pca256_lexical_w005
52714,62,minibatch_k64,text_pca256_lexical_w005
52715,23,minibatch_k64,text_pca256_lexical_w005
52716,10,minibatch_k64,text_pca256_lexical_w005
52717,4,minibatch_k64,text_pca256_lexical_w005
52718,29,minibatch_k64,text_pca256_lexical_w005
52719,15,minibatch_k64,text_pca256_lexical_w005
52720,62,minibatch_k64,text_pca256_lexical_w005
52721,62,minibatch_k64,text_pca256_lexical_w005
52722,4,minibatch_k64,text_pca256_lexical_w005
52723,4,minibatch_k64,text_pca256_lexical_w005
52724,23,minibatch_k64,text_pca256_lexical_w005
52725,8,minibatch_k64,text_pca256_lexical_w005
52726,0,minibatch_k64,text_pca256_lexical_w005
52727,4,minibatch_k64,text_pca256_lexical_w005
52728,0,minibatch_k64,text_pca256_lexical_w005
52729,62,minibatch_k64,text_pca256_lexical_w005
52730,62,minibatch_k64,text_pca256_lexical_w005
52731,0,minibatch_k64,text_pca256_lexical_w005
52732,62,minibatch_k64,text_pca256_lexical_w005
52733,0,minibatch_k64,text_pca256_lexical_w005
52734,0,minibatch_k64,text_pca256_lexical_w005
52735,0,minibatch_k64,text_pca256_lexical_w005
52736,62,minibatch_k64,text_pca256_lexical_w005
52737,0,minibatch_k64,text_pca256_lexical_w005
52738,0,minibatch_k64,text_pca256_lexical_w005
52739,25,minibatch_k64,text_pca256_lexical_w005
52740,23,minibatch_k64,text_pca256_lexical_w005
52741,0,minibatch_k64,text_pca256_lexical_w005
52742,47,minibatch_k64,text_pca256_lexical_w005
52743,5,minibatch_k64,text_pca256_lexical_w005
52744,62,minibatch_k64,text_pca256_lexical_w005
52745,4,minibatch_k64,text_pca256_lexical_w005
52746,62,minibatch_k64,text_pca256_lexical_w005
52747,4,minibatch_k64,text_pca256_lexical_w005
52748,4,minibatch_k64,text_pca256_lexical_w005
52749,0,minibatch_k64,text_pca256_lexical_w005
52750,10,minibatch_k64,text_pca256_lexical_w005
52751,47,minibatch_k64,text_pca256_lexical_w005
52752,18,minibatch_k64,text_pca256_lexical_w005
52753,0,minibatch_k64,text_pca256_lexical_w005
52754,23,minibatch_k64,text_pca256_lexical_w005
52755,2,minibatch_k64,text_pca256_lexical_w005
52756,62,minibatch_k64,text_pca256_lexical_w005
52757,0,minibatch_k64,text_pca256_lexical_w005
52758,0,minibatch_k64,text_pca256_lexical_w005
52759,47,minibatch_k64,text_pca256_lexical_w005
52760,45,minibatch_k64,text_pca256_lexical_w005
52761,23,minibatch_k64,text_pca256_lexical_w005
52762,23,minibatch_k64,text_pca256_lexical_w005
52763,38,minibatch_k64,text_pca256_lexical_w005
52764,62,minibatch_k64,text_pca256_lexical_w005
52765,23,minibatch_k64,text_pca256_lexical_w005
52766,55,minibatch_k64,text_pca256_lexical_w005
52767,23,minibatch_k64,text_pca256_lexical_w005
52768,62,minibatch_k64,text_pca256_lexical_w005
52769,23,minibatch_k64,text_pca256_lexical_w005
52770,0,minibatch_k64,text_pca256_lexical_w005
52771,0,minibatch_k64,text_pca256_lexical_w005
52772,42,minibatch_k64,text_pca256_lexical_w005
52773,23,minibatch_k64,text_pca256_lexical_w005
52774,53,minibatch_k64,text_pca256_lexical_w005
52775,42,minibatch_k64,text_pca256_lexical_w005
52776,0,minibatch_k64,text_pca256_lexical_w005
52777,25,minibatch_k64,text_pca256_lexical_w005
52778,38,minibatch_k64,text_pca256_lexical_w005
52779,62,minibatch_k64,text_pca256_lexical_w005
52780,55,minibatch_k64,text_pca256_lexical_w005
52781,0,minibatch_k64,text_pca256_lexical_w005
52782,4,minibatch_k64,text_pca256_lexical_w005
52783,10,minibatch_k64,text_pca256_lexical_w005
52784,10,minibatch_k64,text_pca256_lexical_w005
52785,4,minibatch_k64,text_pca256_lexical_w005
52786,15,minibatch_k64,text_pca256_lexical_w005
52787,0,minibatch_k64,text_pca256_lexical_w005
52788,15,minibatch_k64,text_pca256_lexical_w005
52789,42,minibatch_k64,text_pca256_lexical_w005
52790,0,minibatch_k64,text_pca256_lexical_w005
52791,4,minibatch_k64,text_pca256_lexical_w005
52792,62,minibatch_k64,text_pca256_lexical_w005
52793,62,minibatch_k64,text_pca256_lexical_w005
52794,0,minibatch_k64,text_pca256_lexical_w005
52795,4,minibatch_k64,text_pca256_lexical_w005
52796,0,minibatch_k64,text_pca256_lexical_w005
52797,4,minibatch_k64,text_pca256_lexical_w005
52798,4,minibatch_k64,text_pca256_lexical_w005
52799,4,minibatch_k64,text_pca256_lexical_w005
52800,4,minibatch_k64,text_pca256_lexical_w005
52801,62,minibatch_k64,text_pca256_lexical_w005
52802,2,minibatch_k64,text_pca256_lexical_w005
52803,8,minibatch_k64,text_pca256_lexical_w005
52804,8,minibatch_k64,text_pca256_lexical_w005
52805,4,minibatch_k64,text_pca256_lexical_w005
52806,4,minibatch_k64,text_pca256_lexical_w005
52807,0,minibatch_k64,text_pca256_lexical_w005
52808,0,minibatch_k64,text_pca256_lexical_w005
52809,45,minibatch_k64,text_pca256_lexical_w005
52810,62,minibatch_k64,text_pca256_lexical_w005
52811,0,minibatch_k64,text_pca256_lexical_w005
52812,62,minibatch_k64,text_pca256_lexical_w005
52813,45,minibatch_k64,text_pca256_lexical_w005
52814,0,minibatch_k64,text_pca256_lexical_w005
52815,9,minibatch_k64,text_pca256_lexical_w005
52816,8,minibatch_k64,text_pca256_lexical_w005
52817,23,minibatch_k64,text_pca256_lexical_w005
52818,59,minibatch_k64,text_pca256_lexical_w005
52819,25,minibatch_k64,text_pca256_lexical_w005
52820,62,minibatch_k64,text_pca256_lexical_w005
52821,62,minibatch_k64,text_pca256_lexical_w005
52822,38,minibatch_k64,text_pca256_lexical_w005
52823,58,minibatch_k64,text_pca256_lexical_w005
52824,59,minibatch_k64,text_pca256_lexical_w005
52825,21,minibatch_k64,text_pca256_lexical_w005
52826,0,minibatch_k64,text_pca256_lexical_w005
52827,62,minibatch_k64,text_pca256_lexical_w005
52828,42,minibatch_k64,text_pca256_lexical_w005
52829,8,minibatch_k64,text_pca256_lexical_w005
52830,25,minibatch_k64,text_pca256_lexical_w005
52831,8,minibatch_k64,text_pca256_lexical_w005
52832,0,minibatch_k64,text_pca256_lexical_w005
52833,38,minibatch_k64,text_pca256_lexical_w005
52834,58,minibatch_k64,text_pca256_lexical_w005
52835,45,minibatch_k64,text_pca256_lexical_w005
52836,55,minibatch_k64,text_pca256_lexical_w005
52837,4,minibatch_k64,text_pca256_lexical_w005
52838,0,minibatch_k64,text_pca256_lexical_w005
52839,62,minibatch_k64,text_pca256_lexical_w005
52840,62,minibatch_k64,text_pca256_lexical_w005
52841,62,minibatch_k64,text_pca256_lexical_w005
52842,0,minibatch_k64,text_pca256_lexical_w005
52843,25,minibatch_k64,text_pca256_lexical_w005
52844,38,minibatch_k64,text_pca256_lexical_w005
52845,58,minibatch_k64,text_pca256_lexical_w005
52846,55,minibatch_k64,text_pca256_lexical_w005
52847,21,minibatch_k64,text_pca256_lexical_w005
52848,38,minibatch_k64,text_pca256_lexical_w005
52849,25,minibatch_k64,text_pca256_lexical_w005
52850,58,minibatch_k64,text_pca256_lexical_w005
52851,55,minibatch_k64,text_pca256_lexical_w005
52852,33,minibatch_k64,text_pca256_lexical_w005
52853,10,minibatch_k64,text_pca256_lexical_w005
52854,25,minibatch_k64,text_pca256_lexical_w005
52855,38,minibatch_k64,text_pca256_lexical_w005
52856,58,minibatch_k64,text_pca256_lexical_w005
52857,59,minibatch_k64,text_pca256_lexical_w005
52858,55,minibatch_k64,text_pca256_lexical_w005
52859,0,minibatch_k64,text_pca256_lexical_w005
52860,25,minibatch_k64,text_pca256_lexical_w005
52861,5,minibatch_k64,text_pca256_lexical_w005
52862,0,minibatch_k64,text_pca256_lexical_w005
52863,0,minibatch_k64,text_pca256_lexical_w005
52864,0,minibatch_k64,text_pca256_lexical_w005
52865,25,minibatch_k64,text_pca256_lexical_w005
52866,38,minibatch_k64,text_pca256_lexical_w005
52867,58,minibatch_k64,text_pca256_lexical_w005
52868,55,minibatch_k64,text_pca256_lexical_w005
52869,25,minibatch_k64,text_pca256_lexical_w005
52870,38,minibatch_k64,text_pca256_lexical_w005
52871,58,minibatch_k64,text_pca256_lexical_w005
52872,55,minibatch_k64,text_pca256_lexical_w005
52873,10,minibatch_k64,text_pca256_lexical_w005
52874,25,minibatch_k64,text_pca256_lexical_w005
52875,38,minibatch_k64,text_pca256_lexical_w005
52876,58,minibatch_k64,text_pca256_lexical_w005
52877,59,minibatch_k64,text_pca256_lexical_w005
52878,42,minibatch_k64,text_pca256_lexical_w005
52879,8,minibatch_k64,text_pca256_lexical_w005
52880,39,minibatch_k64,text_pca256_lexical_w005
52881,0,minibatch_k64,text_pca256_lexical_w005
52882,25,minibatch_k64,text_pca256_lexical_w005
52883,38,minibatch_k64,text_pca256_lexical_w005
52884,55,minibatch_k64,text_pca256_lexical_w005
52885,23,minibatch_k64,text_pca256_lexical_w005
52886,25,minibatch_k64,text_pca256_lexical_w005
52887,10,minibatch_k64,text_pca256_lexical_w005
52888,38,minibatch_k64,text_pca256_lexical_w005
52889,55,minibatch_k64,text_pca256_lexical_w005
52890,59,minibatch_k64,text_pca256_lexical_w005
52891,0,minibatch_k64,text_pca256_lexical_w005
52892,10,minibatch_k64,text_pca256_lexical_w005
52893,10,minibatch_k64,text_pca256_lexical_w005
52894,10,minibatch_k64,text_pca256_lexical_w005
52895,0,minibatch_k64,text_pca256_lexical_w005
52896,45,minibatch_k64,text_pca256_lexical_w005
52897,42,minibatch_k64,text_pca256_lexical_w005
52898,45,minibatch_k64,text_pca256_lexical_w005
52899,45,minibatch_k64,text_pca256_lexical_w005
52900,10,minibatch_k64,text_pca256_lexical_w005
52901,8,minibatch_k64,text_pca256_lexical_w005
52902,59,minibatch_k64,text_pca256_lexical_w005
52903,59,minibatch_k64,text_pca256_lexical_w005
52904,59,minibatch_k64,text_pca256_lexical_w005
52905,59,minibatch_k64,text_pca256_lexical_w005
52906,59,minibatch_k64,text_pca256_lexical_w005
52907,59,minibatch_k64,text_pca256_lexical_w005
52908,8,minibatch_k64,text_pca256_lexical_w005
52909,45,minibatch_k64,text_pca256_lexical_w005
52910,45,minibatch_k64,text_pca256_lexical_w005
52911,45,minibatch_k64,text_pca256_lexical_w005
52912,62,minibatch_k64,text_pca256_lexical_w005
52913,45,minibatch_k64,text_pca256_lexical_w005
52914,45,minibatch_k64,text_pca256_lexical_w005
52915,25,minibatch_k64,text_pca256_lexical_w005
52916,45,minibatch_k64,text_pca256_lexical_w005
52917,27,minibatch_k64,text_pca256_lexical_w005
52918,38,minibatch_k64,text_pca256_lexical_w005
52919,55,minibatch_k64,text_pca256_lexical_w005
52920,8,minibatch_k64,text_pca256_lexical_w005
52921,25,minibatch_k64,text_pca256_lexical_w005
52922,45,minibatch_k64,text_pca256_lexical_w005
52923,38,minibatch_k64,text_pca256_lexical_w005
52924,55,minibatch_k64,text_pca256_lexical_w005
52925,21,minibatch_k64,text_pca256_lexical_w005
52926,41,minibatch_k64,text_pca256_lexical_w005
52927,41,minibatch_k64,text_pca256_lexical_w005
52928,33,minibatch_k64,text_pca256_lexical_w005
52929,41,minibatch_k64,text_pca256_lexical_w005
52930,56,minibatch_k64,text_pca256_lexical_w005
52931,39,minibatch_k64,text_pca256_lexical_w005
52932,0,minibatch_k64,text_pca256_lexical_w005
52933,34,minibatch_k64,text_pca256_lexical_w005
52934,7,minibatch_k64,text_pca256_lexical_w005
52935,0,minibatch_k64,text_pca256_lexical_w005
52936,0,minibatch_k64,text_pca256_lexical_w005
52937,10,minibatch_k64,text_pca256_lexical_w005
52938,34,minibatch_k64,text_pca256_lexical_w005
52939,34,minibatch_k64,text_pca256_lexical_w005
52940,21,minibatch_k64,text_pca256_lexical_w005
52941,47,minibatch_k64,text_pca256_lexical_w005
52942,45,minibatch_k64,text_pca256_lexical_w005
52943,62,minibatch_k64,text_pca256_lexical_w005
52944,5,minibatch_k64,text_pca256_lexical_w005
52945,0,minibatch_k64,text_pca256_lexical_w005
52946,56,minibatch_k64,text_pca256_lexical_w005
52947,62,minibatch_k64,text_pca256_lexical_w005
52948,62,minibatch_k64,text_pca256_lexical_w005
52949,62,minibatch_k64,text_pca256_lexical_w005
52950,62,minibatch_k64,text_pca256_lexical_w005
52951,5,minibatch_k64,text_pca256_lexical_w005
52952,15,minibatch_k64,text_pca256_lexical_w005
52953,23,minibatch_k64,text_pca256_lexical_w005
52954,38,minibatch_k64,text_pca256_lexical_w005
52955,55,minibatch_k64,text_pca256_lexical_w005
52956,45,minibatch_k64,text_pca256_lexical_w005
52957,8,minibatch_k64,text_pca256_lexical_w005
52958,8,minibatch_k64,text_pca256_lexical_w005
52959,4,minibatch_k64,text_pca256_lexical_w005
52960,62,minibatch_k64,text_pca256_lexical_w005
52961,62,minibatch_k64,text_pca256_lexical_w005
52962,8,minibatch_k64,text_pca256_lexical_w005
52963,15,minibatch_k64,text_pca256_lexical_w005
52964,15,minibatch_k64,text_pca256_lexical_w005
52965,15,minibatch_k64,text_pca256_lexical_w005
52966,8,minibatch_k64,text_pca256_lexical_w005
52967,8,minibatch_k64,text_pca256_lexical_w005
52968,62,minibatch_k64,text_pca256_lexical_w005
52969,2,minibatch_k64,text_pca256_lexical_w005
52970,21,minibatch_k64,text_pca256_lexical_w005
52971,50,minibatch_k64,text_pca256_lexical_w005
52972,56,minibatch_k64,text_pca256_lexical_w005
52973,0,minibatch_k64,text_pca256_lexical_w005
52974,62,minibatch_k64,text_pca256_lexical_w005
52975,38,minibatch_k64,text_pca256_lexical_w005
52976,55,minibatch_k64,text_pca256_lexical_w005
52977,15,minibatch_k64,text_pca256_lexical_w005
52978,0,minibatch_k64,text_pca256_lexical_w005
52979,62,minibatch_k64,text_pca256_lexical_w005
52980,15,minibatch_k64,text_pca256_lexical_w005
52981,56,minibatch_k64,text_pca256_lexical_w005
52982,2,minibatch_k64,text_pca256_lexical_w005
52983,56,minibatch_k64,text_pca256_lexical_w005
52984,0,minibatch_k64,text_pca256_lexical_w005
52985,56,minibatch_k64,text_pca256_lexical_w005
52986,2,minibatch_k64,text_pca256_lexical_w005
52987,5,minibatch_k64,text_pca256_lexical_w005
52988,38,minibatch_k64,text_pca256_lexical_w005
52989,55,minibatch_k64,text_pca256_lexical_w005
52990,0,minibatch_k64,text_pca256_lexical_w005
52991,56,minibatch_k64,text_pca256_lexical_w005
52992,56,minibatch_k64,text_pca256_lexical_w005
52993,58,minibatch_k64,text_pca256_lexical_w005
52994,55,minibatch_k64,text_pca256_lexical_w005
52995,0,minibatch_k64,text_pca256_lexical_w005
52996,10,minibatch_k64,text_pca256_lexical_w005
52997,15,minibatch_k64,text_pca256_lexical_w005
52998,0,minibatch_k64,text_pca256_lexical_w005
52999,8,minibatch_k64,text_pca256_lexical_w005
53000,42,minibatch_k64,text_pca256_lexical_w005
53001,21,minibatch_k64,text_pca256_lexical_w005
53002,38,minibatch_k64,text_pca256_lexical_w005
53003,55,minibatch_k64,text_pca256_lexical_w005
53004,15,minibatch_k64,text_pca256_lexical_w005
53005,0,minibatch_k64,text_pca256_lexical_w005
53006,42,minibatch_k64,text_pca256_lexical_w005
53007,59,minibatch_k64,text_pca256_lexical_w005
53008,56,minibatch_k64,text_pca256_lexical_w005
53009,42,minibatch_k64,text_pca256_lexical_w005
53010,40,minibatch_k64,text_pca256_lexical_w005
53011,8,minibatch_k64,text_pca256_lexical_w005
53012,5,minibatch_k64,text_pca256_lexical_w005
53013,46,minibatch_k64,text_pca256_lexical_w005
53014,38,minibatch_k64,text_pca256_lexical_w005
53015,45,minibatch_k64,text_pca256_lexical_w005
53016,55,minibatch_k64,text_pca256_lexical_w005
53017,23,minibatch_k64,text_pca256_lexical_w005
53018,45,minibatch_k64,text_pca256_lexical_w005
53019,56,minibatch_k64,text_pca256_lexical_w005
53020,12,minibatch_k64,text_pca256_lexical_w005
53021,40,minibatch_k64,text_pca256_lexical_w005
53022,10,minibatch_k64,text_pca256_lexical_w005
53023,21,minibatch_k64,text_pca256_lexical_w005
53024,0,minibatch_k64,text_pca256_lexical_w005
53025,59,minibatch_k64,text_pca256_lexical_w005
53026,38,minibatch_k64,text_pca256_lexical_w005
53027,47,minibatch_k64,text_pca256_lexical_w005
53028,55,minibatch_k64,text_pca256_lexical_w005
53029,23,minibatch_k64,text_pca256_lexical_w005
53030,23,minibatch_k64,text_pca256_lexical_w005
53031,38,minibatch_k64,text_pca256_lexical_w005
53032,55,minibatch_k64,text_pca256_lexical_w005
53033,62,minibatch_k64,text_pca256_lexical_w005
53034,62,minibatch_k64,text_pca256_lexical_w005
53035,0,minibatch_k64,text_pca256_lexical_w005
53036,38,minibatch_k64,text_pca256_lexical_w005
53037,55,minibatch_k64,text_pca256_lexical_w005
53038,15,minibatch_k64,text_pca256_lexical_w005
53039,56,minibatch_k64,text_pca256_lexical_w005
53040,8,minibatch_k64,text_pca256_lexical_w005
53041,40,minibatch_k64,text_pca256_lexical_w005
53042,55,minibatch_k64,text_pca256_lexical_w005
53043,8,minibatch_k64,text_pca256_lexical_w005
53044,62,minibatch_k64,text_pca256_lexical_w005
53045,8,minibatch_k64,text_pca256_lexical_w005
53046,8,minibatch_k64,text_pca256_lexical_w005
53047,8,minibatch_k64,text_pca256_lexical_w005
53048,56,minibatch_k64,text_pca256_lexical_w005
53049,42,minibatch_k64,text_pca256_lexical_w005
53050,21,minibatch_k64,text_pca256_lexical_w005
53051,59,minibatch_k64,text_pca256_lexical_w005
53052,42,minibatch_k64,text_pca256_lexical_w005
53053,61,minibatch_k64,text_pca256_lexical_w005
53054,23,minibatch_k64,text_pca256_lexical_w005
53055,61,minibatch_k64,text_pca256_lexical_w005
53056,33,minibatch_k64,text_pca256_lexical_w005
53057,45,minibatch_k64,text_pca256_lexical_w005
53058,62,minibatch_k64,text_pca256_lexical_w005
53059,56,minibatch_k64,text_pca256_lexical_w005
53060,45,minibatch_k64,text_pca256_lexical_w005
53061,0,minibatch_k64,text_pca256_lexical_w005
53062,0,minibatch_k64,text_pca256_lexical_w005
53063,23,minibatch_k64,text_pca256_lexical_w005
53064,33,minibatch_k64,text_pca256_lexical_w005
53065,0,minibatch_k64,text_pca256_lexical_w005
53066,0,minibatch_k64,text_pca256_lexical_w005
53067,5,minibatch_k64,text_pca256_lexical_w005
53068,10,minibatch_k64,text_pca256_lexical_w005
53069,0,minibatch_k64,text_pca256_lexical_w005
53070,29,minibatch_k64,text_pca256_lexical_w005
53071,23,minibatch_k64,text_pca256_lexical_w005
53072,4,minibatch_k64,text_pca256_lexical_w005
53073,29,minibatch_k64,text_pca256_lexical_w005
53074,29,minibatch_k64,text_pca256_lexical_w005
53075,5,minibatch_k64,text_pca256_lexical_w005
53076,29,minibatch_k64,text_pca256_lexical_w005
53077,0,minibatch_k64,text_pca256_lexical_w005
53078,29,minibatch_k64,text_pca256_lexical_w005
53079,29,minibatch_k64,text_pca256_lexical_w005
53080,29,minibatch_k64,text_pca256_lexical_w005
53081,62,minibatch_k64,text_pca256_lexical_w005
53082,10,minibatch_k64,text_pca256_lexical_w005
53083,8,minibatch_k64,text_pca256_lexical_w005
53084,62,minibatch_k64,text_pca256_lexical_w005
53085,29,minibatch_k64,text_pca256_lexical_w005
53086,29,minibatch_k64,text_pca256_lexical_w005
53087,0,minibatch_k64,text_pca256_lexical_w005
53088,62,minibatch_k64,text_pca256_lexical_w005
53089,21,minibatch_k64,text_pca256_lexical_w005
53090,29,minibatch_k64,text_pca256_lexical_w005
53091,8,minibatch_k64,text_pca256_lexical_w005
53092,0,minibatch_k64,text_pca256_lexical_w005
53093,8,minibatch_k64,text_pca256_lexical_w005
53094,29,minibatch_k64,text_pca256_lexical_w005
53095,42,minibatch_k64,text_pca256_lexical_w005
53096,29,minibatch_k64,text_pca256_lexical_w005
53097,42,minibatch_k64,text_pca256_lexical_w005
53098,59,minibatch_k64,text_pca256_lexical_w005
53099,29,minibatch_k64,text_pca256_lexical_w005
53100,21,minibatch_k64,text_pca256_lexical_w005
53101,29,minibatch_k64,text_pca256_lexical_w005
53102,58,minibatch_k64,text_pca256_lexical_w005
53103,38,minibatch_k64,text_pca256_lexical_w005
53104,45,minibatch_k64,text_pca256_lexical_w005
53105,23,minibatch_k64,text_pca256_lexical_w005
53106,8,minibatch_k64,text_pca256_lexical_w005
53107,0,minibatch_k64,text_pca256_lexical_w005
53108,0,minibatch_k64,text_pca256_lexical_w005
53109,29,minibatch_k64,text_pca256_lexical_w005
53110,0,minibatch_k64,text_pca256_lexical_w005
53111,29,minibatch_k64,text_pca256_lexical_w005
53112,42,minibatch_k64,text_pca256_lexical_w005
53113,8,minibatch_k64,text_pca256_lexical_w005
53114,42,minibatch_k64,text_pca256_lexical_w005
53115,42,minibatch_k64,text_pca256_lexical_w005
53116,8,minibatch_k64,text_pca256_lexical_w005
53117,42,minibatch_k64,text_pca256_lexical_w005
53118,0,minibatch_k64,text_pca256_lexical_w005
53119,8,minibatch_k64,text_pca256_lexical_w005
53120,8,minibatch_k64,text_pca256_lexical_w005
53121,42,minibatch_k64,text_pca256_lexical_w005
53122,42,minibatch_k64,text_pca256_lexical_w005
53123,42,minibatch_k64,text_pca256_lexical_w005
53124,2,minibatch_k64,text_pca256_lexical_w005
53125,0,minibatch_k64,text_pca256_lexical_w005
53126,10,minibatch_k64,text_pca256_lexical_w005
53127,21,minibatch_k64,text_pca256_lexical_w005
53128,21,minibatch_k64,text_pca256_lexical_w005
53129,58,minibatch_k64,text_pca256_lexical_w005
53130,38,minibatch_k64,text_pca256_lexical_w005
53131,8,minibatch_k64,text_pca256_lexical_w005
53132,54,minibatch_k64,text_pca256_lexical_w005
53133,23,minibatch_k64,text_pca256_lexical_w005
53134,8,minibatch_k64,text_pca256_lexical_w005
53135,4,minibatch_k64,text_pca256_lexical_w005
53136,15,minibatch_k64,text_pca256_lexical_w005
53137,29,minibatch_k64,text_pca256_lexical_w005
53138,62,minibatch_k64,text_pca256_lexical_w005
53139,45,minibatch_k64,text_pca256_lexical_w005
53140,0,minibatch_k64,text_pca256_lexical_w005
53141,42,minibatch_k64,text_pca256_lexical_w005
53142,8,minibatch_k64,text_pca256_lexical_w005
53143,8,minibatch_k64,text_pca256_lexical_w005
53144,42,minibatch_k64,text_pca256_lexical_w005
53145,21,minibatch_k64,text_pca256_lexical_w005
53146,42,minibatch_k64,text_pca256_lexical_w005
53147,8,minibatch_k64,text_pca256_lexical_w005
53148,42,minibatch_k64,text_pca256_lexical_w005
53149,33,minibatch_k64,text_pca256_lexical_w005
53150,21,minibatch_k64,text_pca256_lexical_w005
53151,42,minibatch_k64,text_pca256_lexical_w005
53152,21,minibatch_k64,text_pca256_lexical_w005
53153,0,minibatch_k64,text_pca256_lexical_w005
53154,8,minibatch_k64,text_pca256_lexical_w005
53155,15,minibatch_k64,text_pca256_lexical_w005
53156,42,minibatch_k64,text_pca256_lexical_w005
53157,62,minibatch_k64,text_pca256_lexical_w005
53158,15,minibatch_k64,text_pca256_lexical_w005
53159,62,minibatch_k64,text_pca256_lexical_w005
53160,62,minibatch_k64,text_pca256_lexical_w005
53161,8,minibatch_k64,text_pca256_lexical_w005
53162,42,minibatch_k64,text_pca256_lexical_w005
53163,33,minibatch_k64,text_pca256_lexical_w005
53164,23,minibatch_k64,text_pca256_lexical_w005
53165,15,minibatch_k64,text_pca256_lexical_w005
53166,62,minibatch_k64,text_pca256_lexical_w005
53167,21,minibatch_k64,text_pca256_lexical_w005
53168,38,minibatch_k64,text_pca256_lexical_w005
53169,0,minibatch_k64,text_pca256_lexical_w005
53170,0,minibatch_k64,text_pca256_lexical_w005
53171,40,minibatch_k64,text_pca256_lexical_w005
53172,38,minibatch_k64,text_pca256_lexical_w005
53173,40,minibatch_k64,text_pca256_lexical_w005
53174,0,minibatch_k64,text_pca256_lexical_w005
53175,8,minibatch_k64,text_pca256_lexical_w005
53176,8,minibatch_k64,text_pca256_lexical_w005
53177,38,minibatch_k64,text_pca256_lexical_w005
53178,42,minibatch_k64,text_pca256_lexical_w005
53179,38,minibatch_k64,text_pca256_lexical_w005
53180,0,minibatch_k64,text_pca256_lexical_w005
53181,38,minibatch_k64,text_pca256_lexical_w005
53182,0,minibatch_k64,text_pca256_lexical_w005
53183,0,minibatch_k64,text_pca256_lexical_w005
53184,8,minibatch_k64,text_pca256_lexical_w005
53185,8,minibatch_k64,text_pca256_lexical_w005
53186,8,minibatch_k64,text_pca256_lexical_w005
53187,32,minibatch_k64,text_pca256_lexical_w005
53188,38,minibatch_k64,text_pca256_lexical_w005
53189,0,minibatch_k64,text_pca256_lexical_w005
53190,62,minibatch_k64,text_pca256_lexical_w005
53191,38,minibatch_k64,text_pca256_lexical_w005
53192,0,minibatch_k64,text_pca256_lexical_w005
53193,38,minibatch_k64,text_pca256_lexical_w005
53194,0,minibatch_k64,text_pca256_lexical_w005
53195,36,minibatch_k64,text_pca256_lexical_w005
53196,8,minibatch_k64,text_pca256_lexical_w005
53197,6,minibatch_k64,text_pca256_lexical_w005
53198,2,minibatch_k64,text_pca256_lexical_w005
53199,6,minibatch_k64,text_pca256_lexical_w005
53200,41,minibatch_k64,text_pca256_lexical_w005
53201,10,minibatch_k64,text_pca256_lexical_w005
53202,6,minibatch_k64,text_pca256_lexical_w005
53203,8,minibatch_k64,text_pca256_lexical_w005
53204,34,minibatch_k64,text_pca256_lexical_w005
53205,34,minibatch_k64,text_pca256_lexical_w005
53206,2,minibatch_k64,text_pca256_lexical_w005
53207,62,minibatch_k64,text_pca256_lexical_w005
53208,39,minibatch_k64,text_pca256_lexical_w005
53209,5,minibatch_k64,text_pca256_lexical_w005
53210,0,minibatch_k64,text_pca256_lexical_w005
53211,15,minibatch_k64,text_pca256_lexical_w005
53212,0,minibatch_k64,text_pca256_lexical_w005
53213,42,minibatch_k64,text_pca256_lexical_w005
53214,8,minibatch_k64,text_pca256_lexical_w005
53215,62,minibatch_k64,text_pca256_lexical_w005
53216,21,minibatch_k64,text_pca256_lexical_w005
53217,8,minibatch_k64,text_pca256_lexical_w005
53218,62,minibatch_k64,text_pca256_lexical_w005
53219,45,minibatch_k64,text_pca256_lexical_w005
53220,45,minibatch_k64,text_pca256_lexical_w005
53221,0,minibatch_k64,text_pca256_lexical_w005
53222,8,minibatch_k64,text_pca256_lexical_w005
53223,62,minibatch_k64,text_pca256_lexical_w005
53224,0,minibatch_k64,text_pca256_lexical_w005
53225,23,minibatch_k64,text_pca256_lexical_w005
53226,0,minibatch_k64,text_pca256_lexical_w005
53227,62,minibatch_k64,text_pca256_lexical_w005
53228,23,minibatch_k64,text_pca256_lexical_w005
53229,0,minibatch_k64,text_pca256_lexical_w005
53230,2,minibatch_k64,text_pca256_lexical_w005
53231,8,minibatch_k64,text_pca256_lexical_w005
53232,2,minibatch_k64,text_pca256_lexical_w005
53233,59,minibatch_k64,text_pca256_lexical_w005
53234,33,minibatch_k64,text_pca256_lexical_w005
53235,0,minibatch_k64,text_pca256_lexical_w005
53236,0,minibatch_k64,text_pca256_lexical_w005
53237,8,minibatch_k64,text_pca256_lexical_w005
53238,23,minibatch_k64,text_pca256_lexical_w005
53239,4,minibatch_k64,text_pca256_lexical_w005
53240,15,minibatch_k64,text_pca256_lexical_w005
53241,45,minibatch_k64,text_pca256_lexical_w005
53242,62,minibatch_k64,text_pca256_lexical_w005
53243,8,minibatch_k64,text_pca256_lexical_w005
53244,0,minibatch_k64,text_pca256_lexical_w005
53245,0,minibatch_k64,text_pca256_lexical_w005
53246,50,minibatch_k64,text_pca256_lexical_w005
53247,39,minibatch_k64,text_pca256_lexical_w005
53248,0,minibatch_k64,text_pca256_lexical_w005
53249,0,minibatch_k64,text_pca256_lexical_w005
53250,10,minibatch_k64,text_pca256_lexical_w005
53251,45,minibatch_k64,text_pca256_lexical_w005
53252,0,minibatch_k64,text_pca256_lexical_w005
53253,39,minibatch_k64,text_pca256_lexical_w005
53254,23,minibatch_k64,text_pca256_lexical_w005
53255,23,minibatch_k64,text_pca256_lexical_w005
53256,0,minibatch_k64,text_pca256_lexical_w005
53257,39,minibatch_k64,text_pca256_lexical_w005
53258,62,minibatch_k64,text_pca256_lexical_w005
53259,23,minibatch_k64,text_pca256_lexical_w005
53260,23,minibatch_k64,text_pca256_lexical_w005
53261,0,minibatch_k64,text_pca256_lexical_w005
53262,15,minibatch_k64,text_pca256_lexical_w005
53263,33,minibatch_k64,text_pca256_lexical_w005
53264,38,minibatch_k64,text_pca256_lexical_w005
53265,15,minibatch_k64,text_pca256_lexical_w005
53266,23,minibatch_k64,text_pca256_lexical_w005
53267,45,minibatch_k64,text_pca256_lexical_w005
53268,55,minibatch_k64,text_pca256_lexical_w005
53269,25,minibatch_k64,text_pca256_lexical_w005
53270,23,minibatch_k64,text_pca256_lexical_w005
53271,60,minibatch_k64,text_pca256_lexical_w005
53272,15,minibatch_k64,text_pca256_lexical_w005
53273,0,minibatch_k64,text_pca256_lexical_w005
53274,15,minibatch_k64,text_pca256_lexical_w005
53275,15,minibatch_k64,text_pca256_lexical_w005
53276,2,minibatch_k64,text_pca256_lexical_w005
53277,8,minibatch_k64,text_pca256_lexical_w005
53278,10,minibatch_k64,text_pca256_lexical_w005
53279,0,minibatch_k64,text_pca256_lexical_w005
53280,23,minibatch_k64,text_pca256_lexical_w005
53281,39,minibatch_k64,text_pca256_lexical_w005
53282,0,minibatch_k64,text_pca256_lexical_w005
53283,5,minibatch_k64,text_pca256_lexical_w005
53284,0,minibatch_k64,text_pca256_lexical_w005
53285,62,minibatch_k64,text_pca256_lexical_w005
53286,47,minibatch_k64,text_pca256_lexical_w005
53287,0,minibatch_k64,text_pca256_lexical_w005
53288,0,minibatch_k64,text_pca256_lexical_w005
53289,62,minibatch_k64,text_pca256_lexical_w005
53290,47,minibatch_k64,text_pca256_lexical_w005
53291,15,minibatch_k64,text_pca256_lexical_w005
53292,15,minibatch_k64,text_pca256_lexical_w005
53293,47,minibatch_k64,text_pca256_lexical_w005
53294,62,minibatch_k64,text_pca256_lexical_w005
53295,23,minibatch_k64,text_pca256_lexical_w005
53296,18,minibatch_k64,text_pca256_lexical_w005
53297,62,minibatch_k64,text_pca256_lexical_w005
53298,15,minibatch_k64,text_pca256_lexical_w005
53299,15,minibatch_k64,text_pca256_lexical_w005
53300,45,minibatch_k64,text_pca256_lexical_w005
53301,38,minibatch_k64,text_pca256_lexical_w005
53302,15,minibatch_k64,text_pca256_lexical_w005
53303,45,minibatch_k64,text_pca256_lexical_w005
53304,45,minibatch_k64,text_pca256_lexical_w005
53305,55,minibatch_k64,text_pca256_lexical_w005
53306,25,minibatch_k64,text_pca256_lexical_w005
53307,60,minibatch_k64,text_pca256_lexical_w005
53308,23,minibatch_k64,text_pca256_lexical_w005
53309,42,minibatch_k64,text_pca256_lexical_w005
53310,15,minibatch_k64,text_pca256_lexical_w005
53311,2,minibatch_k64,text_pca256_lexical_w005
53312,62,minibatch_k64,text_pca256_lexical_w005
53313,15,minibatch_k64,text_pca256_lexical_w005
53314,15,minibatch_k64,text_pca256_lexical_w005
53315,15,minibatch_k64,text_pca256_lexical_w005
53316,8,minibatch_k64,text_pca256_lexical_w005
53317,50,minibatch_k64,text_pca256_lexical_w005
53318,4,minibatch_k64,text_pca256_lexical_w005
53319,62,minibatch_k64,text_pca256_lexical_w005
53320,25,minibatch_k64,text_pca256_lexical_w005
53321,15,minibatch_k64,text_pca256_lexical_w005
53322,10,minibatch_k64,text_pca256_lexical_w005
53323,62,minibatch_k64,text_pca256_lexical_w005
53324,38,minibatch_k64,text_pca256_lexical_w005
53325,10,minibatch_k64,text_pca256_lexical_w005
53326,23,minibatch_k64,text_pca256_lexical_w005
53327,55,minibatch_k64,text_pca256_lexical_w005
53328,23,minibatch_k64,text_pca256_lexical_w005
53329,23,minibatch_k64,text_pca256_lexical_w005
53330,54,minibatch_k64,text_pca256_lexical_w005
53331,54,minibatch_k64,text_pca256_lexical_w005
53332,50,minibatch_k64,text_pca256_lexical_w005
53333,10,minibatch_k64,text_pca256_lexical_w005
53334,62,minibatch_k64,text_pca256_lexical_w005
53335,42,minibatch_k64,text_pca256_lexical_w005
53336,0,minibatch_k64,text_pca256_lexical_w005
53337,25,minibatch_k64,text_pca256_lexical_w005
53338,10,minibatch_k64,text_pca256_lexical_w005
53339,23,minibatch_k64,text_pca256_lexical_w005
53340,21,minibatch_k64,text_pca256_lexical_w005
53341,23,minibatch_k64,text_pca256_lexical_w005
53342,45,minibatch_k64,text_pca256_lexical_w005
53343,45,minibatch_k64,text_pca256_lexical_w005
53344,38,minibatch_k64,text_pca256_lexical_w005
53345,45,minibatch_k64,text_pca256_lexical_w005
53346,55,minibatch_k64,text_pca256_lexical_w005
53347,23,minibatch_k64,text_pca256_lexical_w005
53348,54,minibatch_k64,text_pca256_lexical_w005
53349,62,minibatch_k64,text_pca256_lexical_w005
53350,45,minibatch_k64,text_pca256_lexical_w005
53351,42,minibatch_k64,text_pca256_lexical_w005
53352,59,minibatch_k64,text_pca256_lexical_w005
53353,10,minibatch_k64,text_pca256_lexical_w005
53354,10,minibatch_k64,text_pca256_lexical_w005
53355,0,minibatch_k64,text_pca256_lexical_w005
53356,45,minibatch_k64,text_pca256_lexical_w005
53357,10,minibatch_k64,text_pca256_lexical_w005
53358,45,minibatch_k64,text_pca256_lexical_w005
53359,45,minibatch_k64,text_pca256_lexical_w005
53360,8,minibatch_k64,text_pca256_lexical_w005
53361,0,minibatch_k64,text_pca256_lexical_w005
53362,25,minibatch_k64,text_pca256_lexical_w005
53363,0,minibatch_k64,text_pca256_lexical_w005
53364,23,minibatch_k64,text_pca256_lexical_w005
53365,0,minibatch_k64,text_pca256_lexical_w005
53366,18,minibatch_k64,text_pca256_lexical_w005
53367,10,minibatch_k64,text_pca256_lexical_w005
53368,59,minibatch_k64,text_pca256_lexical_w005
53369,45,minibatch_k64,text_pca256_lexical_w005
53370,15,minibatch_k64,text_pca256_lexical_w005
53371,15,minibatch_k64,text_pca256_lexical_w005
53372,38,minibatch_k64,text_pca256_lexical_w005
53373,12,minibatch_k64,text_pca256_lexical_w005
53374,45,minibatch_k64,text_pca256_lexical_w005
53375,55,minibatch_k64,text_pca256_lexical_w005
53376,54,minibatch_k64,text_pca256_lexical_w005
53377,0,minibatch_k64,text_pca256_lexical_w005
53378,4,minibatch_k64,text_pca256_lexical_w005
53379,53,minibatch_k64,text_pca256_lexical_w005
53380,0,minibatch_k64,text_pca256_lexical_w005
53381,45,minibatch_k64,text_pca256_lexical_w005
53382,45,minibatch_k64,text_pca256_lexical_w005
53383,45,minibatch_k64,text_pca256_lexical_w005
53384,8,minibatch_k64,text_pca256_lexical_w005
53385,61,minibatch_k64,text_pca256_lexical_w005
53386,62,minibatch_k64,text_pca256_lexical_w005
53387,0,minibatch_k64,text_pca256_lexical_w005
53388,23,minibatch_k64,text_pca256_lexical_w005
53389,38,minibatch_k64,text_pca256_lexical_w005
53390,62,minibatch_k64,text_pca256_lexical_w005
53391,12,minibatch_k64,text_pca256_lexical_w005
53392,25,minibatch_k64,text_pca256_lexical_w005
53393,55,minibatch_k64,text_pca256_lexical_w005
53394,54,minibatch_k64,text_pca256_lexical_w005
53395,39,minibatch_k64,text_pca256_lexical_w005
53396,0,minibatch_k64,text_pca256_lexical_w005
53397,25,minibatch_k64,text_pca256_lexical_w005
53398,10,minibatch_k64,text_pca256_lexical_w005
53399,0,minibatch_k64,text_pca256_lexical_w005
53400,23,minibatch_k64,text_pca256_lexical_w005
53401,38,minibatch_k64,text_pca256_lexical_w005
53402,62,minibatch_k64,text_pca256_lexical_w005
53403,0,minibatch_k64,text_pca256_lexical_w005
53404,12,minibatch_k64,text_pca256_lexical_w005
53405,55,minibatch_k64,text_pca256_lexical_w005
53406,54,minibatch_k64,text_pca256_lexical_w005
53407,10,minibatch_k64,text_pca256_lexical_w005
53408,39,minibatch_k64,text_pca256_lexical_w005
53409,0,minibatch_k64,text_pca256_lexical_w005
53410,0,minibatch_k64,text_pca256_lexical_w005
53411,0,minibatch_k64,text_pca256_lexical_w005
53412,5,minibatch_k64,text_pca256_lexical_w005
53413,23,minibatch_k64,text_pca256_lexical_w005
53414,23,minibatch_k64,text_pca256_lexical_w005
53415,23,minibatch_k64,text_pca256_lexical_w005
53416,10,minibatch_k64,text_pca256_lexical_w005
53417,62,minibatch_k64,text_pca256_lexical_w005
53418,59,minibatch_k64,text_pca256_lexical_w005
53419,62,minibatch_k64,text_pca256_lexical_w005
53420,25,minibatch_k64,text_pca256_lexical_w005
53421,10,minibatch_k64,text_pca256_lexical_w005
53422,45,minibatch_k64,text_pca256_lexical_w005
53423,38,minibatch_k64,text_pca256_lexical_w005
53424,55,minibatch_k64,text_pca256_lexical_w005
53425,60,minibatch_k64,text_pca256_lexical_w005
53426,39,minibatch_k64,text_pca256_lexical_w005
53427,33,minibatch_k64,text_pca256_lexical_w005
53428,15,minibatch_k64,text_pca256_lexical_w005
53429,23,minibatch_k64,text_pca256_lexical_w005
53430,0,minibatch_k64,text_pca256_lexical_w005
53431,45,minibatch_k64,text_pca256_lexical_w005
53432,0,minibatch_k64,text_pca256_lexical_w005
53433,45,minibatch_k64,text_pca256_lexical_w005
53434,0,minibatch_k64,text_pca256_lexical_w005
53435,0,minibatch_k64,text_pca256_lexical_w005
53436,33,minibatch_k64,text_pca256_lexical_w005
53437,45,minibatch_k64,text_pca256_lexical_w005
53438,47,minibatch_k64,text_pca256_lexical_w005
53439,62,minibatch_k64,text_pca256_lexical_w005
53440,45,minibatch_k64,text_pca256_lexical_w005
53441,5,minibatch_k64,text_pca256_lexical_w005
53442,5,minibatch_k64,text_pca256_lexical_w005
53443,23,minibatch_k64,text_pca256_lexical_w005
53444,8,minibatch_k64,text_pca256_lexical_w005
53445,0,minibatch_k64,text_pca256_lexical_w005
53446,38,minibatch_k64,text_pca256_lexical_w005
53447,55,minibatch_k64,text_pca256_lexical_w005
53448,0,minibatch_k64,text_pca256_lexical_w005
53449,54,minibatch_k64,text_pca256_lexical_w005
53450,33,minibatch_k64,text_pca256_lexical_w005
53451,45,minibatch_k64,text_pca256_lexical_w005
53452,5,minibatch_k64,text_pca256_lexical_w005
53453,5,minibatch_k64,text_pca256_lexical_w005
53454,25,minibatch_k64,text_pca256_lexical_w005
53455,38,minibatch_k64,text_pca256_lexical_w005
53456,10,minibatch_k64,text_pca256_lexical_w005
53457,23,minibatch_k64,text_pca256_lexical_w005
53458,60,minibatch_k64,text_pca256_lexical_w005
53459,8,minibatch_k64,text_pca256_lexical_w005
53460,21,minibatch_k64,text_pca256_lexical_w005
53461,8,minibatch_k64,text_pca256_lexical_w005
53462,25,minibatch_k64,text_pca256_lexical_w005
53463,62,minibatch_k64,text_pca256_lexical_w005
53464,0,minibatch_k64,text_pca256_lexical_w005
53465,10,minibatch_k64,text_pca256_lexical_w005
53466,45,minibatch_k64,text_pca256_lexical_w005
53467,38,minibatch_k64,text_pca256_lexical_w005
53468,55,minibatch_k64,text_pca256_lexical_w005
53469,0,minibatch_k64,text_pca256_lexical_w005
53470,37,minibatch_k64,text_pca256_lexical_w005
53471,62,minibatch_k64,text_pca256_lexical_w005
53472,23,minibatch_k64,text_pca256_lexical_w005
53473,21,minibatch_k64,text_pca256_lexical_w005
53474,0,minibatch_k64,text_pca256_lexical_w005
53475,23,minibatch_k64,text_pca256_lexical_w005
53476,38,minibatch_k64,text_pca256_lexical_w005
53477,23,minibatch_k64,text_pca256_lexical_w005
53478,25,minibatch_k64,text_pca256_lexical_w005
53479,55,minibatch_k64,text_pca256_lexical_w005
53480,54,minibatch_k64,text_pca256_lexical_w005
53481,62,minibatch_k64,text_pca256_lexical_w005
53482,33,minibatch_k64,text_pca256_lexical_w005
53483,33,minibatch_k64,text_pca256_lexical_w005
53484,33,minibatch_k64,text_pca256_lexical_w005
53485,8,minibatch_k64,text_pca256_lexical_w005
53486,50,minibatch_k64,text_pca256_lexical_w005
53487,23,minibatch_k64,text_pca256_lexical_w005
53488,25,minibatch_k64,text_pca256_lexical_w005
53489,38,minibatch_k64,text_pca256_lexical_w005
53490,54,minibatch_k64,text_pca256_lexical_w005
53491,23,minibatch_k64,text_pca256_lexical_w005
53492,25,minibatch_k64,text_pca256_lexical_w005
53493,59,minibatch_k64,text_pca256_lexical_w005
53494,59,minibatch_k64,text_pca256_lexical_w005
53495,62,minibatch_k64,text_pca256_lexical_w005
53496,59,minibatch_k64,text_pca256_lexical_w005
53497,0,minibatch_k64,text_pca256_lexical_w005
53498,38,minibatch_k64,text_pca256_lexical_w005
53499,55,minibatch_k64,text_pca256_lexical_w005
53500,37,minibatch_k64,text_pca256_lexical_w005
53501,37,minibatch_k64,text_pca256_lexical_w005
53502,37,minibatch_k64,text_pca256_lexical_w005
53503,37,minibatch_k64,text_pca256_lexical_w005
53504,37,minibatch_k64,text_pca256_lexical_w005
53505,37,minibatch_k64,text_pca256_lexical_w005
53506,37,minibatch_k64,text_pca256_lexical_w005
53507,37,minibatch_k64,text_pca256_lexical_w005
53508,37,minibatch_k64,text_pca256_lexical_w005
53509,0,minibatch_k64,text_pca256_lexical_w005
53510,59,minibatch_k64,text_pca256_lexical_w005
53511,59,minibatch_k64,text_pca256_lexical_w005
53512,59,minibatch_k64,text_pca256_lexical_w005
53513,59,minibatch_k64,text_pca256_lexical_w005
53514,59,minibatch_k64,text_pca256_lexical_w005
53515,59,minibatch_k64,text_pca256_lexical_w005
53516,59,minibatch_k64,text_pca256_lexical_w005
53517,8,minibatch_k64,text_pca256_lexical_w005
53518,25,minibatch_k64,text_pca256_lexical_w005
53519,62,minibatch_k64,text_pca256_lexical_w005
53520,15,minibatch_k64,text_pca256_lexical_w005
53521,23,minibatch_k64,text_pca256_lexical_w005
53522,59,minibatch_k64,text_pca256_lexical_w005
53523,50,minibatch_k64,text_pca256_lexical_w005
53524,47,minibatch_k64,text_pca256_lexical_w005
53525,0,minibatch_k64,text_pca256_lexical_w005
53526,23,minibatch_k64,text_pca256_lexical_w005
53527,0,minibatch_k64,text_pca256_lexical_w005
53528,45,minibatch_k64,text_pca256_lexical_w005
53529,0,minibatch_k64,text_pca256_lexical_w005
53530,47,minibatch_k64,text_pca256_lexical_w005
53531,0,minibatch_k64,text_pca256_lexical_w005
53532,38,minibatch_k64,text_pca256_lexical_w005
53533,45,minibatch_k64,text_pca256_lexical_w005
53534,25,minibatch_k64,text_pca256_lexical_w005
53535,62,minibatch_k64,text_pca256_lexical_w005
53536,10,minibatch_k64,text_pca256_lexical_w005
53537,13,minibatch_k64,text_pca256_lexical_w005
53538,0,minibatch_k64,text_pca256_lexical_w005
53539,33,minibatch_k64,text_pca256_lexical_w005
53540,62,minibatch_k64,text_pca256_lexical_w005
53541,59,minibatch_k64,text_pca256_lexical_w005
53542,62,minibatch_k64,text_pca256_lexical_w005
53543,50,minibatch_k64,text_pca256_lexical_w005
53544,47,minibatch_k64,text_pca256_lexical_w005
53545,59,minibatch_k64,text_pca256_lexical_w005
53546,50,minibatch_k64,text_pca256_lexical_w005
53547,45,minibatch_k64,text_pca256_lexical_w005
53548,8,minibatch_k64,text_pca256_lexical_w005
53549,17,minibatch_k64,text_pca256_lexical_w005
53550,25,minibatch_k64,text_pca256_lexical_w005
53551,62,minibatch_k64,text_pca256_lexical_w005
53552,59,minibatch_k64,text_pca256_lexical_w005
53553,59,minibatch_k64,text_pca256_lexical_w005
53554,42,minibatch_k64,text_pca256_lexical_w005
53555,59,minibatch_k64,text_pca256_lexical_w005
53556,59,minibatch_k64,text_pca256_lexical_w005
53557,45,minibatch_k64,text_pca256_lexical_w005
53558,10,minibatch_k64,text_pca256_lexical_w005
53559,38,minibatch_k64,text_pca256_lexical_w005
53560,10,minibatch_k64,text_pca256_lexical_w005
53561,0,minibatch_k64,text_pca256_lexical_w005
53562,22,minibatch_k64,text_pca256_lexical_w005
53563,23,minibatch_k64,text_pca256_lexical_w005
53564,59,minibatch_k64,text_pca256_lexical_w005
53565,59,minibatch_k64,text_pca256_lexical_w005
53566,0,minibatch_k64,text_pca256_lexical_w005
53567,59,minibatch_k64,text_pca256_lexical_w005
53568,18,minibatch_k64,text_pca256_lexical_w005
53569,0,minibatch_k64,text_pca256_lexical_w005
53570,59,minibatch_k64,text_pca256_lexical_w005
53571,59,minibatch_k64,text_pca256_lexical_w005
53572,25,minibatch_k64,text_pca256_lexical_w005
53573,18,minibatch_k64,text_pca256_lexical_w005
53574,45,minibatch_k64,text_pca256_lexical_w005
53575,18,minibatch_k64,text_pca256_lexical_w005
53576,30,minibatch_k64,text_pca256_lexical_w005
53577,0,minibatch_k64,text_pca256_lexical_w005
53578,30,minibatch_k64,text_pca256_lexical_w005
53579,30,minibatch_k64,text_pca256_lexical_w005
53580,17,minibatch_k64,text_pca256_lexical_w005
53581,33,minibatch_k64,text_pca256_lexical_w005
53582,33,minibatch_k64,text_pca256_lexical_w005
53583,8,minibatch_k64,text_pca256_lexical_w005
53584,48,minibatch_k64,text_pca256_lexical_w005
53585,30,minibatch_k64,text_pca256_lexical_w005
53586,18,minibatch_k64,text_pca256_lexical_w005
53587,45,minibatch_k64,text_pca256_lexical_w005
53588,8,minibatch_k64,text_pca256_lexical_w005
53589,62,minibatch_k64,text_pca256_lexical_w005
53590,62,minibatch_k64,text_pca256_lexical_w005
53591,17,minibatch_k64,text_pca256_lexical_w005
53592,39,minibatch_k64,text_pca256_lexical_w005
53593,30,minibatch_k64,text_pca256_lexical_w005
53594,48,minibatch_k64,text_pca256_lexical_w005
53595,18,minibatch_k64,text_pca256_lexical_w005
53596,45,minibatch_k64,text_pca256_lexical_w005
53597,2,minibatch_k64,text_pca256_lexical_w005
53598,30,minibatch_k64,text_pca256_lexical_w005
53599,59,minibatch_k64,text_pca256_lexical_w005
53600,0,minibatch_k64,text_pca256_lexical_w005
53601,30,minibatch_k64,text_pca256_lexical_w005
53602,17,minibatch_k64,text_pca256_lexical_w005
53603,30,minibatch_k64,text_pca256_lexical_w005
53604,17,minibatch_k64,text_pca256_lexical_w005
53605,17,minibatch_k64,text_pca256_lexical_w005
53606,18,minibatch_k64,text_pca256_lexical_w005
53607,45,minibatch_k64,text_pca256_lexical_w005
53608,59,minibatch_k64,text_pca256_lexical_w005
53609,59,minibatch_k64,text_pca256_lexical_w005
53610,0,minibatch_k64,text_pca256_lexical_w005
53611,41,minibatch_k64,text_pca256_lexical_w005
53612,41,minibatch_k64,text_pca256_lexical_w005
53613,41,minibatch_k64,text_pca256_lexical_w005
53614,10,minibatch_k64,text_pca256_lexical_w005
53615,45,minibatch_k64,text_pca256_lexical_w005
53616,59,minibatch_k64,text_pca256_lexical_w005
53617,59,minibatch_k64,text_pca256_lexical_w005
53618,59,minibatch_k64,text_pca256_lexical_w005
53619,59,minibatch_k64,text_pca256_lexical_w005
53620,33,minibatch_k64,text_pca256_lexical_w005
53621,59,minibatch_k64,text_pca256_lexical_w005
53622,33,minibatch_k64,text_pca256_lexical_w005
53623,62,minibatch_k64,text_pca256_lexical_w005
53624,45,minibatch_k64,text_pca256_lexical_w005
53625,0,minibatch_k64,text_pca256_lexical_w005
53626,59,minibatch_k64,text_pca256_lexical_w005
53627,43,minibatch_k64,text_pca256_lexical_w005
53628,45,minibatch_k64,text_pca256_lexical_w005
53629,45,minibatch_k64,text_pca256_lexical_w005
53630,45,minibatch_k64,text_pca256_lexical_w005
53631,45,minibatch_k64,text_pca256_lexical_w005
53632,59,minibatch_k64,text_pca256_lexical_w005
53633,59,minibatch_k64,text_pca256_lexical_w005
53634,59,minibatch_k64,text_pca256_lexical_w005
53635,59,minibatch_k64,text_pca256_lexical_w005
53636,59,minibatch_k64,text_pca256_lexical_w005
53637,10,minibatch_k64,text_pca256_lexical_w005
53638,6,minibatch_k64,text_pca256_lexical_w005
53639,59,minibatch_k64,text_pca256_lexical_w005
53640,34,minibatch_k64,text_pca256_lexical_w005
53641,45,minibatch_k64,text_pca256_lexical_w005
53642,59,minibatch_k64,text_pca256_lexical_w005
53643,23,minibatch_k64,text_pca256_lexical_w005
53644,34,minibatch_k64,text_pca256_lexical_w005
53645,59,minibatch_k64,text_pca256_lexical_w005
53646,45,minibatch_k64,text_pca256_lexical_w005
53647,45,minibatch_k64,text_pca256_lexical_w005
53648,39,minibatch_k64,text_pca256_lexical_w005
53649,10,minibatch_k64,text_pca256_lexical_w005
53650,15,minibatch_k64,text_pca256_lexical_w005
53651,34,minibatch_k64,text_pca256_lexical_w005
53652,59,minibatch_k64,text_pca256_lexical_w005
53653,59,minibatch_k64,text_pca256_lexical_w005
53654,21,minibatch_k64,text_pca256_lexical_w005
53655,59,minibatch_k64,text_pca256_lexical_w005
53656,6,minibatch_k64,text_pca256_lexical_w005
53657,10,minibatch_k64,text_pca256_lexical_w005
53658,2,minibatch_k64,text_pca256_lexical_w005
53659,10,minibatch_k64,text_pca256_lexical_w005
53660,33,minibatch_k64,text_pca256_lexical_w005
53661,2,minibatch_k64,text_pca256_lexical_w005
53662,10,minibatch_k64,text_pca256_lexical_w005
53663,0,minibatch_k64,text_pca256_lexical_w005
53664,62,minibatch_k64,text_pca256_lexical_w005
53665,41,minibatch_k64,text_pca256_lexical_w005
53666,10,minibatch_k64,text_pca256_lexical_w005
53667,10,minibatch_k64,text_pca256_lexical_w005
53668,10,minibatch_k64,text_pca256_lexical_w005
53669,0,minibatch_k64,text_pca256_lexical_w005
53670,10,minibatch_k64,text_pca256_lexical_w005
53671,53,minibatch_k64,text_pca256_lexical_w005
53672,59,minibatch_k64,text_pca256_lexical_w005
53673,59,minibatch_k64,text_pca256_lexical_w005
53674,59,minibatch_k64,text_pca256_lexical_w005
53675,10,minibatch_k64,text_pca256_lexical_w005
53676,10,minibatch_k64,text_pca256_lexical_w005
53677,10,minibatch_k64,text_pca256_lexical_w005
53678,10,minibatch_k64,text_pca256_lexical_w005
53679,59,minibatch_k64,text_pca256_lexical_w005
53680,10,minibatch_k64,text_pca256_lexical_w005
53681,10,minibatch_k64,text_pca256_lexical_w005
53682,10,minibatch_k64,text_pca256_lexical_w005
53683,10,minibatch_k64,text_pca256_lexical_w005
53684,8,minibatch_k64,text_pca256_lexical_w005
53685,0,minibatch_k64,text_pca256_lexical_w005
53686,59,minibatch_k64,text_pca256_lexical_w005
53687,0,minibatch_k64,text_pca256_lexical_w005
53688,41,minibatch_k64,text_pca256_lexical_w005
53689,41,minibatch_k64,text_pca256_lexical_w005
53690,15,minibatch_k64,text_pca256_lexical_w005
53691,39,minibatch_k64,text_pca256_lexical_w005
53692,41,minibatch_k64,text_pca256_lexical_w005
53693,10,minibatch_k64,text_pca256_lexical_w005
53694,41,minibatch_k64,text_pca256_lexical_w005
53695,15,minibatch_k64,text_pca256_lexical_w005
53696,39,minibatch_k64,text_pca256_lexical_w005
53697,45,minibatch_k64,text_pca256_lexical_w005
53698,59,minibatch_k64,text_pca256_lexical_w005
53699,15,minibatch_k64,text_pca256_lexical_w005
53700,39,minibatch_k64,text_pca256_lexical_w005
53701,41,minibatch_k64,text_pca256_lexical_w005
53702,41,minibatch_k64,text_pca256_lexical_w005
53703,41,minibatch_k64,text_pca256_lexical_w005
53704,59,minibatch_k64,text_pca256_lexical_w005
53705,2,minibatch_k64,text_pca256_lexical_w005
53706,59,minibatch_k64,text_pca256_lexical_w005
53707,33,minibatch_k64,text_pca256_lexical_w005
53708,0,minibatch_k64,text_pca256_lexical_w005
53709,59,minibatch_k64,text_pca256_lexical_w005
53710,10,minibatch_k64,text_pca256_lexical_w005
53711,10,minibatch_k64,text_pca256_lexical_w005
53712,59,minibatch_k64,text_pca256_lexical_w005
53713,59,minibatch_k64,text_pca256_lexical_w005
53714,59,minibatch_k64,text_pca256_lexical_w005
53715,59,minibatch_k64,text_pca256_lexical_w005
53716,10,minibatch_k64,text_pca256_lexical_w005
53717,45,minibatch_k64,text_pca256_lexical_w005
53718,59,minibatch_k64,text_pca256_lexical_w005
53719,2,minibatch_k64,text_pca256_lexical_w005
53720,0,minibatch_k64,text_pca256_lexical_w005
53721,59,minibatch_k64,text_pca256_lexical_w005
53722,59,minibatch_k64,text_pca256_lexical_w005
53723,59,minibatch_k64,text_pca256_lexical_w005
53724,53,minibatch_k64,text_pca256_lexical_w005
53725,59,minibatch_k64,text_pca256_lexical_w005
53726,59,minibatch_k64,text_pca256_lexical_w005
53727,45,minibatch_k64,text_pca256_lexical_w005
53728,59,minibatch_k64,text_pca256_lexical_w005
53729,0,minibatch_k64,text_pca256_lexical_w005
53730,45,minibatch_k64,text_pca256_lexical_w005
53731,45,minibatch_k64,text_pca256_lexical_w005
53732,59,minibatch_k64,text_pca256_lexical_w005
53733,45,minibatch_k64,text_pca256_lexical_w005
53734,15,minibatch_k64,text_pca256_lexical_w005
53735,59,minibatch_k64,text_pca256_lexical_w005
53736,15,minibatch_k64,text_pca256_lexical_w005
53737,59,minibatch_k64,text_pca256_lexical_w005
53738,42,minibatch_k64,text_pca256_lexical_w005
53739,2,minibatch_k64,text_pca256_lexical_w005
53740,39,minibatch_k64,text_pca256_lexical_w005
53741,0,minibatch_k64,text_pca256_lexical_w005
53742,50,minibatch_k64,text_pca256_lexical_w005
53743,45,minibatch_k64,text_pca256_lexical_w005
53744,62,minibatch_k64,text_pca256_lexical_w005
53745,23,minibatch_k64,text_pca256_lexical_w005
53746,5,minibatch_k64,text_pca256_lexical_w005
53747,0,minibatch_k64,text_pca256_lexical_w005
53748,62,minibatch_k64,text_pca256_lexical_w005
53749,15,minibatch_k64,text_pca256_lexical_w005
53750,15,minibatch_k64,text_pca256_lexical_w005
53751,23,minibatch_k64,text_pca256_lexical_w005
53752,8,minibatch_k64,text_pca256_lexical_w005
53753,33,minibatch_k64,text_pca256_lexical_w005
53754,10,minibatch_k64,text_pca256_lexical_w005
53755,10,minibatch_k64,text_pca256_lexical_w005
53756,58,minibatch_k64,text_pca256_lexical_w005
53757,58,minibatch_k64,text_pca256_lexical_w005
53758,55,minibatch_k64,text_pca256_lexical_w005
53759,54,minibatch_k64,text_pca256_lexical_w005
53760,0,minibatch_k64,text_pca256_lexical_w005
53761,8,minibatch_k64,text_pca256_lexical_w005
53762,15,minibatch_k64,text_pca256_lexical_w005
53763,21,minibatch_k64,text_pca256_lexical_w005
53764,10,minibatch_k64,text_pca256_lexical_w005
53765,8,minibatch_k64,text_pca256_lexical_w005
53766,0,minibatch_k64,text_pca256_lexical_w005
53767,23,minibatch_k64,text_pca256_lexical_w005
53768,21,minibatch_k64,text_pca256_lexical_w005
53769,33,minibatch_k64,text_pca256_lexical_w005
53770,58,minibatch_k64,text_pca256_lexical_w005
53771,58,minibatch_k64,text_pca256_lexical_w005
53772,55,minibatch_k64,text_pca256_lexical_w005
53773,37,minibatch_k64,text_pca256_lexical_w005
53774,62,minibatch_k64,text_pca256_lexical_w005
53775,23,minibatch_k64,text_pca256_lexical_w005
53776,23,minibatch_k64,text_pca256_lexical_w005
53777,23,minibatch_k64,text_pca256_lexical_w005
53778,23,minibatch_k64,text_pca256_lexical_w005
53779,62,minibatch_k64,text_pca256_lexical_w005
53780,15,minibatch_k64,text_pca256_lexical_w005
53781,15,minibatch_k64,text_pca256_lexical_w005
53782,15,minibatch_k64,text_pca256_lexical_w005
53783,23,minibatch_k64,text_pca256_lexical_w005
53784,10,minibatch_k64,text_pca256_lexical_w005
53785,23,minibatch_k64,text_pca256_lexical_w005
53786,62,minibatch_k64,text_pca256_lexical_w005
53787,0,minibatch_k64,text_pca256_lexical_w005
53788,0,minibatch_k64,text_pca256_lexical_w005
53789,23,minibatch_k64,text_pca256_lexical_w005
53790,62,minibatch_k64,text_pca256_lexical_w005
53791,23,minibatch_k64,text_pca256_lexical_w005
53792,8,minibatch_k64,text_pca256_lexical_w005
53793,62,minibatch_k64,text_pca256_lexical_w005
53794,23,minibatch_k64,text_pca256_lexical_w005
53795,10,minibatch_k64,text_pca256_lexical_w005
53796,62,minibatch_k64,text_pca256_lexical_w005
53797,62,minibatch_k64,text_pca256_lexical_w005
53798,23,minibatch_k64,text_pca256_lexical_w005
53799,23,minibatch_k64,text_pca256_lexical_w005
53800,62,minibatch_k64,text_pca256_lexical_w005
53801,23,minibatch_k64,text_pca256_lexical_w005
53802,20,minibatch_k64,text_pca256_lexical_w005
53803,23,minibatch_k64,text_pca256_lexical_w005
53804,33,minibatch_k64,text_pca256_lexical_w005
53805,23,minibatch_k64,text_pca256_lexical_w005
53806,20,minibatch_k64,text_pca256_lexical_w005
53807,23,minibatch_k64,text_pca256_lexical_w005
53808,23,minibatch_k64,text_pca256_lexical_w005
53809,15,minibatch_k64,text_pca256_lexical_w005
53810,40,minibatch_k64,text_pca256_lexical_w005
53811,23,minibatch_k64,text_pca256_lexical_w005
53812,32,minibatch_k64,text_pca256_lexical_w005
53813,62,minibatch_k64,text_pca256_lexical_w005
53814,23,minibatch_k64,text_pca256_lexical_w005
53815,4,minibatch_k64,text_pca256_lexical_w005
53816,23,minibatch_k64,text_pca256_lexical_w005
53817,32,minibatch_k64,text_pca256_lexical_w005
53818,0,minibatch_k64,text_pca256_lexical_w005
53819,14,minibatch_k64,text_pca256_lexical_w005
53820,2,minibatch_k64,text_pca256_lexical_w005
53821,33,minibatch_k64,text_pca256_lexical_w005
53822,62,minibatch_k64,text_pca256_lexical_w005
53823,33,minibatch_k64,text_pca256_lexical_w005
53824,33,minibatch_k64,text_pca256_lexical_w005
53825,62,minibatch_k64,text_pca256_lexical_w005
53826,6,minibatch_k64,text_pca256_lexical_w005
53827,6,minibatch_k64,text_pca256_lexical_w005
53828,62,minibatch_k64,text_pca256_lexical_w005
53829,33,minibatch_k64,text_pca256_lexical_w005
53830,21,minibatch_k64,text_pca256_lexical_w005
53831,8,minibatch_k64,text_pca256_lexical_w005
53832,8,minibatch_k64,text_pca256_lexical_w005
53833,6,minibatch_k64,text_pca256_lexical_w005
53834,0,minibatch_k64,text_pca256_lexical_w005
53835,8,minibatch_k64,text_pca256_lexical_w005
53836,5,minibatch_k64,text_pca256_lexical_w005
53837,62,minibatch_k64,text_pca256_lexical_w005
53838,23,minibatch_k64,text_pca256_lexical_w005
53839,45,minibatch_k64,text_pca256_lexical_w005
53840,62,minibatch_k64,text_pca256_lexical_w005
53841,21,minibatch_k64,text_pca256_lexical_w005
53842,62,minibatch_k64,text_pca256_lexical_w005
53843,0,minibatch_k64,text_pca256_lexical_w005
53844,4,minibatch_k64,text_pca256_lexical_w005
53845,21,minibatch_k64,text_pca256_lexical_w005
53846,21,minibatch_k64,text_pca256_lexical_w005
53847,5,minibatch_k64,text_pca256_lexical_w005
53848,0,minibatch_k64,text_pca256_lexical_w005
53849,0,minibatch_k64,text_pca256_lexical_w005
53850,45,minibatch_k64,text_pca256_lexical_w005
53851,10,minibatch_k64,text_pca256_lexical_w005
53852,39,minibatch_k64,text_pca256_lexical_w005
53853,0,minibatch_k64,text_pca256_lexical_w005
53854,52,minibatch_k64,text_pca256_lexical_w005
53855,0,minibatch_k64,text_pca256_lexical_w005
53856,0,minibatch_k64,text_pca256_lexical_w005
53857,52,minibatch_k64,text_pca256_lexical_w005
53858,8,minibatch_k64,text_pca256_lexical_w005
53859,15,minibatch_k64,text_pca256_lexical_w005
53860,45,minibatch_k64,text_pca256_lexical_w005
53861,38,minibatch_k64,text_pca256_lexical_w005
53862,45,minibatch_k64,text_pca256_lexical_w005
53863,25,minibatch_k64,text_pca256_lexical_w005
53864,58,minibatch_k64,text_pca256_lexical_w005
53865,59,minibatch_k64,text_pca256_lexical_w005
53866,22,minibatch_k64,text_pca256_lexical_w005
53867,0,minibatch_k64,text_pca256_lexical_w005
53868,62,minibatch_k64,text_pca256_lexical_w005
53869,0,minibatch_k64,text_pca256_lexical_w005
53870,52,minibatch_k64,text_pca256_lexical_w005
53871,62,minibatch_k64,text_pca256_lexical_w005
53872,23,minibatch_k64,text_pca256_lexical_w005
53873,38,minibatch_k64,text_pca256_lexical_w005
53874,58,minibatch_k64,text_pca256_lexical_w005
53875,55,minibatch_k64,text_pca256_lexical_w005
53876,33,minibatch_k64,text_pca256_lexical_w005
53877,22,minibatch_k64,text_pca256_lexical_w005
53878,52,minibatch_k64,text_pca256_lexical_w005
53879,62,minibatch_k64,text_pca256_lexical_w005
53880,0,minibatch_k64,text_pca256_lexical_w005
53881,25,minibatch_k64,text_pca256_lexical_w005
53882,0,minibatch_k64,text_pca256_lexical_w005
53883,52,minibatch_k64,text_pca256_lexical_w005
53884,52,minibatch_k64,text_pca256_lexical_w005
53885,45,minibatch_k64,text_pca256_lexical_w005
53886,38,minibatch_k64,text_pca256_lexical_w005
53887,62,minibatch_k64,text_pca256_lexical_w005
53888,25,minibatch_k64,text_pca256_lexical_w005
53889,58,minibatch_k64,text_pca256_lexical_w005
53890,23,minibatch_k64,text_pca256_lexical_w005
53891,55,minibatch_k64,text_pca256_lexical_w005
53892,22,minibatch_k64,text_pca256_lexical_w005
53893,23,minibatch_k64,text_pca256_lexical_w005
53894,62,minibatch_k64,text_pca256_lexical_w005
53895,62,minibatch_k64,text_pca256_lexical_w005
53896,62,minibatch_k64,text_pca256_lexical_w005
53897,8,minibatch_k64,text_pca256_lexical_w005
53898,8,minibatch_k64,text_pca256_lexical_w005
53899,21,minibatch_k64,text_pca256_lexical_w005
53900,15,minibatch_k64,text_pca256_lexical_w005
53901,4,minibatch_k64,text_pca256_lexical_w005
53902,38,minibatch_k64,text_pca256_lexical_w005
53903,62,minibatch_k64,text_pca256_lexical_w005
53904,58,minibatch_k64,text_pca256_lexical_w005
53905,23,minibatch_k64,text_pca256_lexical_w005
53906,25,minibatch_k64,text_pca256_lexical_w005
53907,55,minibatch_k64,text_pca256_lexical_w005
53908,23,minibatch_k64,text_pca256_lexical_w005
53909,62,minibatch_k64,text_pca256_lexical_w005
53910,23,minibatch_k64,text_pca256_lexical_w005
53911,4,minibatch_k64,text_pca256_lexical_w005
53912,21,minibatch_k64,text_pca256_lexical_w005
53913,21,minibatch_k64,text_pca256_lexical_w005
53914,0,minibatch_k64,text_pca256_lexical_w005
53915,62,minibatch_k64,text_pca256_lexical_w005
53916,45,minibatch_k64,text_pca256_lexical_w005
53917,33,minibatch_k64,text_pca256_lexical_w005
53918,0,minibatch_k64,text_pca256_lexical_w005
53919,0,minibatch_k64,text_pca256_lexical_w005
53920,62,minibatch_k64,text_pca256_lexical_w005
53921,8,minibatch_k64,text_pca256_lexical_w005
53922,0,minibatch_k64,text_pca256_lexical_w005
53923,62,minibatch_k64,text_pca256_lexical_w005
53924,0,minibatch_k64,text_pca256_lexical_w005
53925,8,minibatch_k64,text_pca256_lexical_w005
53926,62,minibatch_k64,text_pca256_lexical_w005
53927,45,minibatch_k64,text_pca256_lexical_w005
53928,42,minibatch_k64,text_pca256_lexical_w005
53929,10,minibatch_k64,text_pca256_lexical_w005
53930,0,minibatch_k64,text_pca256_lexical_w005
53931,2,minibatch_k64,text_pca256_lexical_w005
53932,62,minibatch_k64,text_pca256_lexical_w005
53933,2,minibatch_k64,text_pca256_lexical_w005
53934,10,minibatch_k64,text_pca256_lexical_w005
53935,0,minibatch_k64,text_pca256_lexical_w005
53936,0,minibatch_k64,text_pca256_lexical_w005
53937,62,minibatch_k64,text_pca256_lexical_w005
53938,0,minibatch_k64,text_pca256_lexical_w005
53939,62,minibatch_k64,text_pca256_lexical_w005
53940,45,minibatch_k64,text_pca256_lexical_w005
53941,0,minibatch_k64,text_pca256_lexical_w005
53942,45,minibatch_k64,text_pca256_lexical_w005
53943,45,minibatch_k64,text_pca256_lexical_w005
53944,38,minibatch_k64,text_pca256_lexical_w005
53945,58,minibatch_k64,text_pca256_lexical_w005
53946,25,minibatch_k64,text_pca256_lexical_w005
53947,45,minibatch_k64,text_pca256_lexical_w005
53948,45,minibatch_k64,text_pca256_lexical_w005
53949,55,minibatch_k64,text_pca256_lexical_w005
53950,22,minibatch_k64,text_pca256_lexical_w005
53951,23,minibatch_k64,text_pca256_lexical_w005
53952,21,minibatch_k64,text_pca256_lexical_w005
53953,21,minibatch_k64,text_pca256_lexical_w005
53954,62,minibatch_k64,text_pca256_lexical_w005
53955,0,minibatch_k64,text_pca256_lexical_w005
53956,0,minibatch_k64,text_pca256_lexical_w005
53957,0,minibatch_k64,text_pca256_lexical_w005
53958,62,minibatch_k64,text_pca256_lexical_w005
53959,38,minibatch_k64,text_pca256_lexical_w005
53960,0,minibatch_k64,text_pca256_lexical_w005
53961,0,minibatch_k64,text_pca256_lexical_w005
53962,0,minibatch_k64,text_pca256_lexical_w005
53963,0,minibatch_k64,text_pca256_lexical_w005
53964,58,minibatch_k64,text_pca256_lexical_w005
53965,55,minibatch_k64,text_pca256_lexical_w005
53966,22,minibatch_k64,text_pca256_lexical_w005
53967,15,minibatch_k64,text_pca256_lexical_w005
53968,21,minibatch_k64,text_pca256_lexical_w005
53969,0,minibatch_k64,text_pca256_lexical_w005
53970,62,minibatch_k64,text_pca256_lexical_w005
53971,4,minibatch_k64,text_pca256_lexical_w005
53972,25,minibatch_k64,text_pca256_lexical_w005
53973,62,minibatch_k64,text_pca256_lexical_w005
53974,62,minibatch_k64,text_pca256_lexical_w005
53975,0,minibatch_k64,text_pca256_lexical_w005
53976,0,minibatch_k64,text_pca256_lexical_w005
53977,2,minibatch_k64,text_pca256_lexical_w005
53978,0,minibatch_k64,text_pca256_lexical_w005
53979,0,minibatch_k64,text_pca256_lexical_w005
53980,10,minibatch_k64,text_pca256_lexical_w005
53981,10,minibatch_k64,text_pca256_lexical_w005
53982,45,minibatch_k64,text_pca256_lexical_w005
53983,62,minibatch_k64,text_pca256_lexical_w005
53984,8,minibatch_k64,text_pca256_lexical_w005
53985,0,minibatch_k64,text_pca256_lexical_w005
53986,5,minibatch_k64,text_pca256_lexical_w005
53987,0,minibatch_k64,text_pca256_lexical_w005
53988,8,minibatch_k64,text_pca256_lexical_w005
53989,45,minibatch_k64,text_pca256_lexical_w005
53990,45,minibatch_k64,text_pca256_lexical_w005
53991,2,minibatch_k64,text_pca256_lexical_w005
53992,8,minibatch_k64,text_pca256_lexical_w005
53993,45,minibatch_k64,text_pca256_lexical_w005
53994,0,minibatch_k64,text_pca256_lexical_w005
53995,45,minibatch_k64,text_pca256_lexical_w005
53996,45,minibatch_k64,text_pca256_lexical_w005
53997,45,minibatch_k64,text_pca256_lexical_w005
53998,45,minibatch_k64,text_pca256_lexical_w005
53999,58,minibatch_k64,text_pca256_lexical_w005
54000,58,minibatch_k64,text_pca256_lexical_w005
54001,55,minibatch_k64,text_pca256_lexical_w005
54002,63,minibatch_k64,text_pca256_lexical_w005
54003,10,minibatch_k64,text_pca256_lexical_w005
54004,50,minibatch_k64,text_pca256_lexical_w005
54005,0,minibatch_k64,text_pca256_lexical_w005
54006,0,minibatch_k64,text_pca256_lexical_w005
54007,8,minibatch_k64,text_pca256_lexical_w005
54008,0,minibatch_k64,text_pca256_lexical_w005
54009,23,minibatch_k64,text_pca256_lexical_w005
54010,8,minibatch_k64,text_pca256_lexical_w005
54011,45,minibatch_k64,text_pca256_lexical_w005
54012,62,minibatch_k64,text_pca256_lexical_w005
54013,45,minibatch_k64,text_pca256_lexical_w005
54014,59,minibatch_k64,text_pca256_lexical_w005
54015,56,minibatch_k64,text_pca256_lexical_w005
54016,62,minibatch_k64,text_pca256_lexical_w005
54017,0,minibatch_k64,text_pca256_lexical_w005
54018,50,minibatch_k64,text_pca256_lexical_w005
54019,0,minibatch_k64,text_pca256_lexical_w005
54020,62,minibatch_k64,text_pca256_lexical_w005
54021,62,minibatch_k64,text_pca256_lexical_w005
54022,8,minibatch_k64,text_pca256_lexical_w005
54023,45,minibatch_k64,text_pca256_lexical_w005
54024,62,minibatch_k64,text_pca256_lexical_w005
54025,0,minibatch_k64,text_pca256_lexical_w005
54026,45,minibatch_k64,text_pca256_lexical_w005
54027,2,minibatch_k64,text_pca256_lexical_w005
54028,0,minibatch_k64,text_pca256_lexical_w005
54029,23,minibatch_k64,text_pca256_lexical_w005
54030,45,minibatch_k64,text_pca256_lexical_w005
54031,62,minibatch_k64,text_pca256_lexical_w005
54032,45,minibatch_k64,text_pca256_lexical_w005
54033,45,minibatch_k64,text_pca256_lexical_w005
54034,62,minibatch_k64,text_pca256_lexical_w005
54035,33,minibatch_k64,text_pca256_lexical_w005
54036,45,minibatch_k64,text_pca256_lexical_w005
54037,45,minibatch_k64,text_pca256_lexical_w005
54038,42,minibatch_k64,text_pca256_lexical_w005
54039,45,minibatch_k64,text_pca256_lexical_w005
54040,42,minibatch_k64,text_pca256_lexical_w005
54041,23,minibatch_k64,text_pca256_lexical_w005
54042,3,minibatch_k64,text_pca256_lexical_w005
54043,0,minibatch_k64,text_pca256_lexical_w005
54044,62,minibatch_k64,text_pca256_lexical_w005
54045,0,minibatch_k64,text_pca256_lexical_w005
54046,45,minibatch_k64,text_pca256_lexical_w005
54047,8,minibatch_k64,text_pca256_lexical_w005
54048,45,minibatch_k64,text_pca256_lexical_w005
54049,0,minibatch_k64,text_pca256_lexical_w005
54050,5,minibatch_k64,text_pca256_lexical_w005
54051,10,minibatch_k64,text_pca256_lexical_w005
54052,45,minibatch_k64,text_pca256_lexical_w005
54053,62,minibatch_k64,text_pca256_lexical_w005
54054,45,minibatch_k64,text_pca256_lexical_w005
54055,15,minibatch_k64,text_pca256_lexical_w005
54056,10,minibatch_k64,text_pca256_lexical_w005
54057,21,minibatch_k64,text_pca256_lexical_w005
54058,8,minibatch_k64,text_pca256_lexical_w005
54059,45,minibatch_k64,text_pca256_lexical_w005
54060,45,minibatch_k64,text_pca256_lexical_w005
54061,45,minibatch_k64,text_pca256_lexical_w005
54062,45,minibatch_k64,text_pca256_lexical_w005
54063,45,minibatch_k64,text_pca256_lexical_w005
54064,0,minibatch_k64,text_pca256_lexical_w005
54065,0,minibatch_k64,text_pca256_lexical_w005
54066,38,minibatch_k64,text_pca256_lexical_w005
54067,55,minibatch_k64,text_pca256_lexical_w005
54068,47,minibatch_k64,text_pca256_lexical_w005
54069,63,minibatch_k64,text_pca256_lexical_w005
54070,10,minibatch_k64,text_pca256_lexical_w005
54071,2,minibatch_k64,text_pca256_lexical_w005
54072,8,minibatch_k64,text_pca256_lexical_w005
54073,0,minibatch_k64,text_pca256_lexical_w005
54074,29,minibatch_k64,text_pca256_lexical_w005
54075,29,minibatch_k64,text_pca256_lexical_w005
54076,21,minibatch_k64,text_pca256_lexical_w005
54077,0,minibatch_k64,text_pca256_lexical_w005
54078,0,minibatch_k64,text_pca256_lexical_w005
54079,0,minibatch_k64,text_pca256_lexical_w005
54080,0,minibatch_k64,text_pca256_lexical_w005
54081,62,minibatch_k64,text_pca256_lexical_w005
54082,23,minibatch_k64,text_pca256_lexical_w005
54083,0,minibatch_k64,text_pca256_lexical_w005
54084,8,minibatch_k64,text_pca256_lexical_w005
54085,45,minibatch_k64,text_pca256_lexical_w005
54086,56,minibatch_k64,text_pca256_lexical_w005
54087,62,minibatch_k64,text_pca256_lexical_w005
54088,45,minibatch_k64,text_pca256_lexical_w005
54089,2,minibatch_k64,text_pca256_lexical_w005
54090,21,minibatch_k64,text_pca256_lexical_w005
54091,0,minibatch_k64,text_pca256_lexical_w005
54092,21,minibatch_k64,text_pca256_lexical_w005
54093,0,minibatch_k64,text_pca256_lexical_w005
54094,62,minibatch_k64,text_pca256_lexical_w005
54095,8,minibatch_k64,text_pca256_lexical_w005
54096,62,minibatch_k64,text_pca256_lexical_w005
54097,23,minibatch_k64,text_pca256_lexical_w005
54098,0,minibatch_k64,text_pca256_lexical_w005
54099,45,minibatch_k64,text_pca256_lexical_w005
54100,62,minibatch_k64,text_pca256_lexical_w005
54101,62,minibatch_k64,text_pca256_lexical_w005
54102,45,minibatch_k64,text_pca256_lexical_w005
54103,45,minibatch_k64,text_pca256_lexical_w005
54104,0,minibatch_k64,text_pca256_lexical_w005
54105,45,minibatch_k64,text_pca256_lexical_w005
54106,62,minibatch_k64,text_pca256_lexical_w005
54107,15,minibatch_k64,text_pca256_lexical_w005
54108,62,minibatch_k64,text_pca256_lexical_w005
54109,45,minibatch_k64,text_pca256_lexical_w005
54110,0,minibatch_k64,text_pca256_lexical_w005
54111,0,minibatch_k64,text_pca256_lexical_w005
54112,4,minibatch_k64,text_pca256_lexical_w005
54113,45,minibatch_k64,text_pca256_lexical_w005
54114,0,minibatch_k64,text_pca256_lexical_w005
54115,50,minibatch_k64,text_pca256_lexical_w005
54116,45,minibatch_k64,text_pca256_lexical_w005
54117,0,minibatch_k64,text_pca256_lexical_w005
54118,45,minibatch_k64,text_pca256_lexical_w005
54119,45,minibatch_k64,text_pca256_lexical_w005
54120,2,minibatch_k64,text_pca256_lexical_w005
54121,8,minibatch_k64,text_pca256_lexical_w005
54122,45,minibatch_k64,text_pca256_lexical_w005
54123,45,minibatch_k64,text_pca256_lexical_w005
54124,8,minibatch_k64,text_pca256_lexical_w005
54125,38,minibatch_k64,text_pca256_lexical_w005
54126,25,minibatch_k64,text_pca256_lexical_w005
54127,55,minibatch_k64,text_pca256_lexical_w005
54128,63,minibatch_k64,text_pca256_lexical_w005
54129,8,minibatch_k64,text_pca256_lexical_w005
54130,8,minibatch_k64,text_pca256_lexical_w005
54131,15,minibatch_k64,text_pca256_lexical_w005
54132,45,minibatch_k64,text_pca256_lexical_w005
54133,8,minibatch_k64,text_pca256_lexical_w005
54134,45,minibatch_k64,text_pca256_lexical_w005
54135,10,minibatch_k64,text_pca256_lexical_w005
54136,10,minibatch_k64,text_pca256_lexical_w005
54137,0,minibatch_k64,text_pca256_lexical_w005
54138,58,minibatch_k64,text_pca256_lexical_w005
54139,58,minibatch_k64,text_pca256_lexical_w005
54140,25,minibatch_k64,text_pca256_lexical_w005
54141,55,minibatch_k64,text_pca256_lexical_w005
54142,22,minibatch_k64,text_pca256_lexical_w005
54143,0,minibatch_k64,text_pca256_lexical_w005
54144,59,minibatch_k64,text_pca256_lexical_w005
54145,22,minibatch_k64,text_pca256_lexical_w005
54146,25,minibatch_k64,text_pca256_lexical_w005
54147,0,minibatch_k64,text_pca256_lexical_w005
54148,36,minibatch_k64,text_pca256_lexical_w005
54149,59,minibatch_k64,text_pca256_lexical_w005
54150,45,minibatch_k64,text_pca256_lexical_w005
54151,8,minibatch_k64,text_pca256_lexical_w005
54152,0,minibatch_k64,text_pca256_lexical_w005
54153,36,minibatch_k64,text_pca256_lexical_w005
54154,59,minibatch_k64,text_pca256_lexical_w005
54155,63,minibatch_k64,text_pca256_lexical_w005
54156,62,minibatch_k64,text_pca256_lexical_w005
54157,8,minibatch_k64,text_pca256_lexical_w005
54158,8,minibatch_k64,text_pca256_lexical_w005
54159,62,minibatch_k64,text_pca256_lexical_w005
54160,0,minibatch_k64,text_pca256_lexical_w005
54161,47,minibatch_k64,text_pca256_lexical_w005
54162,4,minibatch_k64,text_pca256_lexical_w005
54163,15,minibatch_k64,text_pca256_lexical_w005
54164,0,minibatch_k64,text_pca256_lexical_w005
54165,0,minibatch_k64,text_pca256_lexical_w005
54166,55,minibatch_k64,text_pca256_lexical_w005
54167,22,minibatch_k64,text_pca256_lexical_w005
54168,8,minibatch_k64,text_pca256_lexical_w005
54169,0,minibatch_k64,text_pca256_lexical_w005
54170,23,minibatch_k64,text_pca256_lexical_w005
54171,21,minibatch_k64,text_pca256_lexical_w005
54172,25,minibatch_k64,text_pca256_lexical_w005
54173,0,minibatch_k64,text_pca256_lexical_w005
54174,36,minibatch_k64,text_pca256_lexical_w005
54175,25,minibatch_k64,text_pca256_lexical_w005
54176,55,minibatch_k64,text_pca256_lexical_w005
54177,63,minibatch_k64,text_pca256_lexical_w005
54178,42,minibatch_k64,text_pca256_lexical_w005
54179,62,minibatch_k64,text_pca256_lexical_w005
54180,59,minibatch_k64,text_pca256_lexical_w005
54181,20,minibatch_k64,text_pca256_lexical_w005
54182,62,minibatch_k64,text_pca256_lexical_w005
54183,8,minibatch_k64,text_pca256_lexical_w005
54184,18,minibatch_k64,text_pca256_lexical_w005
54185,58,minibatch_k64,text_pca256_lexical_w005
54186,36,minibatch_k64,text_pca256_lexical_w005
54187,55,minibatch_k64,text_pca256_lexical_w005
54188,63,minibatch_k64,text_pca256_lexical_w005
54189,8,minibatch_k64,text_pca256_lexical_w005
54190,23,minibatch_k64,text_pca256_lexical_w005
54191,59,minibatch_k64,text_pca256_lexical_w005
54192,45,minibatch_k64,text_pca256_lexical_w005
54193,17,minibatch_k64,text_pca256_lexical_w005
54194,45,minibatch_k64,text_pca256_lexical_w005
54195,0,minibatch_k64,text_pca256_lexical_w005
54196,8,minibatch_k64,text_pca256_lexical_w005
54197,45,minibatch_k64,text_pca256_lexical_w005
54198,23,minibatch_k64,text_pca256_lexical_w005
54199,0,minibatch_k64,text_pca256_lexical_w005
54200,41,minibatch_k64,text_pca256_lexical_w005
54201,41,minibatch_k64,text_pca256_lexical_w005
54202,41,minibatch_k64,text_pca256_lexical_w005
54203,41,minibatch_k64,text_pca256_lexical_w005
54204,41,minibatch_k64,text_pca256_lexical_w005
54205,41,minibatch_k64,text_pca256_lexical_w005
54206,0,minibatch_k64,text_pca256_lexical_w005
54207,41,minibatch_k64,text_pca256_lexical_w005
54208,41,minibatch_k64,text_pca256_lexical_w005
54209,41,minibatch_k64,text_pca256_lexical_w005
54210,23,minibatch_k64,text_pca256_lexical_w005
54211,59,minibatch_k64,text_pca256_lexical_w005
54212,53,minibatch_k64,text_pca256_lexical_w005
54213,45,minibatch_k64,text_pca256_lexical_w005
54214,8,minibatch_k64,text_pca256_lexical_w005
54215,8,minibatch_k64,text_pca256_lexical_w005
54216,33,minibatch_k64,text_pca256_lexical_w005
54217,21,minibatch_k64,text_pca256_lexical_w005
54218,0,minibatch_k64,text_pca256_lexical_w005
54219,21,minibatch_k64,text_pca256_lexical_w005
54220,21,minibatch_k64,text_pca256_lexical_w005
54221,59,minibatch_k64,text_pca256_lexical_w005
54222,59,minibatch_k64,text_pca256_lexical_w005
54223,62,minibatch_k64,text_pca256_lexical_w005
54224,33,minibatch_k64,text_pca256_lexical_w005
54225,33,minibatch_k64,text_pca256_lexical_w005
54226,8,minibatch_k64,text_pca256_lexical_w005
54227,8,minibatch_k64,text_pca256_lexical_w005
54228,59,minibatch_k64,text_pca256_lexical_w005
54229,21,minibatch_k64,text_pca256_lexical_w005
54230,59,minibatch_k64,text_pca256_lexical_w005
54231,21,minibatch_k64,text_pca256_lexical_w005
54232,62,minibatch_k64,text_pca256_lexical_w005
54233,33,minibatch_k64,text_pca256_lexical_w005
54234,21,minibatch_k64,text_pca256_lexical_w005
54235,34,minibatch_k64,text_pca256_lexical_w005
54236,45,minibatch_k64,text_pca256_lexical_w005
54237,2,minibatch_k64,text_pca256_lexical_w005
54238,45,minibatch_k64,text_pca256_lexical_w005
54239,21,minibatch_k64,text_pca256_lexical_w005
54240,59,minibatch_k64,text_pca256_lexical_w005
54241,45,minibatch_k64,text_pca256_lexical_w005
54242,62,minibatch_k64,text_pca256_lexical_w005
54243,53,minibatch_k64,text_pca256_lexical_w005
54244,45,minibatch_k64,text_pca256_lexical_w005
54245,10,minibatch_k64,text_pca256_lexical_w005
54246,59,minibatch_k64,text_pca256_lexical_w005
54247,2,minibatch_k64,text_pca256_lexical_w005
54248,59,minibatch_k64,text_pca256_lexical_w005
54249,59,minibatch_k64,text_pca256_lexical_w005
54250,33,minibatch_k64,text_pca256_lexical_w005
54251,59,minibatch_k64,text_pca256_lexical_w005
54252,0,minibatch_k64,text_pca256_lexical_w005
54253,8,minibatch_k64,text_pca256_lexical_w005
54254,8,minibatch_k64,text_pca256_lexical_w005
54255,0,minibatch_k64,text_pca256_lexical_w005
54256,59,minibatch_k64,text_pca256_lexical_w005
54257,34,minibatch_k64,text_pca256_lexical_w005
54258,21,minibatch_k64,text_pca256_lexical_w005
54259,8,minibatch_k64,text_pca256_lexical_w005
54260,8,minibatch_k64,text_pca256_lexical_w005
54261,21,minibatch_k64,text_pca256_lexical_w005
54262,59,minibatch_k64,text_pca256_lexical_w005
54263,45,minibatch_k64,text_pca256_lexical_w005
54264,23,minibatch_k64,text_pca256_lexical_w005
54265,59,minibatch_k64,text_pca256_lexical_w005
54266,6,minibatch_k64,text_pca256_lexical_w005
54267,45,minibatch_k64,text_pca256_lexical_w005
54268,45,minibatch_k64,text_pca256_lexical_w005
54269,45,minibatch_k64,text_pca256_lexical_w005
54270,42,minibatch_k64,text_pca256_lexical_w005
54271,45,minibatch_k64,text_pca256_lexical_w005
54272,62,minibatch_k64,text_pca256_lexical_w005
54273,0,minibatch_k64,text_pca256_lexical_w005
54274,59,minibatch_k64,text_pca256_lexical_w005
54275,59,minibatch_k64,text_pca256_lexical_w005
54276,59,minibatch_k64,text_pca256_lexical_w005
54277,34,minibatch_k64,text_pca256_lexical_w005
54278,59,minibatch_k64,text_pca256_lexical_w005
54279,34,minibatch_k64,text_pca256_lexical_w005
54280,34,minibatch_k64,text_pca256_lexical_w005
54281,7,minibatch_k64,text_pca256_lexical_w005
54282,34,minibatch_k64,text_pca256_lexical_w005
54283,34,minibatch_k64,text_pca256_lexical_w005
54284,34,minibatch_k64,text_pca256_lexical_w005
54285,34,minibatch_k64,text_pca256_lexical_w005
54286,59,minibatch_k64,text_pca256_lexical_w005
54287,7,minibatch_k64,text_pca256_lexical_w005
54288,10,minibatch_k64,text_pca256_lexical_w005
54289,34,minibatch_k64,text_pca256_lexical_w005
54290,45,minibatch_k64,text_pca256_lexical_w005
54291,59,minibatch_k64,text_pca256_lexical_w005
54292,45,minibatch_k64,text_pca256_lexical_w005
54293,56,minibatch_k64,text_pca256_lexical_w005
54294,45,minibatch_k64,text_pca256_lexical_w005
54295,56,minibatch_k64,text_pca256_lexical_w005
54296,5,minibatch_k64,text_pca256_lexical_w005
54297,8,minibatch_k64,text_pca256_lexical_w005
54298,33,minibatch_k64,text_pca256_lexical_w005
54299,56,minibatch_k64,text_pca256_lexical_w005
54300,62,minibatch_k64,text_pca256_lexical_w005
54301,8,minibatch_k64,text_pca256_lexical_w005
54302,45,minibatch_k64,text_pca256_lexical_w005
54303,23,minibatch_k64,text_pca256_lexical_w005
54304,56,minibatch_k64,text_pca256_lexical_w005
54305,0,minibatch_k64,text_pca256_lexical_w005
54306,42,minibatch_k64,text_pca256_lexical_w005
54307,42,minibatch_k64,text_pca256_lexical_w005
54308,56,minibatch_k64,text_pca256_lexical_w005
54309,0,minibatch_k64,text_pca256_lexical_w005
54310,56,minibatch_k64,text_pca256_lexical_w005
54311,62,minibatch_k64,text_pca256_lexical_w005
54312,5,minibatch_k64,text_pca256_lexical_w005
54313,45,minibatch_k64,text_pca256_lexical_w005
54314,59,minibatch_k64,text_pca256_lexical_w005
54315,39,minibatch_k64,text_pca256_lexical_w005
54316,8,minibatch_k64,text_pca256_lexical_w005
54317,4,minibatch_k64,text_pca256_lexical_w005
54318,5,minibatch_k64,text_pca256_lexical_w005
54319,56,minibatch_k64,text_pca256_lexical_w005
54320,56,minibatch_k64,text_pca256_lexical_w005
54321,56,minibatch_k64,text_pca256_lexical_w005
54322,62,minibatch_k64,text_pca256_lexical_w005
54323,56,minibatch_k64,text_pca256_lexical_w005
54324,50,minibatch_k64,text_pca256_lexical_w005
54325,0,minibatch_k64,text_pca256_lexical_w005
54326,52,minibatch_k64,text_pca256_lexical_w005
54327,62,minibatch_k64,text_pca256_lexical_w005
54328,39,minibatch_k64,text_pca256_lexical_w005
54329,5,minibatch_k64,text_pca256_lexical_w005
54330,5,minibatch_k64,text_pca256_lexical_w005
54331,52,minibatch_k64,text_pca256_lexical_w005
54332,5,minibatch_k64,text_pca256_lexical_w005
54333,5,minibatch_k64,text_pca256_lexical_w005
54334,5,minibatch_k64,text_pca256_lexical_w005
54335,56,minibatch_k64,text_pca256_lexical_w005
54336,58,minibatch_k64,text_pca256_lexical_w005
54337,38,minibatch_k64,text_pca256_lexical_w005
54338,45,minibatch_k64,text_pca256_lexical_w005
54339,45,minibatch_k64,text_pca256_lexical_w005
54340,56,minibatch_k64,text_pca256_lexical_w005
54341,56,minibatch_k64,text_pca256_lexical_w005
54342,25,minibatch_k64,text_pca256_lexical_w005
54343,37,minibatch_k64,text_pca256_lexical_w005
54344,4,minibatch_k64,text_pca256_lexical_w005
54345,4,minibatch_k64,text_pca256_lexical_w005
54346,56,minibatch_k64,text_pca256_lexical_w005
54347,45,minibatch_k64,text_pca256_lexical_w005
54348,4,minibatch_k64,text_pca256_lexical_w005
54349,4,minibatch_k64,text_pca256_lexical_w005
54350,4,minibatch_k64,text_pca256_lexical_w005
54351,56,minibatch_k64,text_pca256_lexical_w005
54352,8,minibatch_k64,text_pca256_lexical_w005
54353,56,minibatch_k64,text_pca256_lexical_w005
54354,4,minibatch_k64,text_pca256_lexical_w005
54355,45,minibatch_k64,text_pca256_lexical_w005
54356,8,minibatch_k64,text_pca256_lexical_w005
54357,4,minibatch_k64,text_pca256_lexical_w005
54358,4,minibatch_k64,text_pca256_lexical_w005
54359,56,minibatch_k64,text_pca256_lexical_w005
54360,62,minibatch_k64,text_pca256_lexical_w005
54361,8,minibatch_k64,text_pca256_lexical_w005
54362,8,minibatch_k64,text_pca256_lexical_w005
54363,0,minibatch_k64,text_pca256_lexical_w005
54364,0,minibatch_k64,text_pca256_lexical_w005
54365,56,minibatch_k64,text_pca256_lexical_w005
54366,56,minibatch_k64,text_pca256_lexical_w005
54367,0,minibatch_k64,text_pca256_lexical_w005
54368,56,minibatch_k64,text_pca256_lexical_w005
54369,52,minibatch_k64,text_pca256_lexical_w005
54370,8,minibatch_k64,text_pca256_lexical_w005
54371,56,minibatch_k64,text_pca256_lexical_w005
54372,46,minibatch_k64,text_pca256_lexical_w005
54373,56,minibatch_k64,text_pca256_lexical_w005
54374,52,minibatch_k64,text_pca256_lexical_w005
54375,2,minibatch_k64,text_pca256_lexical_w005
54376,15,minibatch_k64,text_pca256_lexical_w005
54377,38,minibatch_k64,text_pca256_lexical_w005
54378,0,minibatch_k64,text_pca256_lexical_w005
54379,23,minibatch_k64,text_pca256_lexical_w005
54380,45,minibatch_k64,text_pca256_lexical_w005
54381,55,minibatch_k64,text_pca256_lexical_w005
54382,56,minibatch_k64,text_pca256_lexical_w005
54383,45,minibatch_k64,text_pca256_lexical_w005
54384,45,minibatch_k64,text_pca256_lexical_w005
54385,45,minibatch_k64,text_pca256_lexical_w005
54386,56,minibatch_k64,text_pca256_lexical_w005
54387,4,minibatch_k64,text_pca256_lexical_w005
54388,62,minibatch_k64,text_pca256_lexical_w005
54389,2,minibatch_k64,text_pca256_lexical_w005
54390,5,minibatch_k64,text_pca256_lexical_w005
54391,5,minibatch_k64,text_pca256_lexical_w005
54392,56,minibatch_k64,text_pca256_lexical_w005
54393,42,minibatch_k64,text_pca256_lexical_w005
54394,33,minibatch_k64,text_pca256_lexical_w005
54395,56,minibatch_k64,text_pca256_lexical_w005
54396,0,minibatch_k64,text_pca256_lexical_w005
54397,52,minibatch_k64,text_pca256_lexical_w005
54398,56,minibatch_k64,text_pca256_lexical_w005
54399,3,minibatch_k64,text_pca256_lexical_w005
54400,38,minibatch_k64,text_pca256_lexical_w005
54401,23,minibatch_k64,text_pca256_lexical_w005
54402,55,minibatch_k64,text_pca256_lexical_w005
54403,0,minibatch_k64,text_pca256_lexical_w005
54404,45,minibatch_k64,text_pca256_lexical_w005
54405,45,minibatch_k64,text_pca256_lexical_w005
54406,45,minibatch_k64,text_pca256_lexical_w005
54407,45,minibatch_k64,text_pca256_lexical_w005
54408,56,minibatch_k64,text_pca256_lexical_w005
54409,25,minibatch_k64,text_pca256_lexical_w005
54410,42,minibatch_k64,text_pca256_lexical_w005
54411,8,minibatch_k64,text_pca256_lexical_w005
54412,8,minibatch_k64,text_pca256_lexical_w005
54413,0,minibatch_k64,text_pca256_lexical_w005
54414,33,minibatch_k64,text_pca256_lexical_w005
54415,56,minibatch_k64,text_pca256_lexical_w005
54416,56,minibatch_k64,text_pca256_lexical_w005
54417,29,minibatch_k64,text_pca256_lexical_w005
54418,38,minibatch_k64,text_pca256_lexical_w005
54419,8,minibatch_k64,text_pca256_lexical_w005
54420,45,minibatch_k64,text_pca256_lexical_w005
54421,56,minibatch_k64,text_pca256_lexical_w005
54422,56,minibatch_k64,text_pca256_lexical_w005
54423,35,minibatch_k64,text_pca256_lexical_w005
54424,15,minibatch_k64,text_pca256_lexical_w005
54425,15,minibatch_k64,text_pca256_lexical_w005
54426,56,minibatch_k64,text_pca256_lexical_w005
54427,4,minibatch_k64,text_pca256_lexical_w005
54428,23,minibatch_k64,text_pca256_lexical_w005
54429,59,minibatch_k64,text_pca256_lexical_w005
54430,62,minibatch_k64,text_pca256_lexical_w005
54431,62,minibatch_k64,text_pca256_lexical_w005
54432,56,minibatch_k64,text_pca256_lexical_w005
54433,39,minibatch_k64,text_pca256_lexical_w005
54434,62,minibatch_k64,text_pca256_lexical_w005
54435,23,minibatch_k64,text_pca256_lexical_w005
54436,8,minibatch_k64,text_pca256_lexical_w005
54437,15,minibatch_k64,text_pca256_lexical_w005
54438,8,minibatch_k64,text_pca256_lexical_w005
54439,56,minibatch_k64,text_pca256_lexical_w005
54440,56,minibatch_k64,text_pca256_lexical_w005
54441,38,minibatch_k64,text_pca256_lexical_w005
54442,23,minibatch_k64,text_pca256_lexical_w005
54443,55,minibatch_k64,text_pca256_lexical_w005
54444,37,minibatch_k64,text_pca256_lexical_w005
54445,25,minibatch_k64,text_pca256_lexical_w005
54446,0,minibatch_k64,text_pca256_lexical_w005
54447,45,minibatch_k64,text_pca256_lexical_w005
54448,45,minibatch_k64,text_pca256_lexical_w005
54449,23,minibatch_k64,text_pca256_lexical_w005
54450,0,minibatch_k64,text_pca256_lexical_w005
54451,0,minibatch_k64,text_pca256_lexical_w005
54452,0,minibatch_k64,text_pca256_lexical_w005
54453,62,minibatch_k64,text_pca256_lexical_w005
54454,56,minibatch_k64,text_pca256_lexical_w005
54455,0,minibatch_k64,text_pca256_lexical_w005
54456,56,minibatch_k64,text_pca256_lexical_w005
54457,8,minibatch_k64,text_pca256_lexical_w005
54458,56,minibatch_k64,text_pca256_lexical_w005
54459,62,minibatch_k64,text_pca256_lexical_w005
54460,62,minibatch_k64,text_pca256_lexical_w005
54461,50,minibatch_k64,text_pca256_lexical_w005
54462,56,minibatch_k64,text_pca256_lexical_w005
54463,38,minibatch_k64,text_pca256_lexical_w005
54464,23,minibatch_k64,text_pca256_lexical_w005
54465,23,minibatch_k64,text_pca256_lexical_w005
54466,55,minibatch_k64,text_pca256_lexical_w005
54467,37,minibatch_k64,text_pca256_lexical_w005
54468,25,minibatch_k64,text_pca256_lexical_w005
54469,56,minibatch_k64,text_pca256_lexical_w005
54470,2,minibatch_k64,text_pca256_lexical_w005
54471,56,minibatch_k64,text_pca256_lexical_w005
54472,61,minibatch_k64,text_pca256_lexical_w005
54473,2,minibatch_k64,text_pca256_lexical_w005
54474,56,minibatch_k64,text_pca256_lexical_w005
54475,56,minibatch_k64,text_pca256_lexical_w005
54476,62,minibatch_k64,text_pca256_lexical_w005
54477,42,minibatch_k64,text_pca256_lexical_w005
54478,0,minibatch_k64,text_pca256_lexical_w005
54479,8,minibatch_k64,text_pca256_lexical_w005
54480,15,minibatch_k64,text_pca256_lexical_w005
54481,56,minibatch_k64,text_pca256_lexical_w005
54482,15,minibatch_k64,text_pca256_lexical_w005
54483,21,minibatch_k64,text_pca256_lexical_w005
54484,42,minibatch_k64,text_pca256_lexical_w005
54485,62,minibatch_k64,text_pca256_lexical_w005
54486,8,minibatch_k64,text_pca256_lexical_w005
54487,38,minibatch_k64,text_pca256_lexical_w005
54488,56,minibatch_k64,text_pca256_lexical_w005
54489,56,minibatch_k64,text_pca256_lexical_w005
54490,35,minibatch_k64,text_pca256_lexical_w005
54491,56,minibatch_k64,text_pca256_lexical_w005
54492,45,minibatch_k64,text_pca256_lexical_w005
54493,10,minibatch_k64,text_pca256_lexical_w005
54494,45,minibatch_k64,text_pca256_lexical_w005
54495,45,minibatch_k64,text_pca256_lexical_w005
54496,56,minibatch_k64,text_pca256_lexical_w005
54497,45,minibatch_k64,text_pca256_lexical_w005
54498,25,minibatch_k64,text_pca256_lexical_w005
54499,45,minibatch_k64,text_pca256_lexical_w005
54500,56,minibatch_k64,text_pca256_lexical_w005
54501,0,minibatch_k64,text_pca256_lexical_w005
54502,56,minibatch_k64,text_pca256_lexical_w005
54503,56,minibatch_k64,text_pca256_lexical_w005
54504,0,minibatch_k64,text_pca256_lexical_w005
54505,8,minibatch_k64,text_pca256_lexical_w005
54506,33,minibatch_k64,text_pca256_lexical_w005
54507,56,minibatch_k64,text_pca256_lexical_w005
54508,62,minibatch_k64,text_pca256_lexical_w005
54509,56,minibatch_k64,text_pca256_lexical_w005
54510,56,minibatch_k64,text_pca256_lexical_w005
54511,56,minibatch_k64,text_pca256_lexical_w005
54512,56,minibatch_k64,text_pca256_lexical_w005
54513,56,minibatch_k64,text_pca256_lexical_w005
54514,8,minibatch_k64,text_pca256_lexical_w005
54515,56,minibatch_k64,text_pca256_lexical_w005
54516,8,minibatch_k64,text_pca256_lexical_w005
54517,38,minibatch_k64,text_pca256_lexical_w005
54518,56,minibatch_k64,text_pca256_lexical_w005
54519,23,minibatch_k64,text_pca256_lexical_w005
54520,56,minibatch_k64,text_pca256_lexical_w005
54521,25,minibatch_k64,text_pca256_lexical_w005
54522,37,minibatch_k64,text_pca256_lexical_w005
54523,56,minibatch_k64,text_pca256_lexical_w005
54524,62,minibatch_k64,text_pca256_lexical_w005
54525,42,minibatch_k64,text_pca256_lexical_w005
54526,42,minibatch_k64,text_pca256_lexical_w005
54527,42,minibatch_k64,text_pca256_lexical_w005
54528,38,minibatch_k64,text_pca256_lexical_w005
54529,58,minibatch_k64,text_pca256_lexical_w005
54530,15,minibatch_k64,text_pca256_lexical_w005
54531,50,minibatch_k64,text_pca256_lexical_w005
54532,62,minibatch_k64,text_pca256_lexical_w005
54533,8,minibatch_k64,text_pca256_lexical_w005
54534,8,minibatch_k64,text_pca256_lexical_w005
54535,21,minibatch_k64,text_pca256_lexical_w005
54536,2,minibatch_k64,text_pca256_lexical_w005
54537,8,minibatch_k64,text_pca256_lexical_w005
54538,50,minibatch_k64,text_pca256_lexical_w005
54539,2,minibatch_k64,text_pca256_lexical_w005
54540,50,minibatch_k64,text_pca256_lexical_w005
54541,15,minibatch_k64,text_pca256_lexical_w005
54542,33,minibatch_k64,text_pca256_lexical_w005
54543,8,minibatch_k64,text_pca256_lexical_w005
54544,8,minibatch_k64,text_pca256_lexical_w005
54545,23,minibatch_k64,text_pca256_lexical_w005
54546,33,minibatch_k64,text_pca256_lexical_w005
54547,33,minibatch_k64,text_pca256_lexical_w005
54548,50,minibatch_k64,text_pca256_lexical_w005
54549,33,minibatch_k64,text_pca256_lexical_w005
54550,62,minibatch_k64,text_pca256_lexical_w005
54551,38,minibatch_k64,text_pca256_lexical_w005
54552,55,minibatch_k64,text_pca256_lexical_w005
54553,58,minibatch_k64,text_pca256_lexical_w005
54554,62,minibatch_k64,text_pca256_lexical_w005
54555,32,minibatch_k64,text_pca256_lexical_w005
54556,33,minibatch_k64,text_pca256_lexical_w005
54557,0,minibatch_k64,text_pca256_lexical_w005
54558,8,minibatch_k64,text_pca256_lexical_w005
54559,2,minibatch_k64,text_pca256_lexical_w005
54560,38,minibatch_k64,text_pca256_lexical_w005
54561,55,minibatch_k64,text_pca256_lexical_w005
54562,58,minibatch_k64,text_pca256_lexical_w005
54563,63,minibatch_k64,text_pca256_lexical_w005
54564,0,minibatch_k64,text_pca256_lexical_w005
54565,0,minibatch_k64,text_pca256_lexical_w005
54566,8,minibatch_k64,text_pca256_lexical_w005
54567,8,minibatch_k64,text_pca256_lexical_w005
54568,38,minibatch_k64,text_pca256_lexical_w005
54569,16,minibatch_k64,text_pca256_lexical_w005
54570,55,minibatch_k64,text_pca256_lexical_w005
54571,13,minibatch_k64,text_pca256_lexical_w005
54572,15,minibatch_k64,text_pca256_lexical_w005
54573,23,minibatch_k64,text_pca256_lexical_w005
54574,62,minibatch_k64,text_pca256_lexical_w005
54575,38,minibatch_k64,text_pca256_lexical_w005
54576,55,minibatch_k64,text_pca256_lexical_w005
54577,13,minibatch_k64,text_pca256_lexical_w005
54578,42,minibatch_k64,text_pca256_lexical_w005
54579,10,minibatch_k64,text_pca256_lexical_w005
54580,15,minibatch_k64,text_pca256_lexical_w005
54581,0,minibatch_k64,text_pca256_lexical_w005
54582,0,minibatch_k64,text_pca256_lexical_w005
54583,0,minibatch_k64,text_pca256_lexical_w005
54584,53,minibatch_k64,text_pca256_lexical_w005
54585,50,minibatch_k64,text_pca256_lexical_w005
54586,32,minibatch_k64,text_pca256_lexical_w005
54587,0,minibatch_k64,text_pca256_lexical_w005
54588,59,minibatch_k64,text_pca256_lexical_w005
54589,62,minibatch_k64,text_pca256_lexical_w005
54590,38,minibatch_k64,text_pca256_lexical_w005
54591,55,minibatch_k64,text_pca256_lexical_w005
54592,13,minibatch_k64,text_pca256_lexical_w005
54593,62,minibatch_k64,text_pca256_lexical_w005
54594,53,minibatch_k64,text_pca256_lexical_w005
54595,42,minibatch_k64,text_pca256_lexical_w005
54596,2,minibatch_k64,text_pca256_lexical_w005
54597,38,minibatch_k64,text_pca256_lexical_w005
54598,55,minibatch_k64,text_pca256_lexical_w005
54599,13,minibatch_k64,text_pca256_lexical_w005
54600,10,minibatch_k64,text_pca256_lexical_w005
54601,0,minibatch_k64,text_pca256_lexical_w005
54602,2,minibatch_k64,text_pca256_lexical_w005
54603,0,minibatch_k64,text_pca256_lexical_w005
54604,2,minibatch_k64,text_pca256_lexical_w005
54605,38,minibatch_k64,text_pca256_lexical_w005
54606,55,minibatch_k64,text_pca256_lexical_w005
54607,13,minibatch_k64,text_pca256_lexical_w005
54608,2,minibatch_k64,text_pca256_lexical_w005
54609,10,minibatch_k64,text_pca256_lexical_w005
54610,45,minibatch_k64,text_pca256_lexical_w005
54611,62,minibatch_k64,text_pca256_lexical_w005
54612,0,minibatch_k64,text_pca256_lexical_w005
54613,18,minibatch_k64,text_pca256_lexical_w005
54614,18,minibatch_k64,text_pca256_lexical_w005
54615,2,minibatch_k64,text_pca256_lexical_w005
54616,0,minibatch_k64,text_pca256_lexical_w005
54617,15,minibatch_k64,text_pca256_lexical_w005
54618,23,minibatch_k64,text_pca256_lexical_w005
54619,45,minibatch_k64,text_pca256_lexical_w005
54620,30,minibatch_k64,text_pca256_lexical_w005
54621,50,minibatch_k64,text_pca256_lexical_w005
54622,23,minibatch_k64,text_pca256_lexical_w005
54623,23,minibatch_k64,text_pca256_lexical_w005
54624,41,minibatch_k64,text_pca256_lexical_w005
54625,41,minibatch_k64,text_pca256_lexical_w005
54626,41,minibatch_k64,text_pca256_lexical_w005
54627,53,minibatch_k64,text_pca256_lexical_w005
54628,10,minibatch_k64,text_pca256_lexical_w005
54629,41,minibatch_k64,text_pca256_lexical_w005
54630,41,minibatch_k64,text_pca256_lexical_w005
54631,15,minibatch_k64,text_pca256_lexical_w005
54632,0,minibatch_k64,text_pca256_lexical_w005
54633,53,minibatch_k64,text_pca256_lexical_w005
54634,15,minibatch_k64,text_pca256_lexical_w005
54635,41,minibatch_k64,text_pca256_lexical_w005
54636,10,minibatch_k64,text_pca256_lexical_w005
54637,10,minibatch_k64,text_pca256_lexical_w005
54638,10,minibatch_k64,text_pca256_lexical_w005
54639,10,minibatch_k64,text_pca256_lexical_w005
54640,39,minibatch_k64,text_pca256_lexical_w005
54641,0,minibatch_k64,text_pca256_lexical_w005
54642,10,minibatch_k64,text_pca256_lexical_w005
54643,10,minibatch_k64,text_pca256_lexical_w005
54644,39,minibatch_k64,text_pca256_lexical_w005
54645,41,minibatch_k64,text_pca256_lexical_w005
54646,41,minibatch_k64,text_pca256_lexical_w005
54647,23,minibatch_k64,text_pca256_lexical_w005
54648,10,minibatch_k64,text_pca256_lexical_w005
54649,33,minibatch_k64,text_pca256_lexical_w005
54650,10,minibatch_k64,text_pca256_lexical_w005
54651,41,minibatch_k64,text_pca256_lexical_w005
54652,0,minibatch_k64,text_pca256_lexical_w005
54653,48,minibatch_k64,text_pca256_lexical_w005
54654,10,minibatch_k64,text_pca256_lexical_w005
54655,15,minibatch_k64,text_pca256_lexical_w005
54656,15,minibatch_k64,text_pca256_lexical_w005
54657,0,minibatch_k64,text_pca256_lexical_w005
54658,42,minibatch_k64,text_pca256_lexical_w005
54659,42,minibatch_k64,text_pca256_lexical_w005
54660,42,minibatch_k64,text_pca256_lexical_w005
54661,42,minibatch_k64,text_pca256_lexical_w005
54662,50,minibatch_k64,text_pca256_lexical_w005
54663,0,minibatch_k64,text_pca256_lexical_w005
54664,62,minibatch_k64,text_pca256_lexical_w005
54665,62,minibatch_k64,text_pca256_lexical_w005
54666,5,minibatch_k64,text_pca256_lexical_w005
54667,46,minibatch_k64,text_pca256_lexical_w005
54668,23,minibatch_k64,text_pca256_lexical_w005
54669,45,minibatch_k64,text_pca256_lexical_w005
54670,45,minibatch_k64,text_pca256_lexical_w005
54671,45,minibatch_k64,text_pca256_lexical_w005
54672,45,minibatch_k64,text_pca256_lexical_w005
54673,45,minibatch_k64,text_pca256_lexical_w005
54674,45,minibatch_k64,text_pca256_lexical_w005
54675,4,minibatch_k64,text_pca256_lexical_w005
54676,4,minibatch_k64,text_pca256_lexical_w005
54677,4,minibatch_k64,text_pca256_lexical_w005
54678,4,minibatch_k64,text_pca256_lexical_w005
54679,4,minibatch_k64,text_pca256_lexical_w005
54680,4,minibatch_k64,text_pca256_lexical_w005
54681,45,minibatch_k64,text_pca256_lexical_w005
54682,4,minibatch_k64,text_pca256_lexical_w005
54683,42,minibatch_k64,text_pca256_lexical_w005
54684,23,minibatch_k64,text_pca256_lexical_w005
54685,45,minibatch_k64,text_pca256_lexical_w005
54686,0,minibatch_k64,text_pca256_lexical_w005
54687,8,minibatch_k64,text_pca256_lexical_w005
54688,45,minibatch_k64,text_pca256_lexical_w005
54689,42,minibatch_k64,text_pca256_lexical_w005
54690,62,minibatch_k64,text_pca256_lexical_w005
54691,0,minibatch_k64,text_pca256_lexical_w005
54692,0,minibatch_k64,text_pca256_lexical_w005
54693,0,minibatch_k64,text_pca256_lexical_w005
54694,0,minibatch_k64,text_pca256_lexical_w005
54695,0,minibatch_k64,text_pca256_lexical_w005
54696,62,minibatch_k64,text_pca256_lexical_w005
54697,15,minibatch_k64,text_pca256_lexical_w005
54698,45,minibatch_k64,text_pca256_lexical_w005
54699,10,minibatch_k64,text_pca256_lexical_w005
54700,4,minibatch_k64,text_pca256_lexical_w005
54701,4,minibatch_k64,text_pca256_lexical_w005
54702,4,minibatch_k64,text_pca256_lexical_w005
54703,4,minibatch_k64,text_pca256_lexical_w005
54704,4,minibatch_k64,text_pca256_lexical_w005
54705,4,minibatch_k64,text_pca256_lexical_w005
54706,4,minibatch_k64,text_pca256_lexical_w005
54707,5,minibatch_k64,text_pca256_lexical_w005
54708,0,minibatch_k64,text_pca256_lexical_w005
54709,0,minibatch_k64,text_pca256_lexical_w005
54710,52,minibatch_k64,text_pca256_lexical_w005
54711,8,minibatch_k64,text_pca256_lexical_w005
54712,0,minibatch_k64,text_pca256_lexical_w005
54713,8,minibatch_k64,text_pca256_lexical_w005
54714,8,minibatch_k64,text_pca256_lexical_w005
54715,0,minibatch_k64,text_pca256_lexical_w005
54716,10,minibatch_k64,text_pca256_lexical_w005
54717,52,minibatch_k64,text_pca256_lexical_w005
54718,5,minibatch_k64,text_pca256_lexical_w005
54719,8,minibatch_k64,text_pca256_lexical_w005
54720,8,minibatch_k64,text_pca256_lexical_w005
54721,8,minibatch_k64,text_pca256_lexical_w005
54722,25,minibatch_k64,text_pca256_lexical_w005
54723,38,minibatch_k64,text_pca256_lexical_w005
54724,23,minibatch_k64,text_pca256_lexical_w005
54725,45,minibatch_k64,text_pca256_lexical_w005
54726,23,minibatch_k64,text_pca256_lexical_w005
54727,8,minibatch_k64,text_pca256_lexical_w005
54728,39,minibatch_k64,text_pca256_lexical_w005
54729,39,minibatch_k64,text_pca256_lexical_w005
54730,4,minibatch_k64,text_pca256_lexical_w005
54731,23,minibatch_k64,text_pca256_lexical_w005
54732,0,minibatch_k64,text_pca256_lexical_w005
54733,0,minibatch_k64,text_pca256_lexical_w005
54734,33,minibatch_k64,text_pca256_lexical_w005
54735,62,minibatch_k64,text_pca256_lexical_w005
54736,21,minibatch_k64,text_pca256_lexical_w005
54737,39,minibatch_k64,text_pca256_lexical_w005
54738,39,minibatch_k64,text_pca256_lexical_w005
54739,0,minibatch_k64,text_pca256_lexical_w005
54740,59,minibatch_k64,text_pca256_lexical_w005
54741,8,minibatch_k64,text_pca256_lexical_w005
54742,39,minibatch_k64,text_pca256_lexical_w005
54743,15,minibatch_k64,text_pca256_lexical_w005
54744,0,minibatch_k64,text_pca256_lexical_w005
54745,62,minibatch_k64,text_pca256_lexical_w005
54746,62,minibatch_k64,text_pca256_lexical_w005
54747,62,minibatch_k64,text_pca256_lexical_w005
54748,14,minibatch_k64,text_pca256_lexical_w005
54749,52,minibatch_k64,text_pca256_lexical_w005
54750,0,minibatch_k64,text_pca256_lexical_w005
54751,23,minibatch_k64,text_pca256_lexical_w005
54752,42,minibatch_k64,text_pca256_lexical_w005
54753,39,minibatch_k64,text_pca256_lexical_w005
54754,62,minibatch_k64,text_pca256_lexical_w005
54755,8,minibatch_k64,text_pca256_lexical_w005
54756,56,minibatch_k64,text_pca256_lexical_w005
54757,52,minibatch_k64,text_pca256_lexical_w005
54758,42,minibatch_k64,text_pca256_lexical_w005
54759,42,minibatch_k64,text_pca256_lexical_w005
54760,50,minibatch_k64,text_pca256_lexical_w005
54761,58,minibatch_k64,text_pca256_lexical_w005
54762,0,minibatch_k64,text_pca256_lexical_w005
54763,62,minibatch_k64,text_pca256_lexical_w005
54764,38,minibatch_k64,text_pca256_lexical_w005
54765,45,minibatch_k64,text_pca256_lexical_w005
54766,54,minibatch_k64,text_pca256_lexical_w005
54767,62,minibatch_k64,text_pca256_lexical_w005
54768,39,minibatch_k64,text_pca256_lexical_w005
54769,5,minibatch_k64,text_pca256_lexical_w005
54770,25,minibatch_k64,text_pca256_lexical_w005
54771,23,minibatch_k64,text_pca256_lexical_w005
54772,0,minibatch_k64,text_pca256_lexical_w005
54773,56,minibatch_k64,text_pca256_lexical_w005
54774,52,minibatch_k64,text_pca256_lexical_w005
54775,0,minibatch_k64,text_pca256_lexical_w005
54776,0,minibatch_k64,text_pca256_lexical_w005
54777,52,minibatch_k64,text_pca256_lexical_w005
54778,5,minibatch_k64,text_pca256_lexical_w005
54779,25,minibatch_k64,text_pca256_lexical_w005
54780,38,minibatch_k64,text_pca256_lexical_w005
54781,45,minibatch_k64,text_pca256_lexical_w005
54782,58,minibatch_k64,text_pca256_lexical_w005
54783,45,minibatch_k64,text_pca256_lexical_w005
54784,55,minibatch_k64,text_pca256_lexical_w005
54785,35,minibatch_k64,text_pca256_lexical_w005
54786,45,minibatch_k64,text_pca256_lexical_w005
54787,8,minibatch_k64,text_pca256_lexical_w005
54788,5,minibatch_k64,text_pca256_lexical_w005
54789,4,minibatch_k64,text_pca256_lexical_w005
54790,62,minibatch_k64,text_pca256_lexical_w005
54791,23,minibatch_k64,text_pca256_lexical_w005
54792,0,minibatch_k64,text_pca256_lexical_w005
54793,0,minibatch_k64,text_pca256_lexical_w005
54794,42,minibatch_k64,text_pca256_lexical_w005
54795,15,minibatch_k64,text_pca256_lexical_w005
54796,15,minibatch_k64,text_pca256_lexical_w005
54797,0,minibatch_k64,text_pca256_lexical_w005
54798,45,minibatch_k64,text_pca256_lexical_w005
54799,45,minibatch_k64,text_pca256_lexical_w005
54800,0,minibatch_k64,text_pca256_lexical_w005
54801,0,minibatch_k64,text_pca256_lexical_w005
54802,62,minibatch_k64,text_pca256_lexical_w005
54803,62,minibatch_k64,text_pca256_lexical_w005
54804,38,minibatch_k64,text_pca256_lexical_w005
54805,58,minibatch_k64,text_pca256_lexical_w005
54806,45,minibatch_k64,text_pca256_lexical_w005
54807,23,minibatch_k64,text_pca256_lexical_w005
54808,55,minibatch_k64,text_pca256_lexical_w005
54809,54,minibatch_k64,text_pca256_lexical_w005
54810,4,minibatch_k64,text_pca256_lexical_w005
54811,23,minibatch_k64,text_pca256_lexical_w005
54812,0,minibatch_k64,text_pca256_lexical_w005
54813,0,minibatch_k64,text_pca256_lexical_w005
54814,0,minibatch_k64,text_pca256_lexical_w005
54815,25,minibatch_k64,text_pca256_lexical_w005
54816,0,minibatch_k64,text_pca256_lexical_w005
54817,62,minibatch_k64,text_pca256_lexical_w005
54818,8,minibatch_k64,text_pca256_lexical_w005
54819,8,minibatch_k64,text_pca256_lexical_w005
54820,8,minibatch_k64,text_pca256_lexical_w005
54821,8,minibatch_k64,text_pca256_lexical_w005
54822,25,minibatch_k64,text_pca256_lexical_w005
54823,0,minibatch_k64,text_pca256_lexical_w005
54824,58,minibatch_k64,text_pca256_lexical_w005
54825,38,minibatch_k64,text_pca256_lexical_w005
54826,0,minibatch_k64,text_pca256_lexical_w005
54827,45,minibatch_k64,text_pca256_lexical_w005
54828,45,minibatch_k64,text_pca256_lexical_w005
54829,55,minibatch_k64,text_pca256_lexical_w005
54830,54,minibatch_k64,text_pca256_lexical_w005
54831,23,minibatch_k64,text_pca256_lexical_w005
54832,62,minibatch_k64,text_pca256_lexical_w005
54833,0,minibatch_k64,text_pca256_lexical_w005
54834,62,minibatch_k64,text_pca256_lexical_w005
54835,5,minibatch_k64,text_pca256_lexical_w005
54836,5,minibatch_k64,text_pca256_lexical_w005
54837,0,minibatch_k64,text_pca256_lexical_w005
54838,10,minibatch_k64,text_pca256_lexical_w005
54839,2,minibatch_k64,text_pca256_lexical_w005
54840,23,minibatch_k64,text_pca256_lexical_w005
54841,0,minibatch_k64,text_pca256_lexical_w005
54842,5,minibatch_k64,text_pca256_lexical_w005
54843,62,minibatch_k64,text_pca256_lexical_w005
54844,0,minibatch_k64,text_pca256_lexical_w005
54845,62,minibatch_k64,text_pca256_lexical_w005
54846,39,minibatch_k64,text_pca256_lexical_w005
54847,21,minibatch_k64,text_pca256_lexical_w005
54848,0,minibatch_k64,text_pca256_lexical_w005
54849,62,minibatch_k64,text_pca256_lexical_w005
54850,23,minibatch_k64,text_pca256_lexical_w005
54851,38,minibatch_k64,text_pca256_lexical_w005
54852,8,minibatch_k64,text_pca256_lexical_w005
54853,45,minibatch_k64,text_pca256_lexical_w005
54854,54,minibatch_k64,text_pca256_lexical_w005
54855,15,minibatch_k64,text_pca256_lexical_w005
54856,45,minibatch_k64,text_pca256_lexical_w005
54857,0,minibatch_k64,text_pca256_lexical_w005
54858,59,minibatch_k64,text_pca256_lexical_w005
54859,8,minibatch_k64,text_pca256_lexical_w005
54860,8,minibatch_k64,text_pca256_lexical_w005
54861,25,minibatch_k64,text_pca256_lexical_w005
54862,23,minibatch_k64,text_pca256_lexical_w005
54863,8,minibatch_k64,text_pca256_lexical_w005
54864,59,minibatch_k64,text_pca256_lexical_w005
54865,56,minibatch_k64,text_pca256_lexical_w005
54866,8,minibatch_k64,text_pca256_lexical_w005
54867,0,minibatch_k64,text_pca256_lexical_w005
54868,0,minibatch_k64,text_pca256_lexical_w005
54869,8,minibatch_k64,text_pca256_lexical_w005
54870,39,minibatch_k64,text_pca256_lexical_w005
54871,62,minibatch_k64,text_pca256_lexical_w005
54872,0,minibatch_k64,text_pca256_lexical_w005
54873,42,minibatch_k64,text_pca256_lexical_w005
54874,42,minibatch_k64,text_pca256_lexical_w005
54875,25,minibatch_k64,text_pca256_lexical_w005
54876,42,minibatch_k64,text_pca256_lexical_w005
54877,38,minibatch_k64,text_pca256_lexical_w005
54878,45,minibatch_k64,text_pca256_lexical_w005
54879,55,minibatch_k64,text_pca256_lexical_w005
54880,37,minibatch_k64,text_pca256_lexical_w005
54881,4,minibatch_k64,text_pca256_lexical_w005
54882,47,minibatch_k64,text_pca256_lexical_w005
54883,47,minibatch_k64,text_pca256_lexical_w005
54884,8,minibatch_k64,text_pca256_lexical_w005
54885,15,minibatch_k64,text_pca256_lexical_w005
54886,15,minibatch_k64,text_pca256_lexical_w005
54887,8,minibatch_k64,text_pca256_lexical_w005
54888,8,minibatch_k64,text_pca256_lexical_w005
54889,58,minibatch_k64,text_pca256_lexical_w005
54890,55,minibatch_k64,text_pca256_lexical_w005
54891,37,minibatch_k64,text_pca256_lexical_w005
54892,8,minibatch_k64,text_pca256_lexical_w005
54893,10,minibatch_k64,text_pca256_lexical_w005
54894,25,minibatch_k64,text_pca256_lexical_w005
54895,0,minibatch_k64,text_pca256_lexical_w005
54896,0,minibatch_k64,text_pca256_lexical_w005
54897,8,minibatch_k64,text_pca256_lexical_w005
54898,8,minibatch_k64,text_pca256_lexical_w005
54899,0,minibatch_k64,text_pca256_lexical_w005
54900,8,minibatch_k64,text_pca256_lexical_w005
54901,8,minibatch_k64,text_pca256_lexical_w005
54902,45,minibatch_k64,text_pca256_lexical_w005
54903,23,minibatch_k64,text_pca256_lexical_w005
54904,15,minibatch_k64,text_pca256_lexical_w005
54905,0,minibatch_k64,text_pca256_lexical_w005
54906,10,minibatch_k64,text_pca256_lexical_w005
54907,59,minibatch_k64,text_pca256_lexical_w005
54908,10,minibatch_k64,text_pca256_lexical_w005
54909,15,minibatch_k64,text_pca256_lexical_w005
54910,10,minibatch_k64,text_pca256_lexical_w005
54911,0,minibatch_k64,text_pca256_lexical_w005
54912,10,minibatch_k64,text_pca256_lexical_w005
54913,56,minibatch_k64,text_pca256_lexical_w005
54914,10,minibatch_k64,text_pca256_lexical_w005
54915,0,minibatch_k64,text_pca256_lexical_w005
54916,0,minibatch_k64,text_pca256_lexical_w005
54917,45,minibatch_k64,text_pca256_lexical_w005
54918,4,minibatch_k64,text_pca256_lexical_w005
54919,59,minibatch_k64,text_pca256_lexical_w005
54920,53,minibatch_k64,text_pca256_lexical_w005
54921,0,minibatch_k64,text_pca256_lexical_w005
54922,10,minibatch_k64,text_pca256_lexical_w005
54923,10,minibatch_k64,text_pca256_lexical_w005
54924,62,minibatch_k64,text_pca256_lexical_w005
54925,0,minibatch_k64,text_pca256_lexical_w005
54926,62,minibatch_k64,text_pca256_lexical_w005
54927,62,minibatch_k64,text_pca256_lexical_w005
54928,8,minibatch_k64,text_pca256_lexical_w005
54929,53,minibatch_k64,text_pca256_lexical_w005
54930,10,minibatch_k64,text_pca256_lexical_w005
54931,62,minibatch_k64,text_pca256_lexical_w005
54932,0,minibatch_k64,text_pca256_lexical_w005
54933,62,minibatch_k64,text_pca256_lexical_w005
54934,21,minibatch_k64,text_pca256_lexical_w005
54935,0,minibatch_k64,text_pca256_lexical_w005
54936,0,minibatch_k64,text_pca256_lexical_w005
54937,33,minibatch_k64,text_pca256_lexical_w005
54938,5,minibatch_k64,text_pca256_lexical_w005
54939,0,minibatch_k64,text_pca256_lexical_w005
54940,40,minibatch_k64,text_pca256_lexical_w005
54941,38,minibatch_k64,text_pca256_lexical_w005
54942,55,minibatch_k64,text_pca256_lexical_w005
54943,23,minibatch_k64,text_pca256_lexical_w005
54944,54,minibatch_k64,text_pca256_lexical_w005
54945,10,minibatch_k64,text_pca256_lexical_w005
54946,8,minibatch_k64,text_pca256_lexical_w005
54947,33,minibatch_k64,text_pca256_lexical_w005
54948,8,minibatch_k64,text_pca256_lexical_w005
54949,25,minibatch_k64,text_pca256_lexical_w005
54950,8,minibatch_k64,text_pca256_lexical_w005
54951,59,minibatch_k64,text_pca256_lexical_w005
54952,42,minibatch_k64,text_pca256_lexical_w005
54953,21,minibatch_k64,text_pca256_lexical_w005
54954,33,minibatch_k64,text_pca256_lexical_w005
54955,8,minibatch_k64,text_pca256_lexical_w005
54956,8,minibatch_k64,text_pca256_lexical_w005
54957,25,minibatch_k64,text_pca256_lexical_w005
54958,58,minibatch_k64,text_pca256_lexical_w005
54959,55,minibatch_k64,text_pca256_lexical_w005
54960,54,minibatch_k64,text_pca256_lexical_w005
54961,8,minibatch_k64,text_pca256_lexical_w005
54962,62,minibatch_k64,text_pca256_lexical_w005
54963,15,minibatch_k64,text_pca256_lexical_w005
54964,8,minibatch_k64,text_pca256_lexical_w005
54965,23,minibatch_k64,text_pca256_lexical_w005
54966,39,minibatch_k64,text_pca256_lexical_w005
54967,8,minibatch_k64,text_pca256_lexical_w005
54968,42,minibatch_k64,text_pca256_lexical_w005
54969,38,minibatch_k64,text_pca256_lexical_w005
54970,55,minibatch_k64,text_pca256_lexical_w005
54971,54,minibatch_k64,text_pca256_lexical_w005
54972,0,minibatch_k64,text_pca256_lexical_w005
54973,25,minibatch_k64,text_pca256_lexical_w005
54974,42,minibatch_k64,text_pca256_lexical_w005
54975,38,minibatch_k64,text_pca256_lexical_w005
54976,8,minibatch_k64,text_pca256_lexical_w005
54977,8,minibatch_k64,text_pca256_lexical_w005
54978,42,minibatch_k64,text_pca256_lexical_w005
54979,39,minibatch_k64,text_pca256_lexical_w005
54980,38,minibatch_k64,text_pca256_lexical_w005
54981,23,minibatch_k64,text_pca256_lexical_w005
54982,54,minibatch_k64,text_pca256_lexical_w005
54983,25,minibatch_k64,text_pca256_lexical_w005
54984,39,minibatch_k64,text_pca256_lexical_w005
54985,23,minibatch_k64,text_pca256_lexical_w005
54986,4,minibatch_k64,text_pca256_lexical_w005
54987,45,minibatch_k64,text_pca256_lexical_w005
54988,56,minibatch_k64,text_pca256_lexical_w005
54989,33,minibatch_k64,text_pca256_lexical_w005
54990,0,minibatch_k64,text_pca256_lexical_w005
54991,42,minibatch_k64,text_pca256_lexical_w005
54992,8,minibatch_k64,text_pca256_lexical_w005
54993,8,minibatch_k64,text_pca256_lexical_w005
54994,42,minibatch_k64,text_pca256_lexical_w005
54995,8,minibatch_k64,text_pca256_lexical_w005
54996,62,minibatch_k64,text_pca256_lexical_w005
54997,33,minibatch_k64,text_pca256_lexical_w005
54998,21,minibatch_k64,text_pca256_lexical_w005
54999,8,minibatch_k64,text_pca256_lexical_w005
55000,45,minibatch_k64,text_pca256_lexical_w005
55001,8,minibatch_k64,text_pca256_lexical_w005
55002,50,minibatch_k64,text_pca256_lexical_w005
55003,8,minibatch_k64,text_pca256_lexical_w005
55004,8,minibatch_k64,text_pca256_lexical_w005
55005,0,minibatch_k64,text_pca256_lexical_w005
55006,33,minibatch_k64,text_pca256_lexical_w005
55007,8,minibatch_k64,text_pca256_lexical_w005
55008,10,minibatch_k64,text_pca256_lexical_w005
55009,8,minibatch_k64,text_pca256_lexical_w005
55010,62,minibatch_k64,text_pca256_lexical_w005
55011,62,minibatch_k64,text_pca256_lexical_w005
55012,33,minibatch_k64,text_pca256_lexical_w005
55013,0,minibatch_k64,text_pca256_lexical_w005
55014,0,minibatch_k64,text_pca256_lexical_w005
55015,15,minibatch_k64,text_pca256_lexical_w005
55016,39,minibatch_k64,text_pca256_lexical_w005
55017,39,minibatch_k64,text_pca256_lexical_w005
55018,0,minibatch_k64,text_pca256_lexical_w005
55019,45,minibatch_k64,text_pca256_lexical_w005
55020,42,minibatch_k64,text_pca256_lexical_w005
55021,42,minibatch_k64,text_pca256_lexical_w005
55022,45,minibatch_k64,text_pca256_lexical_w005
55023,59,minibatch_k64,text_pca256_lexical_w005
55024,39,minibatch_k64,text_pca256_lexical_w005
55025,45,minibatch_k64,text_pca256_lexical_w005
55026,45,minibatch_k64,text_pca256_lexical_w005
55027,45,minibatch_k64,text_pca256_lexical_w005
55028,45,minibatch_k64,text_pca256_lexical_w005
55029,45,minibatch_k64,text_pca256_lexical_w005
55030,45,minibatch_k64,text_pca256_lexical_w005
55031,38,minibatch_k64,text_pca256_lexical_w005
55032,0,minibatch_k64,text_pca256_lexical_w005
55033,45,minibatch_k64,text_pca256_lexical_w005
55034,45,minibatch_k64,text_pca256_lexical_w005
55035,50,minibatch_k64,text_pca256_lexical_w005
55036,10,minibatch_k64,text_pca256_lexical_w005
55037,4,minibatch_k64,text_pca256_lexical_w005
55038,45,minibatch_k64,text_pca256_lexical_w005
55039,54,minibatch_k64,text_pca256_lexical_w005
55040,45,minibatch_k64,text_pca256_lexical_w005
55041,45,minibatch_k64,text_pca256_lexical_w005
55042,0,minibatch_k64,text_pca256_lexical_w005
55043,45,minibatch_k64,text_pca256_lexical_w005
55044,59,minibatch_k64,text_pca256_lexical_w005
55045,59,minibatch_k64,text_pca256_lexical_w005
55046,59,minibatch_k64,text_pca256_lexical_w005
55047,59,minibatch_k64,text_pca256_lexical_w005
55048,0,minibatch_k64,text_pca256_lexical_w005
55049,25,minibatch_k64,text_pca256_lexical_w005
55050,15,minibatch_k64,text_pca256_lexical_w005
55051,15,minibatch_k64,text_pca256_lexical_w005
55052,53,minibatch_k64,text_pca256_lexical_w005
55053,59,minibatch_k64,text_pca256_lexical_w005
55054,10,minibatch_k64,text_pca256_lexical_w005
55055,59,minibatch_k64,text_pca256_lexical_w005
55056,8,minibatch_k64,text_pca256_lexical_w005
55057,0,minibatch_k64,text_pca256_lexical_w005
55058,10,minibatch_k64,text_pca256_lexical_w005
55059,0,minibatch_k64,text_pca256_lexical_w005
55060,45,minibatch_k64,text_pca256_lexical_w005
55061,25,minibatch_k64,text_pca256_lexical_w005
55062,38,minibatch_k64,text_pca256_lexical_w005
55063,45,minibatch_k64,text_pca256_lexical_w005
55064,59,minibatch_k64,text_pca256_lexical_w005
55065,54,minibatch_k64,text_pca256_lexical_w005
55066,45,minibatch_k64,text_pca256_lexical_w005
55067,45,minibatch_k64,text_pca256_lexical_w005
55068,45,minibatch_k64,text_pca256_lexical_w005
55069,45,minibatch_k64,text_pca256_lexical_w005
55070,4,minibatch_k64,text_pca256_lexical_w005
55071,45,minibatch_k64,text_pca256_lexical_w005
55072,45,minibatch_k64,text_pca256_lexical_w005
55073,23,minibatch_k64,text_pca256_lexical_w005
55074,45,minibatch_k64,text_pca256_lexical_w005
55075,23,minibatch_k64,text_pca256_lexical_w005
55076,45,minibatch_k64,text_pca256_lexical_w005
55077,8,minibatch_k64,text_pca256_lexical_w005
55078,8,minibatch_k64,text_pca256_lexical_w005
55079,8,minibatch_k64,text_pca256_lexical_w005
55080,62,minibatch_k64,text_pca256_lexical_w005
55081,38,minibatch_k64,text_pca256_lexical_w005
55082,45,minibatch_k64,text_pca256_lexical_w005
55083,23,minibatch_k64,text_pca256_lexical_w005
55084,37,minibatch_k64,text_pca256_lexical_w005
55085,0,minibatch_k64,text_pca256_lexical_w005
55086,45,minibatch_k64,text_pca256_lexical_w005
55087,0,minibatch_k64,text_pca256_lexical_w005
55088,45,minibatch_k64,text_pca256_lexical_w005
55089,59,minibatch_k64,text_pca256_lexical_w005
55090,25,minibatch_k64,text_pca256_lexical_w005
55091,0,minibatch_k64,text_pca256_lexical_w005
55092,45,minibatch_k64,text_pca256_lexical_w005
55093,59,minibatch_k64,text_pca256_lexical_w005
55094,62,minibatch_k64,text_pca256_lexical_w005
55095,59,minibatch_k64,text_pca256_lexical_w005
55096,33,minibatch_k64,text_pca256_lexical_w005
55097,59,minibatch_k64,text_pca256_lexical_w005
55098,27,minibatch_k64,text_pca256_lexical_w005
55099,45,minibatch_k64,text_pca256_lexical_w005
55100,59,minibatch_k64,text_pca256_lexical_w005
55101,10,minibatch_k64,text_pca256_lexical_w005
55102,62,minibatch_k64,text_pca256_lexical_w005
55103,45,minibatch_k64,text_pca256_lexical_w005
55104,45,minibatch_k64,text_pca256_lexical_w005
55105,45,minibatch_k64,text_pca256_lexical_w005
55106,59,minibatch_k64,text_pca256_lexical_w005
55107,0,minibatch_k64,text_pca256_lexical_w005
55108,59,minibatch_k64,text_pca256_lexical_w005
55109,62,minibatch_k64,text_pca256_lexical_w005
55110,33,minibatch_k64,text_pca256_lexical_w005
55111,45,minibatch_k64,text_pca256_lexical_w005
55112,45,minibatch_k64,text_pca256_lexical_w005
55113,45,minibatch_k64,text_pca256_lexical_w005
55114,45,minibatch_k64,text_pca256_lexical_w005
55115,45,minibatch_k64,text_pca256_lexical_w005
55116,45,minibatch_k64,text_pca256_lexical_w005
55117,45,minibatch_k64,text_pca256_lexical_w005
55118,45,minibatch_k64,text_pca256_lexical_w005
55119,45,minibatch_k64,text_pca256_lexical_w005
55120,45,minibatch_k64,text_pca256_lexical_w005
55121,45,minibatch_k64,text_pca256_lexical_w005
55122,18,minibatch_k64,text_pca256_lexical_w005
55123,45,minibatch_k64,text_pca256_lexical_w005
55124,59,minibatch_k64,text_pca256_lexical_w005
55125,61,minibatch_k64,text_pca256_lexical_w005
55126,59,minibatch_k64,text_pca256_lexical_w005
55127,59,minibatch_k64,text_pca256_lexical_w005
55128,42,minibatch_k64,text_pca256_lexical_w005
55129,53,minibatch_k64,text_pca256_lexical_w005
55130,15,minibatch_k64,text_pca256_lexical_w005
55131,59,minibatch_k64,text_pca256_lexical_w005
55132,59,minibatch_k64,text_pca256_lexical_w005
55133,8,minibatch_k64,text_pca256_lexical_w005
55134,45,minibatch_k64,text_pca256_lexical_w005
55135,45,minibatch_k64,text_pca256_lexical_w005
55136,45,minibatch_k64,text_pca256_lexical_w005
55137,45,minibatch_k64,text_pca256_lexical_w005
55138,45,minibatch_k64,text_pca256_lexical_w005
55139,45,minibatch_k64,text_pca256_lexical_w005
55140,45,minibatch_k64,text_pca256_lexical_w005
55141,59,minibatch_k64,text_pca256_lexical_w005
55142,45,minibatch_k64,text_pca256_lexical_w005
55143,59,minibatch_k64,text_pca256_lexical_w005
55144,59,minibatch_k64,text_pca256_lexical_w005
55145,59,minibatch_k64,text_pca256_lexical_w005
55146,45,minibatch_k64,text_pca256_lexical_w005
55147,59,minibatch_k64,text_pca256_lexical_w005
55148,45,minibatch_k64,text_pca256_lexical_w005
55149,59,minibatch_k64,text_pca256_lexical_w005
55150,0,minibatch_k64,text_pca256_lexical_w005
55151,59,minibatch_k64,text_pca256_lexical_w005
55152,59,minibatch_k64,text_pca256_lexical_w005
55153,59,minibatch_k64,text_pca256_lexical_w005
55154,59,minibatch_k64,text_pca256_lexical_w005
55155,8,minibatch_k64,text_pca256_lexical_w005
55156,0,minibatch_k64,text_pca256_lexical_w005
55157,59,minibatch_k64,text_pca256_lexical_w005
55158,62,minibatch_k64,text_pca256_lexical_w005
55159,59,minibatch_k64,text_pca256_lexical_w005
55160,59,minibatch_k64,text_pca256_lexical_w005
55161,0,minibatch_k64,text_pca256_lexical_w005
55162,45,minibatch_k64,text_pca256_lexical_w005
55163,59,minibatch_k64,text_pca256_lexical_w005
55164,18,minibatch_k64,text_pca256_lexical_w005
55165,59,minibatch_k64,text_pca256_lexical_w005
55166,0,minibatch_k64,text_pca256_lexical_w005
55167,45,minibatch_k64,text_pca256_lexical_w005
55168,39,minibatch_k64,text_pca256_lexical_w005
55169,4,minibatch_k64,text_pca256_lexical_w005
55170,45,minibatch_k64,text_pca256_lexical_w005
55171,45,minibatch_k64,text_pca256_lexical_w005
55172,45,minibatch_k64,text_pca256_lexical_w005
55173,59,minibatch_k64,text_pca256_lexical_w005
55174,59,minibatch_k64,text_pca256_lexical_w005
55175,45,minibatch_k64,text_pca256_lexical_w005
55176,45,minibatch_k64,text_pca256_lexical_w005
55177,59,minibatch_k64,text_pca256_lexical_w005
55178,59,minibatch_k64,text_pca256_lexical_w005
55179,45,minibatch_k64,text_pca256_lexical_w005
55180,42,minibatch_k64,text_pca256_lexical_w005
55181,45,minibatch_k64,text_pca256_lexical_w005
55182,45,minibatch_k64,text_pca256_lexical_w005
55183,45,minibatch_k64,text_pca256_lexical_w005
55184,59,minibatch_k64,text_pca256_lexical_w005
55185,59,minibatch_k64,text_pca256_lexical_w005
55186,45,minibatch_k64,text_pca256_lexical_w005
55187,59,minibatch_k64,text_pca256_lexical_w005
55188,59,minibatch_k64,text_pca256_lexical_w005
55189,59,minibatch_k64,text_pca256_lexical_w005
55190,53,minibatch_k64,text_pca256_lexical_w005
55191,59,minibatch_k64,text_pca256_lexical_w005
55192,59,minibatch_k64,text_pca256_lexical_w005
55193,59,minibatch_k64,text_pca256_lexical_w005
55194,61,minibatch_k64,text_pca256_lexical_w005
55195,59,minibatch_k64,text_pca256_lexical_w005
55196,59,minibatch_k64,text_pca256_lexical_w005
55197,59,minibatch_k64,text_pca256_lexical_w005
55198,53,minibatch_k64,text_pca256_lexical_w005
55199,62,minibatch_k64,text_pca256_lexical_w005
55200,45,minibatch_k64,text_pca256_lexical_w005
55201,45,minibatch_k64,text_pca256_lexical_w005
55202,7,minibatch_k64,text_pca256_lexical_w005
55203,45,minibatch_k64,text_pca256_lexical_w005
55204,10,minibatch_k64,text_pca256_lexical_w005
55205,59,minibatch_k64,text_pca256_lexical_w005
55206,39,minibatch_k64,text_pca256_lexical_w005
55207,59,minibatch_k64,text_pca256_lexical_w005
55208,15,minibatch_k64,text_pca256_lexical_w005
55209,50,minibatch_k64,text_pca256_lexical_w005
55210,39,minibatch_k64,text_pca256_lexical_w005
55211,8,minibatch_k64,text_pca256_lexical_w005
55212,23,minibatch_k64,text_pca256_lexical_w005
55213,45,minibatch_k64,text_pca256_lexical_w005
55214,45,minibatch_k64,text_pca256_lexical_w005
55215,62,minibatch_k64,text_pca256_lexical_w005
55216,59,minibatch_k64,text_pca256_lexical_w005
55217,56,minibatch_k64,text_pca256_lexical_w005
55218,59,minibatch_k64,text_pca256_lexical_w005
55219,53,minibatch_k64,text_pca256_lexical_w005
55220,59,minibatch_k64,text_pca256_lexical_w005
55221,0,minibatch_k64,text_pca256_lexical_w005
55222,59,minibatch_k64,text_pca256_lexical_w005
55223,59,minibatch_k64,text_pca256_lexical_w005
55224,10,minibatch_k64,text_pca256_lexical_w005
55225,59,minibatch_k64,text_pca256_lexical_w005
55226,39,minibatch_k64,text_pca256_lexical_w005
55227,39,minibatch_k64,text_pca256_lexical_w005
55228,45,minibatch_k64,text_pca256_lexical_w005
55229,59,minibatch_k64,text_pca256_lexical_w005
55230,59,minibatch_k64,text_pca256_lexical_w005
55231,53,minibatch_k64,text_pca256_lexical_w005
55232,53,minibatch_k64,text_pca256_lexical_w005
55233,59,minibatch_k64,text_pca256_lexical_w005
55234,59,minibatch_k64,text_pca256_lexical_w005
55235,59,minibatch_k64,text_pca256_lexical_w005
55236,59,minibatch_k64,text_pca256_lexical_w005
55237,23,minibatch_k64,text_pca256_lexical_w005
55238,59,minibatch_k64,text_pca256_lexical_w005
55239,53,minibatch_k64,text_pca256_lexical_w005
55240,23,minibatch_k64,text_pca256_lexical_w005
55241,0,minibatch_k64,text_pca256_lexical_w005
55242,39,minibatch_k64,text_pca256_lexical_w005
55243,45,minibatch_k64,text_pca256_lexical_w005
55244,59,minibatch_k64,text_pca256_lexical_w005
55245,59,minibatch_k64,text_pca256_lexical_w005
55246,45,minibatch_k64,text_pca256_lexical_w005
55247,45,minibatch_k64,text_pca256_lexical_w005
55248,8,minibatch_k64,text_pca256_lexical_w005
55249,8,minibatch_k64,text_pca256_lexical_w005
55250,59,minibatch_k64,text_pca256_lexical_w005
55251,23,minibatch_k64,text_pca256_lexical_w005
55252,21,minibatch_k64,text_pca256_lexical_w005
55253,0,minibatch_k64,text_pca256_lexical_w005
55254,0,minibatch_k64,text_pca256_lexical_w005
55255,59,minibatch_k64,text_pca256_lexical_w005
55256,59,minibatch_k64,text_pca256_lexical_w005
55257,10,minibatch_k64,text_pca256_lexical_w005
55258,59,minibatch_k64,text_pca256_lexical_w005
55259,10,minibatch_k64,text_pca256_lexical_w005
55260,59,minibatch_k64,text_pca256_lexical_w005
55261,62,minibatch_k64,text_pca256_lexical_w005
55262,59,minibatch_k64,text_pca256_lexical_w005
55263,21,minibatch_k64,text_pca256_lexical_w005
55264,53,minibatch_k64,text_pca256_lexical_w005
55265,59,minibatch_k64,text_pca256_lexical_w005
55266,8,minibatch_k64,text_pca256_lexical_w005
55267,8,minibatch_k64,text_pca256_lexical_w005
55268,21,minibatch_k64,text_pca256_lexical_w005
55269,59,minibatch_k64,text_pca256_lexical_w005
55270,8,minibatch_k64,text_pca256_lexical_w005
55271,59,minibatch_k64,text_pca256_lexical_w005
55272,45,minibatch_k64,text_pca256_lexical_w005
55273,59,minibatch_k64,text_pca256_lexical_w005
55274,59,minibatch_k64,text_pca256_lexical_w005
55275,59,minibatch_k64,text_pca256_lexical_w005
55276,59,minibatch_k64,text_pca256_lexical_w005
55277,8,minibatch_k64,text_pca256_lexical_w005
55278,59,minibatch_k64,text_pca256_lexical_w005
55279,53,minibatch_k64,text_pca256_lexical_w005
55280,59,minibatch_k64,text_pca256_lexical_w005
55281,59,minibatch_k64,text_pca256_lexical_w005
55282,59,minibatch_k64,text_pca256_lexical_w005
55283,62,minibatch_k64,text_pca256_lexical_w005
55284,59,minibatch_k64,text_pca256_lexical_w005
55285,8,minibatch_k64,text_pca256_lexical_w005
55286,0,minibatch_k64,text_pca256_lexical_w005
55287,8,minibatch_k64,text_pca256_lexical_w005
55288,45,minibatch_k64,text_pca256_lexical_w005
55289,62,minibatch_k64,text_pca256_lexical_w005
55290,8,minibatch_k64,text_pca256_lexical_w005
55291,21,minibatch_k64,text_pca256_lexical_w005
55292,53,minibatch_k64,text_pca256_lexical_w005
55293,45,minibatch_k64,text_pca256_lexical_w005
55294,10,minibatch_k64,text_pca256_lexical_w005
55295,39,minibatch_k64,text_pca256_lexical_w005
55296,10,minibatch_k64,text_pca256_lexical_w005
55297,10,minibatch_k64,text_pca256_lexical_w005
55298,8,minibatch_k64,text_pca256_lexical_w005
55299,10,minibatch_k64,text_pca256_lexical_w005
55300,10,minibatch_k64,text_pca256_lexical_w005
55301,42,minibatch_k64,text_pca256_lexical_w005
55302,42,minibatch_k64,text_pca256_lexical_w005
55303,23,minibatch_k64,text_pca256_lexical_w005
55304,45,minibatch_k64,text_pca256_lexical_w005
55305,8,minibatch_k64,text_pca256_lexical_w005
55306,59,minibatch_k64,text_pca256_lexical_w005
55307,33,minibatch_k64,text_pca256_lexical_w005
55308,59,minibatch_k64,text_pca256_lexical_w005
55309,45,minibatch_k64,text_pca256_lexical_w005
55310,59,minibatch_k64,text_pca256_lexical_w005
55311,10,minibatch_k64,text_pca256_lexical_w005
55312,59,minibatch_k64,text_pca256_lexical_w005
55313,45,minibatch_k64,text_pca256_lexical_w005
55314,59,minibatch_k64,text_pca256_lexical_w005
55315,59,minibatch_k64,text_pca256_lexical_w005
55316,45,minibatch_k64,text_pca256_lexical_w005
55317,59,minibatch_k64,text_pca256_lexical_w005
55318,59,minibatch_k64,text_pca256_lexical_w005
55319,45,minibatch_k64,text_pca256_lexical_w005
55320,42,minibatch_k64,text_pca256_lexical_w005
55321,59,minibatch_k64,text_pca256_lexical_w005
55322,39,minibatch_k64,text_pca256_lexical_w005
55323,59,minibatch_k64,text_pca256_lexical_w005
55324,45,minibatch_k64,text_pca256_lexical_w005
55325,8,minibatch_k64,text_pca256_lexical_w005
55326,59,minibatch_k64,text_pca256_lexical_w005
55327,59,minibatch_k64,text_pca256_lexical_w005
55328,59,minibatch_k64,text_pca256_lexical_w005
55329,59,minibatch_k64,text_pca256_lexical_w005
55330,23,minibatch_k64,text_pca256_lexical_w005
55331,10,minibatch_k64,text_pca256_lexical_w005
55332,10,minibatch_k64,text_pca256_lexical_w005
55333,42,minibatch_k64,text_pca256_lexical_w005
55334,5,minibatch_k64,text_pca256_lexical_w005
55335,5,minibatch_k64,text_pca256_lexical_w005
55336,21,minibatch_k64,text_pca256_lexical_w005
55337,50,minibatch_k64,text_pca256_lexical_w005
55338,45,minibatch_k64,text_pca256_lexical_w005
55339,50,minibatch_k64,text_pca256_lexical_w005
55340,62,minibatch_k64,text_pca256_lexical_w005
55341,62,minibatch_k64,text_pca256_lexical_w005
55342,4,minibatch_k64,text_pca256_lexical_w005
55343,33,minibatch_k64,text_pca256_lexical_w005
55344,15,minibatch_k64,text_pca256_lexical_w005
55345,5,minibatch_k64,text_pca256_lexical_w005
55346,50,minibatch_k64,text_pca256_lexical_w005
55347,33,minibatch_k64,text_pca256_lexical_w005
55348,62,minibatch_k64,text_pca256_lexical_w005
55349,0,minibatch_k64,text_pca256_lexical_w005
55350,62,minibatch_k64,text_pca256_lexical_w005
55351,50,minibatch_k64,text_pca256_lexical_w005
55352,8,minibatch_k64,text_pca256_lexical_w005
55353,33,minibatch_k64,text_pca256_lexical_w005
55354,0,minibatch_k64,text_pca256_lexical_w005
55355,62,minibatch_k64,text_pca256_lexical_w005
55356,0,minibatch_k64,text_pca256_lexical_w005
55357,62,minibatch_k64,text_pca256_lexical_w005
55358,62,minibatch_k64,text_pca256_lexical_w005
55359,0,minibatch_k64,text_pca256_lexical_w005
55360,0,minibatch_k64,text_pca256_lexical_w005
55361,50,minibatch_k64,text_pca256_lexical_w005
55362,50,minibatch_k64,text_pca256_lexical_w005
55363,0,minibatch_k64,text_pca256_lexical_w005
55364,62,minibatch_k64,text_pca256_lexical_w005
55365,45,minibatch_k64,text_pca256_lexical_w005
55366,50,minibatch_k64,text_pca256_lexical_w005
55367,62,minibatch_k64,text_pca256_lexical_w005
55368,62,minibatch_k64,text_pca256_lexical_w005
55369,5,minibatch_k64,text_pca256_lexical_w005
55370,5,minibatch_k64,text_pca256_lexical_w005
55371,45,minibatch_k64,text_pca256_lexical_w005
55372,45,minibatch_k64,text_pca256_lexical_w005
55373,8,minibatch_k64,text_pca256_lexical_w005
55374,0,minibatch_k64,text_pca256_lexical_w005
55375,0,minibatch_k64,text_pca256_lexical_w005
55376,4,minibatch_k64,text_pca256_lexical_w005
55377,15,minibatch_k64,text_pca256_lexical_w005
55378,0,minibatch_k64,text_pca256_lexical_w005
55379,0,minibatch_k64,text_pca256_lexical_w005
55380,5,minibatch_k64,text_pca256_lexical_w005
55381,5,minibatch_k64,text_pca256_lexical_w005
55382,5,minibatch_k64,text_pca256_lexical_w005
55383,50,minibatch_k64,text_pca256_lexical_w005
55384,50,minibatch_k64,text_pca256_lexical_w005
55385,0,minibatch_k64,text_pca256_lexical_w005
55386,0,minibatch_k64,text_pca256_lexical_w005
55387,52,minibatch_k64,text_pca256_lexical_w005
55388,8,minibatch_k64,text_pca256_lexical_w005
55389,59,minibatch_k64,text_pca256_lexical_w005
55390,59,minibatch_k64,text_pca256_lexical_w005
55391,5,minibatch_k64,text_pca256_lexical_w005
55392,50,minibatch_k64,text_pca256_lexical_w005
55393,0,minibatch_k64,text_pca256_lexical_w005
55394,5,minibatch_k64,text_pca256_lexical_w005
55395,23,minibatch_k64,text_pca256_lexical_w005
55396,50,minibatch_k64,text_pca256_lexical_w005
55397,50,minibatch_k64,text_pca256_lexical_w005
55398,50,minibatch_k64,text_pca256_lexical_w005
55399,62,minibatch_k64,text_pca256_lexical_w005
55400,23,minibatch_k64,text_pca256_lexical_w005
55401,45,minibatch_k64,text_pca256_lexical_w005
55402,23,minibatch_k64,text_pca256_lexical_w005
55403,45,minibatch_k64,text_pca256_lexical_w005
55404,45,minibatch_k64,text_pca256_lexical_w005
55405,45,minibatch_k64,text_pca256_lexical_w005
55406,0,minibatch_k64,text_pca256_lexical_w005
55407,45,minibatch_k64,text_pca256_lexical_w005
55408,45,minibatch_k64,text_pca256_lexical_w005
55409,45,minibatch_k64,text_pca256_lexical_w005
55410,45,minibatch_k64,text_pca256_lexical_w005
55411,45,minibatch_k64,text_pca256_lexical_w005
55412,50,minibatch_k64,text_pca256_lexical_w005
55413,38,minibatch_k64,text_pca256_lexical_w005
55414,45,minibatch_k64,text_pca256_lexical_w005
55415,55,minibatch_k64,text_pca256_lexical_w005
55416,50,minibatch_k64,text_pca256_lexical_w005
55417,23,minibatch_k64,text_pca256_lexical_w005
55418,25,minibatch_k64,text_pca256_lexical_w005
55419,4,minibatch_k64,text_pca256_lexical_w005
55420,10,minibatch_k64,text_pca256_lexical_w005
55421,50,minibatch_k64,text_pca256_lexical_w005
55422,5,minibatch_k64,text_pca256_lexical_w005
55423,0,minibatch_k64,text_pca256_lexical_w005
55424,45,minibatch_k64,text_pca256_lexical_w005
55425,50,minibatch_k64,text_pca256_lexical_w005
55426,50,minibatch_k64,text_pca256_lexical_w005
55427,8,minibatch_k64,text_pca256_lexical_w005
55428,45,minibatch_k64,text_pca256_lexical_w005
55429,15,minibatch_k64,text_pca256_lexical_w005
55430,62,minibatch_k64,text_pca256_lexical_w005
55431,59,minibatch_k64,text_pca256_lexical_w005
55432,33,minibatch_k64,text_pca256_lexical_w005
55433,50,minibatch_k64,text_pca256_lexical_w005
55434,50,minibatch_k64,text_pca256_lexical_w005
55435,50,minibatch_k64,text_pca256_lexical_w005
55436,50,minibatch_k64,text_pca256_lexical_w005
55437,50,minibatch_k64,text_pca256_lexical_w005
55438,50,minibatch_k64,text_pca256_lexical_w005
55439,50,minibatch_k64,text_pca256_lexical_w005
55440,50,minibatch_k64,text_pca256_lexical_w005
55441,50,minibatch_k64,text_pca256_lexical_w005
55442,50,minibatch_k64,text_pca256_lexical_w005
55443,0,minibatch_k64,text_pca256_lexical_w005
55444,50,minibatch_k64,text_pca256_lexical_w005
55445,39,minibatch_k64,text_pca256_lexical_w005
55446,5,minibatch_k64,text_pca256_lexical_w005
55447,50,minibatch_k64,text_pca256_lexical_w005
55448,50,minibatch_k64,text_pca256_lexical_w005
55449,50,minibatch_k64,text_pca256_lexical_w005
55450,0,minibatch_k64,text_pca256_lexical_w005
55451,5,minibatch_k64,text_pca256_lexical_w005
55452,52,minibatch_k64,text_pca256_lexical_w005
55453,50,minibatch_k64,text_pca256_lexical_w005
55454,14,minibatch_k64,text_pca256_lexical_w005
55455,62,minibatch_k64,text_pca256_lexical_w005
55456,42,minibatch_k64,text_pca256_lexical_w005
55457,50,minibatch_k64,text_pca256_lexical_w005
55458,50,minibatch_k64,text_pca256_lexical_w005
55459,52,minibatch_k64,text_pca256_lexical_w005
55460,62,minibatch_k64,text_pca256_lexical_w005
55461,0,minibatch_k64,text_pca256_lexical_w005
55462,5,minibatch_k64,text_pca256_lexical_w005
55463,45,minibatch_k64,text_pca256_lexical_w005
55464,50,minibatch_k64,text_pca256_lexical_w005
55465,45,minibatch_k64,text_pca256_lexical_w005
55466,38,minibatch_k64,text_pca256_lexical_w005
55467,55,minibatch_k64,text_pca256_lexical_w005
55468,23,minibatch_k64,text_pca256_lexical_w005
55469,25,minibatch_k64,text_pca256_lexical_w005
55470,45,minibatch_k64,text_pca256_lexical_w005
55471,4,minibatch_k64,text_pca256_lexical_w005
55472,42,minibatch_k64,text_pca256_lexical_w005
55473,4,minibatch_k64,text_pca256_lexical_w005
55474,50,minibatch_k64,text_pca256_lexical_w005
55475,5,minibatch_k64,text_pca256_lexical_w005
55476,5,minibatch_k64,text_pca256_lexical_w005
55477,5,minibatch_k64,text_pca256_lexical_w005
55478,50,minibatch_k64,text_pca256_lexical_w005
55479,50,minibatch_k64,text_pca256_lexical_w005
55480,8,minibatch_k64,text_pca256_lexical_w005
55481,42,minibatch_k64,text_pca256_lexical_w005
55482,50,minibatch_k64,text_pca256_lexical_w005
55483,62,minibatch_k64,text_pca256_lexical_w005
55484,62,minibatch_k64,text_pca256_lexical_w005
55485,62,minibatch_k64,text_pca256_lexical_w005
55486,50,minibatch_k64,text_pca256_lexical_w005
55487,52,minibatch_k64,text_pca256_lexical_w005
55488,50,minibatch_k64,text_pca256_lexical_w005
55489,50,minibatch_k64,text_pca256_lexical_w005
55490,62,minibatch_k64,text_pca256_lexical_w005
55491,14,minibatch_k64,text_pca256_lexical_w005
55492,50,minibatch_k64,text_pca256_lexical_w005
55493,50,minibatch_k64,text_pca256_lexical_w005
55494,50,minibatch_k64,text_pca256_lexical_w005
55495,52,minibatch_k64,text_pca256_lexical_w005
55496,62,minibatch_k64,text_pca256_lexical_w005
55497,0,minibatch_k64,text_pca256_lexical_w005
55498,50,minibatch_k64,text_pca256_lexical_w005
55499,5,minibatch_k64,text_pca256_lexical_w005
55500,50,minibatch_k64,text_pca256_lexical_w005
55501,62,minibatch_k64,text_pca256_lexical_w005
55502,10,minibatch_k64,text_pca256_lexical_w005
55503,62,minibatch_k64,text_pca256_lexical_w005
55504,5,minibatch_k64,text_pca256_lexical_w005
55505,50,minibatch_k64,text_pca256_lexical_w005
55506,38,minibatch_k64,text_pca256_lexical_w005
55507,55,minibatch_k64,text_pca256_lexical_w005
55508,62,minibatch_k64,text_pca256_lexical_w005
55509,4,minibatch_k64,text_pca256_lexical_w005
55510,4,minibatch_k64,text_pca256_lexical_w005
55511,4,minibatch_k64,text_pca256_lexical_w005
55512,0,minibatch_k64,text_pca256_lexical_w005
55513,0,minibatch_k64,text_pca256_lexical_w005
55514,50,minibatch_k64,text_pca256_lexical_w005
55515,33,minibatch_k64,text_pca256_lexical_w005
55516,0,minibatch_k64,text_pca256_lexical_w005
55517,0,minibatch_k64,text_pca256_lexical_w005
55518,0,minibatch_k64,text_pca256_lexical_w005
55519,50,minibatch_k64,text_pca256_lexical_w005
55520,50,minibatch_k64,text_pca256_lexical_w005
55521,0,minibatch_k64,text_pca256_lexical_w005
55522,0,minibatch_k64,text_pca256_lexical_w005
55523,15,minibatch_k64,text_pca256_lexical_w005
55524,15,minibatch_k64,text_pca256_lexical_w005
55525,15,minibatch_k64,text_pca256_lexical_w005
55526,50,minibatch_k64,text_pca256_lexical_w005
55527,50,minibatch_k64,text_pca256_lexical_w005
55528,50,minibatch_k64,text_pca256_lexical_w005
55529,8,minibatch_k64,text_pca256_lexical_w005
55530,56,minibatch_k64,text_pca256_lexical_w005
55531,62,minibatch_k64,text_pca256_lexical_w005
55532,45,minibatch_k64,text_pca256_lexical_w005
55533,4,minibatch_k64,text_pca256_lexical_w005
55534,21,minibatch_k64,text_pca256_lexical_w005
55535,0,minibatch_k64,text_pca256_lexical_w005
55536,45,minibatch_k64,text_pca256_lexical_w005
55537,45,minibatch_k64,text_pca256_lexical_w005
55538,38,minibatch_k64,text_pca256_lexical_w005
55539,23,minibatch_k64,text_pca256_lexical_w005
55540,55,minibatch_k64,text_pca256_lexical_w005
55541,25,minibatch_k64,text_pca256_lexical_w005
55542,0,minibatch_k64,text_pca256_lexical_w005
55543,62,minibatch_k64,text_pca256_lexical_w005
55544,62,minibatch_k64,text_pca256_lexical_w005
55545,62,minibatch_k64,text_pca256_lexical_w005
55546,0,minibatch_k64,text_pca256_lexical_w005
55547,62,minibatch_k64,text_pca256_lexical_w005
55548,62,minibatch_k64,text_pca256_lexical_w005
55549,23,minibatch_k64,text_pca256_lexical_w005
55550,8,minibatch_k64,text_pca256_lexical_w005
55551,50,minibatch_k64,text_pca256_lexical_w005
55552,0,minibatch_k64,text_pca256_lexical_w005
55553,62,minibatch_k64,text_pca256_lexical_w005
55554,50,minibatch_k64,text_pca256_lexical_w005
55555,62,minibatch_k64,text_pca256_lexical_w005
55556,50,minibatch_k64,text_pca256_lexical_w005
55557,50,minibatch_k64,text_pca256_lexical_w005
55558,50,minibatch_k64,text_pca256_lexical_w005
55559,50,minibatch_k64,text_pca256_lexical_w005
55560,62,minibatch_k64,text_pca256_lexical_w005
55561,39,minibatch_k64,text_pca256_lexical_w005
55562,59,minibatch_k64,text_pca256_lexical_w005
55563,0,minibatch_k64,text_pca256_lexical_w005
55564,8,minibatch_k64,text_pca256_lexical_w005
55565,59,minibatch_k64,text_pca256_lexical_w005
55566,59,minibatch_k64,text_pca256_lexical_w005
55567,50,minibatch_k64,text_pca256_lexical_w005
55568,15,minibatch_k64,text_pca256_lexical_w005
55569,0,minibatch_k64,text_pca256_lexical_w005
55570,50,minibatch_k64,text_pca256_lexical_w005
55571,50,minibatch_k64,text_pca256_lexical_w005
55572,0,minibatch_k64,text_pca256_lexical_w005
55573,10,minibatch_k64,text_pca256_lexical_w005
55574,0,minibatch_k64,text_pca256_lexical_w005
55575,0,minibatch_k64,text_pca256_lexical_w005
55576,50,minibatch_k64,text_pca256_lexical_w005
55577,0,minibatch_k64,text_pca256_lexical_w005
55578,15,minibatch_k64,text_pca256_lexical_w005
55579,8,minibatch_k64,text_pca256_lexical_w005
55580,50,minibatch_k64,text_pca256_lexical_w005
55581,50,minibatch_k64,text_pca256_lexical_w005
55582,2,minibatch_k64,text_pca256_lexical_w005
55583,56,minibatch_k64,text_pca256_lexical_w005
55584,50,minibatch_k64,text_pca256_lexical_w005
55585,14,minibatch_k64,text_pca256_lexical_w005
55586,50,minibatch_k64,text_pca256_lexical_w005
55587,50,minibatch_k64,text_pca256_lexical_w005
55588,5,minibatch_k64,text_pca256_lexical_w005
55589,8,minibatch_k64,text_pca256_lexical_w005
55590,10,minibatch_k64,text_pca256_lexical_w005
55591,8,minibatch_k64,text_pca256_lexical_w005
55592,45,minibatch_k64,text_pca256_lexical_w005
55593,45,minibatch_k64,text_pca256_lexical_w005
55594,58,minibatch_k64,text_pca256_lexical_w005
55595,58,minibatch_k64,text_pca256_lexical_w005
55596,23,minibatch_k64,text_pca256_lexical_w005
55597,55,minibatch_k64,text_pca256_lexical_w005
55598,23,minibatch_k64,text_pca256_lexical_w005
55599,37,minibatch_k64,text_pca256_lexical_w005
55600,25,minibatch_k64,text_pca256_lexical_w005
55601,10,minibatch_k64,text_pca256_lexical_w005
55602,50,minibatch_k64,text_pca256_lexical_w005
55603,4,minibatch_k64,text_pca256_lexical_w005
55604,50,minibatch_k64,text_pca256_lexical_w005
55605,50,minibatch_k64,text_pca256_lexical_w005
55606,59,minibatch_k64,text_pca256_lexical_w005
55607,62,minibatch_k64,text_pca256_lexical_w005
55608,0,minibatch_k64,text_pca256_lexical_w005
55609,23,minibatch_k64,text_pca256_lexical_w005
55610,0,minibatch_k64,text_pca256_lexical_w005
55611,62,minibatch_k64,text_pca256_lexical_w005
55612,50,minibatch_k64,text_pca256_lexical_w005
55613,14,minibatch_k64,text_pca256_lexical_w005
55614,50,minibatch_k64,text_pca256_lexical_w005
55615,50,minibatch_k64,text_pca256_lexical_w005
55616,62,minibatch_k64,text_pca256_lexical_w005
55617,50,minibatch_k64,text_pca256_lexical_w005
55618,8,minibatch_k64,text_pca256_lexical_w005
55619,8,minibatch_k64,text_pca256_lexical_w005
55620,62,minibatch_k64,text_pca256_lexical_w005
55621,33,minibatch_k64,text_pca256_lexical_w005
55622,5,minibatch_k64,text_pca256_lexical_w005
55623,62,minibatch_k64,text_pca256_lexical_w005
55624,50,minibatch_k64,text_pca256_lexical_w005
55625,46,minibatch_k64,text_pca256_lexical_w005
55626,56,minibatch_k64,text_pca256_lexical_w005
55627,23,minibatch_k64,text_pca256_lexical_w005
55628,58,minibatch_k64,text_pca256_lexical_w005
55629,55,minibatch_k64,text_pca256_lexical_w005
55630,37,minibatch_k64,text_pca256_lexical_w005
55631,62,minibatch_k64,text_pca256_lexical_w005
55632,25,minibatch_k64,text_pca256_lexical_w005
55633,45,minibatch_k64,text_pca256_lexical_w005
55634,0,minibatch_k64,text_pca256_lexical_w005
55635,8,minibatch_k64,text_pca256_lexical_w005
55636,50,minibatch_k64,text_pca256_lexical_w005
55637,50,minibatch_k64,text_pca256_lexical_w005
55638,8,minibatch_k64,text_pca256_lexical_w005
55639,23,minibatch_k64,text_pca256_lexical_w005
55640,50,minibatch_k64,text_pca256_lexical_w005
55641,50,minibatch_k64,text_pca256_lexical_w005
55642,59,minibatch_k64,text_pca256_lexical_w005
55643,50,minibatch_k64,text_pca256_lexical_w005
55644,50,minibatch_k64,text_pca256_lexical_w005
55645,0,minibatch_k64,text_pca256_lexical_w005
55646,62,minibatch_k64,text_pca256_lexical_w005
55647,50,minibatch_k64,text_pca256_lexical_w005
55648,56,minibatch_k64,text_pca256_lexical_w005
55649,8,minibatch_k64,text_pca256_lexical_w005
55650,50,minibatch_k64,text_pca256_lexical_w005
55651,62,minibatch_k64,text_pca256_lexical_w005
55652,42,minibatch_k64,text_pca256_lexical_w005
55653,50,minibatch_k64,text_pca256_lexical_w005
55654,33,minibatch_k64,text_pca256_lexical_w005
55655,8,minibatch_k64,text_pca256_lexical_w005
55656,21,minibatch_k64,text_pca256_lexical_w005
55657,50,minibatch_k64,text_pca256_lexical_w005
55658,2,minibatch_k64,text_pca256_lexical_w005
55659,62,minibatch_k64,text_pca256_lexical_w005
55660,0,minibatch_k64,text_pca256_lexical_w005
55661,21,minibatch_k64,text_pca256_lexical_w005
55662,0,minibatch_k64,text_pca256_lexical_w005
55663,42,minibatch_k64,text_pca256_lexical_w005
55664,8,minibatch_k64,text_pca256_lexical_w005
55665,62,minibatch_k64,text_pca256_lexical_w005
55666,50,minibatch_k64,text_pca256_lexical_w005
55667,50,minibatch_k64,text_pca256_lexical_w005
55668,50,minibatch_k64,text_pca256_lexical_w005
55669,50,minibatch_k64,text_pca256_lexical_w005
55670,23,minibatch_k64,text_pca256_lexical_w005
55671,45,minibatch_k64,text_pca256_lexical_w005
55672,58,minibatch_k64,text_pca256_lexical_w005
55673,59,minibatch_k64,text_pca256_lexical_w005
55674,54,minibatch_k64,text_pca256_lexical_w005
55675,10,minibatch_k64,text_pca256_lexical_w005
55676,25,minibatch_k64,text_pca256_lexical_w005
55677,8,minibatch_k64,text_pca256_lexical_w005
55678,42,minibatch_k64,text_pca256_lexical_w005
55679,0,minibatch_k64,text_pca256_lexical_w005
55680,8,minibatch_k64,text_pca256_lexical_w005
55681,56,minibatch_k64,text_pca256_lexical_w005
55682,0,minibatch_k64,text_pca256_lexical_w005
55683,62,minibatch_k64,text_pca256_lexical_w005
55684,50,minibatch_k64,text_pca256_lexical_w005
55685,0,minibatch_k64,text_pca256_lexical_w005
55686,33,minibatch_k64,text_pca256_lexical_w005
55687,45,minibatch_k64,text_pca256_lexical_w005
55688,8,minibatch_k64,text_pca256_lexical_w005
55689,0,minibatch_k64,text_pca256_lexical_w005
55690,8,minibatch_k64,text_pca256_lexical_w005
55691,56,minibatch_k64,text_pca256_lexical_w005
55692,29,minibatch_k64,text_pca256_lexical_w005
55693,29,minibatch_k64,text_pca256_lexical_w005
55694,8,minibatch_k64,text_pca256_lexical_w005
55695,59,minibatch_k64,text_pca256_lexical_w005
55696,39,minibatch_k64,text_pca256_lexical_w005
55697,40,minibatch_k64,text_pca256_lexical_w005
55698,5,minibatch_k64,text_pca256_lexical_w005
55699,45,minibatch_k64,text_pca256_lexical_w005
55700,38,minibatch_k64,text_pca256_lexical_w005
55701,55,minibatch_k64,text_pca256_lexical_w005
55702,37,minibatch_k64,text_pca256_lexical_w005
55703,25,minibatch_k64,text_pca256_lexical_w005
55704,50,minibatch_k64,text_pca256_lexical_w005
55705,8,minibatch_k64,text_pca256_lexical_w005
55706,0,minibatch_k64,text_pca256_lexical_w005
55707,62,minibatch_k64,text_pca256_lexical_w005
55708,8,minibatch_k64,text_pca256_lexical_w005
55709,33,minibatch_k64,text_pca256_lexical_w005
55710,50,minibatch_k64,text_pca256_lexical_w005
55711,5,minibatch_k64,text_pca256_lexical_w005
55712,50,minibatch_k64,text_pca256_lexical_w005
55713,0,minibatch_k64,text_pca256_lexical_w005
55714,39,minibatch_k64,text_pca256_lexical_w005
55715,62,minibatch_k64,text_pca256_lexical_w005
55716,0,minibatch_k64,text_pca256_lexical_w005
55717,50,minibatch_k64,text_pca256_lexical_w005
55718,0,minibatch_k64,text_pca256_lexical_w005
55719,8,minibatch_k64,text_pca256_lexical_w005
55720,0,minibatch_k64,text_pca256_lexical_w005
55721,5,minibatch_k64,text_pca256_lexical_w005
55722,8,minibatch_k64,text_pca256_lexical_w005
55723,0,minibatch_k64,text_pca256_lexical_w005
55724,45,minibatch_k64,text_pca256_lexical_w005
55725,5,minibatch_k64,text_pca256_lexical_w005
55726,23,minibatch_k64,text_pca256_lexical_w005
55727,50,minibatch_k64,text_pca256_lexical_w005
55728,15,minibatch_k64,text_pca256_lexical_w005
55729,33,minibatch_k64,text_pca256_lexical_w005
55730,42,minibatch_k64,text_pca256_lexical_w005
55731,62,minibatch_k64,text_pca256_lexical_w005
55732,0,minibatch_k64,text_pca256_lexical_w005
55733,62,minibatch_k64,text_pca256_lexical_w005
55734,0,minibatch_k64,text_pca256_lexical_w005
55735,0,minibatch_k64,text_pca256_lexical_w005
55736,15,minibatch_k64,text_pca256_lexical_w005
55737,62,minibatch_k64,text_pca256_lexical_w005
55738,50,minibatch_k64,text_pca256_lexical_w005
55739,50,minibatch_k64,text_pca256_lexical_w005
55740,5,minibatch_k64,text_pca256_lexical_w005
55741,0,minibatch_k64,text_pca256_lexical_w005
55742,23,minibatch_k64,text_pca256_lexical_w005
55743,45,minibatch_k64,text_pca256_lexical_w005
55744,5,minibatch_k64,text_pca256_lexical_w005
55745,62,minibatch_k64,text_pca256_lexical_w005
55746,0,minibatch_k64,text_pca256_lexical_w005
55747,62,minibatch_k64,text_pca256_lexical_w005
55748,5,minibatch_k64,text_pca256_lexical_w005
55749,62,minibatch_k64,text_pca256_lexical_w005
55750,50,minibatch_k64,text_pca256_lexical_w005
55751,0,minibatch_k64,text_pca256_lexical_w005
55752,59,minibatch_k64,text_pca256_lexical_w005
55753,21,minibatch_k64,text_pca256_lexical_w005
55754,38,minibatch_k64,text_pca256_lexical_w005
55755,55,minibatch_k64,text_pca256_lexical_w005
55756,37,minibatch_k64,text_pca256_lexical_w005
55757,25,minibatch_k64,text_pca256_lexical_w005
55758,39,minibatch_k64,text_pca256_lexical_w005
55759,33,minibatch_k64,text_pca256_lexical_w005
55760,15,minibatch_k64,text_pca256_lexical_w005
55761,8,minibatch_k64,text_pca256_lexical_w005
55762,5,minibatch_k64,text_pca256_lexical_w005
55763,0,minibatch_k64,text_pca256_lexical_w005
55764,56,minibatch_k64,text_pca256_lexical_w005
55765,38,minibatch_k64,text_pca256_lexical_w005
55766,55,minibatch_k64,text_pca256_lexical_w005
55767,25,minibatch_k64,text_pca256_lexical_w005
55768,37,minibatch_k64,text_pca256_lexical_w005
55769,50,minibatch_k64,text_pca256_lexical_w005
55770,39,minibatch_k64,text_pca256_lexical_w005
55771,38,minibatch_k64,text_pca256_lexical_w005
55772,55,minibatch_k64,text_pca256_lexical_w005
55773,25,minibatch_k64,text_pca256_lexical_w005
55774,37,minibatch_k64,text_pca256_lexical_w005
55775,15,minibatch_k64,text_pca256_lexical_w005
55776,8,minibatch_k64,text_pca256_lexical_w005
55777,62,minibatch_k64,text_pca256_lexical_w005
55778,62,minibatch_k64,text_pca256_lexical_w005
55779,21,minibatch_k64,text_pca256_lexical_w005
55780,39,minibatch_k64,text_pca256_lexical_w005
55781,8,minibatch_k64,text_pca256_lexical_w005
55782,62,minibatch_k64,text_pca256_lexical_w005
55783,8,minibatch_k64,text_pca256_lexical_w005
55784,38,minibatch_k64,text_pca256_lexical_w005
55785,55,minibatch_k64,text_pca256_lexical_w005
55786,54,minibatch_k64,text_pca256_lexical_w005
55787,8,minibatch_k64,text_pca256_lexical_w005
55788,25,minibatch_k64,text_pca256_lexical_w005
55789,8,minibatch_k64,text_pca256_lexical_w005
55790,50,minibatch_k64,text_pca256_lexical_w005
55791,50,minibatch_k64,text_pca256_lexical_w005
55792,39,minibatch_k64,text_pca256_lexical_w005
55793,50,minibatch_k64,text_pca256_lexical_w005
55794,8,minibatch_k64,text_pca256_lexical_w005
55795,25,minibatch_k64,text_pca256_lexical_w005
55796,8,minibatch_k64,text_pca256_lexical_w005
55797,0,minibatch_k64,text_pca256_lexical_w005
55798,50,minibatch_k64,text_pca256_lexical_w005
55799,53,minibatch_k64,text_pca256_lexical_w005
55800,62,minibatch_k64,text_pca256_lexical_w005
55801,15,minibatch_k64,text_pca256_lexical_w005
55802,42,minibatch_k64,text_pca256_lexical_w005
55803,0,minibatch_k64,text_pca256_lexical_w005
55804,50,minibatch_k64,text_pca256_lexical_w005
55805,42,minibatch_k64,text_pca256_lexical_w005
55806,0,minibatch_k64,text_pca256_lexical_w005
55807,38,minibatch_k64,text_pca256_lexical_w005
55808,45,minibatch_k64,text_pca256_lexical_w005
55809,54,minibatch_k64,text_pca256_lexical_w005
55810,33,minibatch_k64,text_pca256_lexical_w005
55811,4,minibatch_k64,text_pca256_lexical_w005
55812,25,minibatch_k64,text_pca256_lexical_w005
55813,59,minibatch_k64,text_pca256_lexical_w005
55814,8,minibatch_k64,text_pca256_lexical_w005
55815,50,minibatch_k64,text_pca256_lexical_w005
55816,0,minibatch_k64,text_pca256_lexical_w005
55817,59,minibatch_k64,text_pca256_lexical_w005
55818,0,minibatch_k64,text_pca256_lexical_w005
55819,50,minibatch_k64,text_pca256_lexical_w005
55820,59,minibatch_k64,text_pca256_lexical_w005
55821,59,minibatch_k64,text_pca256_lexical_w005
55822,59,minibatch_k64,text_pca256_lexical_w005
55823,59,minibatch_k64,text_pca256_lexical_w005
55824,59,minibatch_k64,text_pca256_lexical_w005
55825,59,minibatch_k64,text_pca256_lexical_w005
55826,8,minibatch_k64,text_pca256_lexical_w005
55827,59,minibatch_k64,text_pca256_lexical_w005
55828,0,minibatch_k64,text_pca256_lexical_w005
55829,0,minibatch_k64,text_pca256_lexical_w005
55830,21,minibatch_k64,text_pca256_lexical_w005
55831,59,minibatch_k64,text_pca256_lexical_w005
55832,50,minibatch_k64,text_pca256_lexical_w005
55833,50,minibatch_k64,text_pca256_lexical_w005
55834,8,minibatch_k64,text_pca256_lexical_w005
55835,50,minibatch_k64,text_pca256_lexical_w005
55836,50,minibatch_k64,text_pca256_lexical_w005
55837,45,minibatch_k64,text_pca256_lexical_w005
55838,45,minibatch_k64,text_pca256_lexical_w005
55839,15,minibatch_k64,text_pca256_lexical_w005
55840,45,minibatch_k64,text_pca256_lexical_w005
55841,38,minibatch_k64,text_pca256_lexical_w005
55842,36,minibatch_k64,text_pca256_lexical_w005
55843,62,minibatch_k64,text_pca256_lexical_w005
55844,22,minibatch_k64,text_pca256_lexical_w005
55845,62,minibatch_k64,text_pca256_lexical_w005
55846,25,minibatch_k64,text_pca256_lexical_w005
55847,8,minibatch_k64,text_pca256_lexical_w005
55848,50,minibatch_k64,text_pca256_lexical_w005
55849,0,minibatch_k64,text_pca256_lexical_w005
55850,42,minibatch_k64,text_pca256_lexical_w005
55851,8,minibatch_k64,text_pca256_lexical_w005
55852,23,minibatch_k64,text_pca256_lexical_w005
55853,0,minibatch_k64,text_pca256_lexical_w005
55854,59,minibatch_k64,text_pca256_lexical_w005
55855,50,minibatch_k64,text_pca256_lexical_w005
55856,59,minibatch_k64,text_pca256_lexical_w005
55857,8,minibatch_k64,text_pca256_lexical_w005
55858,59,minibatch_k64,text_pca256_lexical_w005
55859,15,minibatch_k64,text_pca256_lexical_w005
55860,45,minibatch_k64,text_pca256_lexical_w005
55861,50,minibatch_k64,text_pca256_lexical_w005
55862,50,minibatch_k64,text_pca256_lexical_w005
55863,62,minibatch_k64,text_pca256_lexical_w005
55864,59,minibatch_k64,text_pca256_lexical_w005
55865,38,minibatch_k64,text_pca256_lexical_w005
55866,55,minibatch_k64,text_pca256_lexical_w005
55867,50,minibatch_k64,text_pca256_lexical_w005
55868,59,minibatch_k64,text_pca256_lexical_w005
55869,54,minibatch_k64,text_pca256_lexical_w005
55870,10,minibatch_k64,text_pca256_lexical_w005
55871,50,minibatch_k64,text_pca256_lexical_w005
55872,8,minibatch_k64,text_pca256_lexical_w005
55873,25,minibatch_k64,text_pca256_lexical_w005
55874,62,minibatch_k64,text_pca256_lexical_w005
55875,10,minibatch_k64,text_pca256_lexical_w005
55876,53,minibatch_k64,text_pca256_lexical_w005
55877,45,minibatch_k64,text_pca256_lexical_w005
55878,8,minibatch_k64,text_pca256_lexical_w005
55879,59,minibatch_k64,text_pca256_lexical_w005
55880,56,minibatch_k64,text_pca256_lexical_w005
55881,45,minibatch_k64,text_pca256_lexical_w005
55882,59,minibatch_k64,text_pca256_lexical_w005
55883,59,minibatch_k64,text_pca256_lexical_w005
55884,59,minibatch_k64,text_pca256_lexical_w005
55885,59,minibatch_k64,text_pca256_lexical_w005
55886,59,minibatch_k64,text_pca256_lexical_w005
55887,45,minibatch_k64,text_pca256_lexical_w005
55888,59,minibatch_k64,text_pca256_lexical_w005
55889,59,minibatch_k64,text_pca256_lexical_w005
55890,59,minibatch_k64,text_pca256_lexical_w005
55891,59,minibatch_k64,text_pca256_lexical_w005
55892,62,minibatch_k64,text_pca256_lexical_w005
55893,59,minibatch_k64,text_pca256_lexical_w005
55894,45,minibatch_k64,text_pca256_lexical_w005
55895,62,minibatch_k64,text_pca256_lexical_w005
55896,59,minibatch_k64,text_pca256_lexical_w005
55897,62,minibatch_k64,text_pca256_lexical_w005
55898,59,minibatch_k64,text_pca256_lexical_w005
55899,59,minibatch_k64,text_pca256_lexical_w005
55900,59,minibatch_k64,text_pca256_lexical_w005
55901,59,minibatch_k64,text_pca256_lexical_w005
55902,59,minibatch_k64,text_pca256_lexical_w005
55903,59,minibatch_k64,text_pca256_lexical_w005
55904,59,minibatch_k64,text_pca256_lexical_w005
55905,45,minibatch_k64,text_pca256_lexical_w005
55906,0,minibatch_k64,text_pca256_lexical_w005
55907,45,minibatch_k64,text_pca256_lexical_w005
55908,45,minibatch_k64,text_pca256_lexical_w005
55909,45,minibatch_k64,text_pca256_lexical_w005
55910,59,minibatch_k64,text_pca256_lexical_w005
55911,0,minibatch_k64,text_pca256_lexical_w005
55912,50,minibatch_k64,text_pca256_lexical_w005
55913,62,minibatch_k64,text_pca256_lexical_w005
55914,45,minibatch_k64,text_pca256_lexical_w005
55915,45,minibatch_k64,text_pca256_lexical_w005
55916,59,minibatch_k64,text_pca256_lexical_w005
55917,59,minibatch_k64,text_pca256_lexical_w005
55918,10,minibatch_k64,text_pca256_lexical_w005
55919,10,minibatch_k64,text_pca256_lexical_w005
55920,18,minibatch_k64,text_pca256_lexical_w005
55921,45,minibatch_k64,text_pca256_lexical_w005
55922,45,minibatch_k64,text_pca256_lexical_w005
55923,59,minibatch_k64,text_pca256_lexical_w005
55924,45,minibatch_k64,text_pca256_lexical_w005
55925,50,minibatch_k64,text_pca256_lexical_w005
55926,62,minibatch_k64,text_pca256_lexical_w005
55927,45,minibatch_k64,text_pca256_lexical_w005
55928,45,minibatch_k64,text_pca256_lexical_w005
55929,59,minibatch_k64,text_pca256_lexical_w005
55930,59,minibatch_k64,text_pca256_lexical_w005
55931,59,minibatch_k64,text_pca256_lexical_w005
55932,45,minibatch_k64,text_pca256_lexical_w005
55933,45,minibatch_k64,text_pca256_lexical_w005
55934,45,minibatch_k64,text_pca256_lexical_w005
55935,8,minibatch_k64,text_pca256_lexical_w005
55936,59,minibatch_k64,text_pca256_lexical_w005
55937,45,minibatch_k64,text_pca256_lexical_w005
55938,59,minibatch_k64,text_pca256_lexical_w005
55939,45,minibatch_k64,text_pca256_lexical_w005
55940,59,minibatch_k64,text_pca256_lexical_w005
55941,45,minibatch_k64,text_pca256_lexical_w005
55942,45,minibatch_k64,text_pca256_lexical_w005
55943,59,minibatch_k64,text_pca256_lexical_w005
55944,59,minibatch_k64,text_pca256_lexical_w005
55945,2,minibatch_k64,text_pca256_lexical_w005
55946,59,minibatch_k64,text_pca256_lexical_w005
55947,59,minibatch_k64,text_pca256_lexical_w005
55948,59,minibatch_k64,text_pca256_lexical_w005
55949,59,minibatch_k64,text_pca256_lexical_w005
55950,59,minibatch_k64,text_pca256_lexical_w005
55951,0,minibatch_k64,text_pca256_lexical_w005
55952,59,minibatch_k64,text_pca256_lexical_w005
55953,2,minibatch_k64,text_pca256_lexical_w005
55954,59,minibatch_k64,text_pca256_lexical_w005
55955,59,minibatch_k64,text_pca256_lexical_w005
55956,59,minibatch_k64,text_pca256_lexical_w005
55957,59,minibatch_k64,text_pca256_lexical_w005
55958,62,minibatch_k64,text_pca256_lexical_w005
55959,59,minibatch_k64,text_pca256_lexical_w005
55960,2,minibatch_k64,text_pca256_lexical_w005
55961,53,minibatch_k64,text_pca256_lexical_w005
55962,42,minibatch_k64,text_pca256_lexical_w005
55963,62,minibatch_k64,text_pca256_lexical_w005
55964,45,minibatch_k64,text_pca256_lexical_w005
55965,6,minibatch_k64,text_pca256_lexical_w005
55966,62,minibatch_k64,text_pca256_lexical_w005
55967,0,minibatch_k64,text_pca256_lexical_w005
55968,2,minibatch_k64,text_pca256_lexical_w005
55969,59,minibatch_k64,text_pca256_lexical_w005
55970,53,minibatch_k64,text_pca256_lexical_w005
55971,23,minibatch_k64,text_pca256_lexical_w005
55972,59,minibatch_k64,text_pca256_lexical_w005
55973,59,minibatch_k64,text_pca256_lexical_w005
55974,62,minibatch_k64,text_pca256_lexical_w005
55975,59,minibatch_k64,text_pca256_lexical_w005
55976,62,minibatch_k64,text_pca256_lexical_w005
55977,2,minibatch_k64,text_pca256_lexical_w005
55978,23,minibatch_k64,text_pca256_lexical_w005
55979,0,minibatch_k64,text_pca256_lexical_w005
55980,33,minibatch_k64,text_pca256_lexical_w005
55981,33,minibatch_k64,text_pca256_lexical_w005
55982,6,minibatch_k64,text_pca256_lexical_w005
55983,0,minibatch_k64,text_pca256_lexical_w005
55984,10,minibatch_k64,text_pca256_lexical_w005
55985,0,minibatch_k64,text_pca256_lexical_w005
55986,50,minibatch_k64,text_pca256_lexical_w005
55987,10,minibatch_k64,text_pca256_lexical_w005
55988,10,minibatch_k64,text_pca256_lexical_w005
55989,10,minibatch_k64,text_pca256_lexical_w005
55990,59,minibatch_k64,text_pca256_lexical_w005
55991,59,minibatch_k64,text_pca256_lexical_w005
55992,59,minibatch_k64,text_pca256_lexical_w005
55993,59,minibatch_k64,text_pca256_lexical_w005
55994,23,minibatch_k64,text_pca256_lexical_w005
55995,59,minibatch_k64,text_pca256_lexical_w005
55996,59,minibatch_k64,text_pca256_lexical_w005
55997,59,minibatch_k64,text_pca256_lexical_w005
55998,59,minibatch_k64,text_pca256_lexical_w005
55999,53,minibatch_k64,text_pca256_lexical_w005
56000,59,minibatch_k64,text_pca256_lexical_w005
56001,0,minibatch_k64,text_pca256_lexical_w005
56002,8,minibatch_k64,text_pca256_lexical_w005
56003,2,minibatch_k64,text_pca256_lexical_w005
56004,0,minibatch_k64,text_pca256_lexical_w005
56005,5,minibatch_k64,text_pca256_lexical_w005
56006,5,minibatch_k64,text_pca256_lexical_w005
56007,5,minibatch_k64,text_pca256_lexical_w005
56008,5,minibatch_k64,text_pca256_lexical_w005
56009,5,minibatch_k64,text_pca256_lexical_w005
56010,5,minibatch_k64,text_pca256_lexical_w005
56011,23,minibatch_k64,text_pca256_lexical_w005
56012,45,minibatch_k64,text_pca256_lexical_w005
56013,2,minibatch_k64,text_pca256_lexical_w005
56014,45,minibatch_k64,text_pca256_lexical_w005
56015,5,minibatch_k64,text_pca256_lexical_w005
56016,2,minibatch_k64,text_pca256_lexical_w005
56017,45,minibatch_k64,text_pca256_lexical_w005
56018,8,minibatch_k64,text_pca256_lexical_w005
56019,45,minibatch_k64,text_pca256_lexical_w005
56020,0,minibatch_k64,text_pca256_lexical_w005
56021,2,minibatch_k64,text_pca256_lexical_w005
56022,5,minibatch_k64,text_pca256_lexical_w005
56023,10,minibatch_k64,text_pca256_lexical_w005
56024,2,minibatch_k64,text_pca256_lexical_w005
56025,5,minibatch_k64,text_pca256_lexical_w005
56026,2,minibatch_k64,text_pca256_lexical_w005
56027,4,minibatch_k64,text_pca256_lexical_w005
56028,4,minibatch_k64,text_pca256_lexical_w005
56029,33,minibatch_k64,text_pca256_lexical_w005
56030,2,minibatch_k64,text_pca256_lexical_w005
56031,42,minibatch_k64,text_pca256_lexical_w005
56032,2,minibatch_k64,text_pca256_lexical_w005
56033,5,minibatch_k64,text_pca256_lexical_w005
56034,42,minibatch_k64,text_pca256_lexical_w005
56035,8,minibatch_k64,text_pca256_lexical_w005
56036,5,minibatch_k64,text_pca256_lexical_w005
56037,2,minibatch_k64,text_pca256_lexical_w005
56038,5,minibatch_k64,text_pca256_lexical_w005
56039,5,minibatch_k64,text_pca256_lexical_w005
56040,29,minibatch_k64,text_pca256_lexical_w005
56041,62,minibatch_k64,text_pca256_lexical_w005
56042,5,minibatch_k64,text_pca256_lexical_w005
56043,23,minibatch_k64,text_pca256_lexical_w005
56044,39,minibatch_k64,text_pca256_lexical_w005
56045,2,minibatch_k64,text_pca256_lexical_w005
56046,8,minibatch_k64,text_pca256_lexical_w005
56047,5,minibatch_k64,text_pca256_lexical_w005
56048,2,minibatch_k64,text_pca256_lexical_w005
56049,2,minibatch_k64,text_pca256_lexical_w005
56050,33,minibatch_k64,text_pca256_lexical_w005
56051,23,minibatch_k64,text_pca256_lexical_w005
56052,0,minibatch_k64,text_pca256_lexical_w005
56053,33,minibatch_k64,text_pca256_lexical_w005
56054,2,minibatch_k64,text_pca256_lexical_w005
56055,2,minibatch_k64,text_pca256_lexical_w005
56056,2,minibatch_k64,text_pca256_lexical_w005
56057,2,minibatch_k64,text_pca256_lexical_w005
56058,15,minibatch_k64,text_pca256_lexical_w005
56059,23,minibatch_k64,text_pca256_lexical_w005
56060,45,minibatch_k64,text_pca256_lexical_w005
56061,2,minibatch_k64,text_pca256_lexical_w005
56062,2,minibatch_k64,text_pca256_lexical_w005
56063,2,minibatch_k64,text_pca256_lexical_w005
56064,39,minibatch_k64,text_pca256_lexical_w005
56065,2,minibatch_k64,text_pca256_lexical_w005
56066,45,minibatch_k64,text_pca256_lexical_w005
56067,5,minibatch_k64,text_pca256_lexical_w005
56068,2,minibatch_k64,text_pca256_lexical_w005
56069,5,minibatch_k64,text_pca256_lexical_w005
56070,5,minibatch_k64,text_pca256_lexical_w005
56071,2,minibatch_k64,text_pca256_lexical_w005
56072,2,minibatch_k64,text_pca256_lexical_w005
56073,5,minibatch_k64,text_pca256_lexical_w005
56074,2,minibatch_k64,text_pca256_lexical_w005
56075,5,minibatch_k64,text_pca256_lexical_w005
56076,5,minibatch_k64,text_pca256_lexical_w005
56077,62,minibatch_k64,text_pca256_lexical_w005
56078,2,minibatch_k64,text_pca256_lexical_w005
56079,62,minibatch_k64,text_pca256_lexical_w005
56080,33,minibatch_k64,text_pca256_lexical_w005
56081,62,minibatch_k64,text_pca256_lexical_w005
56082,2,minibatch_k64,text_pca256_lexical_w005
56083,0,minibatch_k64,text_pca256_lexical_w005
56084,21,minibatch_k64,text_pca256_lexical_w005
56085,2,minibatch_k64,text_pca256_lexical_w005
56086,2,minibatch_k64,text_pca256_lexical_w005
56087,2,minibatch_k64,text_pca256_lexical_w005
56088,2,minibatch_k64,text_pca256_lexical_w005
56089,2,minibatch_k64,text_pca256_lexical_w005
56090,45,minibatch_k64,text_pca256_lexical_w005
56091,2,minibatch_k64,text_pca256_lexical_w005
56092,2,minibatch_k64,text_pca256_lexical_w005
56093,5,minibatch_k64,text_pca256_lexical_w005
56094,5,minibatch_k64,text_pca256_lexical_w005
56095,5,minibatch_k64,text_pca256_lexical_w005
56096,33,minibatch_k64,text_pca256_lexical_w005
56097,2,minibatch_k64,text_pca256_lexical_w005
56098,2,minibatch_k64,text_pca256_lexical_w005
56099,15,minibatch_k64,text_pca256_lexical_w005
56100,15,minibatch_k64,text_pca256_lexical_w005
56101,23,minibatch_k64,text_pca256_lexical_w005
56102,45,minibatch_k64,text_pca256_lexical_w005
56103,15,minibatch_k64,text_pca256_lexical_w005
56104,33,minibatch_k64,text_pca256_lexical_w005
56105,2,minibatch_k64,text_pca256_lexical_w005
56106,38,minibatch_k64,text_pca256_lexical_w005
56107,2,minibatch_k64,text_pca256_lexical_w005
56108,2,minibatch_k64,text_pca256_lexical_w005
56109,55,minibatch_k64,text_pca256_lexical_w005
56110,62,minibatch_k64,text_pca256_lexical_w005
56111,62,minibatch_k64,text_pca256_lexical_w005
56112,2,minibatch_k64,text_pca256_lexical_w005
56113,35,minibatch_k64,text_pca256_lexical_w005
56114,62,minibatch_k64,text_pca256_lexical_w005
56115,5,minibatch_k64,text_pca256_lexical_w005
56116,2,minibatch_k64,text_pca256_lexical_w005
56117,4,minibatch_k64,text_pca256_lexical_w005
56118,45,minibatch_k64,text_pca256_lexical_w005
56119,2,minibatch_k64,text_pca256_lexical_w005
56120,4,minibatch_k64,text_pca256_lexical_w005
56121,2,minibatch_k64,text_pca256_lexical_w005
56122,2,minibatch_k64,text_pca256_lexical_w005
56123,8,minibatch_k64,text_pca256_lexical_w005
56124,42,minibatch_k64,text_pca256_lexical_w005
56125,2,minibatch_k64,text_pca256_lexical_w005
56126,2,minibatch_k64,text_pca256_lexical_w005
56127,50,minibatch_k64,text_pca256_lexical_w005
56128,23,minibatch_k64,text_pca256_lexical_w005
56129,2,minibatch_k64,text_pca256_lexical_w005
56130,2,minibatch_k64,text_pca256_lexical_w005
56131,10,minibatch_k64,text_pca256_lexical_w005
56132,2,minibatch_k64,text_pca256_lexical_w005
56133,2,minibatch_k64,text_pca256_lexical_w005
56134,0,minibatch_k64,text_pca256_lexical_w005
56135,2,minibatch_k64,text_pca256_lexical_w005
56136,2,minibatch_k64,text_pca256_lexical_w005
56137,33,minibatch_k64,text_pca256_lexical_w005
56138,2,minibatch_k64,text_pca256_lexical_w005
56139,15,minibatch_k64,text_pca256_lexical_w005
56140,2,minibatch_k64,text_pca256_lexical_w005
56141,2,minibatch_k64,text_pca256_lexical_w005
56142,2,minibatch_k64,text_pca256_lexical_w005
56143,50,minibatch_k64,text_pca256_lexical_w005
56144,2,minibatch_k64,text_pca256_lexical_w005
56145,15,minibatch_k64,text_pca256_lexical_w005
56146,0,minibatch_k64,text_pca256_lexical_w005
56147,8,minibatch_k64,text_pca256_lexical_w005
56148,15,minibatch_k64,text_pca256_lexical_w005
56149,2,minibatch_k64,text_pca256_lexical_w005
56150,23,minibatch_k64,text_pca256_lexical_w005
56151,62,minibatch_k64,text_pca256_lexical_w005
56152,2,minibatch_k64,text_pca256_lexical_w005
56153,5,minibatch_k64,text_pca256_lexical_w005
56154,50,minibatch_k64,text_pca256_lexical_w005
56155,0,minibatch_k64,text_pca256_lexical_w005
56156,2,minibatch_k64,text_pca256_lexical_w005
56157,2,minibatch_k64,text_pca256_lexical_w005
56158,5,minibatch_k64,text_pca256_lexical_w005
56159,2,minibatch_k64,text_pca256_lexical_w005
56160,2,minibatch_k64,text_pca256_lexical_w005
56161,2,minibatch_k64,text_pca256_lexical_w005
56162,5,minibatch_k64,text_pca256_lexical_w005
56163,0,minibatch_k64,text_pca256_lexical_w005
56164,2,minibatch_k64,text_pca256_lexical_w005
56165,5,minibatch_k64,text_pca256_lexical_w005
56166,15,minibatch_k64,text_pca256_lexical_w005
56167,42,minibatch_k64,text_pca256_lexical_w005
56168,2,minibatch_k64,text_pca256_lexical_w005
56169,38,minibatch_k64,text_pca256_lexical_w005
56170,0,minibatch_k64,text_pca256_lexical_w005
56171,2,minibatch_k64,text_pca256_lexical_w005
56172,54,minibatch_k64,text_pca256_lexical_w005
56173,2,minibatch_k64,text_pca256_lexical_w005
56174,0,minibatch_k64,text_pca256_lexical_w005
56175,15,minibatch_k64,text_pca256_lexical_w005
56176,2,minibatch_k64,text_pca256_lexical_w005
56177,2,minibatch_k64,text_pca256_lexical_w005
56178,2,minibatch_k64,text_pca256_lexical_w005
56179,2,minibatch_k64,text_pca256_lexical_w005
56180,5,minibatch_k64,text_pca256_lexical_w005
56181,23,minibatch_k64,text_pca256_lexical_w005
56182,2,minibatch_k64,text_pca256_lexical_w005
56183,2,minibatch_k64,text_pca256_lexical_w005
56184,8,minibatch_k64,text_pca256_lexical_w005
56185,2,minibatch_k64,text_pca256_lexical_w005
56186,23,minibatch_k64,text_pca256_lexical_w005
56187,2,minibatch_k64,text_pca256_lexical_w005
56188,2,minibatch_k64,text_pca256_lexical_w005
56189,39,minibatch_k64,text_pca256_lexical_w005
56190,4,minibatch_k64,text_pca256_lexical_w005
56191,2,minibatch_k64,text_pca256_lexical_w005
56192,5,minibatch_k64,text_pca256_lexical_w005
56193,23,minibatch_k64,text_pca256_lexical_w005
56194,21,minibatch_k64,text_pca256_lexical_w005
56195,15,minibatch_k64,text_pca256_lexical_w005
56196,15,minibatch_k64,text_pca256_lexical_w005
56197,50,minibatch_k64,text_pca256_lexical_w005
56198,50,minibatch_k64,text_pca256_lexical_w005
56199,2,minibatch_k64,text_pca256_lexical_w005
56200,15,minibatch_k64,text_pca256_lexical_w005
56201,15,minibatch_k64,text_pca256_lexical_w005
56202,8,minibatch_k64,text_pca256_lexical_w005
56203,2,minibatch_k64,text_pca256_lexical_w005
56204,8,minibatch_k64,text_pca256_lexical_w005
56205,55,minibatch_k64,text_pca256_lexical_w005
56206,54,minibatch_k64,text_pca256_lexical_w005
56207,2,minibatch_k64,text_pca256_lexical_w005
56208,26,minibatch_k64,text_pca256_lexical_w005
56209,2,minibatch_k64,text_pca256_lexical_w005
56210,2,minibatch_k64,text_pca256_lexical_w005
56211,50,minibatch_k64,text_pca256_lexical_w005
56212,2,minibatch_k64,text_pca256_lexical_w005
56213,8,minibatch_k64,text_pca256_lexical_w005
56214,8,minibatch_k64,text_pca256_lexical_w005
56215,42,minibatch_k64,text_pca256_lexical_w005
56216,2,minibatch_k64,text_pca256_lexical_w005
56217,2,minibatch_k64,text_pca256_lexical_w005
56218,4,minibatch_k64,text_pca256_lexical_w005
56219,4,minibatch_k64,text_pca256_lexical_w005
56220,2,minibatch_k64,text_pca256_lexical_w005
56221,2,minibatch_k64,text_pca256_lexical_w005
56222,2,minibatch_k64,text_pca256_lexical_w005
56223,2,minibatch_k64,text_pca256_lexical_w005
56224,15,minibatch_k64,text_pca256_lexical_w005
56225,4,minibatch_k64,text_pca256_lexical_w005
56226,45,minibatch_k64,text_pca256_lexical_w005
56227,2,minibatch_k64,text_pca256_lexical_w005
56228,15,minibatch_k64,text_pca256_lexical_w005
56229,2,minibatch_k64,text_pca256_lexical_w005
56230,4,minibatch_k64,text_pca256_lexical_w005
56231,21,minibatch_k64,text_pca256_lexical_w005
56232,23,minibatch_k64,text_pca256_lexical_w005
56233,23,minibatch_k64,text_pca256_lexical_w005
56234,61,minibatch_k64,text_pca256_lexical_w005
56235,23,minibatch_k64,text_pca256_lexical_w005
56236,2,minibatch_k64,text_pca256_lexical_w005
56237,0,minibatch_k64,text_pca256_lexical_w005
56238,38,minibatch_k64,text_pca256_lexical_w005
56239,55,minibatch_k64,text_pca256_lexical_w005
56240,59,minibatch_k64,text_pca256_lexical_w005
56241,2,minibatch_k64,text_pca256_lexical_w005
56242,2,minibatch_k64,text_pca256_lexical_w005
56243,8,minibatch_k64,text_pca256_lexical_w005
56244,23,minibatch_k64,text_pca256_lexical_w005
56245,42,minibatch_k64,text_pca256_lexical_w005
56246,8,minibatch_k64,text_pca256_lexical_w005
56247,23,minibatch_k64,text_pca256_lexical_w005
56248,15,minibatch_k64,text_pca256_lexical_w005
56249,42,minibatch_k64,text_pca256_lexical_w005
56250,0,minibatch_k64,text_pca256_lexical_w005
56251,0,minibatch_k64,text_pca256_lexical_w005
56252,15,minibatch_k64,text_pca256_lexical_w005
56253,8,minibatch_k64,text_pca256_lexical_w005
56254,15,minibatch_k64,text_pca256_lexical_w005
56255,15,minibatch_k64,text_pca256_lexical_w005
56256,15,minibatch_k64,text_pca256_lexical_w005
56257,8,minibatch_k64,text_pca256_lexical_w005
56258,15,minibatch_k64,text_pca256_lexical_w005
56259,15,minibatch_k64,text_pca256_lexical_w005
56260,8,minibatch_k64,text_pca256_lexical_w005
56261,21,minibatch_k64,text_pca256_lexical_w005
56262,0,minibatch_k64,text_pca256_lexical_w005
56263,23,minibatch_k64,text_pca256_lexical_w005
56264,15,minibatch_k64,text_pca256_lexical_w005
56265,5,minibatch_k64,text_pca256_lexical_w005
56266,23,minibatch_k64,text_pca256_lexical_w005
56267,33,minibatch_k64,text_pca256_lexical_w005
56268,15,minibatch_k64,text_pca256_lexical_w005
56269,53,minibatch_k64,text_pca256_lexical_w005
56270,38,minibatch_k64,text_pca256_lexical_w005
56271,15,minibatch_k64,text_pca256_lexical_w005
56272,45,minibatch_k64,text_pca256_lexical_w005
56273,0,minibatch_k64,text_pca256_lexical_w005
56274,55,minibatch_k64,text_pca256_lexical_w005
56275,23,minibatch_k64,text_pca256_lexical_w005
56276,15,minibatch_k64,text_pca256_lexical_w005
56277,0,minibatch_k64,text_pca256_lexical_w005
56278,0,minibatch_k64,text_pca256_lexical_w005
56279,23,minibatch_k64,text_pca256_lexical_w005
56280,23,minibatch_k64,text_pca256_lexical_w005
56281,62,minibatch_k64,text_pca256_lexical_w005
56282,15,minibatch_k64,text_pca256_lexical_w005
56283,8,minibatch_k64,text_pca256_lexical_w005
56284,40,minibatch_k64,text_pca256_lexical_w005
56285,12,minibatch_k64,text_pca256_lexical_w005
56286,8,minibatch_k64,text_pca256_lexical_w005
56287,33,minibatch_k64,text_pca256_lexical_w005
56288,33,minibatch_k64,text_pca256_lexical_w005
56289,0,minibatch_k64,text_pca256_lexical_w005
56290,0,minibatch_k64,text_pca256_lexical_w005
56291,40,minibatch_k64,text_pca256_lexical_w005
56292,42,minibatch_k64,text_pca256_lexical_w005
56293,2,minibatch_k64,text_pca256_lexical_w005
56294,0,minibatch_k64,text_pca256_lexical_w005
56295,23,minibatch_k64,text_pca256_lexical_w005
56296,40,minibatch_k64,text_pca256_lexical_w005
56297,47,minibatch_k64,text_pca256_lexical_w005
56298,38,minibatch_k64,text_pca256_lexical_w005
56299,45,minibatch_k64,text_pca256_lexical_w005
56300,55,minibatch_k64,text_pca256_lexical_w005
56301,10,minibatch_k64,text_pca256_lexical_w005
56302,21,minibatch_k64,text_pca256_lexical_w005
56303,10,minibatch_k64,text_pca256_lexical_w005
56304,21,minibatch_k64,text_pca256_lexical_w005
56305,10,minibatch_k64,text_pca256_lexical_w005
56306,23,minibatch_k64,text_pca256_lexical_w005
56307,23,minibatch_k64,text_pca256_lexical_w005
56308,0,minibatch_k64,text_pca256_lexical_w005
56309,0,minibatch_k64,text_pca256_lexical_w005
56310,23,minibatch_k64,text_pca256_lexical_w005
56311,23,minibatch_k64,text_pca256_lexical_w005
56312,33,minibatch_k64,text_pca256_lexical_w005
56313,12,minibatch_k64,text_pca256_lexical_w005
56314,15,minibatch_k64,text_pca256_lexical_w005
56315,15,minibatch_k64,text_pca256_lexical_w005
56316,23,minibatch_k64,text_pca256_lexical_w005
56317,0,minibatch_k64,text_pca256_lexical_w005
56318,2,minibatch_k64,text_pca256_lexical_w005
56319,23,minibatch_k64,text_pca256_lexical_w005
56320,23,minibatch_k64,text_pca256_lexical_w005
56321,12,minibatch_k64,text_pca256_lexical_w005
56322,23,minibatch_k64,text_pca256_lexical_w005
56323,40,minibatch_k64,text_pca256_lexical_w005
56324,40,minibatch_k64,text_pca256_lexical_w005
56325,23,minibatch_k64,text_pca256_lexical_w005
56326,2,minibatch_k64,text_pca256_lexical_w005
56327,21,minibatch_k64,text_pca256_lexical_w005
56328,23,minibatch_k64,text_pca256_lexical_w005
56329,8,minibatch_k64,text_pca256_lexical_w005
56330,23,minibatch_k64,text_pca256_lexical_w005
56331,62,minibatch_k64,text_pca256_lexical_w005
56332,8,minibatch_k64,text_pca256_lexical_w005
56333,8,minibatch_k64,text_pca256_lexical_w005
56334,23,minibatch_k64,text_pca256_lexical_w005
56335,23,minibatch_k64,text_pca256_lexical_w005
56336,15,minibatch_k64,text_pca256_lexical_w005
56337,15,minibatch_k64,text_pca256_lexical_w005
56338,15,minibatch_k64,text_pca256_lexical_w005
56339,23,minibatch_k64,text_pca256_lexical_w005
56340,0,minibatch_k64,text_pca256_lexical_w005
56341,10,minibatch_k64,text_pca256_lexical_w005
56342,33,minibatch_k64,text_pca256_lexical_w005
56343,23,minibatch_k64,text_pca256_lexical_w005
56344,10,minibatch_k64,text_pca256_lexical_w005
56345,38,minibatch_k64,text_pca256_lexical_w005
56346,10,minibatch_k64,text_pca256_lexical_w005
56347,39,minibatch_k64,text_pca256_lexical_w005
56348,55,minibatch_k64,text_pca256_lexical_w005
56349,0,minibatch_k64,text_pca256_lexical_w005
56350,2,minibatch_k64,text_pca256_lexical_w005
56351,23,minibatch_k64,text_pca256_lexical_w005
56352,12,minibatch_k64,text_pca256_lexical_w005
56353,40,minibatch_k64,text_pca256_lexical_w005
56354,40,minibatch_k64,text_pca256_lexical_w005
56355,33,minibatch_k64,text_pca256_lexical_w005
56356,15,minibatch_k64,text_pca256_lexical_w005
56357,0,minibatch_k64,text_pca256_lexical_w005
56358,23,minibatch_k64,text_pca256_lexical_w005
56359,56,minibatch_k64,text_pca256_lexical_w005
56360,8,minibatch_k64,text_pca256_lexical_w005
56361,10,minibatch_k64,text_pca256_lexical_w005
56362,40,minibatch_k64,text_pca256_lexical_w005
56363,23,minibatch_k64,text_pca256_lexical_w005
56364,2,minibatch_k64,text_pca256_lexical_w005
56365,21,minibatch_k64,text_pca256_lexical_w005
56366,0,minibatch_k64,text_pca256_lexical_w005
56367,15,minibatch_k64,text_pca256_lexical_w005
56368,8,minibatch_k64,text_pca256_lexical_w005
56369,0,minibatch_k64,text_pca256_lexical_w005
56370,23,minibatch_k64,text_pca256_lexical_w005
56371,2,minibatch_k64,text_pca256_lexical_w005
56372,62,minibatch_k64,text_pca256_lexical_w005
56373,21,minibatch_k64,text_pca256_lexical_w005
56374,8,minibatch_k64,text_pca256_lexical_w005
56375,2,minibatch_k64,text_pca256_lexical_w005
56376,15,minibatch_k64,text_pca256_lexical_w005
56377,2,minibatch_k64,text_pca256_lexical_w005
56378,0,minibatch_k64,text_pca256_lexical_w005
56379,15,minibatch_k64,text_pca256_lexical_w005
56380,10,minibatch_k64,text_pca256_lexical_w005
56381,0,minibatch_k64,text_pca256_lexical_w005
56382,23,minibatch_k64,text_pca256_lexical_w005
56383,50,minibatch_k64,text_pca256_lexical_w005
56384,23,minibatch_k64,text_pca256_lexical_w005
56385,8,minibatch_k64,text_pca256_lexical_w005
56386,8,minibatch_k64,text_pca256_lexical_w005
56387,33,minibatch_k64,text_pca256_lexical_w005
56388,23,minibatch_k64,text_pca256_lexical_w005
56389,2,minibatch_k64,text_pca256_lexical_w005
56390,33,minibatch_k64,text_pca256_lexical_w005
56391,38,minibatch_k64,text_pca256_lexical_w005
56392,55,minibatch_k64,text_pca256_lexical_w005
56393,54,minibatch_k64,text_pca256_lexical_w005
56394,33,minibatch_k64,text_pca256_lexical_w005
56395,15,minibatch_k64,text_pca256_lexical_w005
56396,2,minibatch_k64,text_pca256_lexical_w005
56397,23,minibatch_k64,text_pca256_lexical_w005
56398,21,minibatch_k64,text_pca256_lexical_w005
56399,8,minibatch_k64,text_pca256_lexical_w005
56400,59,minibatch_k64,text_pca256_lexical_w005
56401,0,minibatch_k64,text_pca256_lexical_w005
56402,50,minibatch_k64,text_pca256_lexical_w005
56403,12,minibatch_k64,text_pca256_lexical_w005
56404,21,minibatch_k64,text_pca256_lexical_w005
56405,40,minibatch_k64,text_pca256_lexical_w005
56406,8,minibatch_k64,text_pca256_lexical_w005
56407,62,minibatch_k64,text_pca256_lexical_w005
56408,2,minibatch_k64,text_pca256_lexical_w005
56409,12,minibatch_k64,text_pca256_lexical_w005
56410,15,minibatch_k64,text_pca256_lexical_w005
56411,23,minibatch_k64,text_pca256_lexical_w005
56412,2,minibatch_k64,text_pca256_lexical_w005
56413,21,minibatch_k64,text_pca256_lexical_w005
56414,21,minibatch_k64,text_pca256_lexical_w005
56415,23,minibatch_k64,text_pca256_lexical_w005
56416,23,minibatch_k64,text_pca256_lexical_w005
56417,62,minibatch_k64,text_pca256_lexical_w005
56418,21,minibatch_k64,text_pca256_lexical_w005
56419,23,minibatch_k64,text_pca256_lexical_w005
56420,16,minibatch_k64,text_pca256_lexical_w005
56421,23,minibatch_k64,text_pca256_lexical_w005
56422,23,minibatch_k64,text_pca256_lexical_w005
56423,23,minibatch_k64,text_pca256_lexical_w005
56424,21,minibatch_k64,text_pca256_lexical_w005
56425,23,minibatch_k64,text_pca256_lexical_w005
56426,10,minibatch_k64,text_pca256_lexical_w005
56427,15,minibatch_k64,text_pca256_lexical_w005
56428,59,minibatch_k64,text_pca256_lexical_w005
56429,62,minibatch_k64,text_pca256_lexical_w005
56430,2,minibatch_k64,text_pca256_lexical_w005
56431,21,minibatch_k64,text_pca256_lexical_w005
56432,0,minibatch_k64,text_pca256_lexical_w005
56433,2,minibatch_k64,text_pca256_lexical_w005
56434,0,minibatch_k64,text_pca256_lexical_w005
56435,0,minibatch_k64,text_pca256_lexical_w005
56436,0,minibatch_k64,text_pca256_lexical_w005
56437,62,minibatch_k64,text_pca256_lexical_w005
56438,0,minibatch_k64,text_pca256_lexical_w005
56439,23,minibatch_k64,text_pca256_lexical_w005
56440,23,minibatch_k64,text_pca256_lexical_w005
56441,11,minibatch_k64,text_pca256_lexical_w005
56442,57,minibatch_k64,text_pca256_lexical_w005
56443,11,minibatch_k64,text_pca256_lexical_w005
56444,59,minibatch_k64,text_pca256_lexical_w005
56445,11,minibatch_k64,text_pca256_lexical_w005
56446,57,minibatch_k64,text_pca256_lexical_w005
56447,23,minibatch_k64,text_pca256_lexical_w005
56448,57,minibatch_k64,text_pca256_lexical_w005
56449,5,minibatch_k64,text_pca256_lexical_w005
56450,23,minibatch_k64,text_pca256_lexical_w005
56451,0,minibatch_k64,text_pca256_lexical_w005
56452,12,minibatch_k64,text_pca256_lexical_w005
56453,40,minibatch_k64,text_pca256_lexical_w005
56454,0,minibatch_k64,text_pca256_lexical_w005
56455,38,minibatch_k64,text_pca256_lexical_w005
56456,0,minibatch_k64,text_pca256_lexical_w005
56457,55,minibatch_k64,text_pca256_lexical_w005
56458,54,minibatch_k64,text_pca256_lexical_w005
56459,2,minibatch_k64,text_pca256_lexical_w005
56460,59,minibatch_k64,text_pca256_lexical_w005
56461,15,minibatch_k64,text_pca256_lexical_w005
56462,15,minibatch_k64,text_pca256_lexical_w005
56463,0,minibatch_k64,text_pca256_lexical_w005
56464,23,minibatch_k64,text_pca256_lexical_w005
56465,57,minibatch_k64,text_pca256_lexical_w005
56466,5,minibatch_k64,text_pca256_lexical_w005
56467,21,minibatch_k64,text_pca256_lexical_w005
56468,15,minibatch_k64,text_pca256_lexical_w005
56469,62,minibatch_k64,text_pca256_lexical_w005
56470,23,minibatch_k64,text_pca256_lexical_w005
56471,59,minibatch_k64,text_pca256_lexical_w005
56472,33,minibatch_k64,text_pca256_lexical_w005
56473,0,minibatch_k64,text_pca256_lexical_w005
56474,15,minibatch_k64,text_pca256_lexical_w005
56475,4,minibatch_k64,text_pca256_lexical_w005
56476,4,minibatch_k64,text_pca256_lexical_w005
56477,10,minibatch_k64,text_pca256_lexical_w005
56478,20,minibatch_k64,text_pca256_lexical_w005
56479,62,minibatch_k64,text_pca256_lexical_w005
56480,10,minibatch_k64,text_pca256_lexical_w005
56481,62,minibatch_k64,text_pca256_lexical_w005
56482,8,minibatch_k64,text_pca256_lexical_w005
56483,23,minibatch_k64,text_pca256_lexical_w005
56484,62,minibatch_k64,text_pca256_lexical_w005
56485,8,minibatch_k64,text_pca256_lexical_w005
56486,32,minibatch_k64,text_pca256_lexical_w005
56487,12,minibatch_k64,text_pca256_lexical_w005
56488,8,minibatch_k64,text_pca256_lexical_w005
56489,62,minibatch_k64,text_pca256_lexical_w005
56490,40,minibatch_k64,text_pca256_lexical_w005
56491,16,minibatch_k64,text_pca256_lexical_w005
56492,0,minibatch_k64,text_pca256_lexical_w005
56493,23,minibatch_k64,text_pca256_lexical_w005
56494,23,minibatch_k64,text_pca256_lexical_w005
56495,23,minibatch_k64,text_pca256_lexical_w005
56496,0,minibatch_k64,text_pca256_lexical_w005
56497,21,minibatch_k64,text_pca256_lexical_w005
56498,23,minibatch_k64,text_pca256_lexical_w005
56499,23,minibatch_k64,text_pca256_lexical_w005
56500,38,minibatch_k64,text_pca256_lexical_w005
56501,35,minibatch_k64,text_pca256_lexical_w005
56502,53,minibatch_k64,text_pca256_lexical_w005
56503,12,minibatch_k64,text_pca256_lexical_w005
56504,23,minibatch_k64,text_pca256_lexical_w005
56505,53,minibatch_k64,text_pca256_lexical_w005
56506,0,minibatch_k64,text_pca256_lexical_w005
56507,40,minibatch_k64,text_pca256_lexical_w005
56508,2,minibatch_k64,text_pca256_lexical_w005
56509,16,minibatch_k64,text_pca256_lexical_w005
56510,0,minibatch_k64,text_pca256_lexical_w005
56511,40,minibatch_k64,text_pca256_lexical_w005
56512,42,minibatch_k64,text_pca256_lexical_w005
56513,55,minibatch_k64,text_pca256_lexical_w005
56514,8,minibatch_k64,text_pca256_lexical_w005
56515,53,minibatch_k64,text_pca256_lexical_w005
56516,23,minibatch_k64,text_pca256_lexical_w005
56517,0,minibatch_k64,text_pca256_lexical_w005
56518,62,minibatch_k64,text_pca256_lexical_w005
56519,23,minibatch_k64,text_pca256_lexical_w005
56520,0,minibatch_k64,text_pca256_lexical_w005
56521,23,minibatch_k64,text_pca256_lexical_w005
56522,10,minibatch_k64,text_pca256_lexical_w005
56523,55,minibatch_k64,text_pca256_lexical_w005
56524,33,minibatch_k64,text_pca256_lexical_w005
56525,10,minibatch_k64,text_pca256_lexical_w005
56526,2,minibatch_k64,text_pca256_lexical_w005
56527,32,minibatch_k64,text_pca256_lexical_w005
56528,23,minibatch_k64,text_pca256_lexical_w005
56529,55,minibatch_k64,text_pca256_lexical_w005
56530,2,minibatch_k64,text_pca256_lexical_w005
56531,10,minibatch_k64,text_pca256_lexical_w005
56532,32,minibatch_k64,text_pca256_lexical_w005
56533,23,minibatch_k64,text_pca256_lexical_w005
56534,10,minibatch_k64,text_pca256_lexical_w005
56535,59,minibatch_k64,text_pca256_lexical_w005
56536,55,minibatch_k64,text_pca256_lexical_w005
56537,42,minibatch_k64,text_pca256_lexical_w005
56538,15,minibatch_k64,text_pca256_lexical_w005
56539,18,minibatch_k64,text_pca256_lexical_w005
56540,2,minibatch_k64,text_pca256_lexical_w005
56541,45,minibatch_k64,text_pca256_lexical_w005
56542,23,minibatch_k64,text_pca256_lexical_w005
56543,5,minibatch_k64,text_pca256_lexical_w005
56544,0,minibatch_k64,text_pca256_lexical_w005
56545,2,minibatch_k64,text_pca256_lexical_w005
56546,62,minibatch_k64,text_pca256_lexical_w005
56547,2,minibatch_k64,text_pca256_lexical_w005
56548,2,minibatch_k64,text_pca256_lexical_w005
56549,2,minibatch_k64,text_pca256_lexical_w005
56550,2,minibatch_k64,text_pca256_lexical_w005
56551,0,minibatch_k64,text_pca256_lexical_w005
56552,2,minibatch_k64,text_pca256_lexical_w005
56553,42,minibatch_k64,text_pca256_lexical_w005
56554,0,minibatch_k64,text_pca256_lexical_w005
56555,0,minibatch_k64,text_pca256_lexical_w005
56556,0,minibatch_k64,text_pca256_lexical_w005
56557,15,minibatch_k64,text_pca256_lexical_w005
56558,0,minibatch_k64,text_pca256_lexical_w005
56559,62,minibatch_k64,text_pca256_lexical_w005
56560,33,minibatch_k64,text_pca256_lexical_w005
56561,62,minibatch_k64,text_pca256_lexical_w005
56562,0,minibatch_k64,text_pca256_lexical_w005
56563,15,minibatch_k64,text_pca256_lexical_w005
56564,21,minibatch_k64,text_pca256_lexical_w005
56565,0,minibatch_k64,text_pca256_lexical_w005
56566,8,minibatch_k64,text_pca256_lexical_w005
56567,8,minibatch_k64,text_pca256_lexical_w005
56568,15,minibatch_k64,text_pca256_lexical_w005
56569,39,minibatch_k64,text_pca256_lexical_w005
56570,15,minibatch_k64,text_pca256_lexical_w005
56571,15,minibatch_k64,text_pca256_lexical_w005
56572,8,minibatch_k64,text_pca256_lexical_w005
56573,8,minibatch_k64,text_pca256_lexical_w005
56574,42,minibatch_k64,text_pca256_lexical_w005
56575,42,minibatch_k64,text_pca256_lexical_w005
56576,8,minibatch_k64,text_pca256_lexical_w005
56577,0,minibatch_k64,text_pca256_lexical_w005
56578,10,minibatch_k64,text_pca256_lexical_w005
56579,0,minibatch_k64,text_pca256_lexical_w005
56580,0,minibatch_k64,text_pca256_lexical_w005
56581,0,minibatch_k64,text_pca256_lexical_w005
56582,0,minibatch_k64,text_pca256_lexical_w005
56583,21,minibatch_k64,text_pca256_lexical_w005
56584,0,minibatch_k64,text_pca256_lexical_w005
56585,15,minibatch_k64,text_pca256_lexical_w005
56586,8,minibatch_k64,text_pca256_lexical_w005
56587,0,minibatch_k64,text_pca256_lexical_w005
56588,15,minibatch_k64,text_pca256_lexical_w005
56589,15,minibatch_k64,text_pca256_lexical_w005
56590,15,minibatch_k64,text_pca256_lexical_w005
56591,0,minibatch_k64,text_pca256_lexical_w005
56592,15,minibatch_k64,text_pca256_lexical_w005
56593,15,minibatch_k64,text_pca256_lexical_w005
56594,32,minibatch_k64,text_pca256_lexical_w005
56595,15,minibatch_k64,text_pca256_lexical_w005
56596,0,minibatch_k64,text_pca256_lexical_w005
56597,0,minibatch_k64,text_pca256_lexical_w005
56598,15,minibatch_k64,text_pca256_lexical_w005
56599,2,minibatch_k64,text_pca256_lexical_w005
56600,15,minibatch_k64,text_pca256_lexical_w005
56601,8,minibatch_k64,text_pca256_lexical_w005
56602,0,minibatch_k64,text_pca256_lexical_w005
56603,0,minibatch_k64,text_pca256_lexical_w005
56604,0,minibatch_k64,text_pca256_lexical_w005
56605,61,minibatch_k64,text_pca256_lexical_w005
56606,61,minibatch_k64,text_pca256_lexical_w005
56607,8,minibatch_k64,text_pca256_lexical_w005
56608,61,minibatch_k64,text_pca256_lexical_w005
56609,0,minibatch_k64,text_pca256_lexical_w005
56610,0,minibatch_k64,text_pca256_lexical_w005
56611,0,minibatch_k64,text_pca256_lexical_w005
56612,0,minibatch_k64,text_pca256_lexical_w005
56613,0,minibatch_k64,text_pca256_lexical_w005
56614,8,minibatch_k64,text_pca256_lexical_w005
56615,0,minibatch_k64,text_pca256_lexical_w005
56616,61,minibatch_k64,text_pca256_lexical_w005
56617,61,minibatch_k64,text_pca256_lexical_w005
56618,61,minibatch_k64,text_pca256_lexical_w005
56619,61,minibatch_k64,text_pca256_lexical_w005
56620,8,minibatch_k64,text_pca256_lexical_w005
56621,8,minibatch_k64,text_pca256_lexical_w005
56622,23,minibatch_k64,text_pca256_lexical_w005
56623,50,minibatch_k64,text_pca256_lexical_w005
56624,10,minibatch_k64,text_pca256_lexical_w005
56625,50,minibatch_k64,text_pca256_lexical_w005
56626,38,minibatch_k64,text_pca256_lexical_w005
56627,0,minibatch_k64,text_pca256_lexical_w005
56628,0,minibatch_k64,text_pca256_lexical_w005
56629,0,minibatch_k64,text_pca256_lexical_w005
56630,15,minibatch_k64,text_pca256_lexical_w005
56631,39,minibatch_k64,text_pca256_lexical_w005
56632,0,minibatch_k64,text_pca256_lexical_w005
56633,0,minibatch_k64,text_pca256_lexical_w005
56634,0,minibatch_k64,text_pca256_lexical_w005
56635,0,minibatch_k64,text_pca256_lexical_w005
56636,42,minibatch_k64,text_pca256_lexical_w005
56637,10,minibatch_k64,text_pca256_lexical_w005
56638,10,minibatch_k64,text_pca256_lexical_w005
56639,0,minibatch_k64,text_pca256_lexical_w005
56640,40,minibatch_k64,text_pca256_lexical_w005
56641,38,minibatch_k64,text_pca256_lexical_w005
56642,0,minibatch_k64,text_pca256_lexical_w005
56643,38,minibatch_k64,text_pca256_lexical_w005
56644,0,minibatch_k64,text_pca256_lexical_w005
56645,23,minibatch_k64,text_pca256_lexical_w005
56646,8,minibatch_k64,text_pca256_lexical_w005
56647,32,minibatch_k64,text_pca256_lexical_w005
56648,8,minibatch_k64,text_pca256_lexical_w005
56649,40,minibatch_k64,text_pca256_lexical_w005
56650,0,minibatch_k64,text_pca256_lexical_w005
56651,40,minibatch_k64,text_pca256_lexical_w005
56652,0,minibatch_k64,text_pca256_lexical_w005
56653,38,minibatch_k64,text_pca256_lexical_w005
56654,0,minibatch_k64,text_pca256_lexical_w005
56655,0,minibatch_k64,text_pca256_lexical_w005
56656,0,minibatch_k64,text_pca256_lexical_w005
56657,8,minibatch_k64,text_pca256_lexical_w005
56658,0,minibatch_k64,text_pca256_lexical_w005
56659,38,minibatch_k64,text_pca256_lexical_w005
56660,0,minibatch_k64,text_pca256_lexical_w005
56661,23,minibatch_k64,text_pca256_lexical_w005
56662,0,minibatch_k64,text_pca256_lexical_w005
56663,23,minibatch_k64,text_pca256_lexical_w005
56664,0,minibatch_k64,text_pca256_lexical_w005
56665,8,minibatch_k64,text_pca256_lexical_w005
56666,0,minibatch_k64,text_pca256_lexical_w005
56667,32,minibatch_k64,text_pca256_lexical_w005
56668,15,minibatch_k64,text_pca256_lexical_w005
56669,32,minibatch_k64,text_pca256_lexical_w005
56670,48,minibatch_k64,text_pca256_lexical_w005
56671,45,minibatch_k64,text_pca256_lexical_w005
56672,23,minibatch_k64,text_pca256_lexical_w005
56673,0,minibatch_k64,text_pca256_lexical_w005
56674,32,minibatch_k64,text_pca256_lexical_w005
56675,45,minibatch_k64,text_pca256_lexical_w005
56676,0,minibatch_k64,text_pca256_lexical_w005
56677,0,minibatch_k64,text_pca256_lexical_w005
56678,45,minibatch_k64,text_pca256_lexical_w005
56679,15,minibatch_k64,text_pca256_lexical_w005
56680,0,minibatch_k64,text_pca256_lexical_w005
56681,45,minibatch_k64,text_pca256_lexical_w005
56682,48,minibatch_k64,text_pca256_lexical_w005
56683,38,minibatch_k64,text_pca256_lexical_w005
56684,32,minibatch_k64,text_pca256_lexical_w005
56685,45,minibatch_k64,text_pca256_lexical_w005
56686,55,minibatch_k64,text_pca256_lexical_w005
56687,4,minibatch_k64,text_pca256_lexical_w005
56688,45,minibatch_k64,text_pca256_lexical_w005
56689,8,minibatch_k64,text_pca256_lexical_w005
56690,32,minibatch_k64,text_pca256_lexical_w005
56691,8,minibatch_k64,text_pca256_lexical_w005
56692,45,minibatch_k64,text_pca256_lexical_w005
56693,38,minibatch_k64,text_pca256_lexical_w005
56694,32,minibatch_k64,text_pca256_lexical_w005
56695,45,minibatch_k64,text_pca256_lexical_w005
56696,0,minibatch_k64,text_pca256_lexical_w005
56697,45,minibatch_k64,text_pca256_lexical_w005
56698,32,minibatch_k64,text_pca256_lexical_w005
56699,0,minibatch_k64,text_pca256_lexical_w005
56700,18,minibatch_k64,text_pca256_lexical_w005
56701,2,minibatch_k64,text_pca256_lexical_w005
56702,8,minibatch_k64,text_pca256_lexical_w005
56703,2,minibatch_k64,text_pca256_lexical_w005
56704,8,minibatch_k64,text_pca256_lexical_w005
56705,2,minibatch_k64,text_pca256_lexical_w005
56706,47,minibatch_k64,text_pca256_lexical_w005
56707,62,minibatch_k64,text_pca256_lexical_w005
56708,47,minibatch_k64,text_pca256_lexical_w005
56709,0,minibatch_k64,text_pca256_lexical_w005
56710,21,minibatch_k64,text_pca256_lexical_w005
56711,2,minibatch_k64,text_pca256_lexical_w005
56712,2,minibatch_k64,text_pca256_lexical_w005
56713,58,minibatch_k64,text_pca256_lexical_w005
56714,10,minibatch_k64,text_pca256_lexical_w005
56715,45,minibatch_k64,text_pca256_lexical_w005
56716,45,minibatch_k64,text_pca256_lexical_w005
56717,2,minibatch_k64,text_pca256_lexical_w005
56718,55,minibatch_k64,text_pca256_lexical_w005
56719,8,minibatch_k64,text_pca256_lexical_w005
56720,0,minibatch_k64,text_pca256_lexical_w005
56721,50,minibatch_k64,text_pca256_lexical_w005
56722,0,minibatch_k64,text_pca256_lexical_w005
56723,0,minibatch_k64,text_pca256_lexical_w005
56724,18,minibatch_k64,text_pca256_lexical_w005
56725,15,minibatch_k64,text_pca256_lexical_w005
56726,45,minibatch_k64,text_pca256_lexical_w005
56727,0,minibatch_k64,text_pca256_lexical_w005
56728,47,minibatch_k64,text_pca256_lexical_w005
56729,2,minibatch_k64,text_pca256_lexical_w005
56730,15,minibatch_k64,text_pca256_lexical_w005
56731,55,minibatch_k64,text_pca256_lexical_w005
56732,0,minibatch_k64,text_pca256_lexical_w005
56733,2,minibatch_k64,text_pca256_lexical_w005
56734,15,minibatch_k64,text_pca256_lexical_w005
56735,62,minibatch_k64,text_pca256_lexical_w005
56736,62,minibatch_k64,text_pca256_lexical_w005
56737,0,minibatch_k64,text_pca256_lexical_w005
56738,47,minibatch_k64,text_pca256_lexical_w005
56739,38,minibatch_k64,text_pca256_lexical_w005
56740,58,minibatch_k64,text_pca256_lexical_w005
56741,55,minibatch_k64,text_pca256_lexical_w005
56742,0,minibatch_k64,text_pca256_lexical_w005
56743,0,minibatch_k64,text_pca256_lexical_w005
56744,45,minibatch_k64,text_pca256_lexical_w005
56745,38,minibatch_k64,text_pca256_lexical_w005
56746,55,minibatch_k64,text_pca256_lexical_w005
56747,58,minibatch_k64,text_pca256_lexical_w005
56748,23,minibatch_k64,text_pca256_lexical_w005
56749,2,minibatch_k64,text_pca256_lexical_w005
56750,2,minibatch_k64,text_pca256_lexical_w005
56751,33,minibatch_k64,text_pca256_lexical_w005
56752,58,minibatch_k64,text_pca256_lexical_w005
56753,55,minibatch_k64,text_pca256_lexical_w005
56754,40,minibatch_k64,text_pca256_lexical_w005
56755,2,minibatch_k64,text_pca256_lexical_w005
56756,40,minibatch_k64,text_pca256_lexical_w005
56757,40,minibatch_k64,text_pca256_lexical_w005
56758,40,minibatch_k64,text_pca256_lexical_w005
56759,38,minibatch_k64,text_pca256_lexical_w005
56760,58,minibatch_k64,text_pca256_lexical_w005
56761,2,minibatch_k64,text_pca256_lexical_w005
56762,40,minibatch_k64,text_pca256_lexical_w005
56763,0,minibatch_k64,text_pca256_lexical_w005
56764,18,minibatch_k64,text_pca256_lexical_w005
56765,18,minibatch_k64,text_pca256_lexical_w005
56766,0,minibatch_k64,text_pca256_lexical_w005
56767,39,minibatch_k64,text_pca256_lexical_w005
56768,0,minibatch_k64,text_pca256_lexical_w005
56769,0,minibatch_k64,text_pca256_lexical_w005
56770,2,minibatch_k64,text_pca256_lexical_w005
56771,18,minibatch_k64,text_pca256_lexical_w005
56772,58,minibatch_k64,text_pca256_lexical_w005
56773,38,minibatch_k64,text_pca256_lexical_w005
56774,55,minibatch_k64,text_pca256_lexical_w005
56775,15,minibatch_k64,text_pca256_lexical_w005
56776,15,minibatch_k64,text_pca256_lexical_w005
56777,62,minibatch_k64,text_pca256_lexical_w005
56778,15,minibatch_k64,text_pca256_lexical_w005
56779,23,minibatch_k64,text_pca256_lexical_w005
56780,39,minibatch_k64,text_pca256_lexical_w005
56781,23,minibatch_k64,text_pca256_lexical_w005
56782,5,minibatch_k64,text_pca256_lexical_w005
56783,0,minibatch_k64,text_pca256_lexical_w005
56784,15,minibatch_k64,text_pca256_lexical_w005
56785,23,minibatch_k64,text_pca256_lexical_w005
56786,5,minibatch_k64,text_pca256_lexical_w005
56787,5,minibatch_k64,text_pca256_lexical_w005
56788,61,minibatch_k64,text_pca256_lexical_w005
56789,61,minibatch_k64,text_pca256_lexical_w005
56790,61,minibatch_k64,text_pca256_lexical_w005
56791,61,minibatch_k64,text_pca256_lexical_w005
56792,61,minibatch_k64,text_pca256_lexical_w005
56793,10,minibatch_k64,text_pca256_lexical_w005
56794,61,minibatch_k64,text_pca256_lexical_w005
56795,61,minibatch_k64,text_pca256_lexical_w005
56796,2,minibatch_k64,text_pca256_lexical_w005
56797,5,minibatch_k64,text_pca256_lexical_w005
56798,2,minibatch_k64,text_pca256_lexical_w005
56799,38,minibatch_k64,text_pca256_lexical_w005
56800,16,minibatch_k64,text_pca256_lexical_w005
56801,58,minibatch_k64,text_pca256_lexical_w005
56802,2,minibatch_k64,text_pca256_lexical_w005
56803,62,minibatch_k64,text_pca256_lexical_w005
56804,21,minibatch_k64,text_pca256_lexical_w005
56805,2,minibatch_k64,text_pca256_lexical_w005
56806,62,minibatch_k64,text_pca256_lexical_w005
56807,2,minibatch_k64,text_pca256_lexical_w005
56808,40,minibatch_k64,text_pca256_lexical_w005
56809,0,minibatch_k64,text_pca256_lexical_w005
56810,15,minibatch_k64,text_pca256_lexical_w005
56811,8,minibatch_k64,text_pca256_lexical_w005
56812,45,minibatch_k64,text_pca256_lexical_w005
56813,15,minibatch_k64,text_pca256_lexical_w005
56814,39,minibatch_k64,text_pca256_lexical_w005
56815,0,minibatch_k64,text_pca256_lexical_w005
56816,38,minibatch_k64,text_pca256_lexical_w005
56817,55,minibatch_k64,text_pca256_lexical_w005
56818,33,minibatch_k64,text_pca256_lexical_w005
56819,2,minibatch_k64,text_pca256_lexical_w005
56820,21,minibatch_k64,text_pca256_lexical_w005
56821,40,minibatch_k64,text_pca256_lexical_w005
56822,40,minibatch_k64,text_pca256_lexical_w005
56823,2,minibatch_k64,text_pca256_lexical_w005
56824,21,minibatch_k64,text_pca256_lexical_w005
56825,0,minibatch_k64,text_pca256_lexical_w005
56826,15,minibatch_k64,text_pca256_lexical_w005
56827,33,minibatch_k64,text_pca256_lexical_w005
56828,0,minibatch_k64,text_pca256_lexical_w005
56829,15,minibatch_k64,text_pca256_lexical_w005
56830,55,minibatch_k64,text_pca256_lexical_w005
56831,8,minibatch_k64,text_pca256_lexical_w005
56832,38,minibatch_k64,text_pca256_lexical_w005
56833,58,minibatch_k64,text_pca256_lexical_w005
56834,21,minibatch_k64,text_pca256_lexical_w005
56835,8,minibatch_k64,text_pca256_lexical_w005
56836,62,minibatch_k64,text_pca256_lexical_w005
56837,40,minibatch_k64,text_pca256_lexical_w005
56838,32,minibatch_k64,text_pca256_lexical_w005
56839,2,minibatch_k64,text_pca256_lexical_w005
56840,8,minibatch_k64,text_pca256_lexical_w005
56841,33,minibatch_k64,text_pca256_lexical_w005
56842,40,minibatch_k64,text_pca256_lexical_w005
56843,2,minibatch_k64,text_pca256_lexical_w005
56844,33,minibatch_k64,text_pca256_lexical_w005
56845,0,minibatch_k64,text_pca256_lexical_w005
56846,21,minibatch_k64,text_pca256_lexical_w005
56847,2,minibatch_k64,text_pca256_lexical_w005
56848,33,minibatch_k64,text_pca256_lexical_w005
56849,33,minibatch_k64,text_pca256_lexical_w005
56850,2,minibatch_k64,text_pca256_lexical_w005
56851,2,minibatch_k64,text_pca256_lexical_w005
56852,15,minibatch_k64,text_pca256_lexical_w005
56853,15,minibatch_k64,text_pca256_lexical_w005
56854,2,minibatch_k64,text_pca256_lexical_w005
56855,15,minibatch_k64,text_pca256_lexical_w005
56856,33,minibatch_k64,text_pca256_lexical_w005
56857,62,minibatch_k64,text_pca256_lexical_w005
56858,45,minibatch_k64,text_pca256_lexical_w005
56859,0,minibatch_k64,text_pca256_lexical_w005
56860,15,minibatch_k64,text_pca256_lexical_w005
56861,10,minibatch_k64,text_pca256_lexical_w005
56862,23,minibatch_k64,text_pca256_lexical_w005
56863,0,minibatch_k64,text_pca256_lexical_w005
56864,62,minibatch_k64,text_pca256_lexical_w005
56865,8,minibatch_k64,text_pca256_lexical_w005
56866,59,minibatch_k64,text_pca256_lexical_w005
56867,42,minibatch_k64,text_pca256_lexical_w005
56868,0,minibatch_k64,text_pca256_lexical_w005
56869,10,minibatch_k64,text_pca256_lexical_w005
56870,33,minibatch_k64,text_pca256_lexical_w005
56871,23,minibatch_k64,text_pca256_lexical_w005
56872,23,minibatch_k64,text_pca256_lexical_w005
56873,33,minibatch_k64,text_pca256_lexical_w005
56874,0,minibatch_k64,text_pca256_lexical_w005
56875,8,minibatch_k64,text_pca256_lexical_w005
56876,0,minibatch_k64,text_pca256_lexical_w005
56877,0,minibatch_k64,text_pca256_lexical_w005
56878,18,minibatch_k64,text_pca256_lexical_w005
56879,15,minibatch_k64,text_pca256_lexical_w005
56880,62,minibatch_k64,text_pca256_lexical_w005
56881,61,minibatch_k64,text_pca256_lexical_w005
56882,0,minibatch_k64,text_pca256_lexical_w005
56883,2,minibatch_k64,text_pca256_lexical_w005
56884,10,minibatch_k64,text_pca256_lexical_w005
56885,45,minibatch_k64,text_pca256_lexical_w005
56886,18,minibatch_k64,text_pca256_lexical_w005
56887,33,minibatch_k64,text_pca256_lexical_w005
56888,45,minibatch_k64,text_pca256_lexical_w005
56889,0,minibatch_k64,text_pca256_lexical_w005
56890,18,minibatch_k64,text_pca256_lexical_w005
56891,33,minibatch_k64,text_pca256_lexical_w005
56892,2,minibatch_k64,text_pca256_lexical_w005
56893,8,minibatch_k64,text_pca256_lexical_w005
56894,2,minibatch_k64,text_pca256_lexical_w005
56895,18,minibatch_k64,text_pca256_lexical_w005
56896,8,minibatch_k64,text_pca256_lexical_w005
56897,15,minibatch_k64,text_pca256_lexical_w005
56898,2,minibatch_k64,text_pca256_lexical_w005
56899,8,minibatch_k64,text_pca256_lexical_w005
56900,59,minibatch_k64,text_pca256_lexical_w005
56901,45,minibatch_k64,text_pca256_lexical_w005
56902,45,minibatch_k64,text_pca256_lexical_w005
56903,53,minibatch_k64,text_pca256_lexical_w005
56904,0,minibatch_k64,text_pca256_lexical_w005
56905,10,minibatch_k64,text_pca256_lexical_w005
56906,8,minibatch_k64,text_pca256_lexical_w005
56907,15,minibatch_k64,text_pca256_lexical_w005
56908,56,minibatch_k64,text_pca256_lexical_w005
56909,10,minibatch_k64,text_pca256_lexical_w005
56910,2,minibatch_k64,text_pca256_lexical_w005
56911,15,minibatch_k64,text_pca256_lexical_w005
56912,0,minibatch_k64,text_pca256_lexical_w005
56913,59,minibatch_k64,text_pca256_lexical_w005
56914,8,minibatch_k64,text_pca256_lexical_w005
56915,2,minibatch_k64,text_pca256_lexical_w005
56916,45,minibatch_k64,text_pca256_lexical_w005
56917,59,minibatch_k64,text_pca256_lexical_w005
56918,0,minibatch_k64,text_pca256_lexical_w005
56919,53,minibatch_k64,text_pca256_lexical_w005
56920,21,minibatch_k64,text_pca256_lexical_w005
56921,10,minibatch_k64,text_pca256_lexical_w005
56922,10,minibatch_k64,text_pca256_lexical_w005
56923,15,minibatch_k64,text_pca256_lexical_w005
56924,45,minibatch_k64,text_pca256_lexical_w005
56925,33,minibatch_k64,text_pca256_lexical_w005
56926,0,minibatch_k64,text_pca256_lexical_w005
56927,42,minibatch_k64,text_pca256_lexical_w005
56928,0,minibatch_k64,text_pca256_lexical_w005
56929,8,minibatch_k64,text_pca256_lexical_w005
56930,0,minibatch_k64,text_pca256_lexical_w005
56931,33,minibatch_k64,text_pca256_lexical_w005
56932,42,minibatch_k64,text_pca256_lexical_w005
56933,2,minibatch_k64,text_pca256_lexical_w005
56934,2,minibatch_k64,text_pca256_lexical_w005
56935,2,minibatch_k64,text_pca256_lexical_w005
56936,18,minibatch_k64,text_pca256_lexical_w005
56937,0,minibatch_k64,text_pca256_lexical_w005
56938,15,minibatch_k64,text_pca256_lexical_w005
56939,33,minibatch_k64,text_pca256_lexical_w005
56940,2,minibatch_k64,text_pca256_lexical_w005
56941,2,minibatch_k64,text_pca256_lexical_w005
56942,10,minibatch_k64,text_pca256_lexical_w005
56943,59,minibatch_k64,text_pca256_lexical_w005
56944,18,minibatch_k64,text_pca256_lexical_w005
56945,10,minibatch_k64,text_pca256_lexical_w005
56946,18,minibatch_k64,text_pca256_lexical_w005
56947,0,minibatch_k64,text_pca256_lexical_w005
56948,18,minibatch_k64,text_pca256_lexical_w005
56949,33,minibatch_k64,text_pca256_lexical_w005
56950,33,minibatch_k64,text_pca256_lexical_w005
56951,18,minibatch_k64,text_pca256_lexical_w005
56952,0,minibatch_k64,text_pca256_lexical_w005
56953,10,minibatch_k64,text_pca256_lexical_w005
56954,10,minibatch_k64,text_pca256_lexical_w005
56955,10,minibatch_k64,text_pca256_lexical_w005
56956,62,minibatch_k64,text_pca256_lexical_w005
56957,10,minibatch_k64,text_pca256_lexical_w005
56958,8,minibatch_k64,text_pca256_lexical_w005
56959,58,minibatch_k64,text_pca256_lexical_w005
56960,23,minibatch_k64,text_pca256_lexical_w005
56961,8,minibatch_k64,text_pca256_lexical_w005
56962,62,minibatch_k64,text_pca256_lexical_w005
56963,8,minibatch_k64,text_pca256_lexical_w005
56964,62,minibatch_k64,text_pca256_lexical_w005
56965,8,minibatch_k64,text_pca256_lexical_w005
56966,0,minibatch_k64,text_pca256_lexical_w005
56967,8,minibatch_k64,text_pca256_lexical_w005
56968,21,minibatch_k64,text_pca256_lexical_w005
56969,10,minibatch_k64,text_pca256_lexical_w005
56970,8,minibatch_k64,text_pca256_lexical_w005
56971,47,minibatch_k64,text_pca256_lexical_w005
56972,0,minibatch_k64,text_pca256_lexical_w005
56973,8,minibatch_k64,text_pca256_lexical_w005
56974,62,minibatch_k64,text_pca256_lexical_w005
56975,42,minibatch_k64,text_pca256_lexical_w005
56976,10,minibatch_k64,text_pca256_lexical_w005
56977,62,minibatch_k64,text_pca256_lexical_w005
56978,8,minibatch_k64,text_pca256_lexical_w005
56979,5,minibatch_k64,text_pca256_lexical_w005
56980,42,minibatch_k64,text_pca256_lexical_w005
56981,0,minibatch_k64,text_pca256_lexical_w005
56982,23,minibatch_k64,text_pca256_lexical_w005
56983,2,minibatch_k64,text_pca256_lexical_w005
56984,15,minibatch_k64,text_pca256_lexical_w005
56985,0,minibatch_k64,text_pca256_lexical_w005
56986,2,minibatch_k64,text_pca256_lexical_w005
56987,8,minibatch_k64,text_pca256_lexical_w005
56988,15,minibatch_k64,text_pca256_lexical_w005
56989,45,minibatch_k64,text_pca256_lexical_w005
56990,8,minibatch_k64,text_pca256_lexical_w005
56991,10,minibatch_k64,text_pca256_lexical_w005
56992,15,minibatch_k64,text_pca256_lexical_w005
56993,33,minibatch_k64,text_pca256_lexical_w005
56994,2,minibatch_k64,text_pca256_lexical_w005
56995,21,minibatch_k64,text_pca256_lexical_w005
56996,0,minibatch_k64,text_pca256_lexical_w005
56997,21,minibatch_k64,text_pca256_lexical_w005
56998,15,minibatch_k64,text_pca256_lexical_w005
56999,30,minibatch_k64,text_pca256_lexical_w005
57000,62,minibatch_k64,text_pca256_lexical_w005
57001,41,minibatch_k64,text_pca256_lexical_w005
57002,8,minibatch_k64,text_pca256_lexical_w005
57003,41,minibatch_k64,text_pca256_lexical_w005
57004,41,minibatch_k64,text_pca256_lexical_w005
57005,23,minibatch_k64,text_pca256_lexical_w005
57006,42,minibatch_k64,text_pca256_lexical_w005
57007,25,minibatch_k64,text_pca256_lexical_w005
57008,8,minibatch_k64,text_pca256_lexical_w005
57009,62,minibatch_k64,text_pca256_lexical_w005
57010,8,minibatch_k64,text_pca256_lexical_w005
57011,42,minibatch_k64,text_pca256_lexical_w005
57012,0,minibatch_k64,text_pca256_lexical_w005
57013,8,minibatch_k64,text_pca256_lexical_w005
57014,42,minibatch_k64,text_pca256_lexical_w005
57015,23,minibatch_k64,text_pca256_lexical_w005
57016,8,minibatch_k64,text_pca256_lexical_w005
57017,8,minibatch_k64,text_pca256_lexical_w005
57018,8,minibatch_k64,text_pca256_lexical_w005
57019,8,minibatch_k64,text_pca256_lexical_w005
57020,8,minibatch_k64,text_pca256_lexical_w005
57021,23,minibatch_k64,text_pca256_lexical_w005
57022,62,minibatch_k64,text_pca256_lexical_w005
57023,8,minibatch_k64,text_pca256_lexical_w005
57024,42,minibatch_k64,text_pca256_lexical_w005
57025,42,minibatch_k64,text_pca256_lexical_w005
57026,8,minibatch_k64,text_pca256_lexical_w005
57027,8,minibatch_k64,text_pca256_lexical_w005
57028,33,minibatch_k64,text_pca256_lexical_w005
57029,15,minibatch_k64,text_pca256_lexical_w005
57030,0,minibatch_k64,text_pca256_lexical_w005
57031,15,minibatch_k64,text_pca256_lexical_w005
57032,42,minibatch_k64,text_pca256_lexical_w005
57033,8,minibatch_k64,text_pca256_lexical_w005
57034,42,minibatch_k64,text_pca256_lexical_w005
57035,42,minibatch_k64,text_pca256_lexical_w005
57036,8,minibatch_k64,text_pca256_lexical_w005
57037,42,minibatch_k64,text_pca256_lexical_w005
57038,8,minibatch_k64,text_pca256_lexical_w005
57039,42,minibatch_k64,text_pca256_lexical_w005
57040,33,minibatch_k64,text_pca256_lexical_w005
57041,42,minibatch_k64,text_pca256_lexical_w005
57042,8,minibatch_k64,text_pca256_lexical_w005
57043,42,minibatch_k64,text_pca256_lexical_w005
57044,5,minibatch_k64,text_pca256_lexical_w005
57045,42,minibatch_k64,text_pca256_lexical_w005
57046,8,minibatch_k64,text_pca256_lexical_w005
57047,15,minibatch_k64,text_pca256_lexical_w005
57048,15,minibatch_k64,text_pca256_lexical_w005
57049,50,minibatch_k64,text_pca256_lexical_w005
57050,62,minibatch_k64,text_pca256_lexical_w005
57051,0,minibatch_k64,text_pca256_lexical_w005
57052,42,minibatch_k64,text_pca256_lexical_w005
57053,33,minibatch_k64,text_pca256_lexical_w005
57054,33,minibatch_k64,text_pca256_lexical_w005
57055,56,minibatch_k64,text_pca256_lexical_w005
57056,56,minibatch_k64,text_pca256_lexical_w005
57057,56,minibatch_k64,text_pca256_lexical_w005
57058,21,minibatch_k64,text_pca256_lexical_w005
57059,21,minibatch_k64,text_pca256_lexical_w005
57060,56,minibatch_k64,text_pca256_lexical_w005
57061,8,minibatch_k64,text_pca256_lexical_w005
57062,8,minibatch_k64,text_pca256_lexical_w005
57063,52,minibatch_k64,text_pca256_lexical_w005
57064,25,minibatch_k64,text_pca256_lexical_w005
57065,38,minibatch_k64,text_pca256_lexical_w005
57066,56,minibatch_k64,text_pca256_lexical_w005
57067,55,minibatch_k64,text_pca256_lexical_w005
57068,56,minibatch_k64,text_pca256_lexical_w005
57069,52,minibatch_k64,text_pca256_lexical_w005
57070,56,minibatch_k64,text_pca256_lexical_w005
57071,56,minibatch_k64,text_pca256_lexical_w005
57072,56,minibatch_k64,text_pca256_lexical_w005
57073,56,minibatch_k64,text_pca256_lexical_w005
57074,52,minibatch_k64,text_pca256_lexical_w005
57075,56,minibatch_k64,text_pca256_lexical_w005
57076,25,minibatch_k64,text_pca256_lexical_w005
57077,38,minibatch_k64,text_pca256_lexical_w005
57078,21,minibatch_k64,text_pca256_lexical_w005
57079,56,minibatch_k64,text_pca256_lexical_w005
57080,55,minibatch_k64,text_pca256_lexical_w005
57081,35,minibatch_k64,text_pca256_lexical_w005
57082,52,minibatch_k64,text_pca256_lexical_w005
57083,52,minibatch_k64,text_pca256_lexical_w005
57084,56,minibatch_k64,text_pca256_lexical_w005
57085,56,minibatch_k64,text_pca256_lexical_w005
57086,56,minibatch_k64,text_pca256_lexical_w005
57087,56,minibatch_k64,text_pca256_lexical_w005
57088,56,minibatch_k64,text_pca256_lexical_w005
57089,25,minibatch_k64,text_pca256_lexical_w005
57090,38,minibatch_k64,text_pca256_lexical_w005
57091,55,minibatch_k64,text_pca256_lexical_w005
57092,60,minibatch_k64,text_pca256_lexical_w005
57093,56,minibatch_k64,text_pca256_lexical_w005
57094,56,minibatch_k64,text_pca256_lexical_w005
57095,56,minibatch_k64,text_pca256_lexical_w005
57096,56,minibatch_k64,text_pca256_lexical_w005
57097,56,minibatch_k64,text_pca256_lexical_w005
57098,56,minibatch_k64,text_pca256_lexical_w005
57099,56,minibatch_k64,text_pca256_lexical_w005
57100,56,minibatch_k64,text_pca256_lexical_w005
57101,56,minibatch_k64,text_pca256_lexical_w005
57102,25,minibatch_k64,text_pca256_lexical_w005
57103,38,minibatch_k64,text_pca256_lexical_w005
57104,55,minibatch_k64,text_pca256_lexical_w005
57105,60,minibatch_k64,text_pca256_lexical_w005
57106,56,minibatch_k64,text_pca256_lexical_w005
57107,56,minibatch_k64,text_pca256_lexical_w005
57108,56,minibatch_k64,text_pca256_lexical_w005
57109,8,minibatch_k64,text_pca256_lexical_w005
57110,56,minibatch_k64,text_pca256_lexical_w005
57111,21,minibatch_k64,text_pca256_lexical_w005
57112,8,minibatch_k64,text_pca256_lexical_w005
57113,25,minibatch_k64,text_pca256_lexical_w005
57114,15,minibatch_k64,text_pca256_lexical_w005
57115,15,minibatch_k64,text_pca256_lexical_w005
57116,38,minibatch_k64,text_pca256_lexical_w005
57117,10,minibatch_k64,text_pca256_lexical_w005
57118,55,minibatch_k64,text_pca256_lexical_w005
57119,62,minibatch_k64,text_pca256_lexical_w005
57120,60,minibatch_k64,text_pca256_lexical_w005
57121,56,minibatch_k64,text_pca256_lexical_w005
57122,56,minibatch_k64,text_pca256_lexical_w005
57123,33,minibatch_k64,text_pca256_lexical_w005
57124,21,minibatch_k64,text_pca256_lexical_w005
57125,56,minibatch_k64,text_pca256_lexical_w005
57126,56,minibatch_k64,text_pca256_lexical_w005
57127,56,minibatch_k64,text_pca256_lexical_w005
57128,56,minibatch_k64,text_pca256_lexical_w005
57129,33,minibatch_k64,text_pca256_lexical_w005
57130,56,minibatch_k64,text_pca256_lexical_w005
57131,25,minibatch_k64,text_pca256_lexical_w005
57132,56,minibatch_k64,text_pca256_lexical_w005
57133,38,minibatch_k64,text_pca256_lexical_w005
57134,55,minibatch_k64,text_pca256_lexical_w005
57135,54,minibatch_k64,text_pca256_lexical_w005
57136,56,minibatch_k64,text_pca256_lexical_w005
57137,56,minibatch_k64,text_pca256_lexical_w005
57138,56,minibatch_k64,text_pca256_lexical_w005
57139,23,minibatch_k64,text_pca256_lexical_w005
57140,21,minibatch_k64,text_pca256_lexical_w005
57141,56,minibatch_k64,text_pca256_lexical_w005
57142,25,minibatch_k64,text_pca256_lexical_w005
57143,56,minibatch_k64,text_pca256_lexical_w005
57144,56,minibatch_k64,text_pca256_lexical_w005
57145,38,minibatch_k64,text_pca256_lexical_w005
57146,56,minibatch_k64,text_pca256_lexical_w005
57147,56,minibatch_k64,text_pca256_lexical_w005
57148,54,minibatch_k64,text_pca256_lexical_w005
57149,42,minibatch_k64,text_pca256_lexical_w005
57150,56,minibatch_k64,text_pca256_lexical_w005
57151,56,minibatch_k64,text_pca256_lexical_w005
57152,8,minibatch_k64,text_pca256_lexical_w005
57153,33,minibatch_k64,text_pca256_lexical_w005
57154,56,minibatch_k64,text_pca256_lexical_w005
57155,25,minibatch_k64,text_pca256_lexical_w005
57156,38,minibatch_k64,text_pca256_lexical_w005
57157,56,minibatch_k64,text_pca256_lexical_w005
57158,40,minibatch_k64,text_pca256_lexical_w005
57159,55,minibatch_k64,text_pca256_lexical_w005
57160,60,minibatch_k64,text_pca256_lexical_w005
57161,47,minibatch_k64,text_pca256_lexical_w005
57162,56,minibatch_k64,text_pca256_lexical_w005
57163,8,minibatch_k64,text_pca256_lexical_w005
57164,56,minibatch_k64,text_pca256_lexical_w005
57165,56,minibatch_k64,text_pca256_lexical_w005
57166,33,minibatch_k64,text_pca256_lexical_w005
57167,8,minibatch_k64,text_pca256_lexical_w005
57168,47,minibatch_k64,text_pca256_lexical_w005
57169,8,minibatch_k64,text_pca256_lexical_w005
57170,8,minibatch_k64,text_pca256_lexical_w005
57171,8,minibatch_k64,text_pca256_lexical_w005
57172,56,minibatch_k64,text_pca256_lexical_w005
57173,5,minibatch_k64,text_pca256_lexical_w005
57174,25,minibatch_k64,text_pca256_lexical_w005
57175,47,minibatch_k64,text_pca256_lexical_w005
57176,38,minibatch_k64,text_pca256_lexical_w005
57177,55,minibatch_k64,text_pca256_lexical_w005
57178,44,minibatch_k64,text_pca256_lexical_w005
57179,44,minibatch_k64,text_pca256_lexical_w005
57180,44,minibatch_k64,text_pca256_lexical_w005
57181,44,minibatch_k64,text_pca256_lexical_w005
57182,42,minibatch_k64,text_pca256_lexical_w005
57183,44,minibatch_k64,text_pca256_lexical_w005
57184,56,minibatch_k64,text_pca256_lexical_w005
57185,44,minibatch_k64,text_pca256_lexical_w005
57186,56,minibatch_k64,text_pca256_lexical_w005
57187,44,minibatch_k64,text_pca256_lexical_w005
57188,44,minibatch_k64,text_pca256_lexical_w005
57189,44,minibatch_k64,text_pca256_lexical_w005
57190,44,minibatch_k64,text_pca256_lexical_w005
57191,44,minibatch_k64,text_pca256_lexical_w005
57192,44,minibatch_k64,text_pca256_lexical_w005
57193,44,minibatch_k64,text_pca256_lexical_w005
57194,33,minibatch_k64,text_pca256_lexical_w005
57195,21,minibatch_k64,text_pca256_lexical_w005
57196,21,minibatch_k64,text_pca256_lexical_w005
57197,25,minibatch_k64,text_pca256_lexical_w005
57198,58,minibatch_k64,text_pca256_lexical_w005
57199,38,minibatch_k64,text_pca256_lexical_w005
57200,55,minibatch_k64,text_pca256_lexical_w005
57201,54,minibatch_k64,text_pca256_lexical_w005
57202,56,minibatch_k64,text_pca256_lexical_w005
57203,56,minibatch_k64,text_pca256_lexical_w005
57204,25,minibatch_k64,text_pca256_lexical_w005
57205,56,minibatch_k64,text_pca256_lexical_w005
57206,38,minibatch_k64,text_pca256_lexical_w005
57207,56,minibatch_k64,text_pca256_lexical_w005
57208,54,minibatch_k64,text_pca256_lexical_w005
57209,15,minibatch_k64,text_pca256_lexical_w005
57210,15,minibatch_k64,text_pca256_lexical_w005
57211,21,minibatch_k64,text_pca256_lexical_w005
57212,8,minibatch_k64,text_pca256_lexical_w005
57213,0,minibatch_k64,text_pca256_lexical_w005
57214,0,minibatch_k64,text_pca256_lexical_w005
57215,38,minibatch_k64,text_pca256_lexical_w005
57216,8,minibatch_k64,text_pca256_lexical_w005
57217,56,minibatch_k64,text_pca256_lexical_w005
57218,56,minibatch_k64,text_pca256_lexical_w005
57219,25,minibatch_k64,text_pca256_lexical_w005
57220,38,minibatch_k64,text_pca256_lexical_w005
57221,56,minibatch_k64,text_pca256_lexical_w005
57222,4,minibatch_k64,text_pca256_lexical_w005
57223,4,minibatch_k64,text_pca256_lexical_w005
57224,0,minibatch_k64,text_pca256_lexical_w005
57225,0,minibatch_k64,text_pca256_lexical_w005
57226,56,minibatch_k64,text_pca256_lexical_w005
57227,23,minibatch_k64,text_pca256_lexical_w005
57228,42,minibatch_k64,text_pca256_lexical_w005
57229,56,minibatch_k64,text_pca256_lexical_w005
57230,56,minibatch_k64,text_pca256_lexical_w005
57231,56,minibatch_k64,text_pca256_lexical_w005
57232,56,minibatch_k64,text_pca256_lexical_w005
57233,56,minibatch_k64,text_pca256_lexical_w005
57234,45,minibatch_k64,text_pca256_lexical_w005
57235,56,minibatch_k64,text_pca256_lexical_w005
57236,8,minibatch_k64,text_pca256_lexical_w005
57237,0,minibatch_k64,text_pca256_lexical_w005
57238,56,minibatch_k64,text_pca256_lexical_w005
57239,53,minibatch_k64,text_pca256_lexical_w005
57240,56,minibatch_k64,text_pca256_lexical_w005
57241,53,minibatch_k64,text_pca256_lexical_w005
57242,56,minibatch_k64,text_pca256_lexical_w005
57243,56,minibatch_k64,text_pca256_lexical_w005
57244,47,minibatch_k64,text_pca256_lexical_w005
57245,42,minibatch_k64,text_pca256_lexical_w005
57246,2,minibatch_k64,text_pca256_lexical_w005
57247,56,minibatch_k64,text_pca256_lexical_w005
57248,45,minibatch_k64,text_pca256_lexical_w005
57249,18,minibatch_k64,text_pca256_lexical_w005
57250,38,minibatch_k64,text_pca256_lexical_w005
57251,45,minibatch_k64,text_pca256_lexical_w005
57252,47,minibatch_k64,text_pca256_lexical_w005
57253,56,minibatch_k64,text_pca256_lexical_w005
57254,45,minibatch_k64,text_pca256_lexical_w005
57255,56,minibatch_k64,text_pca256_lexical_w005
57256,56,minibatch_k64,text_pca256_lexical_w005
57257,25,minibatch_k64,text_pca256_lexical_w005
57258,8,minibatch_k64,text_pca256_lexical_w005
57259,38,minibatch_k64,text_pca256_lexical_w005
57260,56,minibatch_k64,text_pca256_lexical_w005
57261,2,minibatch_k64,text_pca256_lexical_w005
57262,62,minibatch_k64,text_pca256_lexical_w005
57263,56,minibatch_k64,text_pca256_lexical_w005
57264,18,minibatch_k64,text_pca256_lexical_w005
57265,18,minibatch_k64,text_pca256_lexical_w005
57266,62,minibatch_k64,text_pca256_lexical_w005
57267,8,minibatch_k64,text_pca256_lexical_w005
57268,62,minibatch_k64,text_pca256_lexical_w005
57269,18,minibatch_k64,text_pca256_lexical_w005
57270,2,minibatch_k64,text_pca256_lexical_w005
57271,42,minibatch_k64,text_pca256_lexical_w005
57272,8,minibatch_k64,text_pca256_lexical_w005
57273,62,minibatch_k64,text_pca256_lexical_w005
57274,56,minibatch_k64,text_pca256_lexical_w005
57275,59,minibatch_k64,text_pca256_lexical_w005
57276,0,minibatch_k64,text_pca256_lexical_w005
57277,62,minibatch_k64,text_pca256_lexical_w005
57278,59,minibatch_k64,text_pca256_lexical_w005
57279,25,minibatch_k64,text_pca256_lexical_w005
57280,45,minibatch_k64,text_pca256_lexical_w005
57281,42,minibatch_k64,text_pca256_lexical_w005
57282,59,minibatch_k64,text_pca256_lexical_w005
57283,59,minibatch_k64,text_pca256_lexical_w005
57284,56,minibatch_k64,text_pca256_lexical_w005
57285,56,minibatch_k64,text_pca256_lexical_w005
57286,45,minibatch_k64,text_pca256_lexical_w005
57287,38,minibatch_k64,text_pca256_lexical_w005
57288,56,minibatch_k64,text_pca256_lexical_w005
57289,56,minibatch_k64,text_pca256_lexical_w005
57290,56,minibatch_k64,text_pca256_lexical_w005
57291,56,minibatch_k64,text_pca256_lexical_w005
57292,56,minibatch_k64,text_pca256_lexical_w005
57293,39,minibatch_k64,text_pca256_lexical_w005
57294,39,minibatch_k64,text_pca256_lexical_w005
57295,56,minibatch_k64,text_pca256_lexical_w005
57296,27,minibatch_k64,text_pca256_lexical_w005
57297,2,minibatch_k64,text_pca256_lexical_w005
57298,18,minibatch_k64,text_pca256_lexical_w005
57299,59,minibatch_k64,text_pca256_lexical_w005
57300,39,minibatch_k64,text_pca256_lexical_w005
57301,45,minibatch_k64,text_pca256_lexical_w005
57302,18,minibatch_k64,text_pca256_lexical_w005
57303,18,minibatch_k64,text_pca256_lexical_w005
57304,53,minibatch_k64,text_pca256_lexical_w005
57305,45,minibatch_k64,text_pca256_lexical_w005
57306,56,minibatch_k64,text_pca256_lexical_w005
57307,56,minibatch_k64,text_pca256_lexical_w005
57308,0,minibatch_k64,text_pca256_lexical_w005
57309,59,minibatch_k64,text_pca256_lexical_w005
57310,59,minibatch_k64,text_pca256_lexical_w005
57311,59,minibatch_k64,text_pca256_lexical_w005
57312,45,minibatch_k64,text_pca256_lexical_w005
57313,10,minibatch_k64,text_pca256_lexical_w005
57314,59,minibatch_k64,text_pca256_lexical_w005
57315,10,minibatch_k64,text_pca256_lexical_w005
57316,59,minibatch_k64,text_pca256_lexical_w005
57317,59,minibatch_k64,text_pca256_lexical_w005
57318,21,minibatch_k64,text_pca256_lexical_w005
57319,59,minibatch_k64,text_pca256_lexical_w005
57320,56,minibatch_k64,text_pca256_lexical_w005
57321,2,minibatch_k64,text_pca256_lexical_w005
57322,59,minibatch_k64,text_pca256_lexical_w005
57323,45,minibatch_k64,text_pca256_lexical_w005
57324,59,minibatch_k64,text_pca256_lexical_w005
57325,56,minibatch_k64,text_pca256_lexical_w005
57326,56,minibatch_k64,text_pca256_lexical_w005
57327,59,minibatch_k64,text_pca256_lexical_w005
57328,59,minibatch_k64,text_pca256_lexical_w005
57329,59,minibatch_k64,text_pca256_lexical_w005
57330,59,minibatch_k64,text_pca256_lexical_w005
57331,56,minibatch_k64,text_pca256_lexical_w005
57332,59,minibatch_k64,text_pca256_lexical_w005
57333,42,minibatch_k64,text_pca256_lexical_w005
57334,42,minibatch_k64,text_pca256_lexical_w005
57335,59,minibatch_k64,text_pca256_lexical_w005
57336,53,minibatch_k64,text_pca256_lexical_w005
57337,0,minibatch_k64,text_pca256_lexical_w005
57338,45,minibatch_k64,text_pca256_lexical_w005
57339,59,minibatch_k64,text_pca256_lexical_w005
57340,45,minibatch_k64,text_pca256_lexical_w005
57341,39,minibatch_k64,text_pca256_lexical_w005
57342,10,minibatch_k64,text_pca256_lexical_w005
57343,45,minibatch_k64,text_pca256_lexical_w005
57344,59,minibatch_k64,text_pca256_lexical_w005
57345,59,minibatch_k64,text_pca256_lexical_w005
57346,0,minibatch_k64,text_pca256_lexical_w005
57347,62,minibatch_k64,text_pca256_lexical_w005
57348,8,minibatch_k64,text_pca256_lexical_w005
57349,56,minibatch_k64,text_pca256_lexical_w005
57350,6,minibatch_k64,text_pca256_lexical_w005
57351,0,minibatch_k64,text_pca256_lexical_w005
57352,6,minibatch_k64,text_pca256_lexical_w005
57353,56,minibatch_k64,text_pca256_lexical_w005
57354,56,minibatch_k64,text_pca256_lexical_w005
57355,56,minibatch_k64,text_pca256_lexical_w005
57356,56,minibatch_k64,text_pca256_lexical_w005
57357,10,minibatch_k64,text_pca256_lexical_w005
57358,56,minibatch_k64,text_pca256_lexical_w005
57359,56,minibatch_k64,text_pca256_lexical_w005
57360,8,minibatch_k64,text_pca256_lexical_w005
57361,10,minibatch_k64,text_pca256_lexical_w005
57362,61,minibatch_k64,text_pca256_lexical_w005
57363,62,minibatch_k64,text_pca256_lexical_w005
57364,47,minibatch_k64,text_pca256_lexical_w005
57365,38,minibatch_k64,text_pca256_lexical_w005
57366,45,minibatch_k64,text_pca256_lexical_w005
57367,23,minibatch_k64,text_pca256_lexical_w005
57368,55,minibatch_k64,text_pca256_lexical_w005
57369,62,minibatch_k64,text_pca256_lexical_w005
57370,23,minibatch_k64,text_pca256_lexical_w005
57371,10,minibatch_k64,text_pca256_lexical_w005
57372,23,minibatch_k64,text_pca256_lexical_w005
57373,0,minibatch_k64,text_pca256_lexical_w005
57374,0,minibatch_k64,text_pca256_lexical_w005
57375,21,minibatch_k64,text_pca256_lexical_w005
57376,0,minibatch_k64,text_pca256_lexical_w005
57377,23,minibatch_k64,text_pca256_lexical_w005
57378,23,minibatch_k64,text_pca256_lexical_w005
57379,0,minibatch_k64,text_pca256_lexical_w005
57380,38,minibatch_k64,text_pca256_lexical_w005
57381,45,minibatch_k64,text_pca256_lexical_w005
57382,55,minibatch_k64,text_pca256_lexical_w005
57383,63,minibatch_k64,text_pca256_lexical_w005
57384,0,minibatch_k64,text_pca256_lexical_w005
57385,15,minibatch_k64,text_pca256_lexical_w005
57386,23,minibatch_k64,text_pca256_lexical_w005
57387,23,minibatch_k64,text_pca256_lexical_w005
57388,15,minibatch_k64,text_pca256_lexical_w005
57389,15,minibatch_k64,text_pca256_lexical_w005
57390,8,minibatch_k64,text_pca256_lexical_w005
57391,0,minibatch_k64,text_pca256_lexical_w005
57392,15,minibatch_k64,text_pca256_lexical_w005
57393,8,minibatch_k64,text_pca256_lexical_w005
57394,23,minibatch_k64,text_pca256_lexical_w005
57395,23,minibatch_k64,text_pca256_lexical_w005
57396,62,minibatch_k64,text_pca256_lexical_w005
57397,15,minibatch_k64,text_pca256_lexical_w005
57398,32,minibatch_k64,text_pca256_lexical_w005
57399,15,minibatch_k64,text_pca256_lexical_w005
57400,38,minibatch_k64,text_pca256_lexical_w005
57401,15,minibatch_k64,text_pca256_lexical_w005
57402,15,minibatch_k64,text_pca256_lexical_w005
57403,15,minibatch_k64,text_pca256_lexical_w005
57404,15,minibatch_k64,text_pca256_lexical_w005
57405,0,minibatch_k64,text_pca256_lexical_w005
57406,45,minibatch_k64,text_pca256_lexical_w005
57407,55,minibatch_k64,text_pca256_lexical_w005
57408,23,minibatch_k64,text_pca256_lexical_w005
57409,13,minibatch_k64,text_pca256_lexical_w005
57410,10,minibatch_k64,text_pca256_lexical_w005
57411,15,minibatch_k64,text_pca256_lexical_w005
57412,15,minibatch_k64,text_pca256_lexical_w005
57413,15,minibatch_k64,text_pca256_lexical_w005
57414,23,minibatch_k64,text_pca256_lexical_w005
57415,23,minibatch_k64,text_pca256_lexical_w005
57416,15,minibatch_k64,text_pca256_lexical_w005
57417,23,minibatch_k64,text_pca256_lexical_w005
57418,61,minibatch_k64,text_pca256_lexical_w005
57419,8,minibatch_k64,text_pca256_lexical_w005
57420,62,minibatch_k64,text_pca256_lexical_w005
57421,0,minibatch_k64,text_pca256_lexical_w005
57422,62,minibatch_k64,text_pca256_lexical_w005
57423,8,minibatch_k64,text_pca256_lexical_w005
57424,2,minibatch_k64,text_pca256_lexical_w005
57425,61,minibatch_k64,text_pca256_lexical_w005
57426,61,minibatch_k64,text_pca256_lexical_w005
57427,2,minibatch_k64,text_pca256_lexical_w005
57428,61,minibatch_k64,text_pca256_lexical_w005
57429,61,minibatch_k64,text_pca256_lexical_w005
57430,61,minibatch_k64,text_pca256_lexical_w005
57431,62,minibatch_k64,text_pca256_lexical_w005
57432,61,minibatch_k64,text_pca256_lexical_w005
57433,61,minibatch_k64,text_pca256_lexical_w005
57434,38,minibatch_k64,text_pca256_lexical_w005
57435,15,minibatch_k64,text_pca256_lexical_w005
57436,45,minibatch_k64,text_pca256_lexical_w005
57437,55,minibatch_k64,text_pca256_lexical_w005
57438,23,minibatch_k64,text_pca256_lexical_w005
57439,39,minibatch_k64,text_pca256_lexical_w005
57440,33,minibatch_k64,text_pca256_lexical_w005
57441,23,minibatch_k64,text_pca256_lexical_w005
57442,0,minibatch_k64,text_pca256_lexical_w005
57443,61,minibatch_k64,text_pca256_lexical_w005
57444,8,minibatch_k64,text_pca256_lexical_w005
57445,10,minibatch_k64,text_pca256_lexical_w005
57446,23,minibatch_k64,text_pca256_lexical_w005
57447,15,minibatch_k64,text_pca256_lexical_w005
57448,23,minibatch_k64,text_pca256_lexical_w005
57449,0,minibatch_k64,text_pca256_lexical_w005
57450,59,minibatch_k64,text_pca256_lexical_w005
57451,0,minibatch_k64,text_pca256_lexical_w005
57452,50,minibatch_k64,text_pca256_lexical_w005
57453,62,minibatch_k64,text_pca256_lexical_w005
57454,8,minibatch_k64,text_pca256_lexical_w005
57455,8,minibatch_k64,text_pca256_lexical_w005
57456,10,minibatch_k64,text_pca256_lexical_w005
57457,15,minibatch_k64,text_pca256_lexical_w005
57458,15,minibatch_k64,text_pca256_lexical_w005
57459,23,minibatch_k64,text_pca256_lexical_w005
57460,62,minibatch_k64,text_pca256_lexical_w005
57461,14,minibatch_k64,text_pca256_lexical_w005
57462,62,minibatch_k64,text_pca256_lexical_w005
57463,23,minibatch_k64,text_pca256_lexical_w005
57464,10,minibatch_k64,text_pca256_lexical_w005
57465,10,minibatch_k64,text_pca256_lexical_w005
57466,15,minibatch_k64,text_pca256_lexical_w005
57467,15,minibatch_k64,text_pca256_lexical_w005
57468,55,minibatch_k64,text_pca256_lexical_w005
57469,39,minibatch_k64,text_pca256_lexical_w005
57470,33,minibatch_k64,text_pca256_lexical_w005
57471,23,minibatch_k64,text_pca256_lexical_w005
57472,0,minibatch_k64,text_pca256_lexical_w005
57473,61,minibatch_k64,text_pca256_lexical_w005
57474,33,minibatch_k64,text_pca256_lexical_w005
57475,39,minibatch_k64,text_pca256_lexical_w005
57476,40,minibatch_k64,text_pca256_lexical_w005
57477,23,minibatch_k64,text_pca256_lexical_w005
57478,23,minibatch_k64,text_pca256_lexical_w005
57479,62,minibatch_k64,text_pca256_lexical_w005
57480,0,minibatch_k64,text_pca256_lexical_w005
57481,23,minibatch_k64,text_pca256_lexical_w005
57482,8,minibatch_k64,text_pca256_lexical_w005
57483,12,minibatch_k64,text_pca256_lexical_w005
57484,40,minibatch_k64,text_pca256_lexical_w005
57485,8,minibatch_k64,text_pca256_lexical_w005
57486,62,minibatch_k64,text_pca256_lexical_w005
57487,18,minibatch_k64,text_pca256_lexical_w005
57488,23,minibatch_k64,text_pca256_lexical_w005
57489,62,minibatch_k64,text_pca256_lexical_w005
57490,8,minibatch_k64,text_pca256_lexical_w005
57491,14,minibatch_k64,text_pca256_lexical_w005
57492,8,minibatch_k64,text_pca256_lexical_w005
57493,62,minibatch_k64,text_pca256_lexical_w005
57494,8,minibatch_k64,text_pca256_lexical_w005
57495,8,minibatch_k64,text_pca256_lexical_w005
57496,12,minibatch_k64,text_pca256_lexical_w005
57497,40,minibatch_k64,text_pca256_lexical_w005
57498,62,minibatch_k64,text_pca256_lexical_w005
57499,5,minibatch_k64,text_pca256_lexical_w005
57500,23,minibatch_k64,text_pca256_lexical_w005
57501,23,minibatch_k64,text_pca256_lexical_w005
57502,21,minibatch_k64,text_pca256_lexical_w005
57503,15,minibatch_k64,text_pca256_lexical_w005
57504,62,minibatch_k64,text_pca256_lexical_w005
57505,62,minibatch_k64,text_pca256_lexical_w005
57506,0,minibatch_k64,text_pca256_lexical_w005
57507,18,minibatch_k64,text_pca256_lexical_w005
57508,62,minibatch_k64,text_pca256_lexical_w005
57509,0,minibatch_k64,text_pca256_lexical_w005
57510,8,minibatch_k64,text_pca256_lexical_w005
57511,62,minibatch_k64,text_pca256_lexical_w005
57512,23,minibatch_k64,text_pca256_lexical_w005
57513,0,minibatch_k64,text_pca256_lexical_w005
57514,62,minibatch_k64,text_pca256_lexical_w005
57515,23,minibatch_k64,text_pca256_lexical_w005
57516,59,minibatch_k64,text_pca256_lexical_w005
57517,10,minibatch_k64,text_pca256_lexical_w005
57518,0,minibatch_k64,text_pca256_lexical_w005
57519,21,minibatch_k64,text_pca256_lexical_w005
57520,15,minibatch_k64,text_pca256_lexical_w005
57521,61,minibatch_k64,text_pca256_lexical_w005
57522,12,minibatch_k64,text_pca256_lexical_w005
57523,40,minibatch_k64,text_pca256_lexical_w005
57524,40,minibatch_k64,text_pca256_lexical_w005
57525,0,minibatch_k64,text_pca256_lexical_w005
57526,0,minibatch_k64,text_pca256_lexical_w005
57527,42,minibatch_k64,text_pca256_lexical_w005
57528,8,minibatch_k64,text_pca256_lexical_w005
57529,62,minibatch_k64,text_pca256_lexical_w005
57530,61,minibatch_k64,text_pca256_lexical_w005
57531,62,minibatch_k64,text_pca256_lexical_w005
57532,61,minibatch_k64,text_pca256_lexical_w005
57533,8,minibatch_k64,text_pca256_lexical_w005
57534,61,minibatch_k64,text_pca256_lexical_w005
57535,2,minibatch_k64,text_pca256_lexical_w005
57536,61,minibatch_k64,text_pca256_lexical_w005
57537,8,minibatch_k64,text_pca256_lexical_w005
57538,42,minibatch_k64,text_pca256_lexical_w005
57539,15,minibatch_k64,text_pca256_lexical_w005
57540,12,minibatch_k64,text_pca256_lexical_w005
57541,40,minibatch_k64,text_pca256_lexical_w005
57542,40,minibatch_k64,text_pca256_lexical_w005
57543,15,minibatch_k64,text_pca256_lexical_w005
57544,12,minibatch_k64,text_pca256_lexical_w005
57545,8,minibatch_k64,text_pca256_lexical_w005
57546,39,minibatch_k64,text_pca256_lexical_w005
57547,5,minibatch_k64,text_pca256_lexical_w005
57548,8,minibatch_k64,text_pca256_lexical_w005
57549,23,minibatch_k64,text_pca256_lexical_w005
57550,15,minibatch_k64,text_pca256_lexical_w005
57551,61,minibatch_k64,text_pca256_lexical_w005
57552,33,minibatch_k64,text_pca256_lexical_w005
57553,62,minibatch_k64,text_pca256_lexical_w005
57554,8,minibatch_k64,text_pca256_lexical_w005
57555,23,minibatch_k64,text_pca256_lexical_w005
57556,8,minibatch_k64,text_pca256_lexical_w005
57557,23,minibatch_k64,text_pca256_lexical_w005
57558,15,minibatch_k64,text_pca256_lexical_w005
57559,5,minibatch_k64,text_pca256_lexical_w005
57560,10,minibatch_k64,text_pca256_lexical_w005
57561,8,minibatch_k64,text_pca256_lexical_w005
57562,0,minibatch_k64,text_pca256_lexical_w005
57563,0,minibatch_k64,text_pca256_lexical_w005
57564,43,minibatch_k64,text_pca256_lexical_w005
57565,61,minibatch_k64,text_pca256_lexical_w005
57566,62,minibatch_k64,text_pca256_lexical_w005
57567,0,minibatch_k64,text_pca256_lexical_w005
57568,5,minibatch_k64,text_pca256_lexical_w005
57569,42,minibatch_k64,text_pca256_lexical_w005
57570,0,minibatch_k64,text_pca256_lexical_w005
57571,42,minibatch_k64,text_pca256_lexical_w005
57572,5,minibatch_k64,text_pca256_lexical_w005
57573,0,minibatch_k64,text_pca256_lexical_w005
57574,15,minibatch_k64,text_pca256_lexical_w005
57575,15,minibatch_k64,text_pca256_lexical_w005
57576,57,minibatch_k64,text_pca256_lexical_w005
57577,57,minibatch_k64,text_pca256_lexical_w005
57578,11,minibatch_k64,text_pca256_lexical_w005
57579,11,minibatch_k64,text_pca256_lexical_w005
57580,11,minibatch_k64,text_pca256_lexical_w005
57581,57,minibatch_k64,text_pca256_lexical_w005
57582,57,minibatch_k64,text_pca256_lexical_w005
57583,57,minibatch_k64,text_pca256_lexical_w005
57584,33,minibatch_k64,text_pca256_lexical_w005
57585,11,minibatch_k64,text_pca256_lexical_w005
57586,23,minibatch_k64,text_pca256_lexical_w005
57587,40,minibatch_k64,text_pca256_lexical_w005
57588,57,minibatch_k64,text_pca256_lexical_w005
57589,23,minibatch_k64,text_pca256_lexical_w005
57590,38,minibatch_k64,text_pca256_lexical_w005
57591,45,minibatch_k64,text_pca256_lexical_w005
57592,0,minibatch_k64,text_pca256_lexical_w005
57593,55,minibatch_k64,text_pca256_lexical_w005
57594,23,minibatch_k64,text_pca256_lexical_w005
57595,22,minibatch_k64,text_pca256_lexical_w005
57596,62,minibatch_k64,text_pca256_lexical_w005
57597,21,minibatch_k64,text_pca256_lexical_w005
57598,14,minibatch_k64,text_pca256_lexical_w005
57599,5,minibatch_k64,text_pca256_lexical_w005
57600,5,minibatch_k64,text_pca256_lexical_w005
57601,23,minibatch_k64,text_pca256_lexical_w005
57602,33,minibatch_k64,text_pca256_lexical_w005
57603,11,minibatch_k64,text_pca256_lexical_w005
57604,8,minibatch_k64,text_pca256_lexical_w005
57605,62,minibatch_k64,text_pca256_lexical_w005
57606,11,minibatch_k64,text_pca256_lexical_w005
57607,0,minibatch_k64,text_pca256_lexical_w005
57608,23,minibatch_k64,text_pca256_lexical_w005
57609,62,minibatch_k64,text_pca256_lexical_w005
57610,59,minibatch_k64,text_pca256_lexical_w005
57611,11,minibatch_k64,text_pca256_lexical_w005
57612,23,minibatch_k64,text_pca256_lexical_w005
57613,21,minibatch_k64,text_pca256_lexical_w005
57614,57,minibatch_k64,text_pca256_lexical_w005
57615,33,minibatch_k64,text_pca256_lexical_w005
57616,57,minibatch_k64,text_pca256_lexical_w005
57617,62,minibatch_k64,text_pca256_lexical_w005
57618,15,minibatch_k64,text_pca256_lexical_w005
57619,0,minibatch_k64,text_pca256_lexical_w005
57620,8,minibatch_k64,text_pca256_lexical_w005
57621,0,minibatch_k64,text_pca256_lexical_w005
57622,11,minibatch_k64,text_pca256_lexical_w005
57623,57,minibatch_k64,text_pca256_lexical_w005
57624,21,minibatch_k64,text_pca256_lexical_w005
57625,39,minibatch_k64,text_pca256_lexical_w005
57626,21,minibatch_k64,text_pca256_lexical_w005
57627,40,minibatch_k64,text_pca256_lexical_w005
57628,16,minibatch_k64,text_pca256_lexical_w005
57629,15,minibatch_k64,text_pca256_lexical_w005
57630,59,minibatch_k64,text_pca256_lexical_w005
57631,21,minibatch_k64,text_pca256_lexical_w005
57632,33,minibatch_k64,text_pca256_lexical_w005
57633,0,minibatch_k64,text_pca256_lexical_w005
57634,0,minibatch_k64,text_pca256_lexical_w005
57635,0,minibatch_k64,text_pca256_lexical_w005
57636,14,minibatch_k64,text_pca256_lexical_w005
57637,10,minibatch_k64,text_pca256_lexical_w005
57638,0,minibatch_k64,text_pca256_lexical_w005
57639,33,minibatch_k64,text_pca256_lexical_w005
57640,4,minibatch_k64,text_pca256_lexical_w005
57641,0,minibatch_k64,text_pca256_lexical_w005
57642,58,minibatch_k64,text_pca256_lexical_w005
57643,55,minibatch_k64,text_pca256_lexical_w005
57644,63,minibatch_k64,text_pca256_lexical_w005
57645,62,minibatch_k64,text_pca256_lexical_w005
57646,53,minibatch_k64,text_pca256_lexical_w005
57647,33,minibatch_k64,text_pca256_lexical_w005
57648,61,minibatch_k64,text_pca256_lexical_w005
57649,0,minibatch_k64,text_pca256_lexical_w005
57650,14,minibatch_k64,text_pca256_lexical_w005
57651,14,minibatch_k64,text_pca256_lexical_w005
57652,59,minibatch_k64,text_pca256_lexical_w005
57653,38,minibatch_k64,text_pca256_lexical_w005
57654,0,minibatch_k64,text_pca256_lexical_w005
57655,0,minibatch_k64,text_pca256_lexical_w005
57656,55,minibatch_k64,text_pca256_lexical_w005
57657,63,minibatch_k64,text_pca256_lexical_w005
57658,21,minibatch_k64,text_pca256_lexical_w005
57659,23,minibatch_k64,text_pca256_lexical_w005
57660,56,minibatch_k64,text_pca256_lexical_w005
57661,59,minibatch_k64,text_pca256_lexical_w005
57662,62,minibatch_k64,text_pca256_lexical_w005
57663,56,minibatch_k64,text_pca256_lexical_w005
57664,62,minibatch_k64,text_pca256_lexical_w005
57665,33,minibatch_k64,text_pca256_lexical_w005
57666,14,minibatch_k64,text_pca256_lexical_w005
57667,14,minibatch_k64,text_pca256_lexical_w005
57668,38,minibatch_k64,text_pca256_lexical_w005
57669,45,minibatch_k64,text_pca256_lexical_w005
57670,59,minibatch_k64,text_pca256_lexical_w005
57671,23,minibatch_k64,text_pca256_lexical_w005
57672,23,minibatch_k64,text_pca256_lexical_w005
57673,0,minibatch_k64,text_pca256_lexical_w005
57674,21,minibatch_k64,text_pca256_lexical_w005
57675,23,minibatch_k64,text_pca256_lexical_w005
57676,62,minibatch_k64,text_pca256_lexical_w005
57677,21,minibatch_k64,text_pca256_lexical_w005
57678,8,minibatch_k64,text_pca256_lexical_w005
57679,62,minibatch_k64,text_pca256_lexical_w005
57680,38,minibatch_k64,text_pca256_lexical_w005
57681,0,minibatch_k64,text_pca256_lexical_w005
57682,62,minibatch_k64,text_pca256_lexical_w005
57683,8,minibatch_k64,text_pca256_lexical_w005
57684,0,minibatch_k64,text_pca256_lexical_w005
57685,16,minibatch_k64,text_pca256_lexical_w005
57686,0,minibatch_k64,text_pca256_lexical_w005
57687,42,minibatch_k64,text_pca256_lexical_w005
57688,8,minibatch_k64,text_pca256_lexical_w005
57689,14,minibatch_k64,text_pca256_lexical_w005
57690,14,minibatch_k64,text_pca256_lexical_w005
57691,33,minibatch_k64,text_pca256_lexical_w005
57692,61,minibatch_k64,text_pca256_lexical_w005
57693,59,minibatch_k64,text_pca256_lexical_w005
57694,33,minibatch_k64,text_pca256_lexical_w005
57695,62,minibatch_k64,text_pca256_lexical_w005
57696,62,minibatch_k64,text_pca256_lexical_w005
57697,8,minibatch_k64,text_pca256_lexical_w005
57698,62,minibatch_k64,text_pca256_lexical_w005
57699,8,minibatch_k64,text_pca256_lexical_w005
57700,0,minibatch_k64,text_pca256_lexical_w005
57701,0,minibatch_k64,text_pca256_lexical_w005
57702,8,minibatch_k64,text_pca256_lexical_w005
57703,10,minibatch_k64,text_pca256_lexical_w005
57704,62,minibatch_k64,text_pca256_lexical_w005
57705,8,minibatch_k64,text_pca256_lexical_w005
57706,23,minibatch_k64,text_pca256_lexical_w005
57707,21,minibatch_k64,text_pca256_lexical_w005
57708,23,minibatch_k64,text_pca256_lexical_w005
57709,0,minibatch_k64,text_pca256_lexical_w005
57710,10,minibatch_k64,text_pca256_lexical_w005
57711,10,minibatch_k64,text_pca256_lexical_w005
57712,15,minibatch_k64,text_pca256_lexical_w005
57713,53,minibatch_k64,text_pca256_lexical_w005
57714,23,minibatch_k64,text_pca256_lexical_w005
57715,8,minibatch_k64,text_pca256_lexical_w005
57716,62,minibatch_k64,text_pca256_lexical_w005
57717,15,minibatch_k64,text_pca256_lexical_w005
57718,15,minibatch_k64,text_pca256_lexical_w005
57719,12,minibatch_k64,text_pca256_lexical_w005
57720,63,minibatch_k64,text_pca256_lexical_w005
57721,0,minibatch_k64,text_pca256_lexical_w005
57722,8,minibatch_k64,text_pca256_lexical_w005
57723,0,minibatch_k64,text_pca256_lexical_w005
57724,32,minibatch_k64,text_pca256_lexical_w005
57725,45,minibatch_k64,text_pca256_lexical_w005
57726,53,minibatch_k64,text_pca256_lexical_w005
57727,53,minibatch_k64,text_pca256_lexical_w005
57728,15,minibatch_k64,text_pca256_lexical_w005
57729,16,minibatch_k64,text_pca256_lexical_w005
57730,12,minibatch_k64,text_pca256_lexical_w005
57731,8,minibatch_k64,text_pca256_lexical_w005
57732,10,minibatch_k64,text_pca256_lexical_w005
57733,0,minibatch_k64,text_pca256_lexical_w005
57734,10,minibatch_k64,text_pca256_lexical_w005
57735,8,minibatch_k64,text_pca256_lexical_w005
57736,62,minibatch_k64,text_pca256_lexical_w005
57737,62,minibatch_k64,text_pca256_lexical_w005
57738,39,minibatch_k64,text_pca256_lexical_w005
57739,8,minibatch_k64,text_pca256_lexical_w005
57740,21,minibatch_k64,text_pca256_lexical_w005
57741,21,minibatch_k64,text_pca256_lexical_w005
57742,0,minibatch_k64,text_pca256_lexical_w005
57743,50,minibatch_k64,text_pca256_lexical_w005
57744,39,minibatch_k64,text_pca256_lexical_w005
57745,15,minibatch_k64,text_pca256_lexical_w005
57746,0,minibatch_k64,text_pca256_lexical_w005
57747,0,minibatch_k64,text_pca256_lexical_w005
57748,10,minibatch_k64,text_pca256_lexical_w005
57749,0,minibatch_k64,text_pca256_lexical_w005
57750,23,minibatch_k64,text_pca256_lexical_w005
57751,0,minibatch_k64,text_pca256_lexical_w005
57752,53,minibatch_k64,text_pca256_lexical_w005
57753,8,minibatch_k64,text_pca256_lexical_w005
57754,61,minibatch_k64,text_pca256_lexical_w005
57755,23,minibatch_k64,text_pca256_lexical_w005
57756,21,minibatch_k64,text_pca256_lexical_w005
57757,18,minibatch_k64,text_pca256_lexical_w005
57758,62,minibatch_k64,text_pca256_lexical_w005
57759,59,minibatch_k64,text_pca256_lexical_w005
57760,62,minibatch_k64,text_pca256_lexical_w005
57761,0,minibatch_k64,text_pca256_lexical_w005
57762,39,minibatch_k64,text_pca256_lexical_w005
57763,8,minibatch_k64,text_pca256_lexical_w005
57764,45,minibatch_k64,text_pca256_lexical_w005
57765,18,minibatch_k64,text_pca256_lexical_w005
57766,0,minibatch_k64,text_pca256_lexical_w005
57767,62,minibatch_k64,text_pca256_lexical_w005
57768,59,minibatch_k64,text_pca256_lexical_w005
57769,23,minibatch_k64,text_pca256_lexical_w005
57770,0,minibatch_k64,text_pca256_lexical_w005
57771,8,minibatch_k64,text_pca256_lexical_w005
57772,62,minibatch_k64,text_pca256_lexical_w005
57773,15,minibatch_k64,text_pca256_lexical_w005
57774,16,minibatch_k64,text_pca256_lexical_w005
57775,15,minibatch_k64,text_pca256_lexical_w005
57776,8,minibatch_k64,text_pca256_lexical_w005
57777,2,minibatch_k64,text_pca256_lexical_w005
57778,23,minibatch_k64,text_pca256_lexical_w005
57779,12,minibatch_k64,text_pca256_lexical_w005
57780,0,minibatch_k64,text_pca256_lexical_w005
57781,59,minibatch_k64,text_pca256_lexical_w005
57782,0,minibatch_k64,text_pca256_lexical_w005
57783,62,minibatch_k64,text_pca256_lexical_w005
57784,15,minibatch_k64,text_pca256_lexical_w005
57785,12,minibatch_k64,text_pca256_lexical_w005
57786,21,minibatch_k64,text_pca256_lexical_w005
57787,0,minibatch_k64,text_pca256_lexical_w005
57788,18,minibatch_k64,text_pca256_lexical_w005
57789,8,minibatch_k64,text_pca256_lexical_w005
57790,10,minibatch_k64,text_pca256_lexical_w005
57791,15,minibatch_k64,text_pca256_lexical_w005
57792,18,minibatch_k64,text_pca256_lexical_w005
57793,23,minibatch_k64,text_pca256_lexical_w005
57794,20,minibatch_k64,text_pca256_lexical_w005
57795,8,minibatch_k64,text_pca256_lexical_w005
57796,2,minibatch_k64,text_pca256_lexical_w005
57797,15,minibatch_k64,text_pca256_lexical_w005
57798,8,minibatch_k64,text_pca256_lexical_w005
57799,0,minibatch_k64,text_pca256_lexical_w005
57800,32,minibatch_k64,text_pca256_lexical_w005
57801,0,minibatch_k64,text_pca256_lexical_w005
57802,2,minibatch_k64,text_pca256_lexical_w005
57803,15,minibatch_k64,text_pca256_lexical_w005
57804,16,minibatch_k64,text_pca256_lexical_w005
57805,39,minibatch_k64,text_pca256_lexical_w005
57806,8,minibatch_k64,text_pca256_lexical_w005
57807,21,minibatch_k64,text_pca256_lexical_w005
57808,27,minibatch_k64,text_pca256_lexical_w005
57809,0,minibatch_k64,text_pca256_lexical_w005
57810,15,minibatch_k64,text_pca256_lexical_w005
57811,8,minibatch_k64,text_pca256_lexical_w005
57812,0,minibatch_k64,text_pca256_lexical_w005
57813,23,minibatch_k64,text_pca256_lexical_w005
57814,15,minibatch_k64,text_pca256_lexical_w005
57815,0,minibatch_k64,text_pca256_lexical_w005
57816,0,minibatch_k64,text_pca256_lexical_w005
57817,8,minibatch_k64,text_pca256_lexical_w005
57818,15,minibatch_k64,text_pca256_lexical_w005
57819,38,minibatch_k64,text_pca256_lexical_w005
57820,39,minibatch_k64,text_pca256_lexical_w005
57821,8,minibatch_k64,text_pca256_lexical_w005
57822,10,minibatch_k64,text_pca256_lexical_w005
57823,45,minibatch_k64,text_pca256_lexical_w005
57824,62,minibatch_k64,text_pca256_lexical_w005
57825,36,minibatch_k64,text_pca256_lexical_w005
57826,15,minibatch_k64,text_pca256_lexical_w005
57827,55,minibatch_k64,text_pca256_lexical_w005
57828,62,minibatch_k64,text_pca256_lexical_w005
57829,39,minibatch_k64,text_pca256_lexical_w005
57830,21,minibatch_k64,text_pca256_lexical_w005
57831,10,minibatch_k64,text_pca256_lexical_w005
57832,10,minibatch_k64,text_pca256_lexical_w005
57833,8,minibatch_k64,text_pca256_lexical_w005
57834,39,minibatch_k64,text_pca256_lexical_w005
57835,8,minibatch_k64,text_pca256_lexical_w005
57836,0,minibatch_k64,text_pca256_lexical_w005
57837,0,minibatch_k64,text_pca256_lexical_w005
57838,33,minibatch_k64,text_pca256_lexical_w005
57839,0,minibatch_k64,text_pca256_lexical_w005
57840,23,minibatch_k64,text_pca256_lexical_w005
57841,8,minibatch_k64,text_pca256_lexical_w005
57842,8,minibatch_k64,text_pca256_lexical_w005
57843,15,minibatch_k64,text_pca256_lexical_w005
57844,0,minibatch_k64,text_pca256_lexical_w005
57845,8,minibatch_k64,text_pca256_lexical_w005
57846,62,minibatch_k64,text_pca256_lexical_w005
57847,45,minibatch_k64,text_pca256_lexical_w005
57848,15,minibatch_k64,text_pca256_lexical_w005
57849,23,minibatch_k64,text_pca256_lexical_w005
57850,0,minibatch_k64,text_pca256_lexical_w005
57851,0,minibatch_k64,text_pca256_lexical_w005
57852,62,minibatch_k64,text_pca256_lexical_w005
57853,0,minibatch_k64,text_pca256_lexical_w005
57854,39,minibatch_k64,text_pca256_lexical_w005
57855,2,minibatch_k64,text_pca256_lexical_w005
57856,8,minibatch_k64,text_pca256_lexical_w005
57857,0,minibatch_k64,text_pca256_lexical_w005
57858,62,minibatch_k64,text_pca256_lexical_w005
57859,8,minibatch_k64,text_pca256_lexical_w005
57860,0,minibatch_k64,text_pca256_lexical_w005
57861,0,minibatch_k64,text_pca256_lexical_w005
57862,39,minibatch_k64,text_pca256_lexical_w005
57863,23,minibatch_k64,text_pca256_lexical_w005
57864,18,minibatch_k64,text_pca256_lexical_w005
57865,18,minibatch_k64,text_pca256_lexical_w005
57866,10,minibatch_k64,text_pca256_lexical_w005
57867,23,minibatch_k64,text_pca256_lexical_w005
57868,0,minibatch_k64,text_pca256_lexical_w005
57869,39,minibatch_k64,text_pca256_lexical_w005
57870,18,minibatch_k64,text_pca256_lexical_w005
57871,61,minibatch_k64,text_pca256_lexical_w005
57872,0,minibatch_k64,text_pca256_lexical_w005
57873,15,minibatch_k64,text_pca256_lexical_w005
57874,0,minibatch_k64,text_pca256_lexical_w005
57875,59,minibatch_k64,text_pca256_lexical_w005
57876,23,minibatch_k64,text_pca256_lexical_w005
57877,23,minibatch_k64,text_pca256_lexical_w005
57878,10,minibatch_k64,text_pca256_lexical_w005
57879,0,minibatch_k64,text_pca256_lexical_w005
57880,0,minibatch_k64,text_pca256_lexical_w005
57881,0,minibatch_k64,text_pca256_lexical_w005
57882,23,minibatch_k64,text_pca256_lexical_w005
57883,0,minibatch_k64,text_pca256_lexical_w005
57884,15,minibatch_k64,text_pca256_lexical_w005
57885,15,minibatch_k64,text_pca256_lexical_w005
57886,8,minibatch_k64,text_pca256_lexical_w005
57887,23,minibatch_k64,text_pca256_lexical_w005
57888,59,minibatch_k64,text_pca256_lexical_w005
57889,8,minibatch_k64,text_pca256_lexical_w005
57890,18,minibatch_k64,text_pca256_lexical_w005
57891,18,minibatch_k64,text_pca256_lexical_w005
57892,59,minibatch_k64,text_pca256_lexical_w005
57893,10,minibatch_k64,text_pca256_lexical_w005
57894,18,minibatch_k64,text_pca256_lexical_w005
57895,0,minibatch_k64,text_pca256_lexical_w005
57896,23,minibatch_k64,text_pca256_lexical_w005
57897,18,minibatch_k64,text_pca256_lexical_w005
57898,0,minibatch_k64,text_pca256_lexical_w005
57899,27,minibatch_k64,text_pca256_lexical_w005
57900,15,minibatch_k64,text_pca256_lexical_w005
57901,27,minibatch_k64,text_pca256_lexical_w005
57902,8,minibatch_k64,text_pca256_lexical_w005
57903,62,minibatch_k64,text_pca256_lexical_w005
57904,62,minibatch_k64,text_pca256_lexical_w005
57905,23,minibatch_k64,text_pca256_lexical_w005
57906,0,minibatch_k64,text_pca256_lexical_w005
57907,62,minibatch_k64,text_pca256_lexical_w005
57908,33,minibatch_k64,text_pca256_lexical_w005
57909,0,minibatch_k64,text_pca256_lexical_w005
57910,10,minibatch_k64,text_pca256_lexical_w005
57911,8,minibatch_k64,text_pca256_lexical_w005
57912,8,minibatch_k64,text_pca256_lexical_w005
57913,10,minibatch_k64,text_pca256_lexical_w005
57914,15,minibatch_k64,text_pca256_lexical_w005
57915,15,minibatch_k64,text_pca256_lexical_w005
57916,23,minibatch_k64,text_pca256_lexical_w005
57917,0,minibatch_k64,text_pca256_lexical_w005
57918,0,minibatch_k64,text_pca256_lexical_w005
57919,10,minibatch_k64,text_pca256_lexical_w005
57920,39,minibatch_k64,text_pca256_lexical_w005
57921,0,minibatch_k64,text_pca256_lexical_w005
57922,10,minibatch_k64,text_pca256_lexical_w005
57923,62,minibatch_k64,text_pca256_lexical_w005
57924,18,minibatch_k64,text_pca256_lexical_w005
57925,62,minibatch_k64,text_pca256_lexical_w005
57926,8,minibatch_k64,text_pca256_lexical_w005
57927,0,minibatch_k64,text_pca256_lexical_w005
57928,39,minibatch_k64,text_pca256_lexical_w005
57929,33,minibatch_k64,text_pca256_lexical_w005
57930,15,minibatch_k64,text_pca256_lexical_w005
57931,0,minibatch_k64,text_pca256_lexical_w005
57932,15,minibatch_k64,text_pca256_lexical_w005
57933,8,minibatch_k64,text_pca256_lexical_w005
57934,8,minibatch_k64,text_pca256_lexical_w005
57935,0,minibatch_k64,text_pca256_lexical_w005
57936,8,minibatch_k64,text_pca256_lexical_w005
57937,45,minibatch_k64,text_pca256_lexical_w005
57938,10,minibatch_k64,text_pca256_lexical_w005
57939,8,minibatch_k64,text_pca256_lexical_w005
57940,62,minibatch_k64,text_pca256_lexical_w005
57941,15,minibatch_k64,text_pca256_lexical_w005
57942,62,minibatch_k64,text_pca256_lexical_w005
57943,0,minibatch_k64,text_pca256_lexical_w005
57944,0,minibatch_k64,text_pca256_lexical_w005
57945,39,minibatch_k64,text_pca256_lexical_w005
57946,23,minibatch_k64,text_pca256_lexical_w005
57947,0,minibatch_k64,text_pca256_lexical_w005
57948,8,minibatch_k64,text_pca256_lexical_w005
57949,8,minibatch_k64,text_pca256_lexical_w005
57950,8,minibatch_k64,text_pca256_lexical_w005
57951,10,minibatch_k64,text_pca256_lexical_w005
57952,15,minibatch_k64,text_pca256_lexical_w005
57953,39,minibatch_k64,text_pca256_lexical_w005
57954,39,minibatch_k64,text_pca256_lexical_w005
57955,0,minibatch_k64,text_pca256_lexical_w005
57956,23,minibatch_k64,text_pca256_lexical_w005
57957,39,minibatch_k64,text_pca256_lexical_w005
57958,8,minibatch_k64,text_pca256_lexical_w005
57959,62,minibatch_k64,text_pca256_lexical_w005
57960,23,minibatch_k64,text_pca256_lexical_w005
57961,23,minibatch_k64,text_pca256_lexical_w005
57962,39,minibatch_k64,text_pca256_lexical_w005
57963,59,minibatch_k64,text_pca256_lexical_w005
57964,23,minibatch_k64,text_pca256_lexical_w005
57965,0,minibatch_k64,text_pca256_lexical_w005
57966,61,minibatch_k64,text_pca256_lexical_w005
57967,0,minibatch_k64,text_pca256_lexical_w005
57968,8,minibatch_k64,text_pca256_lexical_w005
57969,0,minibatch_k64,text_pca256_lexical_w005
57970,15,minibatch_k64,text_pca256_lexical_w005
57971,8,minibatch_k64,text_pca256_lexical_w005
57972,23,minibatch_k64,text_pca256_lexical_w005
57973,33,minibatch_k64,text_pca256_lexical_w005
57974,59,minibatch_k64,text_pca256_lexical_w005
57975,23,minibatch_k64,text_pca256_lexical_w005
57976,0,minibatch_k64,text_pca256_lexical_w005
57977,59,minibatch_k64,text_pca256_lexical_w005
57978,18,minibatch_k64,text_pca256_lexical_w005
57979,45,minibatch_k64,text_pca256_lexical_w005
57980,18,minibatch_k64,text_pca256_lexical_w005
57981,27,minibatch_k64,text_pca256_lexical_w005
57982,5,minibatch_k64,text_pca256_lexical_w005
57983,2,minibatch_k64,text_pca256_lexical_w005
57984,45,minibatch_k64,text_pca256_lexical_w005
57985,45,minibatch_k64,text_pca256_lexical_w005
57986,45,minibatch_k64,text_pca256_lexical_w005
57987,23,minibatch_k64,text_pca256_lexical_w005
57988,15,minibatch_k64,text_pca256_lexical_w005
57989,8,minibatch_k64,text_pca256_lexical_w005
57990,10,minibatch_k64,text_pca256_lexical_w005
57991,62,minibatch_k64,text_pca256_lexical_w005
57992,8,minibatch_k64,text_pca256_lexical_w005
57993,23,minibatch_k64,text_pca256_lexical_w005
57994,18,minibatch_k64,text_pca256_lexical_w005
57995,0,minibatch_k64,text_pca256_lexical_w005
57996,0,minibatch_k64,text_pca256_lexical_w005
57997,0,minibatch_k64,text_pca256_lexical_w005
57998,18,minibatch_k64,text_pca256_lexical_w005
57999,18,minibatch_k64,text_pca256_lexical_w005
58000,0,minibatch_k64,text_pca256_lexical_w005
58001,59,minibatch_k64,text_pca256_lexical_w005
58002,0,minibatch_k64,text_pca256_lexical_w005
58003,18,minibatch_k64,text_pca256_lexical_w005
58004,45,minibatch_k64,text_pca256_lexical_w005
58005,10,minibatch_k64,text_pca256_lexical_w005
58006,62,minibatch_k64,text_pca256_lexical_w005
58007,8,minibatch_k64,text_pca256_lexical_w005
58008,59,minibatch_k64,text_pca256_lexical_w005
58009,15,minibatch_k64,text_pca256_lexical_w005
58010,23,minibatch_k64,text_pca256_lexical_w005
58011,8,minibatch_k64,text_pca256_lexical_w005
58012,0,minibatch_k64,text_pca256_lexical_w005
58013,15,minibatch_k64,text_pca256_lexical_w005
58014,0,minibatch_k64,text_pca256_lexical_w005
58015,8,minibatch_k64,text_pca256_lexical_w005
58016,0,minibatch_k64,text_pca256_lexical_w005
58017,18,minibatch_k64,text_pca256_lexical_w005
58018,2,minibatch_k64,text_pca256_lexical_w005
58019,62,minibatch_k64,text_pca256_lexical_w005
58020,8,minibatch_k64,text_pca256_lexical_w005
58021,18,minibatch_k64,text_pca256_lexical_w005
58022,18,minibatch_k64,text_pca256_lexical_w005
58023,18,minibatch_k64,text_pca256_lexical_w005
58024,0,minibatch_k64,text_pca256_lexical_w005
58025,2,minibatch_k64,text_pca256_lexical_w005
58026,61,minibatch_k64,text_pca256_lexical_w005
58027,8,minibatch_k64,text_pca256_lexical_w005
58028,18,minibatch_k64,text_pca256_lexical_w005
58029,0,minibatch_k64,text_pca256_lexical_w005
58030,18,minibatch_k64,text_pca256_lexical_w005
58031,18,minibatch_k64,text_pca256_lexical_w005
58032,27,minibatch_k64,text_pca256_lexical_w005
58033,62,minibatch_k64,text_pca256_lexical_w005
58034,62,minibatch_k64,text_pca256_lexical_w005
58035,59,minibatch_k64,text_pca256_lexical_w005
58036,59,minibatch_k64,text_pca256_lexical_w005
58037,0,minibatch_k64,text_pca256_lexical_w005
58038,0,minibatch_k64,text_pca256_lexical_w005
58039,15,minibatch_k64,text_pca256_lexical_w005
58040,0,minibatch_k64,text_pca256_lexical_w005
58041,59,minibatch_k64,text_pca256_lexical_w005
58042,45,minibatch_k64,text_pca256_lexical_w005
58043,18,minibatch_k64,text_pca256_lexical_w005
58044,62,minibatch_k64,text_pca256_lexical_w005
58045,2,minibatch_k64,text_pca256_lexical_w005
58046,45,minibatch_k64,text_pca256_lexical_w005
58047,27,minibatch_k64,text_pca256_lexical_w005
58048,18,minibatch_k64,text_pca256_lexical_w005
58049,0,minibatch_k64,text_pca256_lexical_w005
58050,62,minibatch_k64,text_pca256_lexical_w005
58051,0,minibatch_k64,text_pca256_lexical_w005
58052,15,minibatch_k64,text_pca256_lexical_w005
58053,15,minibatch_k64,text_pca256_lexical_w005
58054,2,minibatch_k64,text_pca256_lexical_w005
58055,45,minibatch_k64,text_pca256_lexical_w005
58056,59,minibatch_k64,text_pca256_lexical_w005
58057,8,minibatch_k64,text_pca256_lexical_w005
58058,23,minibatch_k64,text_pca256_lexical_w005
58059,62,minibatch_k64,text_pca256_lexical_w005
58060,10,minibatch_k64,text_pca256_lexical_w005
58061,0,minibatch_k64,text_pca256_lexical_w005
58062,23,minibatch_k64,text_pca256_lexical_w005
58063,2,minibatch_k64,text_pca256_lexical_w005
58064,8,minibatch_k64,text_pca256_lexical_w005
58065,15,minibatch_k64,text_pca256_lexical_w005
58066,18,minibatch_k64,text_pca256_lexical_w005
58067,2,minibatch_k64,text_pca256_lexical_w005
58068,8,minibatch_k64,text_pca256_lexical_w005
58069,10,minibatch_k64,text_pca256_lexical_w005
58070,15,minibatch_k64,text_pca256_lexical_w005
58071,15,minibatch_k64,text_pca256_lexical_w005
58072,62,minibatch_k64,text_pca256_lexical_w005
58073,39,minibatch_k64,text_pca256_lexical_w005
58074,23,minibatch_k64,text_pca256_lexical_w005
58075,21,minibatch_k64,text_pca256_lexical_w005
58076,0,minibatch_k64,text_pca256_lexical_w005
58077,18,minibatch_k64,text_pca256_lexical_w005
58078,2,minibatch_k64,text_pca256_lexical_w005
58079,34,minibatch_k64,text_pca256_lexical_w005
58080,2,minibatch_k64,text_pca256_lexical_w005
58081,39,minibatch_k64,text_pca256_lexical_w005
58082,39,minibatch_k64,text_pca256_lexical_w005
58083,15,minibatch_k64,text_pca256_lexical_w005
58084,15,minibatch_k64,text_pca256_lexical_w005
58085,62,minibatch_k64,text_pca256_lexical_w005
58086,62,minibatch_k64,text_pca256_lexical_w005
58087,8,minibatch_k64,text_pca256_lexical_w005
58088,2,minibatch_k64,text_pca256_lexical_w005
58089,18,minibatch_k64,text_pca256_lexical_w005
58090,10,minibatch_k64,text_pca256_lexical_w005
58091,23,minibatch_k64,text_pca256_lexical_w005
58092,0,minibatch_k64,text_pca256_lexical_w005
58093,15,minibatch_k64,text_pca256_lexical_w005
58094,59,minibatch_k64,text_pca256_lexical_w005
58095,45,minibatch_k64,text_pca256_lexical_w005
58096,59,minibatch_k64,text_pca256_lexical_w005
58097,23,minibatch_k64,text_pca256_lexical_w005
58098,23,minibatch_k64,text_pca256_lexical_w005
58099,10,minibatch_k64,text_pca256_lexical_w005
58100,45,minibatch_k64,text_pca256_lexical_w005
58101,34,minibatch_k64,text_pca256_lexical_w005
58102,62,minibatch_k64,text_pca256_lexical_w005
58103,45,minibatch_k64,text_pca256_lexical_w005
58104,10,minibatch_k64,text_pca256_lexical_w005
58105,59,minibatch_k64,text_pca256_lexical_w005
58106,45,minibatch_k64,text_pca256_lexical_w005
58107,34,minibatch_k64,text_pca256_lexical_w005
58108,59,minibatch_k64,text_pca256_lexical_w005
58109,59,minibatch_k64,text_pca256_lexical_w005
58110,34,minibatch_k64,text_pca256_lexical_w005
58111,15,minibatch_k64,text_pca256_lexical_w005
58112,7,minibatch_k64,text_pca256_lexical_w005
58113,59,minibatch_k64,text_pca256_lexical_w005
58114,59,minibatch_k64,text_pca256_lexical_w005
58115,62,minibatch_k64,text_pca256_lexical_w005
58116,23,minibatch_k64,text_pca256_lexical_w005
58117,23,minibatch_k64,text_pca256_lexical_w005
58118,23,minibatch_k64,text_pca256_lexical_w005
58119,59,minibatch_k64,text_pca256_lexical_w005
58120,59,minibatch_k64,text_pca256_lexical_w005
58121,23,minibatch_k64,text_pca256_lexical_w005
58122,8,minibatch_k64,text_pca256_lexical_w005
58123,59,minibatch_k64,text_pca256_lexical_w005
58124,0,minibatch_k64,text_pca256_lexical_w005
58125,62,minibatch_k64,text_pca256_lexical_w005
58126,23,minibatch_k64,text_pca256_lexical_w005
58127,23,minibatch_k64,text_pca256_lexical_w005
58128,0,minibatch_k64,text_pca256_lexical_w005
58129,23,minibatch_k64,text_pca256_lexical_w005
58130,45,minibatch_k64,text_pca256_lexical_w005
58131,59,minibatch_k64,text_pca256_lexical_w005
58132,59,minibatch_k64,text_pca256_lexical_w005
58133,59,minibatch_k64,text_pca256_lexical_w005
58134,0,minibatch_k64,text_pca256_lexical_w005
58135,23,minibatch_k64,text_pca256_lexical_w005
58136,23,minibatch_k64,text_pca256_lexical_w005
58137,23,minibatch_k64,text_pca256_lexical_w005
58138,59,minibatch_k64,text_pca256_lexical_w005
58139,39,minibatch_k64,text_pca256_lexical_w005
58140,62,minibatch_k64,text_pca256_lexical_w005
58141,6,minibatch_k64,text_pca256_lexical_w005
58142,10,minibatch_k64,text_pca256_lexical_w005
58143,59,minibatch_k64,text_pca256_lexical_w005
58144,10,minibatch_k64,text_pca256_lexical_w005
58145,10,minibatch_k64,text_pca256_lexical_w005
58146,6,minibatch_k64,text_pca256_lexical_w005
58147,33,minibatch_k64,text_pca256_lexical_w005
58148,56,minibatch_k64,text_pca256_lexical_w005
58149,42,minibatch_k64,text_pca256_lexical_w005
58150,34,minibatch_k64,text_pca256_lexical_w005
58151,62,minibatch_k64,text_pca256_lexical_w005
58152,10,minibatch_k64,text_pca256_lexical_w005
58153,10,minibatch_k64,text_pca256_lexical_w005
58154,62,minibatch_k64,text_pca256_lexical_w005
58155,8,minibatch_k64,text_pca256_lexical_w005
58156,8,minibatch_k64,text_pca256_lexical_w005
58157,6,minibatch_k64,text_pca256_lexical_w005
58158,33,minibatch_k64,text_pca256_lexical_w005
58159,2,minibatch_k64,text_pca256_lexical_w005
58160,39,minibatch_k64,text_pca256_lexical_w005
58161,6,minibatch_k64,text_pca256_lexical_w005
58162,21,minibatch_k64,text_pca256_lexical_w005
58163,23,minibatch_k64,text_pca256_lexical_w005
58164,45,minibatch_k64,text_pca256_lexical_w005
58165,45,minibatch_k64,text_pca256_lexical_w005
58166,15,minibatch_k64,text_pca256_lexical_w005
58167,15,minibatch_k64,text_pca256_lexical_w005
58168,0,minibatch_k64,text_pca256_lexical_w005
58169,59,minibatch_k64,text_pca256_lexical_w005
58170,5,minibatch_k64,text_pca256_lexical_w005
58171,39,minibatch_k64,text_pca256_lexical_w005
58172,7,minibatch_k64,text_pca256_lexical_w005
58173,23,minibatch_k64,text_pca256_lexical_w005
58174,2,minibatch_k64,text_pca256_lexical_w005
58175,0,minibatch_k64,text_pca256_lexical_w005
58176,10,minibatch_k64,text_pca256_lexical_w005
58177,0,minibatch_k64,text_pca256_lexical_w005
58178,6,minibatch_k64,text_pca256_lexical_w005
58179,34,minibatch_k64,text_pca256_lexical_w005
58180,10,minibatch_k64,text_pca256_lexical_w005
58181,34,minibatch_k64,text_pca256_lexical_w005
58182,0,minibatch_k64,text_pca256_lexical_w005
58183,48,minibatch_k64,text_pca256_lexical_w005
58184,41,minibatch_k64,text_pca256_lexical_w005
58185,0,minibatch_k64,text_pca256_lexical_w005
58186,33,minibatch_k64,text_pca256_lexical_w005
58187,10,minibatch_k64,text_pca256_lexical_w005
58188,2,minibatch_k64,text_pca256_lexical_w005
58189,8,minibatch_k64,text_pca256_lexical_w005
58190,42,minibatch_k64,text_pca256_lexical_w005
58191,15,minibatch_k64,text_pca256_lexical_w005
58192,2,minibatch_k64,text_pca256_lexical_w005
58193,42,minibatch_k64,text_pca256_lexical_w005
58194,45,minibatch_k64,text_pca256_lexical_w005
58195,62,minibatch_k64,text_pca256_lexical_w005
58196,4,minibatch_k64,text_pca256_lexical_w005
58197,4,minibatch_k64,text_pca256_lexical_w005
58198,4,minibatch_k64,text_pca256_lexical_w005
58199,4,minibatch_k64,text_pca256_lexical_w005
58200,4,minibatch_k64,text_pca256_lexical_w005
58201,62,minibatch_k64,text_pca256_lexical_w005
58202,45,minibatch_k64,text_pca256_lexical_w005
58203,2,minibatch_k64,text_pca256_lexical_w005
58204,4,minibatch_k64,text_pca256_lexical_w005
58205,4,minibatch_k64,text_pca256_lexical_w005
58206,61,minibatch_k64,text_pca256_lexical_w005
58207,0,minibatch_k64,text_pca256_lexical_w005
58208,0,minibatch_k64,text_pca256_lexical_w005
58209,2,minibatch_k64,text_pca256_lexical_w005
58210,45,minibatch_k64,text_pca256_lexical_w005
58211,61,minibatch_k64,text_pca256_lexical_w005
58212,2,minibatch_k64,text_pca256_lexical_w005
58213,0,minibatch_k64,text_pca256_lexical_w005
58214,61,minibatch_k64,text_pca256_lexical_w005
58215,21,minibatch_k64,text_pca256_lexical_w005
58216,61,minibatch_k64,text_pca256_lexical_w005
58217,62,minibatch_k64,text_pca256_lexical_w005
58218,21,minibatch_k64,text_pca256_lexical_w005
58219,0,minibatch_k64,text_pca256_lexical_w005
58220,0,minibatch_k64,text_pca256_lexical_w005
58221,61,minibatch_k64,text_pca256_lexical_w005
58222,61,minibatch_k64,text_pca256_lexical_w005
58223,8,minibatch_k64,text_pca256_lexical_w005
58224,15,minibatch_k64,text_pca256_lexical_w005
58225,8,minibatch_k64,text_pca256_lexical_w005
58226,48,minibatch_k64,text_pca256_lexical_w005
58227,8,minibatch_k64,text_pca256_lexical_w005
58228,50,minibatch_k64,text_pca256_lexical_w005
58229,61,minibatch_k64,text_pca256_lexical_w005
58230,0,minibatch_k64,text_pca256_lexical_w005
58231,2,minibatch_k64,text_pca256_lexical_w005
58232,15,minibatch_k64,text_pca256_lexical_w005
58233,50,minibatch_k64,text_pca256_lexical_w005
58234,0,minibatch_k64,text_pca256_lexical_w005
58235,15,minibatch_k64,text_pca256_lexical_w005
58236,15,minibatch_k64,text_pca256_lexical_w005
58237,42,minibatch_k64,text_pca256_lexical_w005
58238,50,minibatch_k64,text_pca256_lexical_w005
58239,50,minibatch_k64,text_pca256_lexical_w005
58240,2,minibatch_k64,text_pca256_lexical_w005
58241,21,minibatch_k64,text_pca256_lexical_w005
58242,15,minibatch_k64,text_pca256_lexical_w005
58243,62,minibatch_k64,text_pca256_lexical_w005
58244,23,minibatch_k64,text_pca256_lexical_w005
58245,10,minibatch_k64,text_pca256_lexical_w005
58246,38,minibatch_k64,text_pca256_lexical_w005
58247,58,minibatch_k64,text_pca256_lexical_w005
58248,15,minibatch_k64,text_pca256_lexical_w005
58249,23,minibatch_k64,text_pca256_lexical_w005
58250,23,minibatch_k64,text_pca256_lexical_w005
58251,45,minibatch_k64,text_pca256_lexical_w005
58252,55,minibatch_k64,text_pca256_lexical_w005
58253,23,minibatch_k64,text_pca256_lexical_w005
58254,0,minibatch_k64,text_pca256_lexical_w005
58255,0,minibatch_k64,text_pca256_lexical_w005
58256,21,minibatch_k64,text_pca256_lexical_w005
58257,62,minibatch_k64,text_pca256_lexical_w005
58258,21,minibatch_k64,text_pca256_lexical_w005
58259,0,minibatch_k64,text_pca256_lexical_w005
58260,50,minibatch_k64,text_pca256_lexical_w005
58261,15,minibatch_k64,text_pca256_lexical_w005
58262,2,minibatch_k64,text_pca256_lexical_w005
58263,8,minibatch_k64,text_pca256_lexical_w005
58264,15,minibatch_k64,text_pca256_lexical_w005
58265,53,minibatch_k64,text_pca256_lexical_w005
58266,15,minibatch_k64,text_pca256_lexical_w005
58267,21,minibatch_k64,text_pca256_lexical_w005
58268,50,minibatch_k64,text_pca256_lexical_w005
58269,45,minibatch_k64,text_pca256_lexical_w005
58270,21,minibatch_k64,text_pca256_lexical_w005
58271,0,minibatch_k64,text_pca256_lexical_w005
58272,2,minibatch_k64,text_pca256_lexical_w005
58273,10,minibatch_k64,text_pca256_lexical_w005
58274,2,minibatch_k64,text_pca256_lexical_w005
58275,50,minibatch_k64,text_pca256_lexical_w005
58276,2,minibatch_k64,text_pca256_lexical_w005
58277,50,minibatch_k64,text_pca256_lexical_w005
58278,50,minibatch_k64,text_pca256_lexical_w005
58279,62,minibatch_k64,text_pca256_lexical_w005
58280,21,minibatch_k64,text_pca256_lexical_w005
58281,21,minibatch_k64,text_pca256_lexical_w005
58282,15,minibatch_k64,text_pca256_lexical_w005
58283,50,minibatch_k64,text_pca256_lexical_w005
58284,21,minibatch_k64,text_pca256_lexical_w005
58285,2,minibatch_k64,text_pca256_lexical_w005
58286,38,minibatch_k64,text_pca256_lexical_w005
58287,45,minibatch_k64,text_pca256_lexical_w005
58288,58,minibatch_k64,text_pca256_lexical_w005
58289,45,minibatch_k64,text_pca256_lexical_w005
58290,45,minibatch_k64,text_pca256_lexical_w005
58291,55,minibatch_k64,text_pca256_lexical_w005
58292,23,minibatch_k64,text_pca256_lexical_w005
58293,0,minibatch_k64,text_pca256_lexical_w005
58294,4,minibatch_k64,text_pca256_lexical_w005
58295,21,minibatch_k64,text_pca256_lexical_w005
58296,8,minibatch_k64,text_pca256_lexical_w005
58297,2,minibatch_k64,text_pca256_lexical_w005
58298,2,minibatch_k64,text_pca256_lexical_w005
58299,62,minibatch_k64,text_pca256_lexical_w005
58300,4,minibatch_k64,text_pca256_lexical_w005
58301,8,minibatch_k64,text_pca256_lexical_w005
58302,50,minibatch_k64,text_pca256_lexical_w005
58303,0,minibatch_k64,text_pca256_lexical_w005
58304,0,minibatch_k64,text_pca256_lexical_w005
58305,61,minibatch_k64,text_pca256_lexical_w005
58306,50,minibatch_k64,text_pca256_lexical_w005
58307,15,minibatch_k64,text_pca256_lexical_w005
58308,21,minibatch_k64,text_pca256_lexical_w005
58309,2,minibatch_k64,text_pca256_lexical_w005
58310,50,minibatch_k64,text_pca256_lexical_w005
58311,21,minibatch_k64,text_pca256_lexical_w005
58312,50,minibatch_k64,text_pca256_lexical_w005
58313,0,minibatch_k64,text_pca256_lexical_w005
58314,8,minibatch_k64,text_pca256_lexical_w005
58315,15,minibatch_k64,text_pca256_lexical_w005
58316,23,minibatch_k64,text_pca256_lexical_w005
58317,0,minibatch_k64,text_pca256_lexical_w005
58318,0,minibatch_k64,text_pca256_lexical_w005
58319,42,minibatch_k64,text_pca256_lexical_w005
58320,0,minibatch_k64,text_pca256_lexical_w005
58321,21,minibatch_k64,text_pca256_lexical_w005
58322,15,minibatch_k64,text_pca256_lexical_w005
58323,53,minibatch_k64,text_pca256_lexical_w005
58324,15,minibatch_k64,text_pca256_lexical_w005
58325,33,minibatch_k64,text_pca256_lexical_w005
58326,39,minibatch_k64,text_pca256_lexical_w005
58327,50,minibatch_k64,text_pca256_lexical_w005
58328,8,minibatch_k64,text_pca256_lexical_w005
58329,50,minibatch_k64,text_pca256_lexical_w005
58330,50,minibatch_k64,text_pca256_lexical_w005
58331,8,minibatch_k64,text_pca256_lexical_w005
58332,8,minibatch_k64,text_pca256_lexical_w005
58333,50,minibatch_k64,text_pca256_lexical_w005
58334,33,minibatch_k64,text_pca256_lexical_w005
58335,50,minibatch_k64,text_pca256_lexical_w005
58336,45,minibatch_k64,text_pca256_lexical_w005
58337,0,minibatch_k64,text_pca256_lexical_w005
58338,0,minibatch_k64,text_pca256_lexical_w005
58339,62,minibatch_k64,text_pca256_lexical_w005
58340,38,minibatch_k64,text_pca256_lexical_w005
58341,0,minibatch_k64,text_pca256_lexical_w005
58342,45,minibatch_k64,text_pca256_lexical_w005
58343,55,minibatch_k64,text_pca256_lexical_w005
58344,0,minibatch_k64,text_pca256_lexical_w005
58345,8,minibatch_k64,text_pca256_lexical_w005
58346,4,minibatch_k64,text_pca256_lexical_w005
58347,4,minibatch_k64,text_pca256_lexical_w005
58348,62,minibatch_k64,text_pca256_lexical_w005
58349,4,minibatch_k64,text_pca256_lexical_w005
58350,4,minibatch_k64,text_pca256_lexical_w005
58351,10,minibatch_k64,text_pca256_lexical_w005
58352,50,minibatch_k64,text_pca256_lexical_w005
58353,15,minibatch_k64,text_pca256_lexical_w005
58354,50,minibatch_k64,text_pca256_lexical_w005
58355,15,minibatch_k64,text_pca256_lexical_w005
58356,15,minibatch_k64,text_pca256_lexical_w005
58357,0,minibatch_k64,text_pca256_lexical_w005
58358,50,minibatch_k64,text_pca256_lexical_w005
58359,21,minibatch_k64,text_pca256_lexical_w005
58360,50,minibatch_k64,text_pca256_lexical_w005
58361,2,minibatch_k64,text_pca256_lexical_w005
58362,23,minibatch_k64,text_pca256_lexical_w005
58363,15,minibatch_k64,text_pca256_lexical_w005
58364,15,minibatch_k64,text_pca256_lexical_w005
58365,42,minibatch_k64,text_pca256_lexical_w005
58366,21,minibatch_k64,text_pca256_lexical_w005
58367,33,minibatch_k64,text_pca256_lexical_w005
58368,53,minibatch_k64,text_pca256_lexical_w005
58369,45,minibatch_k64,text_pca256_lexical_w005
58370,0,minibatch_k64,text_pca256_lexical_w005
58371,58,minibatch_k64,text_pca256_lexical_w005
58372,58,minibatch_k64,text_pca256_lexical_w005
58373,38,minibatch_k64,text_pca256_lexical_w005
58374,15,minibatch_k64,text_pca256_lexical_w005
58375,2,minibatch_k64,text_pca256_lexical_w005
58376,45,minibatch_k64,text_pca256_lexical_w005
58377,45,minibatch_k64,text_pca256_lexical_w005
58378,55,minibatch_k64,text_pca256_lexical_w005
58379,53,minibatch_k64,text_pca256_lexical_w005
58380,23,minibatch_k64,text_pca256_lexical_w005
58381,62,minibatch_k64,text_pca256_lexical_w005
58382,62,minibatch_k64,text_pca256_lexical_w005
58383,62,minibatch_k64,text_pca256_lexical_w005
58384,8,minibatch_k64,text_pca256_lexical_w005
58385,4,minibatch_k64,text_pca256_lexical_w005
58386,62,minibatch_k64,text_pca256_lexical_w005
58387,0,minibatch_k64,text_pca256_lexical_w005
58388,21,minibatch_k64,text_pca256_lexical_w005
58389,0,minibatch_k64,text_pca256_lexical_w005
58390,50,minibatch_k64,text_pca256_lexical_w005
58391,8,minibatch_k64,text_pca256_lexical_w005
58392,21,minibatch_k64,text_pca256_lexical_w005
58393,42,minibatch_k64,text_pca256_lexical_w005
58394,2,minibatch_k64,text_pca256_lexical_w005
58395,15,minibatch_k64,text_pca256_lexical_w005
58396,33,minibatch_k64,text_pca256_lexical_w005
58397,50,minibatch_k64,text_pca256_lexical_w005
58398,50,minibatch_k64,text_pca256_lexical_w005
58399,2,minibatch_k64,text_pca256_lexical_w005
58400,10,minibatch_k64,text_pca256_lexical_w005
58401,0,minibatch_k64,text_pca256_lexical_w005
58402,33,minibatch_k64,text_pca256_lexical_w005
58403,50,minibatch_k64,text_pca256_lexical_w005
58404,50,minibatch_k64,text_pca256_lexical_w005
58405,0,minibatch_k64,text_pca256_lexical_w005
58406,8,minibatch_k64,text_pca256_lexical_w005
58407,50,minibatch_k64,text_pca256_lexical_w005
58408,33,minibatch_k64,text_pca256_lexical_w005
58409,58,minibatch_k64,text_pca256_lexical_w005
58410,33,minibatch_k64,text_pca256_lexical_w005
58411,15,minibatch_k64,text_pca256_lexical_w005
58412,38,minibatch_k64,text_pca256_lexical_w005
58413,15,minibatch_k64,text_pca256_lexical_w005
58414,45,minibatch_k64,text_pca256_lexical_w005
58415,23,minibatch_k64,text_pca256_lexical_w005
58416,15,minibatch_k64,text_pca256_lexical_w005
58417,45,minibatch_k64,text_pca256_lexical_w005
58418,55,minibatch_k64,text_pca256_lexical_w005
58419,37,minibatch_k64,text_pca256_lexical_w005
58420,4,minibatch_k64,text_pca256_lexical_w005
58421,33,minibatch_k64,text_pca256_lexical_w005
58422,0,minibatch_k64,text_pca256_lexical_w005
58423,2,minibatch_k64,text_pca256_lexical_w005
58424,15,minibatch_k64,text_pca256_lexical_w005
58425,15,minibatch_k64,text_pca256_lexical_w005
58426,8,minibatch_k64,text_pca256_lexical_w005
58427,10,minibatch_k64,text_pca256_lexical_w005
58428,59,minibatch_k64,text_pca256_lexical_w005
58429,0,minibatch_k64,text_pca256_lexical_w005
58430,8,minibatch_k64,text_pca256_lexical_w005
58431,0,minibatch_k64,text_pca256_lexical_w005
58432,15,minibatch_k64,text_pca256_lexical_w005
58433,53,minibatch_k64,text_pca256_lexical_w005
58434,14,minibatch_k64,text_pca256_lexical_w005
58435,50,minibatch_k64,text_pca256_lexical_w005
58436,50,minibatch_k64,text_pca256_lexical_w005
58437,0,minibatch_k64,text_pca256_lexical_w005
58438,50,minibatch_k64,text_pca256_lexical_w005
58439,0,minibatch_k64,text_pca256_lexical_w005
58440,33,minibatch_k64,text_pca256_lexical_w005
58441,33,minibatch_k64,text_pca256_lexical_w005
58442,2,minibatch_k64,text_pca256_lexical_w005
58443,8,minibatch_k64,text_pca256_lexical_w005
58444,45,minibatch_k64,text_pca256_lexical_w005
58445,39,minibatch_k64,text_pca256_lexical_w005
58446,58,minibatch_k64,text_pca256_lexical_w005
58447,40,minibatch_k64,text_pca256_lexical_w005
58448,58,minibatch_k64,text_pca256_lexical_w005
58449,23,minibatch_k64,text_pca256_lexical_w005
58450,40,minibatch_k64,text_pca256_lexical_w005
58451,23,minibatch_k64,text_pca256_lexical_w005
58452,23,minibatch_k64,text_pca256_lexical_w005
58453,12,minibatch_k64,text_pca256_lexical_w005
58454,55,minibatch_k64,text_pca256_lexical_w005
58455,35,minibatch_k64,text_pca256_lexical_w005
58456,0,minibatch_k64,text_pca256_lexical_w005
58457,50,minibatch_k64,text_pca256_lexical_w005
58458,0,minibatch_k64,text_pca256_lexical_w005
58459,0,minibatch_k64,text_pca256_lexical_w005
58460,15,minibatch_k64,text_pca256_lexical_w005
58461,15,minibatch_k64,text_pca256_lexical_w005
58462,15,minibatch_k64,text_pca256_lexical_w005
58463,50,minibatch_k64,text_pca256_lexical_w005
58464,53,minibatch_k64,text_pca256_lexical_w005
58465,50,minibatch_k64,text_pca256_lexical_w005
58466,50,minibatch_k64,text_pca256_lexical_w005
58467,50,minibatch_k64,text_pca256_lexical_w005
58468,15,minibatch_k64,text_pca256_lexical_w005
58469,2,minibatch_k64,text_pca256_lexical_w005
58470,33,minibatch_k64,text_pca256_lexical_w005
58471,10,minibatch_k64,text_pca256_lexical_w005
58472,0,minibatch_k64,text_pca256_lexical_w005
58473,0,minibatch_k64,text_pca256_lexical_w005
58474,62,minibatch_k64,text_pca256_lexical_w005
58475,10,minibatch_k64,text_pca256_lexical_w005
58476,50,minibatch_k64,text_pca256_lexical_w005
58477,0,minibatch_k64,text_pca256_lexical_w005
58478,2,minibatch_k64,text_pca256_lexical_w005
58479,50,minibatch_k64,text_pca256_lexical_w005
58480,50,minibatch_k64,text_pca256_lexical_w005
58481,0,minibatch_k64,text_pca256_lexical_w005
58482,8,minibatch_k64,text_pca256_lexical_w005
58483,50,minibatch_k64,text_pca256_lexical_w005
58484,50,minibatch_k64,text_pca256_lexical_w005
58485,61,minibatch_k64,text_pca256_lexical_w005
58486,50,minibatch_k64,text_pca256_lexical_w005
58487,50,minibatch_k64,text_pca256_lexical_w005
58488,45,minibatch_k64,text_pca256_lexical_w005
58489,15,minibatch_k64,text_pca256_lexical_w005
58490,2,minibatch_k64,text_pca256_lexical_w005
58491,2,minibatch_k64,text_pca256_lexical_w005
58492,40,minibatch_k64,text_pca256_lexical_w005
58493,0,minibatch_k64,text_pca256_lexical_w005
58494,33,minibatch_k64,text_pca256_lexical_w005
58495,48,minibatch_k64,text_pca256_lexical_w005
58496,50,minibatch_k64,text_pca256_lexical_w005
58497,38,minibatch_k64,text_pca256_lexical_w005
58498,40,minibatch_k64,text_pca256_lexical_w005
58499,58,minibatch_k64,text_pca256_lexical_w005
58500,2,minibatch_k64,text_pca256_lexical_w005
58501,55,minibatch_k64,text_pca256_lexical_w005
58502,22,minibatch_k64,text_pca256_lexical_w005
58503,62,minibatch_k64,text_pca256_lexical_w005
58504,50,minibatch_k64,text_pca256_lexical_w005
58505,2,minibatch_k64,text_pca256_lexical_w005
58506,0,minibatch_k64,text_pca256_lexical_w005
58507,2,minibatch_k64,text_pca256_lexical_w005
58508,4,minibatch_k64,text_pca256_lexical_w005
58509,4,minibatch_k64,text_pca256_lexical_w005
58510,50,minibatch_k64,text_pca256_lexical_w005
58511,61,minibatch_k64,text_pca256_lexical_w005
58512,0,minibatch_k64,text_pca256_lexical_w005
58513,62,minibatch_k64,text_pca256_lexical_w005
58514,50,minibatch_k64,text_pca256_lexical_w005
58515,50,minibatch_k64,text_pca256_lexical_w005
58516,0,minibatch_k64,text_pca256_lexical_w005
58517,50,minibatch_k64,text_pca256_lexical_w005
58518,2,minibatch_k64,text_pca256_lexical_w005
58519,50,minibatch_k64,text_pca256_lexical_w005
58520,62,minibatch_k64,text_pca256_lexical_w005
58521,50,minibatch_k64,text_pca256_lexical_w005
58522,0,minibatch_k64,text_pca256_lexical_w005
58523,50,minibatch_k64,text_pca256_lexical_w005
58524,15,minibatch_k64,text_pca256_lexical_w005
58525,15,minibatch_k64,text_pca256_lexical_w005
58526,2,minibatch_k64,text_pca256_lexical_w005
58527,4,minibatch_k64,text_pca256_lexical_w005
58528,0,minibatch_k64,text_pca256_lexical_w005
58529,11,minibatch_k64,text_pca256_lexical_w005
58530,8,minibatch_k64,text_pca256_lexical_w005
58531,62,minibatch_k64,text_pca256_lexical_w005
58532,57,minibatch_k64,text_pca256_lexical_w005
58533,33,minibatch_k64,text_pca256_lexical_w005
58534,33,minibatch_k64,text_pca256_lexical_w005
58535,10,minibatch_k64,text_pca256_lexical_w005
58536,15,minibatch_k64,text_pca256_lexical_w005
58537,15,minibatch_k64,text_pca256_lexical_w005
58538,33,minibatch_k64,text_pca256_lexical_w005
58539,15,minibatch_k64,text_pca256_lexical_w005
58540,2,minibatch_k64,text_pca256_lexical_w005
58541,33,minibatch_k64,text_pca256_lexical_w005
58542,50,minibatch_k64,text_pca256_lexical_w005
58543,33,minibatch_k64,text_pca256_lexical_w005
58544,15,minibatch_k64,text_pca256_lexical_w005
58545,40,minibatch_k64,text_pca256_lexical_w005
58546,8,minibatch_k64,text_pca256_lexical_w005
58547,0,minibatch_k64,text_pca256_lexical_w005
58548,15,minibatch_k64,text_pca256_lexical_w005
58549,50,minibatch_k64,text_pca256_lexical_w005
58550,12,minibatch_k64,text_pca256_lexical_w005
58551,15,minibatch_k64,text_pca256_lexical_w005
58552,50,minibatch_k64,text_pca256_lexical_w005
58553,50,minibatch_k64,text_pca256_lexical_w005
58554,18,minibatch_k64,text_pca256_lexical_w005
58555,62,minibatch_k64,text_pca256_lexical_w005
58556,50,minibatch_k64,text_pca256_lexical_w005
58557,33,minibatch_k64,text_pca256_lexical_w005
58558,40,minibatch_k64,text_pca256_lexical_w005
58559,50,minibatch_k64,text_pca256_lexical_w005
58560,0,minibatch_k64,text_pca256_lexical_w005
58561,62,minibatch_k64,text_pca256_lexical_w005
58562,33,minibatch_k64,text_pca256_lexical_w005
58563,15,minibatch_k64,text_pca256_lexical_w005
58564,33,minibatch_k64,text_pca256_lexical_w005
58565,15,minibatch_k64,text_pca256_lexical_w005
58566,4,minibatch_k64,text_pca256_lexical_w005
58567,45,minibatch_k64,text_pca256_lexical_w005
58568,38,minibatch_k64,text_pca256_lexical_w005
58569,2,minibatch_k64,text_pca256_lexical_w005
58570,40,minibatch_k64,text_pca256_lexical_w005
58571,12,minibatch_k64,text_pca256_lexical_w005
58572,58,minibatch_k64,text_pca256_lexical_w005
58573,45,minibatch_k64,text_pca256_lexical_w005
58574,55,minibatch_k64,text_pca256_lexical_w005
58575,13,minibatch_k64,text_pca256_lexical_w005
58576,0,minibatch_k64,text_pca256_lexical_w005
58577,5,minibatch_k64,text_pca256_lexical_w005
58578,62,minibatch_k64,text_pca256_lexical_w005
58579,62,minibatch_k64,text_pca256_lexical_w005
58580,15,minibatch_k64,text_pca256_lexical_w005
58581,33,minibatch_k64,text_pca256_lexical_w005
58582,42,minibatch_k64,text_pca256_lexical_w005
58583,0,minibatch_k64,text_pca256_lexical_w005
58584,15,minibatch_k64,text_pca256_lexical_w005
58585,0,minibatch_k64,text_pca256_lexical_w005
58586,2,minibatch_k64,text_pca256_lexical_w005
58587,0,minibatch_k64,text_pca256_lexical_w005
58588,2,minibatch_k64,text_pca256_lexical_w005
58589,0,minibatch_k64,text_pca256_lexical_w005
58590,50,minibatch_k64,text_pca256_lexical_w005
58591,15,minibatch_k64,text_pca256_lexical_w005
58592,15,minibatch_k64,text_pca256_lexical_w005
58593,0,minibatch_k64,text_pca256_lexical_w005
58594,15,minibatch_k64,text_pca256_lexical_w005
58595,15,minibatch_k64,text_pca256_lexical_w005
58596,15,minibatch_k64,text_pca256_lexical_w005
58597,23,minibatch_k64,text_pca256_lexical_w005
58598,2,minibatch_k64,text_pca256_lexical_w005
58599,2,minibatch_k64,text_pca256_lexical_w005
58600,2,minibatch_k64,text_pca256_lexical_w005
58601,50,minibatch_k64,text_pca256_lexical_w005
58602,50,minibatch_k64,text_pca256_lexical_w005
58603,50,minibatch_k64,text_pca256_lexical_w005
58604,50,minibatch_k64,text_pca256_lexical_w005
58605,33,minibatch_k64,text_pca256_lexical_w005
58606,50,minibatch_k64,text_pca256_lexical_w005
58607,0,minibatch_k64,text_pca256_lexical_w005
58608,50,minibatch_k64,text_pca256_lexical_w005
58609,8,minibatch_k64,text_pca256_lexical_w005
58610,15,minibatch_k64,text_pca256_lexical_w005
58611,2,minibatch_k64,text_pca256_lexical_w005
58612,2,minibatch_k64,text_pca256_lexical_w005
58613,0,minibatch_k64,text_pca256_lexical_w005
58614,8,minibatch_k64,text_pca256_lexical_w005
58615,0,minibatch_k64,text_pca256_lexical_w005
58616,62,minibatch_k64,text_pca256_lexical_w005
58617,2,minibatch_k64,text_pca256_lexical_w005
58618,8,minibatch_k64,text_pca256_lexical_w005
58619,0,minibatch_k64,text_pca256_lexical_w005
58620,50,minibatch_k64,text_pca256_lexical_w005
58621,50,minibatch_k64,text_pca256_lexical_w005
58622,5,minibatch_k64,text_pca256_lexical_w005
58623,5,minibatch_k64,text_pca256_lexical_w005
58624,0,minibatch_k64,text_pca256_lexical_w005
58625,5,minibatch_k64,text_pca256_lexical_w005
58626,5,minibatch_k64,text_pca256_lexical_w005
58627,0,minibatch_k64,text_pca256_lexical_w005
58628,15,minibatch_k64,text_pca256_lexical_w005
58629,23,minibatch_k64,text_pca256_lexical_w005
58630,5,minibatch_k64,text_pca256_lexical_w005
58631,0,minibatch_k64,text_pca256_lexical_w005
58632,0,minibatch_k64,text_pca256_lexical_w005
58633,50,minibatch_k64,text_pca256_lexical_w005
58634,2,minibatch_k64,text_pca256_lexical_w005
58635,5,minibatch_k64,text_pca256_lexical_w005
58636,5,minibatch_k64,text_pca256_lexical_w005
58637,15,minibatch_k64,text_pca256_lexical_w005
58638,42,minibatch_k64,text_pca256_lexical_w005
58639,5,minibatch_k64,text_pca256_lexical_w005
58640,2,minibatch_k64,text_pca256_lexical_w005
58641,45,minibatch_k64,text_pca256_lexical_w005
58642,2,minibatch_k64,text_pca256_lexical_w005
58643,8,minibatch_k64,text_pca256_lexical_w005
58644,0,minibatch_k64,text_pca256_lexical_w005
58645,23,minibatch_k64,text_pca256_lexical_w005
58646,10,minibatch_k64,text_pca256_lexical_w005
58647,50,minibatch_k64,text_pca256_lexical_w005
58648,11,minibatch_k64,text_pca256_lexical_w005
58649,40,minibatch_k64,text_pca256_lexical_w005
58650,45,minibatch_k64,text_pca256_lexical_w005
58651,57,minibatch_k64,text_pca256_lexical_w005
58652,0,minibatch_k64,text_pca256_lexical_w005
58653,15,minibatch_k64,text_pca256_lexical_w005
58654,50,minibatch_k64,text_pca256_lexical_w005
58655,0,minibatch_k64,text_pca256_lexical_w005
58656,11,minibatch_k64,text_pca256_lexical_w005
58657,2,minibatch_k64,text_pca256_lexical_w005
58658,11,minibatch_k64,text_pca256_lexical_w005
58659,0,minibatch_k64,text_pca256_lexical_w005
58660,57,minibatch_k64,text_pca256_lexical_w005
58661,0,minibatch_k64,text_pca256_lexical_w005
58662,42,minibatch_k64,text_pca256_lexical_w005
58663,33,minibatch_k64,text_pca256_lexical_w005
58664,11,minibatch_k64,text_pca256_lexical_w005
58665,62,minibatch_k64,text_pca256_lexical_w005
58666,11,minibatch_k64,text_pca256_lexical_w005
58667,57,minibatch_k64,text_pca256_lexical_w005
58668,15,minibatch_k64,text_pca256_lexical_w005
58669,0,minibatch_k64,text_pca256_lexical_w005
58670,8,minibatch_k64,text_pca256_lexical_w005
58671,5,minibatch_k64,text_pca256_lexical_w005
58672,53,minibatch_k64,text_pca256_lexical_w005
58673,50,minibatch_k64,text_pca256_lexical_w005
58674,2,minibatch_k64,text_pca256_lexical_w005
58675,2,minibatch_k64,text_pca256_lexical_w005
58676,11,minibatch_k64,text_pca256_lexical_w005
58677,57,minibatch_k64,text_pca256_lexical_w005
58678,0,minibatch_k64,text_pca256_lexical_w005
58679,8,minibatch_k64,text_pca256_lexical_w005
58680,50,minibatch_k64,text_pca256_lexical_w005
58681,15,minibatch_k64,text_pca256_lexical_w005
58682,45,minibatch_k64,text_pca256_lexical_w005
58683,33,minibatch_k64,text_pca256_lexical_w005
58684,2,minibatch_k64,text_pca256_lexical_w005
58685,50,minibatch_k64,text_pca256_lexical_w005
58686,57,minibatch_k64,text_pca256_lexical_w005
58687,11,minibatch_k64,text_pca256_lexical_w005
58688,50,minibatch_k64,text_pca256_lexical_w005
58689,62,minibatch_k64,text_pca256_lexical_w005
58690,50,minibatch_k64,text_pca256_lexical_w005
58691,50,minibatch_k64,text_pca256_lexical_w005
58692,50,minibatch_k64,text_pca256_lexical_w005
58693,33,minibatch_k64,text_pca256_lexical_w005
58694,0,minibatch_k64,text_pca256_lexical_w005
58695,0,minibatch_k64,text_pca256_lexical_w005
58696,11,minibatch_k64,text_pca256_lexical_w005
58697,8,minibatch_k64,text_pca256_lexical_w005
58698,0,minibatch_k64,text_pca256_lexical_w005
58699,2,minibatch_k64,text_pca256_lexical_w005
58700,39,minibatch_k64,text_pca256_lexical_w005
58701,57,minibatch_k64,text_pca256_lexical_w005
58702,38,minibatch_k64,text_pca256_lexical_w005
58703,0,minibatch_k64,text_pca256_lexical_w005
58704,2,minibatch_k64,text_pca256_lexical_w005
58705,8,minibatch_k64,text_pca256_lexical_w005
58706,45,minibatch_k64,text_pca256_lexical_w005
58707,55,minibatch_k64,text_pca256_lexical_w005
58708,23,minibatch_k64,text_pca256_lexical_w005
58709,11,minibatch_k64,text_pca256_lexical_w005
58710,13,minibatch_k64,text_pca256_lexical_w005
58711,21,minibatch_k64,text_pca256_lexical_w005
58712,39,minibatch_k64,text_pca256_lexical_w005
58713,0,minibatch_k64,text_pca256_lexical_w005
58714,50,minibatch_k64,text_pca256_lexical_w005
58715,2,minibatch_k64,text_pca256_lexical_w005
58716,10,minibatch_k64,text_pca256_lexical_w005
58717,40,minibatch_k64,text_pca256_lexical_w005
58718,2,minibatch_k64,text_pca256_lexical_w005
58719,15,minibatch_k64,text_pca256_lexical_w005
58720,15,minibatch_k64,text_pca256_lexical_w005
58721,2,minibatch_k64,text_pca256_lexical_w005
58722,15,minibatch_k64,text_pca256_lexical_w005
58723,8,minibatch_k64,text_pca256_lexical_w005
58724,15,minibatch_k64,text_pca256_lexical_w005
58725,0,minibatch_k64,text_pca256_lexical_w005
58726,15,minibatch_k64,text_pca256_lexical_w005
58727,0,minibatch_k64,text_pca256_lexical_w005
58728,0,minibatch_k64,text_pca256_lexical_w005
58729,45,minibatch_k64,text_pca256_lexical_w005
58730,2,minibatch_k64,text_pca256_lexical_w005
58731,39,minibatch_k64,text_pca256_lexical_w005
58732,33,minibatch_k64,text_pca256_lexical_w005
58733,15,minibatch_k64,text_pca256_lexical_w005
58734,0,minibatch_k64,text_pca256_lexical_w005
58735,0,minibatch_k64,text_pca256_lexical_w005
58736,8,minibatch_k64,text_pca256_lexical_w005
58737,62,minibatch_k64,text_pca256_lexical_w005
58738,45,minibatch_k64,text_pca256_lexical_w005
58739,45,minibatch_k64,text_pca256_lexical_w005
58740,15,minibatch_k64,text_pca256_lexical_w005
58741,45,minibatch_k64,text_pca256_lexical_w005
58742,8,minibatch_k64,text_pca256_lexical_w005
58743,8,minibatch_k64,text_pca256_lexical_w005
58744,45,minibatch_k64,text_pca256_lexical_w005
58745,2,minibatch_k64,text_pca256_lexical_w005
58746,2,minibatch_k64,text_pca256_lexical_w005
58747,50,minibatch_k64,text_pca256_lexical_w005
58748,39,minibatch_k64,text_pca256_lexical_w005
58749,42,minibatch_k64,text_pca256_lexical_w005
58750,0,minibatch_k64,text_pca256_lexical_w005
58751,15,minibatch_k64,text_pca256_lexical_w005
58752,8,minibatch_k64,text_pca256_lexical_w005
58753,33,minibatch_k64,text_pca256_lexical_w005
58754,50,minibatch_k64,text_pca256_lexical_w005
58755,53,minibatch_k64,text_pca256_lexical_w005
58756,50,minibatch_k64,text_pca256_lexical_w005
58757,8,minibatch_k64,text_pca256_lexical_w005
58758,0,minibatch_k64,text_pca256_lexical_w005
58759,33,minibatch_k64,text_pca256_lexical_w005
58760,50,minibatch_k64,text_pca256_lexical_w005
58761,0,minibatch_k64,text_pca256_lexical_w005
58762,15,minibatch_k64,text_pca256_lexical_w005
58763,57,minibatch_k64,text_pca256_lexical_w005
58764,8,minibatch_k64,text_pca256_lexical_w005
58765,33,minibatch_k64,text_pca256_lexical_w005
58766,11,minibatch_k64,text_pca256_lexical_w005
58767,0,minibatch_k64,text_pca256_lexical_w005
58768,0,minibatch_k64,text_pca256_lexical_w005
58769,16,minibatch_k64,text_pca256_lexical_w005
58770,57,minibatch_k64,text_pca256_lexical_w005
58771,57,minibatch_k64,text_pca256_lexical_w005
58772,15,minibatch_k64,text_pca256_lexical_w005
58773,0,minibatch_k64,text_pca256_lexical_w005
58774,57,minibatch_k64,text_pca256_lexical_w005
58775,0,minibatch_k64,text_pca256_lexical_w005
58776,33,minibatch_k64,text_pca256_lexical_w005
58777,62,minibatch_k64,text_pca256_lexical_w005
58778,2,minibatch_k64,text_pca256_lexical_w005
58779,57,minibatch_k64,text_pca256_lexical_w005
58780,50,minibatch_k64,text_pca256_lexical_w005
58781,15,minibatch_k64,text_pca256_lexical_w005
58782,50,minibatch_k64,text_pca256_lexical_w005
58783,53,minibatch_k64,text_pca256_lexical_w005
58784,11,minibatch_k64,text_pca256_lexical_w005
58785,2,minibatch_k64,text_pca256_lexical_w005
58786,2,minibatch_k64,text_pca256_lexical_w005
58787,57,minibatch_k64,text_pca256_lexical_w005
58788,58,minibatch_k64,text_pca256_lexical_w005
58789,0,minibatch_k64,text_pca256_lexical_w005
58790,55,minibatch_k64,text_pca256_lexical_w005
58791,13,minibatch_k64,text_pca256_lexical_w005
58792,8,minibatch_k64,text_pca256_lexical_w005
58793,15,minibatch_k64,text_pca256_lexical_w005
58794,33,minibatch_k64,text_pca256_lexical_w005
58795,21,minibatch_k64,text_pca256_lexical_w005
58796,50,minibatch_k64,text_pca256_lexical_w005
58797,10,minibatch_k64,text_pca256_lexical_w005
58798,62,minibatch_k64,text_pca256_lexical_w005
58799,33,minibatch_k64,text_pca256_lexical_w005
58800,0,minibatch_k64,text_pca256_lexical_w005
58801,50,minibatch_k64,text_pca256_lexical_w005
58802,50,minibatch_k64,text_pca256_lexical_w005
58803,0,minibatch_k64,text_pca256_lexical_w005
58804,2,minibatch_k64,text_pca256_lexical_w005
58805,62,minibatch_k64,text_pca256_lexical_w005
58806,39,minibatch_k64,text_pca256_lexical_w005
58807,57,minibatch_k64,text_pca256_lexical_w005
58808,50,minibatch_k64,text_pca256_lexical_w005
58809,62,minibatch_k64,text_pca256_lexical_w005
58810,15,minibatch_k64,text_pca256_lexical_w005
58811,62,minibatch_k64,text_pca256_lexical_w005
58812,50,minibatch_k64,text_pca256_lexical_w005
58813,33,minibatch_k64,text_pca256_lexical_w005
58814,0,minibatch_k64,text_pca256_lexical_w005
58815,39,minibatch_k64,text_pca256_lexical_w005
58816,33,minibatch_k64,text_pca256_lexical_w005
58817,0,minibatch_k64,text_pca256_lexical_w005
58818,20,minibatch_k64,text_pca256_lexical_w005
58819,50,minibatch_k64,text_pca256_lexical_w005
58820,38,minibatch_k64,text_pca256_lexical_w005
58821,45,minibatch_k64,text_pca256_lexical_w005
58822,0,minibatch_k64,text_pca256_lexical_w005
58823,55,minibatch_k64,text_pca256_lexical_w005
58824,13,minibatch_k64,text_pca256_lexical_w005
58825,0,minibatch_k64,text_pca256_lexical_w005
58826,50,minibatch_k64,text_pca256_lexical_w005
58827,2,minibatch_k64,text_pca256_lexical_w005
58828,50,minibatch_k64,text_pca256_lexical_w005
58829,42,minibatch_k64,text_pca256_lexical_w005
58830,2,minibatch_k64,text_pca256_lexical_w005
58831,2,minibatch_k64,text_pca256_lexical_w005
58832,2,minibatch_k64,text_pca256_lexical_w005
58833,50,minibatch_k64,text_pca256_lexical_w005
58834,45,minibatch_k64,text_pca256_lexical_w005
58835,42,minibatch_k64,text_pca256_lexical_w005
58836,42,minibatch_k64,text_pca256_lexical_w005
58837,33,minibatch_k64,text_pca256_lexical_w005
58838,15,minibatch_k64,text_pca256_lexical_w005
58839,40,minibatch_k64,text_pca256_lexical_w005
58840,8,minibatch_k64,text_pca256_lexical_w005
58841,33,minibatch_k64,text_pca256_lexical_w005
58842,0,minibatch_k64,text_pca256_lexical_w005
58843,50,minibatch_k64,text_pca256_lexical_w005
58844,42,minibatch_k64,text_pca256_lexical_w005
58845,0,minibatch_k64,text_pca256_lexical_w005
58846,39,minibatch_k64,text_pca256_lexical_w005
58847,8,minibatch_k64,text_pca256_lexical_w005
58848,15,minibatch_k64,text_pca256_lexical_w005
58849,50,minibatch_k64,text_pca256_lexical_w005
58850,0,minibatch_k64,text_pca256_lexical_w005
58851,50,minibatch_k64,text_pca256_lexical_w005
58852,50,minibatch_k64,text_pca256_lexical_w005
58853,0,minibatch_k64,text_pca256_lexical_w005
58854,8,minibatch_k64,text_pca256_lexical_w005
58855,8,minibatch_k64,text_pca256_lexical_w005
58856,42,minibatch_k64,text_pca256_lexical_w005
58857,38,minibatch_k64,text_pca256_lexical_w005
58858,0,minibatch_k64,text_pca256_lexical_w005
58859,13,minibatch_k64,text_pca256_lexical_w005
58860,42,minibatch_k64,text_pca256_lexical_w005
58861,2,minibatch_k64,text_pca256_lexical_w005
58862,62,minibatch_k64,text_pca256_lexical_w005
58863,33,minibatch_k64,text_pca256_lexical_w005
58864,8,minibatch_k64,text_pca256_lexical_w005
58865,50,minibatch_k64,text_pca256_lexical_w005
58866,15,minibatch_k64,text_pca256_lexical_w005
58867,8,minibatch_k64,text_pca256_lexical_w005
58868,0,minibatch_k64,text_pca256_lexical_w005
58869,33,minibatch_k64,text_pca256_lexical_w005
58870,33,minibatch_k64,text_pca256_lexical_w005
58871,42,minibatch_k64,text_pca256_lexical_w005
58872,8,minibatch_k64,text_pca256_lexical_w005
58873,53,minibatch_k64,text_pca256_lexical_w005
58874,62,minibatch_k64,text_pca256_lexical_w005
58875,8,minibatch_k64,text_pca256_lexical_w005
58876,15,minibatch_k64,text_pca256_lexical_w005
58877,15,minibatch_k64,text_pca256_lexical_w005
58878,15,minibatch_k64,text_pca256_lexical_w005
58879,50,minibatch_k64,text_pca256_lexical_w005
58880,33,minibatch_k64,text_pca256_lexical_w005
58881,8,minibatch_k64,text_pca256_lexical_w005
58882,33,minibatch_k64,text_pca256_lexical_w005
58883,50,minibatch_k64,text_pca256_lexical_w005
58884,0,minibatch_k64,text_pca256_lexical_w005
58885,15,minibatch_k64,text_pca256_lexical_w005
58886,50,minibatch_k64,text_pca256_lexical_w005
58887,23,minibatch_k64,text_pca256_lexical_w005
58888,57,minibatch_k64,text_pca256_lexical_w005
58889,57,minibatch_k64,text_pca256_lexical_w005
58890,11,minibatch_k64,text_pca256_lexical_w005
58891,4,minibatch_k64,text_pca256_lexical_w005
58892,57,minibatch_k64,text_pca256_lexical_w005
58893,42,minibatch_k64,text_pca256_lexical_w005
58894,57,minibatch_k64,text_pca256_lexical_w005
58895,39,minibatch_k64,text_pca256_lexical_w005
58896,0,minibatch_k64,text_pca256_lexical_w005
58897,38,minibatch_k64,text_pca256_lexical_w005
58898,45,minibatch_k64,text_pca256_lexical_w005
58899,16,minibatch_k64,text_pca256_lexical_w005
58900,55,minibatch_k64,text_pca256_lexical_w005
58901,13,minibatch_k64,text_pca256_lexical_w005
58902,0,minibatch_k64,text_pca256_lexical_w005
58903,15,minibatch_k64,text_pca256_lexical_w005
58904,42,minibatch_k64,text_pca256_lexical_w005
58905,8,minibatch_k64,text_pca256_lexical_w005
58906,11,minibatch_k64,text_pca256_lexical_w005
58907,57,minibatch_k64,text_pca256_lexical_w005
58908,0,minibatch_k64,text_pca256_lexical_w005
58909,42,minibatch_k64,text_pca256_lexical_w005
58910,33,minibatch_k64,text_pca256_lexical_w005
58911,11,minibatch_k64,text_pca256_lexical_w005
58912,42,minibatch_k64,text_pca256_lexical_w005
58913,57,minibatch_k64,text_pca256_lexical_w005
58914,0,minibatch_k64,text_pca256_lexical_w005
58915,11,minibatch_k64,text_pca256_lexical_w005
58916,15,minibatch_k64,text_pca256_lexical_w005
58917,50,minibatch_k64,text_pca256_lexical_w005
58918,57,minibatch_k64,text_pca256_lexical_w005
58919,42,minibatch_k64,text_pca256_lexical_w005
58920,2,minibatch_k64,text_pca256_lexical_w005
58921,45,minibatch_k64,text_pca256_lexical_w005
58922,50,minibatch_k64,text_pca256_lexical_w005
58923,50,minibatch_k64,text_pca256_lexical_w005
58924,2,minibatch_k64,text_pca256_lexical_w005
58925,21,minibatch_k64,text_pca256_lexical_w005
58926,21,minibatch_k64,text_pca256_lexical_w005
58927,42,minibatch_k64,text_pca256_lexical_w005
58928,50,minibatch_k64,text_pca256_lexical_w005
58929,50,minibatch_k64,text_pca256_lexical_w005
58930,53,minibatch_k64,text_pca256_lexical_w005
58931,57,minibatch_k64,text_pca256_lexical_w005
58932,45,minibatch_k64,text_pca256_lexical_w005
58933,2,minibatch_k64,text_pca256_lexical_w005
58934,33,minibatch_k64,text_pca256_lexical_w005
58935,8,minibatch_k64,text_pca256_lexical_w005
58936,2,minibatch_k64,text_pca256_lexical_w005
58937,33,minibatch_k64,text_pca256_lexical_w005
58938,50,minibatch_k64,text_pca256_lexical_w005
58939,50,minibatch_k64,text_pca256_lexical_w005
58940,10,minibatch_k64,text_pca256_lexical_w005
58941,50,minibatch_k64,text_pca256_lexical_w005
58942,50,minibatch_k64,text_pca256_lexical_w005
58943,2,minibatch_k64,text_pca256_lexical_w005
58944,15,minibatch_k64,text_pca256_lexical_w005
58945,23,minibatch_k64,text_pca256_lexical_w005
58946,62,minibatch_k64,text_pca256_lexical_w005
58947,61,minibatch_k64,text_pca256_lexical_w005
58948,50,minibatch_k64,text_pca256_lexical_w005
58949,15,minibatch_k64,text_pca256_lexical_w005
58950,23,minibatch_k64,text_pca256_lexical_w005
58951,23,minibatch_k64,text_pca256_lexical_w005
58952,59,minibatch_k64,text_pca256_lexical_w005
58953,0,minibatch_k64,text_pca256_lexical_w005
58954,45,minibatch_k64,text_pca256_lexical_w005
58955,2,minibatch_k64,text_pca256_lexical_w005
58956,2,minibatch_k64,text_pca256_lexical_w005
58957,50,minibatch_k64,text_pca256_lexical_w005
58958,50,minibatch_k64,text_pca256_lexical_w005
58959,2,minibatch_k64,text_pca256_lexical_w005
58960,50,minibatch_k64,text_pca256_lexical_w005
58961,50,minibatch_k64,text_pca256_lexical_w005
58962,53,minibatch_k64,text_pca256_lexical_w005
58963,50,minibatch_k64,text_pca256_lexical_w005
58964,50,minibatch_k64,text_pca256_lexical_w005
58965,50,minibatch_k64,text_pca256_lexical_w005
58966,62,minibatch_k64,text_pca256_lexical_w005
58967,50,minibatch_k64,text_pca256_lexical_w005
58968,42,minibatch_k64,text_pca256_lexical_w005
58969,50,minibatch_k64,text_pca256_lexical_w005
58970,50,minibatch_k64,text_pca256_lexical_w005
58971,0,minibatch_k64,text_pca256_lexical_w005
58972,33,minibatch_k64,text_pca256_lexical_w005
58973,45,minibatch_k64,text_pca256_lexical_w005
58974,50,minibatch_k64,text_pca256_lexical_w005
58975,0,minibatch_k64,text_pca256_lexical_w005
58976,2,minibatch_k64,text_pca256_lexical_w005
58977,0,minibatch_k64,text_pca256_lexical_w005
58978,55,minibatch_k64,text_pca256_lexical_w005
58979,13,minibatch_k64,text_pca256_lexical_w005
58980,45,minibatch_k64,text_pca256_lexical_w005
58981,61,minibatch_k64,text_pca256_lexical_w005
58982,45,minibatch_k64,text_pca256_lexical_w005
58983,50,minibatch_k64,text_pca256_lexical_w005
58984,50,minibatch_k64,text_pca256_lexical_w005
58985,0,minibatch_k64,text_pca256_lexical_w005
58986,50,minibatch_k64,text_pca256_lexical_w005
58987,11,minibatch_k64,text_pca256_lexical_w005
58988,50,minibatch_k64,text_pca256_lexical_w005
58989,50,minibatch_k64,text_pca256_lexical_w005
58990,50,minibatch_k64,text_pca256_lexical_w005
58991,2,minibatch_k64,text_pca256_lexical_w005
58992,50,minibatch_k64,text_pca256_lexical_w005
58993,45,minibatch_k64,text_pca256_lexical_w005
58994,10,minibatch_k64,text_pca256_lexical_w005
58995,45,minibatch_k64,text_pca256_lexical_w005
58996,0,minibatch_k64,text_pca256_lexical_w005
58997,45,minibatch_k64,text_pca256_lexical_w005
58998,50,minibatch_k64,text_pca256_lexical_w005
58999,2,minibatch_k64,text_pca256_lexical_w005
59000,2,minibatch_k64,text_pca256_lexical_w005
59001,50,minibatch_k64,text_pca256_lexical_w005
59002,0,minibatch_k64,text_pca256_lexical_w005
59003,15,minibatch_k64,text_pca256_lexical_w005
59004,59,minibatch_k64,text_pca256_lexical_w005
59005,59,minibatch_k64,text_pca256_lexical_w005
59006,0,minibatch_k64,text_pca256_lexical_w005
59007,62,minibatch_k64,text_pca256_lexical_w005
59008,59,minibatch_k64,text_pca256_lexical_w005
59009,2,minibatch_k64,text_pca256_lexical_w005
59010,50,minibatch_k64,text_pca256_lexical_w005
59011,50,minibatch_k64,text_pca256_lexical_w005
59012,59,minibatch_k64,text_pca256_lexical_w005
59013,0,minibatch_k64,text_pca256_lexical_w005
59014,50,minibatch_k64,text_pca256_lexical_w005
59015,50,minibatch_k64,text_pca256_lexical_w005
59016,2,minibatch_k64,text_pca256_lexical_w005
59017,50,minibatch_k64,text_pca256_lexical_w005
59018,50,minibatch_k64,text_pca256_lexical_w005
59019,62,minibatch_k64,text_pca256_lexical_w005
59020,50,minibatch_k64,text_pca256_lexical_w005
59021,45,minibatch_k64,text_pca256_lexical_w005
59022,45,minibatch_k64,text_pca256_lexical_w005
59023,0,minibatch_k64,text_pca256_lexical_w005
59024,50,minibatch_k64,text_pca256_lexical_w005
59025,50,minibatch_k64,text_pca256_lexical_w005
59026,2,minibatch_k64,text_pca256_lexical_w005
59027,59,minibatch_k64,text_pca256_lexical_w005
59028,50,minibatch_k64,text_pca256_lexical_w005
59029,50,minibatch_k64,text_pca256_lexical_w005
59030,0,minibatch_k64,text_pca256_lexical_w005
59031,10,minibatch_k64,text_pca256_lexical_w005
59032,33,minibatch_k64,text_pca256_lexical_w005
59033,2,minibatch_k64,text_pca256_lexical_w005
59034,59,minibatch_k64,text_pca256_lexical_w005
59035,10,minibatch_k64,text_pca256_lexical_w005
59036,30,minibatch_k64,text_pca256_lexical_w005
59037,17,minibatch_k64,text_pca256_lexical_w005
59038,15,minibatch_k64,text_pca256_lexical_w005
59039,30,minibatch_k64,text_pca256_lexical_w005
59040,0,minibatch_k64,text_pca256_lexical_w005
59041,38,minibatch_k64,text_pca256_lexical_w005
59042,45,minibatch_k64,text_pca256_lexical_w005
59043,50,minibatch_k64,text_pca256_lexical_w005
59044,17,minibatch_k64,text_pca256_lexical_w005
59045,2,minibatch_k64,text_pca256_lexical_w005
59046,8,minibatch_k64,text_pca256_lexical_w005
59047,8,minibatch_k64,text_pca256_lexical_w005
59048,55,minibatch_k64,text_pca256_lexical_w005
59049,13,minibatch_k64,text_pca256_lexical_w005
59050,62,minibatch_k64,text_pca256_lexical_w005
59051,50,minibatch_k64,text_pca256_lexical_w005
59052,45,minibatch_k64,text_pca256_lexical_w005
59053,45,minibatch_k64,text_pca256_lexical_w005
59054,0,minibatch_k64,text_pca256_lexical_w005
59055,2,minibatch_k64,text_pca256_lexical_w005
59056,62,minibatch_k64,text_pca256_lexical_w005
59057,15,minibatch_k64,text_pca256_lexical_w005
59058,33,minibatch_k64,text_pca256_lexical_w005
59059,45,minibatch_k64,text_pca256_lexical_w005
59060,50,minibatch_k64,text_pca256_lexical_w005
59061,50,minibatch_k64,text_pca256_lexical_w005
59062,33,minibatch_k64,text_pca256_lexical_w005
59063,50,minibatch_k64,text_pca256_lexical_w005
59064,50,minibatch_k64,text_pca256_lexical_w005
59065,0,minibatch_k64,text_pca256_lexical_w005
59066,21,minibatch_k64,text_pca256_lexical_w005
59067,0,minibatch_k64,text_pca256_lexical_w005
59068,8,minibatch_k64,text_pca256_lexical_w005
59069,45,minibatch_k64,text_pca256_lexical_w005
59070,8,minibatch_k64,text_pca256_lexical_w005
59071,12,minibatch_k64,text_pca256_lexical_w005
59072,2,minibatch_k64,text_pca256_lexical_w005
59073,45,minibatch_k64,text_pca256_lexical_w005
59074,12,minibatch_k64,text_pca256_lexical_w005
59075,50,minibatch_k64,text_pca256_lexical_w005
59076,2,minibatch_k64,text_pca256_lexical_w005
59077,15,minibatch_k64,text_pca256_lexical_w005
59078,0,minibatch_k64,text_pca256_lexical_w005
59079,50,minibatch_k64,text_pca256_lexical_w005
59080,2,minibatch_k64,text_pca256_lexical_w005
59081,50,minibatch_k64,text_pca256_lexical_w005
59082,2,minibatch_k64,text_pca256_lexical_w005
59083,59,minibatch_k64,text_pca256_lexical_w005
59084,2,minibatch_k64,text_pca256_lexical_w005
59085,33,minibatch_k64,text_pca256_lexical_w005
59086,15,minibatch_k64,text_pca256_lexical_w005
59087,0,minibatch_k64,text_pca256_lexical_w005
59088,2,minibatch_k64,text_pca256_lexical_w005
59089,50,minibatch_k64,text_pca256_lexical_w005
59090,10,minibatch_k64,text_pca256_lexical_w005
59091,21,minibatch_k64,text_pca256_lexical_w005
59092,15,minibatch_k64,text_pca256_lexical_w005
59093,0,minibatch_k64,text_pca256_lexical_w005
59094,59,minibatch_k64,text_pca256_lexical_w005
59095,45,minibatch_k64,text_pca256_lexical_w005
59096,33,minibatch_k64,text_pca256_lexical_w005
59097,8,minibatch_k64,text_pca256_lexical_w005
59098,38,minibatch_k64,text_pca256_lexical_w005
59099,45,minibatch_k64,text_pca256_lexical_w005
59100,2,minibatch_k64,text_pca256_lexical_w005
59101,45,minibatch_k64,text_pca256_lexical_w005
59102,12,minibatch_k64,text_pca256_lexical_w005
59103,55,minibatch_k64,text_pca256_lexical_w005
59104,50,minibatch_k64,text_pca256_lexical_w005
59105,13,minibatch_k64,text_pca256_lexical_w005
59106,8,minibatch_k64,text_pca256_lexical_w005
59107,23,minibatch_k64,text_pca256_lexical_w005
59108,50,minibatch_k64,text_pca256_lexical_w005
59109,30,minibatch_k64,text_pca256_lexical_w005
59110,62,minibatch_k64,text_pca256_lexical_w005
59111,10,minibatch_k64,text_pca256_lexical_w005
59112,0,minibatch_k64,text_pca256_lexical_w005
59113,50,minibatch_k64,text_pca256_lexical_w005
59114,62,minibatch_k64,text_pca256_lexical_w005
59115,50,minibatch_k64,text_pca256_lexical_w005
59116,2,minibatch_k64,text_pca256_lexical_w005
59117,0,minibatch_k64,text_pca256_lexical_w005
59118,2,minibatch_k64,text_pca256_lexical_w005
59119,45,minibatch_k64,text_pca256_lexical_w005
59120,0,minibatch_k64,text_pca256_lexical_w005
59121,2,minibatch_k64,text_pca256_lexical_w005
59122,2,minibatch_k64,text_pca256_lexical_w005
59123,48,minibatch_k64,text_pca256_lexical_w005
59124,0,minibatch_k64,text_pca256_lexical_w005
59125,50,minibatch_k64,text_pca256_lexical_w005
59126,0,minibatch_k64,text_pca256_lexical_w005
59127,0,minibatch_k64,text_pca256_lexical_w005
59128,2,minibatch_k64,text_pca256_lexical_w005
59129,10,minibatch_k64,text_pca256_lexical_w005
59130,10,minibatch_k64,text_pca256_lexical_w005
59131,45,minibatch_k64,text_pca256_lexical_w005
59132,62,minibatch_k64,text_pca256_lexical_w005
59133,0,minibatch_k64,text_pca256_lexical_w005
59134,59,minibatch_k64,text_pca256_lexical_w005
59135,62,minibatch_k64,text_pca256_lexical_w005
59136,59,minibatch_k64,text_pca256_lexical_w005
59137,62,minibatch_k64,text_pca256_lexical_w005
59138,10,minibatch_k64,text_pca256_lexical_w005
59139,0,minibatch_k64,text_pca256_lexical_w005
59140,18,minibatch_k64,text_pca256_lexical_w005
59141,45,minibatch_k64,text_pca256_lexical_w005
59142,59,minibatch_k64,text_pca256_lexical_w005
59143,15,minibatch_k64,text_pca256_lexical_w005
59144,15,minibatch_k64,text_pca256_lexical_w005
59145,62,minibatch_k64,text_pca256_lexical_w005
59146,0,minibatch_k64,text_pca256_lexical_w005
59147,59,minibatch_k64,text_pca256_lexical_w005
59148,0,minibatch_k64,text_pca256_lexical_w005
59149,45,minibatch_k64,text_pca256_lexical_w005
59150,18,minibatch_k64,text_pca256_lexical_w005
59151,59,minibatch_k64,text_pca256_lexical_w005
59152,50,minibatch_k64,text_pca256_lexical_w005
59153,50,minibatch_k64,text_pca256_lexical_w005
59154,59,minibatch_k64,text_pca256_lexical_w005
59155,59,minibatch_k64,text_pca256_lexical_w005
59156,48,minibatch_k64,text_pca256_lexical_w005
59157,21,minibatch_k64,text_pca256_lexical_w005
59158,0,minibatch_k64,text_pca256_lexical_w005
59159,45,minibatch_k64,text_pca256_lexical_w005
59160,59,minibatch_k64,text_pca256_lexical_w005
59161,0,minibatch_k64,text_pca256_lexical_w005
59162,50,minibatch_k64,text_pca256_lexical_w005
59163,15,minibatch_k64,text_pca256_lexical_w005
59164,10,minibatch_k64,text_pca256_lexical_w005
59165,0,minibatch_k64,text_pca256_lexical_w005
59166,45,minibatch_k64,text_pca256_lexical_w005
59167,50,minibatch_k64,text_pca256_lexical_w005
59168,50,minibatch_k64,text_pca256_lexical_w005
59169,2,minibatch_k64,text_pca256_lexical_w005
59170,45,minibatch_k64,text_pca256_lexical_w005
59171,45,minibatch_k64,text_pca256_lexical_w005
59172,2,minibatch_k64,text_pca256_lexical_w005
59173,33,minibatch_k64,text_pca256_lexical_w005
59174,50,minibatch_k64,text_pca256_lexical_w005
59175,2,minibatch_k64,text_pca256_lexical_w005
59176,0,minibatch_k64,text_pca256_lexical_w005
59177,50,minibatch_k64,text_pca256_lexical_w005
59178,50,minibatch_k64,text_pca256_lexical_w005
59179,2,minibatch_k64,text_pca256_lexical_w005
59180,50,minibatch_k64,text_pca256_lexical_w005
59181,2,minibatch_k64,text_pca256_lexical_w005
59182,2,minibatch_k64,text_pca256_lexical_w005
59183,59,minibatch_k64,text_pca256_lexical_w005
59184,0,minibatch_k64,text_pca256_lexical_w005
59185,59,minibatch_k64,text_pca256_lexical_w005
59186,18,minibatch_k64,text_pca256_lexical_w005
59187,2,minibatch_k64,text_pca256_lexical_w005
59188,45,minibatch_k64,text_pca256_lexical_w005
59189,2,minibatch_k64,text_pca256_lexical_w005
59190,45,minibatch_k64,text_pca256_lexical_w005
59191,2,minibatch_k64,text_pca256_lexical_w005
59192,59,minibatch_k64,text_pca256_lexical_w005
59193,15,minibatch_k64,text_pca256_lexical_w005
59194,59,minibatch_k64,text_pca256_lexical_w005
59195,50,minibatch_k64,text_pca256_lexical_w005
59196,59,minibatch_k64,text_pca256_lexical_w005
59197,59,minibatch_k64,text_pca256_lexical_w005
59198,59,minibatch_k64,text_pca256_lexical_w005
59199,45,minibatch_k64,text_pca256_lexical_w005
59200,2,minibatch_k64,text_pca256_lexical_w005
59201,59,minibatch_k64,text_pca256_lexical_w005
59202,45,minibatch_k64,text_pca256_lexical_w005
59203,59,minibatch_k64,text_pca256_lexical_w005
59204,59,minibatch_k64,text_pca256_lexical_w005
59205,59,minibatch_k64,text_pca256_lexical_w005
59206,0,minibatch_k64,text_pca256_lexical_w005
59207,15,minibatch_k64,text_pca256_lexical_w005
59208,59,minibatch_k64,text_pca256_lexical_w005
59209,18,minibatch_k64,text_pca256_lexical_w005
59210,59,minibatch_k64,text_pca256_lexical_w005
59211,59,minibatch_k64,text_pca256_lexical_w005
59212,18,minibatch_k64,text_pca256_lexical_w005
59213,18,minibatch_k64,text_pca256_lexical_w005
59214,2,minibatch_k64,text_pca256_lexical_w005
59215,18,minibatch_k64,text_pca256_lexical_w005
59216,18,minibatch_k64,text_pca256_lexical_w005
59217,62,minibatch_k64,text_pca256_lexical_w005
59218,59,minibatch_k64,text_pca256_lexical_w005
59219,59,minibatch_k64,text_pca256_lexical_w005
59220,18,minibatch_k64,text_pca256_lexical_w005
59221,59,minibatch_k64,text_pca256_lexical_w005
59222,27,minibatch_k64,text_pca256_lexical_w005
59223,8,minibatch_k64,text_pca256_lexical_w005
59224,59,minibatch_k64,text_pca256_lexical_w005
59225,2,minibatch_k64,text_pca256_lexical_w005
59226,0,minibatch_k64,text_pca256_lexical_w005
59227,45,minibatch_k64,text_pca256_lexical_w005
59228,59,minibatch_k64,text_pca256_lexical_w005
59229,0,minibatch_k64,text_pca256_lexical_w005
59230,59,minibatch_k64,text_pca256_lexical_w005
59231,45,minibatch_k64,text_pca256_lexical_w005
59232,18,minibatch_k64,text_pca256_lexical_w005
59233,2,minibatch_k64,text_pca256_lexical_w005
59234,59,minibatch_k64,text_pca256_lexical_w005
59235,45,minibatch_k64,text_pca256_lexical_w005
59236,18,minibatch_k64,text_pca256_lexical_w005
59237,18,minibatch_k64,text_pca256_lexical_w005
59238,45,minibatch_k64,text_pca256_lexical_w005
59239,33,minibatch_k64,text_pca256_lexical_w005
59240,18,minibatch_k64,text_pca256_lexical_w005
59241,0,minibatch_k64,text_pca256_lexical_w005
59242,2,minibatch_k64,text_pca256_lexical_w005
59243,0,minibatch_k64,text_pca256_lexical_w005
59244,15,minibatch_k64,text_pca256_lexical_w005
59245,0,minibatch_k64,text_pca256_lexical_w005
59246,59,minibatch_k64,text_pca256_lexical_w005
59247,0,minibatch_k64,text_pca256_lexical_w005
59248,45,minibatch_k64,text_pca256_lexical_w005
59249,18,minibatch_k64,text_pca256_lexical_w005
59250,33,minibatch_k64,text_pca256_lexical_w005
59251,2,minibatch_k64,text_pca256_lexical_w005
59252,50,minibatch_k64,text_pca256_lexical_w005
59253,50,minibatch_k64,text_pca256_lexical_w005
59254,62,minibatch_k64,text_pca256_lexical_w005
59255,59,minibatch_k64,text_pca256_lexical_w005
59256,45,minibatch_k64,text_pca256_lexical_w005
59257,10,minibatch_k64,text_pca256_lexical_w005
59258,8,minibatch_k64,text_pca256_lexical_w005
59259,45,minibatch_k64,text_pca256_lexical_w005
59260,45,minibatch_k64,text_pca256_lexical_w005
59261,2,minibatch_k64,text_pca256_lexical_w005
59262,34,minibatch_k64,text_pca256_lexical_w005
59263,59,minibatch_k64,text_pca256_lexical_w005
59264,59,minibatch_k64,text_pca256_lexical_w005
59265,0,minibatch_k64,text_pca256_lexical_w005
59266,0,minibatch_k64,text_pca256_lexical_w005
59267,18,minibatch_k64,text_pca256_lexical_w005
59268,2,minibatch_k64,text_pca256_lexical_w005
59269,50,minibatch_k64,text_pca256_lexical_w005
59270,45,minibatch_k64,text_pca256_lexical_w005
59271,0,minibatch_k64,text_pca256_lexical_w005
59272,8,minibatch_k64,text_pca256_lexical_w005
59273,59,minibatch_k64,text_pca256_lexical_w005
59274,2,minibatch_k64,text_pca256_lexical_w005
59275,59,minibatch_k64,text_pca256_lexical_w005
59276,18,minibatch_k64,text_pca256_lexical_w005
59277,59,minibatch_k64,text_pca256_lexical_w005
59278,2,minibatch_k64,text_pca256_lexical_w005
59279,0,minibatch_k64,text_pca256_lexical_w005
59280,33,minibatch_k64,text_pca256_lexical_w005
59281,59,minibatch_k64,text_pca256_lexical_w005
59282,45,minibatch_k64,text_pca256_lexical_w005
59283,2,minibatch_k64,text_pca256_lexical_w005
59284,8,minibatch_k64,text_pca256_lexical_w005
59285,15,minibatch_k64,text_pca256_lexical_w005
59286,53,minibatch_k64,text_pca256_lexical_w005
59287,59,minibatch_k64,text_pca256_lexical_w005
59288,33,minibatch_k64,text_pca256_lexical_w005
59289,42,minibatch_k64,text_pca256_lexical_w005
59290,10,minibatch_k64,text_pca256_lexical_w005
59291,61,minibatch_k64,text_pca256_lexical_w005
59292,45,minibatch_k64,text_pca256_lexical_w005
59293,61,minibatch_k64,text_pca256_lexical_w005
59294,23,minibatch_k64,text_pca256_lexical_w005
59295,45,minibatch_k64,text_pca256_lexical_w005
59296,0,minibatch_k64,text_pca256_lexical_w005
59297,59,minibatch_k64,text_pca256_lexical_w005
59298,59,minibatch_k64,text_pca256_lexical_w005
59299,2,minibatch_k64,text_pca256_lexical_w005
59300,2,minibatch_k64,text_pca256_lexical_w005
59301,50,minibatch_k64,text_pca256_lexical_w005
59302,59,minibatch_k64,text_pca256_lexical_w005
59303,2,minibatch_k64,text_pca256_lexical_w005
59304,59,minibatch_k64,text_pca256_lexical_w005
59305,15,minibatch_k64,text_pca256_lexical_w005
59306,45,minibatch_k64,text_pca256_lexical_w005
59307,45,minibatch_k64,text_pca256_lexical_w005
59308,8,minibatch_k64,text_pca256_lexical_w005
59309,45,minibatch_k64,text_pca256_lexical_w005
59310,59,minibatch_k64,text_pca256_lexical_w005
59311,45,minibatch_k64,text_pca256_lexical_w005
59312,10,minibatch_k64,text_pca256_lexical_w005
59313,33,minibatch_k64,text_pca256_lexical_w005
59314,62,minibatch_k64,text_pca256_lexical_w005
59315,62,minibatch_k64,text_pca256_lexical_w005
59316,59,minibatch_k64,text_pca256_lexical_w005
59317,2,minibatch_k64,text_pca256_lexical_w005
59318,45,minibatch_k64,text_pca256_lexical_w005
59319,2,minibatch_k64,text_pca256_lexical_w005
59320,2,minibatch_k64,text_pca256_lexical_w005
59321,8,minibatch_k64,text_pca256_lexical_w005
59322,2,minibatch_k64,text_pca256_lexical_w005
59323,8,minibatch_k64,text_pca256_lexical_w005
59324,10,minibatch_k64,text_pca256_lexical_w005
59325,8,minibatch_k64,text_pca256_lexical_w005
59326,8,minibatch_k64,text_pca256_lexical_w005
59327,2,minibatch_k64,text_pca256_lexical_w005
59328,59,minibatch_k64,text_pca256_lexical_w005
59329,10,minibatch_k64,text_pca256_lexical_w005
59330,2,minibatch_k64,text_pca256_lexical_w005
59331,59,minibatch_k64,text_pca256_lexical_w005
59332,15,minibatch_k64,text_pca256_lexical_w005
59333,59,minibatch_k64,text_pca256_lexical_w005
59334,62,minibatch_k64,text_pca256_lexical_w005
59335,8,minibatch_k64,text_pca256_lexical_w005
59336,2,minibatch_k64,text_pca256_lexical_w005
59337,53,minibatch_k64,text_pca256_lexical_w005
59338,10,minibatch_k64,text_pca256_lexical_w005
59339,10,minibatch_k64,text_pca256_lexical_w005
59340,0,minibatch_k64,text_pca256_lexical_w005
59341,33,minibatch_k64,text_pca256_lexical_w005
59342,62,minibatch_k64,text_pca256_lexical_w005
59343,0,minibatch_k64,text_pca256_lexical_w005
59344,2,minibatch_k64,text_pca256_lexical_w005
59345,45,minibatch_k64,text_pca256_lexical_w005
59346,59,minibatch_k64,text_pca256_lexical_w005
59347,45,minibatch_k64,text_pca256_lexical_w005
59348,2,minibatch_k64,text_pca256_lexical_w005
59349,10,minibatch_k64,text_pca256_lexical_w005
59350,2,minibatch_k64,text_pca256_lexical_w005
59351,0,minibatch_k64,text_pca256_lexical_w005
59352,2,minibatch_k64,text_pca256_lexical_w005
59353,59,minibatch_k64,text_pca256_lexical_w005
59354,8,minibatch_k64,text_pca256_lexical_w005
59355,59,minibatch_k64,text_pca256_lexical_w005
59356,59,minibatch_k64,text_pca256_lexical_w005
59357,2,minibatch_k64,text_pca256_lexical_w005
59358,45,minibatch_k64,text_pca256_lexical_w005
59359,15,minibatch_k64,text_pca256_lexical_w005
59360,59,minibatch_k64,text_pca256_lexical_w005
59361,0,minibatch_k64,text_pca256_lexical_w005
59362,62,minibatch_k64,text_pca256_lexical_w005
59363,59,minibatch_k64,text_pca256_lexical_w005
59364,8,minibatch_k64,text_pca256_lexical_w005
59365,0,minibatch_k64,text_pca256_lexical_w005
59366,0,minibatch_k64,text_pca256_lexical_w005
59367,0,minibatch_k64,text_pca256_lexical_w005
59368,0,minibatch_k64,text_pca256_lexical_w005
59369,59,minibatch_k64,text_pca256_lexical_w005
59370,15,minibatch_k64,text_pca256_lexical_w005
59371,0,minibatch_k64,text_pca256_lexical_w005
59372,10,minibatch_k64,text_pca256_lexical_w005
59373,0,minibatch_k64,text_pca256_lexical_w005
59374,2,minibatch_k64,text_pca256_lexical_w005
59375,50,minibatch_k64,text_pca256_lexical_w005
59376,2,minibatch_k64,text_pca256_lexical_w005
59377,21,minibatch_k64,text_pca256_lexical_w005
59378,10,minibatch_k64,text_pca256_lexical_w005
59379,45,minibatch_k64,text_pca256_lexical_w005
59380,15,minibatch_k64,text_pca256_lexical_w005
59381,50,minibatch_k64,text_pca256_lexical_w005
59382,8,minibatch_k64,text_pca256_lexical_w005
59383,10,minibatch_k64,text_pca256_lexical_w005
59384,10,minibatch_k64,text_pca256_lexical_w005
59385,2,minibatch_k64,text_pca256_lexical_w005
59386,2,minibatch_k64,text_pca256_lexical_w005
59387,2,minibatch_k64,text_pca256_lexical_w005
59388,8,minibatch_k64,text_pca256_lexical_w005
59389,15,minibatch_k64,text_pca256_lexical_w005
59390,10,minibatch_k64,text_pca256_lexical_w005
59391,45,minibatch_k64,text_pca256_lexical_w005
59392,2,minibatch_k64,text_pca256_lexical_w005
59393,2,minibatch_k64,text_pca256_lexical_w005
59394,2,minibatch_k64,text_pca256_lexical_w005
59395,15,minibatch_k64,text_pca256_lexical_w005
59396,10,minibatch_k64,text_pca256_lexical_w005
59397,15,minibatch_k64,text_pca256_lexical_w005
59398,15,minibatch_k64,text_pca256_lexical_w005
59399,8,minibatch_k64,text_pca256_lexical_w005
59400,15,minibatch_k64,text_pca256_lexical_w005
59401,53,minibatch_k64,text_pca256_lexical_w005
59402,15,minibatch_k64,text_pca256_lexical_w005
59403,2,minibatch_k64,text_pca256_lexical_w005
59404,62,minibatch_k64,text_pca256_lexical_w005
59405,10,minibatch_k64,text_pca256_lexical_w005
59406,10,minibatch_k64,text_pca256_lexical_w005
59407,62,minibatch_k64,text_pca256_lexical_w005
59408,62,minibatch_k64,text_pca256_lexical_w005
59409,21,minibatch_k64,text_pca256_lexical_w005
59410,15,minibatch_k64,text_pca256_lexical_w005
59411,10,minibatch_k64,text_pca256_lexical_w005
59412,10,minibatch_k64,text_pca256_lexical_w005
59413,53,minibatch_k64,text_pca256_lexical_w005
59414,2,minibatch_k64,text_pca256_lexical_w005
59415,0,minibatch_k64,text_pca256_lexical_w005
59416,33,minibatch_k64,text_pca256_lexical_w005
59417,33,minibatch_k64,text_pca256_lexical_w005
59418,0,minibatch_k64,text_pca256_lexical_w005
59419,59,minibatch_k64,text_pca256_lexical_w005
59420,33,minibatch_k64,text_pca256_lexical_w005
59421,45,minibatch_k64,text_pca256_lexical_w005
59422,33,minibatch_k64,text_pca256_lexical_w005
59423,0,minibatch_k64,text_pca256_lexical_w005
59424,10,minibatch_k64,text_pca256_lexical_w005
59425,10,minibatch_k64,text_pca256_lexical_w005
59426,10,minibatch_k64,text_pca256_lexical_w005
59427,2,minibatch_k64,text_pca256_lexical_w005
59428,0,minibatch_k64,text_pca256_lexical_w005
59429,2,minibatch_k64,text_pca256_lexical_w005
59430,6,minibatch_k64,text_pca256_lexical_w005
59431,45,minibatch_k64,text_pca256_lexical_w005
59432,8,minibatch_k64,text_pca256_lexical_w005
59433,33,minibatch_k64,text_pca256_lexical_w005
59434,33,minibatch_k64,text_pca256_lexical_w005
59435,8,minibatch_k64,text_pca256_lexical_w005
59436,0,minibatch_k64,text_pca256_lexical_w005
59437,0,minibatch_k64,text_pca256_lexical_w005
59438,0,minibatch_k64,text_pca256_lexical_w005
59439,0,minibatch_k64,text_pca256_lexical_w005
59440,59,minibatch_k64,text_pca256_lexical_w005
59441,2,minibatch_k64,text_pca256_lexical_w005
59442,59,minibatch_k64,text_pca256_lexical_w005
59443,8,minibatch_k64,text_pca256_lexical_w005
59444,2,minibatch_k64,text_pca256_lexical_w005
59445,59,minibatch_k64,text_pca256_lexical_w005
59446,53,minibatch_k64,text_pca256_lexical_w005
59447,10,minibatch_k64,text_pca256_lexical_w005
59448,10,minibatch_k64,text_pca256_lexical_w005
59449,0,minibatch_k64,text_pca256_lexical_w005
59450,2,minibatch_k64,text_pca256_lexical_w005
59451,45,minibatch_k64,text_pca256_lexical_w005
59452,53,minibatch_k64,text_pca256_lexical_w005
59453,53,minibatch_k64,text_pca256_lexical_w005
59454,48,minibatch_k64,text_pca256_lexical_w005
59455,2,minibatch_k64,text_pca256_lexical_w005
59456,2,minibatch_k64,text_pca256_lexical_w005
59457,61,minibatch_k64,text_pca256_lexical_w005
59458,0,minibatch_k64,text_pca256_lexical_w005
59459,10,minibatch_k64,text_pca256_lexical_w005
59460,0,minibatch_k64,text_pca256_lexical_w005
59461,15,minibatch_k64,text_pca256_lexical_w005
59462,2,minibatch_k64,text_pca256_lexical_w005
59463,2,minibatch_k64,text_pca256_lexical_w005
59464,2,minibatch_k64,text_pca256_lexical_w005
59465,2,minibatch_k64,text_pca256_lexical_w005
59466,33,minibatch_k64,text_pca256_lexical_w005
59467,0,minibatch_k64,text_pca256_lexical_w005
59468,0,minibatch_k64,text_pca256_lexical_w005
59469,53,minibatch_k64,text_pca256_lexical_w005
59470,2,minibatch_k64,text_pca256_lexical_w005
59471,21,minibatch_k64,text_pca256_lexical_w005
59472,15,minibatch_k64,text_pca256_lexical_w005
59473,2,minibatch_k64,text_pca256_lexical_w005
59474,2,minibatch_k64,text_pca256_lexical_w005
59475,2,minibatch_k64,text_pca256_lexical_w005
59476,2,minibatch_k64,text_pca256_lexical_w005
59477,0,minibatch_k64,text_pca256_lexical_w005
59478,21,minibatch_k64,text_pca256_lexical_w005
59479,2,minibatch_k64,text_pca256_lexical_w005
59480,62,minibatch_k64,text_pca256_lexical_w005
59481,10,minibatch_k64,text_pca256_lexical_w005
59482,0,minibatch_k64,text_pca256_lexical_w005
59483,50,minibatch_k64,text_pca256_lexical_w005
59484,6,minibatch_k64,text_pca256_lexical_w005
59485,21,minibatch_k64,text_pca256_lexical_w005
59486,33,minibatch_k64,text_pca256_lexical_w005
59487,15,minibatch_k64,text_pca256_lexical_w005
59488,8,minibatch_k64,text_pca256_lexical_w005
59489,10,minibatch_k64,text_pca256_lexical_w005
59490,0,minibatch_k64,text_pca256_lexical_w005
59491,2,minibatch_k64,text_pca256_lexical_w005
59492,23,minibatch_k64,text_pca256_lexical_w005
59493,0,minibatch_k64,text_pca256_lexical_w005
59494,59,minibatch_k64,text_pca256_lexical_w005
59495,53,minibatch_k64,text_pca256_lexical_w005
59496,2,minibatch_k64,text_pca256_lexical_w005
59497,8,minibatch_k64,text_pca256_lexical_w005
59498,33,minibatch_k64,text_pca256_lexical_w005
59499,0,minibatch_k64,text_pca256_lexical_w005
59500,59,minibatch_k64,text_pca256_lexical_w005
59501,15,minibatch_k64,text_pca256_lexical_w005
59502,45,minibatch_k64,text_pca256_lexical_w005
59503,15,minibatch_k64,text_pca256_lexical_w005
59504,53,minibatch_k64,text_pca256_lexical_w005
59505,59,minibatch_k64,text_pca256_lexical_w005
59506,0,minibatch_k64,text_pca256_lexical_w005
59507,0,minibatch_k64,text_pca256_lexical_w005
59508,0,minibatch_k64,text_pca256_lexical_w005
59509,59,minibatch_k64,text_pca256_lexical_w005
59510,0,minibatch_k64,text_pca256_lexical_w005
59511,41,minibatch_k64,text_pca256_lexical_w005
59512,15,minibatch_k64,text_pca256_lexical_w005
59513,23,minibatch_k64,text_pca256_lexical_w005
59514,10,minibatch_k64,text_pca256_lexical_w005
59515,2,minibatch_k64,text_pca256_lexical_w005
59516,21,minibatch_k64,text_pca256_lexical_w005
59517,0,minibatch_k64,text_pca256_lexical_w005
59518,0,minibatch_k64,text_pca256_lexical_w005
59519,39,minibatch_k64,text_pca256_lexical_w005
59520,33,minibatch_k64,text_pca256_lexical_w005
59521,10,minibatch_k64,text_pca256_lexical_w005
59522,8,minibatch_k64,text_pca256_lexical_w005
59523,21,minibatch_k64,text_pca256_lexical_w005
59524,2,minibatch_k64,text_pca256_lexical_w005
59525,62,minibatch_k64,text_pca256_lexical_w005
59526,2,minibatch_k64,text_pca256_lexical_w005
59527,15,minibatch_k64,text_pca256_lexical_w005
59528,59,minibatch_k64,text_pca256_lexical_w005
59529,10,minibatch_k64,text_pca256_lexical_w005
59530,10,minibatch_k64,text_pca256_lexical_w005
59531,10,minibatch_k64,text_pca256_lexical_w005
59532,10,minibatch_k64,text_pca256_lexical_w005
59533,62,minibatch_k64,text_pca256_lexical_w005
59534,15,minibatch_k64,text_pca256_lexical_w005
59535,8,minibatch_k64,text_pca256_lexical_w005
59536,6,minibatch_k64,text_pca256_lexical_w005
59537,2,minibatch_k64,text_pca256_lexical_w005
59538,10,minibatch_k64,text_pca256_lexical_w005
59539,15,minibatch_k64,text_pca256_lexical_w005
59540,33,minibatch_k64,text_pca256_lexical_w005
59541,8,minibatch_k64,text_pca256_lexical_w005
59542,2,minibatch_k64,text_pca256_lexical_w005
59543,62,minibatch_k64,text_pca256_lexical_w005
59544,10,minibatch_k64,text_pca256_lexical_w005
59545,59,minibatch_k64,text_pca256_lexical_w005
59546,33,minibatch_k64,text_pca256_lexical_w005
59547,59,minibatch_k64,text_pca256_lexical_w005
59548,59,minibatch_k64,text_pca256_lexical_w005
59549,0,minibatch_k64,text_pca256_lexical_w005
59550,59,minibatch_k64,text_pca256_lexical_w005
59551,0,minibatch_k64,text_pca256_lexical_w005
59552,15,minibatch_k64,text_pca256_lexical_w005
59553,10,minibatch_k64,text_pca256_lexical_w005
59554,8,minibatch_k64,text_pca256_lexical_w005
59555,8,minibatch_k64,text_pca256_lexical_w005
59556,0,minibatch_k64,text_pca256_lexical_w005
59557,59,minibatch_k64,text_pca256_lexical_w005
59558,59,minibatch_k64,text_pca256_lexical_w005
59559,50,minibatch_k64,text_pca256_lexical_w005
59560,0,minibatch_k64,text_pca256_lexical_w005
59561,59,minibatch_k64,text_pca256_lexical_w005
59562,33,minibatch_k64,text_pca256_lexical_w005
59563,0,minibatch_k64,text_pca256_lexical_w005
59564,0,minibatch_k64,text_pca256_lexical_w005
59565,0,minibatch_k64,text_pca256_lexical_w005
59566,59,minibatch_k64,text_pca256_lexical_w005
59567,59,minibatch_k64,text_pca256_lexical_w005
59568,2,minibatch_k64,text_pca256_lexical_w005
59569,2,minibatch_k64,text_pca256_lexical_w005
59570,15,minibatch_k64,text_pca256_lexical_w005
59571,6,minibatch_k64,text_pca256_lexical_w005
59572,42,minibatch_k64,text_pca256_lexical_w005
59573,2,minibatch_k64,text_pca256_lexical_w005
59574,0,minibatch_k64,text_pca256_lexical_w005
59575,0,minibatch_k64,text_pca256_lexical_w005
59576,10,minibatch_k64,text_pca256_lexical_w005
59577,10,minibatch_k64,text_pca256_lexical_w005
59578,33,minibatch_k64,text_pca256_lexical_w005
59579,10,minibatch_k64,text_pca256_lexical_w005
59580,2,minibatch_k64,text_pca256_lexical_w005
59581,2,minibatch_k64,text_pca256_lexical_w005
59582,59,minibatch_k64,text_pca256_lexical_w005
59583,59,minibatch_k64,text_pca256_lexical_w005
59584,10,minibatch_k64,text_pca256_lexical_w005
59585,10,minibatch_k64,text_pca256_lexical_w005
59586,10,minibatch_k64,text_pca256_lexical_w005
59587,21,minibatch_k64,text_pca256_lexical_w005
59588,21,minibatch_k64,text_pca256_lexical_w005
59589,2,minibatch_k64,text_pca256_lexical_w005
59590,59,minibatch_k64,text_pca256_lexical_w005
59591,45,minibatch_k64,text_pca256_lexical_w005
59592,59,minibatch_k64,text_pca256_lexical_w005
59593,10,minibatch_k64,text_pca256_lexical_w005
59594,48,minibatch_k64,text_pca256_lexical_w005
59595,10,minibatch_k64,text_pca256_lexical_w005
59596,10,minibatch_k64,text_pca256_lexical_w005
59597,33,minibatch_k64,text_pca256_lexical_w005
59598,33,minibatch_k64,text_pca256_lexical_w005
59599,59,minibatch_k64,text_pca256_lexical_w005
59600,2,minibatch_k64,text_pca256_lexical_w005
59601,0,minibatch_k64,text_pca256_lexical_w005
59602,59,minibatch_k64,text_pca256_lexical_w005
59603,8,minibatch_k64,text_pca256_lexical_w005
59604,59,minibatch_k64,text_pca256_lexical_w005
59605,0,minibatch_k64,text_pca256_lexical_w005
59606,2,minibatch_k64,text_pca256_lexical_w005
59607,2,minibatch_k64,text_pca256_lexical_w005
59608,10,minibatch_k64,text_pca256_lexical_w005
59609,6,minibatch_k64,text_pca256_lexical_w005
59610,59,minibatch_k64,text_pca256_lexical_w005
59611,10,minibatch_k64,text_pca256_lexical_w005
59612,48,minibatch_k64,text_pca256_lexical_w005
59613,33,minibatch_k64,text_pca256_lexical_w005
59614,10,minibatch_k64,text_pca256_lexical_w005
59615,0,minibatch_k64,text_pca256_lexical_w005
59616,8,minibatch_k64,text_pca256_lexical_w005
59617,62,minibatch_k64,text_pca256_lexical_w005
59618,2,minibatch_k64,text_pca256_lexical_w005
59619,59,minibatch_k64,text_pca256_lexical_w005
59620,0,minibatch_k64,text_pca256_lexical_w005
59621,2,minibatch_k64,text_pca256_lexical_w005
59622,33,minibatch_k64,text_pca256_lexical_w005
59623,2,minibatch_k64,text_pca256_lexical_w005
59624,62,minibatch_k64,text_pca256_lexical_w005
59625,59,minibatch_k64,text_pca256_lexical_w005
59626,10,minibatch_k64,text_pca256_lexical_w005
59627,33,minibatch_k64,text_pca256_lexical_w005
59628,10,minibatch_k64,text_pca256_lexical_w005
59629,33,minibatch_k64,text_pca256_lexical_w005
59630,8,minibatch_k64,text_pca256_lexical_w005
59631,59,minibatch_k64,text_pca256_lexical_w005
59632,2,minibatch_k64,text_pca256_lexical_w005
59633,33,minibatch_k64,text_pca256_lexical_w005
59634,59,minibatch_k64,text_pca256_lexical_w005
59635,59,minibatch_k64,text_pca256_lexical_w005
59636,59,minibatch_k64,text_pca256_lexical_w005
59637,59,minibatch_k64,text_pca256_lexical_w005
59638,50,minibatch_k64,text_pca256_lexical_w005
59639,10,minibatch_k64,text_pca256_lexical_w005
59640,0,minibatch_k64,text_pca256_lexical_w005
59641,0,minibatch_k64,text_pca256_lexical_w005
59642,59,minibatch_k64,text_pca256_lexical_w005
59643,59,minibatch_k64,text_pca256_lexical_w005
59644,8,minibatch_k64,text_pca256_lexical_w005
59645,45,minibatch_k64,text_pca256_lexical_w005
59646,10,minibatch_k64,text_pca256_lexical_w005
59647,15,minibatch_k64,text_pca256_lexical_w005
59648,23,minibatch_k64,text_pca256_lexical_w005
59649,59,minibatch_k64,text_pca256_lexical_w005
59650,8,minibatch_k64,text_pca256_lexical_w005
59651,45,minibatch_k64,text_pca256_lexical_w005
59652,45,minibatch_k64,text_pca256_lexical_w005
59653,10,minibatch_k64,text_pca256_lexical_w005
59654,21,minibatch_k64,text_pca256_lexical_w005
59655,45,minibatch_k64,text_pca256_lexical_w005
59656,0,minibatch_k64,text_pca256_lexical_w005
59657,59,minibatch_k64,text_pca256_lexical_w005
59658,39,minibatch_k64,text_pca256_lexical_w005
59659,15,minibatch_k64,text_pca256_lexical_w005
59660,50,minibatch_k64,text_pca256_lexical_w005
59661,45,minibatch_k64,text_pca256_lexical_w005
59662,50,minibatch_k64,text_pca256_lexical_w005
59663,45,minibatch_k64,text_pca256_lexical_w005
59664,2,minibatch_k64,text_pca256_lexical_w005
59665,0,minibatch_k64,text_pca256_lexical_w005
59666,59,minibatch_k64,text_pca256_lexical_w005
59667,0,minibatch_k64,text_pca256_lexical_w005
59668,21,minibatch_k64,text_pca256_lexical_w005
59669,8,minibatch_k64,text_pca256_lexical_w005
59670,59,minibatch_k64,text_pca256_lexical_w005
59671,7,minibatch_k64,text_pca256_lexical_w005
59672,2,minibatch_k64,text_pca256_lexical_w005
59673,8,minibatch_k64,text_pca256_lexical_w005
59674,7,minibatch_k64,text_pca256_lexical_w005
59675,48,minibatch_k64,text_pca256_lexical_w005
59676,0,minibatch_k64,text_pca256_lexical_w005
59677,59,minibatch_k64,text_pca256_lexical_w005
59678,48,minibatch_k64,text_pca256_lexical_w005
59679,59,minibatch_k64,text_pca256_lexical_w005
59680,33,minibatch_k64,text_pca256_lexical_w005
59681,10,minibatch_k64,text_pca256_lexical_w005
59682,0,minibatch_k64,text_pca256_lexical_w005
59683,2,minibatch_k64,text_pca256_lexical_w005
59684,0,minibatch_k64,text_pca256_lexical_w005
59685,33,minibatch_k64,text_pca256_lexical_w005
59686,10,minibatch_k64,text_pca256_lexical_w005
59687,15,minibatch_k64,text_pca256_lexical_w005
59688,58,minibatch_k64,text_pca256_lexical_w005
59689,50,minibatch_k64,text_pca256_lexical_w005
59690,0,minibatch_k64,text_pca256_lexical_w005
59691,33,minibatch_k64,text_pca256_lexical_w005
59692,10,minibatch_k64,text_pca256_lexical_w005
59693,0,minibatch_k64,text_pca256_lexical_w005
59694,50,minibatch_k64,text_pca256_lexical_w005
59695,39,minibatch_k64,text_pca256_lexical_w005
59696,0,minibatch_k64,text_pca256_lexical_w005
59697,21,minibatch_k64,text_pca256_lexical_w005
59698,33,minibatch_k64,text_pca256_lexical_w005
59699,10,minibatch_k64,text_pca256_lexical_w005
59700,53,minibatch_k64,text_pca256_lexical_w005
59701,53,minibatch_k64,text_pca256_lexical_w005
59702,10,minibatch_k64,text_pca256_lexical_w005
59703,62,minibatch_k64,text_pca256_lexical_w005
59704,10,minibatch_k64,text_pca256_lexical_w005
59705,15,minibatch_k64,text_pca256_lexical_w005
59706,42,minibatch_k64,text_pca256_lexical_w005
59707,39,minibatch_k64,text_pca256_lexical_w005
59708,53,minibatch_k64,text_pca256_lexical_w005
59709,50,minibatch_k64,text_pca256_lexical_w005
59710,15,minibatch_k64,text_pca256_lexical_w005
59711,33,minibatch_k64,text_pca256_lexical_w005
59712,15,minibatch_k64,text_pca256_lexical_w005
59713,15,minibatch_k64,text_pca256_lexical_w005
59714,53,minibatch_k64,text_pca256_lexical_w005
59715,33,minibatch_k64,text_pca256_lexical_w005
59716,42,minibatch_k64,text_pca256_lexical_w005
59717,10,minibatch_k64,text_pca256_lexical_w005
59718,15,minibatch_k64,text_pca256_lexical_w005
59719,4,minibatch_k64,text_pca256_lexical_w005
59720,0,minibatch_k64,text_pca256_lexical_w005
59721,8,minibatch_k64,text_pca256_lexical_w005
59722,39,minibatch_k64,text_pca256_lexical_w005
59723,0,minibatch_k64,text_pca256_lexical_w005
59724,50,minibatch_k64,text_pca256_lexical_w005
59725,50,minibatch_k64,text_pca256_lexical_w005
59726,53,minibatch_k64,text_pca256_lexical_w005
59727,33,minibatch_k64,text_pca256_lexical_w005
59728,42,minibatch_k64,text_pca256_lexical_w005
59729,50,minibatch_k64,text_pca256_lexical_w005
59730,0,minibatch_k64,text_pca256_lexical_w005
59731,39,minibatch_k64,text_pca256_lexical_w005
59732,39,minibatch_k64,text_pca256_lexical_w005
59733,2,minibatch_k64,text_pca256_lexical_w005
59734,50,minibatch_k64,text_pca256_lexical_w005
59735,39,minibatch_k64,text_pca256_lexical_w005
59736,2,minibatch_k64,text_pca256_lexical_w005
59737,15,minibatch_k64,text_pca256_lexical_w005
59738,2,minibatch_k64,text_pca256_lexical_w005
59739,0,minibatch_k64,text_pca256_lexical_w005
59740,53,minibatch_k64,text_pca256_lexical_w005
59741,50,minibatch_k64,text_pca256_lexical_w005
59742,50,minibatch_k64,text_pca256_lexical_w005
59743,33,minibatch_k64,text_pca256_lexical_w005
59744,21,minibatch_k64,text_pca256_lexical_w005
59745,10,minibatch_k64,text_pca256_lexical_w005
59746,50,minibatch_k64,text_pca256_lexical_w005
59747,0,minibatch_k64,text_pca256_lexical_w005
59748,23,minibatch_k64,text_pca256_lexical_w005
59749,0,minibatch_k64,text_pca256_lexical_w005
59750,15,minibatch_k64,text_pca256_lexical_w005
59751,8,minibatch_k64,text_pca256_lexical_w005
59752,23,minibatch_k64,text_pca256_lexical_w005
59753,33,minibatch_k64,text_pca256_lexical_w005
59754,10,minibatch_k64,text_pca256_lexical_w005
59755,62,minibatch_k64,text_pca256_lexical_w005
59756,50,minibatch_k64,text_pca256_lexical_w005
59757,50,minibatch_k64,text_pca256_lexical_w005
59758,50,minibatch_k64,text_pca256_lexical_w005
59759,0,minibatch_k64,text_pca256_lexical_w005
59760,53,minibatch_k64,text_pca256_lexical_w005
59761,62,minibatch_k64,text_pca256_lexical_w005
59762,2,minibatch_k64,text_pca256_lexical_w005
59763,2,minibatch_k64,text_pca256_lexical_w005
59764,5,minibatch_k64,text_pca256_lexical_w005
59765,5,minibatch_k64,text_pca256_lexical_w005
59766,5,minibatch_k64,text_pca256_lexical_w005
59767,5,minibatch_k64,text_pca256_lexical_w005
59768,5,minibatch_k64,text_pca256_lexical_w005
59769,5,minibatch_k64,text_pca256_lexical_w005
59770,45,minibatch_k64,text_pca256_lexical_w005
59771,5,minibatch_k64,text_pca256_lexical_w005
59772,5,minibatch_k64,text_pca256_lexical_w005
59773,5,minibatch_k64,text_pca256_lexical_w005
59774,5,minibatch_k64,text_pca256_lexical_w005
59775,4,minibatch_k64,text_pca256_lexical_w005
59776,5,minibatch_k64,text_pca256_lexical_w005
59777,45,minibatch_k64,text_pca256_lexical_w005
59778,45,minibatch_k64,text_pca256_lexical_w005
59779,59,minibatch_k64,text_pca256_lexical_w005
59780,8,minibatch_k64,text_pca256_lexical_w005
59781,5,minibatch_k64,text_pca256_lexical_w005
59782,8,minibatch_k64,text_pca256_lexical_w005
59783,23,minibatch_k64,text_pca256_lexical_w005
59784,15,minibatch_k64,text_pca256_lexical_w005
59785,47,minibatch_k64,text_pca256_lexical_w005
59786,56,minibatch_k64,text_pca256_lexical_w005
59787,42,minibatch_k64,text_pca256_lexical_w005
59788,23,minibatch_k64,text_pca256_lexical_w005
59789,8,minibatch_k64,text_pca256_lexical_w005
59790,0,minibatch_k64,text_pca256_lexical_w005
59791,0,minibatch_k64,text_pca256_lexical_w005
59792,0,minibatch_k64,text_pca256_lexical_w005
59793,45,minibatch_k64,text_pca256_lexical_w005
59794,5,minibatch_k64,text_pca256_lexical_w005
59795,0,minibatch_k64,text_pca256_lexical_w005
59796,45,minibatch_k64,text_pca256_lexical_w005
59797,0,minibatch_k64,text_pca256_lexical_w005
59798,45,minibatch_k64,text_pca256_lexical_w005
59799,45,minibatch_k64,text_pca256_lexical_w005
59800,45,minibatch_k64,text_pca256_lexical_w005
59801,45,minibatch_k64,text_pca256_lexical_w005
59802,45,minibatch_k64,text_pca256_lexical_w005
59803,45,minibatch_k64,text_pca256_lexical_w005
59804,45,minibatch_k64,text_pca256_lexical_w005
59805,45,minibatch_k64,text_pca256_lexical_w005
59806,45,minibatch_k64,text_pca256_lexical_w005
59807,59,minibatch_k64,text_pca256_lexical_w005
59808,0,minibatch_k64,text_pca256_lexical_w005
59809,15,minibatch_k64,text_pca256_lexical_w005
59810,62,minibatch_k64,text_pca256_lexical_w005
59811,62,minibatch_k64,text_pca256_lexical_w005
59812,0,minibatch_k64,text_pca256_lexical_w005
59813,0,minibatch_k64,text_pca256_lexical_w005
59814,62,minibatch_k64,text_pca256_lexical_w005
59815,52,minibatch_k64,text_pca256_lexical_w005
59816,8,minibatch_k64,text_pca256_lexical_w005
59817,0,minibatch_k64,text_pca256_lexical_w005
59818,39,minibatch_k64,text_pca256_lexical_w005
59819,62,minibatch_k64,text_pca256_lexical_w005
59820,42,minibatch_k64,text_pca256_lexical_w005
59821,0,minibatch_k64,text_pca256_lexical_w005
59822,8,minibatch_k64,text_pca256_lexical_w005
59823,42,minibatch_k64,text_pca256_lexical_w005
59824,39,minibatch_k64,text_pca256_lexical_w005
59825,62,minibatch_k64,text_pca256_lexical_w005
59826,8,minibatch_k64,text_pca256_lexical_w005
59827,23,minibatch_k64,text_pca256_lexical_w005
59828,0,minibatch_k64,text_pca256_lexical_w005
59829,56,minibatch_k64,text_pca256_lexical_w005
59830,52,minibatch_k64,text_pca256_lexical_w005
59831,45,minibatch_k64,text_pca256_lexical_w005
59832,38,minibatch_k64,text_pca256_lexical_w005
59833,25,minibatch_k64,text_pca256_lexical_w005
59834,55,minibatch_k64,text_pca256_lexical_w005
59835,8,minibatch_k64,text_pca256_lexical_w005
59836,45,minibatch_k64,text_pca256_lexical_w005
59837,45,minibatch_k64,text_pca256_lexical_w005
59838,45,minibatch_k64,text_pca256_lexical_w005
59839,23,minibatch_k64,text_pca256_lexical_w005
59840,45,minibatch_k64,text_pca256_lexical_w005
59841,23,minibatch_k64,text_pca256_lexical_w005
59842,45,minibatch_k64,text_pca256_lexical_w005
59843,45,minibatch_k64,text_pca256_lexical_w005
59844,45,minibatch_k64,text_pca256_lexical_w005
59845,39,minibatch_k64,text_pca256_lexical_w005
59846,45,minibatch_k64,text_pca256_lexical_w005
59847,45,minibatch_k64,text_pca256_lexical_w005
59848,45,minibatch_k64,text_pca256_lexical_w005
59849,45,minibatch_k64,text_pca256_lexical_w005
59850,45,minibatch_k64,text_pca256_lexical_w005
59851,45,minibatch_k64,text_pca256_lexical_w005
59852,45,minibatch_k64,text_pca256_lexical_w005
59853,45,minibatch_k64,text_pca256_lexical_w005
59854,0,minibatch_k64,text_pca256_lexical_w005
59855,5,minibatch_k64,text_pca256_lexical_w005
59856,5,minibatch_k64,text_pca256_lexical_w005
59857,0,minibatch_k64,text_pca256_lexical_w005
59858,10,minibatch_k64,text_pca256_lexical_w005
59859,62,minibatch_k64,text_pca256_lexical_w005
59860,23,minibatch_k64,text_pca256_lexical_w005
59861,23,minibatch_k64,text_pca256_lexical_w005
59862,52,minibatch_k64,text_pca256_lexical_w005
59863,15,minibatch_k64,text_pca256_lexical_w005
59864,0,minibatch_k64,text_pca256_lexical_w005
59865,62,minibatch_k64,text_pca256_lexical_w005
59866,0,minibatch_k64,text_pca256_lexical_w005
59867,0,minibatch_k64,text_pca256_lexical_w005
59868,52,minibatch_k64,text_pca256_lexical_w005
59869,0,minibatch_k64,text_pca256_lexical_w005
59870,42,minibatch_k64,text_pca256_lexical_w005
59871,0,minibatch_k64,text_pca256_lexical_w005
59872,2,minibatch_k64,text_pca256_lexical_w005
59873,0,minibatch_k64,text_pca256_lexical_w005
59874,0,minibatch_k64,text_pca256_lexical_w005
59875,0,minibatch_k64,text_pca256_lexical_w005
59876,62,minibatch_k64,text_pca256_lexical_w005
59877,21,minibatch_k64,text_pca256_lexical_w005
59878,0,minibatch_k64,text_pca256_lexical_w005
59879,4,minibatch_k64,text_pca256_lexical_w005
59880,5,minibatch_k64,text_pca256_lexical_w005
59881,45,minibatch_k64,text_pca256_lexical_w005
59882,38,minibatch_k64,text_pca256_lexical_w005
59883,42,minibatch_k64,text_pca256_lexical_w005
59884,42,minibatch_k64,text_pca256_lexical_w005
59885,25,minibatch_k64,text_pca256_lexical_w005
59886,55,minibatch_k64,text_pca256_lexical_w005
59887,45,minibatch_k64,text_pca256_lexical_w005
59888,62,minibatch_k64,text_pca256_lexical_w005
59889,59,minibatch_k64,text_pca256_lexical_w005
59890,45,minibatch_k64,text_pca256_lexical_w005
59891,23,minibatch_k64,text_pca256_lexical_w005
59892,0,minibatch_k64,text_pca256_lexical_w005
59893,2,minibatch_k64,text_pca256_lexical_w005
59894,45,minibatch_k64,text_pca256_lexical_w005
59895,23,minibatch_k64,text_pca256_lexical_w005
59896,45,minibatch_k64,text_pca256_lexical_w005
59897,45,minibatch_k64,text_pca256_lexical_w005
59898,45,minibatch_k64,text_pca256_lexical_w005
59899,23,minibatch_k64,text_pca256_lexical_w005
59900,0,minibatch_k64,text_pca256_lexical_w005
59901,23,minibatch_k64,text_pca256_lexical_w005
59902,23,minibatch_k64,text_pca256_lexical_w005
59903,23,minibatch_k64,text_pca256_lexical_w005
59904,23,minibatch_k64,text_pca256_lexical_w005
59905,8,minibatch_k64,text_pca256_lexical_w005
59906,0,minibatch_k64,text_pca256_lexical_w005
59907,52,minibatch_k64,text_pca256_lexical_w005
59908,62,minibatch_k64,text_pca256_lexical_w005
59909,8,minibatch_k64,text_pca256_lexical_w005
59910,23,minibatch_k64,text_pca256_lexical_w005
59911,23,minibatch_k64,text_pca256_lexical_w005
59912,0,minibatch_k64,text_pca256_lexical_w005
59913,23,minibatch_k64,text_pca256_lexical_w005
59914,23,minibatch_k64,text_pca256_lexical_w005
59915,23,minibatch_k64,text_pca256_lexical_w005
59916,23,minibatch_k64,text_pca256_lexical_w005
59917,53,minibatch_k64,text_pca256_lexical_w005
59918,0,minibatch_k64,text_pca256_lexical_w005
59919,52,minibatch_k64,text_pca256_lexical_w005
59920,0,minibatch_k64,text_pca256_lexical_w005
59921,23,minibatch_k64,text_pca256_lexical_w005
59922,5,minibatch_k64,text_pca256_lexical_w005
59923,42,minibatch_k64,text_pca256_lexical_w005
59924,5,minibatch_k64,text_pca256_lexical_w005
59925,48,minibatch_k64,text_pca256_lexical_w005
59926,38,minibatch_k64,text_pca256_lexical_w005
59927,25,minibatch_k64,text_pca256_lexical_w005
59928,55,minibatch_k64,text_pca256_lexical_w005
59929,45,minibatch_k64,text_pca256_lexical_w005
59930,45,minibatch_k64,text_pca256_lexical_w005
59931,45,minibatch_k64,text_pca256_lexical_w005
59932,45,minibatch_k64,text_pca256_lexical_w005
59933,45,minibatch_k64,text_pca256_lexical_w005
59934,0,minibatch_k64,text_pca256_lexical_w005
59935,23,minibatch_k64,text_pca256_lexical_w005
59936,23,minibatch_k64,text_pca256_lexical_w005
59937,45,minibatch_k64,text_pca256_lexical_w005
59938,45,minibatch_k64,text_pca256_lexical_w005
59939,23,minibatch_k64,text_pca256_lexical_w005
59940,45,minibatch_k64,text_pca256_lexical_w005
59941,45,minibatch_k64,text_pca256_lexical_w005
59942,45,minibatch_k64,text_pca256_lexical_w005
59943,62,minibatch_k64,text_pca256_lexical_w005
59944,45,minibatch_k64,text_pca256_lexical_w005
59945,45,minibatch_k64,text_pca256_lexical_w005
59946,45,minibatch_k64,text_pca256_lexical_w005
59947,43,minibatch_k64,text_pca256_lexical_w005
59948,10,minibatch_k64,text_pca256_lexical_w005
59949,5,minibatch_k64,text_pca256_lexical_w005
59950,33,minibatch_k64,text_pca256_lexical_w005
59951,23,minibatch_k64,text_pca256_lexical_w005
59952,0,minibatch_k64,text_pca256_lexical_w005
59953,4,minibatch_k64,text_pca256_lexical_w005
59954,4,minibatch_k64,text_pca256_lexical_w005
59955,62,minibatch_k64,text_pca256_lexical_w005
59956,23,minibatch_k64,text_pca256_lexical_w005
59957,0,minibatch_k64,text_pca256_lexical_w005
59958,15,minibatch_k64,text_pca256_lexical_w005
59959,0,minibatch_k64,text_pca256_lexical_w005
59960,23,minibatch_k64,text_pca256_lexical_w005
59961,23,minibatch_k64,text_pca256_lexical_w005
59962,59,minibatch_k64,text_pca256_lexical_w005
59963,8,minibatch_k64,text_pca256_lexical_w005
59964,15,minibatch_k64,text_pca256_lexical_w005
59965,15,minibatch_k64,text_pca256_lexical_w005
59966,59,minibatch_k64,text_pca256_lexical_w005
59967,62,minibatch_k64,text_pca256_lexical_w005
59968,45,minibatch_k64,text_pca256_lexical_w005
59969,45,minibatch_k64,text_pca256_lexical_w005
59970,0,minibatch_k64,text_pca256_lexical_w005
59971,48,minibatch_k64,text_pca256_lexical_w005
59972,45,minibatch_k64,text_pca256_lexical_w005
59973,38,minibatch_k64,text_pca256_lexical_w005
59974,55,minibatch_k64,text_pca256_lexical_w005
59975,23,minibatch_k64,text_pca256_lexical_w005
59976,45,minibatch_k64,text_pca256_lexical_w005
59977,4,minibatch_k64,text_pca256_lexical_w005
59978,0,minibatch_k64,text_pca256_lexical_w005
59979,62,minibatch_k64,text_pca256_lexical_w005
59980,45,minibatch_k64,text_pca256_lexical_w005
59981,0,minibatch_k64,text_pca256_lexical_w005
59982,45,minibatch_k64,text_pca256_lexical_w005
59983,62,minibatch_k64,text_pca256_lexical_w005
59984,62,minibatch_k64,text_pca256_lexical_w005
59985,45,minibatch_k64,text_pca256_lexical_w005
59986,23,minibatch_k64,text_pca256_lexical_w005
59987,0,minibatch_k64,text_pca256_lexical_w005
59988,21,minibatch_k64,text_pca256_lexical_w005
59989,62,minibatch_k64,text_pca256_lexical_w005
59990,45,minibatch_k64,text_pca256_lexical_w005
59991,43,minibatch_k64,text_pca256_lexical_w005
59992,23,minibatch_k64,text_pca256_lexical_w005
59993,23,minibatch_k64,text_pca256_lexical_w005
59994,42,minibatch_k64,text_pca256_lexical_w005
59995,23,minibatch_k64,text_pca256_lexical_w005
59996,21,minibatch_k64,text_pca256_lexical_w005
59997,23,minibatch_k64,text_pca256_lexical_w005
59998,42,minibatch_k64,text_pca256_lexical_w005
59999,62,minibatch_k64,text_pca256_lexical_w005
60000,8,minibatch_k64,text_pca256_lexical_w005
60001,10,minibatch_k64,text_pca256_lexical_w005
60002,10,minibatch_k64,text_pca256_lexical_w005
60003,62,minibatch_k64,text_pca256_lexical_w005
60004,8,minibatch_k64,text_pca256_lexical_w005
60005,8,minibatch_k64,text_pca256_lexical_w005
60006,21,minibatch_k64,text_pca256_lexical_w005
60007,33,minibatch_k64,text_pca256_lexical_w005
60008,62,minibatch_k64,text_pca256_lexical_w005
60009,23,minibatch_k64,text_pca256_lexical_w005
60010,8,minibatch_k64,text_pca256_lexical_w005
60011,23,minibatch_k64,text_pca256_lexical_w005
60012,48,minibatch_k64,text_pca256_lexical_w005
60013,23,minibatch_k64,text_pca256_lexical_w005
60014,62,minibatch_k64,text_pca256_lexical_w005
60015,38,minibatch_k64,text_pca256_lexical_w005
60016,25,minibatch_k64,text_pca256_lexical_w005
60017,55,minibatch_k64,text_pca256_lexical_w005
60018,37,minibatch_k64,text_pca256_lexical_w005
60019,45,minibatch_k64,text_pca256_lexical_w005
60020,45,minibatch_k64,text_pca256_lexical_w005
60021,4,minibatch_k64,text_pca256_lexical_w005
60022,10,minibatch_k64,text_pca256_lexical_w005
60023,4,minibatch_k64,text_pca256_lexical_w005
60024,45,minibatch_k64,text_pca256_lexical_w005
60025,45,minibatch_k64,text_pca256_lexical_w005
60026,45,minibatch_k64,text_pca256_lexical_w005
60027,23,minibatch_k64,text_pca256_lexical_w005
60028,62,minibatch_k64,text_pca256_lexical_w005
60029,0,minibatch_k64,text_pca256_lexical_w005
60030,42,minibatch_k64,text_pca256_lexical_w005
60031,23,minibatch_k64,text_pca256_lexical_w005
60032,21,minibatch_k64,text_pca256_lexical_w005
60033,23,minibatch_k64,text_pca256_lexical_w005
60034,23,minibatch_k64,text_pca256_lexical_w005
60035,0,minibatch_k64,text_pca256_lexical_w005
60036,45,minibatch_k64,text_pca256_lexical_w005
60037,38,minibatch_k64,text_pca256_lexical_w005
60038,45,minibatch_k64,text_pca256_lexical_w005
60039,5,minibatch_k64,text_pca256_lexical_w005
60040,25,minibatch_k64,text_pca256_lexical_w005
60041,37,minibatch_k64,text_pca256_lexical_w005
60042,10,minibatch_k64,text_pca256_lexical_w005
60043,23,minibatch_k64,text_pca256_lexical_w005
60044,21,minibatch_k64,text_pca256_lexical_w005
60045,45,minibatch_k64,text_pca256_lexical_w005
60046,45,minibatch_k64,text_pca256_lexical_w005
60047,45,minibatch_k64,text_pca256_lexical_w005
60048,8,minibatch_k64,text_pca256_lexical_w005
60049,23,minibatch_k64,text_pca256_lexical_w005
60050,56,minibatch_k64,text_pca256_lexical_w005
60051,21,minibatch_k64,text_pca256_lexical_w005
60052,23,minibatch_k64,text_pca256_lexical_w005
60053,23,minibatch_k64,text_pca256_lexical_w005
60054,23,minibatch_k64,text_pca256_lexical_w005
60055,42,minibatch_k64,text_pca256_lexical_w005
60056,42,minibatch_k64,text_pca256_lexical_w005
60057,62,minibatch_k64,text_pca256_lexical_w005
60058,23,minibatch_k64,text_pca256_lexical_w005
60059,5,minibatch_k64,text_pca256_lexical_w005
60060,25,minibatch_k64,text_pca256_lexical_w005
60061,23,minibatch_k64,text_pca256_lexical_w005
60062,38,minibatch_k64,text_pca256_lexical_w005
60063,23,minibatch_k64,text_pca256_lexical_w005
60064,37,minibatch_k64,text_pca256_lexical_w005
60065,23,minibatch_k64,text_pca256_lexical_w005
60066,0,minibatch_k64,text_pca256_lexical_w005
60067,59,minibatch_k64,text_pca256_lexical_w005
60068,23,minibatch_k64,text_pca256_lexical_w005
60069,23,minibatch_k64,text_pca256_lexical_w005
60070,23,minibatch_k64,text_pca256_lexical_w005
60071,21,minibatch_k64,text_pca256_lexical_w005
60072,62,minibatch_k64,text_pca256_lexical_w005
60073,23,minibatch_k64,text_pca256_lexical_w005
60074,3,minibatch_k64,text_pca256_lexical_w005
60075,59,minibatch_k64,text_pca256_lexical_w005
60076,47,minibatch_k64,text_pca256_lexical_w005
60077,8,minibatch_k64,text_pca256_lexical_w005
60078,0,minibatch_k64,text_pca256_lexical_w005
60079,47,minibatch_k64,text_pca256_lexical_w005
60080,23,minibatch_k64,text_pca256_lexical_w005
60081,38,minibatch_k64,text_pca256_lexical_w005
60082,55,minibatch_k64,text_pca256_lexical_w005
60083,37,minibatch_k64,text_pca256_lexical_w005
60084,33,minibatch_k64,text_pca256_lexical_w005
60085,62,minibatch_k64,text_pca256_lexical_w005
60086,23,minibatch_k64,text_pca256_lexical_w005
60087,8,minibatch_k64,text_pca256_lexical_w005
60088,5,minibatch_k64,text_pca256_lexical_w005
60089,43,minibatch_k64,text_pca256_lexical_w005
60090,21,minibatch_k64,text_pca256_lexical_w005
60091,23,minibatch_k64,text_pca256_lexical_w005
60092,23,minibatch_k64,text_pca256_lexical_w005
60093,47,minibatch_k64,text_pca256_lexical_w005
60094,47,minibatch_k64,text_pca256_lexical_w005
60095,62,minibatch_k64,text_pca256_lexical_w005
60096,29,minibatch_k64,text_pca256_lexical_w005
60097,42,minibatch_k64,text_pca256_lexical_w005
60098,23,minibatch_k64,text_pca256_lexical_w005
60099,8,minibatch_k64,text_pca256_lexical_w005
60100,62,minibatch_k64,text_pca256_lexical_w005
60101,15,minibatch_k64,text_pca256_lexical_w005
60102,23,minibatch_k64,text_pca256_lexical_w005
60103,8,minibatch_k64,text_pca256_lexical_w005
60104,3,minibatch_k64,text_pca256_lexical_w005
60105,8,minibatch_k64,text_pca256_lexical_w005
60106,0,minibatch_k64,text_pca256_lexical_w005
60107,8,minibatch_k64,text_pca256_lexical_w005
60108,23,minibatch_k64,text_pca256_lexical_w005
60109,33,minibatch_k64,text_pca256_lexical_w005
60110,23,minibatch_k64,text_pca256_lexical_w005
60111,62,minibatch_k64,text_pca256_lexical_w005
60112,42,minibatch_k64,text_pca256_lexical_w005
60113,8,minibatch_k64,text_pca256_lexical_w005
60114,0,minibatch_k64,text_pca256_lexical_w005
60115,0,minibatch_k64,text_pca256_lexical_w005
60116,8,minibatch_k64,text_pca256_lexical_w005
60117,0,minibatch_k64,text_pca256_lexical_w005
60118,23,minibatch_k64,text_pca256_lexical_w005
60119,56,minibatch_k64,text_pca256_lexical_w005
60120,0,minibatch_k64,text_pca256_lexical_w005
60121,0,minibatch_k64,text_pca256_lexical_w005
60122,0,minibatch_k64,text_pca256_lexical_w005
60123,56,minibatch_k64,text_pca256_lexical_w005
60124,0,minibatch_k64,text_pca256_lexical_w005
60125,46,minibatch_k64,text_pca256_lexical_w005
60126,0,minibatch_k64,text_pca256_lexical_w005
60127,45,minibatch_k64,text_pca256_lexical_w005
60128,43,minibatch_k64,text_pca256_lexical_w005
60129,45,minibatch_k64,text_pca256_lexical_w005
60130,45,minibatch_k64,text_pca256_lexical_w005
60131,42,minibatch_k64,text_pca256_lexical_w005
60132,45,minibatch_k64,text_pca256_lexical_w005
60133,23,minibatch_k64,text_pca256_lexical_w005
60134,15,minibatch_k64,text_pca256_lexical_w005
60135,0,minibatch_k64,text_pca256_lexical_w005
60136,62,minibatch_k64,text_pca256_lexical_w005
60137,23,minibatch_k64,text_pca256_lexical_w005
60138,23,minibatch_k64,text_pca256_lexical_w005
60139,56,minibatch_k64,text_pca256_lexical_w005
60140,0,minibatch_k64,text_pca256_lexical_w005
60141,0,minibatch_k64,text_pca256_lexical_w005
60142,0,minibatch_k64,text_pca256_lexical_w005
60143,42,minibatch_k64,text_pca256_lexical_w005
60144,8,minibatch_k64,text_pca256_lexical_w005
60145,23,minibatch_k64,text_pca256_lexical_w005
60146,5,minibatch_k64,text_pca256_lexical_w005
60147,23,minibatch_k64,text_pca256_lexical_w005
60148,23,minibatch_k64,text_pca256_lexical_w005
60149,23,minibatch_k64,text_pca256_lexical_w005
60150,5,minibatch_k64,text_pca256_lexical_w005
60151,0,minibatch_k64,text_pca256_lexical_w005
60152,23,minibatch_k64,text_pca256_lexical_w005
60153,8,minibatch_k64,text_pca256_lexical_w005
60154,23,minibatch_k64,text_pca256_lexical_w005
60155,8,minibatch_k64,text_pca256_lexical_w005
60156,25,minibatch_k64,text_pca256_lexical_w005
60157,23,minibatch_k64,text_pca256_lexical_w005
60158,56,minibatch_k64,text_pca256_lexical_w005
60159,15,minibatch_k64,text_pca256_lexical_w005
60160,62,minibatch_k64,text_pca256_lexical_w005
60161,2,minibatch_k64,text_pca256_lexical_w005
60162,2,minibatch_k64,text_pca256_lexical_w005
60163,38,minibatch_k64,text_pca256_lexical_w005
60164,55,minibatch_k64,text_pca256_lexical_w005
60165,42,minibatch_k64,text_pca256_lexical_w005
60166,0,minibatch_k64,text_pca256_lexical_w005
60167,62,minibatch_k64,text_pca256_lexical_w005
60168,37,minibatch_k64,text_pca256_lexical_w005
60169,62,minibatch_k64,text_pca256_lexical_w005
60170,62,minibatch_k64,text_pca256_lexical_w005
60171,10,minibatch_k64,text_pca256_lexical_w005
60172,15,minibatch_k64,text_pca256_lexical_w005
60173,8,minibatch_k64,text_pca256_lexical_w005
60174,56,minibatch_k64,text_pca256_lexical_w005
60175,39,minibatch_k64,text_pca256_lexical_w005
60176,39,minibatch_k64,text_pca256_lexical_w005
60177,8,minibatch_k64,text_pca256_lexical_w005
60178,21,minibatch_k64,text_pca256_lexical_w005
60179,0,minibatch_k64,text_pca256_lexical_w005
60180,33,minibatch_k64,text_pca256_lexical_w005
60181,33,minibatch_k64,text_pca256_lexical_w005
60182,3,minibatch_k64,text_pca256_lexical_w005
60183,33,minibatch_k64,text_pca256_lexical_w005
60184,8,minibatch_k64,text_pca256_lexical_w005
60185,53,minibatch_k64,text_pca256_lexical_w005
60186,38,minibatch_k64,text_pca256_lexical_w005
60187,0,minibatch_k64,text_pca256_lexical_w005
60188,0,minibatch_k64,text_pca256_lexical_w005
60189,21,minibatch_k64,text_pca256_lexical_w005
60190,55,minibatch_k64,text_pca256_lexical_w005
60191,37,minibatch_k64,text_pca256_lexical_w005
60192,23,minibatch_k64,text_pca256_lexical_w005
60193,33,minibatch_k64,text_pca256_lexical_w005
60194,33,minibatch_k64,text_pca256_lexical_w005
60195,33,minibatch_k64,text_pca256_lexical_w005
60196,3,minibatch_k64,text_pca256_lexical_w005
60197,10,minibatch_k64,text_pca256_lexical_w005
60198,33,minibatch_k64,text_pca256_lexical_w005
60199,8,minibatch_k64,text_pca256_lexical_w005
60200,62,minibatch_k64,text_pca256_lexical_w005
60201,42,minibatch_k64,text_pca256_lexical_w005
60202,38,minibatch_k64,text_pca256_lexical_w005
60203,37,minibatch_k64,text_pca256_lexical_w005
60204,59,minibatch_k64,text_pca256_lexical_w005
60205,59,minibatch_k64,text_pca256_lexical_w005
60206,0,minibatch_k64,text_pca256_lexical_w005
60207,62,minibatch_k64,text_pca256_lexical_w005
60208,8,minibatch_k64,text_pca256_lexical_w005
60209,23,minibatch_k64,text_pca256_lexical_w005
60210,62,minibatch_k64,text_pca256_lexical_w005
60211,33,minibatch_k64,text_pca256_lexical_w005
60212,59,minibatch_k64,text_pca256_lexical_w005
60213,38,minibatch_k64,text_pca256_lexical_w005
60214,37,minibatch_k64,text_pca256_lexical_w005
60215,59,minibatch_k64,text_pca256_lexical_w005
60216,23,minibatch_k64,text_pca256_lexical_w005
60217,4,minibatch_k64,text_pca256_lexical_w005
60218,23,minibatch_k64,text_pca256_lexical_w005
60219,62,minibatch_k64,text_pca256_lexical_w005
60220,8,minibatch_k64,text_pca256_lexical_w005
60221,33,minibatch_k64,text_pca256_lexical_w005
60222,23,minibatch_k64,text_pca256_lexical_w005
60223,62,minibatch_k64,text_pca256_lexical_w005
60224,38,minibatch_k64,text_pca256_lexical_w005
60225,23,minibatch_k64,text_pca256_lexical_w005
60226,37,minibatch_k64,text_pca256_lexical_w005
60227,23,minibatch_k64,text_pca256_lexical_w005
60228,33,minibatch_k64,text_pca256_lexical_w005
60229,15,minibatch_k64,text_pca256_lexical_w005
60230,21,minibatch_k64,text_pca256_lexical_w005
60231,21,minibatch_k64,text_pca256_lexical_w005
60232,8,minibatch_k64,text_pca256_lexical_w005
60233,23,minibatch_k64,text_pca256_lexical_w005
60234,56,minibatch_k64,text_pca256_lexical_w005
60235,56,minibatch_k64,text_pca256_lexical_w005
60236,56,minibatch_k64,text_pca256_lexical_w005
60237,23,minibatch_k64,text_pca256_lexical_w005
60238,47,minibatch_k64,text_pca256_lexical_w005
60239,8,minibatch_k64,text_pca256_lexical_w005
60240,56,minibatch_k64,text_pca256_lexical_w005
60241,8,minibatch_k64,text_pca256_lexical_w005
60242,45,minibatch_k64,text_pca256_lexical_w005
60243,11,minibatch_k64,text_pca256_lexical_w005
60244,38,minibatch_k64,text_pca256_lexical_w005
60245,36,minibatch_k64,text_pca256_lexical_w005
60246,15,minibatch_k64,text_pca256_lexical_w005
60247,37,minibatch_k64,text_pca256_lexical_w005
60248,59,minibatch_k64,text_pca256_lexical_w005
60249,21,minibatch_k64,text_pca256_lexical_w005
60250,59,minibatch_k64,text_pca256_lexical_w005
60251,4,minibatch_k64,text_pca256_lexical_w005
60252,23,minibatch_k64,text_pca256_lexical_w005
60253,45,minibatch_k64,text_pca256_lexical_w005
60254,45,minibatch_k64,text_pca256_lexical_w005
60255,0,minibatch_k64,text_pca256_lexical_w005
60256,21,minibatch_k64,text_pca256_lexical_w005
60257,33,minibatch_k64,text_pca256_lexical_w005
60258,45,minibatch_k64,text_pca256_lexical_w005
60259,23,minibatch_k64,text_pca256_lexical_w005
60260,8,minibatch_k64,text_pca256_lexical_w005
60261,0,minibatch_k64,text_pca256_lexical_w005
60262,0,minibatch_k64,text_pca256_lexical_w005
60263,0,minibatch_k64,text_pca256_lexical_w005
60264,23,minibatch_k64,text_pca256_lexical_w005
60265,53,minibatch_k64,text_pca256_lexical_w005
60266,39,minibatch_k64,text_pca256_lexical_w005
60267,23,minibatch_k64,text_pca256_lexical_w005
60268,38,minibatch_k64,text_pca256_lexical_w005
60269,36,minibatch_k64,text_pca256_lexical_w005
60270,37,minibatch_k64,text_pca256_lexical_w005
60271,2,minibatch_k64,text_pca256_lexical_w005
60272,23,minibatch_k64,text_pca256_lexical_w005
60273,23,minibatch_k64,text_pca256_lexical_w005
60274,62,minibatch_k64,text_pca256_lexical_w005
60275,23,minibatch_k64,text_pca256_lexical_w005
60276,59,minibatch_k64,text_pca256_lexical_w005
60277,23,minibatch_k64,text_pca256_lexical_w005
60278,23,minibatch_k64,text_pca256_lexical_w005
60279,62,minibatch_k64,text_pca256_lexical_w005
60280,23,minibatch_k64,text_pca256_lexical_w005
60281,62,minibatch_k64,text_pca256_lexical_w005
60282,0,minibatch_k64,text_pca256_lexical_w005
60283,38,minibatch_k64,text_pca256_lexical_w005
60284,55,minibatch_k64,text_pca256_lexical_w005
60285,36,minibatch_k64,text_pca256_lexical_w005
60286,15,minibatch_k64,text_pca256_lexical_w005
60287,62,minibatch_k64,text_pca256_lexical_w005
60288,11,minibatch_k64,text_pca256_lexical_w005
60289,23,minibatch_k64,text_pca256_lexical_w005
60290,33,minibatch_k64,text_pca256_lexical_w005
60291,39,minibatch_k64,text_pca256_lexical_w005
60292,23,minibatch_k64,text_pca256_lexical_w005
60293,0,minibatch_k64,text_pca256_lexical_w005
60294,15,minibatch_k64,text_pca256_lexical_w005
60295,23,minibatch_k64,text_pca256_lexical_w005
60296,8,minibatch_k64,text_pca256_lexical_w005
60297,33,minibatch_k64,text_pca256_lexical_w005
60298,27,minibatch_k64,text_pca256_lexical_w005
60299,27,minibatch_k64,text_pca256_lexical_w005
60300,0,minibatch_k64,text_pca256_lexical_w005
60301,62,minibatch_k64,text_pca256_lexical_w005
60302,0,minibatch_k64,text_pca256_lexical_w005
60303,10,minibatch_k64,text_pca256_lexical_w005
60304,39,minibatch_k64,text_pca256_lexical_w005
60305,23,minibatch_k64,text_pca256_lexical_w005
60306,23,minibatch_k64,text_pca256_lexical_w005
60307,59,minibatch_k64,text_pca256_lexical_w005
60308,8,minibatch_k64,text_pca256_lexical_w005
60309,45,minibatch_k64,text_pca256_lexical_w005
60310,23,minibatch_k64,text_pca256_lexical_w005
60311,23,minibatch_k64,text_pca256_lexical_w005
60312,23,minibatch_k64,text_pca256_lexical_w005
60313,23,minibatch_k64,text_pca256_lexical_w005
60314,23,minibatch_k64,text_pca256_lexical_w005
60315,23,minibatch_k64,text_pca256_lexical_w005
60316,10,minibatch_k64,text_pca256_lexical_w005
60317,23,minibatch_k64,text_pca256_lexical_w005
60318,33,minibatch_k64,text_pca256_lexical_w005
60319,59,minibatch_k64,text_pca256_lexical_w005
60320,0,minibatch_k64,text_pca256_lexical_w005
60321,48,minibatch_k64,text_pca256_lexical_w005
60322,23,minibatch_k64,text_pca256_lexical_w005
60323,59,minibatch_k64,text_pca256_lexical_w005
60324,42,minibatch_k64,text_pca256_lexical_w005
60325,27,minibatch_k64,text_pca256_lexical_w005
60326,23,minibatch_k64,text_pca256_lexical_w005
60327,23,minibatch_k64,text_pca256_lexical_w005
60328,23,minibatch_k64,text_pca256_lexical_w005
60329,23,minibatch_k64,text_pca256_lexical_w005
60330,27,minibatch_k64,text_pca256_lexical_w005
60331,27,minibatch_k64,text_pca256_lexical_w005
60332,18,minibatch_k64,text_pca256_lexical_w005
60333,50,minibatch_k64,text_pca256_lexical_w005
60334,18,minibatch_k64,text_pca256_lexical_w005
60335,23,minibatch_k64,text_pca256_lexical_w005
60336,8,minibatch_k64,text_pca256_lexical_w005
60337,8,minibatch_k64,text_pca256_lexical_w005
60338,0,minibatch_k64,text_pca256_lexical_w005
60339,10,minibatch_k64,text_pca256_lexical_w005
60340,0,minibatch_k64,text_pca256_lexical_w005
60341,8,minibatch_k64,text_pca256_lexical_w005
60342,8,minibatch_k64,text_pca256_lexical_w005
60343,59,minibatch_k64,text_pca256_lexical_w005
60344,59,minibatch_k64,text_pca256_lexical_w005
60345,0,minibatch_k64,text_pca256_lexical_w005
60346,15,minibatch_k64,text_pca256_lexical_w005
60347,0,minibatch_k64,text_pca256_lexical_w005
60348,62,minibatch_k64,text_pca256_lexical_w005
60349,0,minibatch_k64,text_pca256_lexical_w005
60350,45,minibatch_k64,text_pca256_lexical_w005
60351,39,minibatch_k64,text_pca256_lexical_w005
60352,62,minibatch_k64,text_pca256_lexical_w005
60353,0,minibatch_k64,text_pca256_lexical_w005
60354,8,minibatch_k64,text_pca256_lexical_w005
60355,15,minibatch_k64,text_pca256_lexical_w005
60356,8,minibatch_k64,text_pca256_lexical_w005
60357,0,minibatch_k64,text_pca256_lexical_w005
60358,8,minibatch_k64,text_pca256_lexical_w005
60359,15,minibatch_k64,text_pca256_lexical_w005
60360,10,minibatch_k64,text_pca256_lexical_w005
60361,10,minibatch_k64,text_pca256_lexical_w005
60362,39,minibatch_k64,text_pca256_lexical_w005
60363,0,minibatch_k64,text_pca256_lexical_w005
60364,62,minibatch_k64,text_pca256_lexical_w005
60365,0,minibatch_k64,text_pca256_lexical_w005
60366,62,minibatch_k64,text_pca256_lexical_w005
60367,23,minibatch_k64,text_pca256_lexical_w005
60368,0,minibatch_k64,text_pca256_lexical_w005
60369,62,minibatch_k64,text_pca256_lexical_w005
60370,0,minibatch_k64,text_pca256_lexical_w005
60371,0,minibatch_k64,text_pca256_lexical_w005
60372,10,minibatch_k64,text_pca256_lexical_w005
60373,0,minibatch_k64,text_pca256_lexical_w005
60374,2,minibatch_k64,text_pca256_lexical_w005
60375,62,minibatch_k64,text_pca256_lexical_w005
60376,0,minibatch_k64,text_pca256_lexical_w005
60377,42,minibatch_k64,text_pca256_lexical_w005
60378,0,minibatch_k64,text_pca256_lexical_w005
60379,39,minibatch_k64,text_pca256_lexical_w005
60380,62,minibatch_k64,text_pca256_lexical_w005
60381,21,minibatch_k64,text_pca256_lexical_w005
60382,23,minibatch_k64,text_pca256_lexical_w005
60383,56,minibatch_k64,text_pca256_lexical_w005
60384,0,minibatch_k64,text_pca256_lexical_w005
60385,0,minibatch_k64,text_pca256_lexical_w005
60386,10,minibatch_k64,text_pca256_lexical_w005
60387,8,minibatch_k64,text_pca256_lexical_w005
60388,8,minibatch_k64,text_pca256_lexical_w005
60389,62,minibatch_k64,text_pca256_lexical_w005
60390,62,minibatch_k64,text_pca256_lexical_w005
60391,33,minibatch_k64,text_pca256_lexical_w005
60392,8,minibatch_k64,text_pca256_lexical_w005
60393,62,minibatch_k64,text_pca256_lexical_w005
60394,0,minibatch_k64,text_pca256_lexical_w005
60395,45,minibatch_k64,text_pca256_lexical_w005
60396,59,minibatch_k64,text_pca256_lexical_w005
60397,23,minibatch_k64,text_pca256_lexical_w005
60398,23,minibatch_k64,text_pca256_lexical_w005
60399,23,minibatch_k64,text_pca256_lexical_w005
60400,23,minibatch_k64,text_pca256_lexical_w005
60401,23,minibatch_k64,text_pca256_lexical_w005
60402,0,minibatch_k64,text_pca256_lexical_w005
60403,23,minibatch_k64,text_pca256_lexical_w005
60404,8,minibatch_k64,text_pca256_lexical_w005
60405,0,minibatch_k64,text_pca256_lexical_w005
60406,8,minibatch_k64,text_pca256_lexical_w005
60407,62,minibatch_k64,text_pca256_lexical_w005
60408,0,minibatch_k64,text_pca256_lexical_w005
60409,56,minibatch_k64,text_pca256_lexical_w005
60410,0,minibatch_k64,text_pca256_lexical_w005
60411,45,minibatch_k64,text_pca256_lexical_w005
60412,2,minibatch_k64,text_pca256_lexical_w005
60413,10,minibatch_k64,text_pca256_lexical_w005
60414,39,minibatch_k64,text_pca256_lexical_w005
60415,15,minibatch_k64,text_pca256_lexical_w005
60416,23,minibatch_k64,text_pca256_lexical_w005
60417,15,minibatch_k64,text_pca256_lexical_w005
60418,23,minibatch_k64,text_pca256_lexical_w005
60419,0,minibatch_k64,text_pca256_lexical_w005
60420,15,minibatch_k64,text_pca256_lexical_w005
60421,23,minibatch_k64,text_pca256_lexical_w005
60422,59,minibatch_k64,text_pca256_lexical_w005
60423,23,minibatch_k64,text_pca256_lexical_w005
60424,56,minibatch_k64,text_pca256_lexical_w005
60425,59,minibatch_k64,text_pca256_lexical_w005
60426,0,minibatch_k64,text_pca256_lexical_w005
60427,0,minibatch_k64,text_pca256_lexical_w005
60428,0,minibatch_k64,text_pca256_lexical_w005
60429,23,minibatch_k64,text_pca256_lexical_w005
60430,27,minibatch_k64,text_pca256_lexical_w005
60431,15,minibatch_k64,text_pca256_lexical_w005
60432,15,minibatch_k64,text_pca256_lexical_w005
60433,33,minibatch_k64,text_pca256_lexical_w005
60434,33,minibatch_k64,text_pca256_lexical_w005
60435,10,minibatch_k64,text_pca256_lexical_w005
60436,0,minibatch_k64,text_pca256_lexical_w005
60437,42,minibatch_k64,text_pca256_lexical_w005
60438,27,minibatch_k64,text_pca256_lexical_w005
60439,27,minibatch_k64,text_pca256_lexical_w005
60440,27,minibatch_k64,text_pca256_lexical_w005
60441,27,minibatch_k64,text_pca256_lexical_w005
60442,34,minibatch_k64,text_pca256_lexical_w005
60443,56,minibatch_k64,text_pca256_lexical_w005
60444,56,minibatch_k64,text_pca256_lexical_w005
60445,23,minibatch_k64,text_pca256_lexical_w005
60446,23,minibatch_k64,text_pca256_lexical_w005
60447,2,minibatch_k64,text_pca256_lexical_w005
60448,62,minibatch_k64,text_pca256_lexical_w005
60449,62,minibatch_k64,text_pca256_lexical_w005
60450,0,minibatch_k64,text_pca256_lexical_w005
60451,0,minibatch_k64,text_pca256_lexical_w005
60452,23,minibatch_k64,text_pca256_lexical_w005
60453,0,minibatch_k64,text_pca256_lexical_w005
60454,8,minibatch_k64,text_pca256_lexical_w005
60455,0,minibatch_k64,text_pca256_lexical_w005
60456,62,minibatch_k64,text_pca256_lexical_w005
60457,21,minibatch_k64,text_pca256_lexical_w005
60458,0,minibatch_k64,text_pca256_lexical_w005
60459,8,minibatch_k64,text_pca256_lexical_w005
60460,10,minibatch_k64,text_pca256_lexical_w005
60461,56,minibatch_k64,text_pca256_lexical_w005
60462,33,minibatch_k64,text_pca256_lexical_w005
60463,62,minibatch_k64,text_pca256_lexical_w005
60464,23,minibatch_k64,text_pca256_lexical_w005
60465,56,minibatch_k64,text_pca256_lexical_w005
60466,62,minibatch_k64,text_pca256_lexical_w005
60467,59,minibatch_k64,text_pca256_lexical_w005
60468,23,minibatch_k64,text_pca256_lexical_w005
60469,5,minibatch_k64,text_pca256_lexical_w005
60470,48,minibatch_k64,text_pca256_lexical_w005
60471,59,minibatch_k64,text_pca256_lexical_w005
60472,8,minibatch_k64,text_pca256_lexical_w005
60473,48,minibatch_k64,text_pca256_lexical_w005
60474,48,minibatch_k64,text_pca256_lexical_w005
60475,0,minibatch_k64,text_pca256_lexical_w005
60476,62,minibatch_k64,text_pca256_lexical_w005
60477,5,minibatch_k64,text_pca256_lexical_w005
60478,8,minibatch_k64,text_pca256_lexical_w005
60479,5,minibatch_k64,text_pca256_lexical_w005
60480,5,minibatch_k64,text_pca256_lexical_w005
60481,5,minibatch_k64,text_pca256_lexical_w005
60482,0,minibatch_k64,text_pca256_lexical_w005
60483,5,minibatch_k64,text_pca256_lexical_w005
60484,46,minibatch_k64,text_pca256_lexical_w005
60485,5,minibatch_k64,text_pca256_lexical_w005
60486,46,minibatch_k64,text_pca256_lexical_w005
60487,4,minibatch_k64,text_pca256_lexical_w005
60488,5,minibatch_k64,text_pca256_lexical_w005
60489,5,minibatch_k64,text_pca256_lexical_w005
60490,5,minibatch_k64,text_pca256_lexical_w005
60491,62,minibatch_k64,text_pca256_lexical_w005
60492,10,minibatch_k64,text_pca256_lexical_w005
60493,0,minibatch_k64,text_pca256_lexical_w005
60494,0,minibatch_k64,text_pca256_lexical_w005
60495,33,minibatch_k64,text_pca256_lexical_w005
60496,5,minibatch_k64,text_pca256_lexical_w005
60497,10,minibatch_k64,text_pca256_lexical_w005
60498,59,minibatch_k64,text_pca256_lexical_w005
60499,0,minibatch_k64,text_pca256_lexical_w005
60500,62,minibatch_k64,text_pca256_lexical_w005
60501,0,minibatch_k64,text_pca256_lexical_w005
60502,8,minibatch_k64,text_pca256_lexical_w005
60503,56,minibatch_k64,text_pca256_lexical_w005
60504,5,minibatch_k64,text_pca256_lexical_w005
60505,8,minibatch_k64,text_pca256_lexical_w005
60506,0,minibatch_k64,text_pca256_lexical_w005
60507,50,minibatch_k64,text_pca256_lexical_w005
60508,33,minibatch_k64,text_pca256_lexical_w005
60509,0,minibatch_k64,text_pca256_lexical_w005
60510,33,minibatch_k64,text_pca256_lexical_w005
60511,18,minibatch_k64,text_pca256_lexical_w005
60512,23,minibatch_k64,text_pca256_lexical_w005
60513,5,minibatch_k64,text_pca256_lexical_w005
60514,5,minibatch_k64,text_pca256_lexical_w005
60515,4,minibatch_k64,text_pca256_lexical_w005
60516,5,minibatch_k64,text_pca256_lexical_w005
60517,5,minibatch_k64,text_pca256_lexical_w005
60518,5,minibatch_k64,text_pca256_lexical_w005
60519,62,minibatch_k64,text_pca256_lexical_w005
60520,0,minibatch_k64,text_pca256_lexical_w005
60521,53,minibatch_k64,text_pca256_lexical_w005
60522,8,minibatch_k64,text_pca256_lexical_w005
60523,0,minibatch_k64,text_pca256_lexical_w005
60524,5,minibatch_k64,text_pca256_lexical_w005
60525,62,minibatch_k64,text_pca256_lexical_w005
60526,62,minibatch_k64,text_pca256_lexical_w005
60527,5,minibatch_k64,text_pca256_lexical_w005
60528,21,minibatch_k64,text_pca256_lexical_w005
60529,62,minibatch_k64,text_pca256_lexical_w005
60530,5,minibatch_k64,text_pca256_lexical_w005
60531,23,minibatch_k64,text_pca256_lexical_w005
60532,0,minibatch_k64,text_pca256_lexical_w005
60533,5,minibatch_k64,text_pca256_lexical_w005
60534,8,minibatch_k64,text_pca256_lexical_w005
60535,0,minibatch_k64,text_pca256_lexical_w005
60536,0,minibatch_k64,text_pca256_lexical_w005
60537,15,minibatch_k64,text_pca256_lexical_w005
60538,62,minibatch_k64,text_pca256_lexical_w005
60539,0,minibatch_k64,text_pca256_lexical_w005
60540,5,minibatch_k64,text_pca256_lexical_w005
60541,62,minibatch_k64,text_pca256_lexical_w005
60542,21,minibatch_k64,text_pca256_lexical_w005
60543,59,minibatch_k64,text_pca256_lexical_w005
60544,0,minibatch_k64,text_pca256_lexical_w005
60545,8,minibatch_k64,text_pca256_lexical_w005
60546,39,minibatch_k64,text_pca256_lexical_w005
60547,8,minibatch_k64,text_pca256_lexical_w005
60548,21,minibatch_k64,text_pca256_lexical_w005
60549,15,minibatch_k64,text_pca256_lexical_w005
60550,52,minibatch_k64,text_pca256_lexical_w005
60551,15,minibatch_k64,text_pca256_lexical_w005
60552,0,minibatch_k64,text_pca256_lexical_w005
60553,33,minibatch_k64,text_pca256_lexical_w005
60554,33,minibatch_k64,text_pca256_lexical_w005
60555,59,minibatch_k64,text_pca256_lexical_w005
60556,15,minibatch_k64,text_pca256_lexical_w005
60557,62,minibatch_k64,text_pca256_lexical_w005
60558,62,minibatch_k64,text_pca256_lexical_w005
60559,58,minibatch_k64,text_pca256_lexical_w005
60560,53,minibatch_k64,text_pca256_lexical_w005
60561,5,minibatch_k64,text_pca256_lexical_w005
60562,62,minibatch_k64,text_pca256_lexical_w005
60563,0,minibatch_k64,text_pca256_lexical_w005
60564,0,minibatch_k64,text_pca256_lexical_w005
60565,2,minibatch_k64,text_pca256_lexical_w005
60566,47,minibatch_k64,text_pca256_lexical_w005
60567,0,minibatch_k64,text_pca256_lexical_w005
60568,5,minibatch_k64,text_pca256_lexical_w005
60569,8,minibatch_k64,text_pca256_lexical_w005
60570,38,minibatch_k64,text_pca256_lexical_w005
60571,0,minibatch_k64,text_pca256_lexical_w005
60572,62,minibatch_k64,text_pca256_lexical_w005
60573,5,minibatch_k64,text_pca256_lexical_w005
60574,15,minibatch_k64,text_pca256_lexical_w005
60575,45,minibatch_k64,text_pca256_lexical_w005
60576,55,minibatch_k64,text_pca256_lexical_w005
60577,46,minibatch_k64,text_pca256_lexical_w005
60578,47,minibatch_k64,text_pca256_lexical_w005
60579,42,minibatch_k64,text_pca256_lexical_w005
60580,8,minibatch_k64,text_pca256_lexical_w005
60581,8,minibatch_k64,text_pca256_lexical_w005
60582,4,minibatch_k64,text_pca256_lexical_w005
60583,39,minibatch_k64,text_pca256_lexical_w005
60584,39,minibatch_k64,text_pca256_lexical_w005
60585,10,minibatch_k64,text_pca256_lexical_w005
60586,8,minibatch_k64,text_pca256_lexical_w005
60587,25,minibatch_k64,text_pca256_lexical_w005
60588,53,minibatch_k64,text_pca256_lexical_w005
60589,15,minibatch_k64,text_pca256_lexical_w005
60590,62,minibatch_k64,text_pca256_lexical_w005
60591,50,minibatch_k64,text_pca256_lexical_w005
60592,0,minibatch_k64,text_pca256_lexical_w005
60593,8,minibatch_k64,text_pca256_lexical_w005
60594,0,minibatch_k64,text_pca256_lexical_w005
60595,62,minibatch_k64,text_pca256_lexical_w005
60596,2,minibatch_k64,text_pca256_lexical_w005
60597,2,minibatch_k64,text_pca256_lexical_w005
60598,62,minibatch_k64,text_pca256_lexical_w005
60599,8,minibatch_k64,text_pca256_lexical_w005
60600,21,minibatch_k64,text_pca256_lexical_w005
60601,21,minibatch_k64,text_pca256_lexical_w005
60602,15,minibatch_k64,text_pca256_lexical_w005
60603,0,minibatch_k64,text_pca256_lexical_w005
60604,8,minibatch_k64,text_pca256_lexical_w005
60605,62,minibatch_k64,text_pca256_lexical_w005
60606,5,minibatch_k64,text_pca256_lexical_w005
60607,8,minibatch_k64,text_pca256_lexical_w005
60608,52,minibatch_k64,text_pca256_lexical_w005
60609,62,minibatch_k64,text_pca256_lexical_w005
60610,33,minibatch_k64,text_pca256_lexical_w005
60611,62,minibatch_k64,text_pca256_lexical_w005
60612,21,minibatch_k64,text_pca256_lexical_w005
60613,0,minibatch_k64,text_pca256_lexical_w005
60614,2,minibatch_k64,text_pca256_lexical_w005
60615,0,minibatch_k64,text_pca256_lexical_w005
60616,0,minibatch_k64,text_pca256_lexical_w005
60617,8,minibatch_k64,text_pca256_lexical_w005
60618,52,minibatch_k64,text_pca256_lexical_w005
60619,0,minibatch_k64,text_pca256_lexical_w005
60620,8,minibatch_k64,text_pca256_lexical_w005
60621,15,minibatch_k64,text_pca256_lexical_w005
60622,62,minibatch_k64,text_pca256_lexical_w005
60623,62,minibatch_k64,text_pca256_lexical_w005
60624,62,minibatch_k64,text_pca256_lexical_w005
60625,62,minibatch_k64,text_pca256_lexical_w005
60626,21,minibatch_k64,text_pca256_lexical_w005
60627,0,minibatch_k64,text_pca256_lexical_w005
60628,5,minibatch_k64,text_pca256_lexical_w005
60629,62,minibatch_k64,text_pca256_lexical_w005
60630,33,minibatch_k64,text_pca256_lexical_w005
60631,21,minibatch_k64,text_pca256_lexical_w005
60632,15,minibatch_k64,text_pca256_lexical_w005
60633,33,minibatch_k64,text_pca256_lexical_w005
60634,5,minibatch_k64,text_pca256_lexical_w005
60635,62,minibatch_k64,text_pca256_lexical_w005
60636,38,minibatch_k64,text_pca256_lexical_w005
60637,58,minibatch_k64,text_pca256_lexical_w005
60638,58,minibatch_k64,text_pca256_lexical_w005
60639,45,minibatch_k64,text_pca256_lexical_w005
60640,5,minibatch_k64,text_pca256_lexical_w005
60641,23,minibatch_k64,text_pca256_lexical_w005
60642,55,minibatch_k64,text_pca256_lexical_w005
60643,5,minibatch_k64,text_pca256_lexical_w005
60644,4,minibatch_k64,text_pca256_lexical_w005
60645,0,minibatch_k64,text_pca256_lexical_w005
60646,21,minibatch_k64,text_pca256_lexical_w005
60647,59,minibatch_k64,text_pca256_lexical_w005
60648,33,minibatch_k64,text_pca256_lexical_w005
60649,5,minibatch_k64,text_pca256_lexical_w005
60650,62,minibatch_k64,text_pca256_lexical_w005
60651,5,minibatch_k64,text_pca256_lexical_w005
60652,62,minibatch_k64,text_pca256_lexical_w005
60653,10,minibatch_k64,text_pca256_lexical_w005
60654,25,minibatch_k64,text_pca256_lexical_w005
60655,42,minibatch_k64,text_pca256_lexical_w005
60656,62,minibatch_k64,text_pca256_lexical_w005
60657,33,minibatch_k64,text_pca256_lexical_w005
60658,10,minibatch_k64,text_pca256_lexical_w005
60659,21,minibatch_k64,text_pca256_lexical_w005
60660,39,minibatch_k64,text_pca256_lexical_w005
60661,0,minibatch_k64,text_pca256_lexical_w005
60662,15,minibatch_k64,text_pca256_lexical_w005
60663,39,minibatch_k64,text_pca256_lexical_w005
60664,0,minibatch_k64,text_pca256_lexical_w005
60665,39,minibatch_k64,text_pca256_lexical_w005
60666,62,minibatch_k64,text_pca256_lexical_w005
60667,42,minibatch_k64,text_pca256_lexical_w005
60668,52,minibatch_k64,text_pca256_lexical_w005
60669,2,minibatch_k64,text_pca256_lexical_w005
60670,15,minibatch_k64,text_pca256_lexical_w005
60671,15,minibatch_k64,text_pca256_lexical_w005
60672,8,minibatch_k64,text_pca256_lexical_w005
60673,10,minibatch_k64,text_pca256_lexical_w005
60674,15,minibatch_k64,text_pca256_lexical_w005
60675,8,minibatch_k64,text_pca256_lexical_w005
60676,62,minibatch_k64,text_pca256_lexical_w005
60677,8,minibatch_k64,text_pca256_lexical_w005
60678,52,minibatch_k64,text_pca256_lexical_w005
60679,0,minibatch_k64,text_pca256_lexical_w005
60680,14,minibatch_k64,text_pca256_lexical_w005
60681,8,minibatch_k64,text_pca256_lexical_w005
60682,8,minibatch_k64,text_pca256_lexical_w005
60683,62,minibatch_k64,text_pca256_lexical_w005
60684,8,minibatch_k64,text_pca256_lexical_w005
60685,39,minibatch_k64,text_pca256_lexical_w005
60686,62,minibatch_k64,text_pca256_lexical_w005
60687,21,minibatch_k64,text_pca256_lexical_w005
60688,62,minibatch_k64,text_pca256_lexical_w005
60689,15,minibatch_k64,text_pca256_lexical_w005
60690,15,minibatch_k64,text_pca256_lexical_w005
60691,53,minibatch_k64,text_pca256_lexical_w005
60692,10,minibatch_k64,text_pca256_lexical_w005
60693,8,minibatch_k64,text_pca256_lexical_w005
60694,45,minibatch_k64,text_pca256_lexical_w005
60695,8,minibatch_k64,text_pca256_lexical_w005
60696,39,minibatch_k64,text_pca256_lexical_w005
60697,5,minibatch_k64,text_pca256_lexical_w005
60698,23,minibatch_k64,text_pca256_lexical_w005
60699,2,minibatch_k64,text_pca256_lexical_w005
60700,15,minibatch_k64,text_pca256_lexical_w005
60701,21,minibatch_k64,text_pca256_lexical_w005
60702,39,minibatch_k64,text_pca256_lexical_w005
60703,33,minibatch_k64,text_pca256_lexical_w005
60704,42,minibatch_k64,text_pca256_lexical_w005
60705,56,minibatch_k64,text_pca256_lexical_w005
60706,38,minibatch_k64,text_pca256_lexical_w005
60707,8,minibatch_k64,text_pca256_lexical_w005
60708,58,minibatch_k64,text_pca256_lexical_w005
60709,50,minibatch_k64,text_pca256_lexical_w005
60710,50,minibatch_k64,text_pca256_lexical_w005
60711,45,minibatch_k64,text_pca256_lexical_w005
60712,50,minibatch_k64,text_pca256_lexical_w005
60713,45,minibatch_k64,text_pca256_lexical_w005
60714,8,minibatch_k64,text_pca256_lexical_w005
60715,25,minibatch_k64,text_pca256_lexical_w005
60716,60,minibatch_k64,text_pca256_lexical_w005
60717,23,minibatch_k64,text_pca256_lexical_w005
60718,62,minibatch_k64,text_pca256_lexical_w005
60719,10,minibatch_k64,text_pca256_lexical_w005
60720,33,minibatch_k64,text_pca256_lexical_w005
60721,0,minibatch_k64,text_pca256_lexical_w005
60722,4,minibatch_k64,text_pca256_lexical_w005
60723,62,minibatch_k64,text_pca256_lexical_w005
60724,21,minibatch_k64,text_pca256_lexical_w005
60725,33,minibatch_k64,text_pca256_lexical_w005
60726,4,minibatch_k64,text_pca256_lexical_w005
60727,62,minibatch_k64,text_pca256_lexical_w005
60728,8,minibatch_k64,text_pca256_lexical_w005
60729,8,minibatch_k64,text_pca256_lexical_w005
60730,15,minibatch_k64,text_pca256_lexical_w005
60731,5,minibatch_k64,text_pca256_lexical_w005
60732,39,minibatch_k64,text_pca256_lexical_w005
60733,5,minibatch_k64,text_pca256_lexical_w005
60734,5,minibatch_k64,text_pca256_lexical_w005
60735,15,minibatch_k64,text_pca256_lexical_w005
60736,0,minibatch_k64,text_pca256_lexical_w005
60737,15,minibatch_k64,text_pca256_lexical_w005
60738,50,minibatch_k64,text_pca256_lexical_w005
60739,56,minibatch_k64,text_pca256_lexical_w005
60740,0,minibatch_k64,text_pca256_lexical_w005
60741,62,minibatch_k64,text_pca256_lexical_w005
60742,0,minibatch_k64,text_pca256_lexical_w005
60743,0,minibatch_k64,text_pca256_lexical_w005
60744,8,minibatch_k64,text_pca256_lexical_w005
60745,8,minibatch_k64,text_pca256_lexical_w005
60746,62,minibatch_k64,text_pca256_lexical_w005
60747,21,minibatch_k64,text_pca256_lexical_w005
60748,21,minibatch_k64,text_pca256_lexical_w005
60749,8,minibatch_k64,text_pca256_lexical_w005
60750,0,minibatch_k64,text_pca256_lexical_w005
60751,50,minibatch_k64,text_pca256_lexical_w005
60752,23,minibatch_k64,text_pca256_lexical_w005
60753,8,minibatch_k64,text_pca256_lexical_w005
60754,45,minibatch_k64,text_pca256_lexical_w005
60755,0,minibatch_k64,text_pca256_lexical_w005
60756,0,minibatch_k64,text_pca256_lexical_w005
60757,23,minibatch_k64,text_pca256_lexical_w005
60758,4,minibatch_k64,text_pca256_lexical_w005
60759,0,minibatch_k64,text_pca256_lexical_w005
60760,33,minibatch_k64,text_pca256_lexical_w005
60761,8,minibatch_k64,text_pca256_lexical_w005
60762,8,minibatch_k64,text_pca256_lexical_w005
60763,21,minibatch_k64,text_pca256_lexical_w005
60764,14,minibatch_k64,text_pca256_lexical_w005
60765,8,minibatch_k64,text_pca256_lexical_w005
60766,0,minibatch_k64,text_pca256_lexical_w005
60767,0,minibatch_k64,text_pca256_lexical_w005
60768,62,minibatch_k64,text_pca256_lexical_w005
60769,15,minibatch_k64,text_pca256_lexical_w005
60770,8,minibatch_k64,text_pca256_lexical_w005
60771,25,minibatch_k64,text_pca256_lexical_w005
60772,62,minibatch_k64,text_pca256_lexical_w005
60773,48,minibatch_k64,text_pca256_lexical_w005
60774,18,minibatch_k64,text_pca256_lexical_w005
60775,38,minibatch_k64,text_pca256_lexical_w005
60776,15,minibatch_k64,text_pca256_lexical_w005
60777,15,minibatch_k64,text_pca256_lexical_w005
60778,58,minibatch_k64,text_pca256_lexical_w005
60779,45,minibatch_k64,text_pca256_lexical_w005
60780,15,minibatch_k64,text_pca256_lexical_w005
60781,45,minibatch_k64,text_pca256_lexical_w005
60782,55,minibatch_k64,text_pca256_lexical_w005
60783,5,minibatch_k64,text_pca256_lexical_w005
60784,8,minibatch_k64,text_pca256_lexical_w005
60785,0,minibatch_k64,text_pca256_lexical_w005
60786,15,minibatch_k64,text_pca256_lexical_w005
60787,33,minibatch_k64,text_pca256_lexical_w005
60788,15,minibatch_k64,text_pca256_lexical_w005
60789,39,minibatch_k64,text_pca256_lexical_w005
60790,23,minibatch_k64,text_pca256_lexical_w005
60791,2,minibatch_k64,text_pca256_lexical_w005
60792,62,minibatch_k64,text_pca256_lexical_w005
60793,23,minibatch_k64,text_pca256_lexical_w005
60794,53,minibatch_k64,text_pca256_lexical_w005
60795,15,minibatch_k64,text_pca256_lexical_w005
60796,39,minibatch_k64,text_pca256_lexical_w005
60797,8,minibatch_k64,text_pca256_lexical_w005
60798,62,minibatch_k64,text_pca256_lexical_w005
60799,0,minibatch_k64,text_pca256_lexical_w005
60800,61,minibatch_k64,text_pca256_lexical_w005
60801,53,minibatch_k64,text_pca256_lexical_w005
60802,53,minibatch_k64,text_pca256_lexical_w005
60803,56,minibatch_k64,text_pca256_lexical_w005
60804,33,minibatch_k64,text_pca256_lexical_w005
60805,33,minibatch_k64,text_pca256_lexical_w005
60806,8,minibatch_k64,text_pca256_lexical_w005
60807,62,minibatch_k64,text_pca256_lexical_w005
60808,33,minibatch_k64,text_pca256_lexical_w005
60809,0,minibatch_k64,text_pca256_lexical_w005
60810,10,minibatch_k64,text_pca256_lexical_w005
60811,0,minibatch_k64,text_pca256_lexical_w005
60812,15,minibatch_k64,text_pca256_lexical_w005
60813,15,minibatch_k64,text_pca256_lexical_w005
60814,62,minibatch_k64,text_pca256_lexical_w005
60815,0,minibatch_k64,text_pca256_lexical_w005
60816,0,minibatch_k64,text_pca256_lexical_w005
60817,8,minibatch_k64,text_pca256_lexical_w005
60818,0,minibatch_k64,text_pca256_lexical_w005
60819,21,minibatch_k64,text_pca256_lexical_w005
60820,33,minibatch_k64,text_pca256_lexical_w005
60821,62,minibatch_k64,text_pca256_lexical_w005
60822,21,minibatch_k64,text_pca256_lexical_w005
60823,61,minibatch_k64,text_pca256_lexical_w005
60824,62,minibatch_k64,text_pca256_lexical_w005
60825,14,minibatch_k64,text_pca256_lexical_w005
60826,14,minibatch_k64,text_pca256_lexical_w005
60827,10,minibatch_k64,text_pca256_lexical_w005
60828,0,minibatch_k64,text_pca256_lexical_w005
60829,42,minibatch_k64,text_pca256_lexical_w005
60830,42,minibatch_k64,text_pca256_lexical_w005
60831,0,minibatch_k64,text_pca256_lexical_w005
60832,2,minibatch_k64,text_pca256_lexical_w005
60833,58,minibatch_k64,text_pca256_lexical_w005
60834,58,minibatch_k64,text_pca256_lexical_w005
60835,8,minibatch_k64,text_pca256_lexical_w005
60836,23,minibatch_k64,text_pca256_lexical_w005
60837,0,minibatch_k64,text_pca256_lexical_w005
60838,45,minibatch_k64,text_pca256_lexical_w005
60839,60,minibatch_k64,text_pca256_lexical_w005
60840,59,minibatch_k64,text_pca256_lexical_w005
60841,45,minibatch_k64,text_pca256_lexical_w005
60842,62,minibatch_k64,text_pca256_lexical_w005
60843,25,minibatch_k64,text_pca256_lexical_w005
60844,62,minibatch_k64,text_pca256_lexical_w005
60845,0,minibatch_k64,text_pca256_lexical_w005
60846,33,minibatch_k64,text_pca256_lexical_w005
60847,61,minibatch_k64,text_pca256_lexical_w005
60848,21,minibatch_k64,text_pca256_lexical_w005
60849,8,minibatch_k64,text_pca256_lexical_w005
60850,62,minibatch_k64,text_pca256_lexical_w005
60851,8,minibatch_k64,text_pca256_lexical_w005
60852,33,minibatch_k64,text_pca256_lexical_w005
60853,62,minibatch_k64,text_pca256_lexical_w005
60854,8,minibatch_k64,text_pca256_lexical_w005
60855,0,minibatch_k64,text_pca256_lexical_w005
60856,0,minibatch_k64,text_pca256_lexical_w005
60857,2,minibatch_k64,text_pca256_lexical_w005
60858,10,minibatch_k64,text_pca256_lexical_w005
60859,61,minibatch_k64,text_pca256_lexical_w005
60860,62,minibatch_k64,text_pca256_lexical_w005
60861,5,minibatch_k64,text_pca256_lexical_w005
60862,62,minibatch_k64,text_pca256_lexical_w005
60863,62,minibatch_k64,text_pca256_lexical_w005
60864,15,minibatch_k64,text_pca256_lexical_w005
60865,0,minibatch_k64,text_pca256_lexical_w005
60866,62,minibatch_k64,text_pca256_lexical_w005
60867,2,minibatch_k64,text_pca256_lexical_w005
60868,8,minibatch_k64,text_pca256_lexical_w005
60869,0,minibatch_k64,text_pca256_lexical_w005
60870,8,minibatch_k64,text_pca256_lexical_w005
60871,8,minibatch_k64,text_pca256_lexical_w005
60872,0,minibatch_k64,text_pca256_lexical_w005
60873,8,minibatch_k64,text_pca256_lexical_w005
60874,10,minibatch_k64,text_pca256_lexical_w005
60875,62,minibatch_k64,text_pca256_lexical_w005
60876,8,minibatch_k64,text_pca256_lexical_w005
60877,14,minibatch_k64,text_pca256_lexical_w005
60878,33,minibatch_k64,text_pca256_lexical_w005
60879,50,minibatch_k64,text_pca256_lexical_w005
60880,33,minibatch_k64,text_pca256_lexical_w005
60881,33,minibatch_k64,text_pca256_lexical_w005
60882,23,minibatch_k64,text_pca256_lexical_w005
60883,5,minibatch_k64,text_pca256_lexical_w005
60884,0,minibatch_k64,text_pca256_lexical_w005
60885,18,minibatch_k64,text_pca256_lexical_w005
60886,45,minibatch_k64,text_pca256_lexical_w005
60887,58,minibatch_k64,text_pca256_lexical_w005
60888,8,minibatch_k64,text_pca256_lexical_w005
60889,45,minibatch_k64,text_pca256_lexical_w005
60890,58,minibatch_k64,text_pca256_lexical_w005
60891,45,minibatch_k64,text_pca256_lexical_w005
60892,45,minibatch_k64,text_pca256_lexical_w005
60893,55,minibatch_k64,text_pca256_lexical_w005
60894,8,minibatch_k64,text_pca256_lexical_w005
60895,54,minibatch_k64,text_pca256_lexical_w005
60896,10,minibatch_k64,text_pca256_lexical_w005
60897,0,minibatch_k64,text_pca256_lexical_w005
60898,25,minibatch_k64,text_pca256_lexical_w005
60899,62,minibatch_k64,text_pca256_lexical_w005
60900,62,minibatch_k64,text_pca256_lexical_w005
60901,50,minibatch_k64,text_pca256_lexical_w005
60902,2,minibatch_k64,text_pca256_lexical_w005
60903,5,minibatch_k64,text_pca256_lexical_w005
60904,45,minibatch_k64,text_pca256_lexical_w005
60905,2,minibatch_k64,text_pca256_lexical_w005
60906,0,minibatch_k64,text_pca256_lexical_w005
60907,8,minibatch_k64,text_pca256_lexical_w005
60908,23,minibatch_k64,text_pca256_lexical_w005
60909,45,minibatch_k64,text_pca256_lexical_w005
60910,8,minibatch_k64,text_pca256_lexical_w005
60911,21,minibatch_k64,text_pca256_lexical_w005
60912,0,minibatch_k64,text_pca256_lexical_w005
60913,62,minibatch_k64,text_pca256_lexical_w005
60914,0,minibatch_k64,text_pca256_lexical_w005
60915,15,minibatch_k64,text_pca256_lexical_w005
60916,8,minibatch_k64,text_pca256_lexical_w005
60917,8,minibatch_k64,text_pca256_lexical_w005
60918,2,minibatch_k64,text_pca256_lexical_w005
60919,21,minibatch_k64,text_pca256_lexical_w005
60920,8,minibatch_k64,text_pca256_lexical_w005
60921,15,minibatch_k64,text_pca256_lexical_w005
60922,50,minibatch_k64,text_pca256_lexical_w005
60923,50,minibatch_k64,text_pca256_lexical_w005
60924,42,minibatch_k64,text_pca256_lexical_w005
60925,62,minibatch_k64,text_pca256_lexical_w005
60926,62,minibatch_k64,text_pca256_lexical_w005
60927,2,minibatch_k64,text_pca256_lexical_w005
60928,2,minibatch_k64,text_pca256_lexical_w005
60929,62,minibatch_k64,text_pca256_lexical_w005
60930,21,minibatch_k64,text_pca256_lexical_w005
60931,62,minibatch_k64,text_pca256_lexical_w005
60932,10,minibatch_k64,text_pca256_lexical_w005
60933,62,minibatch_k64,text_pca256_lexical_w005
60934,2,minibatch_k64,text_pca256_lexical_w005
60935,21,minibatch_k64,text_pca256_lexical_w005
60936,0,minibatch_k64,text_pca256_lexical_w005
60937,0,minibatch_k64,text_pca256_lexical_w005
60938,58,minibatch_k64,text_pca256_lexical_w005
60939,58,minibatch_k64,text_pca256_lexical_w005
60940,45,minibatch_k64,text_pca256_lexical_w005
60941,55,minibatch_k64,text_pca256_lexical_w005
60942,60,minibatch_k64,text_pca256_lexical_w005
60943,25,minibatch_k64,text_pca256_lexical_w005
60944,0,minibatch_k64,text_pca256_lexical_w005
60945,5,minibatch_k64,text_pca256_lexical_w005
60946,15,minibatch_k64,text_pca256_lexical_w005
60947,8,minibatch_k64,text_pca256_lexical_w005
60948,5,minibatch_k64,text_pca256_lexical_w005
60949,0,minibatch_k64,text_pca256_lexical_w005
60950,45,minibatch_k64,text_pca256_lexical_w005
60951,0,minibatch_k64,text_pca256_lexical_w005
60952,2,minibatch_k64,text_pca256_lexical_w005
60953,0,minibatch_k64,text_pca256_lexical_w005
60954,8,minibatch_k64,text_pca256_lexical_w005
60955,2,minibatch_k64,text_pca256_lexical_w005
60956,42,minibatch_k64,text_pca256_lexical_w005
60957,42,minibatch_k64,text_pca256_lexical_w005
60958,8,minibatch_k64,text_pca256_lexical_w005
60959,62,minibatch_k64,text_pca256_lexical_w005
60960,62,minibatch_k64,text_pca256_lexical_w005
60961,21,minibatch_k64,text_pca256_lexical_w005
60962,15,minibatch_k64,text_pca256_lexical_w005
60963,8,minibatch_k64,text_pca256_lexical_w005
60964,10,minibatch_k64,text_pca256_lexical_w005
60965,21,minibatch_k64,text_pca256_lexical_w005
60966,62,minibatch_k64,text_pca256_lexical_w005
60967,0,minibatch_k64,text_pca256_lexical_w005
60968,62,minibatch_k64,text_pca256_lexical_w005
60969,0,minibatch_k64,text_pca256_lexical_w005
60970,23,minibatch_k64,text_pca256_lexical_w005
60971,2,minibatch_k64,text_pca256_lexical_w005
60972,8,minibatch_k64,text_pca256_lexical_w005
60973,62,minibatch_k64,text_pca256_lexical_w005
60974,62,minibatch_k64,text_pca256_lexical_w005
60975,2,minibatch_k64,text_pca256_lexical_w005
60976,15,minibatch_k64,text_pca256_lexical_w005
60977,15,minibatch_k64,text_pca256_lexical_w005
60978,62,minibatch_k64,text_pca256_lexical_w005
60979,0,minibatch_k64,text_pca256_lexical_w005
60980,21,minibatch_k64,text_pca256_lexical_w005
60981,8,minibatch_k64,text_pca256_lexical_w005
60982,8,minibatch_k64,text_pca256_lexical_w005
60983,15,minibatch_k64,text_pca256_lexical_w005
60984,2,minibatch_k64,text_pca256_lexical_w005
60985,8,minibatch_k64,text_pca256_lexical_w005
60986,8,minibatch_k64,text_pca256_lexical_w005
60987,0,minibatch_k64,text_pca256_lexical_w005
60988,0,minibatch_k64,text_pca256_lexical_w005
60989,8,minibatch_k64,text_pca256_lexical_w005
60990,58,minibatch_k64,text_pca256_lexical_w005
60991,40,minibatch_k64,text_pca256_lexical_w005
60992,58,minibatch_k64,text_pca256_lexical_w005
60993,23,minibatch_k64,text_pca256_lexical_w005
60994,0,minibatch_k64,text_pca256_lexical_w005
60995,15,minibatch_k64,text_pca256_lexical_w005
60996,55,minibatch_k64,text_pca256_lexical_w005
60997,21,minibatch_k64,text_pca256_lexical_w005
60998,54,minibatch_k64,text_pca256_lexical_w005
60999,40,minibatch_k64,text_pca256_lexical_w005
61000,62,minibatch_k64,text_pca256_lexical_w005
61001,0,minibatch_k64,text_pca256_lexical_w005
61002,15,minibatch_k64,text_pca256_lexical_w005
61003,0,minibatch_k64,text_pca256_lexical_w005
61004,25,minibatch_k64,text_pca256_lexical_w005
61005,14,minibatch_k64,text_pca256_lexical_w005
61006,45,minibatch_k64,text_pca256_lexical_w005
61007,21,minibatch_k64,text_pca256_lexical_w005
61008,8,minibatch_k64,text_pca256_lexical_w005
61009,21,minibatch_k64,text_pca256_lexical_w005
61010,62,minibatch_k64,text_pca256_lexical_w005
61011,5,minibatch_k64,text_pca256_lexical_w005
61012,0,minibatch_k64,text_pca256_lexical_w005
61013,33,minibatch_k64,text_pca256_lexical_w005
61014,0,minibatch_k64,text_pca256_lexical_w005
61015,8,minibatch_k64,text_pca256_lexical_w005
61016,50,minibatch_k64,text_pca256_lexical_w005
61017,5,minibatch_k64,text_pca256_lexical_w005
61018,62,minibatch_k64,text_pca256_lexical_w005
61019,62,minibatch_k64,text_pca256_lexical_w005
61020,21,minibatch_k64,text_pca256_lexical_w005
61021,0,minibatch_k64,text_pca256_lexical_w005
61022,8,minibatch_k64,text_pca256_lexical_w005
61023,40,minibatch_k64,text_pca256_lexical_w005
61024,40,minibatch_k64,text_pca256_lexical_w005
61025,8,minibatch_k64,text_pca256_lexical_w005
61026,21,minibatch_k64,text_pca256_lexical_w005
61027,8,minibatch_k64,text_pca256_lexical_w005
61028,0,minibatch_k64,text_pca256_lexical_w005
61029,8,minibatch_k64,text_pca256_lexical_w005
61030,21,minibatch_k64,text_pca256_lexical_w005
61031,8,minibatch_k64,text_pca256_lexical_w005
61032,0,minibatch_k64,text_pca256_lexical_w005
61033,0,minibatch_k64,text_pca256_lexical_w005
61034,15,minibatch_k64,text_pca256_lexical_w005
61035,62,minibatch_k64,text_pca256_lexical_w005
61036,0,minibatch_k64,text_pca256_lexical_w005
61037,42,minibatch_k64,text_pca256_lexical_w005
61038,0,minibatch_k64,text_pca256_lexical_w005
61039,39,minibatch_k64,text_pca256_lexical_w005
61040,0,minibatch_k64,text_pca256_lexical_w005
61041,62,minibatch_k64,text_pca256_lexical_w005
61042,0,minibatch_k64,text_pca256_lexical_w005
61043,59,minibatch_k64,text_pca256_lexical_w005
61044,21,minibatch_k64,text_pca256_lexical_w005
61045,33,minibatch_k64,text_pca256_lexical_w005
61046,0,minibatch_k64,text_pca256_lexical_w005
61047,50,minibatch_k64,text_pca256_lexical_w005
61048,0,minibatch_k64,text_pca256_lexical_w005
61049,8,minibatch_k64,text_pca256_lexical_w005
61050,4,minibatch_k64,text_pca256_lexical_w005
61051,0,minibatch_k64,text_pca256_lexical_w005
61052,0,minibatch_k64,text_pca256_lexical_w005
61053,62,minibatch_k64,text_pca256_lexical_w005
61054,14,minibatch_k64,text_pca256_lexical_w005
61055,21,minibatch_k64,text_pca256_lexical_w005
61056,23,minibatch_k64,text_pca256_lexical_w005
61057,14,minibatch_k64,text_pca256_lexical_w005
61058,5,minibatch_k64,text_pca256_lexical_w005
61059,23,minibatch_k64,text_pca256_lexical_w005
61060,5,minibatch_k64,text_pca256_lexical_w005
61061,0,minibatch_k64,text_pca256_lexical_w005
61062,15,minibatch_k64,text_pca256_lexical_w005
61063,15,minibatch_k64,text_pca256_lexical_w005
61064,5,minibatch_k64,text_pca256_lexical_w005
61065,0,minibatch_k64,text_pca256_lexical_w005
61066,23,minibatch_k64,text_pca256_lexical_w005
61067,46,minibatch_k64,text_pca256_lexical_w005
61068,45,minibatch_k64,text_pca256_lexical_w005
61069,5,minibatch_k64,text_pca256_lexical_w005
61070,5,minibatch_k64,text_pca256_lexical_w005
61071,5,minibatch_k64,text_pca256_lexical_w005
61072,5,minibatch_k64,text_pca256_lexical_w005
61073,23,minibatch_k64,text_pca256_lexical_w005
61074,53,minibatch_k64,text_pca256_lexical_w005
61075,5,minibatch_k64,text_pca256_lexical_w005
61076,15,minibatch_k64,text_pca256_lexical_w005
61077,62,minibatch_k64,text_pca256_lexical_w005
61078,0,minibatch_k64,text_pca256_lexical_w005
61079,5,minibatch_k64,text_pca256_lexical_w005
61080,5,minibatch_k64,text_pca256_lexical_w005
61081,4,minibatch_k64,text_pca256_lexical_w005
61082,5,minibatch_k64,text_pca256_lexical_w005
61083,45,minibatch_k64,text_pca256_lexical_w005
61084,5,minibatch_k64,text_pca256_lexical_w005
61085,5,minibatch_k64,text_pca256_lexical_w005
61086,5,minibatch_k64,text_pca256_lexical_w005
61087,15,minibatch_k64,text_pca256_lexical_w005
61088,15,minibatch_k64,text_pca256_lexical_w005
61089,62,minibatch_k64,text_pca256_lexical_w005
61090,0,minibatch_k64,text_pca256_lexical_w005
61091,42,minibatch_k64,text_pca256_lexical_w005
61092,62,minibatch_k64,text_pca256_lexical_w005
61093,62,minibatch_k64,text_pca256_lexical_w005
61094,0,minibatch_k64,text_pca256_lexical_w005
61095,0,minibatch_k64,text_pca256_lexical_w005
61096,59,minibatch_k64,text_pca256_lexical_w005
61097,62,minibatch_k64,text_pca256_lexical_w005
61098,5,minibatch_k64,text_pca256_lexical_w005
61099,0,minibatch_k64,text_pca256_lexical_w005
61100,8,minibatch_k64,text_pca256_lexical_w005
61101,62,minibatch_k64,text_pca256_lexical_w005
61102,0,minibatch_k64,text_pca256_lexical_w005
61103,62,minibatch_k64,text_pca256_lexical_w005
61104,5,minibatch_k64,text_pca256_lexical_w005
61105,62,minibatch_k64,text_pca256_lexical_w005
61106,8,minibatch_k64,text_pca256_lexical_w005
61107,8,minibatch_k64,text_pca256_lexical_w005
61108,5,minibatch_k64,text_pca256_lexical_w005
61109,8,minibatch_k64,text_pca256_lexical_w005
61110,21,minibatch_k64,text_pca256_lexical_w005
61111,59,minibatch_k64,text_pca256_lexical_w005
61112,15,minibatch_k64,text_pca256_lexical_w005
61113,0,minibatch_k64,text_pca256_lexical_w005
61114,10,minibatch_k64,text_pca256_lexical_w005
61115,8,minibatch_k64,text_pca256_lexical_w005
61116,15,minibatch_k64,text_pca256_lexical_w005
61117,62,minibatch_k64,text_pca256_lexical_w005
61118,21,minibatch_k64,text_pca256_lexical_w005
61119,15,minibatch_k64,text_pca256_lexical_w005
61120,0,minibatch_k64,text_pca256_lexical_w005
61121,10,minibatch_k64,text_pca256_lexical_w005
61122,8,minibatch_k64,text_pca256_lexical_w005
61123,0,minibatch_k64,text_pca256_lexical_w005
61124,18,minibatch_k64,text_pca256_lexical_w005
61125,40,minibatch_k64,text_pca256_lexical_w005
61126,58,minibatch_k64,text_pca256_lexical_w005
61127,45,minibatch_k64,text_pca256_lexical_w005
61128,58,minibatch_k64,text_pca256_lexical_w005
61129,45,minibatch_k64,text_pca256_lexical_w005
61130,55,minibatch_k64,text_pca256_lexical_w005
61131,45,minibatch_k64,text_pca256_lexical_w005
61132,0,minibatch_k64,text_pca256_lexical_w005
61133,8,minibatch_k64,text_pca256_lexical_w005
61134,35,minibatch_k64,text_pca256_lexical_w005
61135,25,minibatch_k64,text_pca256_lexical_w005
61136,23,minibatch_k64,text_pca256_lexical_w005
61137,15,minibatch_k64,text_pca256_lexical_w005
61138,8,minibatch_k64,text_pca256_lexical_w005
61139,5,minibatch_k64,text_pca256_lexical_w005
61140,0,minibatch_k64,text_pca256_lexical_w005
61141,0,minibatch_k64,text_pca256_lexical_w005
61142,8,minibatch_k64,text_pca256_lexical_w005
61143,33,minibatch_k64,text_pca256_lexical_w005
61144,39,minibatch_k64,text_pca256_lexical_w005
61145,15,minibatch_k64,text_pca256_lexical_w005
61146,2,minibatch_k64,text_pca256_lexical_w005
61147,0,minibatch_k64,text_pca256_lexical_w005
61148,0,minibatch_k64,text_pca256_lexical_w005
61149,5,minibatch_k64,text_pca256_lexical_w005
61150,0,minibatch_k64,text_pca256_lexical_w005
61151,8,minibatch_k64,text_pca256_lexical_w005
61152,4,minibatch_k64,text_pca256_lexical_w005
61153,8,minibatch_k64,text_pca256_lexical_w005
61154,33,minibatch_k64,text_pca256_lexical_w005
61155,45,minibatch_k64,text_pca256_lexical_w005
61156,0,minibatch_k64,text_pca256_lexical_w005
61157,15,minibatch_k64,text_pca256_lexical_w005
61158,62,minibatch_k64,text_pca256_lexical_w005
61159,2,minibatch_k64,text_pca256_lexical_w005
61160,8,minibatch_k64,text_pca256_lexical_w005
61161,0,minibatch_k64,text_pca256_lexical_w005
61162,0,minibatch_k64,text_pca256_lexical_w005
61163,15,minibatch_k64,text_pca256_lexical_w005
61164,39,minibatch_k64,text_pca256_lexical_w005
61165,5,minibatch_k64,text_pca256_lexical_w005
61166,0,minibatch_k64,text_pca256_lexical_w005
61167,21,minibatch_k64,text_pca256_lexical_w005
61168,62,minibatch_k64,text_pca256_lexical_w005
61169,62,minibatch_k64,text_pca256_lexical_w005
61170,2,minibatch_k64,text_pca256_lexical_w005
61171,62,minibatch_k64,text_pca256_lexical_w005
61172,2,minibatch_k64,text_pca256_lexical_w005
61173,62,minibatch_k64,text_pca256_lexical_w005
61174,15,minibatch_k64,text_pca256_lexical_w005
61175,0,minibatch_k64,text_pca256_lexical_w005
61176,0,minibatch_k64,text_pca256_lexical_w005
61177,0,minibatch_k64,text_pca256_lexical_w005
61178,62,minibatch_k64,text_pca256_lexical_w005
61179,15,minibatch_k64,text_pca256_lexical_w005
61180,0,minibatch_k64,text_pca256_lexical_w005
61181,58,minibatch_k64,text_pca256_lexical_w005
61182,58,minibatch_k64,text_pca256_lexical_w005
61183,55,minibatch_k64,text_pca256_lexical_w005
61184,35,minibatch_k64,text_pca256_lexical_w005
61185,25,minibatch_k64,text_pca256_lexical_w005
61186,33,minibatch_k64,text_pca256_lexical_w005
61187,8,minibatch_k64,text_pca256_lexical_w005
61188,62,minibatch_k64,text_pca256_lexical_w005
61189,39,minibatch_k64,text_pca256_lexical_w005
61190,62,minibatch_k64,text_pca256_lexical_w005
61191,8,minibatch_k64,text_pca256_lexical_w005
61192,0,minibatch_k64,text_pca256_lexical_w005
61193,62,minibatch_k64,text_pca256_lexical_w005
61194,0,minibatch_k64,text_pca256_lexical_w005
61195,15,minibatch_k64,text_pca256_lexical_w005
61196,2,minibatch_k64,text_pca256_lexical_w005
61197,2,minibatch_k64,text_pca256_lexical_w005
61198,0,minibatch_k64,text_pca256_lexical_w005
61199,62,minibatch_k64,text_pca256_lexical_w005
61200,62,minibatch_k64,text_pca256_lexical_w005
61201,50,minibatch_k64,text_pca256_lexical_w005
61202,62,minibatch_k64,text_pca256_lexical_w005
61203,42,minibatch_k64,text_pca256_lexical_w005
61204,21,minibatch_k64,text_pca256_lexical_w005
61205,62,minibatch_k64,text_pca256_lexical_w005
61206,58,minibatch_k64,text_pca256_lexical_w005
61207,38,minibatch_k64,text_pca256_lexical_w005
61208,21,minibatch_k64,text_pca256_lexical_w005
61209,55,minibatch_k64,text_pca256_lexical_w005
61210,60,minibatch_k64,text_pca256_lexical_w005
61211,21,minibatch_k64,text_pca256_lexical_w005
61212,8,minibatch_k64,text_pca256_lexical_w005
61213,2,minibatch_k64,text_pca256_lexical_w005
61214,21,minibatch_k64,text_pca256_lexical_w005
61215,0,minibatch_k64,text_pca256_lexical_w005
61216,25,minibatch_k64,text_pca256_lexical_w005
61217,10,minibatch_k64,text_pca256_lexical_w005
61218,42,minibatch_k64,text_pca256_lexical_w005
61219,21,minibatch_k64,text_pca256_lexical_w005
61220,33,minibatch_k64,text_pca256_lexical_w005
61221,21,minibatch_k64,text_pca256_lexical_w005
61222,62,minibatch_k64,text_pca256_lexical_w005
61223,62,minibatch_k64,text_pca256_lexical_w005
61224,59,minibatch_k64,text_pca256_lexical_w005
61225,33,minibatch_k64,text_pca256_lexical_w005
61226,62,minibatch_k64,text_pca256_lexical_w005
61227,33,minibatch_k64,text_pca256_lexical_w005
61228,8,minibatch_k64,text_pca256_lexical_w005
61229,15,minibatch_k64,text_pca256_lexical_w005
61230,33,minibatch_k64,text_pca256_lexical_w005
61231,33,minibatch_k64,text_pca256_lexical_w005
61232,39,minibatch_k64,text_pca256_lexical_w005
61233,0,minibatch_k64,text_pca256_lexical_w005
61234,62,minibatch_k64,text_pca256_lexical_w005
61235,21,minibatch_k64,text_pca256_lexical_w005
61236,2,minibatch_k64,text_pca256_lexical_w005
61237,39,minibatch_k64,text_pca256_lexical_w005
61238,62,minibatch_k64,text_pca256_lexical_w005
61239,33,minibatch_k64,text_pca256_lexical_w005
61240,38,minibatch_k64,text_pca256_lexical_w005
61241,25,minibatch_k64,text_pca256_lexical_w005
61242,54,minibatch_k64,text_pca256_lexical_w005
61243,62,minibatch_k64,text_pca256_lexical_w005
61244,15,minibatch_k64,text_pca256_lexical_w005
61245,8,minibatch_k64,text_pca256_lexical_w005
61246,39,minibatch_k64,text_pca256_lexical_w005
61247,0,minibatch_k64,text_pca256_lexical_w005
61248,62,minibatch_k64,text_pca256_lexical_w005
61249,33,minibatch_k64,text_pca256_lexical_w005
61250,62,minibatch_k64,text_pca256_lexical_w005
61251,0,minibatch_k64,text_pca256_lexical_w005
61252,8,minibatch_k64,text_pca256_lexical_w005
61253,8,minibatch_k64,text_pca256_lexical_w005
61254,62,minibatch_k64,text_pca256_lexical_w005
61255,8,minibatch_k64,text_pca256_lexical_w005
61256,25,minibatch_k64,text_pca256_lexical_w005
61257,23,minibatch_k64,text_pca256_lexical_w005
61258,38,minibatch_k64,text_pca256_lexical_w005
61259,55,minibatch_k64,text_pca256_lexical_w005
61260,60,minibatch_k64,text_pca256_lexical_w005
61261,8,minibatch_k64,text_pca256_lexical_w005
61262,2,minibatch_k64,text_pca256_lexical_w005
61263,62,minibatch_k64,text_pca256_lexical_w005
61264,8,minibatch_k64,text_pca256_lexical_w005
61265,62,minibatch_k64,text_pca256_lexical_w005
61266,62,minibatch_k64,text_pca256_lexical_w005
61267,8,minibatch_k64,text_pca256_lexical_w005
61268,21,minibatch_k64,text_pca256_lexical_w005
61269,39,minibatch_k64,text_pca256_lexical_w005
61270,2,minibatch_k64,text_pca256_lexical_w005
61271,0,minibatch_k64,text_pca256_lexical_w005
61272,33,minibatch_k64,text_pca256_lexical_w005
61273,62,minibatch_k64,text_pca256_lexical_w005
61274,10,minibatch_k64,text_pca256_lexical_w005
61275,62,minibatch_k64,text_pca256_lexical_w005
61276,62,minibatch_k64,text_pca256_lexical_w005
61277,45,minibatch_k64,text_pca256_lexical_w005
61278,45,minibatch_k64,text_pca256_lexical_w005
61279,8,minibatch_k64,text_pca256_lexical_w005
61280,0,minibatch_k64,text_pca256_lexical_w005
61281,0,minibatch_k64,text_pca256_lexical_w005
61282,23,minibatch_k64,text_pca256_lexical_w005
61283,23,minibatch_k64,text_pca256_lexical_w005
61284,10,minibatch_k64,text_pca256_lexical_w005
61285,23,minibatch_k64,text_pca256_lexical_w005
61286,62,minibatch_k64,text_pca256_lexical_w005
61287,33,minibatch_k64,text_pca256_lexical_w005
61288,2,minibatch_k64,text_pca256_lexical_w005
61289,2,minibatch_k64,text_pca256_lexical_w005
61290,18,minibatch_k64,text_pca256_lexical_w005
61291,15,minibatch_k64,text_pca256_lexical_w005
61292,23,minibatch_k64,text_pca256_lexical_w005
61293,62,minibatch_k64,text_pca256_lexical_w005
61294,56,minibatch_k64,text_pca256_lexical_w005
61295,23,minibatch_k64,text_pca256_lexical_w005
61296,15,minibatch_k64,text_pca256_lexical_w005
61297,62,minibatch_k64,text_pca256_lexical_w005
61298,21,minibatch_k64,text_pca256_lexical_w005
61299,4,minibatch_k64,text_pca256_lexical_w005
61300,38,minibatch_k64,text_pca256_lexical_w005
61301,55,minibatch_k64,text_pca256_lexical_w005
61302,60,minibatch_k64,text_pca256_lexical_w005
61303,45,minibatch_k64,text_pca256_lexical_w005
61304,23,minibatch_k64,text_pca256_lexical_w005
61305,45,minibatch_k64,text_pca256_lexical_w005
61306,45,minibatch_k64,text_pca256_lexical_w005
61307,23,minibatch_k64,text_pca256_lexical_w005
61308,4,minibatch_k64,text_pca256_lexical_w005
61309,45,minibatch_k64,text_pca256_lexical_w005
61310,10,minibatch_k64,text_pca256_lexical_w005
61311,23,minibatch_k64,text_pca256_lexical_w005
61312,45,minibatch_k64,text_pca256_lexical_w005
61313,18,minibatch_k64,text_pca256_lexical_w005
61314,45,minibatch_k64,text_pca256_lexical_w005
61315,45,minibatch_k64,text_pca256_lexical_w005
61316,45,minibatch_k64,text_pca256_lexical_w005
61317,2,minibatch_k64,text_pca256_lexical_w005
61318,45,minibatch_k64,text_pca256_lexical_w005
61319,45,minibatch_k64,text_pca256_lexical_w005
61320,45,minibatch_k64,text_pca256_lexical_w005
61321,45,minibatch_k64,text_pca256_lexical_w005
61322,62,minibatch_k64,text_pca256_lexical_w005
61323,4,minibatch_k64,text_pca256_lexical_w005
61324,23,minibatch_k64,text_pca256_lexical_w005
61325,45,minibatch_k64,text_pca256_lexical_w005
61326,45,minibatch_k64,text_pca256_lexical_w005
61327,23,minibatch_k64,text_pca256_lexical_w005
61328,4,minibatch_k64,text_pca256_lexical_w005
61329,18,minibatch_k64,text_pca256_lexical_w005
61330,45,minibatch_k64,text_pca256_lexical_w005
61331,45,minibatch_k64,text_pca256_lexical_w005
61332,45,minibatch_k64,text_pca256_lexical_w005
61333,47,minibatch_k64,text_pca256_lexical_w005
61334,59,minibatch_k64,text_pca256_lexical_w005
61335,33,minibatch_k64,text_pca256_lexical_w005
61336,25,minibatch_k64,text_pca256_lexical_w005
61337,59,minibatch_k64,text_pca256_lexical_w005
61338,61,minibatch_k64,text_pca256_lexical_w005
61339,4,minibatch_k64,text_pca256_lexical_w005
61340,59,minibatch_k64,text_pca256_lexical_w005
61341,62,minibatch_k64,text_pca256_lexical_w005
61342,10,minibatch_k64,text_pca256_lexical_w005
61343,21,minibatch_k64,text_pca256_lexical_w005
61344,59,minibatch_k64,text_pca256_lexical_w005
61345,59,minibatch_k64,text_pca256_lexical_w005
61346,23,minibatch_k64,text_pca256_lexical_w005
61347,62,minibatch_k64,text_pca256_lexical_w005
61348,59,minibatch_k64,text_pca256_lexical_w005
61349,62,minibatch_k64,text_pca256_lexical_w005
61350,45,minibatch_k64,text_pca256_lexical_w005
61351,59,minibatch_k64,text_pca256_lexical_w005
61352,8,minibatch_k64,text_pca256_lexical_w005
61353,27,minibatch_k64,text_pca256_lexical_w005
61354,2,minibatch_k64,text_pca256_lexical_w005
61355,38,minibatch_k64,text_pca256_lexical_w005
61356,62,minibatch_k64,text_pca256_lexical_w005
61357,55,minibatch_k64,text_pca256_lexical_w005
61358,25,minibatch_k64,text_pca256_lexical_w005
61359,60,minibatch_k64,text_pca256_lexical_w005
61360,10,minibatch_k64,text_pca256_lexical_w005
61361,15,minibatch_k64,text_pca256_lexical_w005
61362,10,minibatch_k64,text_pca256_lexical_w005
61363,10,minibatch_k64,text_pca256_lexical_w005
61364,10,minibatch_k64,text_pca256_lexical_w005
61365,10,minibatch_k64,text_pca256_lexical_w005
61366,10,minibatch_k64,text_pca256_lexical_w005
61367,59,minibatch_k64,text_pca256_lexical_w005
61368,33,minibatch_k64,text_pca256_lexical_w005
61369,8,minibatch_k64,text_pca256_lexical_w005
61370,0,minibatch_k64,text_pca256_lexical_w005
61371,8,minibatch_k64,text_pca256_lexical_w005
61372,62,minibatch_k64,text_pca256_lexical_w005
61373,25,minibatch_k64,text_pca256_lexical_w005
61374,8,minibatch_k64,text_pca256_lexical_w005
61375,8,minibatch_k64,text_pca256_lexical_w005
61376,21,minibatch_k64,text_pca256_lexical_w005
61377,33,minibatch_k64,text_pca256_lexical_w005
61378,17,minibatch_k64,text_pca256_lexical_w005
61379,39,minibatch_k64,text_pca256_lexical_w005
61380,39,minibatch_k64,text_pca256_lexical_w005
61381,30,minibatch_k64,text_pca256_lexical_w005
61382,17,minibatch_k64,text_pca256_lexical_w005
61383,20,minibatch_k64,text_pca256_lexical_w005
61384,10,minibatch_k64,text_pca256_lexical_w005
61385,58,minibatch_k64,text_pca256_lexical_w005
61386,55,minibatch_k64,text_pca256_lexical_w005
61387,60,minibatch_k64,text_pca256_lexical_w005
61388,59,minibatch_k64,text_pca256_lexical_w005
61389,8,minibatch_k64,text_pca256_lexical_w005
61390,8,minibatch_k64,text_pca256_lexical_w005
61391,59,minibatch_k64,text_pca256_lexical_w005
61392,62,minibatch_k64,text_pca256_lexical_w005
61393,59,minibatch_k64,text_pca256_lexical_w005
61394,45,minibatch_k64,text_pca256_lexical_w005
61395,56,minibatch_k64,text_pca256_lexical_w005
61396,0,minibatch_k64,text_pca256_lexical_w005
61397,17,minibatch_k64,text_pca256_lexical_w005
61398,62,minibatch_k64,text_pca256_lexical_w005
61399,59,minibatch_k64,text_pca256_lexical_w005
61400,0,minibatch_k64,text_pca256_lexical_w005
61401,59,minibatch_k64,text_pca256_lexical_w005
61402,45,minibatch_k64,text_pca256_lexical_w005
61403,45,minibatch_k64,text_pca256_lexical_w005
61404,62,minibatch_k64,text_pca256_lexical_w005
61405,45,minibatch_k64,text_pca256_lexical_w005
61406,45,minibatch_k64,text_pca256_lexical_w005
61407,45,minibatch_k64,text_pca256_lexical_w005
61408,0,minibatch_k64,text_pca256_lexical_w005
61409,48,minibatch_k64,text_pca256_lexical_w005
61410,33,minibatch_k64,text_pca256_lexical_w005
61411,0,minibatch_k64,text_pca256_lexical_w005
61412,59,minibatch_k64,text_pca256_lexical_w005
61413,8,minibatch_k64,text_pca256_lexical_w005
61414,30,minibatch_k64,text_pca256_lexical_w005
61415,17,minibatch_k64,text_pca256_lexical_w005
61416,30,minibatch_k64,text_pca256_lexical_w005
61417,0,minibatch_k64,text_pca256_lexical_w005
61418,59,minibatch_k64,text_pca256_lexical_w005
61419,59,minibatch_k64,text_pca256_lexical_w005
61420,53,minibatch_k64,text_pca256_lexical_w005
61421,41,minibatch_k64,text_pca256_lexical_w005
61422,8,minibatch_k64,text_pca256_lexical_w005
61423,2,minibatch_k64,text_pca256_lexical_w005
61424,23,minibatch_k64,text_pca256_lexical_w005
61425,45,minibatch_k64,text_pca256_lexical_w005
61426,41,minibatch_k64,text_pca256_lexical_w005
61427,59,minibatch_k64,text_pca256_lexical_w005
61428,8,minibatch_k64,text_pca256_lexical_w005
61429,21,minibatch_k64,text_pca256_lexical_w005
61430,2,minibatch_k64,text_pca256_lexical_w005
61431,59,minibatch_k64,text_pca256_lexical_w005
61432,21,minibatch_k64,text_pca256_lexical_w005
61433,59,minibatch_k64,text_pca256_lexical_w005
61434,62,minibatch_k64,text_pca256_lexical_w005
61435,8,minibatch_k64,text_pca256_lexical_w005
61436,8,minibatch_k64,text_pca256_lexical_w005
61437,0,minibatch_k64,text_pca256_lexical_w005
61438,59,minibatch_k64,text_pca256_lexical_w005
61439,33,minibatch_k64,text_pca256_lexical_w005
61440,45,minibatch_k64,text_pca256_lexical_w005
61441,33,minibatch_k64,text_pca256_lexical_w005
61442,10,minibatch_k64,text_pca256_lexical_w005
61443,10,minibatch_k64,text_pca256_lexical_w005
61444,39,minibatch_k64,text_pca256_lexical_w005
61445,21,minibatch_k64,text_pca256_lexical_w005
61446,21,minibatch_k64,text_pca256_lexical_w005
61447,41,minibatch_k64,text_pca256_lexical_w005
61448,41,minibatch_k64,text_pca256_lexical_w005
61449,10,minibatch_k64,text_pca256_lexical_w005
61450,59,minibatch_k64,text_pca256_lexical_w005
61451,33,minibatch_k64,text_pca256_lexical_w005
61452,10,minibatch_k64,text_pca256_lexical_w005
61453,6,minibatch_k64,text_pca256_lexical_w005
61454,59,minibatch_k64,text_pca256_lexical_w005
61455,0,minibatch_k64,text_pca256_lexical_w005
61456,0,minibatch_k64,text_pca256_lexical_w005
61457,6,minibatch_k64,text_pca256_lexical_w005
61458,10,minibatch_k64,text_pca256_lexical_w005
61459,6,minibatch_k64,text_pca256_lexical_w005
61460,8,minibatch_k64,text_pca256_lexical_w005
61461,8,minibatch_k64,text_pca256_lexical_w005
61462,33,minibatch_k64,text_pca256_lexical_w005
61463,39,minibatch_k64,text_pca256_lexical_w005
61464,10,minibatch_k64,text_pca256_lexical_w005
61465,59,minibatch_k64,text_pca256_lexical_w005
61466,10,minibatch_k64,text_pca256_lexical_w005
61467,6,minibatch_k64,text_pca256_lexical_w005
61468,10,minibatch_k64,text_pca256_lexical_w005
61469,8,minibatch_k64,text_pca256_lexical_w005
61470,10,minibatch_k64,text_pca256_lexical_w005
61471,8,minibatch_k64,text_pca256_lexical_w005
61472,10,minibatch_k64,text_pca256_lexical_w005
61473,8,minibatch_k64,text_pca256_lexical_w005
61474,23,minibatch_k64,text_pca256_lexical_w005
61475,33,minibatch_k64,text_pca256_lexical_w005
61476,15,minibatch_k64,text_pca256_lexical_w005
61477,7,minibatch_k64,text_pca256_lexical_w005
61478,34,minibatch_k64,text_pca256_lexical_w005
61479,34,minibatch_k64,text_pca256_lexical_w005
61480,34,minibatch_k64,text_pca256_lexical_w005
61481,34,minibatch_k64,text_pca256_lexical_w005
61482,34,minibatch_k64,text_pca256_lexical_w005
61483,42,minibatch_k64,text_pca256_lexical_w005
61484,34,minibatch_k64,text_pca256_lexical_w005
61485,34,minibatch_k64,text_pca256_lexical_w005
61486,53,minibatch_k64,text_pca256_lexical_w005
61487,10,minibatch_k64,text_pca256_lexical_w005
61488,34,minibatch_k64,text_pca256_lexical_w005
61489,23,minibatch_k64,text_pca256_lexical_w005
61490,0,minibatch_k64,text_pca256_lexical_w005
61491,0,minibatch_k64,text_pca256_lexical_w005
61492,53,minibatch_k64,text_pca256_lexical_w005
61493,33,minibatch_k64,text_pca256_lexical_w005
61494,10,minibatch_k64,text_pca256_lexical_w005
61495,8,minibatch_k64,text_pca256_lexical_w005
61496,42,minibatch_k64,text_pca256_lexical_w005
61497,0,minibatch_k64,text_pca256_lexical_w005
61498,42,minibatch_k64,text_pca256_lexical_w005
61499,21,minibatch_k64,text_pca256_lexical_w005
61500,21,minibatch_k64,text_pca256_lexical_w005
61501,5,minibatch_k64,text_pca256_lexical_w005
61502,0,minibatch_k64,text_pca256_lexical_w005
61503,62,minibatch_k64,text_pca256_lexical_w005
61504,5,minibatch_k64,text_pca256_lexical_w005
61505,3,minibatch_k64,text_pca256_lexical_w005
61506,23,minibatch_k64,text_pca256_lexical_w005
61507,0,minibatch_k64,text_pca256_lexical_w005
61508,21,minibatch_k64,text_pca256_lexical_w005
61509,3,minibatch_k64,text_pca256_lexical_w005
61510,0,minibatch_k64,text_pca256_lexical_w005
61511,8,minibatch_k64,text_pca256_lexical_w005
61512,3,minibatch_k64,text_pca256_lexical_w005
61513,0,minibatch_k64,text_pca256_lexical_w005
61514,59,minibatch_k64,text_pca256_lexical_w005
61515,3,minibatch_k64,text_pca256_lexical_w005
61516,62,minibatch_k64,text_pca256_lexical_w005
61517,62,minibatch_k64,text_pca256_lexical_w005
61518,5,minibatch_k64,text_pca256_lexical_w005
61519,62,minibatch_k64,text_pca256_lexical_w005
61520,3,minibatch_k64,text_pca256_lexical_w005
61521,15,minibatch_k64,text_pca256_lexical_w005
61522,0,minibatch_k64,text_pca256_lexical_w005
61523,50,minibatch_k64,text_pca256_lexical_w005
61524,0,minibatch_k64,text_pca256_lexical_w005
61525,3,minibatch_k64,text_pca256_lexical_w005
61526,2,minibatch_k64,text_pca256_lexical_w005
61527,0,minibatch_k64,text_pca256_lexical_w005
61528,8,minibatch_k64,text_pca256_lexical_w005
61529,3,minibatch_k64,text_pca256_lexical_w005
61530,0,minibatch_k64,text_pca256_lexical_w005
61531,3,minibatch_k64,text_pca256_lexical_w005
61532,62,minibatch_k64,text_pca256_lexical_w005
61533,62,minibatch_k64,text_pca256_lexical_w005
61534,8,minibatch_k64,text_pca256_lexical_w005
61535,5,minibatch_k64,text_pca256_lexical_w005
61536,5,minibatch_k64,text_pca256_lexical_w005
61537,5,minibatch_k64,text_pca256_lexical_w005
61538,25,minibatch_k64,text_pca256_lexical_w005
61539,23,minibatch_k64,text_pca256_lexical_w005
61540,33,minibatch_k64,text_pca256_lexical_w005
61541,15,minibatch_k64,text_pca256_lexical_w005
61542,25,minibatch_k64,text_pca256_lexical_w005
61543,62,minibatch_k64,text_pca256_lexical_w005
61544,25,minibatch_k64,text_pca256_lexical_w005
61545,33,minibatch_k64,text_pca256_lexical_w005
61546,23,minibatch_k64,text_pca256_lexical_w005
61547,15,minibatch_k64,text_pca256_lexical_w005
61548,56,minibatch_k64,text_pca256_lexical_w005
61549,20,minibatch_k64,text_pca256_lexical_w005
61550,25,minibatch_k64,text_pca256_lexical_w005
61551,23,minibatch_k64,text_pca256_lexical_w005
61552,23,minibatch_k64,text_pca256_lexical_w005
61553,10,minibatch_k64,text_pca256_lexical_w005
61554,25,minibatch_k64,text_pca256_lexical_w005
61555,23,minibatch_k64,text_pca256_lexical_w005
61556,56,minibatch_k64,text_pca256_lexical_w005
61557,62,minibatch_k64,text_pca256_lexical_w005
61558,20,minibatch_k64,text_pca256_lexical_w005
61559,25,minibatch_k64,text_pca256_lexical_w005
61560,23,minibatch_k64,text_pca256_lexical_w005
61561,20,minibatch_k64,text_pca256_lexical_w005
61562,20,minibatch_k64,text_pca256_lexical_w005
61563,20,minibatch_k64,text_pca256_lexical_w005
61564,20,minibatch_k64,text_pca256_lexical_w005
61565,20,minibatch_k64,text_pca256_lexical_w005
61566,20,minibatch_k64,text_pca256_lexical_w005
61567,20,minibatch_k64,text_pca256_lexical_w005
61568,20,minibatch_k64,text_pca256_lexical_w005
61569,20,minibatch_k64,text_pca256_lexical_w005
61570,20,minibatch_k64,text_pca256_lexical_w005
61571,20,minibatch_k64,text_pca256_lexical_w005
61572,20,minibatch_k64,text_pca256_lexical_w005
61573,25,minibatch_k64,text_pca256_lexical_w005
61574,20,minibatch_k64,text_pca256_lexical_w005
61575,20,minibatch_k64,text_pca256_lexical_w005
61576,23,minibatch_k64,text_pca256_lexical_w005
61577,20,minibatch_k64,text_pca256_lexical_w005
61578,20,minibatch_k64,text_pca256_lexical_w005
61579,20,minibatch_k64,text_pca256_lexical_w005
61580,20,minibatch_k64,text_pca256_lexical_w005
61581,20,minibatch_k64,text_pca256_lexical_w005
61582,62,minibatch_k64,text_pca256_lexical_w005
61583,10,minibatch_k64,text_pca256_lexical_w005
61584,15,minibatch_k64,text_pca256_lexical_w005
61585,41,minibatch_k64,text_pca256_lexical_w005
61586,59,minibatch_k64,text_pca256_lexical_w005
61587,34,minibatch_k64,text_pca256_lexical_w005
61588,8,minibatch_k64,text_pca256_lexical_w005
61589,41,minibatch_k64,text_pca256_lexical_w005
61590,41,minibatch_k64,text_pca256_lexical_w005
61591,30,minibatch_k64,text_pca256_lexical_w005
61592,27,minibatch_k64,text_pca256_lexical_w005
61593,27,minibatch_k64,text_pca256_lexical_w005
61594,15,minibatch_k64,text_pca256_lexical_w005
61595,15,minibatch_k64,text_pca256_lexical_w005
61596,62,minibatch_k64,text_pca256_lexical_w005
61597,41,minibatch_k64,text_pca256_lexical_w005
61598,0,minibatch_k64,text_pca256_lexical_w005
61599,45,minibatch_k64,text_pca256_lexical_w005
61600,41,minibatch_k64,text_pca256_lexical_w005
61601,21,minibatch_k64,text_pca256_lexical_w005
61602,56,minibatch_k64,text_pca256_lexical_w005
61603,56,minibatch_k64,text_pca256_lexical_w005
61604,41,minibatch_k64,text_pca256_lexical_w005
61605,21,minibatch_k64,text_pca256_lexical_w005
61606,6,minibatch_k64,text_pca256_lexical_w005
61607,0,minibatch_k64,text_pca256_lexical_w005
61608,10,minibatch_k64,text_pca256_lexical_w005
61609,0,minibatch_k64,text_pca256_lexical_w005
61610,21,minibatch_k64,text_pca256_lexical_w005
61611,6,minibatch_k64,text_pca256_lexical_w005
61612,21,minibatch_k64,text_pca256_lexical_w005
61613,21,minibatch_k64,text_pca256_lexical_w005
61614,21,minibatch_k64,text_pca256_lexical_w005
61615,42,minibatch_k64,text_pca256_lexical_w005
61616,33,minibatch_k64,text_pca256_lexical_w005
61617,42,minibatch_k64,text_pca256_lexical_w005
61618,42,minibatch_k64,text_pca256_lexical_w005
61619,62,minibatch_k64,text_pca256_lexical_w005
61620,42,minibatch_k64,text_pca256_lexical_w005
61621,42,minibatch_k64,text_pca256_lexical_w005
61622,23,minibatch_k64,text_pca256_lexical_w005
61623,15,minibatch_k64,text_pca256_lexical_w005
61624,62,minibatch_k64,text_pca256_lexical_w005
61625,33,minibatch_k64,text_pca256_lexical_w005
61626,33,minibatch_k64,text_pca256_lexical_w005
61627,33,minibatch_k64,text_pca256_lexical_w005
61628,33,minibatch_k64,text_pca256_lexical_w005
61629,15,minibatch_k64,text_pca256_lexical_w005
61630,62,minibatch_k64,text_pca256_lexical_w005
61631,10,minibatch_k64,text_pca256_lexical_w005
61632,0,minibatch_k64,text_pca256_lexical_w005
61633,33,minibatch_k64,text_pca256_lexical_w005
61634,50,minibatch_k64,text_pca256_lexical_w005
61635,56,minibatch_k64,text_pca256_lexical_w005
61636,33,minibatch_k64,text_pca256_lexical_w005
61637,2,minibatch_k64,text_pca256_lexical_w005
61638,21,minibatch_k64,text_pca256_lexical_w005
61639,50,minibatch_k64,text_pca256_lexical_w005
61640,62,minibatch_k64,text_pca256_lexical_w005
61641,42,minibatch_k64,text_pca256_lexical_w005
61642,33,minibatch_k64,text_pca256_lexical_w005
61643,0,minibatch_k64,text_pca256_lexical_w005
61644,42,minibatch_k64,text_pca256_lexical_w005
61645,33,minibatch_k64,text_pca256_lexical_w005
61646,0,minibatch_k64,text_pca256_lexical_w005
61647,0,minibatch_k64,text_pca256_lexical_w005
61648,0,minibatch_k64,text_pca256_lexical_w005
61649,50,minibatch_k64,text_pca256_lexical_w005
61650,33,minibatch_k64,text_pca256_lexical_w005
61651,33,minibatch_k64,text_pca256_lexical_w005
61652,2,minibatch_k64,text_pca256_lexical_w005
61653,2,minibatch_k64,text_pca256_lexical_w005
61654,2,minibatch_k64,text_pca256_lexical_w005
61655,59,minibatch_k64,text_pca256_lexical_w005
61656,33,minibatch_k64,text_pca256_lexical_w005
61657,33,minibatch_k64,text_pca256_lexical_w005
61658,0,minibatch_k64,text_pca256_lexical_w005
61659,21,minibatch_k64,text_pca256_lexical_w005
61660,59,minibatch_k64,text_pca256_lexical_w005
61661,42,minibatch_k64,text_pca256_lexical_w005
61662,10,minibatch_k64,text_pca256_lexical_w005
61663,42,minibatch_k64,text_pca256_lexical_w005
61664,21,minibatch_k64,text_pca256_lexical_w005
61665,42,minibatch_k64,text_pca256_lexical_w005
61666,21,minibatch_k64,text_pca256_lexical_w005
61667,42,minibatch_k64,text_pca256_lexical_w005
61668,42,minibatch_k64,text_pca256_lexical_w005
61669,33,minibatch_k64,text_pca256_lexical_w005
61670,62,minibatch_k64,text_pca256_lexical_w005
61671,0,minibatch_k64,text_pca256_lexical_w005
61672,5,minibatch_k64,text_pca256_lexical_w005
61673,5,minibatch_k64,text_pca256_lexical_w005
61674,5,minibatch_k64,text_pca256_lexical_w005
61675,5,minibatch_k64,text_pca256_lexical_w005
61676,5,minibatch_k64,text_pca256_lexical_w005
61677,23,minibatch_k64,text_pca256_lexical_w005
61678,15,minibatch_k64,text_pca256_lexical_w005
61679,0,minibatch_k64,text_pca256_lexical_w005
61680,0,minibatch_k64,text_pca256_lexical_w005
61681,10,minibatch_k64,text_pca256_lexical_w005
61682,0,minibatch_k64,text_pca256_lexical_w005
61683,8,minibatch_k64,text_pca256_lexical_w005
61684,8,minibatch_k64,text_pca256_lexical_w005
61685,42,minibatch_k64,text_pca256_lexical_w005
61686,10,minibatch_k64,text_pca256_lexical_w005
61687,8,minibatch_k64,text_pca256_lexical_w005
61688,62,minibatch_k64,text_pca256_lexical_w005
61689,39,minibatch_k64,text_pca256_lexical_w005
61690,62,minibatch_k64,text_pca256_lexical_w005
61691,0,minibatch_k64,text_pca256_lexical_w005
61692,8,minibatch_k64,text_pca256_lexical_w005
61693,8,minibatch_k64,text_pca256_lexical_w005
61694,0,minibatch_k64,text_pca256_lexical_w005
61695,42,minibatch_k64,text_pca256_lexical_w005
61696,62,minibatch_k64,text_pca256_lexical_w005
61697,0,minibatch_k64,text_pca256_lexical_w005
61698,0,minibatch_k64,text_pca256_lexical_w005
61699,0,minibatch_k64,text_pca256_lexical_w005
61700,0,minibatch_k64,text_pca256_lexical_w005
61701,0,minibatch_k64,text_pca256_lexical_w005
61702,0,minibatch_k64,text_pca256_lexical_w005
61703,0,minibatch_k64,text_pca256_lexical_w005
61704,62,minibatch_k64,text_pca256_lexical_w005
61705,0,minibatch_k64,text_pca256_lexical_w005
61706,0,minibatch_k64,text_pca256_lexical_w005
61707,8,minibatch_k64,text_pca256_lexical_w005
61708,0,minibatch_k64,text_pca256_lexical_w005
61709,0,minibatch_k64,text_pca256_lexical_w005
61710,62,minibatch_k64,text_pca256_lexical_w005
61711,0,minibatch_k64,text_pca256_lexical_w005
61712,0,minibatch_k64,text_pca256_lexical_w005
61713,0,minibatch_k64,text_pca256_lexical_w005
61714,53,minibatch_k64,text_pca256_lexical_w005
61715,0,minibatch_k64,text_pca256_lexical_w005
61716,0,minibatch_k64,text_pca256_lexical_w005
61717,10,minibatch_k64,text_pca256_lexical_w005
61718,62,minibatch_k64,text_pca256_lexical_w005
61719,0,minibatch_k64,text_pca256_lexical_w005
61720,0,minibatch_k64,text_pca256_lexical_w005
61721,0,minibatch_k64,text_pca256_lexical_w005
61722,0,minibatch_k64,text_pca256_lexical_w005
61723,8,minibatch_k64,text_pca256_lexical_w005
61724,38,minibatch_k64,text_pca256_lexical_w005
61725,55,minibatch_k64,text_pca256_lexical_w005
61726,60,minibatch_k64,text_pca256_lexical_w005
61727,8,minibatch_k64,text_pca256_lexical_w005
61728,25,minibatch_k64,text_pca256_lexical_w005
61729,46,minibatch_k64,text_pca256_lexical_w005
61730,0,minibatch_k64,text_pca256_lexical_w005
61731,38,minibatch_k64,text_pca256_lexical_w005
61732,25,minibatch_k64,text_pca256_lexical_w005
61733,55,minibatch_k64,text_pca256_lexical_w005
61734,60,minibatch_k64,text_pca256_lexical_w005
61735,10,minibatch_k64,text_pca256_lexical_w005
61736,40,minibatch_k64,text_pca256_lexical_w005
61737,0,minibatch_k64,text_pca256_lexical_w005
61738,0,minibatch_k64,text_pca256_lexical_w005
61739,38,minibatch_k64,text_pca256_lexical_w005
61740,25,minibatch_k64,text_pca256_lexical_w005
61741,55,minibatch_k64,text_pca256_lexical_w005
61742,37,minibatch_k64,text_pca256_lexical_w005
61743,0,minibatch_k64,text_pca256_lexical_w005
61744,50,minibatch_k64,text_pca256_lexical_w005
61745,10,minibatch_k64,text_pca256_lexical_w005
61746,8,minibatch_k64,text_pca256_lexical_w005
61747,0,minibatch_k64,text_pca256_lexical_w005
61748,55,minibatch_k64,text_pca256_lexical_w005
61749,53,minibatch_k64,text_pca256_lexical_w005
61750,8,minibatch_k64,text_pca256_lexical_w005
61751,38,minibatch_k64,text_pca256_lexical_w005
61752,55,minibatch_k64,text_pca256_lexical_w005
61753,8,minibatch_k64,text_pca256_lexical_w005
61754,60,minibatch_k64,text_pca256_lexical_w005
61755,8,minibatch_k64,text_pca256_lexical_w005
61756,53,minibatch_k64,text_pca256_lexical_w005
61757,33,minibatch_k64,text_pca256_lexical_w005
61758,33,minibatch_k64,text_pca256_lexical_w005
61759,14,minibatch_k64,text_pca256_lexical_w005
61760,25,minibatch_k64,text_pca256_lexical_w005
61761,62,minibatch_k64,text_pca256_lexical_w005
61762,0,minibatch_k64,text_pca256_lexical_w005
61763,10,minibatch_k64,text_pca256_lexical_w005
61764,0,minibatch_k64,text_pca256_lexical_w005
61765,33,minibatch_k64,text_pca256_lexical_w005
61766,10,minibatch_k64,text_pca256_lexical_w005
61767,0,minibatch_k64,text_pca256_lexical_w005
61768,8,minibatch_k64,text_pca256_lexical_w005
61769,21,minibatch_k64,text_pca256_lexical_w005
61770,0,minibatch_k64,text_pca256_lexical_w005
61771,0,minibatch_k64,text_pca256_lexical_w005
61772,0,minibatch_k64,text_pca256_lexical_w005
61773,0,minibatch_k64,text_pca256_lexical_w005
61774,10,minibatch_k64,text_pca256_lexical_w005
61775,47,minibatch_k64,text_pca256_lexical_w005
61776,53,minibatch_k64,text_pca256_lexical_w005
61777,0,minibatch_k64,text_pca256_lexical_w005
61778,0,minibatch_k64,text_pca256_lexical_w005
61779,0,minibatch_k64,text_pca256_lexical_w005
61780,42,minibatch_k64,text_pca256_lexical_w005
61781,8,minibatch_k64,text_pca256_lexical_w005
61782,42,minibatch_k64,text_pca256_lexical_w005
61783,42,minibatch_k64,text_pca256_lexical_w005
61784,33,minibatch_k64,text_pca256_lexical_w005
61785,8,minibatch_k64,text_pca256_lexical_w005
61786,8,minibatch_k64,text_pca256_lexical_w005
61787,0,minibatch_k64,text_pca256_lexical_w005
61788,0,minibatch_k64,text_pca256_lexical_w005
61789,8,minibatch_k64,text_pca256_lexical_w005
61790,8,minibatch_k64,text_pca256_lexical_w005
61791,45,minibatch_k64,text_pca256_lexical_w005
61792,0,minibatch_k64,text_pca256_lexical_w005
61793,0,minibatch_k64,text_pca256_lexical_w005
61794,42,minibatch_k64,text_pca256_lexical_w005
61795,8,minibatch_k64,text_pca256_lexical_w005
61796,59,minibatch_k64,text_pca256_lexical_w005
61797,8,minibatch_k64,text_pca256_lexical_w005
61798,0,minibatch_k64,text_pca256_lexical_w005
61799,0,minibatch_k64,text_pca256_lexical_w005
61800,10,minibatch_k64,text_pca256_lexical_w005
61801,33,minibatch_k64,text_pca256_lexical_w005
61802,0,minibatch_k64,text_pca256_lexical_w005
61803,42,minibatch_k64,text_pca256_lexical_w005
61804,0,minibatch_k64,text_pca256_lexical_w005
61805,10,minibatch_k64,text_pca256_lexical_w005
61806,62,minibatch_k64,text_pca256_lexical_w005
61807,8,minibatch_k64,text_pca256_lexical_w005
61808,59,minibatch_k64,text_pca256_lexical_w005
61809,8,minibatch_k64,text_pca256_lexical_w005
61810,23,minibatch_k64,text_pca256_lexical_w005
61811,8,minibatch_k64,text_pca256_lexical_w005
61812,8,minibatch_k64,text_pca256_lexical_w005
61813,0,minibatch_k64,text_pca256_lexical_w005
61814,56,minibatch_k64,text_pca256_lexical_w005
61815,42,minibatch_k64,text_pca256_lexical_w005
61816,8,minibatch_k64,text_pca256_lexical_w005
61817,33,minibatch_k64,text_pca256_lexical_w005
61818,0,minibatch_k64,text_pca256_lexical_w005
61819,61,minibatch_k64,text_pca256_lexical_w005
61820,0,minibatch_k64,text_pca256_lexical_w005
61821,62,minibatch_k64,text_pca256_lexical_w005
61822,2,minibatch_k64,text_pca256_lexical_w005
61823,23,minibatch_k64,text_pca256_lexical_w005
61824,23,minibatch_k64,text_pca256_lexical_w005
61825,0,minibatch_k64,text_pca256_lexical_w005
61826,62,minibatch_k64,text_pca256_lexical_w005
61827,2,minibatch_k64,text_pca256_lexical_w005
61828,10,minibatch_k64,text_pca256_lexical_w005
61829,2,minibatch_k64,text_pca256_lexical_w005
61830,0,minibatch_k64,text_pca256_lexical_w005
61831,8,minibatch_k64,text_pca256_lexical_w005
61832,8,minibatch_k64,text_pca256_lexical_w005
61833,0,minibatch_k64,text_pca256_lexical_w005
61834,0,minibatch_k64,text_pca256_lexical_w005
61835,8,minibatch_k64,text_pca256_lexical_w005
61836,0,minibatch_k64,text_pca256_lexical_w005
61837,8,minibatch_k64,text_pca256_lexical_w005
61838,10,minibatch_k64,text_pca256_lexical_w005
61839,0,minibatch_k64,text_pca256_lexical_w005
61840,8,minibatch_k64,text_pca256_lexical_w005
61841,21,minibatch_k64,text_pca256_lexical_w005
61842,33,minibatch_k64,text_pca256_lexical_w005
61843,2,minibatch_k64,text_pca256_lexical_w005
61844,42,minibatch_k64,text_pca256_lexical_w005
61845,8,minibatch_k64,text_pca256_lexical_w005
61846,62,minibatch_k64,text_pca256_lexical_w005
61847,23,minibatch_k64,text_pca256_lexical_w005
61848,8,minibatch_k64,text_pca256_lexical_w005
61849,8,minibatch_k64,text_pca256_lexical_w005
61850,59,minibatch_k64,text_pca256_lexical_w005
61851,4,minibatch_k64,text_pca256_lexical_w005
61852,0,minibatch_k64,text_pca256_lexical_w005
61853,21,minibatch_k64,text_pca256_lexical_w005
61854,10,minibatch_k64,text_pca256_lexical_w005
61855,0,minibatch_k64,text_pca256_lexical_w005
61856,8,minibatch_k64,text_pca256_lexical_w005
61857,59,minibatch_k64,text_pca256_lexical_w005
61858,0,minibatch_k64,text_pca256_lexical_w005
61859,2,minibatch_k64,text_pca256_lexical_w005
61860,0,minibatch_k64,text_pca256_lexical_w005
61861,8,minibatch_k64,text_pca256_lexical_w005
61862,0,minibatch_k64,text_pca256_lexical_w005
61863,42,minibatch_k64,text_pca256_lexical_w005
61864,8,minibatch_k64,text_pca256_lexical_w005
61865,2,minibatch_k64,text_pca256_lexical_w005
61866,45,minibatch_k64,text_pca256_lexical_w005
61867,4,minibatch_k64,text_pca256_lexical_w005
61868,62,minibatch_k64,text_pca256_lexical_w005
61869,2,minibatch_k64,text_pca256_lexical_w005
61870,23,minibatch_k64,text_pca256_lexical_w005
61871,62,minibatch_k64,text_pca256_lexical_w005
61872,8,minibatch_k64,text_pca256_lexical_w005
61873,62,minibatch_k64,text_pca256_lexical_w005
61874,33,minibatch_k64,text_pca256_lexical_w005
61875,2,minibatch_k64,text_pca256_lexical_w005
61876,62,minibatch_k64,text_pca256_lexical_w005
61877,0,minibatch_k64,text_pca256_lexical_w005
61878,2,minibatch_k64,text_pca256_lexical_w005
61879,62,minibatch_k64,text_pca256_lexical_w005
61880,8,minibatch_k64,text_pca256_lexical_w005
61881,0,minibatch_k64,text_pca256_lexical_w005
61882,8,minibatch_k64,text_pca256_lexical_w005
61883,0,minibatch_k64,text_pca256_lexical_w005
61884,0,minibatch_k64,text_pca256_lexical_w005
61885,62,minibatch_k64,text_pca256_lexical_w005
61886,15,minibatch_k64,text_pca256_lexical_w005
61887,50,minibatch_k64,text_pca256_lexical_w005
61888,14,minibatch_k64,text_pca256_lexical_w005
61889,62,minibatch_k64,text_pca256_lexical_w005
61890,0,minibatch_k64,text_pca256_lexical_w005
61891,47,minibatch_k64,text_pca256_lexical_w005
61892,0,minibatch_k64,text_pca256_lexical_w005
61893,38,minibatch_k64,text_pca256_lexical_w005
61894,0,minibatch_k64,text_pca256_lexical_w005
61895,47,minibatch_k64,text_pca256_lexical_w005
61896,8,minibatch_k64,text_pca256_lexical_w005
61897,0,minibatch_k64,text_pca256_lexical_w005
61898,4,minibatch_k64,text_pca256_lexical_w005
61899,47,minibatch_k64,text_pca256_lexical_w005
61900,42,minibatch_k64,text_pca256_lexical_w005
61901,8,minibatch_k64,text_pca256_lexical_w005
61902,8,minibatch_k64,text_pca256_lexical_w005
61903,14,minibatch_k64,text_pca256_lexical_w005
61904,45,minibatch_k64,text_pca256_lexical_w005
61905,38,minibatch_k64,text_pca256_lexical_w005
61906,25,minibatch_k64,text_pca256_lexical_w005
61907,55,minibatch_k64,text_pca256_lexical_w005
61908,60,minibatch_k64,text_pca256_lexical_w005
61909,0,minibatch_k64,text_pca256_lexical_w005
61910,42,minibatch_k64,text_pca256_lexical_w005
61911,8,minibatch_k64,text_pca256_lexical_w005
61912,15,minibatch_k64,text_pca256_lexical_w005
61913,59,minibatch_k64,text_pca256_lexical_w005
61914,59,minibatch_k64,text_pca256_lexical_w005
61915,0,minibatch_k64,text_pca256_lexical_w005
61916,8,minibatch_k64,text_pca256_lexical_w005
61917,62,minibatch_k64,text_pca256_lexical_w005
61918,0,minibatch_k64,text_pca256_lexical_w005
61919,0,minibatch_k64,text_pca256_lexical_w005
61920,8,minibatch_k64,text_pca256_lexical_w005
61921,0,minibatch_k64,text_pca256_lexical_w005
61922,8,minibatch_k64,text_pca256_lexical_w005
61923,59,minibatch_k64,text_pca256_lexical_w005
61924,0,minibatch_k64,text_pca256_lexical_w005
61925,59,minibatch_k64,text_pca256_lexical_w005
61926,0,minibatch_k64,text_pca256_lexical_w005
61927,62,minibatch_k64,text_pca256_lexical_w005
61928,59,minibatch_k64,text_pca256_lexical_w005
61929,27,minibatch_k64,text_pca256_lexical_w005
61930,39,minibatch_k64,text_pca256_lexical_w005
61931,62,minibatch_k64,text_pca256_lexical_w005
61932,38,minibatch_k64,text_pca256_lexical_w005
61933,37,minibatch_k64,text_pca256_lexical_w005
61934,55,minibatch_k64,text_pca256_lexical_w005
61935,21,minibatch_k64,text_pca256_lexical_w005
61936,42,minibatch_k64,text_pca256_lexical_w005
61937,0,minibatch_k64,text_pca256_lexical_w005
61938,33,minibatch_k64,text_pca256_lexical_w005
61939,21,minibatch_k64,text_pca256_lexical_w005
61940,14,minibatch_k64,text_pca256_lexical_w005
61941,0,minibatch_k64,text_pca256_lexical_w005
61942,0,minibatch_k64,text_pca256_lexical_w005
61943,8,minibatch_k64,text_pca256_lexical_w005
61944,25,minibatch_k64,text_pca256_lexical_w005
61945,42,minibatch_k64,text_pca256_lexical_w005
61946,42,minibatch_k64,text_pca256_lexical_w005
61947,39,minibatch_k64,text_pca256_lexical_w005
61948,8,minibatch_k64,text_pca256_lexical_w005
61949,21,minibatch_k64,text_pca256_lexical_w005
61950,17,minibatch_k64,text_pca256_lexical_w005
61951,42,minibatch_k64,text_pca256_lexical_w005
61952,33,minibatch_k64,text_pca256_lexical_w005
61953,8,minibatch_k64,text_pca256_lexical_w005
61954,27,minibatch_k64,text_pca256_lexical_w005
61955,33,minibatch_k64,text_pca256_lexical_w005
61956,18,minibatch_k64,text_pca256_lexical_w005
61957,10,minibatch_k64,text_pca256_lexical_w005
61958,18,minibatch_k64,text_pca256_lexical_w005
61959,0,minibatch_k64,text_pca256_lexical_w005
61960,59,minibatch_k64,text_pca256_lexical_w005
61961,59,minibatch_k64,text_pca256_lexical_w005
61962,0,minibatch_k64,text_pca256_lexical_w005
61963,18,minibatch_k64,text_pca256_lexical_w005
61964,18,minibatch_k64,text_pca256_lexical_w005
61965,10,minibatch_k64,text_pca256_lexical_w005
61966,45,minibatch_k64,text_pca256_lexical_w005
61967,59,minibatch_k64,text_pca256_lexical_w005
61968,10,minibatch_k64,text_pca256_lexical_w005
61969,0,minibatch_k64,text_pca256_lexical_w005
61970,45,minibatch_k64,text_pca256_lexical_w005
61971,45,minibatch_k64,text_pca256_lexical_w005
61972,33,minibatch_k64,text_pca256_lexical_w005
61973,59,minibatch_k64,text_pca256_lexical_w005
61974,18,minibatch_k64,text_pca256_lexical_w005
61975,39,minibatch_k64,text_pca256_lexical_w005
61976,62,minibatch_k64,text_pca256_lexical_w005
61977,18,minibatch_k64,text_pca256_lexical_w005
61978,62,minibatch_k64,text_pca256_lexical_w005
61979,62,minibatch_k64,text_pca256_lexical_w005
61980,0,minibatch_k64,text_pca256_lexical_w005
61981,0,minibatch_k64,text_pca256_lexical_w005
61982,59,minibatch_k64,text_pca256_lexical_w005
61983,18,minibatch_k64,text_pca256_lexical_w005
61984,10,minibatch_k64,text_pca256_lexical_w005
61985,62,minibatch_k64,text_pca256_lexical_w005
61986,0,minibatch_k64,text_pca256_lexical_w005
61987,0,minibatch_k64,text_pca256_lexical_w005
61988,30,minibatch_k64,text_pca256_lexical_w005
61989,59,minibatch_k64,text_pca256_lexical_w005
61990,18,minibatch_k64,text_pca256_lexical_w005
61991,18,minibatch_k64,text_pca256_lexical_w005
61992,18,minibatch_k64,text_pca256_lexical_w005
61993,18,minibatch_k64,text_pca256_lexical_w005
61994,62,minibatch_k64,text_pca256_lexical_w005
61995,15,minibatch_k64,text_pca256_lexical_w005
61996,27,minibatch_k64,text_pca256_lexical_w005
61997,10,minibatch_k64,text_pca256_lexical_w005
61998,41,minibatch_k64,text_pca256_lexical_w005
61999,30,minibatch_k64,text_pca256_lexical_w005
62000,8,minibatch_k64,text_pca256_lexical_w005
62001,8,minibatch_k64,text_pca256_lexical_w005
62002,15,minibatch_k64,text_pca256_lexical_w005
62003,8,minibatch_k64,text_pca256_lexical_w005
62004,0,minibatch_k64,text_pca256_lexical_w005
62005,33,minibatch_k64,text_pca256_lexical_w005
62006,5,minibatch_k64,text_pca256_lexical_w005
62007,0,minibatch_k64,text_pca256_lexical_w005
62008,48,minibatch_k64,text_pca256_lexical_w005
62009,15,minibatch_k64,text_pca256_lexical_w005
62010,15,minibatch_k64,text_pca256_lexical_w005
62011,15,minibatch_k64,text_pca256_lexical_w005
62012,23,minibatch_k64,text_pca256_lexical_w005
62013,0,minibatch_k64,text_pca256_lexical_w005
62014,0,minibatch_k64,text_pca256_lexical_w005
62015,38,minibatch_k64,text_pca256_lexical_w005
62016,55,minibatch_k64,text_pca256_lexical_w005
62017,15,minibatch_k64,text_pca256_lexical_w005
62018,8,minibatch_k64,text_pca256_lexical_w005
62019,8,minibatch_k64,text_pca256_lexical_w005
62020,0,minibatch_k64,text_pca256_lexical_w005
62021,62,minibatch_k64,text_pca256_lexical_w005
62022,0,minibatch_k64,text_pca256_lexical_w005
62023,23,minibatch_k64,text_pca256_lexical_w005
62024,62,minibatch_k64,text_pca256_lexical_w005
62025,62,minibatch_k64,text_pca256_lexical_w005
62026,62,minibatch_k64,text_pca256_lexical_w005
62027,0,minibatch_k64,text_pca256_lexical_w005
62028,38,minibatch_k64,text_pca256_lexical_w005
62029,55,minibatch_k64,text_pca256_lexical_w005
62030,15,minibatch_k64,text_pca256_lexical_w005
62031,15,minibatch_k64,text_pca256_lexical_w005
62032,15,minibatch_k64,text_pca256_lexical_w005
62033,15,minibatch_k64,text_pca256_lexical_w005
62034,23,minibatch_k64,text_pca256_lexical_w005
62035,8,minibatch_k64,text_pca256_lexical_w005
62036,10,minibatch_k64,text_pca256_lexical_w005
62037,38,minibatch_k64,text_pca256_lexical_w005
62038,55,minibatch_k64,text_pca256_lexical_w005
62039,55,minibatch_k64,text_pca256_lexical_w005
62040,23,minibatch_k64,text_pca256_lexical_w005
62041,8,minibatch_k64,text_pca256_lexical_w005
62042,32,minibatch_k64,text_pca256_lexical_w005
62043,15,minibatch_k64,text_pca256_lexical_w005
62044,15,minibatch_k64,text_pca256_lexical_w005
62045,15,minibatch_k64,text_pca256_lexical_w005
62046,8,minibatch_k64,text_pca256_lexical_w005
62047,23,minibatch_k64,text_pca256_lexical_w005
62048,62,minibatch_k64,text_pca256_lexical_w005
62049,38,minibatch_k64,text_pca256_lexical_w005
62050,23,minibatch_k64,text_pca256_lexical_w005
62051,10,minibatch_k64,text_pca256_lexical_w005
62052,23,minibatch_k64,text_pca256_lexical_w005
62053,8,minibatch_k64,text_pca256_lexical_w005
62054,23,minibatch_k64,text_pca256_lexical_w005
62055,23,minibatch_k64,text_pca256_lexical_w005
62056,62,minibatch_k64,text_pca256_lexical_w005
62057,0,minibatch_k64,text_pca256_lexical_w005
62058,62,minibatch_k64,text_pca256_lexical_w005
62059,23,minibatch_k64,text_pca256_lexical_w005
62060,8,minibatch_k64,text_pca256_lexical_w005
62061,38,minibatch_k64,text_pca256_lexical_w005
62062,23,minibatch_k64,text_pca256_lexical_w005
62063,55,minibatch_k64,text_pca256_lexical_w005
62064,18,minibatch_k64,text_pca256_lexical_w005
62065,40,minibatch_k64,text_pca256_lexical_w005
62066,42,minibatch_k64,text_pca256_lexical_w005
62067,23,minibatch_k64,text_pca256_lexical_w005
62068,23,minibatch_k64,text_pca256_lexical_w005
62069,8,minibatch_k64,text_pca256_lexical_w005
62070,12,minibatch_k64,text_pca256_lexical_w005
62071,62,minibatch_k64,text_pca256_lexical_w005
62072,40,minibatch_k64,text_pca256_lexical_w005
62073,40,minibatch_k64,text_pca256_lexical_w005
62074,23,minibatch_k64,text_pca256_lexical_w005
62075,23,minibatch_k64,text_pca256_lexical_w005
62076,15,minibatch_k64,text_pca256_lexical_w005
62077,0,minibatch_k64,text_pca256_lexical_w005
62078,21,minibatch_k64,text_pca256_lexical_w005
62079,23,minibatch_k64,text_pca256_lexical_w005
62080,38,minibatch_k64,text_pca256_lexical_w005
62081,55,minibatch_k64,text_pca256_lexical_w005
62082,62,minibatch_k64,text_pca256_lexical_w005
62083,23,minibatch_k64,text_pca256_lexical_w005
62084,8,minibatch_k64,text_pca256_lexical_w005
62085,0,minibatch_k64,text_pca256_lexical_w005
62086,38,minibatch_k64,text_pca256_lexical_w005
62087,55,minibatch_k64,text_pca256_lexical_w005
62088,62,minibatch_k64,text_pca256_lexical_w005
62089,10,minibatch_k64,text_pca256_lexical_w005
62090,23,minibatch_k64,text_pca256_lexical_w005
62091,38,minibatch_k64,text_pca256_lexical_w005
62092,40,minibatch_k64,text_pca256_lexical_w005
62093,23,minibatch_k64,text_pca256_lexical_w005
62094,23,minibatch_k64,text_pca256_lexical_w005
62095,62,minibatch_k64,text_pca256_lexical_w005
62096,21,minibatch_k64,text_pca256_lexical_w005
62097,33,minibatch_k64,text_pca256_lexical_w005
62098,21,minibatch_k64,text_pca256_lexical_w005
62099,5,minibatch_k64,text_pca256_lexical_w005
62100,4,minibatch_k64,text_pca256_lexical_w005
62101,0,minibatch_k64,text_pca256_lexical_w005
62102,23,minibatch_k64,text_pca256_lexical_w005
62103,21,minibatch_k64,text_pca256_lexical_w005
62104,23,minibatch_k64,text_pca256_lexical_w005
62105,39,minibatch_k64,text_pca256_lexical_w005
62106,5,minibatch_k64,text_pca256_lexical_w005
62107,18,minibatch_k64,text_pca256_lexical_w005
62108,10,minibatch_k64,text_pca256_lexical_w005
62109,23,minibatch_k64,text_pca256_lexical_w005
62110,5,minibatch_k64,text_pca256_lexical_w005
62111,0,minibatch_k64,text_pca256_lexical_w005
62112,18,minibatch_k64,text_pca256_lexical_w005
62113,20,minibatch_k64,text_pca256_lexical_w005
62114,20,minibatch_k64,text_pca256_lexical_w005
62115,23,minibatch_k64,text_pca256_lexical_w005
62116,38,minibatch_k64,text_pca256_lexical_w005
62117,55,minibatch_k64,text_pca256_lexical_w005
62118,53,minibatch_k64,text_pca256_lexical_w005
62119,59,minibatch_k64,text_pca256_lexical_w005
62120,38,minibatch_k64,text_pca256_lexical_w005
62121,23,minibatch_k64,text_pca256_lexical_w005
62122,55,minibatch_k64,text_pca256_lexical_w005
62123,53,minibatch_k64,text_pca256_lexical_w005
62124,23,minibatch_k64,text_pca256_lexical_w005
62125,20,minibatch_k64,text_pca256_lexical_w005
62126,8,minibatch_k64,text_pca256_lexical_w005
62127,42,minibatch_k64,text_pca256_lexical_w005
62128,42,minibatch_k64,text_pca256_lexical_w005
62129,38,minibatch_k64,text_pca256_lexical_w005
62130,8,minibatch_k64,text_pca256_lexical_w005
62131,32,minibatch_k64,text_pca256_lexical_w005
62132,23,minibatch_k64,text_pca256_lexical_w005
62133,59,minibatch_k64,text_pca256_lexical_w005
62134,23,minibatch_k64,text_pca256_lexical_w005
62135,10,minibatch_k64,text_pca256_lexical_w005
62136,23,minibatch_k64,text_pca256_lexical_w005
62137,10,minibatch_k64,text_pca256_lexical_w005
62138,38,minibatch_k64,text_pca256_lexical_w005
62139,55,minibatch_k64,text_pca256_lexical_w005
62140,18,minibatch_k64,text_pca256_lexical_w005
62141,53,minibatch_k64,text_pca256_lexical_w005
62142,0,minibatch_k64,text_pca256_lexical_w005
62143,18,minibatch_k64,text_pca256_lexical_w005
62144,53,minibatch_k64,text_pca256_lexical_w005
62145,38,minibatch_k64,text_pca256_lexical_w005
62146,23,minibatch_k64,text_pca256_lexical_w005
62147,55,minibatch_k64,text_pca256_lexical_w005
62148,23,minibatch_k64,text_pca256_lexical_w005
62149,16,minibatch_k64,text_pca256_lexical_w005
62150,8,minibatch_k64,text_pca256_lexical_w005
62151,42,minibatch_k64,text_pca256_lexical_w005
62152,23,minibatch_k64,text_pca256_lexical_w005
62153,23,minibatch_k64,text_pca256_lexical_w005
62154,59,minibatch_k64,text_pca256_lexical_w005
62155,38,minibatch_k64,text_pca256_lexical_w005
62156,23,minibatch_k64,text_pca256_lexical_w005
62157,23,minibatch_k64,text_pca256_lexical_w005
62158,23,minibatch_k64,text_pca256_lexical_w005
62159,32,minibatch_k64,text_pca256_lexical_w005
62160,32,minibatch_k64,text_pca256_lexical_w005
62161,8,minibatch_k64,text_pca256_lexical_w005
62162,8,minibatch_k64,text_pca256_lexical_w005
62163,8,minibatch_k64,text_pca256_lexical_w005
62164,23,minibatch_k64,text_pca256_lexical_w005
62165,8,minibatch_k64,text_pca256_lexical_w005
62166,10,minibatch_k64,text_pca256_lexical_w005
62167,5,minibatch_k64,text_pca256_lexical_w005
62168,5,minibatch_k64,text_pca256_lexical_w005
62169,5,minibatch_k64,text_pca256_lexical_w005
62170,8,minibatch_k64,text_pca256_lexical_w005
62171,8,minibatch_k64,text_pca256_lexical_w005
62172,21,minibatch_k64,text_pca256_lexical_w005
62173,42,minibatch_k64,text_pca256_lexical_w005
62174,45,minibatch_k64,text_pca256_lexical_w005
62175,4,minibatch_k64,text_pca256_lexical_w005
62176,21,minibatch_k64,text_pca256_lexical_w005
62177,62,minibatch_k64,text_pca256_lexical_w005
62178,33,minibatch_k64,text_pca256_lexical_w005
62179,8,minibatch_k64,text_pca256_lexical_w005
62180,59,minibatch_k64,text_pca256_lexical_w005
62181,5,minibatch_k64,text_pca256_lexical_w005
62182,23,minibatch_k64,text_pca256_lexical_w005
62183,52,minibatch_k64,text_pca256_lexical_w005
62184,38,minibatch_k64,text_pca256_lexical_w005
62185,45,minibatch_k64,text_pca256_lexical_w005
62186,23,minibatch_k64,text_pca256_lexical_w005
62187,55,minibatch_k64,text_pca256_lexical_w005
62188,22,minibatch_k64,text_pca256_lexical_w005
62189,0,minibatch_k64,text_pca256_lexical_w005
62190,0,minibatch_k64,text_pca256_lexical_w005
62191,25,minibatch_k64,text_pca256_lexical_w005
62192,21,minibatch_k64,text_pca256_lexical_w005
62193,59,minibatch_k64,text_pca256_lexical_w005
62194,0,minibatch_k64,text_pca256_lexical_w005
62195,62,minibatch_k64,text_pca256_lexical_w005
62196,52,minibatch_k64,text_pca256_lexical_w005
62197,52,minibatch_k64,text_pca256_lexical_w005
62198,0,minibatch_k64,text_pca256_lexical_w005
62199,0,minibatch_k64,text_pca256_lexical_w005
62200,38,minibatch_k64,text_pca256_lexical_w005
62201,45,minibatch_k64,text_pca256_lexical_w005
62202,0,minibatch_k64,text_pca256_lexical_w005
62203,45,minibatch_k64,text_pca256_lexical_w005
62204,55,minibatch_k64,text_pca256_lexical_w005
62205,63,minibatch_k64,text_pca256_lexical_w005
62206,0,minibatch_k64,text_pca256_lexical_w005
62207,0,minibatch_k64,text_pca256_lexical_w005
62208,25,minibatch_k64,text_pca256_lexical_w005
62209,0,minibatch_k64,text_pca256_lexical_w005
62210,0,minibatch_k64,text_pca256_lexical_w005
62211,29,minibatch_k64,text_pca256_lexical_w005
62212,29,minibatch_k64,text_pca256_lexical_w005
62213,29,minibatch_k64,text_pca256_lexical_w005
62214,0,minibatch_k64,text_pca256_lexical_w005
62215,62,minibatch_k64,text_pca256_lexical_w005
62216,0,minibatch_k64,text_pca256_lexical_w005
62217,2,minibatch_k64,text_pca256_lexical_w005
62218,10,minibatch_k64,text_pca256_lexical_w005
62219,52,minibatch_k64,text_pca256_lexical_w005
62220,29,minibatch_k64,text_pca256_lexical_w005
62221,29,minibatch_k64,text_pca256_lexical_w005
62222,0,minibatch_k64,text_pca256_lexical_w005
62223,45,minibatch_k64,text_pca256_lexical_w005
62224,45,minibatch_k64,text_pca256_lexical_w005
62225,10,minibatch_k64,text_pca256_lexical_w005
62226,38,minibatch_k64,text_pca256_lexical_w005
62227,45,minibatch_k64,text_pca256_lexical_w005
62228,45,minibatch_k64,text_pca256_lexical_w005
62229,45,minibatch_k64,text_pca256_lexical_w005
62230,55,minibatch_k64,text_pca256_lexical_w005
62231,25,minibatch_k64,text_pca256_lexical_w005
62232,10,minibatch_k64,text_pca256_lexical_w005
62233,0,minibatch_k64,text_pca256_lexical_w005
62234,0,minibatch_k64,text_pca256_lexical_w005
62235,0,minibatch_k64,text_pca256_lexical_w005
62236,0,minibatch_k64,text_pca256_lexical_w005
62237,5,minibatch_k64,text_pca256_lexical_w005
62238,45,minibatch_k64,text_pca256_lexical_w005
62239,38,minibatch_k64,text_pca256_lexical_w005
62240,58,minibatch_k64,text_pca256_lexical_w005
62241,0,minibatch_k64,text_pca256_lexical_w005
62242,55,minibatch_k64,text_pca256_lexical_w005
62243,63,minibatch_k64,text_pca256_lexical_w005
62244,53,minibatch_k64,text_pca256_lexical_w005
62245,0,minibatch_k64,text_pca256_lexical_w005
62246,4,minibatch_k64,text_pca256_lexical_w005
62247,4,minibatch_k64,text_pca256_lexical_w005
62248,8,minibatch_k64,text_pca256_lexical_w005
62249,2,minibatch_k64,text_pca256_lexical_w005
62250,8,minibatch_k64,text_pca256_lexical_w005
62251,10,minibatch_k64,text_pca256_lexical_w005
62252,23,minibatch_k64,text_pca256_lexical_w005
62253,21,minibatch_k64,text_pca256_lexical_w005
62254,8,minibatch_k64,text_pca256_lexical_w005
62255,0,minibatch_k64,text_pca256_lexical_w005
62256,4,minibatch_k64,text_pca256_lexical_w005
62257,4,minibatch_k64,text_pca256_lexical_w005
62258,62,minibatch_k64,text_pca256_lexical_w005
62259,25,minibatch_k64,text_pca256_lexical_w005
62260,0,minibatch_k64,text_pca256_lexical_w005
62261,10,minibatch_k64,text_pca256_lexical_w005
62262,62,minibatch_k64,text_pca256_lexical_w005
62263,23,minibatch_k64,text_pca256_lexical_w005
62264,53,minibatch_k64,text_pca256_lexical_w005
62265,53,minibatch_k64,text_pca256_lexical_w005
62266,42,minibatch_k64,text_pca256_lexical_w005
62267,8,minibatch_k64,text_pca256_lexical_w005
62268,0,minibatch_k64,text_pca256_lexical_w005
62269,38,minibatch_k64,text_pca256_lexical_w005
62270,55,minibatch_k64,text_pca256_lexical_w005
62271,63,minibatch_k64,text_pca256_lexical_w005
62272,4,minibatch_k64,text_pca256_lexical_w005
62273,62,minibatch_k64,text_pca256_lexical_w005
62274,0,minibatch_k64,text_pca256_lexical_w005
62275,0,minibatch_k64,text_pca256_lexical_w005
62276,25,minibatch_k64,text_pca256_lexical_w005
62277,0,minibatch_k64,text_pca256_lexical_w005
62278,59,minibatch_k64,text_pca256_lexical_w005
62279,0,minibatch_k64,text_pca256_lexical_w005
62280,0,minibatch_k64,text_pca256_lexical_w005
62281,62,minibatch_k64,text_pca256_lexical_w005
62282,0,minibatch_k64,text_pca256_lexical_w005
62283,38,minibatch_k64,text_pca256_lexical_w005
62284,45,minibatch_k64,text_pca256_lexical_w005
62285,45,minibatch_k64,text_pca256_lexical_w005
62286,55,minibatch_k64,text_pca256_lexical_w005
62287,63,minibatch_k64,text_pca256_lexical_w005
62288,25,minibatch_k64,text_pca256_lexical_w005
62289,0,minibatch_k64,text_pca256_lexical_w005
62290,10,minibatch_k64,text_pca256_lexical_w005
62291,8,minibatch_k64,text_pca256_lexical_w005
62292,50,minibatch_k64,text_pca256_lexical_w005
62293,8,minibatch_k64,text_pca256_lexical_w005
62294,21,minibatch_k64,text_pca256_lexical_w005
62295,45,minibatch_k64,text_pca256_lexical_w005
62296,38,minibatch_k64,text_pca256_lexical_w005
62297,55,minibatch_k64,text_pca256_lexical_w005
62298,22,minibatch_k64,text_pca256_lexical_w005
62299,0,minibatch_k64,text_pca256_lexical_w005
62300,25,minibatch_k64,text_pca256_lexical_w005
62301,10,minibatch_k64,text_pca256_lexical_w005
62302,45,minibatch_k64,text_pca256_lexical_w005
62303,38,minibatch_k64,text_pca256_lexical_w005
62304,55,minibatch_k64,text_pca256_lexical_w005
62305,63,minibatch_k64,text_pca256_lexical_w005
62306,8,minibatch_k64,text_pca256_lexical_w005
62307,8,minibatch_k64,text_pca256_lexical_w005
62308,53,minibatch_k64,text_pca256_lexical_w005
62309,8,minibatch_k64,text_pca256_lexical_w005
62310,25,minibatch_k64,text_pca256_lexical_w005
62311,8,minibatch_k64,text_pca256_lexical_w005
62312,8,minibatch_k64,text_pca256_lexical_w005
62313,8,minibatch_k64,text_pca256_lexical_w005
62314,0,minibatch_k64,text_pca256_lexical_w005
62315,5,minibatch_k64,text_pca256_lexical_w005
62316,0,minibatch_k64,text_pca256_lexical_w005
62317,62,minibatch_k64,text_pca256_lexical_w005
62318,45,minibatch_k64,text_pca256_lexical_w005
62319,0,minibatch_k64,text_pca256_lexical_w005
62320,4,minibatch_k64,text_pca256_lexical_w005
62321,5,minibatch_k64,text_pca256_lexical_w005
62322,4,minibatch_k64,text_pca256_lexical_w005
62323,21,minibatch_k64,text_pca256_lexical_w005
62324,4,minibatch_k64,text_pca256_lexical_w005
62325,23,minibatch_k64,text_pca256_lexical_w005
62326,0,minibatch_k64,text_pca256_lexical_w005
62327,4,minibatch_k64,text_pca256_lexical_w005
62328,4,minibatch_k64,text_pca256_lexical_w005
62329,18,minibatch_k64,text_pca256_lexical_w005
62330,0,minibatch_k64,text_pca256_lexical_w005
62331,42,minibatch_k64,text_pca256_lexical_w005
62332,0,minibatch_k64,text_pca256_lexical_w005
62333,50,minibatch_k64,text_pca256_lexical_w005
62334,45,minibatch_k64,text_pca256_lexical_w005
62335,4,minibatch_k64,text_pca256_lexical_w005
62336,4,minibatch_k64,text_pca256_lexical_w005
62337,8,minibatch_k64,text_pca256_lexical_w005
62338,0,minibatch_k64,text_pca256_lexical_w005
62339,4,minibatch_k64,text_pca256_lexical_w005
62340,0,minibatch_k64,text_pca256_lexical_w005
62341,5,minibatch_k64,text_pca256_lexical_w005
62342,10,minibatch_k64,text_pca256_lexical_w005
62343,15,minibatch_k64,text_pca256_lexical_w005
62344,8,minibatch_k64,text_pca256_lexical_w005
62345,5,minibatch_k64,text_pca256_lexical_w005
62346,5,minibatch_k64,text_pca256_lexical_w005
62347,5,minibatch_k64,text_pca256_lexical_w005
62348,38,minibatch_k64,text_pca256_lexical_w005
62349,10,minibatch_k64,text_pca256_lexical_w005
62350,22,minibatch_k64,text_pca256_lexical_w005
62351,56,minibatch_k64,text_pca256_lexical_w005
62352,8,minibatch_k64,text_pca256_lexical_w005
62353,25,minibatch_k64,text_pca256_lexical_w005
62354,8,minibatch_k64,text_pca256_lexical_w005
62355,8,minibatch_k64,text_pca256_lexical_w005
62356,0,minibatch_k64,text_pca256_lexical_w005
62357,8,minibatch_k64,text_pca256_lexical_w005
62358,8,minibatch_k64,text_pca256_lexical_w005
62359,0,minibatch_k64,text_pca256_lexical_w005
62360,0,minibatch_k64,text_pca256_lexical_w005
62361,38,minibatch_k64,text_pca256_lexical_w005
62362,0,minibatch_k64,text_pca256_lexical_w005
62363,55,minibatch_k64,text_pca256_lexical_w005
62364,22,minibatch_k64,text_pca256_lexical_w005
62365,8,minibatch_k64,text_pca256_lexical_w005
62366,25,minibatch_k64,text_pca256_lexical_w005
62367,62,minibatch_k64,text_pca256_lexical_w005
62368,59,minibatch_k64,text_pca256_lexical_w005
62369,8,minibatch_k64,text_pca256_lexical_w005
62370,59,minibatch_k64,text_pca256_lexical_w005
62371,8,minibatch_k64,text_pca256_lexical_w005
62372,8,minibatch_k64,text_pca256_lexical_w005
62373,38,minibatch_k64,text_pca256_lexical_w005
62374,55,minibatch_k64,text_pca256_lexical_w005
62375,22,minibatch_k64,text_pca256_lexical_w005
62376,8,minibatch_k64,text_pca256_lexical_w005
62377,25,minibatch_k64,text_pca256_lexical_w005
62378,62,minibatch_k64,text_pca256_lexical_w005
62379,42,minibatch_k64,text_pca256_lexical_w005
62380,38,minibatch_k64,text_pca256_lexical_w005
62381,13,minibatch_k64,text_pca256_lexical_w005
62382,53,minibatch_k64,text_pca256_lexical_w005
62383,62,minibatch_k64,text_pca256_lexical_w005
62384,59,minibatch_k64,text_pca256_lexical_w005
62385,8,minibatch_k64,text_pca256_lexical_w005
62386,38,minibatch_k64,text_pca256_lexical_w005
62387,36,minibatch_k64,text_pca256_lexical_w005
62388,10,minibatch_k64,text_pca256_lexical_w005
62389,63,minibatch_k64,text_pca256_lexical_w005
62390,8,minibatch_k64,text_pca256_lexical_w005
62391,59,minibatch_k64,text_pca256_lexical_w005
62392,8,minibatch_k64,text_pca256_lexical_w005
62393,25,minibatch_k64,text_pca256_lexical_w005
62394,59,minibatch_k64,text_pca256_lexical_w005
62395,8,minibatch_k64,text_pca256_lexical_w005
62396,39,minibatch_k64,text_pca256_lexical_w005
62397,8,minibatch_k64,text_pca256_lexical_w005
62398,8,minibatch_k64,text_pca256_lexical_w005
62399,8,minibatch_k64,text_pca256_lexical_w005
62400,39,minibatch_k64,text_pca256_lexical_w005
62401,8,minibatch_k64,text_pca256_lexical_w005
62402,45,minibatch_k64,text_pca256_lexical_w005
62403,38,minibatch_k64,text_pca256_lexical_w005
62404,36,minibatch_k64,text_pca256_lexical_w005
62405,55,minibatch_k64,text_pca256_lexical_w005
62406,13,minibatch_k64,text_pca256_lexical_w005
62407,25,minibatch_k64,text_pca256_lexical_w005
62408,62,minibatch_k64,text_pca256_lexical_w005
62409,59,minibatch_k64,text_pca256_lexical_w005
62410,42,minibatch_k64,text_pca256_lexical_w005
62411,0,minibatch_k64,text_pca256_lexical_w005
62412,38,minibatch_k64,text_pca256_lexical_w005
62413,36,minibatch_k64,text_pca256_lexical_w005
62414,55,minibatch_k64,text_pca256_lexical_w005
62415,63,minibatch_k64,text_pca256_lexical_w005
62416,42,minibatch_k64,text_pca256_lexical_w005
62417,25,minibatch_k64,text_pca256_lexical_w005
62418,0,minibatch_k64,text_pca256_lexical_w005
62419,59,minibatch_k64,text_pca256_lexical_w005
62420,39,minibatch_k64,text_pca256_lexical_w005
62421,15,minibatch_k64,text_pca256_lexical_w005
62422,8,minibatch_k64,text_pca256_lexical_w005
62423,45,minibatch_k64,text_pca256_lexical_w005
62424,38,minibatch_k64,text_pca256_lexical_w005
62425,36,minibatch_k64,text_pca256_lexical_w005
62426,27,minibatch_k64,text_pca256_lexical_w005
62427,55,minibatch_k64,text_pca256_lexical_w005
62428,13,minibatch_k64,text_pca256_lexical_w005
62429,27,minibatch_k64,text_pca256_lexical_w005
62430,59,minibatch_k64,text_pca256_lexical_w005
62431,8,minibatch_k64,text_pca256_lexical_w005
62432,23,minibatch_k64,text_pca256_lexical_w005
62433,45,minibatch_k64,text_pca256_lexical_w005
62434,45,minibatch_k64,text_pca256_lexical_w005
62435,62,minibatch_k64,text_pca256_lexical_w005
62436,27,minibatch_k64,text_pca256_lexical_w005
62437,8,minibatch_k64,text_pca256_lexical_w005
62438,8,minibatch_k64,text_pca256_lexical_w005
62439,8,minibatch_k64,text_pca256_lexical_w005
62440,8,minibatch_k64,text_pca256_lexical_w005
62441,50,minibatch_k64,text_pca256_lexical_w005
62442,25,minibatch_k64,text_pca256_lexical_w005
62443,56,minibatch_k64,text_pca256_lexical_w005
62444,59,minibatch_k64,text_pca256_lexical_w005
62445,39,minibatch_k64,text_pca256_lexical_w005
62446,8,minibatch_k64,text_pca256_lexical_w005
62447,62,minibatch_k64,text_pca256_lexical_w005
62448,0,minibatch_k64,text_pca256_lexical_w005
62449,59,minibatch_k64,text_pca256_lexical_w005
62450,59,minibatch_k64,text_pca256_lexical_w005
62451,8,minibatch_k64,text_pca256_lexical_w005
62452,0,minibatch_k64,text_pca256_lexical_w005
62453,59,minibatch_k64,text_pca256_lexical_w005
62454,18,minibatch_k64,text_pca256_lexical_w005
62455,59,minibatch_k64,text_pca256_lexical_w005
62456,59,minibatch_k64,text_pca256_lexical_w005
62457,59,minibatch_k64,text_pca256_lexical_w005
62458,8,minibatch_k64,text_pca256_lexical_w005
62459,0,minibatch_k64,text_pca256_lexical_w005
62460,18,minibatch_k64,text_pca256_lexical_w005
62461,2,minibatch_k64,text_pca256_lexical_w005
62462,45,minibatch_k64,text_pca256_lexical_w005
62463,23,minibatch_k64,text_pca256_lexical_w005
62464,45,minibatch_k64,text_pca256_lexical_w005
62465,23,minibatch_k64,text_pca256_lexical_w005
62466,33,minibatch_k64,text_pca256_lexical_w005
62467,10,minibatch_k64,text_pca256_lexical_w005
62468,18,minibatch_k64,text_pca256_lexical_w005
62469,59,minibatch_k64,text_pca256_lexical_w005
62470,18,minibatch_k64,text_pca256_lexical_w005
62471,62,minibatch_k64,text_pca256_lexical_w005
62472,45,minibatch_k64,text_pca256_lexical_w005
62473,0,minibatch_k64,text_pca256_lexical_w005
62474,59,minibatch_k64,text_pca256_lexical_w005
62475,10,minibatch_k64,text_pca256_lexical_w005
62476,59,minibatch_k64,text_pca256_lexical_w005
62477,10,minibatch_k64,text_pca256_lexical_w005
62478,10,minibatch_k64,text_pca256_lexical_w005
62479,59,minibatch_k64,text_pca256_lexical_w005
62480,18,minibatch_k64,text_pca256_lexical_w005
62481,45,minibatch_k64,text_pca256_lexical_w005
62482,62,minibatch_k64,text_pca256_lexical_w005
62483,45,minibatch_k64,text_pca256_lexical_w005
62484,45,minibatch_k64,text_pca256_lexical_w005
62485,59,minibatch_k64,text_pca256_lexical_w005
62486,59,minibatch_k64,text_pca256_lexical_w005
62487,59,minibatch_k64,text_pca256_lexical_w005
62488,33,minibatch_k64,text_pca256_lexical_w005
62489,45,minibatch_k64,text_pca256_lexical_w005
62490,59,minibatch_k64,text_pca256_lexical_w005
62491,45,minibatch_k64,text_pca256_lexical_w005
62492,45,minibatch_k64,text_pca256_lexical_w005
62493,59,minibatch_k64,text_pca256_lexical_w005
62494,53,minibatch_k64,text_pca256_lexical_w005
62495,59,minibatch_k64,text_pca256_lexical_w005
62496,59,minibatch_k64,text_pca256_lexical_w005
62497,45,minibatch_k64,text_pca256_lexical_w005
62498,10,minibatch_k64,text_pca256_lexical_w005
62499,62,minibatch_k64,text_pca256_lexical_w005
62500,59,minibatch_k64,text_pca256_lexical_w005
62501,59,minibatch_k64,text_pca256_lexical_w005
62502,0,minibatch_k64,text_pca256_lexical_w005
62503,45,minibatch_k64,text_pca256_lexical_w005
62504,45,minibatch_k64,text_pca256_lexical_w005
62505,59,minibatch_k64,text_pca256_lexical_w005
62506,33,minibatch_k64,text_pca256_lexical_w005
62507,45,minibatch_k64,text_pca256_lexical_w005
62508,45,minibatch_k64,text_pca256_lexical_w005
62509,45,minibatch_k64,text_pca256_lexical_w005
62510,59,minibatch_k64,text_pca256_lexical_w005
62511,59,minibatch_k64,text_pca256_lexical_w005
62512,62,minibatch_k64,text_pca256_lexical_w005
62513,59,minibatch_k64,text_pca256_lexical_w005
62514,8,minibatch_k64,text_pca256_lexical_w005
62515,53,minibatch_k64,text_pca256_lexical_w005
62516,59,minibatch_k64,text_pca256_lexical_w005
62517,59,minibatch_k64,text_pca256_lexical_w005
62518,59,minibatch_k64,text_pca256_lexical_w005
62519,0,minibatch_k64,text_pca256_lexical_w005
62520,59,minibatch_k64,text_pca256_lexical_w005
62521,8,minibatch_k64,text_pca256_lexical_w005
62522,59,minibatch_k64,text_pca256_lexical_w005
62523,59,minibatch_k64,text_pca256_lexical_w005
62524,59,minibatch_k64,text_pca256_lexical_w005
62525,59,minibatch_k64,text_pca256_lexical_w005
62526,62,minibatch_k64,text_pca256_lexical_w005
62527,59,minibatch_k64,text_pca256_lexical_w005
62528,59,minibatch_k64,text_pca256_lexical_w005
62529,10,minibatch_k64,text_pca256_lexical_w005
62530,50,minibatch_k64,text_pca256_lexical_w005
62531,59,minibatch_k64,text_pca256_lexical_w005
62532,59,minibatch_k64,text_pca256_lexical_w005
62533,59,minibatch_k64,text_pca256_lexical_w005
62534,62,minibatch_k64,text_pca256_lexical_w005
62535,59,minibatch_k64,text_pca256_lexical_w005
62536,59,minibatch_k64,text_pca256_lexical_w005
62537,59,minibatch_k64,text_pca256_lexical_w005
62538,10,minibatch_k64,text_pca256_lexical_w005
62539,59,minibatch_k64,text_pca256_lexical_w005
62540,59,minibatch_k64,text_pca256_lexical_w005
62541,59,minibatch_k64,text_pca256_lexical_w005
62542,8,minibatch_k64,text_pca256_lexical_w005
62543,59,minibatch_k64,text_pca256_lexical_w005
62544,59,minibatch_k64,text_pca256_lexical_w005
62545,8,minibatch_k64,text_pca256_lexical_w005
62546,59,minibatch_k64,text_pca256_lexical_w005
62547,59,minibatch_k64,text_pca256_lexical_w005
62548,59,minibatch_k64,text_pca256_lexical_w005
62549,8,minibatch_k64,text_pca256_lexical_w005
62550,59,minibatch_k64,text_pca256_lexical_w005
62551,45,minibatch_k64,text_pca256_lexical_w005
62552,45,minibatch_k64,text_pca256_lexical_w005
62553,59,minibatch_k64,text_pca256_lexical_w005
62554,62,minibatch_k64,text_pca256_lexical_w005
62555,8,minibatch_k64,text_pca256_lexical_w005
62556,45,minibatch_k64,text_pca256_lexical_w005
62557,24,minibatch_k64,text_pca256_lexical_w005
62558,59,minibatch_k64,text_pca256_lexical_w005
62559,45,minibatch_k64,text_pca256_lexical_w005
62560,59,minibatch_k64,text_pca256_lexical_w005
62561,59,minibatch_k64,text_pca256_lexical_w005
62562,59,minibatch_k64,text_pca256_lexical_w005
62563,59,minibatch_k64,text_pca256_lexical_w005
62564,59,minibatch_k64,text_pca256_lexical_w005
62565,59,minibatch_k64,text_pca256_lexical_w005
62566,45,minibatch_k64,text_pca256_lexical_w005
62567,45,minibatch_k64,text_pca256_lexical_w005
62568,45,minibatch_k64,text_pca256_lexical_w005
62569,45,minibatch_k64,text_pca256_lexical_w005
62570,45,minibatch_k64,text_pca256_lexical_w005
62571,59,minibatch_k64,text_pca256_lexical_w005
62572,45,minibatch_k64,text_pca256_lexical_w005
62573,59,minibatch_k64,text_pca256_lexical_w005
62574,8,minibatch_k64,text_pca256_lexical_w005
62575,42,minibatch_k64,text_pca256_lexical_w005
62576,59,minibatch_k64,text_pca256_lexical_w005
62577,59,minibatch_k64,text_pca256_lexical_w005
62578,62,minibatch_k64,text_pca256_lexical_w005
62579,2,minibatch_k64,text_pca256_lexical_w005
62580,45,minibatch_k64,text_pca256_lexical_w005
62581,45,minibatch_k64,text_pca256_lexical_w005
62582,59,minibatch_k64,text_pca256_lexical_w005
62583,45,minibatch_k64,text_pca256_lexical_w005
62584,59,minibatch_k64,text_pca256_lexical_w005
62585,59,minibatch_k64,text_pca256_lexical_w005
62586,59,minibatch_k64,text_pca256_lexical_w005
62587,59,minibatch_k64,text_pca256_lexical_w005
62588,59,minibatch_k64,text_pca256_lexical_w005
62589,39,minibatch_k64,text_pca256_lexical_w005
62590,59,minibatch_k64,text_pca256_lexical_w005
62591,59,minibatch_k64,text_pca256_lexical_w005
62592,6,minibatch_k64,text_pca256_lexical_w005
62593,39,minibatch_k64,text_pca256_lexical_w005
62594,21,minibatch_k64,text_pca256_lexical_w005
62595,10,minibatch_k64,text_pca256_lexical_w005
62596,8,minibatch_k64,text_pca256_lexical_w005
62597,45,minibatch_k64,text_pca256_lexical_w005
62598,6,minibatch_k64,text_pca256_lexical_w005
62599,15,minibatch_k64,text_pca256_lexical_w005
62600,6,minibatch_k64,text_pca256_lexical_w005
62601,15,minibatch_k64,text_pca256_lexical_w005
62602,23,minibatch_k64,text_pca256_lexical_w005
62603,53,minibatch_k64,text_pca256_lexical_w005
62604,59,minibatch_k64,text_pca256_lexical_w005
62605,56,minibatch_k64,text_pca256_lexical_w005
62606,56,minibatch_k64,text_pca256_lexical_w005
62607,62,minibatch_k64,text_pca256_lexical_w005
62608,15,minibatch_k64,text_pca256_lexical_w005
62609,56,minibatch_k64,text_pca256_lexical_w005
62610,62,minibatch_k64,text_pca256_lexical_w005
62611,8,minibatch_k64,text_pca256_lexical_w005
62612,56,minibatch_k64,text_pca256_lexical_w005
62613,5,minibatch_k64,text_pca256_lexical_w005
62614,5,minibatch_k64,text_pca256_lexical_w005
62615,29,minibatch_k64,text_pca256_lexical_w005
62616,5,minibatch_k64,text_pca256_lexical_w005
62617,29,minibatch_k64,text_pca256_lexical_w005
62618,5,minibatch_k64,text_pca256_lexical_w005
62619,15,minibatch_k64,text_pca256_lexical_w005
62620,5,minibatch_k64,text_pca256_lexical_w005
62621,33,minibatch_k64,text_pca256_lexical_w005
62622,8,minibatch_k64,text_pca256_lexical_w005
62623,5,minibatch_k64,text_pca256_lexical_w005
62624,5,minibatch_k64,text_pca256_lexical_w005
62625,0,minibatch_k64,text_pca256_lexical_w005
62626,62,minibatch_k64,text_pca256_lexical_w005
62627,46,minibatch_k64,text_pca256_lexical_w005
62628,5,minibatch_k64,text_pca256_lexical_w005
62629,8,minibatch_k64,text_pca256_lexical_w005
62630,5,minibatch_k64,text_pca256_lexical_w005
62631,0,minibatch_k64,text_pca256_lexical_w005
62632,38,minibatch_k64,text_pca256_lexical_w005
62633,58,minibatch_k64,text_pca256_lexical_w005
62634,10,minibatch_k64,text_pca256_lexical_w005
62635,8,minibatch_k64,text_pca256_lexical_w005
62636,25,minibatch_k64,text_pca256_lexical_w005
62637,0,minibatch_k64,text_pca256_lexical_w005
62638,56,minibatch_k64,text_pca256_lexical_w005
62639,38,minibatch_k64,text_pca256_lexical_w005
62640,58,minibatch_k64,text_pca256_lexical_w005
62641,25,minibatch_k64,text_pca256_lexical_w005
62642,0,minibatch_k64,text_pca256_lexical_w005
62643,21,minibatch_k64,text_pca256_lexical_w005
62644,62,minibatch_k64,text_pca256_lexical_w005
62645,0,minibatch_k64,text_pca256_lexical_w005
62646,56,minibatch_k64,text_pca256_lexical_w005
62647,58,minibatch_k64,text_pca256_lexical_w005
62648,38,minibatch_k64,text_pca256_lexical_w005
62649,15,minibatch_k64,text_pca256_lexical_w005
62650,25,minibatch_k64,text_pca256_lexical_w005
62651,21,minibatch_k64,text_pca256_lexical_w005
62652,56,minibatch_k64,text_pca256_lexical_w005
62653,62,minibatch_k64,text_pca256_lexical_w005
62654,56,minibatch_k64,text_pca256_lexical_w005
62655,2,minibatch_k64,text_pca256_lexical_w005
62656,38,minibatch_k64,text_pca256_lexical_w005
62657,58,minibatch_k64,text_pca256_lexical_w005
62658,10,minibatch_k64,text_pca256_lexical_w005
62659,25,minibatch_k64,text_pca256_lexical_w005
62660,60,minibatch_k64,text_pca256_lexical_w005
62661,56,minibatch_k64,text_pca256_lexical_w005
62662,39,minibatch_k64,text_pca256_lexical_w005
62663,39,minibatch_k64,text_pca256_lexical_w005
62664,21,minibatch_k64,text_pca256_lexical_w005
62665,21,minibatch_k64,text_pca256_lexical_w005
62666,15,minibatch_k64,text_pca256_lexical_w005
62667,58,minibatch_k64,text_pca256_lexical_w005
62668,38,minibatch_k64,text_pca256_lexical_w005
62669,55,minibatch_k64,text_pca256_lexical_w005
62670,37,minibatch_k64,text_pca256_lexical_w005
62671,58,minibatch_k64,text_pca256_lexical_w005
62672,38,minibatch_k64,text_pca256_lexical_w005
62673,37,minibatch_k64,text_pca256_lexical_w005
62674,8,minibatch_k64,text_pca256_lexical_w005
62675,42,minibatch_k64,text_pca256_lexical_w005
62676,5,minibatch_k64,text_pca256_lexical_w005
62677,38,minibatch_k64,text_pca256_lexical_w005
62678,58,minibatch_k64,text_pca256_lexical_w005
62679,55,minibatch_k64,text_pca256_lexical_w005
62680,54,minibatch_k64,text_pca256_lexical_w005
62681,10,minibatch_k64,text_pca256_lexical_w005
62682,5,minibatch_k64,text_pca256_lexical_w005
62683,50,minibatch_k64,text_pca256_lexical_w005
62684,58,minibatch_k64,text_pca256_lexical_w005
62685,38,minibatch_k64,text_pca256_lexical_w005
62686,59,minibatch_k64,text_pca256_lexical_w005
62687,60,minibatch_k64,text_pca256_lexical_w005
62688,62,minibatch_k64,text_pca256_lexical_w005
62689,5,minibatch_k64,text_pca256_lexical_w005
62690,8,minibatch_k64,text_pca256_lexical_w005
62691,8,minibatch_k64,text_pca256_lexical_w005
62692,62,minibatch_k64,text_pca256_lexical_w005
62693,62,minibatch_k64,text_pca256_lexical_w005
62694,5,minibatch_k64,text_pca256_lexical_w005
62695,38,minibatch_k64,text_pca256_lexical_w005
62696,58,minibatch_k64,text_pca256_lexical_w005
62697,55,minibatch_k64,text_pca256_lexical_w005
62698,54,minibatch_k64,text_pca256_lexical_w005
62699,25,minibatch_k64,text_pca256_lexical_w005
62700,21,minibatch_k64,text_pca256_lexical_w005
62701,38,minibatch_k64,text_pca256_lexical_w005
62702,58,minibatch_k64,text_pca256_lexical_w005
62703,55,minibatch_k64,text_pca256_lexical_w005
62704,37,minibatch_k64,text_pca256_lexical_w005
62705,25,minibatch_k64,text_pca256_lexical_w005
62706,62,minibatch_k64,text_pca256_lexical_w005
62707,62,minibatch_k64,text_pca256_lexical_w005
62708,62,minibatch_k64,text_pca256_lexical_w005
62709,33,minibatch_k64,text_pca256_lexical_w005
62710,53,minibatch_k64,text_pca256_lexical_w005
62711,38,minibatch_k64,text_pca256_lexical_w005
62712,55,minibatch_k64,text_pca256_lexical_w005
62713,60,minibatch_k64,text_pca256_lexical_w005
62714,25,minibatch_k64,text_pca256_lexical_w005
62715,0,minibatch_k64,text_pca256_lexical_w005
62716,0,minibatch_k64,text_pca256_lexical_w005
62717,8,minibatch_k64,text_pca256_lexical_w005
62718,39,minibatch_k64,text_pca256_lexical_w005
62719,0,minibatch_k64,text_pca256_lexical_w005
62720,56,minibatch_k64,text_pca256_lexical_w005
62721,56,minibatch_k64,text_pca256_lexical_w005
62722,38,minibatch_k64,text_pca256_lexical_w005
62723,45,minibatch_k64,text_pca256_lexical_w005
62724,37,minibatch_k64,text_pca256_lexical_w005
62725,25,minibatch_k64,text_pca256_lexical_w005
62726,56,minibatch_k64,text_pca256_lexical_w005
62727,38,minibatch_k64,text_pca256_lexical_w005
62728,37,minibatch_k64,text_pca256_lexical_w005
62729,0,minibatch_k64,text_pca256_lexical_w005
62730,25,minibatch_k64,text_pca256_lexical_w005
62731,56,minibatch_k64,text_pca256_lexical_w005
62732,20,minibatch_k64,text_pca256_lexical_w005
62733,8,minibatch_k64,text_pca256_lexical_w005
62734,20,minibatch_k64,text_pca256_lexical_w005
62735,2,minibatch_k64,text_pca256_lexical_w005
62736,55,minibatch_k64,text_pca256_lexical_w005
62737,37,minibatch_k64,text_pca256_lexical_w005
62738,45,minibatch_k64,text_pca256_lexical_w005
62739,45,minibatch_k64,text_pca256_lexical_w005
62740,62,minibatch_k64,text_pca256_lexical_w005
62741,20,minibatch_k64,text_pca256_lexical_w005
62742,56,minibatch_k64,text_pca256_lexical_w005
62743,20,minibatch_k64,text_pca256_lexical_w005
62744,0,minibatch_k64,text_pca256_lexical_w005
62745,33,minibatch_k64,text_pca256_lexical_w005
62746,0,minibatch_k64,text_pca256_lexical_w005
62747,39,minibatch_k64,text_pca256_lexical_w005
62748,27,minibatch_k64,text_pca256_lexical_w005
62749,2,minibatch_k64,text_pca256_lexical_w005
62750,55,minibatch_k64,text_pca256_lexical_w005
62751,36,minibatch_k64,text_pca256_lexical_w005
62752,30,minibatch_k64,text_pca256_lexical_w005
62753,17,minibatch_k64,text_pca256_lexical_w005
62754,2,minibatch_k64,text_pca256_lexical_w005
62755,36,minibatch_k64,text_pca256_lexical_w005
62756,15,minibatch_k64,text_pca256_lexical_w005
62757,8,minibatch_k64,text_pca256_lexical_w005
62758,45,minibatch_k64,text_pca256_lexical_w005
62759,56,minibatch_k64,text_pca256_lexical_w005
62760,0,minibatch_k64,text_pca256_lexical_w005
62761,45,minibatch_k64,text_pca256_lexical_w005
62762,45,minibatch_k64,text_pca256_lexical_w005
62763,25,minibatch_k64,text_pca256_lexical_w005
62764,39,minibatch_k64,text_pca256_lexical_w005
62765,15,minibatch_k64,text_pca256_lexical_w005
62766,18,minibatch_k64,text_pca256_lexical_w005
62767,56,minibatch_k64,text_pca256_lexical_w005
62768,18,minibatch_k64,text_pca256_lexical_w005
62769,33,minibatch_k64,text_pca256_lexical_w005
62770,0,minibatch_k64,text_pca256_lexical_w005
62771,27,minibatch_k64,text_pca256_lexical_w005
62772,0,minibatch_k64,text_pca256_lexical_w005
62773,45,minibatch_k64,text_pca256_lexical_w005
62774,27,minibatch_k64,text_pca256_lexical_w005
62775,18,minibatch_k64,text_pca256_lexical_w005
62776,45,minibatch_k64,text_pca256_lexical_w005
62777,56,minibatch_k64,text_pca256_lexical_w005
62778,56,minibatch_k64,text_pca256_lexical_w005
62779,59,minibatch_k64,text_pca256_lexical_w005
62780,18,minibatch_k64,text_pca256_lexical_w005
62781,59,minibatch_k64,text_pca256_lexical_w005
62782,56,minibatch_k64,text_pca256_lexical_w005
62783,56,minibatch_k64,text_pca256_lexical_w005
62784,62,minibatch_k64,text_pca256_lexical_w005
62785,0,minibatch_k64,text_pca256_lexical_w005
62786,15,minibatch_k64,text_pca256_lexical_w005
62787,15,minibatch_k64,text_pca256_lexical_w005
62788,10,minibatch_k64,text_pca256_lexical_w005
62789,2,minibatch_k64,text_pca256_lexical_w005
62790,10,minibatch_k64,text_pca256_lexical_w005
62791,39,minibatch_k64,text_pca256_lexical_w005
62792,8,minibatch_k64,text_pca256_lexical_w005
62793,0,minibatch_k64,text_pca256_lexical_w005
62794,62,minibatch_k64,text_pca256_lexical_w005
62795,62,minibatch_k64,text_pca256_lexical_w005
62796,33,minibatch_k64,text_pca256_lexical_w005
62797,21,minibatch_k64,text_pca256_lexical_w005
62798,39,minibatch_k64,text_pca256_lexical_w005
62799,15,minibatch_k64,text_pca256_lexical_w005
62800,41,minibatch_k64,text_pca256_lexical_w005
62801,0,minibatch_k64,text_pca256_lexical_w005
62802,6,minibatch_k64,text_pca256_lexical_w005
62803,33,minibatch_k64,text_pca256_lexical_w005
62804,59,minibatch_k64,text_pca256_lexical_w005
62805,0,minibatch_k64,text_pca256_lexical_w005
62806,41,minibatch_k64,text_pca256_lexical_w005
62807,62,minibatch_k64,text_pca256_lexical_w005
62808,41,minibatch_k64,text_pca256_lexical_w005
62809,0,minibatch_k64,text_pca256_lexical_w005
62810,59,minibatch_k64,text_pca256_lexical_w005
62811,41,minibatch_k64,text_pca256_lexical_w005
62812,48,minibatch_k64,text_pca256_lexical_w005
62813,48,minibatch_k64,text_pca256_lexical_w005
62814,33,minibatch_k64,text_pca256_lexical_w005
62815,8,minibatch_k64,text_pca256_lexical_w005
62816,56,minibatch_k64,text_pca256_lexical_w005
62817,21,minibatch_k64,text_pca256_lexical_w005
62818,42,minibatch_k64,text_pca256_lexical_w005
62819,39,minibatch_k64,text_pca256_lexical_w005
62820,8,minibatch_k64,text_pca256_lexical_w005
62821,62,minibatch_k64,text_pca256_lexical_w005
62822,21,minibatch_k64,text_pca256_lexical_w005
62823,42,minibatch_k64,text_pca256_lexical_w005
62824,33,minibatch_k64,text_pca256_lexical_w005
62825,42,minibatch_k64,text_pca256_lexical_w005
62826,21,minibatch_k64,text_pca256_lexical_w005
62827,42,minibatch_k64,text_pca256_lexical_w005
62828,21,minibatch_k64,text_pca256_lexical_w005
62829,5,minibatch_k64,text_pca256_lexical_w005
62830,10,minibatch_k64,text_pca256_lexical_w005
62831,8,minibatch_k64,text_pca256_lexical_w005
62832,33,minibatch_k64,text_pca256_lexical_w005
62833,0,minibatch_k64,text_pca256_lexical_w005
62834,21,minibatch_k64,text_pca256_lexical_w005
62835,21,minibatch_k64,text_pca256_lexical_w005
62836,21,minibatch_k64,text_pca256_lexical_w005
62837,62,minibatch_k64,text_pca256_lexical_w005
62838,15,minibatch_k64,text_pca256_lexical_w005
62839,62,minibatch_k64,text_pca256_lexical_w005
62840,62,minibatch_k64,text_pca256_lexical_w005
62841,23,minibatch_k64,text_pca256_lexical_w005
62842,33,minibatch_k64,text_pca256_lexical_w005
62843,21,minibatch_k64,text_pca256_lexical_w005
62844,33,minibatch_k64,text_pca256_lexical_w005
62845,42,minibatch_k64,text_pca256_lexical_w005
62846,59,minibatch_k64,text_pca256_lexical_w005
62847,42,minibatch_k64,text_pca256_lexical_w005
62848,42,minibatch_k64,text_pca256_lexical_w005
62849,42,minibatch_k64,text_pca256_lexical_w005
62850,62,minibatch_k64,text_pca256_lexical_w005
62851,42,minibatch_k64,text_pca256_lexical_w005
62852,42,minibatch_k64,text_pca256_lexical_w005
62853,59,minibatch_k64,text_pca256_lexical_w005
62854,42,minibatch_k64,text_pca256_lexical_w005
62855,21,minibatch_k64,text_pca256_lexical_w005
62856,21,minibatch_k64,text_pca256_lexical_w005
62857,21,minibatch_k64,text_pca256_lexical_w005
62858,59,minibatch_k64,text_pca256_lexical_w005
62859,62,minibatch_k64,text_pca256_lexical_w005
62860,15,minibatch_k64,text_pca256_lexical_w005
62861,33,minibatch_k64,text_pca256_lexical_w005
62862,59,minibatch_k64,text_pca256_lexical_w005
62863,62,minibatch_k64,text_pca256_lexical_w005
62864,62,minibatch_k64,text_pca256_lexical_w005
62865,33,minibatch_k64,text_pca256_lexical_w005
62866,0,minibatch_k64,text_pca256_lexical_w005
62867,62,minibatch_k64,text_pca256_lexical_w005
62868,62,minibatch_k64,text_pca256_lexical_w005
62869,59,minibatch_k64,text_pca256_lexical_w005
62870,8,minibatch_k64,text_pca256_lexical_w005
62871,8,minibatch_k64,text_pca256_lexical_w005
62872,50,minibatch_k64,text_pca256_lexical_w005
62873,50,minibatch_k64,text_pca256_lexical_w005
62874,62,minibatch_k64,text_pca256_lexical_w005
62875,62,minibatch_k64,text_pca256_lexical_w005
62876,62,minibatch_k64,text_pca256_lexical_w005
62877,23,minibatch_k64,text_pca256_lexical_w005
62878,0,minibatch_k64,text_pca256_lexical_w005
62879,0,minibatch_k64,text_pca256_lexical_w005
62880,38,minibatch_k64,text_pca256_lexical_w005
62881,58,minibatch_k64,text_pca256_lexical_w005
62882,15,minibatch_k64,text_pca256_lexical_w005
62883,15,minibatch_k64,text_pca256_lexical_w005
62884,55,minibatch_k64,text_pca256_lexical_w005
62885,8,minibatch_k64,text_pca256_lexical_w005
62886,52,minibatch_k64,text_pca256_lexical_w005
62887,5,minibatch_k64,text_pca256_lexical_w005
62888,62,minibatch_k64,text_pca256_lexical_w005
62889,52,minibatch_k64,text_pca256_lexical_w005
62890,0,minibatch_k64,text_pca256_lexical_w005
62891,59,minibatch_k64,text_pca256_lexical_w005
62892,15,minibatch_k64,text_pca256_lexical_w005
62893,52,minibatch_k64,text_pca256_lexical_w005
62894,25,minibatch_k64,text_pca256_lexical_w005
62895,0,minibatch_k64,text_pca256_lexical_w005
62896,15,minibatch_k64,text_pca256_lexical_w005
62897,8,minibatch_k64,text_pca256_lexical_w005
62898,2,minibatch_k64,text_pca256_lexical_w005
62899,38,minibatch_k64,text_pca256_lexical_w005
62900,58,minibatch_k64,text_pca256_lexical_w005
62901,0,minibatch_k64,text_pca256_lexical_w005
62902,55,minibatch_k64,text_pca256_lexical_w005
62903,52,minibatch_k64,text_pca256_lexical_w005
62904,52,minibatch_k64,text_pca256_lexical_w005
62905,25,minibatch_k64,text_pca256_lexical_w005
62906,5,minibatch_k64,text_pca256_lexical_w005
62907,38,minibatch_k64,text_pca256_lexical_w005
62908,0,minibatch_k64,text_pca256_lexical_w005
62909,15,minibatch_k64,text_pca256_lexical_w005
62910,21,minibatch_k64,text_pca256_lexical_w005
62911,25,minibatch_k64,text_pca256_lexical_w005
62912,33,minibatch_k64,text_pca256_lexical_w005
62913,50,minibatch_k64,text_pca256_lexical_w005
62914,62,minibatch_k64,text_pca256_lexical_w005
62915,38,minibatch_k64,text_pca256_lexical_w005
62916,33,minibatch_k64,text_pca256_lexical_w005
62917,50,minibatch_k64,text_pca256_lexical_w005
62918,8,minibatch_k64,text_pca256_lexical_w005
62919,25,minibatch_k64,text_pca256_lexical_w005
62920,21,minibatch_k64,text_pca256_lexical_w005
62921,38,minibatch_k64,text_pca256_lexical_w005
62922,58,minibatch_k64,text_pca256_lexical_w005
62923,59,minibatch_k64,text_pca256_lexical_w005
62924,25,minibatch_k64,text_pca256_lexical_w005
62925,15,minibatch_k64,text_pca256_lexical_w005
62926,50,minibatch_k64,text_pca256_lexical_w005
62927,0,minibatch_k64,text_pca256_lexical_w005
62928,0,minibatch_k64,text_pca256_lexical_w005
62929,42,minibatch_k64,text_pca256_lexical_w005
62930,33,minibatch_k64,text_pca256_lexical_w005
62931,18,minibatch_k64,text_pca256_lexical_w005
62932,62,minibatch_k64,text_pca256_lexical_w005
62933,62,minibatch_k64,text_pca256_lexical_w005
62934,0,minibatch_k64,text_pca256_lexical_w005
62935,62,minibatch_k64,text_pca256_lexical_w005
62936,2,minibatch_k64,text_pca256_lexical_w005
62937,38,minibatch_k64,text_pca256_lexical_w005
62938,55,minibatch_k64,text_pca256_lexical_w005
62939,10,minibatch_k64,text_pca256_lexical_w005
62940,25,minibatch_k64,text_pca256_lexical_w005
62941,0,minibatch_k64,text_pca256_lexical_w005
62942,38,minibatch_k64,text_pca256_lexical_w005
62943,55,minibatch_k64,text_pca256_lexical_w005
62944,47,minibatch_k64,text_pca256_lexical_w005
62945,45,minibatch_k64,text_pca256_lexical_w005
62946,47,minibatch_k64,text_pca256_lexical_w005
62947,8,minibatch_k64,text_pca256_lexical_w005
62948,62,minibatch_k64,text_pca256_lexical_w005
62949,25,minibatch_k64,text_pca256_lexical_w005
62950,10,minibatch_k64,text_pca256_lexical_w005
62951,50,minibatch_k64,text_pca256_lexical_w005
62952,21,minibatch_k64,text_pca256_lexical_w005
62953,38,minibatch_k64,text_pca256_lexical_w005
62954,55,minibatch_k64,text_pca256_lexical_w005
62955,25,minibatch_k64,text_pca256_lexical_w005
62956,47,minibatch_k64,text_pca256_lexical_w005
62957,0,minibatch_k64,text_pca256_lexical_w005
62958,23,minibatch_k64,text_pca256_lexical_w005
62959,47,minibatch_k64,text_pca256_lexical_w005
62960,47,minibatch_k64,text_pca256_lexical_w005
62961,59,minibatch_k64,text_pca256_lexical_w005
62962,47,minibatch_k64,text_pca256_lexical_w005
62963,0,minibatch_k64,text_pca256_lexical_w005
62964,2,minibatch_k64,text_pca256_lexical_w005
62965,62,minibatch_k64,text_pca256_lexical_w005
62966,62,minibatch_k64,text_pca256_lexical_w005
62967,23,minibatch_k64,text_pca256_lexical_w005
62968,47,minibatch_k64,text_pca256_lexical_w005
62969,62,minibatch_k64,text_pca256_lexical_w005
62970,23,minibatch_k64,text_pca256_lexical_w005
62971,4,minibatch_k64,text_pca256_lexical_w005
62972,23,minibatch_k64,text_pca256_lexical_w005
62973,62,minibatch_k64,text_pca256_lexical_w005
62974,15,minibatch_k64,text_pca256_lexical_w005
62975,45,minibatch_k64,text_pca256_lexical_w005
62976,62,minibatch_k64,text_pca256_lexical_w005
62977,10,minibatch_k64,text_pca256_lexical_w005
62978,0,minibatch_k64,text_pca256_lexical_w005
62979,0,minibatch_k64,text_pca256_lexical_w005
62980,42,minibatch_k64,text_pca256_lexical_w005
62981,0,minibatch_k64,text_pca256_lexical_w005
62982,62,minibatch_k64,text_pca256_lexical_w005
62983,45,minibatch_k64,text_pca256_lexical_w005
62984,15,minibatch_k64,text_pca256_lexical_w005
62985,38,minibatch_k64,text_pca256_lexical_w005
62986,55,minibatch_k64,text_pca256_lexical_w005
62987,33,minibatch_k64,text_pca256_lexical_w005
62988,25,minibatch_k64,text_pca256_lexical_w005
62989,38,minibatch_k64,text_pca256_lexical_w005
62990,25,minibatch_k64,text_pca256_lexical_w005
62991,33,minibatch_k64,text_pca256_lexical_w005
62992,38,minibatch_k64,text_pca256_lexical_w005
62993,55,minibatch_k64,text_pca256_lexical_w005
62994,33,minibatch_k64,text_pca256_lexical_w005
62995,25,minibatch_k64,text_pca256_lexical_w005
62996,10,minibatch_k64,text_pca256_lexical_w005
62997,38,minibatch_k64,text_pca256_lexical_w005
62998,25,minibatch_k64,text_pca256_lexical_w005
62999,59,minibatch_k64,text_pca256_lexical_w005
63000,39,minibatch_k64,text_pca256_lexical_w005
63001,38,minibatch_k64,text_pca256_lexical_w005
63002,55,minibatch_k64,text_pca256_lexical_w005
63003,0,minibatch_k64,text_pca256_lexical_w005
63004,25,minibatch_k64,text_pca256_lexical_w005
63005,47,minibatch_k64,text_pca256_lexical_w005
63006,0,minibatch_k64,text_pca256_lexical_w005
63007,33,minibatch_k64,text_pca256_lexical_w005
63008,38,minibatch_k64,text_pca256_lexical_w005
63009,55,minibatch_k64,text_pca256_lexical_w005
63010,25,minibatch_k64,text_pca256_lexical_w005
63011,0,minibatch_k64,text_pca256_lexical_w005
63012,17,minibatch_k64,text_pca256_lexical_w005
63013,30,minibatch_k64,text_pca256_lexical_w005
63014,38,minibatch_k64,text_pca256_lexical_w005
63015,55,minibatch_k64,text_pca256_lexical_w005
63016,42,minibatch_k64,text_pca256_lexical_w005
63017,25,minibatch_k64,text_pca256_lexical_w005
63018,38,minibatch_k64,text_pca256_lexical_w005
63019,32,minibatch_k64,text_pca256_lexical_w005
63020,55,minibatch_k64,text_pca256_lexical_w005
63021,45,minibatch_k64,text_pca256_lexical_w005
63022,0,minibatch_k64,text_pca256_lexical_w005
63023,0,minibatch_k64,text_pca256_lexical_w005
63024,59,minibatch_k64,text_pca256_lexical_w005
63025,45,minibatch_k64,text_pca256_lexical_w005
63026,59,minibatch_k64,text_pca256_lexical_w005
63027,45,minibatch_k64,text_pca256_lexical_w005
63028,0,minibatch_k64,text_pca256_lexical_w005
63029,25,minibatch_k64,text_pca256_lexical_w005
63030,10,minibatch_k64,text_pca256_lexical_w005
63031,53,minibatch_k64,text_pca256_lexical_w005
63032,18,minibatch_k64,text_pca256_lexical_w005
63033,15,minibatch_k64,text_pca256_lexical_w005
63034,0,minibatch_k64,text_pca256_lexical_w005
63035,8,minibatch_k64,text_pca256_lexical_w005
63036,50,minibatch_k64,text_pca256_lexical_w005
63037,59,minibatch_k64,text_pca256_lexical_w005
63038,0,minibatch_k64,text_pca256_lexical_w005
63039,59,minibatch_k64,text_pca256_lexical_w005
63040,45,minibatch_k64,text_pca256_lexical_w005
63041,62,minibatch_k64,text_pca256_lexical_w005
63042,45,minibatch_k64,text_pca256_lexical_w005
63043,18,minibatch_k64,text_pca256_lexical_w005
63044,62,minibatch_k64,text_pca256_lexical_w005
63045,0,minibatch_k64,text_pca256_lexical_w005
63046,45,minibatch_k64,text_pca256_lexical_w005
63047,33,minibatch_k64,text_pca256_lexical_w005
63048,59,minibatch_k64,text_pca256_lexical_w005
63049,53,minibatch_k64,text_pca256_lexical_w005
63050,53,minibatch_k64,text_pca256_lexical_w005
63051,45,minibatch_k64,text_pca256_lexical_w005
63052,33,minibatch_k64,text_pca256_lexical_w005
63053,62,minibatch_k64,text_pca256_lexical_w005
63054,10,minibatch_k64,text_pca256_lexical_w005
63055,53,minibatch_k64,text_pca256_lexical_w005
63056,10,minibatch_k64,text_pca256_lexical_w005
63057,62,minibatch_k64,text_pca256_lexical_w005
63058,27,minibatch_k64,text_pca256_lexical_w005
63059,15,minibatch_k64,text_pca256_lexical_w005
63060,8,minibatch_k64,text_pca256_lexical_w005
63061,0,minibatch_k64,text_pca256_lexical_w005
63062,45,minibatch_k64,text_pca256_lexical_w005
63063,45,minibatch_k64,text_pca256_lexical_w005
63064,23,minibatch_k64,text_pca256_lexical_w005
63065,45,minibatch_k64,text_pca256_lexical_w005
63066,45,minibatch_k64,text_pca256_lexical_w005
63067,45,minibatch_k64,text_pca256_lexical_w005
63068,45,minibatch_k64,text_pca256_lexical_w005
63069,45,minibatch_k64,text_pca256_lexical_w005
63070,45,minibatch_k64,text_pca256_lexical_w005
63071,45,minibatch_k64,text_pca256_lexical_w005
63072,45,minibatch_k64,text_pca256_lexical_w005
63073,45,minibatch_k64,text_pca256_lexical_w005
63074,45,minibatch_k64,text_pca256_lexical_w005
63075,8,minibatch_k64,text_pca256_lexical_w005
63076,23,minibatch_k64,text_pca256_lexical_w005
63077,21,minibatch_k64,text_pca256_lexical_w005
63078,59,minibatch_k64,text_pca256_lexical_w005
63079,59,minibatch_k64,text_pca256_lexical_w005
63080,17,minibatch_k64,text_pca256_lexical_w005
63081,8,minibatch_k64,text_pca256_lexical_w005
63082,45,minibatch_k64,text_pca256_lexical_w005
63083,45,minibatch_k64,text_pca256_lexical_w005
63084,45,minibatch_k64,text_pca256_lexical_w005
63085,18,minibatch_k64,text_pca256_lexical_w005
63086,45,minibatch_k64,text_pca256_lexical_w005
63087,8,minibatch_k64,text_pca256_lexical_w005
63088,59,minibatch_k64,text_pca256_lexical_w005
63089,0,minibatch_k64,text_pca256_lexical_w005
63090,45,minibatch_k64,text_pca256_lexical_w005
63091,53,minibatch_k64,text_pca256_lexical_w005
63092,0,minibatch_k64,text_pca256_lexical_w005
63093,0,minibatch_k64,text_pca256_lexical_w005
63094,45,minibatch_k64,text_pca256_lexical_w005
63095,45,minibatch_k64,text_pca256_lexical_w005
63096,59,minibatch_k64,text_pca256_lexical_w005
63097,34,minibatch_k64,text_pca256_lexical_w005
63098,45,minibatch_k64,text_pca256_lexical_w005
63099,59,minibatch_k64,text_pca256_lexical_w005
63100,59,minibatch_k64,text_pca256_lexical_w005
63101,10,minibatch_k64,text_pca256_lexical_w005
63102,45,minibatch_k64,text_pca256_lexical_w005
63103,45,minibatch_k64,text_pca256_lexical_w005
63104,53,minibatch_k64,text_pca256_lexical_w005
63105,34,minibatch_k64,text_pca256_lexical_w005
63106,18,minibatch_k64,text_pca256_lexical_w005
63107,8,minibatch_k64,text_pca256_lexical_w005
63108,59,minibatch_k64,text_pca256_lexical_w005
63109,45,minibatch_k64,text_pca256_lexical_w005
63110,45,minibatch_k64,text_pca256_lexical_w005
63111,59,minibatch_k64,text_pca256_lexical_w005
63112,45,minibatch_k64,text_pca256_lexical_w005
63113,59,minibatch_k64,text_pca256_lexical_w005
63114,8,minibatch_k64,text_pca256_lexical_w005
63115,45,minibatch_k64,text_pca256_lexical_w005
63116,45,minibatch_k64,text_pca256_lexical_w005
63117,45,minibatch_k64,text_pca256_lexical_w005
63118,59,minibatch_k64,text_pca256_lexical_w005
63119,59,minibatch_k64,text_pca256_lexical_w005
63120,23,minibatch_k64,text_pca256_lexical_w005
63121,59,minibatch_k64,text_pca256_lexical_w005
63122,62,minibatch_k64,text_pca256_lexical_w005
63123,10,minibatch_k64,text_pca256_lexical_w005
63124,0,minibatch_k64,text_pca256_lexical_w005
63125,62,minibatch_k64,text_pca256_lexical_w005
63126,45,minibatch_k64,text_pca256_lexical_w005
63127,53,minibatch_k64,text_pca256_lexical_w005
63128,45,minibatch_k64,text_pca256_lexical_w005
63129,45,minibatch_k64,text_pca256_lexical_w005
63130,45,minibatch_k64,text_pca256_lexical_w005
63131,4,minibatch_k64,text_pca256_lexical_w005
63132,45,minibatch_k64,text_pca256_lexical_w005
63133,62,minibatch_k64,text_pca256_lexical_w005
63134,7,minibatch_k64,text_pca256_lexical_w005
63135,59,minibatch_k64,text_pca256_lexical_w005
63136,45,minibatch_k64,text_pca256_lexical_w005
63137,59,minibatch_k64,text_pca256_lexical_w005
63138,59,minibatch_k64,text_pca256_lexical_w005
63139,59,minibatch_k64,text_pca256_lexical_w005
63140,0,minibatch_k64,text_pca256_lexical_w005
63141,59,minibatch_k64,text_pca256_lexical_w005
63142,2,minibatch_k64,text_pca256_lexical_w005
63143,59,minibatch_k64,text_pca256_lexical_w005
63144,59,minibatch_k64,text_pca256_lexical_w005
63145,45,minibatch_k64,text_pca256_lexical_w005
63146,59,minibatch_k64,text_pca256_lexical_w005
63147,59,minibatch_k64,text_pca256_lexical_w005
63148,45,minibatch_k64,text_pca256_lexical_w005
63149,59,minibatch_k64,text_pca256_lexical_w005
63150,59,minibatch_k64,text_pca256_lexical_w005
63151,0,minibatch_k64,text_pca256_lexical_w005
63152,0,minibatch_k64,text_pca256_lexical_w005
63153,45,minibatch_k64,text_pca256_lexical_w005
63154,59,minibatch_k64,text_pca256_lexical_w005
63155,59,minibatch_k64,text_pca256_lexical_w005
63156,62,minibatch_k64,text_pca256_lexical_w005
63157,45,minibatch_k64,text_pca256_lexical_w005
63158,59,minibatch_k64,text_pca256_lexical_w005
63159,45,minibatch_k64,text_pca256_lexical_w005
63160,59,minibatch_k64,text_pca256_lexical_w005
63161,59,minibatch_k64,text_pca256_lexical_w005
63162,45,minibatch_k64,text_pca256_lexical_w005
63163,53,minibatch_k64,text_pca256_lexical_w005
63164,53,minibatch_k64,text_pca256_lexical_w005
63165,45,minibatch_k64,text_pca256_lexical_w005
63166,10,minibatch_k64,text_pca256_lexical_w005
63167,45,minibatch_k64,text_pca256_lexical_w005
63168,10,minibatch_k64,text_pca256_lexical_w005
63169,59,minibatch_k64,text_pca256_lexical_w005
63170,59,minibatch_k64,text_pca256_lexical_w005
63171,53,minibatch_k64,text_pca256_lexical_w005
63172,45,minibatch_k64,text_pca256_lexical_w005
63173,59,minibatch_k64,text_pca256_lexical_w005
63174,53,minibatch_k64,text_pca256_lexical_w005
63175,45,minibatch_k64,text_pca256_lexical_w005
63176,59,minibatch_k64,text_pca256_lexical_w005
63177,45,minibatch_k64,text_pca256_lexical_w005
63178,59,minibatch_k64,text_pca256_lexical_w005
63179,45,minibatch_k64,text_pca256_lexical_w005
63180,59,minibatch_k64,text_pca256_lexical_w005
63181,59,minibatch_k64,text_pca256_lexical_w005
63182,59,minibatch_k64,text_pca256_lexical_w005
63183,10,minibatch_k64,text_pca256_lexical_w005
63184,45,minibatch_k64,text_pca256_lexical_w005
63185,45,minibatch_k64,text_pca256_lexical_w005
63186,59,minibatch_k64,text_pca256_lexical_w005
63187,2,minibatch_k64,text_pca256_lexical_w005
63188,59,minibatch_k64,text_pca256_lexical_w005
63189,39,minibatch_k64,text_pca256_lexical_w005
63190,59,minibatch_k64,text_pca256_lexical_w005
63191,15,minibatch_k64,text_pca256_lexical_w005
63192,59,minibatch_k64,text_pca256_lexical_w005
63193,15,minibatch_k64,text_pca256_lexical_w005
63194,45,minibatch_k64,text_pca256_lexical_w005
63195,0,minibatch_k64,text_pca256_lexical_w005
63196,41,minibatch_k64,text_pca256_lexical_w005
63197,0,minibatch_k64,text_pca256_lexical_w005
63198,41,minibatch_k64,text_pca256_lexical_w005
63199,41,minibatch_k64,text_pca256_lexical_w005
63200,62,minibatch_k64,text_pca256_lexical_w005
63201,62,minibatch_k64,text_pca256_lexical_w005
63202,62,minibatch_k64,text_pca256_lexical_w005
63203,41,minibatch_k64,text_pca256_lexical_w005
63204,41,minibatch_k64,text_pca256_lexical_w005
63205,41,minibatch_k64,text_pca256_lexical_w005
63206,62,minibatch_k64,text_pca256_lexical_w005
63207,41,minibatch_k64,text_pca256_lexical_w005
63208,6,minibatch_k64,text_pca256_lexical_w005
63209,33,minibatch_k64,text_pca256_lexical_w005
63210,0,minibatch_k64,text_pca256_lexical_w005
63211,21,minibatch_k64,text_pca256_lexical_w005
63212,21,minibatch_k64,text_pca256_lexical_w005
63213,21,minibatch_k64,text_pca256_lexical_w005
63214,6,minibatch_k64,text_pca256_lexical_w005
63215,41,minibatch_k64,text_pca256_lexical_w005
63216,41,minibatch_k64,text_pca256_lexical_w005
63217,41,minibatch_k64,text_pca256_lexical_w005
63218,6,minibatch_k64,text_pca256_lexical_w005
63219,10,minibatch_k64,text_pca256_lexical_w005
63220,6,minibatch_k64,text_pca256_lexical_w005
63221,0,minibatch_k64,text_pca256_lexical_w005
63222,0,minibatch_k64,text_pca256_lexical_w005
63223,6,minibatch_k64,text_pca256_lexical_w005
63224,62,minibatch_k64,text_pca256_lexical_w005
63225,5,minibatch_k64,text_pca256_lexical_w005
63226,33,minibatch_k64,text_pca256_lexical_w005
63227,62,minibatch_k64,text_pca256_lexical_w005
63228,42,minibatch_k64,text_pca256_lexical_w005
63229,15,minibatch_k64,text_pca256_lexical_w005
63230,5,minibatch_k64,text_pca256_lexical_w005
63231,5,minibatch_k64,text_pca256_lexical_w005
63232,5,minibatch_k64,text_pca256_lexical_w005
63233,46,minibatch_k64,text_pca256_lexical_w005
63234,5,minibatch_k64,text_pca256_lexical_w005
63235,47,minibatch_k64,text_pca256_lexical_w005
63236,5,minibatch_k64,text_pca256_lexical_w005
63237,33,minibatch_k64,text_pca256_lexical_w005
63238,61,minibatch_k64,text_pca256_lexical_w005
63239,61,minibatch_k64,text_pca256_lexical_w005
63240,62,minibatch_k64,text_pca256_lexical_w005
63241,48,minibatch_k64,text_pca256_lexical_w005
63242,61,minibatch_k64,text_pca256_lexical_w005
63243,8,minibatch_k64,text_pca256_lexical_w005
63244,62,minibatch_k64,text_pca256_lexical_w005
63245,61,minibatch_k64,text_pca256_lexical_w005
63246,10,minibatch_k64,text_pca256_lexical_w005
63247,10,minibatch_k64,text_pca256_lexical_w005
63248,15,minibatch_k64,text_pca256_lexical_w005
63249,2,minibatch_k64,text_pca256_lexical_w005
63250,0,minibatch_k64,text_pca256_lexical_w005
63251,61,minibatch_k64,text_pca256_lexical_w005
63252,10,minibatch_k64,text_pca256_lexical_w005
63253,5,minibatch_k64,text_pca256_lexical_w005
63254,4,minibatch_k64,text_pca256_lexical_w005
63255,61,minibatch_k64,text_pca256_lexical_w005
63256,5,minibatch_k64,text_pca256_lexical_w005
63257,0,minibatch_k64,text_pca256_lexical_w005
63258,10,minibatch_k64,text_pca256_lexical_w005
63259,0,minibatch_k64,text_pca256_lexical_w005
63260,61,minibatch_k64,text_pca256_lexical_w005
63261,61,minibatch_k64,text_pca256_lexical_w005
63262,47,minibatch_k64,text_pca256_lexical_w005
63263,61,minibatch_k64,text_pca256_lexical_w005
63264,0,minibatch_k64,text_pca256_lexical_w005
63265,10,minibatch_k64,text_pca256_lexical_w005
63266,61,minibatch_k64,text_pca256_lexical_w005
63267,21,minibatch_k64,text_pca256_lexical_w005
63268,61,minibatch_k64,text_pca256_lexical_w005
63269,61,minibatch_k64,text_pca256_lexical_w005
63270,0,minibatch_k64,text_pca256_lexical_w005
63271,61,minibatch_k64,text_pca256_lexical_w005
63272,23,minibatch_k64,text_pca256_lexical_w005
63273,10,minibatch_k64,text_pca256_lexical_w005
63274,0,minibatch_k64,text_pca256_lexical_w005
63275,10,minibatch_k64,text_pca256_lexical_w005
63276,61,minibatch_k64,text_pca256_lexical_w005
63277,61,minibatch_k64,text_pca256_lexical_w005
63278,0,minibatch_k64,text_pca256_lexical_w005
63279,62,minibatch_k64,text_pca256_lexical_w005
63280,61,minibatch_k64,text_pca256_lexical_w005
63281,61,minibatch_k64,text_pca256_lexical_w005
63282,61,minibatch_k64,text_pca256_lexical_w005
63283,61,minibatch_k64,text_pca256_lexical_w005
63284,0,minibatch_k64,text_pca256_lexical_w005
63285,0,minibatch_k64,text_pca256_lexical_w005
63286,61,minibatch_k64,text_pca256_lexical_w005
63287,61,minibatch_k64,text_pca256_lexical_w005
63288,0,minibatch_k64,text_pca256_lexical_w005
63289,61,minibatch_k64,text_pca256_lexical_w005
63290,10,minibatch_k64,text_pca256_lexical_w005
63291,61,minibatch_k64,text_pca256_lexical_w005
63292,61,minibatch_k64,text_pca256_lexical_w005
63293,10,minibatch_k64,text_pca256_lexical_w005
63294,61,minibatch_k64,text_pca256_lexical_w005
63295,21,minibatch_k64,text_pca256_lexical_w005
63296,61,minibatch_k64,text_pca256_lexical_w005
63297,0,minibatch_k64,text_pca256_lexical_w005
63298,62,minibatch_k64,text_pca256_lexical_w005
63299,61,minibatch_k64,text_pca256_lexical_w005
63300,62,minibatch_k64,text_pca256_lexical_w005
63301,61,minibatch_k64,text_pca256_lexical_w005
63302,62,minibatch_k64,text_pca256_lexical_w005
63303,0,minibatch_k64,text_pca256_lexical_w005
63304,5,minibatch_k64,text_pca256_lexical_w005
63305,42,minibatch_k64,text_pca256_lexical_w005
63306,23,minibatch_k64,text_pca256_lexical_w005
63307,0,minibatch_k64,text_pca256_lexical_w005
63308,5,minibatch_k64,text_pca256_lexical_w005
63309,5,minibatch_k64,text_pca256_lexical_w005
63310,46,minibatch_k64,text_pca256_lexical_w005
63311,5,minibatch_k64,text_pca256_lexical_w005
63312,33,minibatch_k64,text_pca256_lexical_w005
63313,46,minibatch_k64,text_pca256_lexical_w005
63314,5,minibatch_k64,text_pca256_lexical_w005
63315,0,minibatch_k64,text_pca256_lexical_w005
63316,5,minibatch_k64,text_pca256_lexical_w005
63317,5,minibatch_k64,text_pca256_lexical_w005
63318,45,minibatch_k64,text_pca256_lexical_w005
63319,45,minibatch_k64,text_pca256_lexical_w005
63320,45,minibatch_k64,text_pca256_lexical_w005
63321,62,minibatch_k64,text_pca256_lexical_w005
63322,62,minibatch_k64,text_pca256_lexical_w005
63323,5,minibatch_k64,text_pca256_lexical_w005
63324,4,minibatch_k64,text_pca256_lexical_w005
63325,15,minibatch_k64,text_pca256_lexical_w005
63326,62,minibatch_k64,text_pca256_lexical_w005
63327,0,minibatch_k64,text_pca256_lexical_w005
63328,0,minibatch_k64,text_pca256_lexical_w005
63329,62,minibatch_k64,text_pca256_lexical_w005
63330,62,minibatch_k64,text_pca256_lexical_w005
63331,62,minibatch_k64,text_pca256_lexical_w005
63332,15,minibatch_k64,text_pca256_lexical_w005
63333,15,minibatch_k64,text_pca256_lexical_w005
63334,62,minibatch_k64,text_pca256_lexical_w005
63335,62,minibatch_k64,text_pca256_lexical_w005
63336,15,minibatch_k64,text_pca256_lexical_w005
63337,39,minibatch_k64,text_pca256_lexical_w005
63338,62,minibatch_k64,text_pca256_lexical_w005
63339,62,minibatch_k64,text_pca256_lexical_w005
63340,33,minibatch_k64,text_pca256_lexical_w005
63341,8,minibatch_k64,text_pca256_lexical_w005
63342,62,minibatch_k64,text_pca256_lexical_w005
63343,39,minibatch_k64,text_pca256_lexical_w005
63344,39,minibatch_k64,text_pca256_lexical_w005
63345,62,minibatch_k64,text_pca256_lexical_w005
63346,61,minibatch_k64,text_pca256_lexical_w005
63347,62,minibatch_k64,text_pca256_lexical_w005
63348,61,minibatch_k64,text_pca256_lexical_w005
63349,21,minibatch_k64,text_pca256_lexical_w005
63350,21,minibatch_k64,text_pca256_lexical_w005
63351,0,minibatch_k64,text_pca256_lexical_w005
63352,59,minibatch_k64,text_pca256_lexical_w005
63353,5,minibatch_k64,text_pca256_lexical_w005
63354,21,minibatch_k64,text_pca256_lexical_w005
63355,5,minibatch_k64,text_pca256_lexical_w005
63356,5,minibatch_k64,text_pca256_lexical_w005
63357,59,minibatch_k64,text_pca256_lexical_w005
63358,59,minibatch_k64,text_pca256_lexical_w005
63359,42,minibatch_k64,text_pca256_lexical_w005
63360,62,minibatch_k64,text_pca256_lexical_w005
63361,0,minibatch_k64,text_pca256_lexical_w005
63362,0,minibatch_k64,text_pca256_lexical_w005
63363,8,minibatch_k64,text_pca256_lexical_w005
63364,8,minibatch_k64,text_pca256_lexical_w005
63365,0,minibatch_k64,text_pca256_lexical_w005
63366,58,minibatch_k64,text_pca256_lexical_w005
63367,45,minibatch_k64,text_pca256_lexical_w005
63368,62,minibatch_k64,text_pca256_lexical_w005
63369,38,minibatch_k64,text_pca256_lexical_w005
63370,55,minibatch_k64,text_pca256_lexical_w005
63371,5,minibatch_k64,text_pca256_lexical_w005
63372,45,minibatch_k64,text_pca256_lexical_w005
63373,5,minibatch_k64,text_pca256_lexical_w005
63374,33,minibatch_k64,text_pca256_lexical_w005
63375,33,minibatch_k64,text_pca256_lexical_w005
63376,62,minibatch_k64,text_pca256_lexical_w005
63377,5,minibatch_k64,text_pca256_lexical_w005
63378,4,minibatch_k64,text_pca256_lexical_w005
63379,0,minibatch_k64,text_pca256_lexical_w005
63380,0,minibatch_k64,text_pca256_lexical_w005
63381,0,minibatch_k64,text_pca256_lexical_w005
63382,59,minibatch_k64,text_pca256_lexical_w005
63383,5,minibatch_k64,text_pca256_lexical_w005
63384,15,minibatch_k64,text_pca256_lexical_w005
63385,45,minibatch_k64,text_pca256_lexical_w005
63386,62,minibatch_k64,text_pca256_lexical_w005
63387,23,minibatch_k64,text_pca256_lexical_w005
63388,23,minibatch_k64,text_pca256_lexical_w005
63389,23,minibatch_k64,text_pca256_lexical_w005
63390,15,minibatch_k64,text_pca256_lexical_w005
63391,62,minibatch_k64,text_pca256_lexical_w005
63392,23,minibatch_k64,text_pca256_lexical_w005
63393,23,minibatch_k64,text_pca256_lexical_w005
63394,33,minibatch_k64,text_pca256_lexical_w005
63395,50,minibatch_k64,text_pca256_lexical_w005
63396,15,minibatch_k64,text_pca256_lexical_w005
63397,62,minibatch_k64,text_pca256_lexical_w005
63398,14,minibatch_k64,text_pca256_lexical_w005
63399,2,minibatch_k64,text_pca256_lexical_w005
63400,62,minibatch_k64,text_pca256_lexical_w005
63401,62,minibatch_k64,text_pca256_lexical_w005
63402,42,minibatch_k64,text_pca256_lexical_w005
63403,8,minibatch_k64,text_pca256_lexical_w005
63404,62,minibatch_k64,text_pca256_lexical_w005
63405,21,minibatch_k64,text_pca256_lexical_w005
63406,62,minibatch_k64,text_pca256_lexical_w005
63407,62,minibatch_k64,text_pca256_lexical_w005
63408,0,minibatch_k64,text_pca256_lexical_w005
63409,5,minibatch_k64,text_pca256_lexical_w005
63410,50,minibatch_k64,text_pca256_lexical_w005
63411,23,minibatch_k64,text_pca256_lexical_w005
63412,23,minibatch_k64,text_pca256_lexical_w005
63413,0,minibatch_k64,text_pca256_lexical_w005
63414,8,minibatch_k64,text_pca256_lexical_w005
63415,5,minibatch_k64,text_pca256_lexical_w005
63416,47,minibatch_k64,text_pca256_lexical_w005
63417,15,minibatch_k64,text_pca256_lexical_w005
63418,15,minibatch_k64,text_pca256_lexical_w005
63419,47,minibatch_k64,text_pca256_lexical_w005
63420,15,minibatch_k64,text_pca256_lexical_w005
63421,8,minibatch_k64,text_pca256_lexical_w005
63422,39,minibatch_k64,text_pca256_lexical_w005
63423,15,minibatch_k64,text_pca256_lexical_w005
63424,23,minibatch_k64,text_pca256_lexical_w005
63425,0,minibatch_k64,text_pca256_lexical_w005
63426,47,minibatch_k64,text_pca256_lexical_w005
63427,62,minibatch_k64,text_pca256_lexical_w005
63428,58,minibatch_k64,text_pca256_lexical_w005
63429,15,minibatch_k64,text_pca256_lexical_w005
63430,15,minibatch_k64,text_pca256_lexical_w005
63431,15,minibatch_k64,text_pca256_lexical_w005
63432,45,minibatch_k64,text_pca256_lexical_w005
63433,15,minibatch_k64,text_pca256_lexical_w005
63434,38,minibatch_k64,text_pca256_lexical_w005
63435,15,minibatch_k64,text_pca256_lexical_w005
63436,45,minibatch_k64,text_pca256_lexical_w005
63437,45,minibatch_k64,text_pca256_lexical_w005
63438,55,minibatch_k64,text_pca256_lexical_w005
63439,60,minibatch_k64,text_pca256_lexical_w005
63440,4,minibatch_k64,text_pca256_lexical_w005
63441,23,minibatch_k64,text_pca256_lexical_w005
63442,62,minibatch_k64,text_pca256_lexical_w005
63443,0,minibatch_k64,text_pca256_lexical_w005
63444,0,minibatch_k64,text_pca256_lexical_w005
63445,33,minibatch_k64,text_pca256_lexical_w005
63446,8,minibatch_k64,text_pca256_lexical_w005
63447,50,minibatch_k64,text_pca256_lexical_w005
63448,10,minibatch_k64,text_pca256_lexical_w005
63449,8,minibatch_k64,text_pca256_lexical_w005
63450,62,minibatch_k64,text_pca256_lexical_w005
63451,23,minibatch_k64,text_pca256_lexical_w005
63452,62,minibatch_k64,text_pca256_lexical_w005
63453,14,minibatch_k64,text_pca256_lexical_w005
63454,62,minibatch_k64,text_pca256_lexical_w005
63455,62,minibatch_k64,text_pca256_lexical_w005
63456,8,minibatch_k64,text_pca256_lexical_w005
63457,0,minibatch_k64,text_pca256_lexical_w005
63458,62,minibatch_k64,text_pca256_lexical_w005
63459,0,minibatch_k64,text_pca256_lexical_w005
63460,0,minibatch_k64,text_pca256_lexical_w005
63461,0,minibatch_k64,text_pca256_lexical_w005
63462,0,minibatch_k64,text_pca256_lexical_w005
63463,62,minibatch_k64,text_pca256_lexical_w005
63464,0,minibatch_k64,text_pca256_lexical_w005
63465,33,minibatch_k64,text_pca256_lexical_w005
63466,59,minibatch_k64,text_pca256_lexical_w005
63467,56,minibatch_k64,text_pca256_lexical_w005
63468,5,minibatch_k64,text_pca256_lexical_w005
63469,5,minibatch_k64,text_pca256_lexical_w005
63470,42,minibatch_k64,text_pca256_lexical_w005
63471,5,minibatch_k64,text_pca256_lexical_w005
63472,5,minibatch_k64,text_pca256_lexical_w005
63473,61,minibatch_k64,text_pca256_lexical_w005
63474,5,minibatch_k64,text_pca256_lexical_w005
63475,5,minibatch_k64,text_pca256_lexical_w005
63476,23,minibatch_k64,text_pca256_lexical_w005
63477,0,minibatch_k64,text_pca256_lexical_w005
63478,62,minibatch_k64,text_pca256_lexical_w005
63479,0,minibatch_k64,text_pca256_lexical_w005
63480,29,minibatch_k64,text_pca256_lexical_w005
63481,62,minibatch_k64,text_pca256_lexical_w005
63482,5,minibatch_k64,text_pca256_lexical_w005
63483,45,minibatch_k64,text_pca256_lexical_w005
63484,8,minibatch_k64,text_pca256_lexical_w005
63485,38,minibatch_k64,text_pca256_lexical_w005
63486,38,minibatch_k64,text_pca256_lexical_w005
63487,45,minibatch_k64,text_pca256_lexical_w005
63488,55,minibatch_k64,text_pca256_lexical_w005
63489,62,minibatch_k64,text_pca256_lexical_w005
63490,0,minibatch_k64,text_pca256_lexical_w005
63491,45,minibatch_k64,text_pca256_lexical_w005
63492,60,minibatch_k64,text_pca256_lexical_w005
63493,0,minibatch_k64,text_pca256_lexical_w005
63494,0,minibatch_k64,text_pca256_lexical_w005
63495,4,minibatch_k64,text_pca256_lexical_w005
63496,59,minibatch_k64,text_pca256_lexical_w005
63497,62,minibatch_k64,text_pca256_lexical_w005
63498,62,minibatch_k64,text_pca256_lexical_w005
63499,5,minibatch_k64,text_pca256_lexical_w005
63500,8,minibatch_k64,text_pca256_lexical_w005
63501,5,minibatch_k64,text_pca256_lexical_w005
63502,21,minibatch_k64,text_pca256_lexical_w005
63503,0,minibatch_k64,text_pca256_lexical_w005
63504,62,minibatch_k64,text_pca256_lexical_w005
63505,53,minibatch_k64,text_pca256_lexical_w005
63506,0,minibatch_k64,text_pca256_lexical_w005
63507,62,minibatch_k64,text_pca256_lexical_w005
63508,61,minibatch_k64,text_pca256_lexical_w005
63509,21,minibatch_k64,text_pca256_lexical_w005
63510,8,minibatch_k64,text_pca256_lexical_w005
63511,62,minibatch_k64,text_pca256_lexical_w005
63512,23,minibatch_k64,text_pca256_lexical_w005
63513,0,minibatch_k64,text_pca256_lexical_w005
63514,62,minibatch_k64,text_pca256_lexical_w005
63515,62,minibatch_k64,text_pca256_lexical_w005
63516,61,minibatch_k64,text_pca256_lexical_w005
63517,23,minibatch_k64,text_pca256_lexical_w005
63518,23,minibatch_k64,text_pca256_lexical_w005
63519,0,minibatch_k64,text_pca256_lexical_w005
63520,62,minibatch_k64,text_pca256_lexical_w005
63521,15,minibatch_k64,text_pca256_lexical_w005
63522,39,minibatch_k64,text_pca256_lexical_w005
63523,33,minibatch_k64,text_pca256_lexical_w005
63524,10,minibatch_k64,text_pca256_lexical_w005
63525,62,minibatch_k64,text_pca256_lexical_w005
63526,23,minibatch_k64,text_pca256_lexical_w005
63527,59,minibatch_k64,text_pca256_lexical_w005
63528,23,minibatch_k64,text_pca256_lexical_w005
63529,62,minibatch_k64,text_pca256_lexical_w005
63530,45,minibatch_k64,text_pca256_lexical_w005
63531,10,minibatch_k64,text_pca256_lexical_w005
63532,62,minibatch_k64,text_pca256_lexical_w005
63533,10,minibatch_k64,text_pca256_lexical_w005
63534,62,minibatch_k64,text_pca256_lexical_w005
63535,47,minibatch_k64,text_pca256_lexical_w005
63536,15,minibatch_k64,text_pca256_lexical_w005
63537,33,minibatch_k64,text_pca256_lexical_w005
63538,45,minibatch_k64,text_pca256_lexical_w005
63539,15,minibatch_k64,text_pca256_lexical_w005
63540,38,minibatch_k64,text_pca256_lexical_w005
63541,4,minibatch_k64,text_pca256_lexical_w005
63542,15,minibatch_k64,text_pca256_lexical_w005
63543,58,minibatch_k64,text_pca256_lexical_w005
63544,45,minibatch_k64,text_pca256_lexical_w005
63545,55,minibatch_k64,text_pca256_lexical_w005
63546,55,minibatch_k64,text_pca256_lexical_w005
63547,2,minibatch_k64,text_pca256_lexical_w005
63548,45,minibatch_k64,text_pca256_lexical_w005
63549,54,minibatch_k64,text_pca256_lexical_w005
63550,59,minibatch_k64,text_pca256_lexical_w005
63551,59,minibatch_k64,text_pca256_lexical_w005
63552,56,minibatch_k64,text_pca256_lexical_w005
63553,10,minibatch_k64,text_pca256_lexical_w005
63554,45,minibatch_k64,text_pca256_lexical_w005
63555,39,minibatch_k64,text_pca256_lexical_w005
63556,21,minibatch_k64,text_pca256_lexical_w005
63557,62,minibatch_k64,text_pca256_lexical_w005
63558,61,minibatch_k64,text_pca256_lexical_w005
63559,10,minibatch_k64,text_pca256_lexical_w005
63560,61,minibatch_k64,text_pca256_lexical_w005
63561,0,minibatch_k64,text_pca256_lexical_w005
63562,61,minibatch_k64,text_pca256_lexical_w005
63563,21,minibatch_k64,text_pca256_lexical_w005
63564,61,minibatch_k64,text_pca256_lexical_w005
63565,61,minibatch_k64,text_pca256_lexical_w005
63566,61,minibatch_k64,text_pca256_lexical_w005
63567,0,minibatch_k64,text_pca256_lexical_w005
63568,61,minibatch_k64,text_pca256_lexical_w005
63569,61,minibatch_k64,text_pca256_lexical_w005
63570,61,minibatch_k64,text_pca256_lexical_w005
63571,61,minibatch_k64,text_pca256_lexical_w005
63572,61,minibatch_k64,text_pca256_lexical_w005
63573,62,minibatch_k64,text_pca256_lexical_w005
63574,61,minibatch_k64,text_pca256_lexical_w005
63575,0,minibatch_k64,text_pca256_lexical_w005
63576,62,minibatch_k64,text_pca256_lexical_w005
63577,61,minibatch_k64,text_pca256_lexical_w005
63578,10,minibatch_k64,text_pca256_lexical_w005
63579,61,minibatch_k64,text_pca256_lexical_w005
63580,61,minibatch_k64,text_pca256_lexical_w005
63581,10,minibatch_k64,text_pca256_lexical_w005
63582,61,minibatch_k64,text_pca256_lexical_w005
63583,61,minibatch_k64,text_pca256_lexical_w005
63584,10,minibatch_k64,text_pca256_lexical_w005
63585,62,minibatch_k64,text_pca256_lexical_w005
63586,61,minibatch_k64,text_pca256_lexical_w005
63587,61,minibatch_k64,text_pca256_lexical_w005
63588,61,minibatch_k64,text_pca256_lexical_w005
63589,50,minibatch_k64,text_pca256_lexical_w005
63590,61,minibatch_k64,text_pca256_lexical_w005
63591,61,minibatch_k64,text_pca256_lexical_w005
63592,21,minibatch_k64,text_pca256_lexical_w005
63593,10,minibatch_k64,text_pca256_lexical_w005
63594,61,minibatch_k64,text_pca256_lexical_w005
63595,61,minibatch_k64,text_pca256_lexical_w005
63596,10,minibatch_k64,text_pca256_lexical_w005
63597,0,minibatch_k64,text_pca256_lexical_w005
63598,61,minibatch_k64,text_pca256_lexical_w005
63599,62,minibatch_k64,text_pca256_lexical_w005
63600,10,minibatch_k64,text_pca256_lexical_w005
63601,15,minibatch_k64,text_pca256_lexical_w005
63602,61,minibatch_k64,text_pca256_lexical_w005
63603,61,minibatch_k64,text_pca256_lexical_w005
63604,50,minibatch_k64,text_pca256_lexical_w005
63605,10,minibatch_k64,text_pca256_lexical_w005
63606,23,minibatch_k64,text_pca256_lexical_w005
63607,61,minibatch_k64,text_pca256_lexical_w005
63608,61,minibatch_k64,text_pca256_lexical_w005
63609,23,minibatch_k64,text_pca256_lexical_w005
63610,62,minibatch_k64,text_pca256_lexical_w005
63611,61,minibatch_k64,text_pca256_lexical_w005
63612,15,minibatch_k64,text_pca256_lexical_w005
63613,61,minibatch_k64,text_pca256_lexical_w005
63614,21,minibatch_k64,text_pca256_lexical_w005
63615,61,minibatch_k64,text_pca256_lexical_w005
63616,10,minibatch_k64,text_pca256_lexical_w005
63617,33,minibatch_k64,text_pca256_lexical_w005
63618,39,minibatch_k64,text_pca256_lexical_w005
63619,61,minibatch_k64,text_pca256_lexical_w005
63620,61,minibatch_k64,text_pca256_lexical_w005
63621,2,minibatch_k64,text_pca256_lexical_w005
63622,61,minibatch_k64,text_pca256_lexical_w005
63623,61,minibatch_k64,text_pca256_lexical_w005
63624,61,minibatch_k64,text_pca256_lexical_w005
63625,10,minibatch_k64,text_pca256_lexical_w005
63626,62,minibatch_k64,text_pca256_lexical_w005
63627,61,minibatch_k64,text_pca256_lexical_w005
63628,61,minibatch_k64,text_pca256_lexical_w005
63629,10,minibatch_k64,text_pca256_lexical_w005
63630,61,minibatch_k64,text_pca256_lexical_w005
63631,61,minibatch_k64,text_pca256_lexical_w005
63632,61,minibatch_k64,text_pca256_lexical_w005
63633,61,minibatch_k64,text_pca256_lexical_w005
63634,47,minibatch_k64,text_pca256_lexical_w005
63635,39,minibatch_k64,text_pca256_lexical_w005
63636,62,minibatch_k64,text_pca256_lexical_w005
63637,62,minibatch_k64,text_pca256_lexical_w005
63638,23,minibatch_k64,text_pca256_lexical_w005
63639,47,minibatch_k64,text_pca256_lexical_w005
63640,10,minibatch_k64,text_pca256_lexical_w005
63641,15,minibatch_k64,text_pca256_lexical_w005
63642,23,minibatch_k64,text_pca256_lexical_w005
63643,45,minibatch_k64,text_pca256_lexical_w005
63644,58,minibatch_k64,text_pca256_lexical_w005
63645,58,minibatch_k64,text_pca256_lexical_w005
63646,23,minibatch_k64,text_pca256_lexical_w005
63647,45,minibatch_k64,text_pca256_lexical_w005
63648,45,minibatch_k64,text_pca256_lexical_w005
63649,55,minibatch_k64,text_pca256_lexical_w005
63650,15,minibatch_k64,text_pca256_lexical_w005
63651,60,minibatch_k64,text_pca256_lexical_w005
63652,10,minibatch_k64,text_pca256_lexical_w005
63653,0,minibatch_k64,text_pca256_lexical_w005
63654,45,minibatch_k64,text_pca256_lexical_w005
63655,45,minibatch_k64,text_pca256_lexical_w005
63656,4,minibatch_k64,text_pca256_lexical_w005
63657,15,minibatch_k64,text_pca256_lexical_w005
63658,0,minibatch_k64,text_pca256_lexical_w005
63659,50,minibatch_k64,text_pca256_lexical_w005
63660,5,minibatch_k64,text_pca256_lexical_w005
63661,62,minibatch_k64,text_pca256_lexical_w005
63662,15,minibatch_k64,text_pca256_lexical_w005
63663,0,minibatch_k64,text_pca256_lexical_w005
63664,0,minibatch_k64,text_pca256_lexical_w005
63665,8,minibatch_k64,text_pca256_lexical_w005
63666,39,minibatch_k64,text_pca256_lexical_w005
63667,15,minibatch_k64,text_pca256_lexical_w005
63668,0,minibatch_k64,text_pca256_lexical_w005
63669,62,minibatch_k64,text_pca256_lexical_w005
63670,33,minibatch_k64,text_pca256_lexical_w005
63671,62,minibatch_k64,text_pca256_lexical_w005
63672,0,minibatch_k64,text_pca256_lexical_w005
63673,15,minibatch_k64,text_pca256_lexical_w005
63674,15,minibatch_k64,text_pca256_lexical_w005
63675,8,minibatch_k64,text_pca256_lexical_w005
63676,62,minibatch_k64,text_pca256_lexical_w005
63677,39,minibatch_k64,text_pca256_lexical_w005
63678,61,minibatch_k64,text_pca256_lexical_w005
63679,61,minibatch_k64,text_pca256_lexical_w005
63680,8,minibatch_k64,text_pca256_lexical_w005
63681,62,minibatch_k64,text_pca256_lexical_w005
63682,0,minibatch_k64,text_pca256_lexical_w005
63683,10,minibatch_k64,text_pca256_lexical_w005
63684,62,minibatch_k64,text_pca256_lexical_w005
63685,5,minibatch_k64,text_pca256_lexical_w005
63686,33,minibatch_k64,text_pca256_lexical_w005
63687,45,minibatch_k64,text_pca256_lexical_w005
63688,45,minibatch_k64,text_pca256_lexical_w005
63689,45,minibatch_k64,text_pca256_lexical_w005
63690,45,minibatch_k64,text_pca256_lexical_w005
63691,62,minibatch_k64,text_pca256_lexical_w005
63692,23,minibatch_k64,text_pca256_lexical_w005
63693,0,minibatch_k64,text_pca256_lexical_w005
63694,45,minibatch_k64,text_pca256_lexical_w005
63695,39,minibatch_k64,text_pca256_lexical_w005
63696,23,minibatch_k64,text_pca256_lexical_w005
63697,45,minibatch_k64,text_pca256_lexical_w005
63698,62,minibatch_k64,text_pca256_lexical_w005
63699,23,minibatch_k64,text_pca256_lexical_w005
63700,45,minibatch_k64,text_pca256_lexical_w005
63701,59,minibatch_k64,text_pca256_lexical_w005
63702,62,minibatch_k64,text_pca256_lexical_w005
63703,45,minibatch_k64,text_pca256_lexical_w005
63704,21,minibatch_k64,text_pca256_lexical_w005
63705,45,minibatch_k64,text_pca256_lexical_w005
63706,45,minibatch_k64,text_pca256_lexical_w005
63707,62,minibatch_k64,text_pca256_lexical_w005
63708,45,minibatch_k64,text_pca256_lexical_w005
63709,45,minibatch_k64,text_pca256_lexical_w005
63710,21,minibatch_k64,text_pca256_lexical_w005
63711,15,minibatch_k64,text_pca256_lexical_w005
63712,15,minibatch_k64,text_pca256_lexical_w005
63713,23,minibatch_k64,text_pca256_lexical_w005
63714,23,minibatch_k64,text_pca256_lexical_w005
63715,8,minibatch_k64,text_pca256_lexical_w005
63716,45,minibatch_k64,text_pca256_lexical_w005
63717,45,minibatch_k64,text_pca256_lexical_w005
63718,15,minibatch_k64,text_pca256_lexical_w005
63719,45,minibatch_k64,text_pca256_lexical_w005
63720,62,minibatch_k64,text_pca256_lexical_w005
63721,58,minibatch_k64,text_pca256_lexical_w005
63722,58,minibatch_k64,text_pca256_lexical_w005
63723,0,minibatch_k64,text_pca256_lexical_w005
63724,45,minibatch_k64,text_pca256_lexical_w005
63725,0,minibatch_k64,text_pca256_lexical_w005
63726,55,minibatch_k64,text_pca256_lexical_w005
63727,45,minibatch_k64,text_pca256_lexical_w005
63728,45,minibatch_k64,text_pca256_lexical_w005
63729,8,minibatch_k64,text_pca256_lexical_w005
63730,60,minibatch_k64,text_pca256_lexical_w005
63731,62,minibatch_k64,text_pca256_lexical_w005
63732,62,minibatch_k64,text_pca256_lexical_w005
63733,23,minibatch_k64,text_pca256_lexical_w005
63734,0,minibatch_k64,text_pca256_lexical_w005
63735,23,minibatch_k64,text_pca256_lexical_w005
63736,4,minibatch_k64,text_pca256_lexical_w005
63737,4,minibatch_k64,text_pca256_lexical_w005
63738,62,minibatch_k64,text_pca256_lexical_w005
63739,45,minibatch_k64,text_pca256_lexical_w005
63740,0,minibatch_k64,text_pca256_lexical_w005
63741,0,minibatch_k64,text_pca256_lexical_w005
63742,0,minibatch_k64,text_pca256_lexical_w005
63743,0,minibatch_k64,text_pca256_lexical_w005
63744,15,minibatch_k64,text_pca256_lexical_w005
63745,50,minibatch_k64,text_pca256_lexical_w005
63746,62,minibatch_k64,text_pca256_lexical_w005
63747,45,minibatch_k64,text_pca256_lexical_w005
63748,21,minibatch_k64,text_pca256_lexical_w005
63749,45,minibatch_k64,text_pca256_lexical_w005
63750,4,minibatch_k64,text_pca256_lexical_w005
63751,23,minibatch_k64,text_pca256_lexical_w005
63752,8,minibatch_k64,text_pca256_lexical_w005
63753,0,minibatch_k64,text_pca256_lexical_w005
63754,62,minibatch_k64,text_pca256_lexical_w005
63755,15,minibatch_k64,text_pca256_lexical_w005
63756,45,minibatch_k64,text_pca256_lexical_w005
63757,21,minibatch_k64,text_pca256_lexical_w005
63758,21,minibatch_k64,text_pca256_lexical_w005
63759,62,minibatch_k64,text_pca256_lexical_w005
63760,0,minibatch_k64,text_pca256_lexical_w005
63761,0,minibatch_k64,text_pca256_lexical_w005
63762,61,minibatch_k64,text_pca256_lexical_w005
63763,0,minibatch_k64,text_pca256_lexical_w005
63764,62,minibatch_k64,text_pca256_lexical_w005
63765,0,minibatch_k64,text_pca256_lexical_w005
63766,62,minibatch_k64,text_pca256_lexical_w005
63767,0,minibatch_k64,text_pca256_lexical_w005
63768,15,minibatch_k64,text_pca256_lexical_w005
63769,15,minibatch_k64,text_pca256_lexical_w005
63770,62,minibatch_k64,text_pca256_lexical_w005
63771,62,minibatch_k64,text_pca256_lexical_w005
63772,21,minibatch_k64,text_pca256_lexical_w005
63773,2,minibatch_k64,text_pca256_lexical_w005
63774,0,minibatch_k64,text_pca256_lexical_w005
63775,2,minibatch_k64,text_pca256_lexical_w005
63776,0,minibatch_k64,text_pca256_lexical_w005
63777,62,minibatch_k64,text_pca256_lexical_w005
63778,39,minibatch_k64,text_pca256_lexical_w005
63779,62,minibatch_k64,text_pca256_lexical_w005
63780,21,minibatch_k64,text_pca256_lexical_w005
63781,15,minibatch_k64,text_pca256_lexical_w005
63782,21,minibatch_k64,text_pca256_lexical_w005
63783,39,minibatch_k64,text_pca256_lexical_w005
63784,0,minibatch_k64,text_pca256_lexical_w005
63785,8,minibatch_k64,text_pca256_lexical_w005
63786,8,minibatch_k64,text_pca256_lexical_w005
63787,39,minibatch_k64,text_pca256_lexical_w005
63788,62,minibatch_k64,text_pca256_lexical_w005
63789,0,minibatch_k64,text_pca256_lexical_w005
63790,62,minibatch_k64,text_pca256_lexical_w005
63791,21,minibatch_k64,text_pca256_lexical_w005
63792,0,minibatch_k64,text_pca256_lexical_w005
63793,23,minibatch_k64,text_pca256_lexical_w005
63794,36,minibatch_k64,text_pca256_lexical_w005
63795,0,minibatch_k64,text_pca256_lexical_w005
63796,8,minibatch_k64,text_pca256_lexical_w005
63797,33,minibatch_k64,text_pca256_lexical_w005
63798,59,minibatch_k64,text_pca256_lexical_w005
63799,46,minibatch_k64,text_pca256_lexical_w005
63800,8,minibatch_k64,text_pca256_lexical_w005
63801,62,minibatch_k64,text_pca256_lexical_w005
63802,33,minibatch_k64,text_pca256_lexical_w005
63803,46,minibatch_k64,text_pca256_lexical_w005
63804,5,minibatch_k64,text_pca256_lexical_w005
63805,0,minibatch_k64,text_pca256_lexical_w005
63806,62,minibatch_k64,text_pca256_lexical_w005
63807,62,minibatch_k64,text_pca256_lexical_w005
63808,2,minibatch_k64,text_pca256_lexical_w005
63809,45,minibatch_k64,text_pca256_lexical_w005
63810,8,minibatch_k64,text_pca256_lexical_w005
63811,62,minibatch_k64,text_pca256_lexical_w005
63812,0,minibatch_k64,text_pca256_lexical_w005
63813,5,minibatch_k64,text_pca256_lexical_w005
63814,42,minibatch_k64,text_pca256_lexical_w005
63815,0,minibatch_k64,text_pca256_lexical_w005
63816,58,minibatch_k64,text_pca256_lexical_w005
63817,58,minibatch_k64,text_pca256_lexical_w005
63818,23,minibatch_k64,text_pca256_lexical_w005
63819,23,minibatch_k64,text_pca256_lexical_w005
63820,8,minibatch_k64,text_pca256_lexical_w005
63821,55,minibatch_k64,text_pca256_lexical_w005
63822,60,minibatch_k64,text_pca256_lexical_w005
63823,10,minibatch_k64,text_pca256_lexical_w005
63824,0,minibatch_k64,text_pca256_lexical_w005
63825,0,minibatch_k64,text_pca256_lexical_w005
63826,21,minibatch_k64,text_pca256_lexical_w005
63827,62,minibatch_k64,text_pca256_lexical_w005
63828,23,minibatch_k64,text_pca256_lexical_w005
63829,40,minibatch_k64,text_pca256_lexical_w005
63830,23,minibatch_k64,text_pca256_lexical_w005
63831,45,minibatch_k64,text_pca256_lexical_w005
63832,10,minibatch_k64,text_pca256_lexical_w005
63833,8,minibatch_k64,text_pca256_lexical_w005
63834,45,minibatch_k64,text_pca256_lexical_w005
63835,33,minibatch_k64,text_pca256_lexical_w005
63836,0,minibatch_k64,text_pca256_lexical_w005
63837,15,minibatch_k64,text_pca256_lexical_w005
63838,8,minibatch_k64,text_pca256_lexical_w005
63839,57,minibatch_k64,text_pca256_lexical_w005
63840,62,minibatch_k64,text_pca256_lexical_w005
63841,15,minibatch_k64,text_pca256_lexical_w005
63842,62,minibatch_k64,text_pca256_lexical_w005
63843,0,minibatch_k64,text_pca256_lexical_w005
63844,23,minibatch_k64,text_pca256_lexical_w005
63845,62,minibatch_k64,text_pca256_lexical_w005
63846,62,minibatch_k64,text_pca256_lexical_w005
63847,57,minibatch_k64,text_pca256_lexical_w005
63848,23,minibatch_k64,text_pca256_lexical_w005
63849,62,minibatch_k64,text_pca256_lexical_w005
63850,0,minibatch_k64,text_pca256_lexical_w005
63851,56,minibatch_k64,text_pca256_lexical_w005
63852,0,minibatch_k64,text_pca256_lexical_w005
63853,15,minibatch_k64,text_pca256_lexical_w005
63854,0,minibatch_k64,text_pca256_lexical_w005
63855,11,minibatch_k64,text_pca256_lexical_w005
63856,62,minibatch_k64,text_pca256_lexical_w005
63857,33,minibatch_k64,text_pca256_lexical_w005
63858,57,minibatch_k64,text_pca256_lexical_w005
63859,23,minibatch_k64,text_pca256_lexical_w005
63860,11,minibatch_k64,text_pca256_lexical_w005
63861,15,minibatch_k64,text_pca256_lexical_w005
63862,39,minibatch_k64,text_pca256_lexical_w005
63863,62,minibatch_k64,text_pca256_lexical_w005
63864,59,minibatch_k64,text_pca256_lexical_w005
63865,0,minibatch_k64,text_pca256_lexical_w005
63866,59,minibatch_k64,text_pca256_lexical_w005
63867,39,minibatch_k64,text_pca256_lexical_w005
63868,57,minibatch_k64,text_pca256_lexical_w005
63869,59,minibatch_k64,text_pca256_lexical_w005
63870,62,minibatch_k64,text_pca256_lexical_w005
63871,33,minibatch_k64,text_pca256_lexical_w005
63872,62,minibatch_k64,text_pca256_lexical_w005
63873,62,minibatch_k64,text_pca256_lexical_w005
63874,39,minibatch_k64,text_pca256_lexical_w005
63875,8,minibatch_k64,text_pca256_lexical_w005
63876,33,minibatch_k64,text_pca256_lexical_w005
63877,14,minibatch_k64,text_pca256_lexical_w005
63878,10,minibatch_k64,text_pca256_lexical_w005
63879,62,minibatch_k64,text_pca256_lexical_w005
63880,33,minibatch_k64,text_pca256_lexical_w005
63881,62,minibatch_k64,text_pca256_lexical_w005
63882,62,minibatch_k64,text_pca256_lexical_w005
63883,5,minibatch_k64,text_pca256_lexical_w005
63884,8,minibatch_k64,text_pca256_lexical_w005
63885,15,minibatch_k64,text_pca256_lexical_w005
63886,62,minibatch_k64,text_pca256_lexical_w005
63887,21,minibatch_k64,text_pca256_lexical_w005
63888,0,minibatch_k64,text_pca256_lexical_w005
63889,0,minibatch_k64,text_pca256_lexical_w005
63890,5,minibatch_k64,text_pca256_lexical_w005
63891,23,minibatch_k64,text_pca256_lexical_w005
63892,62,minibatch_k64,text_pca256_lexical_w005
63893,15,minibatch_k64,text_pca256_lexical_w005
63894,15,minibatch_k64,text_pca256_lexical_w005
63895,45,minibatch_k64,text_pca256_lexical_w005
63896,62,minibatch_k64,text_pca256_lexical_w005
63897,38,minibatch_k64,text_pca256_lexical_w005
63898,58,minibatch_k64,text_pca256_lexical_w005
63899,10,minibatch_k64,text_pca256_lexical_w005
63900,8,minibatch_k64,text_pca256_lexical_w005
63901,55,minibatch_k64,text_pca256_lexical_w005
63902,62,minibatch_k64,text_pca256_lexical_w005
63903,54,minibatch_k64,text_pca256_lexical_w005
63904,0,minibatch_k64,text_pca256_lexical_w005
63905,10,minibatch_k64,text_pca256_lexical_w005
63906,21,minibatch_k64,text_pca256_lexical_w005
63907,45,minibatch_k64,text_pca256_lexical_w005
63908,62,minibatch_k64,text_pca256_lexical_w005
63909,62,minibatch_k64,text_pca256_lexical_w005
63910,42,minibatch_k64,text_pca256_lexical_w005
63911,5,minibatch_k64,text_pca256_lexical_w005
63912,62,minibatch_k64,text_pca256_lexical_w005
63913,59,minibatch_k64,text_pca256_lexical_w005
63914,33,minibatch_k64,text_pca256_lexical_w005
63915,8,minibatch_k64,text_pca256_lexical_w005
63916,0,minibatch_k64,text_pca256_lexical_w005
63917,23,minibatch_k64,text_pca256_lexical_w005
63918,62,minibatch_k64,text_pca256_lexical_w005
63919,56,minibatch_k64,text_pca256_lexical_w005
63920,62,minibatch_k64,text_pca256_lexical_w005
63921,39,minibatch_k64,text_pca256_lexical_w005
63922,15,minibatch_k64,text_pca256_lexical_w005
63923,33,minibatch_k64,text_pca256_lexical_w005
63924,33,minibatch_k64,text_pca256_lexical_w005
63925,42,minibatch_k64,text_pca256_lexical_w005
63926,33,minibatch_k64,text_pca256_lexical_w005
63927,62,minibatch_k64,text_pca256_lexical_w005
63928,62,minibatch_k64,text_pca256_lexical_w005
63929,39,minibatch_k64,text_pca256_lexical_w005
63930,33,minibatch_k64,text_pca256_lexical_w005
63931,62,minibatch_k64,text_pca256_lexical_w005
63932,62,minibatch_k64,text_pca256_lexical_w005
63933,62,minibatch_k64,text_pca256_lexical_w005
63934,21,minibatch_k64,text_pca256_lexical_w005
63935,0,minibatch_k64,text_pca256_lexical_w005
63936,4,minibatch_k64,text_pca256_lexical_w005
63937,4,minibatch_k64,text_pca256_lexical_w005
63938,21,minibatch_k64,text_pca256_lexical_w005
63939,62,minibatch_k64,text_pca256_lexical_w005
63940,0,minibatch_k64,text_pca256_lexical_w005
63941,33,minibatch_k64,text_pca256_lexical_w005
63942,23,minibatch_k64,text_pca256_lexical_w005
63943,62,minibatch_k64,text_pca256_lexical_w005
63944,62,minibatch_k64,text_pca256_lexical_w005
63945,62,minibatch_k64,text_pca256_lexical_w005
63946,21,minibatch_k64,text_pca256_lexical_w005
63947,0,minibatch_k64,text_pca256_lexical_w005
63948,10,minibatch_k64,text_pca256_lexical_w005
63949,0,minibatch_k64,text_pca256_lexical_w005
63950,4,minibatch_k64,text_pca256_lexical_w005
63951,23,minibatch_k64,text_pca256_lexical_w005
63952,0,minibatch_k64,text_pca256_lexical_w005
63953,62,minibatch_k64,text_pca256_lexical_w005
63954,62,minibatch_k64,text_pca256_lexical_w005
63955,39,minibatch_k64,text_pca256_lexical_w005
63956,15,minibatch_k64,text_pca256_lexical_w005
63957,0,minibatch_k64,text_pca256_lexical_w005
63958,62,minibatch_k64,text_pca256_lexical_w005
63959,10,minibatch_k64,text_pca256_lexical_w005
63960,23,minibatch_k64,text_pca256_lexical_w005
63961,0,minibatch_k64,text_pca256_lexical_w005
63962,23,minibatch_k64,text_pca256_lexical_w005
63963,21,minibatch_k64,text_pca256_lexical_w005
63964,23,minibatch_k64,text_pca256_lexical_w005
63965,23,minibatch_k64,text_pca256_lexical_w005
63966,23,minibatch_k64,text_pca256_lexical_w005
63967,10,minibatch_k64,text_pca256_lexical_w005
63968,0,minibatch_k64,text_pca256_lexical_w005
63969,0,minibatch_k64,text_pca256_lexical_w005
63970,0,minibatch_k64,text_pca256_lexical_w005
63971,21,minibatch_k64,text_pca256_lexical_w005
63972,15,minibatch_k64,text_pca256_lexical_w005
63973,62,minibatch_k64,text_pca256_lexical_w005
63974,10,minibatch_k64,text_pca256_lexical_w005
63975,0,minibatch_k64,text_pca256_lexical_w005
63976,4,minibatch_k64,text_pca256_lexical_w005
63977,62,minibatch_k64,text_pca256_lexical_w005
63978,59,minibatch_k64,text_pca256_lexical_w005
63979,8,minibatch_k64,text_pca256_lexical_w005
63980,8,minibatch_k64,text_pca256_lexical_w005
63981,39,minibatch_k64,text_pca256_lexical_w005
63982,62,minibatch_k64,text_pca256_lexical_w005
63983,15,minibatch_k64,text_pca256_lexical_w005
63984,23,minibatch_k64,text_pca256_lexical_w005
63985,0,minibatch_k64,text_pca256_lexical_w005
63986,56,minibatch_k64,text_pca256_lexical_w005
63987,21,minibatch_k64,text_pca256_lexical_w005
63988,33,minibatch_k64,text_pca256_lexical_w005
63989,0,minibatch_k64,text_pca256_lexical_w005
63990,62,minibatch_k64,text_pca256_lexical_w005
63991,10,minibatch_k64,text_pca256_lexical_w005
63992,23,minibatch_k64,text_pca256_lexical_w005
63993,0,minibatch_k64,text_pca256_lexical_w005
63994,21,minibatch_k64,text_pca256_lexical_w005
63995,15,minibatch_k64,text_pca256_lexical_w005
63996,39,minibatch_k64,text_pca256_lexical_w005
63997,2,minibatch_k64,text_pca256_lexical_w005
63998,8,minibatch_k64,text_pca256_lexical_w005
63999,23,minibatch_k64,text_pca256_lexical_w005
64000,62,minibatch_k64,text_pca256_lexical_w005
64001,0,minibatch_k64,text_pca256_lexical_w005
64002,23,minibatch_k64,text_pca256_lexical_w005
64003,33,minibatch_k64,text_pca256_lexical_w005
64004,14,minibatch_k64,text_pca256_lexical_w005
64005,2,minibatch_k64,text_pca256_lexical_w005
64006,0,minibatch_k64,text_pca256_lexical_w005
64007,23,minibatch_k64,text_pca256_lexical_w005
64008,23,minibatch_k64,text_pca256_lexical_w005
64009,23,minibatch_k64,text_pca256_lexical_w005
64010,62,minibatch_k64,text_pca256_lexical_w005
64011,0,minibatch_k64,text_pca256_lexical_w005
64012,5,minibatch_k64,text_pca256_lexical_w005
64013,5,minibatch_k64,text_pca256_lexical_w005
64014,4,minibatch_k64,text_pca256_lexical_w005
64015,0,minibatch_k64,text_pca256_lexical_w005
64016,15,minibatch_k64,text_pca256_lexical_w005
64017,18,minibatch_k64,text_pca256_lexical_w005
64018,15,minibatch_k64,text_pca256_lexical_w005
64019,10,minibatch_k64,text_pca256_lexical_w005
64020,15,minibatch_k64,text_pca256_lexical_w005
64021,39,minibatch_k64,text_pca256_lexical_w005
64022,23,minibatch_k64,text_pca256_lexical_w005
64023,8,minibatch_k64,text_pca256_lexical_w005
64024,0,minibatch_k64,text_pca256_lexical_w005
64025,45,minibatch_k64,text_pca256_lexical_w005
64026,15,minibatch_k64,text_pca256_lexical_w005
64027,2,minibatch_k64,text_pca256_lexical_w005
64028,10,minibatch_k64,text_pca256_lexical_w005
64029,10,minibatch_k64,text_pca256_lexical_w005
64030,0,minibatch_k64,text_pca256_lexical_w005
64031,0,minibatch_k64,text_pca256_lexical_w005
64032,23,minibatch_k64,text_pca256_lexical_w005
64033,0,minibatch_k64,text_pca256_lexical_w005
64034,4,minibatch_k64,text_pca256_lexical_w005
64035,23,minibatch_k64,text_pca256_lexical_w005
64036,62,minibatch_k64,text_pca256_lexical_w005
64037,23,minibatch_k64,text_pca256_lexical_w005
64038,4,minibatch_k64,text_pca256_lexical_w005
64039,0,minibatch_k64,text_pca256_lexical_w005
64040,45,minibatch_k64,text_pca256_lexical_w005
64041,23,minibatch_k64,text_pca256_lexical_w005
64042,15,minibatch_k64,text_pca256_lexical_w005
64043,2,minibatch_k64,text_pca256_lexical_w005
64044,23,minibatch_k64,text_pca256_lexical_w005
64045,0,minibatch_k64,text_pca256_lexical_w005
64046,62,minibatch_k64,text_pca256_lexical_w005
64047,42,minibatch_k64,text_pca256_lexical_w005
64048,15,minibatch_k64,text_pca256_lexical_w005
64049,0,minibatch_k64,text_pca256_lexical_w005
64050,8,minibatch_k64,text_pca256_lexical_w005
64051,2,minibatch_k64,text_pca256_lexical_w005
64052,0,minibatch_k64,text_pca256_lexical_w005
64053,0,minibatch_k64,text_pca256_lexical_w005
64054,0,minibatch_k64,text_pca256_lexical_w005
64055,0,minibatch_k64,text_pca256_lexical_w005
64056,0,minibatch_k64,text_pca256_lexical_w005
64057,33,minibatch_k64,text_pca256_lexical_w005
64058,0,minibatch_k64,text_pca256_lexical_w005
64059,0,minibatch_k64,text_pca256_lexical_w005
64060,8,minibatch_k64,text_pca256_lexical_w005
64061,0,minibatch_k64,text_pca256_lexical_w005
64062,0,minibatch_k64,text_pca256_lexical_w005
64063,10,minibatch_k64,text_pca256_lexical_w005
64064,15,minibatch_k64,text_pca256_lexical_w005
64065,39,minibatch_k64,text_pca256_lexical_w005
64066,62,minibatch_k64,text_pca256_lexical_w005
64067,0,minibatch_k64,text_pca256_lexical_w005
64068,0,minibatch_k64,text_pca256_lexical_w005
64069,0,minibatch_k64,text_pca256_lexical_w005
64070,0,minibatch_k64,text_pca256_lexical_w005
64071,0,minibatch_k64,text_pca256_lexical_w005
64072,0,minibatch_k64,text_pca256_lexical_w005
64073,0,minibatch_k64,text_pca256_lexical_w005
64074,0,minibatch_k64,text_pca256_lexical_w005
64075,62,minibatch_k64,text_pca256_lexical_w005
64076,0,minibatch_k64,text_pca256_lexical_w005
64077,0,minibatch_k64,text_pca256_lexical_w005
64078,62,minibatch_k64,text_pca256_lexical_w005
64079,23,minibatch_k64,text_pca256_lexical_w005
64080,62,minibatch_k64,text_pca256_lexical_w005
64081,0,minibatch_k64,text_pca256_lexical_w005
64082,10,minibatch_k64,text_pca256_lexical_w005
64083,62,minibatch_k64,text_pca256_lexical_w005
64084,23,minibatch_k64,text_pca256_lexical_w005
64085,0,minibatch_k64,text_pca256_lexical_w005
64086,0,minibatch_k64,text_pca256_lexical_w005
64087,5,minibatch_k64,text_pca256_lexical_w005
64088,53,minibatch_k64,text_pca256_lexical_w005
64089,0,minibatch_k64,text_pca256_lexical_w005
64090,10,minibatch_k64,text_pca256_lexical_w005
64091,62,minibatch_k64,text_pca256_lexical_w005
64092,23,minibatch_k64,text_pca256_lexical_w005
64093,62,minibatch_k64,text_pca256_lexical_w005
64094,15,minibatch_k64,text_pca256_lexical_w005
64095,62,minibatch_k64,text_pca256_lexical_w005
64096,0,minibatch_k64,text_pca256_lexical_w005
64097,62,minibatch_k64,text_pca256_lexical_w005
64098,15,minibatch_k64,text_pca256_lexical_w005
64099,10,minibatch_k64,text_pca256_lexical_w005
64100,0,minibatch_k64,text_pca256_lexical_w005
64101,0,minibatch_k64,text_pca256_lexical_w005
64102,23,minibatch_k64,text_pca256_lexical_w005
64103,0,minibatch_k64,text_pca256_lexical_w005
64104,56,minibatch_k64,text_pca256_lexical_w005
64105,0,minibatch_k64,text_pca256_lexical_w005
64106,0,minibatch_k64,text_pca256_lexical_w005
64107,59,minibatch_k64,text_pca256_lexical_w005
64108,10,minibatch_k64,text_pca256_lexical_w005
64109,45,minibatch_k64,text_pca256_lexical_w005
64110,15,minibatch_k64,text_pca256_lexical_w005
64111,0,minibatch_k64,text_pca256_lexical_w005
64112,0,minibatch_k64,text_pca256_lexical_w005
64113,0,minibatch_k64,text_pca256_lexical_w005
64114,0,minibatch_k64,text_pca256_lexical_w005
64115,0,minibatch_k64,text_pca256_lexical_w005
64116,45,minibatch_k64,text_pca256_lexical_w005
64117,0,minibatch_k64,text_pca256_lexical_w005
64118,45,minibatch_k64,text_pca256_lexical_w005
64119,45,minibatch_k64,text_pca256_lexical_w005
64120,39,minibatch_k64,text_pca256_lexical_w005
64121,45,minibatch_k64,text_pca256_lexical_w005
64122,45,minibatch_k64,text_pca256_lexical_w005
64123,45,minibatch_k64,text_pca256_lexical_w005
64124,45,minibatch_k64,text_pca256_lexical_w005
64125,45,minibatch_k64,text_pca256_lexical_w005
64126,0,minibatch_k64,text_pca256_lexical_w005
64127,45,minibatch_k64,text_pca256_lexical_w005
64128,10,minibatch_k64,text_pca256_lexical_w005
64129,10,minibatch_k64,text_pca256_lexical_w005
64130,0,minibatch_k64,text_pca256_lexical_w005
64131,45,minibatch_k64,text_pca256_lexical_w005
64132,45,minibatch_k64,text_pca256_lexical_w005
64133,45,minibatch_k64,text_pca256_lexical_w005
64134,0,minibatch_k64,text_pca256_lexical_w005
64135,0,minibatch_k64,text_pca256_lexical_w005
64136,23,minibatch_k64,text_pca256_lexical_w005
64137,23,minibatch_k64,text_pca256_lexical_w005
64138,62,minibatch_k64,text_pca256_lexical_w005
64139,8,minibatch_k64,text_pca256_lexical_w005
64140,0,minibatch_k64,text_pca256_lexical_w005
64141,15,minibatch_k64,text_pca256_lexical_w005
64142,45,minibatch_k64,text_pca256_lexical_w005
64143,45,minibatch_k64,text_pca256_lexical_w005
64144,10,minibatch_k64,text_pca256_lexical_w005
64145,45,minibatch_k64,text_pca256_lexical_w005
64146,10,minibatch_k64,text_pca256_lexical_w005
64147,45,minibatch_k64,text_pca256_lexical_w005
64148,45,minibatch_k64,text_pca256_lexical_w005
64149,23,minibatch_k64,text_pca256_lexical_w005
64150,45,minibatch_k64,text_pca256_lexical_w005
64151,0,minibatch_k64,text_pca256_lexical_w005
64152,10,minibatch_k64,text_pca256_lexical_w005
64153,62,minibatch_k64,text_pca256_lexical_w005
64154,0,minibatch_k64,text_pca256_lexical_w005
64155,45,minibatch_k64,text_pca256_lexical_w005
64156,45,minibatch_k64,text_pca256_lexical_w005
64157,23,minibatch_k64,text_pca256_lexical_w005
64158,33,minibatch_k64,text_pca256_lexical_w005
64159,8,minibatch_k64,text_pca256_lexical_w005
64160,8,minibatch_k64,text_pca256_lexical_w005
64161,10,minibatch_k64,text_pca256_lexical_w005
64162,45,minibatch_k64,text_pca256_lexical_w005
64163,45,minibatch_k64,text_pca256_lexical_w005
64164,10,minibatch_k64,text_pca256_lexical_w005
64165,0,minibatch_k64,text_pca256_lexical_w005
64166,45,minibatch_k64,text_pca256_lexical_w005
64167,45,minibatch_k64,text_pca256_lexical_w005
64168,45,minibatch_k64,text_pca256_lexical_w005
64169,18,minibatch_k64,text_pca256_lexical_w005
64170,45,minibatch_k64,text_pca256_lexical_w005
64171,23,minibatch_k64,text_pca256_lexical_w005
64172,10,minibatch_k64,text_pca256_lexical_w005
64173,45,minibatch_k64,text_pca256_lexical_w005
64174,62,minibatch_k64,text_pca256_lexical_w005
64175,4,minibatch_k64,text_pca256_lexical_w005
64176,45,minibatch_k64,text_pca256_lexical_w005
64177,33,minibatch_k64,text_pca256_lexical_w005
64178,0,minibatch_k64,text_pca256_lexical_w005
64179,4,minibatch_k64,text_pca256_lexical_w005
64180,4,minibatch_k64,text_pca256_lexical_w005
64181,0,minibatch_k64,text_pca256_lexical_w005
64182,45,minibatch_k64,text_pca256_lexical_w005
64183,4,minibatch_k64,text_pca256_lexical_w005
64184,45,minibatch_k64,text_pca256_lexical_w005
64185,0,minibatch_k64,text_pca256_lexical_w005
64186,45,minibatch_k64,text_pca256_lexical_w005
64187,45,minibatch_k64,text_pca256_lexical_w005
64188,45,minibatch_k64,text_pca256_lexical_w005
64189,0,minibatch_k64,text_pca256_lexical_w005
64190,23,minibatch_k64,text_pca256_lexical_w005
64191,15,minibatch_k64,text_pca256_lexical_w005
64192,0,minibatch_k64,text_pca256_lexical_w005
64193,0,minibatch_k64,text_pca256_lexical_w005
64194,56,minibatch_k64,text_pca256_lexical_w005
64195,10,minibatch_k64,text_pca256_lexical_w005
64196,23,minibatch_k64,text_pca256_lexical_w005
64197,23,minibatch_k64,text_pca256_lexical_w005
64198,5,minibatch_k64,text_pca256_lexical_w005
64199,0,minibatch_k64,text_pca256_lexical_w005
64200,62,minibatch_k64,text_pca256_lexical_w005
64201,0,minibatch_k64,text_pca256_lexical_w005
64202,4,minibatch_k64,text_pca256_lexical_w005
64203,23,minibatch_k64,text_pca256_lexical_w005
64204,21,minibatch_k64,text_pca256_lexical_w005
64205,62,minibatch_k64,text_pca256_lexical_w005
64206,0,minibatch_k64,text_pca256_lexical_w005
64207,8,minibatch_k64,text_pca256_lexical_w005
64208,10,minibatch_k64,text_pca256_lexical_w005
64209,15,minibatch_k64,text_pca256_lexical_w005
64210,62,minibatch_k64,text_pca256_lexical_w005
64211,0,minibatch_k64,text_pca256_lexical_w005
64212,15,minibatch_k64,text_pca256_lexical_w005
64213,23,minibatch_k64,text_pca256_lexical_w005
64214,23,minibatch_k64,text_pca256_lexical_w005
64215,0,minibatch_k64,text_pca256_lexical_w005
64216,4,minibatch_k64,text_pca256_lexical_w005
64217,62,minibatch_k64,text_pca256_lexical_w005
64218,21,minibatch_k64,text_pca256_lexical_w005
64219,23,minibatch_k64,text_pca256_lexical_w005
64220,62,minibatch_k64,text_pca256_lexical_w005
64221,62,minibatch_k64,text_pca256_lexical_w005
64222,62,minibatch_k64,text_pca256_lexical_w005
64223,62,minibatch_k64,text_pca256_lexical_w005
64224,10,minibatch_k64,text_pca256_lexical_w005
64225,0,minibatch_k64,text_pca256_lexical_w005
64226,23,minibatch_k64,text_pca256_lexical_w005
64227,62,minibatch_k64,text_pca256_lexical_w005
64228,10,minibatch_k64,text_pca256_lexical_w005
64229,4,minibatch_k64,text_pca256_lexical_w005
64230,23,minibatch_k64,text_pca256_lexical_w005
64231,15,minibatch_k64,text_pca256_lexical_w005
64232,0,minibatch_k64,text_pca256_lexical_w005
64233,0,minibatch_k64,text_pca256_lexical_w005
64234,0,minibatch_k64,text_pca256_lexical_w005
64235,23,minibatch_k64,text_pca256_lexical_w005
64236,8,minibatch_k64,text_pca256_lexical_w005
64237,8,minibatch_k64,text_pca256_lexical_w005
64238,0,minibatch_k64,text_pca256_lexical_w005
64239,23,minibatch_k64,text_pca256_lexical_w005
64240,15,minibatch_k64,text_pca256_lexical_w005
64241,0,minibatch_k64,text_pca256_lexical_w005
64242,10,minibatch_k64,text_pca256_lexical_w005
64243,8,minibatch_k64,text_pca256_lexical_w005
64244,10,minibatch_k64,text_pca256_lexical_w005
64245,45,minibatch_k64,text_pca256_lexical_w005
64246,23,minibatch_k64,text_pca256_lexical_w005
64247,4,minibatch_k64,text_pca256_lexical_w005
64248,23,minibatch_k64,text_pca256_lexical_w005
64249,2,minibatch_k64,text_pca256_lexical_w005
64250,10,minibatch_k64,text_pca256_lexical_w005
64251,39,minibatch_k64,text_pca256_lexical_w005
64252,15,minibatch_k64,text_pca256_lexical_w005
64253,5,minibatch_k64,text_pca256_lexical_w005
64254,5,minibatch_k64,text_pca256_lexical_w005
64255,5,minibatch_k64,text_pca256_lexical_w005
64256,62,minibatch_k64,text_pca256_lexical_w005
64257,0,minibatch_k64,text_pca256_lexical_w005
64258,45,minibatch_k64,text_pca256_lexical_w005
64259,62,minibatch_k64,text_pca256_lexical_w005
64260,23,minibatch_k64,text_pca256_lexical_w005
64261,5,minibatch_k64,text_pca256_lexical_w005
64262,14,minibatch_k64,text_pca256_lexical_w005
64263,20,minibatch_k64,text_pca256_lexical_w005
64264,20,minibatch_k64,text_pca256_lexical_w005
64265,15,minibatch_k64,text_pca256_lexical_w005
64266,62,minibatch_k64,text_pca256_lexical_w005
64267,23,minibatch_k64,text_pca256_lexical_w005
64268,45,minibatch_k64,text_pca256_lexical_w005
64269,58,minibatch_k64,text_pca256_lexical_w005
64270,38,minibatch_k64,text_pca256_lexical_w005
64271,55,minibatch_k64,text_pca256_lexical_w005
64272,54,minibatch_k64,text_pca256_lexical_w005
64273,46,minibatch_k64,text_pca256_lexical_w005
64274,0,minibatch_k64,text_pca256_lexical_w005
64275,0,minibatch_k64,text_pca256_lexical_w005
64276,5,minibatch_k64,text_pca256_lexical_w005
64277,10,minibatch_k64,text_pca256_lexical_w005
64278,62,minibatch_k64,text_pca256_lexical_w005
64279,0,minibatch_k64,text_pca256_lexical_w005
64280,8,minibatch_k64,text_pca256_lexical_w005
64281,8,minibatch_k64,text_pca256_lexical_w005
64282,62,minibatch_k64,text_pca256_lexical_w005
64283,14,minibatch_k64,text_pca256_lexical_w005
64284,10,minibatch_k64,text_pca256_lexical_w005
64285,0,minibatch_k64,text_pca256_lexical_w005
64286,0,minibatch_k64,text_pca256_lexical_w005
64287,53,minibatch_k64,text_pca256_lexical_w005
64288,0,minibatch_k64,text_pca256_lexical_w005
64289,15,minibatch_k64,text_pca256_lexical_w005
64290,33,minibatch_k64,text_pca256_lexical_w005
64291,0,minibatch_k64,text_pca256_lexical_w005
64292,20,minibatch_k64,text_pca256_lexical_w005
64293,39,minibatch_k64,text_pca256_lexical_w005
64294,39,minibatch_k64,text_pca256_lexical_w005
64295,58,minibatch_k64,text_pca256_lexical_w005
64296,58,minibatch_k64,text_pca256_lexical_w005
64297,55,minibatch_k64,text_pca256_lexical_w005
64298,23,minibatch_k64,text_pca256_lexical_w005
64299,35,minibatch_k64,text_pca256_lexical_w005
64300,4,minibatch_k64,text_pca256_lexical_w005
64301,39,minibatch_k64,text_pca256_lexical_w005
64302,0,minibatch_k64,text_pca256_lexical_w005
64303,62,minibatch_k64,text_pca256_lexical_w005
64304,10,minibatch_k64,text_pca256_lexical_w005
64305,62,minibatch_k64,text_pca256_lexical_w005
64306,0,minibatch_k64,text_pca256_lexical_w005
64307,8,minibatch_k64,text_pca256_lexical_w005
64308,21,minibatch_k64,text_pca256_lexical_w005
64309,8,minibatch_k64,text_pca256_lexical_w005
64310,53,minibatch_k64,text_pca256_lexical_w005
64311,8,minibatch_k64,text_pca256_lexical_w005
64312,8,minibatch_k64,text_pca256_lexical_w005
64313,0,minibatch_k64,text_pca256_lexical_w005
64314,23,minibatch_k64,text_pca256_lexical_w005
64315,0,minibatch_k64,text_pca256_lexical_w005
64316,0,minibatch_k64,text_pca256_lexical_w005
64317,33,minibatch_k64,text_pca256_lexical_w005
64318,0,minibatch_k64,text_pca256_lexical_w005
64319,0,minibatch_k64,text_pca256_lexical_w005
64320,8,minibatch_k64,text_pca256_lexical_w005
64321,15,minibatch_k64,text_pca256_lexical_w005
64322,0,minibatch_k64,text_pca256_lexical_w005
64323,0,minibatch_k64,text_pca256_lexical_w005
64324,38,minibatch_k64,text_pca256_lexical_w005
64325,58,minibatch_k64,text_pca256_lexical_w005
64326,55,minibatch_k64,text_pca256_lexical_w005
64327,37,minibatch_k64,text_pca256_lexical_w005
64328,62,minibatch_k64,text_pca256_lexical_w005
64329,33,minibatch_k64,text_pca256_lexical_w005
64330,0,minibatch_k64,text_pca256_lexical_w005
64331,21,minibatch_k64,text_pca256_lexical_w005
64332,62,minibatch_k64,text_pca256_lexical_w005
64333,0,minibatch_k64,text_pca256_lexical_w005
64334,8,minibatch_k64,text_pca256_lexical_w005
64335,45,minibatch_k64,text_pca256_lexical_w005
64336,62,minibatch_k64,text_pca256_lexical_w005
64337,62,minibatch_k64,text_pca256_lexical_w005
64338,23,minibatch_k64,text_pca256_lexical_w005
64339,62,minibatch_k64,text_pca256_lexical_w005
64340,38,minibatch_k64,text_pca256_lexical_w005
64341,8,minibatch_k64,text_pca256_lexical_w005
64342,61,minibatch_k64,text_pca256_lexical_w005
64343,39,minibatch_k64,text_pca256_lexical_w005
64344,62,minibatch_k64,text_pca256_lexical_w005
64345,0,minibatch_k64,text_pca256_lexical_w005
64346,8,minibatch_k64,text_pca256_lexical_w005
64347,0,minibatch_k64,text_pca256_lexical_w005
64348,20,minibatch_k64,text_pca256_lexical_w005
64349,8,minibatch_k64,text_pca256_lexical_w005
64350,23,minibatch_k64,text_pca256_lexical_w005
64351,45,minibatch_k64,text_pca256_lexical_w005
64352,38,minibatch_k64,text_pca256_lexical_w005
64353,36,minibatch_k64,text_pca256_lexical_w005
64354,37,minibatch_k64,text_pca256_lexical_w005
64355,15,minibatch_k64,text_pca256_lexical_w005
64356,39,minibatch_k64,text_pca256_lexical_w005
64357,15,minibatch_k64,text_pca256_lexical_w005
64358,39,minibatch_k64,text_pca256_lexical_w005
64359,15,minibatch_k64,text_pca256_lexical_w005
64360,15,minibatch_k64,text_pca256_lexical_w005
64361,15,minibatch_k64,text_pca256_lexical_w005
64362,15,minibatch_k64,text_pca256_lexical_w005
64363,36,minibatch_k64,text_pca256_lexical_w005
64364,55,minibatch_k64,text_pca256_lexical_w005
64365,37,minibatch_k64,text_pca256_lexical_w005
64366,18,minibatch_k64,text_pca256_lexical_w005
64367,0,minibatch_k64,text_pca256_lexical_w005
64368,0,minibatch_k64,text_pca256_lexical_w005
64369,59,minibatch_k64,text_pca256_lexical_w005
64370,21,minibatch_k64,text_pca256_lexical_w005
64371,20,minibatch_k64,text_pca256_lexical_w005
64372,2,minibatch_k64,text_pca256_lexical_w005
64373,45,minibatch_k64,text_pca256_lexical_w005
64374,45,minibatch_k64,text_pca256_lexical_w005
64375,0,minibatch_k64,text_pca256_lexical_w005
64376,38,minibatch_k64,text_pca256_lexical_w005
64377,12,minibatch_k64,text_pca256_lexical_w005
64378,55,minibatch_k64,text_pca256_lexical_w005
64379,37,minibatch_k64,text_pca256_lexical_w005
64380,45,minibatch_k64,text_pca256_lexical_w005
64381,45,minibatch_k64,text_pca256_lexical_w005
64382,45,minibatch_k64,text_pca256_lexical_w005
64383,45,minibatch_k64,text_pca256_lexical_w005
64384,45,minibatch_k64,text_pca256_lexical_w005
64385,45,minibatch_k64,text_pca256_lexical_w005
64386,45,minibatch_k64,text_pca256_lexical_w005
64387,45,minibatch_k64,text_pca256_lexical_w005
64388,45,minibatch_k64,text_pca256_lexical_w005
64389,45,minibatch_k64,text_pca256_lexical_w005
64390,59,minibatch_k64,text_pca256_lexical_w005
64391,4,minibatch_k64,text_pca256_lexical_w005
64392,23,minibatch_k64,text_pca256_lexical_w005
64393,0,minibatch_k64,text_pca256_lexical_w005
64394,59,minibatch_k64,text_pca256_lexical_w005
64395,15,minibatch_k64,text_pca256_lexical_w005
64396,8,minibatch_k64,text_pca256_lexical_w005
64397,0,minibatch_k64,text_pca256_lexical_w005
64398,23,minibatch_k64,text_pca256_lexical_w005
64399,8,minibatch_k64,text_pca256_lexical_w005
64400,10,minibatch_k64,text_pca256_lexical_w005
64401,42,minibatch_k64,text_pca256_lexical_w005
64402,45,minibatch_k64,text_pca256_lexical_w005
64403,21,minibatch_k64,text_pca256_lexical_w005
64404,38,minibatch_k64,text_pca256_lexical_w005
64405,12,minibatch_k64,text_pca256_lexical_w005
64406,36,minibatch_k64,text_pca256_lexical_w005
64407,45,minibatch_k64,text_pca256_lexical_w005
64408,55,minibatch_k64,text_pca256_lexical_w005
64409,0,minibatch_k64,text_pca256_lexical_w005
64410,37,minibatch_k64,text_pca256_lexical_w005
64411,45,minibatch_k64,text_pca256_lexical_w005
64412,53,minibatch_k64,text_pca256_lexical_w005
64413,39,minibatch_k64,text_pca256_lexical_w005
64414,39,minibatch_k64,text_pca256_lexical_w005
64415,39,minibatch_k64,text_pca256_lexical_w005
64416,10,minibatch_k64,text_pca256_lexical_w005
64417,59,minibatch_k64,text_pca256_lexical_w005
64418,10,minibatch_k64,text_pca256_lexical_w005
64419,10,minibatch_k64,text_pca256_lexical_w005
64420,59,minibatch_k64,text_pca256_lexical_w005
64421,23,minibatch_k64,text_pca256_lexical_w005
64422,0,minibatch_k64,text_pca256_lexical_w005
64423,2,minibatch_k64,text_pca256_lexical_w005
64424,45,minibatch_k64,text_pca256_lexical_w005
64425,16,minibatch_k64,text_pca256_lexical_w005
64426,58,minibatch_k64,text_pca256_lexical_w005
64427,12,minibatch_k64,text_pca256_lexical_w005
64428,45,minibatch_k64,text_pca256_lexical_w005
64429,36,minibatch_k64,text_pca256_lexical_w005
64430,55,minibatch_k64,text_pca256_lexical_w005
64431,37,minibatch_k64,text_pca256_lexical_w005
64432,45,minibatch_k64,text_pca256_lexical_w005
64433,0,minibatch_k64,text_pca256_lexical_w005
64434,10,minibatch_k64,text_pca256_lexical_w005
64435,0,minibatch_k64,text_pca256_lexical_w005
64436,15,minibatch_k64,text_pca256_lexical_w005
64437,50,minibatch_k64,text_pca256_lexical_w005
64438,2,minibatch_k64,text_pca256_lexical_w005
64439,10,minibatch_k64,text_pca256_lexical_w005
64440,53,minibatch_k64,text_pca256_lexical_w005
64441,15,minibatch_k64,text_pca256_lexical_w005
64442,45,minibatch_k64,text_pca256_lexical_w005
64443,0,minibatch_k64,text_pca256_lexical_w005
64444,45,minibatch_k64,text_pca256_lexical_w005
64445,33,minibatch_k64,text_pca256_lexical_w005
64446,59,minibatch_k64,text_pca256_lexical_w005
64447,23,minibatch_k64,text_pca256_lexical_w005
64448,8,minibatch_k64,text_pca256_lexical_w005
64449,23,minibatch_k64,text_pca256_lexical_w005
64450,8,minibatch_k64,text_pca256_lexical_w005
64451,45,minibatch_k64,text_pca256_lexical_w005
64452,23,minibatch_k64,text_pca256_lexical_w005
64453,10,minibatch_k64,text_pca256_lexical_w005
64454,62,minibatch_k64,text_pca256_lexical_w005
64455,59,minibatch_k64,text_pca256_lexical_w005
64456,21,minibatch_k64,text_pca256_lexical_w005
64457,45,minibatch_k64,text_pca256_lexical_w005
64458,45,minibatch_k64,text_pca256_lexical_w005
64459,45,minibatch_k64,text_pca256_lexical_w005
64460,45,minibatch_k64,text_pca256_lexical_w005
64461,45,minibatch_k64,text_pca256_lexical_w005
64462,45,minibatch_k64,text_pca256_lexical_w005
64463,18,minibatch_k64,text_pca256_lexical_w005
64464,45,minibatch_k64,text_pca256_lexical_w005
64465,45,minibatch_k64,text_pca256_lexical_w005
64466,59,minibatch_k64,text_pca256_lexical_w005
64467,4,minibatch_k64,text_pca256_lexical_w005
64468,0,minibatch_k64,text_pca256_lexical_w005
64469,45,minibatch_k64,text_pca256_lexical_w005
64470,23,minibatch_k64,text_pca256_lexical_w005
64471,45,minibatch_k64,text_pca256_lexical_w005
64472,45,minibatch_k64,text_pca256_lexical_w005
64473,8,minibatch_k64,text_pca256_lexical_w005
64474,45,minibatch_k64,text_pca256_lexical_w005
64475,62,minibatch_k64,text_pca256_lexical_w005
64476,45,minibatch_k64,text_pca256_lexical_w005
64477,10,minibatch_k64,text_pca256_lexical_w005
64478,62,minibatch_k64,text_pca256_lexical_w005
64479,10,minibatch_k64,text_pca256_lexical_w005
64480,0,minibatch_k64,text_pca256_lexical_w005
64481,15,minibatch_k64,text_pca256_lexical_w005
64482,45,minibatch_k64,text_pca256_lexical_w005
64483,0,minibatch_k64,text_pca256_lexical_w005
64484,10,minibatch_k64,text_pca256_lexical_w005
64485,62,minibatch_k64,text_pca256_lexical_w005
64486,10,minibatch_k64,text_pca256_lexical_w005
64487,10,minibatch_k64,text_pca256_lexical_w005
64488,62,minibatch_k64,text_pca256_lexical_w005
64489,0,minibatch_k64,text_pca256_lexical_w005
64490,62,minibatch_k64,text_pca256_lexical_w005
64491,4,minibatch_k64,text_pca256_lexical_w005
64492,43,minibatch_k64,text_pca256_lexical_w005
64493,42,minibatch_k64,text_pca256_lexical_w005
64494,10,minibatch_k64,text_pca256_lexical_w005
64495,43,minibatch_k64,text_pca256_lexical_w005
64496,43,minibatch_k64,text_pca256_lexical_w005
64497,43,minibatch_k64,text_pca256_lexical_w005
64498,10,minibatch_k64,text_pca256_lexical_w005
64499,43,minibatch_k64,text_pca256_lexical_w005
64500,8,minibatch_k64,text_pca256_lexical_w005
64501,47,minibatch_k64,text_pca256_lexical_w005
64502,0,minibatch_k64,text_pca256_lexical_w005
64503,0,minibatch_k64,text_pca256_lexical_w005
64504,0,minibatch_k64,text_pca256_lexical_w005
64505,0,minibatch_k64,text_pca256_lexical_w005
64506,23,minibatch_k64,text_pca256_lexical_w005
64507,43,minibatch_k64,text_pca256_lexical_w005
64508,43,minibatch_k64,text_pca256_lexical_w005
64509,5,minibatch_k64,text_pca256_lexical_w005
64510,43,minibatch_k64,text_pca256_lexical_w005
64511,0,minibatch_k64,text_pca256_lexical_w005
64512,33,minibatch_k64,text_pca256_lexical_w005
64513,5,minibatch_k64,text_pca256_lexical_w005
64514,43,minibatch_k64,text_pca256_lexical_w005
64515,43,minibatch_k64,text_pca256_lexical_w005
64516,43,minibatch_k64,text_pca256_lexical_w005
64517,42,minibatch_k64,text_pca256_lexical_w005
64518,62,minibatch_k64,text_pca256_lexical_w005
64519,23,minibatch_k64,text_pca256_lexical_w005
64520,42,minibatch_k64,text_pca256_lexical_w005
64521,33,minibatch_k64,text_pca256_lexical_w005
64522,29,minibatch_k64,text_pca256_lexical_w005
64523,23,minibatch_k64,text_pca256_lexical_w005
64524,10,minibatch_k64,text_pca256_lexical_w005
64525,43,minibatch_k64,text_pca256_lexical_w005
64526,8,minibatch_k64,text_pca256_lexical_w005
64527,62,minibatch_k64,text_pca256_lexical_w005
64528,43,minibatch_k64,text_pca256_lexical_w005
64529,62,minibatch_k64,text_pca256_lexical_w005
64530,0,minibatch_k64,text_pca256_lexical_w005
64531,62,minibatch_k64,text_pca256_lexical_w005
64532,45,minibatch_k64,text_pca256_lexical_w005
64533,23,minibatch_k64,text_pca256_lexical_w005
64534,23,minibatch_k64,text_pca256_lexical_w005
64535,45,minibatch_k64,text_pca256_lexical_w005
64536,23,minibatch_k64,text_pca256_lexical_w005
64537,43,minibatch_k64,text_pca256_lexical_w005
64538,50,minibatch_k64,text_pca256_lexical_w005
64539,0,minibatch_k64,text_pca256_lexical_w005
64540,62,minibatch_k64,text_pca256_lexical_w005
64541,0,minibatch_k64,text_pca256_lexical_w005
64542,23,minibatch_k64,text_pca256_lexical_w005
64543,0,minibatch_k64,text_pca256_lexical_w005
64544,0,minibatch_k64,text_pca256_lexical_w005
64545,23,minibatch_k64,text_pca256_lexical_w005
64546,62,minibatch_k64,text_pca256_lexical_w005
64547,0,minibatch_k64,text_pca256_lexical_w005
64548,0,minibatch_k64,text_pca256_lexical_w005
64549,23,minibatch_k64,text_pca256_lexical_w005
64550,2,minibatch_k64,text_pca256_lexical_w005
64551,45,minibatch_k64,text_pca256_lexical_w005
64552,8,minibatch_k64,text_pca256_lexical_w005
64553,0,minibatch_k64,text_pca256_lexical_w005
64554,0,minibatch_k64,text_pca256_lexical_w005
64555,0,minibatch_k64,text_pca256_lexical_w005
64556,0,minibatch_k64,text_pca256_lexical_w005
64557,43,minibatch_k64,text_pca256_lexical_w005
64558,8,minibatch_k64,text_pca256_lexical_w005
64559,43,minibatch_k64,text_pca256_lexical_w005
64560,23,minibatch_k64,text_pca256_lexical_w005
64561,0,minibatch_k64,text_pca256_lexical_w005
64562,62,minibatch_k64,text_pca256_lexical_w005
64563,23,minibatch_k64,text_pca256_lexical_w005
64564,23,minibatch_k64,text_pca256_lexical_w005
64565,43,minibatch_k64,text_pca256_lexical_w005
64566,29,minibatch_k64,text_pca256_lexical_w005
64567,43,minibatch_k64,text_pca256_lexical_w005
64568,23,minibatch_k64,text_pca256_lexical_w005
64569,43,minibatch_k64,text_pca256_lexical_w005
64570,43,minibatch_k64,text_pca256_lexical_w005
64571,43,minibatch_k64,text_pca256_lexical_w005
64572,23,minibatch_k64,text_pca256_lexical_w005
64573,0,minibatch_k64,text_pca256_lexical_w005
64574,0,minibatch_k64,text_pca256_lexical_w005
64575,43,minibatch_k64,text_pca256_lexical_w005
64576,10,minibatch_k64,text_pca256_lexical_w005
64577,43,minibatch_k64,text_pca256_lexical_w005
64578,43,minibatch_k64,text_pca256_lexical_w005
64579,43,minibatch_k64,text_pca256_lexical_w005
64580,43,minibatch_k64,text_pca256_lexical_w005
64581,43,minibatch_k64,text_pca256_lexical_w005
64582,43,minibatch_k64,text_pca256_lexical_w005
64583,43,minibatch_k64,text_pca256_lexical_w005
64584,62,minibatch_k64,text_pca256_lexical_w005
64585,0,minibatch_k64,text_pca256_lexical_w005
64586,0,minibatch_k64,text_pca256_lexical_w005
64587,38,minibatch_k64,text_pca256_lexical_w005
64588,43,minibatch_k64,text_pca256_lexical_w005
64589,15,minibatch_k64,text_pca256_lexical_w005
64590,43,minibatch_k64,text_pca256_lexical_w005
64591,43,minibatch_k64,text_pca256_lexical_w005
64592,43,minibatch_k64,text_pca256_lexical_w005
64593,10,minibatch_k64,text_pca256_lexical_w005
64594,4,minibatch_k64,text_pca256_lexical_w005
64595,4,minibatch_k64,text_pca256_lexical_w005
64596,23,minibatch_k64,text_pca256_lexical_w005
64597,62,minibatch_k64,text_pca256_lexical_w005
64598,23,minibatch_k64,text_pca256_lexical_w005
64599,0,minibatch_k64,text_pca256_lexical_w005
64600,23,minibatch_k64,text_pca256_lexical_w005
64601,0,minibatch_k64,text_pca256_lexical_w005
64602,4,minibatch_k64,text_pca256_lexical_w005
64603,62,minibatch_k64,text_pca256_lexical_w005
64604,45,minibatch_k64,text_pca256_lexical_w005
64605,23,minibatch_k64,text_pca256_lexical_w005
64606,45,minibatch_k64,text_pca256_lexical_w005
64607,0,minibatch_k64,text_pca256_lexical_w005
64608,45,minibatch_k64,text_pca256_lexical_w005
64609,43,minibatch_k64,text_pca256_lexical_w005
64610,43,minibatch_k64,text_pca256_lexical_w005
64611,29,minibatch_k64,text_pca256_lexical_w005
64612,23,minibatch_k64,text_pca256_lexical_w005
64613,23,minibatch_k64,text_pca256_lexical_w005
64614,4,minibatch_k64,text_pca256_lexical_w005
64615,0,minibatch_k64,text_pca256_lexical_w005
64616,62,minibatch_k64,text_pca256_lexical_w005
64617,62,minibatch_k64,text_pca256_lexical_w005
64618,62,minibatch_k64,text_pca256_lexical_w005
64619,2,minibatch_k64,text_pca256_lexical_w005
64620,23,minibatch_k64,text_pca256_lexical_w005
64621,23,minibatch_k64,text_pca256_lexical_w005
64622,43,minibatch_k64,text_pca256_lexical_w005
64623,43,minibatch_k64,text_pca256_lexical_w005
64624,43,minibatch_k64,text_pca256_lexical_w005
64625,8,minibatch_k64,text_pca256_lexical_w005
64626,23,minibatch_k64,text_pca256_lexical_w005
64627,23,minibatch_k64,text_pca256_lexical_w005
64628,23,minibatch_k64,text_pca256_lexical_w005
64629,59,minibatch_k64,text_pca256_lexical_w005
64630,43,minibatch_k64,text_pca256_lexical_w005
64631,0,minibatch_k64,text_pca256_lexical_w005
64632,43,minibatch_k64,text_pca256_lexical_w005
64633,50,minibatch_k64,text_pca256_lexical_w005
64634,62,minibatch_k64,text_pca256_lexical_w005
64635,47,minibatch_k64,text_pca256_lexical_w005
64636,43,minibatch_k64,text_pca256_lexical_w005
64637,43,minibatch_k64,text_pca256_lexical_w005
64638,43,minibatch_k64,text_pca256_lexical_w005
64639,43,minibatch_k64,text_pca256_lexical_w005
64640,62,minibatch_k64,text_pca256_lexical_w005
64641,50,minibatch_k64,text_pca256_lexical_w005
64642,43,minibatch_k64,text_pca256_lexical_w005
64643,23,minibatch_k64,text_pca256_lexical_w005
64644,43,minibatch_k64,text_pca256_lexical_w005
64645,23,minibatch_k64,text_pca256_lexical_w005
64646,15,minibatch_k64,text_pca256_lexical_w005
64647,43,minibatch_k64,text_pca256_lexical_w005
64648,23,minibatch_k64,text_pca256_lexical_w005
64649,43,minibatch_k64,text_pca256_lexical_w005
64650,62,minibatch_k64,text_pca256_lexical_w005
64651,0,minibatch_k64,text_pca256_lexical_w005
64652,15,minibatch_k64,text_pca256_lexical_w005
64653,8,minibatch_k64,text_pca256_lexical_w005
64654,43,minibatch_k64,text_pca256_lexical_w005
64655,10,minibatch_k64,text_pca256_lexical_w005
64656,43,minibatch_k64,text_pca256_lexical_w005
64657,43,minibatch_k64,text_pca256_lexical_w005
64658,43,minibatch_k64,text_pca256_lexical_w005
64659,43,minibatch_k64,text_pca256_lexical_w005
64660,38,minibatch_k64,text_pca256_lexical_w005
64661,43,minibatch_k64,text_pca256_lexical_w005
64662,43,minibatch_k64,text_pca256_lexical_w005
64663,43,minibatch_k64,text_pca256_lexical_w005
64664,60,minibatch_k64,text_pca256_lexical_w005
64665,8,minibatch_k64,text_pca256_lexical_w005
64666,0,minibatch_k64,text_pca256_lexical_w005
64667,29,minibatch_k64,text_pca256_lexical_w005
64668,43,minibatch_k64,text_pca256_lexical_w005
64669,42,minibatch_k64,text_pca256_lexical_w005
64670,43,minibatch_k64,text_pca256_lexical_w005
64671,43,minibatch_k64,text_pca256_lexical_w005
64672,43,minibatch_k64,text_pca256_lexical_w005
64673,43,minibatch_k64,text_pca256_lexical_w005
64674,50,minibatch_k64,text_pca256_lexical_w005
64675,15,minibatch_k64,text_pca256_lexical_w005
64676,8,minibatch_k64,text_pca256_lexical_w005
64677,43,minibatch_k64,text_pca256_lexical_w005
64678,43,minibatch_k64,text_pca256_lexical_w005
64679,23,minibatch_k64,text_pca256_lexical_w005
64680,62,minibatch_k64,text_pca256_lexical_w005
64681,43,minibatch_k64,text_pca256_lexical_w005
64682,43,minibatch_k64,text_pca256_lexical_w005
64683,43,minibatch_k64,text_pca256_lexical_w005
64684,42,minibatch_k64,text_pca256_lexical_w005
64685,43,minibatch_k64,text_pca256_lexical_w005
64686,43,minibatch_k64,text_pca256_lexical_w005
64687,43,minibatch_k64,text_pca256_lexical_w005
64688,43,minibatch_k64,text_pca256_lexical_w005
64689,43,minibatch_k64,text_pca256_lexical_w005
64690,23,minibatch_k64,text_pca256_lexical_w005
64691,43,minibatch_k64,text_pca256_lexical_w005
64692,23,minibatch_k64,text_pca256_lexical_w005
64693,43,minibatch_k64,text_pca256_lexical_w005
64694,15,minibatch_k64,text_pca256_lexical_w005
64695,15,minibatch_k64,text_pca256_lexical_w005
64696,43,minibatch_k64,text_pca256_lexical_w005
64697,43,minibatch_k64,text_pca256_lexical_w005
64698,43,minibatch_k64,text_pca256_lexical_w005
64699,43,minibatch_k64,text_pca256_lexical_w005
64700,43,minibatch_k64,text_pca256_lexical_w005
64701,43,minibatch_k64,text_pca256_lexical_w005
64702,60,minibatch_k64,text_pca256_lexical_w005
64703,43,minibatch_k64,text_pca256_lexical_w005
64704,43,minibatch_k64,text_pca256_lexical_w005
64705,43,minibatch_k64,text_pca256_lexical_w005
64706,5,minibatch_k64,text_pca256_lexical_w005
64707,43,minibatch_k64,text_pca256_lexical_w005
64708,43,minibatch_k64,text_pca256_lexical_w005
64709,43,minibatch_k64,text_pca256_lexical_w005
64710,43,minibatch_k64,text_pca256_lexical_w005
64711,23,minibatch_k64,text_pca256_lexical_w005
64712,23,minibatch_k64,text_pca256_lexical_w005
64713,43,minibatch_k64,text_pca256_lexical_w005
64714,43,minibatch_k64,text_pca256_lexical_w005
64715,43,minibatch_k64,text_pca256_lexical_w005
64716,56,minibatch_k64,text_pca256_lexical_w005
64717,43,minibatch_k64,text_pca256_lexical_w005
64718,10,minibatch_k64,text_pca256_lexical_w005
64719,23,minibatch_k64,text_pca256_lexical_w005
64720,43,minibatch_k64,text_pca256_lexical_w005
64721,23,minibatch_k64,text_pca256_lexical_w005
64722,62,minibatch_k64,text_pca256_lexical_w005
64723,15,minibatch_k64,text_pca256_lexical_w005
64724,15,minibatch_k64,text_pca256_lexical_w005
64725,45,minibatch_k64,text_pca256_lexical_w005
64726,43,minibatch_k64,text_pca256_lexical_w005
64727,43,minibatch_k64,text_pca256_lexical_w005
64728,23,minibatch_k64,text_pca256_lexical_w005
64729,23,minibatch_k64,text_pca256_lexical_w005
64730,43,minibatch_k64,text_pca256_lexical_w005
64731,43,minibatch_k64,text_pca256_lexical_w005
64732,43,minibatch_k64,text_pca256_lexical_w005
64733,29,minibatch_k64,text_pca256_lexical_w005
64734,43,minibatch_k64,text_pca256_lexical_w005
64735,29,minibatch_k64,text_pca256_lexical_w005
64736,43,minibatch_k64,text_pca256_lexical_w005
64737,43,minibatch_k64,text_pca256_lexical_w005
64738,43,minibatch_k64,text_pca256_lexical_w005
64739,43,minibatch_k64,text_pca256_lexical_w005
64740,43,minibatch_k64,text_pca256_lexical_w005
64741,43,minibatch_k64,text_pca256_lexical_w005
64742,43,minibatch_k64,text_pca256_lexical_w005
64743,59,minibatch_k64,text_pca256_lexical_w005
64744,43,minibatch_k64,text_pca256_lexical_w005
64745,60,minibatch_k64,text_pca256_lexical_w005
64746,23,minibatch_k64,text_pca256_lexical_w005
64747,45,minibatch_k64,text_pca256_lexical_w005
64748,23,minibatch_k64,text_pca256_lexical_w005
64749,50,minibatch_k64,text_pca256_lexical_w005
64750,43,minibatch_k64,text_pca256_lexical_w005
64751,53,minibatch_k64,text_pca256_lexical_w005
64752,43,minibatch_k64,text_pca256_lexical_w005
64753,50,minibatch_k64,text_pca256_lexical_w005
64754,4,minibatch_k64,text_pca256_lexical_w005
64755,23,minibatch_k64,text_pca256_lexical_w005
64756,8,minibatch_k64,text_pca256_lexical_w005
64757,45,minibatch_k64,text_pca256_lexical_w005
64758,43,minibatch_k64,text_pca256_lexical_w005
64759,23,minibatch_k64,text_pca256_lexical_w005
64760,43,minibatch_k64,text_pca256_lexical_w005
64761,23,minibatch_k64,text_pca256_lexical_w005
64762,33,minibatch_k64,text_pca256_lexical_w005
64763,50,minibatch_k64,text_pca256_lexical_w005
64764,23,minibatch_k64,text_pca256_lexical_w005
64765,43,minibatch_k64,text_pca256_lexical_w005
64766,4,minibatch_k64,text_pca256_lexical_w005
64767,29,minibatch_k64,text_pca256_lexical_w005
64768,50,minibatch_k64,text_pca256_lexical_w005
64769,0,minibatch_k64,text_pca256_lexical_w005
64770,23,minibatch_k64,text_pca256_lexical_w005
64771,0,minibatch_k64,text_pca256_lexical_w005
64772,43,minibatch_k64,text_pca256_lexical_w005
64773,23,minibatch_k64,text_pca256_lexical_w005
64774,45,minibatch_k64,text_pca256_lexical_w005
64775,23,minibatch_k64,text_pca256_lexical_w005
64776,8,minibatch_k64,text_pca256_lexical_w005
64777,15,minibatch_k64,text_pca256_lexical_w005
64778,10,minibatch_k64,text_pca256_lexical_w005
64779,23,minibatch_k64,text_pca256_lexical_w005
64780,43,minibatch_k64,text_pca256_lexical_w005
64781,50,minibatch_k64,text_pca256_lexical_w005
64782,23,minibatch_k64,text_pca256_lexical_w005
64783,23,minibatch_k64,text_pca256_lexical_w005
64784,4,minibatch_k64,text_pca256_lexical_w005
64785,23,minibatch_k64,text_pca256_lexical_w005
64786,43,minibatch_k64,text_pca256_lexical_w005
64787,43,minibatch_k64,text_pca256_lexical_w005
64788,8,minibatch_k64,text_pca256_lexical_w005
64789,0,minibatch_k64,text_pca256_lexical_w005
64790,62,minibatch_k64,text_pca256_lexical_w005
64791,62,minibatch_k64,text_pca256_lexical_w005
64792,62,minibatch_k64,text_pca256_lexical_w005
64793,62,minibatch_k64,text_pca256_lexical_w005
64794,15,minibatch_k64,text_pca256_lexical_w005
64795,43,minibatch_k64,text_pca256_lexical_w005
64796,15,minibatch_k64,text_pca256_lexical_w005
64797,15,minibatch_k64,text_pca256_lexical_w005
64798,23,minibatch_k64,text_pca256_lexical_w005
64799,8,minibatch_k64,text_pca256_lexical_w005
64800,43,minibatch_k64,text_pca256_lexical_w005
64801,43,minibatch_k64,text_pca256_lexical_w005
64802,43,minibatch_k64,text_pca256_lexical_w005
64803,43,minibatch_k64,text_pca256_lexical_w005
64804,60,minibatch_k64,text_pca256_lexical_w005
64805,10,minibatch_k64,text_pca256_lexical_w005
64806,43,minibatch_k64,text_pca256_lexical_w005
64807,15,minibatch_k64,text_pca256_lexical_w005
64808,43,minibatch_k64,text_pca256_lexical_w005
64809,50,minibatch_k64,text_pca256_lexical_w005
64810,43,minibatch_k64,text_pca256_lexical_w005
64811,45,minibatch_k64,text_pca256_lexical_w005
64812,8,minibatch_k64,text_pca256_lexical_w005
64813,43,minibatch_k64,text_pca256_lexical_w005
64814,43,minibatch_k64,text_pca256_lexical_w005
64815,23,minibatch_k64,text_pca256_lexical_w005
64816,23,minibatch_k64,text_pca256_lexical_w005
64817,15,minibatch_k64,text_pca256_lexical_w005
64818,43,minibatch_k64,text_pca256_lexical_w005
64819,43,minibatch_k64,text_pca256_lexical_w005
64820,62,minibatch_k64,text_pca256_lexical_w005
64821,43,minibatch_k64,text_pca256_lexical_w005
64822,43,minibatch_k64,text_pca256_lexical_w005
64823,43,minibatch_k64,text_pca256_lexical_w005
64824,43,minibatch_k64,text_pca256_lexical_w005
64825,43,minibatch_k64,text_pca256_lexical_w005
64826,50,minibatch_k64,text_pca256_lexical_w005
64827,0,minibatch_k64,text_pca256_lexical_w005
64828,47,minibatch_k64,text_pca256_lexical_w005
64829,43,minibatch_k64,text_pca256_lexical_w005
64830,43,minibatch_k64,text_pca256_lexical_w005
64831,62,minibatch_k64,text_pca256_lexical_w005
64832,15,minibatch_k64,text_pca256_lexical_w005
64833,8,minibatch_k64,text_pca256_lexical_w005
64834,43,minibatch_k64,text_pca256_lexical_w005
64835,43,minibatch_k64,text_pca256_lexical_w005
64836,47,minibatch_k64,text_pca256_lexical_w005
64837,43,minibatch_k64,text_pca256_lexical_w005
64838,50,minibatch_k64,text_pca256_lexical_w005
64839,43,minibatch_k64,text_pca256_lexical_w005
64840,47,minibatch_k64,text_pca256_lexical_w005
64841,38,minibatch_k64,text_pca256_lexical_w005
64842,43,minibatch_k64,text_pca256_lexical_w005
64843,43,minibatch_k64,text_pca256_lexical_w005
64844,60,minibatch_k64,text_pca256_lexical_w005
64845,23,minibatch_k64,text_pca256_lexical_w005
64846,47,minibatch_k64,text_pca256_lexical_w005
64847,43,minibatch_k64,text_pca256_lexical_w005
64848,62,minibatch_k64,text_pca256_lexical_w005
64849,45,minibatch_k64,text_pca256_lexical_w005
64850,0,minibatch_k64,text_pca256_lexical_w005
64851,42,minibatch_k64,text_pca256_lexical_w005
64852,45,minibatch_k64,text_pca256_lexical_w005
64853,43,minibatch_k64,text_pca256_lexical_w005
64854,50,minibatch_k64,text_pca256_lexical_w005
64855,23,minibatch_k64,text_pca256_lexical_w005
64856,0,minibatch_k64,text_pca256_lexical_w005
64857,23,minibatch_k64,text_pca256_lexical_w005
64858,43,minibatch_k64,text_pca256_lexical_w005
64859,33,minibatch_k64,text_pca256_lexical_w005
64860,43,minibatch_k64,text_pca256_lexical_w005
64861,15,minibatch_k64,text_pca256_lexical_w005
64862,43,minibatch_k64,text_pca256_lexical_w005
64863,23,minibatch_k64,text_pca256_lexical_w005
64864,62,minibatch_k64,text_pca256_lexical_w005
64865,61,minibatch_k64,text_pca256_lexical_w005
64866,61,minibatch_k64,text_pca256_lexical_w005
64867,61,minibatch_k64,text_pca256_lexical_w005
64868,43,minibatch_k64,text_pca256_lexical_w005
64869,61,minibatch_k64,text_pca256_lexical_w005
64870,0,minibatch_k64,text_pca256_lexical_w005
64871,50,minibatch_k64,text_pca256_lexical_w005
64872,61,minibatch_k64,text_pca256_lexical_w005
64873,61,minibatch_k64,text_pca256_lexical_w005
64874,61,minibatch_k64,text_pca256_lexical_w005
64875,23,minibatch_k64,text_pca256_lexical_w005
64876,43,minibatch_k64,text_pca256_lexical_w005
64877,23,minibatch_k64,text_pca256_lexical_w005
64878,8,minibatch_k64,text_pca256_lexical_w005
64879,23,minibatch_k64,text_pca256_lexical_w005
64880,0,minibatch_k64,text_pca256_lexical_w005
64881,43,minibatch_k64,text_pca256_lexical_w005
64882,61,minibatch_k64,text_pca256_lexical_w005
64883,43,minibatch_k64,text_pca256_lexical_w005
64884,23,minibatch_k64,text_pca256_lexical_w005
64885,50,minibatch_k64,text_pca256_lexical_w005
64886,61,minibatch_k64,text_pca256_lexical_w005
64887,62,minibatch_k64,text_pca256_lexical_w005
64888,43,minibatch_k64,text_pca256_lexical_w005
64889,43,minibatch_k64,text_pca256_lexical_w005
64890,43,minibatch_k64,text_pca256_lexical_w005
64891,61,minibatch_k64,text_pca256_lexical_w005
64892,23,minibatch_k64,text_pca256_lexical_w005
64893,43,minibatch_k64,text_pca256_lexical_w005
64894,43,minibatch_k64,text_pca256_lexical_w005
64895,43,minibatch_k64,text_pca256_lexical_w005
64896,61,minibatch_k64,text_pca256_lexical_w005
64897,61,minibatch_k64,text_pca256_lexical_w005
64898,62,minibatch_k64,text_pca256_lexical_w005
64899,15,minibatch_k64,text_pca256_lexical_w005
64900,43,minibatch_k64,text_pca256_lexical_w005
64901,43,minibatch_k64,text_pca256_lexical_w005
64902,43,minibatch_k64,text_pca256_lexical_w005
64903,43,minibatch_k64,text_pca256_lexical_w005
64904,60,minibatch_k64,text_pca256_lexical_w005
64905,43,minibatch_k64,text_pca256_lexical_w005
64906,23,minibatch_k64,text_pca256_lexical_w005
64907,33,minibatch_k64,text_pca256_lexical_w005
64908,23,minibatch_k64,text_pca256_lexical_w005
64909,43,minibatch_k64,text_pca256_lexical_w005
64910,43,minibatch_k64,text_pca256_lexical_w005
64911,43,minibatch_k64,text_pca256_lexical_w005
64912,43,minibatch_k64,text_pca256_lexical_w005
64913,45,minibatch_k64,text_pca256_lexical_w005
64914,23,minibatch_k64,text_pca256_lexical_w005
64915,23,minibatch_k64,text_pca256_lexical_w005
64916,8,minibatch_k64,text_pca256_lexical_w005
64917,43,minibatch_k64,text_pca256_lexical_w005
64918,43,minibatch_k64,text_pca256_lexical_w005
64919,0,minibatch_k64,text_pca256_lexical_w005
64920,43,minibatch_k64,text_pca256_lexical_w005
64921,43,minibatch_k64,text_pca256_lexical_w005
64922,45,minibatch_k64,text_pca256_lexical_w005
64923,23,minibatch_k64,text_pca256_lexical_w005
64924,23,minibatch_k64,text_pca256_lexical_w005
64925,43,minibatch_k64,text_pca256_lexical_w005
64926,43,minibatch_k64,text_pca256_lexical_w005
64927,43,minibatch_k64,text_pca256_lexical_w005
64928,33,minibatch_k64,text_pca256_lexical_w005
64929,43,minibatch_k64,text_pca256_lexical_w005
64930,62,minibatch_k64,text_pca256_lexical_w005
64931,0,minibatch_k64,text_pca256_lexical_w005
64932,2,minibatch_k64,text_pca256_lexical_w005
64933,23,minibatch_k64,text_pca256_lexical_w005
64934,43,minibatch_k64,text_pca256_lexical_w005
64935,43,minibatch_k64,text_pca256_lexical_w005
64936,43,minibatch_k64,text_pca256_lexical_w005
64937,43,minibatch_k64,text_pca256_lexical_w005
64938,43,minibatch_k64,text_pca256_lexical_w005
64939,43,minibatch_k64,text_pca256_lexical_w005
64940,60,minibatch_k64,text_pca256_lexical_w005
64941,43,minibatch_k64,text_pca256_lexical_w005
64942,2,minibatch_k64,text_pca256_lexical_w005
64943,45,minibatch_k64,text_pca256_lexical_w005
64944,45,minibatch_k64,text_pca256_lexical_w005
64945,50,minibatch_k64,text_pca256_lexical_w005
64946,4,minibatch_k64,text_pca256_lexical_w005
64947,2,minibatch_k64,text_pca256_lexical_w005
64948,0,minibatch_k64,text_pca256_lexical_w005
64949,0,minibatch_k64,text_pca256_lexical_w005
64950,39,minibatch_k64,text_pca256_lexical_w005
64951,43,minibatch_k64,text_pca256_lexical_w005
64952,43,minibatch_k64,text_pca256_lexical_w005
64953,8,minibatch_k64,text_pca256_lexical_w005
64954,43,minibatch_k64,text_pca256_lexical_w005
64955,43,minibatch_k64,text_pca256_lexical_w005
64956,43,minibatch_k64,text_pca256_lexical_w005
64957,0,minibatch_k64,text_pca256_lexical_w005
64958,0,minibatch_k64,text_pca256_lexical_w005
64959,8,minibatch_k64,text_pca256_lexical_w005
64960,50,minibatch_k64,text_pca256_lexical_w005
64961,50,minibatch_k64,text_pca256_lexical_w005
64962,43,minibatch_k64,text_pca256_lexical_w005
64963,43,minibatch_k64,text_pca256_lexical_w005
64964,61,minibatch_k64,text_pca256_lexical_w005
64965,43,minibatch_k64,text_pca256_lexical_w005
64966,43,minibatch_k64,text_pca256_lexical_w005
64967,0,minibatch_k64,text_pca256_lexical_w005
64968,43,minibatch_k64,text_pca256_lexical_w005
64969,62,minibatch_k64,text_pca256_lexical_w005
64970,43,minibatch_k64,text_pca256_lexical_w005
64971,48,minibatch_k64,text_pca256_lexical_w005
64972,43,minibatch_k64,text_pca256_lexical_w005
64973,23,minibatch_k64,text_pca256_lexical_w005
64974,43,minibatch_k64,text_pca256_lexical_w005
64975,5,minibatch_k64,text_pca256_lexical_w005
64976,47,minibatch_k64,text_pca256_lexical_w005
64977,0,minibatch_k64,text_pca256_lexical_w005
64978,42,minibatch_k64,text_pca256_lexical_w005
64979,5,minibatch_k64,text_pca256_lexical_w005
64980,15,minibatch_k64,text_pca256_lexical_w005
64981,50,minibatch_k64,text_pca256_lexical_w005
64982,62,minibatch_k64,text_pca256_lexical_w005
64983,23,minibatch_k64,text_pca256_lexical_w005
64984,43,minibatch_k64,text_pca256_lexical_w005
64985,62,minibatch_k64,text_pca256_lexical_w005
64986,33,minibatch_k64,text_pca256_lexical_w005
64987,43,minibatch_k64,text_pca256_lexical_w005
64988,5,minibatch_k64,text_pca256_lexical_w005
64989,43,minibatch_k64,text_pca256_lexical_w005
64990,23,minibatch_k64,text_pca256_lexical_w005
64991,23,minibatch_k64,text_pca256_lexical_w005
64992,23,minibatch_k64,text_pca256_lexical_w005
64993,43,minibatch_k64,text_pca256_lexical_w005
64994,5,minibatch_k64,text_pca256_lexical_w005
64995,43,minibatch_k64,text_pca256_lexical_w005
64996,4,minibatch_k64,text_pca256_lexical_w005
64997,10,minibatch_k64,text_pca256_lexical_w005
64998,43,minibatch_k64,text_pca256_lexical_w005
64999,45,minibatch_k64,text_pca256_lexical_w005
65000,4,minibatch_k64,text_pca256_lexical_w005
65001,4,minibatch_k64,text_pca256_lexical_w005
65002,43,minibatch_k64,text_pca256_lexical_w005
65003,43,minibatch_k64,text_pca256_lexical_w005
65004,5,minibatch_k64,text_pca256_lexical_w005
65005,4,minibatch_k64,text_pca256_lexical_w005
65006,0,minibatch_k64,text_pca256_lexical_w005
65007,0,minibatch_k64,text_pca256_lexical_w005
65008,23,minibatch_k64,text_pca256_lexical_w005
65009,0,minibatch_k64,text_pca256_lexical_w005
65010,21,minibatch_k64,text_pca256_lexical_w005
65011,62,minibatch_k64,text_pca256_lexical_w005
65012,0,minibatch_k64,text_pca256_lexical_w005
65013,23,minibatch_k64,text_pca256_lexical_w005
65014,23,minibatch_k64,text_pca256_lexical_w005
65015,0,minibatch_k64,text_pca256_lexical_w005
65016,43,minibatch_k64,text_pca256_lexical_w005
65017,43,minibatch_k64,text_pca256_lexical_w005
65018,43,minibatch_k64,text_pca256_lexical_w005
65019,0,minibatch_k64,text_pca256_lexical_w005
65020,43,minibatch_k64,text_pca256_lexical_w005
65021,43,minibatch_k64,text_pca256_lexical_w005
65022,54,minibatch_k64,text_pca256_lexical_w005
65023,50,minibatch_k64,text_pca256_lexical_w005
65024,15,minibatch_k64,text_pca256_lexical_w005
65025,62,minibatch_k64,text_pca256_lexical_w005
65026,23,minibatch_k64,text_pca256_lexical_w005
65027,62,minibatch_k64,text_pca256_lexical_w005
65028,43,minibatch_k64,text_pca256_lexical_w005
65029,62,minibatch_k64,text_pca256_lexical_w005
65030,39,minibatch_k64,text_pca256_lexical_w005
65031,50,minibatch_k64,text_pca256_lexical_w005
65032,0,minibatch_k64,text_pca256_lexical_w005
65033,59,minibatch_k64,text_pca256_lexical_w005
65034,43,minibatch_k64,text_pca256_lexical_w005
65035,0,minibatch_k64,text_pca256_lexical_w005
65036,21,minibatch_k64,text_pca256_lexical_w005
65037,62,minibatch_k64,text_pca256_lexical_w005
65038,43,minibatch_k64,text_pca256_lexical_w005
65039,21,minibatch_k64,text_pca256_lexical_w005
65040,62,minibatch_k64,text_pca256_lexical_w005
65041,62,minibatch_k64,text_pca256_lexical_w005
65042,43,minibatch_k64,text_pca256_lexical_w005
65043,15,minibatch_k64,text_pca256_lexical_w005
65044,62,minibatch_k64,text_pca256_lexical_w005
65045,50,minibatch_k64,text_pca256_lexical_w005
65046,0,minibatch_k64,text_pca256_lexical_w005
65047,43,minibatch_k64,text_pca256_lexical_w005
65048,21,minibatch_k64,text_pca256_lexical_w005
65049,23,minibatch_k64,text_pca256_lexical_w005
65050,43,minibatch_k64,text_pca256_lexical_w005
65051,43,minibatch_k64,text_pca256_lexical_w005
65052,15,minibatch_k64,text_pca256_lexical_w005
65053,43,minibatch_k64,text_pca256_lexical_w005
65054,60,minibatch_k64,text_pca256_lexical_w005
65055,0,minibatch_k64,text_pca256_lexical_w005
65056,50,minibatch_k64,text_pca256_lexical_w005
65057,43,minibatch_k64,text_pca256_lexical_w005
65058,8,minibatch_k64,text_pca256_lexical_w005
65059,43,minibatch_k64,text_pca256_lexical_w005
65060,15,minibatch_k64,text_pca256_lexical_w005
65061,8,minibatch_k64,text_pca256_lexical_w005
65062,23,minibatch_k64,text_pca256_lexical_w005
65063,43,minibatch_k64,text_pca256_lexical_w005
65064,33,minibatch_k64,text_pca256_lexical_w005
65065,43,minibatch_k64,text_pca256_lexical_w005
65066,23,minibatch_k64,text_pca256_lexical_w005
65067,43,minibatch_k64,text_pca256_lexical_w005
65068,62,minibatch_k64,text_pca256_lexical_w005
65069,8,minibatch_k64,text_pca256_lexical_w005
65070,23,minibatch_k64,text_pca256_lexical_w005
65071,43,minibatch_k64,text_pca256_lexical_w005
65072,33,minibatch_k64,text_pca256_lexical_w005
65073,33,minibatch_k64,text_pca256_lexical_w005
65074,43,minibatch_k64,text_pca256_lexical_w005
65075,0,minibatch_k64,text_pca256_lexical_w005
65076,62,minibatch_k64,text_pca256_lexical_w005
65077,43,minibatch_k64,text_pca256_lexical_w005
65078,23,minibatch_k64,text_pca256_lexical_w005
65079,43,minibatch_k64,text_pca256_lexical_w005
65080,43,minibatch_k64,text_pca256_lexical_w005
65081,43,minibatch_k64,text_pca256_lexical_w005
65082,22,minibatch_k64,text_pca256_lexical_w005
65083,43,minibatch_k64,text_pca256_lexical_w005
65084,43,minibatch_k64,text_pca256_lexical_w005
65085,23,minibatch_k64,text_pca256_lexical_w005
65086,0,minibatch_k64,text_pca256_lexical_w005
65087,43,minibatch_k64,text_pca256_lexical_w005
65088,39,minibatch_k64,text_pca256_lexical_w005
65089,43,minibatch_k64,text_pca256_lexical_w005
65090,33,minibatch_k64,text_pca256_lexical_w005
65091,10,minibatch_k64,text_pca256_lexical_w005
65092,23,minibatch_k64,text_pca256_lexical_w005
65093,8,minibatch_k64,text_pca256_lexical_w005
65094,43,minibatch_k64,text_pca256_lexical_w005
65095,0,minibatch_k64,text_pca256_lexical_w005
65096,23,minibatch_k64,text_pca256_lexical_w005
65097,23,minibatch_k64,text_pca256_lexical_w005
65098,43,minibatch_k64,text_pca256_lexical_w005
65099,43,minibatch_k64,text_pca256_lexical_w005
65100,43,minibatch_k64,text_pca256_lexical_w005
65101,43,minibatch_k64,text_pca256_lexical_w005
65102,10,minibatch_k64,text_pca256_lexical_w005
65103,43,minibatch_k64,text_pca256_lexical_w005
65104,8,minibatch_k64,text_pca256_lexical_w005
65105,62,minibatch_k64,text_pca256_lexical_w005
65106,20,minibatch_k64,text_pca256_lexical_w005
65107,23,minibatch_k64,text_pca256_lexical_w005
65108,23,minibatch_k64,text_pca256_lexical_w005
65109,43,minibatch_k64,text_pca256_lexical_w005
65110,23,minibatch_k64,text_pca256_lexical_w005
65111,43,minibatch_k64,text_pca256_lexical_w005
65112,62,minibatch_k64,text_pca256_lexical_w005
65113,43,minibatch_k64,text_pca256_lexical_w005
65114,60,minibatch_k64,text_pca256_lexical_w005
65115,62,minibatch_k64,text_pca256_lexical_w005
65116,43,minibatch_k64,text_pca256_lexical_w005
65117,23,minibatch_k64,text_pca256_lexical_w005
65118,43,minibatch_k64,text_pca256_lexical_w005
65119,43,minibatch_k64,text_pca256_lexical_w005
65120,10,minibatch_k64,text_pca256_lexical_w005
65121,43,minibatch_k64,text_pca256_lexical_w005
65122,0,minibatch_k64,text_pca256_lexical_w005
65123,10,minibatch_k64,text_pca256_lexical_w005
65124,0,minibatch_k64,text_pca256_lexical_w005
65125,10,minibatch_k64,text_pca256_lexical_w005
65126,39,minibatch_k64,text_pca256_lexical_w005
65127,23,minibatch_k64,text_pca256_lexical_w005
65128,43,minibatch_k64,text_pca256_lexical_w005
65129,43,minibatch_k64,text_pca256_lexical_w005
65130,43,minibatch_k64,text_pca256_lexical_w005
65131,43,minibatch_k64,text_pca256_lexical_w005
65132,62,minibatch_k64,text_pca256_lexical_w005
65133,43,minibatch_k64,text_pca256_lexical_w005
65134,10,minibatch_k64,text_pca256_lexical_w005
65135,10,minibatch_k64,text_pca256_lexical_w005
65136,10,minibatch_k64,text_pca256_lexical_w005
65137,10,minibatch_k64,text_pca256_lexical_w005
65138,62,minibatch_k64,text_pca256_lexical_w005
65139,43,minibatch_k64,text_pca256_lexical_w005
65140,43,minibatch_k64,text_pca256_lexical_w005
65141,43,minibatch_k64,text_pca256_lexical_w005
65142,43,minibatch_k64,text_pca256_lexical_w005
65143,60,minibatch_k64,text_pca256_lexical_w005
65144,15,minibatch_k64,text_pca256_lexical_w005
65145,23,minibatch_k64,text_pca256_lexical_w005
65146,45,minibatch_k64,text_pca256_lexical_w005
65147,10,minibatch_k64,text_pca256_lexical_w005
65148,4,minibatch_k64,text_pca256_lexical_w005
65149,45,minibatch_k64,text_pca256_lexical_w005
65150,43,minibatch_k64,text_pca256_lexical_w005
65151,45,minibatch_k64,text_pca256_lexical_w005
65152,8,minibatch_k64,text_pca256_lexical_w005
65153,4,minibatch_k64,text_pca256_lexical_w005
65154,23,minibatch_k64,text_pca256_lexical_w005
65155,45,minibatch_k64,text_pca256_lexical_w005
65156,23,minibatch_k64,text_pca256_lexical_w005
65157,10,minibatch_k64,text_pca256_lexical_w005
65158,23,minibatch_k64,text_pca256_lexical_w005
65159,43,minibatch_k64,text_pca256_lexical_w005
65160,23,minibatch_k64,text_pca256_lexical_w005
65161,8,minibatch_k64,text_pca256_lexical_w005
65162,45,minibatch_k64,text_pca256_lexical_w005
65163,45,minibatch_k64,text_pca256_lexical_w005
65164,47,minibatch_k64,text_pca256_lexical_w005
65165,62,minibatch_k64,text_pca256_lexical_w005
65166,45,minibatch_k64,text_pca256_lexical_w005
65167,33,minibatch_k64,text_pca256_lexical_w005
65168,0,minibatch_k64,text_pca256_lexical_w005
65169,47,minibatch_k64,text_pca256_lexical_w005
65170,43,minibatch_k64,text_pca256_lexical_w005
65171,59,minibatch_k64,text_pca256_lexical_w005
65172,10,minibatch_k64,text_pca256_lexical_w005
65173,43,minibatch_k64,text_pca256_lexical_w005
65174,4,minibatch_k64,text_pca256_lexical_w005
65175,23,minibatch_k64,text_pca256_lexical_w005
65176,15,minibatch_k64,text_pca256_lexical_w005
65177,0,minibatch_k64,text_pca256_lexical_w005
65178,23,minibatch_k64,text_pca256_lexical_w005
65179,23,minibatch_k64,text_pca256_lexical_w005
65180,43,minibatch_k64,text_pca256_lexical_w005
65181,42,minibatch_k64,text_pca256_lexical_w005
65182,4,minibatch_k64,text_pca256_lexical_w005
65183,43,minibatch_k64,text_pca256_lexical_w005
65184,43,minibatch_k64,text_pca256_lexical_w005
65185,43,minibatch_k64,text_pca256_lexical_w005
65186,8,minibatch_k64,text_pca256_lexical_w005
65187,62,minibatch_k64,text_pca256_lexical_w005
65188,0,minibatch_k64,text_pca256_lexical_w005
65189,8,minibatch_k64,text_pca256_lexical_w005
65190,23,minibatch_k64,text_pca256_lexical_w005
65191,43,minibatch_k64,text_pca256_lexical_w005
65192,23,minibatch_k64,text_pca256_lexical_w005
65193,50,minibatch_k64,text_pca256_lexical_w005
65194,43,minibatch_k64,text_pca256_lexical_w005
65195,43,minibatch_k64,text_pca256_lexical_w005
65196,23,minibatch_k64,text_pca256_lexical_w005
65197,8,minibatch_k64,text_pca256_lexical_w005
65198,43,minibatch_k64,text_pca256_lexical_w005
65199,43,minibatch_k64,text_pca256_lexical_w005
65200,43,minibatch_k64,text_pca256_lexical_w005
65201,10,minibatch_k64,text_pca256_lexical_w005
65202,23,minibatch_k64,text_pca256_lexical_w005
65203,43,minibatch_k64,text_pca256_lexical_w005
65204,0,minibatch_k64,text_pca256_lexical_w005
65205,45,minibatch_k64,text_pca256_lexical_w005
65206,18,minibatch_k64,text_pca256_lexical_w005
65207,23,minibatch_k64,text_pca256_lexical_w005
65208,43,minibatch_k64,text_pca256_lexical_w005
65209,43,minibatch_k64,text_pca256_lexical_w005
65210,23,minibatch_k64,text_pca256_lexical_w005
65211,45,minibatch_k64,text_pca256_lexical_w005
65212,59,minibatch_k64,text_pca256_lexical_w005
65213,18,minibatch_k64,text_pca256_lexical_w005
65214,39,minibatch_k64,text_pca256_lexical_w005
65215,43,minibatch_k64,text_pca256_lexical_w005
65216,50,minibatch_k64,text_pca256_lexical_w005
65217,45,minibatch_k64,text_pca256_lexical_w005
65218,39,minibatch_k64,text_pca256_lexical_w005
65219,0,minibatch_k64,text_pca256_lexical_w005
65220,15,minibatch_k64,text_pca256_lexical_w005
65221,18,minibatch_k64,text_pca256_lexical_w005
65222,60,minibatch_k64,text_pca256_lexical_w005
65223,43,minibatch_k64,text_pca256_lexical_w005
65224,43,minibatch_k64,text_pca256_lexical_w005
65225,45,minibatch_k64,text_pca256_lexical_w005
65226,45,minibatch_k64,text_pca256_lexical_w005
65227,45,minibatch_k64,text_pca256_lexical_w005
65228,18,minibatch_k64,text_pca256_lexical_w005
65229,23,minibatch_k64,text_pca256_lexical_w005
65230,47,minibatch_k64,text_pca256_lexical_w005
65231,43,minibatch_k64,text_pca256_lexical_w005
65232,8,minibatch_k64,text_pca256_lexical_w005
65233,39,minibatch_k64,text_pca256_lexical_w005
65234,23,minibatch_k64,text_pca256_lexical_w005
65235,0,minibatch_k64,text_pca256_lexical_w005
65236,43,minibatch_k64,text_pca256_lexical_w005
65237,8,minibatch_k64,text_pca256_lexical_w005
65238,23,minibatch_k64,text_pca256_lexical_w005
65239,43,minibatch_k64,text_pca256_lexical_w005
65240,61,minibatch_k64,text_pca256_lexical_w005
65241,42,minibatch_k64,text_pca256_lexical_w005
65242,62,minibatch_k64,text_pca256_lexical_w005
65243,12,minibatch_k64,text_pca256_lexical_w005
65244,18,minibatch_k64,text_pca256_lexical_w005
65245,45,minibatch_k64,text_pca256_lexical_w005
65246,8,minibatch_k64,text_pca256_lexical_w005
65247,23,minibatch_k64,text_pca256_lexical_w005
65248,43,minibatch_k64,text_pca256_lexical_w005
65249,21,minibatch_k64,text_pca256_lexical_w005
65250,43,minibatch_k64,text_pca256_lexical_w005
65251,23,minibatch_k64,text_pca256_lexical_w005
65252,10,minibatch_k64,text_pca256_lexical_w005
65253,59,minibatch_k64,text_pca256_lexical_w005
65254,8,minibatch_k64,text_pca256_lexical_w005
65255,10,minibatch_k64,text_pca256_lexical_w005
65256,0,minibatch_k64,text_pca256_lexical_w005
65257,50,minibatch_k64,text_pca256_lexical_w005
65258,39,minibatch_k64,text_pca256_lexical_w005
65259,59,minibatch_k64,text_pca256_lexical_w005
65260,43,minibatch_k64,text_pca256_lexical_w005
65261,62,minibatch_k64,text_pca256_lexical_w005
65262,23,minibatch_k64,text_pca256_lexical_w005
65263,43,minibatch_k64,text_pca256_lexical_w005
65264,43,minibatch_k64,text_pca256_lexical_w005
65265,43,minibatch_k64,text_pca256_lexical_w005
65266,43,minibatch_k64,text_pca256_lexical_w005
65267,43,minibatch_k64,text_pca256_lexical_w005
65268,60,minibatch_k64,text_pca256_lexical_w005
65269,43,minibatch_k64,text_pca256_lexical_w005
65270,43,minibatch_k64,text_pca256_lexical_w005
65271,23,minibatch_k64,text_pca256_lexical_w005
65272,23,minibatch_k64,text_pca256_lexical_w005
65273,43,minibatch_k64,text_pca256_lexical_w005
65274,43,minibatch_k64,text_pca256_lexical_w005
65275,10,minibatch_k64,text_pca256_lexical_w005
65276,45,minibatch_k64,text_pca256_lexical_w005
65277,43,minibatch_k64,text_pca256_lexical_w005
65278,43,minibatch_k64,text_pca256_lexical_w005
65279,43,minibatch_k64,text_pca256_lexical_w005
65280,43,minibatch_k64,text_pca256_lexical_w005
65281,43,minibatch_k64,text_pca256_lexical_w005
65282,43,minibatch_k64,text_pca256_lexical_w005
65283,23,minibatch_k64,text_pca256_lexical_w005
65284,43,minibatch_k64,text_pca256_lexical_w005
65285,33,minibatch_k64,text_pca256_lexical_w005
65286,10,minibatch_k64,text_pca256_lexical_w005
65287,8,minibatch_k64,text_pca256_lexical_w005
65288,43,minibatch_k64,text_pca256_lexical_w005
65289,23,minibatch_k64,text_pca256_lexical_w005
65290,62,minibatch_k64,text_pca256_lexical_w005
65291,50,minibatch_k64,text_pca256_lexical_w005
65292,43,minibatch_k64,text_pca256_lexical_w005
65293,43,minibatch_k64,text_pca256_lexical_w005
65294,23,minibatch_k64,text_pca256_lexical_w005
65295,62,minibatch_k64,text_pca256_lexical_w005
65296,43,minibatch_k64,text_pca256_lexical_w005
65297,8,minibatch_k64,text_pca256_lexical_w005
65298,15,minibatch_k64,text_pca256_lexical_w005
65299,23,minibatch_k64,text_pca256_lexical_w005
65300,0,minibatch_k64,text_pca256_lexical_w005
65301,45,minibatch_k64,text_pca256_lexical_w005
65302,0,minibatch_k64,text_pca256_lexical_w005
65303,33,minibatch_k64,text_pca256_lexical_w005
65304,50,minibatch_k64,text_pca256_lexical_w005
65305,10,minibatch_k64,text_pca256_lexical_w005
65306,59,minibatch_k64,text_pca256_lexical_w005
65307,0,minibatch_k64,text_pca256_lexical_w005
65308,59,minibatch_k64,text_pca256_lexical_w005
65309,43,minibatch_k64,text_pca256_lexical_w005
65310,0,minibatch_k64,text_pca256_lexical_w005
65311,8,minibatch_k64,text_pca256_lexical_w005
65312,8,minibatch_k64,text_pca256_lexical_w005
65313,8,minibatch_k64,text_pca256_lexical_w005
65314,43,minibatch_k64,text_pca256_lexical_w005
65315,45,minibatch_k64,text_pca256_lexical_w005
65316,62,minibatch_k64,text_pca256_lexical_w005
65317,39,minibatch_k64,text_pca256_lexical_w005
65318,0,minibatch_k64,text_pca256_lexical_w005
65319,43,minibatch_k64,text_pca256_lexical_w005
65320,43,minibatch_k64,text_pca256_lexical_w005
65321,23,minibatch_k64,text_pca256_lexical_w005
65322,43,minibatch_k64,text_pca256_lexical_w005
65323,23,minibatch_k64,text_pca256_lexical_w005
65324,10,minibatch_k64,text_pca256_lexical_w005
65325,45,minibatch_k64,text_pca256_lexical_w005
65326,0,minibatch_k64,text_pca256_lexical_w005
65327,15,minibatch_k64,text_pca256_lexical_w005
65328,8,minibatch_k64,text_pca256_lexical_w005
65329,39,minibatch_k64,text_pca256_lexical_w005
65330,43,minibatch_k64,text_pca256_lexical_w005
65331,23,minibatch_k64,text_pca256_lexical_w005
65332,23,minibatch_k64,text_pca256_lexical_w005
65333,43,minibatch_k64,text_pca256_lexical_w005
65334,43,minibatch_k64,text_pca256_lexical_w005
65335,43,minibatch_k64,text_pca256_lexical_w005
65336,4,minibatch_k64,text_pca256_lexical_w005
65337,0,minibatch_k64,text_pca256_lexical_w005
65338,60,minibatch_k64,text_pca256_lexical_w005
65339,39,minibatch_k64,text_pca256_lexical_w005
65340,21,minibatch_k64,text_pca256_lexical_w005
65341,45,minibatch_k64,text_pca256_lexical_w005
65342,45,minibatch_k64,text_pca256_lexical_w005
65343,43,minibatch_k64,text_pca256_lexical_w005
65344,23,minibatch_k64,text_pca256_lexical_w005
65345,43,minibatch_k64,text_pca256_lexical_w005
65346,43,minibatch_k64,text_pca256_lexical_w005
65347,8,minibatch_k64,text_pca256_lexical_w005
65348,45,minibatch_k64,text_pca256_lexical_w005
65349,45,minibatch_k64,text_pca256_lexical_w005
65350,23,minibatch_k64,text_pca256_lexical_w005
65351,62,minibatch_k64,text_pca256_lexical_w005
65352,10,minibatch_k64,text_pca256_lexical_w005
65353,27,minibatch_k64,text_pca256_lexical_w005
65354,43,minibatch_k64,text_pca256_lexical_w005
65355,33,minibatch_k64,text_pca256_lexical_w005
65356,62,minibatch_k64,text_pca256_lexical_w005
65357,8,minibatch_k64,text_pca256_lexical_w005
65358,62,minibatch_k64,text_pca256_lexical_w005
65359,43,minibatch_k64,text_pca256_lexical_w005
65360,39,minibatch_k64,text_pca256_lexical_w005
65361,0,minibatch_k64,text_pca256_lexical_w005
65362,27,minibatch_k64,text_pca256_lexical_w005
65363,43,minibatch_k64,text_pca256_lexical_w005
65364,8,minibatch_k64,text_pca256_lexical_w005
65365,21,minibatch_k64,text_pca256_lexical_w005
65366,62,minibatch_k64,text_pca256_lexical_w005
65367,43,minibatch_k64,text_pca256_lexical_w005
65368,0,minibatch_k64,text_pca256_lexical_w005
65369,15,minibatch_k64,text_pca256_lexical_w005
65370,15,minibatch_k64,text_pca256_lexical_w005
65371,43,minibatch_k64,text_pca256_lexical_w005
65372,23,minibatch_k64,text_pca256_lexical_w005
65373,62,minibatch_k64,text_pca256_lexical_w005
65374,23,minibatch_k64,text_pca256_lexical_w005
65375,27,minibatch_k64,text_pca256_lexical_w005
65376,27,minibatch_k64,text_pca256_lexical_w005
65377,27,minibatch_k64,text_pca256_lexical_w005
65378,59,minibatch_k64,text_pca256_lexical_w005
65379,62,minibatch_k64,text_pca256_lexical_w005
65380,45,minibatch_k64,text_pca256_lexical_w005
65381,10,minibatch_k64,text_pca256_lexical_w005
65382,43,minibatch_k64,text_pca256_lexical_w005
65383,62,minibatch_k64,text_pca256_lexical_w005
65384,45,minibatch_k64,text_pca256_lexical_w005
65385,18,minibatch_k64,text_pca256_lexical_w005
65386,43,minibatch_k64,text_pca256_lexical_w005
65387,45,minibatch_k64,text_pca256_lexical_w005
65388,27,minibatch_k64,text_pca256_lexical_w005
65389,43,minibatch_k64,text_pca256_lexical_w005
65390,27,minibatch_k64,text_pca256_lexical_w005
65391,27,minibatch_k64,text_pca256_lexical_w005
65392,27,minibatch_k64,text_pca256_lexical_w005
65393,27,minibatch_k64,text_pca256_lexical_w005
65394,43,minibatch_k64,text_pca256_lexical_w005
65395,23,minibatch_k64,text_pca256_lexical_w005
65396,62,minibatch_k64,text_pca256_lexical_w005
65397,23,minibatch_k64,text_pca256_lexical_w005
65398,45,minibatch_k64,text_pca256_lexical_w005
65399,45,minibatch_k64,text_pca256_lexical_w005
65400,45,minibatch_k64,text_pca256_lexical_w005
65401,59,minibatch_k64,text_pca256_lexical_w005
65402,23,minibatch_k64,text_pca256_lexical_w005
65403,62,minibatch_k64,text_pca256_lexical_w005
65404,30,minibatch_k64,text_pca256_lexical_w005
65405,30,minibatch_k64,text_pca256_lexical_w005
65406,18,minibatch_k64,text_pca256_lexical_w005
65407,0,minibatch_k64,text_pca256_lexical_w005
65408,23,minibatch_k64,text_pca256_lexical_w005
65409,59,minibatch_k64,text_pca256_lexical_w005
65410,15,minibatch_k64,text_pca256_lexical_w005
65411,62,minibatch_k64,text_pca256_lexical_w005
65412,8,minibatch_k64,text_pca256_lexical_w005
65413,8,minibatch_k64,text_pca256_lexical_w005
65414,23,minibatch_k64,text_pca256_lexical_w005
65415,59,minibatch_k64,text_pca256_lexical_w005
65416,39,minibatch_k64,text_pca256_lexical_w005
65417,23,minibatch_k64,text_pca256_lexical_w005
65418,10,minibatch_k64,text_pca256_lexical_w005
65419,33,minibatch_k64,text_pca256_lexical_w005
65420,23,minibatch_k64,text_pca256_lexical_w005
65421,10,minibatch_k64,text_pca256_lexical_w005
65422,61,minibatch_k64,text_pca256_lexical_w005
65423,61,minibatch_k64,text_pca256_lexical_w005
65424,39,minibatch_k64,text_pca256_lexical_w005
65425,23,minibatch_k64,text_pca256_lexical_w005
65426,23,minibatch_k64,text_pca256_lexical_w005
65427,23,minibatch_k64,text_pca256_lexical_w005
65428,43,minibatch_k64,text_pca256_lexical_w005
65429,43,minibatch_k64,text_pca256_lexical_w005
65430,39,minibatch_k64,text_pca256_lexical_w005
65431,2,minibatch_k64,text_pca256_lexical_w005
65432,23,minibatch_k64,text_pca256_lexical_w005
65433,43,minibatch_k64,text_pca256_lexical_w005
65434,39,minibatch_k64,text_pca256_lexical_w005
65435,33,minibatch_k64,text_pca256_lexical_w005
65436,6,minibatch_k64,text_pca256_lexical_w005
65437,23,minibatch_k64,text_pca256_lexical_w005
65438,23,minibatch_k64,text_pca256_lexical_w005
65439,45,minibatch_k64,text_pca256_lexical_w005
65440,43,minibatch_k64,text_pca256_lexical_w005
65441,23,minibatch_k64,text_pca256_lexical_w005
65442,0,minibatch_k64,text_pca256_lexical_w005
65443,10,minibatch_k64,text_pca256_lexical_w005
65444,0,minibatch_k64,text_pca256_lexical_w005
65445,23,minibatch_k64,text_pca256_lexical_w005
65446,43,minibatch_k64,text_pca256_lexical_w005
65447,0,minibatch_k64,text_pca256_lexical_w005
65448,53,minibatch_k64,text_pca256_lexical_w005
65449,62,minibatch_k64,text_pca256_lexical_w005
65450,34,minibatch_k64,text_pca256_lexical_w005
65451,21,minibatch_k64,text_pca256_lexical_w005
65452,23,minibatch_k64,text_pca256_lexical_w005
65453,62,minibatch_k64,text_pca256_lexical_w005
65454,0,minibatch_k64,text_pca256_lexical_w005
65455,0,minibatch_k64,text_pca256_lexical_w005
65456,0,minibatch_k64,text_pca256_lexical_w005
65457,15,minibatch_k64,text_pca256_lexical_w005
65458,62,minibatch_k64,text_pca256_lexical_w005
65459,8,minibatch_k64,text_pca256_lexical_w005
65460,23,minibatch_k64,text_pca256_lexical_w005
65461,0,minibatch_k64,text_pca256_lexical_w005
65462,33,minibatch_k64,text_pca256_lexical_w005
65463,21,minibatch_k64,text_pca256_lexical_w005
65464,8,minibatch_k64,text_pca256_lexical_w005
65465,8,minibatch_k64,text_pca256_lexical_w005
65466,6,minibatch_k64,text_pca256_lexical_w005
65467,59,minibatch_k64,text_pca256_lexical_w005
65468,0,minibatch_k64,text_pca256_lexical_w005
65469,41,minibatch_k64,text_pca256_lexical_w005
65470,6,minibatch_k64,text_pca256_lexical_w005
65471,43,minibatch_k64,text_pca256_lexical_w005
65472,10,minibatch_k64,text_pca256_lexical_w005
65473,10,minibatch_k64,text_pca256_lexical_w005
65474,8,minibatch_k64,text_pca256_lexical_w005
65475,2,minibatch_k64,text_pca256_lexical_w005
65476,33,minibatch_k64,text_pca256_lexical_w005
65477,6,minibatch_k64,text_pca256_lexical_w005
65478,50,minibatch_k64,text_pca256_lexical_w005
65479,50,minibatch_k64,text_pca256_lexical_w005
65480,23,minibatch_k64,text_pca256_lexical_w005
65481,8,minibatch_k64,text_pca256_lexical_w005
65482,21,minibatch_k64,text_pca256_lexical_w005
65483,8,minibatch_k64,text_pca256_lexical_w005
65484,21,minibatch_k64,text_pca256_lexical_w005
65485,41,minibatch_k64,text_pca256_lexical_w005
65486,23,minibatch_k64,text_pca256_lexical_w005
65487,8,minibatch_k64,text_pca256_lexical_w005
65488,62,minibatch_k64,text_pca256_lexical_w005
65489,0,minibatch_k64,text_pca256_lexical_w005
65490,62,minibatch_k64,text_pca256_lexical_w005
65491,0,minibatch_k64,text_pca256_lexical_w005
65492,0,minibatch_k64,text_pca256_lexical_w005
65493,5,minibatch_k64,text_pca256_lexical_w005
65494,15,minibatch_k64,text_pca256_lexical_w005
65495,15,minibatch_k64,text_pca256_lexical_w005
65496,0,minibatch_k64,text_pca256_lexical_w005
65497,8,minibatch_k64,text_pca256_lexical_w005
65498,0,minibatch_k64,text_pca256_lexical_w005
65499,38,minibatch_k64,text_pca256_lexical_w005
65500,59,minibatch_k64,text_pca256_lexical_w005
65501,0,minibatch_k64,text_pca256_lexical_w005
65502,0,minibatch_k64,text_pca256_lexical_w005
65503,23,minibatch_k64,text_pca256_lexical_w005
65504,38,minibatch_k64,text_pca256_lexical_w005
65505,55,minibatch_k64,text_pca256_lexical_w005
65506,0,minibatch_k64,text_pca256_lexical_w005
65507,23,minibatch_k64,text_pca256_lexical_w005
65508,0,minibatch_k64,text_pca256_lexical_w005
65509,33,minibatch_k64,text_pca256_lexical_w005
65510,29,minibatch_k64,text_pca256_lexical_w005
65511,21,minibatch_k64,text_pca256_lexical_w005
65512,38,minibatch_k64,text_pca256_lexical_w005
65513,59,minibatch_k64,text_pca256_lexical_w005
65514,2,minibatch_k64,text_pca256_lexical_w005
65515,0,minibatch_k64,text_pca256_lexical_w005
65516,38,minibatch_k64,text_pca256_lexical_w005
65517,58,minibatch_k64,text_pca256_lexical_w005
65518,55,minibatch_k64,text_pca256_lexical_w005
65519,10,minibatch_k64,text_pca256_lexical_w005
65520,45,minibatch_k64,text_pca256_lexical_w005
65521,62,minibatch_k64,text_pca256_lexical_w005
65522,21,minibatch_k64,text_pca256_lexical_w005
65523,38,minibatch_k64,text_pca256_lexical_w005
65524,0,minibatch_k64,text_pca256_lexical_w005
65525,23,minibatch_k64,text_pca256_lexical_w005
65526,23,minibatch_k64,text_pca256_lexical_w005
65527,8,minibatch_k64,text_pca256_lexical_w005
65528,38,minibatch_k64,text_pca256_lexical_w005
65529,59,minibatch_k64,text_pca256_lexical_w005
65530,0,minibatch_k64,text_pca256_lexical_w005
65531,38,minibatch_k64,text_pca256_lexical_w005
65532,58,minibatch_k64,text_pca256_lexical_w005
65533,55,minibatch_k64,text_pca256_lexical_w005
65534,23,minibatch_k64,text_pca256_lexical_w005
65535,8,minibatch_k64,text_pca256_lexical_w005
65536,38,minibatch_k64,text_pca256_lexical_w005
65537,55,minibatch_k64,text_pca256_lexical_w005
65538,60,minibatch_k64,text_pca256_lexical_w005
65539,0,minibatch_k64,text_pca256_lexical_w005
65540,23,minibatch_k64,text_pca256_lexical_w005
65541,8,minibatch_k64,text_pca256_lexical_w005
65542,0,minibatch_k64,text_pca256_lexical_w005
65543,0,minibatch_k64,text_pca256_lexical_w005
65544,0,minibatch_k64,text_pca256_lexical_w005
65545,23,minibatch_k64,text_pca256_lexical_w005
65546,59,minibatch_k64,text_pca256_lexical_w005
65547,39,minibatch_k64,text_pca256_lexical_w005
65548,23,minibatch_k64,text_pca256_lexical_w005
65549,0,minibatch_k64,text_pca256_lexical_w005
65550,0,minibatch_k64,text_pca256_lexical_w005
65551,0,minibatch_k64,text_pca256_lexical_w005
65552,0,minibatch_k64,text_pca256_lexical_w005
65553,0,minibatch_k64,text_pca256_lexical_w005
65554,0,minibatch_k64,text_pca256_lexical_w005
65555,0,minibatch_k64,text_pca256_lexical_w005
65556,38,minibatch_k64,text_pca256_lexical_w005
65557,55,minibatch_k64,text_pca256_lexical_w005
65558,60,minibatch_k64,text_pca256_lexical_w005
65559,0,minibatch_k64,text_pca256_lexical_w005
65560,0,minibatch_k64,text_pca256_lexical_w005
65561,8,minibatch_k64,text_pca256_lexical_w005
65562,38,minibatch_k64,text_pca256_lexical_w005
65563,60,minibatch_k64,text_pca256_lexical_w005
65564,53,minibatch_k64,text_pca256_lexical_w005
65565,42,minibatch_k64,text_pca256_lexical_w005
65566,38,minibatch_k64,text_pca256_lexical_w005
65567,0,minibatch_k64,text_pca256_lexical_w005
65568,55,minibatch_k64,text_pca256_lexical_w005
65569,60,minibatch_k64,text_pca256_lexical_w005
65570,45,minibatch_k64,text_pca256_lexical_w005
65571,45,minibatch_k64,text_pca256_lexical_w005
65572,40,minibatch_k64,text_pca256_lexical_w005
65573,0,minibatch_k64,text_pca256_lexical_w005
65574,38,minibatch_k64,text_pca256_lexical_w005
65575,32,minibatch_k64,text_pca256_lexical_w005
65576,20,minibatch_k64,text_pca256_lexical_w005
65577,38,minibatch_k64,text_pca256_lexical_w005
65578,55,minibatch_k64,text_pca256_lexical_w005
65579,60,minibatch_k64,text_pca256_lexical_w005
65580,15,minibatch_k64,text_pca256_lexical_w005
65581,62,minibatch_k64,text_pca256_lexical_w005
65582,62,minibatch_k64,text_pca256_lexical_w005
65583,15,minibatch_k64,text_pca256_lexical_w005
65584,23,minibatch_k64,text_pca256_lexical_w005
65585,20,minibatch_k64,text_pca256_lexical_w005
65586,20,minibatch_k64,text_pca256_lexical_w005
65587,0,minibatch_k64,text_pca256_lexical_w005
65588,10,minibatch_k64,text_pca256_lexical_w005
65589,18,minibatch_k64,text_pca256_lexical_w005
65590,62,minibatch_k64,text_pca256_lexical_w005
65591,32,minibatch_k64,text_pca256_lexical_w005
65592,20,minibatch_k64,text_pca256_lexical_w005
65593,23,minibatch_k64,text_pca256_lexical_w005
65594,32,minibatch_k64,text_pca256_lexical_w005
65595,23,minibatch_k64,text_pca256_lexical_w005
65596,62,minibatch_k64,text_pca256_lexical_w005
65597,38,minibatch_k64,text_pca256_lexical_w005
65598,55,minibatch_k64,text_pca256_lexical_w005
65599,36,minibatch_k64,text_pca256_lexical_w005
65600,35,minibatch_k64,text_pca256_lexical_w005
65601,21,minibatch_k64,text_pca256_lexical_w005
65602,0,minibatch_k64,text_pca256_lexical_w005
65603,23,minibatch_k64,text_pca256_lexical_w005
65604,38,minibatch_k64,text_pca256_lexical_w005
65605,55,minibatch_k64,text_pca256_lexical_w005
65606,36,minibatch_k64,text_pca256_lexical_w005
65607,37,minibatch_k64,text_pca256_lexical_w005
65608,62,minibatch_k64,text_pca256_lexical_w005
65609,38,minibatch_k64,text_pca256_lexical_w005
65610,55,minibatch_k64,text_pca256_lexical_w005
65611,36,minibatch_k64,text_pca256_lexical_w005
65612,60,minibatch_k64,text_pca256_lexical_w005
65613,15,minibatch_k64,text_pca256_lexical_w005
65614,0,minibatch_k64,text_pca256_lexical_w005
65615,50,minibatch_k64,text_pca256_lexical_w005
65616,2,minibatch_k64,text_pca256_lexical_w005
65617,23,minibatch_k64,text_pca256_lexical_w005
65618,10,minibatch_k64,text_pca256_lexical_w005
65619,8,minibatch_k64,text_pca256_lexical_w005
65620,23,minibatch_k64,text_pca256_lexical_w005
65621,18,minibatch_k64,text_pca256_lexical_w005
65622,34,minibatch_k64,text_pca256_lexical_w005
65623,18,minibatch_k64,text_pca256_lexical_w005
65624,23,minibatch_k64,text_pca256_lexical_w005
65625,45,minibatch_k64,text_pca256_lexical_w005
65626,18,minibatch_k64,text_pca256_lexical_w005
65627,18,minibatch_k64,text_pca256_lexical_w005
65628,18,minibatch_k64,text_pca256_lexical_w005
65629,34,minibatch_k64,text_pca256_lexical_w005
65630,18,minibatch_k64,text_pca256_lexical_w005
65631,18,minibatch_k64,text_pca256_lexical_w005
65632,59,minibatch_k64,text_pca256_lexical_w005
65633,34,minibatch_k64,text_pca256_lexical_w005
65634,23,minibatch_k64,text_pca256_lexical_w005
65635,18,minibatch_k64,text_pca256_lexical_w005
65636,34,minibatch_k64,text_pca256_lexical_w005
65637,0,minibatch_k64,text_pca256_lexical_w005
65638,18,minibatch_k64,text_pca256_lexical_w005
65639,59,minibatch_k64,text_pca256_lexical_w005
65640,59,minibatch_k64,text_pca256_lexical_w005
65641,33,minibatch_k64,text_pca256_lexical_w005
65642,10,minibatch_k64,text_pca256_lexical_w005
65643,59,minibatch_k64,text_pca256_lexical_w005
65644,59,minibatch_k64,text_pca256_lexical_w005
65645,59,minibatch_k64,text_pca256_lexical_w005
65646,0,minibatch_k64,text_pca256_lexical_w005
65647,62,minibatch_k64,text_pca256_lexical_w005
65648,62,minibatch_k64,text_pca256_lexical_w005
65649,56,minibatch_k64,text_pca256_lexical_w005
65650,56,minibatch_k64,text_pca256_lexical_w005
65651,56,minibatch_k64,text_pca256_lexical_w005
65652,8,minibatch_k64,text_pca256_lexical_w005
65653,8,minibatch_k64,text_pca256_lexical_w005
65654,8,minibatch_k64,text_pca256_lexical_w005
65655,10,minibatch_k64,text_pca256_lexical_w005
65656,15,minibatch_k64,text_pca256_lexical_w005
65657,8,minibatch_k64,text_pca256_lexical_w005
65658,34,minibatch_k64,text_pca256_lexical_w005
65659,0,minibatch_k64,text_pca256_lexical_w005
65660,41,minibatch_k64,text_pca256_lexical_w005
65661,8,minibatch_k64,text_pca256_lexical_w005
65662,8,minibatch_k64,text_pca256_lexical_w005
65663,8,minibatch_k64,text_pca256_lexical_w005
65664,0,minibatch_k64,text_pca256_lexical_w005
65665,59,minibatch_k64,text_pca256_lexical_w005
65666,62,minibatch_k64,text_pca256_lexical_w005
65667,0,minibatch_k64,text_pca256_lexical_w005
65668,15,minibatch_k64,text_pca256_lexical_w005
65669,8,minibatch_k64,text_pca256_lexical_w005
65670,0,minibatch_k64,text_pca256_lexical_w005
65671,53,minibatch_k64,text_pca256_lexical_w005
65672,0,minibatch_k64,text_pca256_lexical_w005
65673,33,minibatch_k64,text_pca256_lexical_w005
65674,3,minibatch_k64,text_pca256_lexical_w005
65675,0,minibatch_k64,text_pca256_lexical_w005
65676,29,minibatch_k64,text_pca256_lexical_w005
65677,38,minibatch_k64,text_pca256_lexical_w005
65678,55,minibatch_k64,text_pca256_lexical_w005
65679,37,minibatch_k64,text_pca256_lexical_w005
65680,0,minibatch_k64,text_pca256_lexical_w005
65681,23,minibatch_k64,text_pca256_lexical_w005
65682,8,minibatch_k64,text_pca256_lexical_w005
65683,33,minibatch_k64,text_pca256_lexical_w005
65684,10,minibatch_k64,text_pca256_lexical_w005
65685,15,minibatch_k64,text_pca256_lexical_w005
65686,10,minibatch_k64,text_pca256_lexical_w005
65687,15,minibatch_k64,text_pca256_lexical_w005
65688,42,minibatch_k64,text_pca256_lexical_w005
65689,42,minibatch_k64,text_pca256_lexical_w005
65690,59,minibatch_k64,text_pca256_lexical_w005
65691,2,minibatch_k64,text_pca256_lexical_w005
65692,62,minibatch_k64,text_pca256_lexical_w005
65693,3,minibatch_k64,text_pca256_lexical_w005
65694,33,minibatch_k64,text_pca256_lexical_w005
65695,0,minibatch_k64,text_pca256_lexical_w005
65696,50,minibatch_k64,text_pca256_lexical_w005
65697,33,minibatch_k64,text_pca256_lexical_w005
65698,62,minibatch_k64,text_pca256_lexical_w005
65699,33,minibatch_k64,text_pca256_lexical_w005
65700,15,minibatch_k64,text_pca256_lexical_w005
65701,33,minibatch_k64,text_pca256_lexical_w005
65702,15,minibatch_k64,text_pca256_lexical_w005
65703,8,minibatch_k64,text_pca256_lexical_w005
65704,8,minibatch_k64,text_pca256_lexical_w005
65705,38,minibatch_k64,text_pca256_lexical_w005
65706,37,minibatch_k64,text_pca256_lexical_w005
65707,62,minibatch_k64,text_pca256_lexical_w005
65708,0,minibatch_k64,text_pca256_lexical_w005
65709,8,minibatch_k64,text_pca256_lexical_w005
65710,10,minibatch_k64,text_pca256_lexical_w005
65711,23,minibatch_k64,text_pca256_lexical_w005
65712,33,minibatch_k64,text_pca256_lexical_w005
65713,53,minibatch_k64,text_pca256_lexical_w005
65714,33,minibatch_k64,text_pca256_lexical_w005
65715,0,minibatch_k64,text_pca256_lexical_w005
65716,33,minibatch_k64,text_pca256_lexical_w005
65717,62,minibatch_k64,text_pca256_lexical_w005
65718,0,minibatch_k64,text_pca256_lexical_w005
65719,33,minibatch_k64,text_pca256_lexical_w005
65720,15,minibatch_k64,text_pca256_lexical_w005
65721,40,minibatch_k64,text_pca256_lexical_w005
65722,0,minibatch_k64,text_pca256_lexical_w005
65723,62,minibatch_k64,text_pca256_lexical_w005
65724,0,minibatch_k64,text_pca256_lexical_w005
65725,0,minibatch_k64,text_pca256_lexical_w005
65726,10,minibatch_k64,text_pca256_lexical_w005
65727,42,minibatch_k64,text_pca256_lexical_w005
65728,8,minibatch_k64,text_pca256_lexical_w005
65729,38,minibatch_k64,text_pca256_lexical_w005
65730,55,minibatch_k64,text_pca256_lexical_w005
65731,37,minibatch_k64,text_pca256_lexical_w005
65732,62,minibatch_k64,text_pca256_lexical_w005
65733,50,minibatch_k64,text_pca256_lexical_w005
65734,15,minibatch_k64,text_pca256_lexical_w005
65735,8,minibatch_k64,text_pca256_lexical_w005
65736,53,minibatch_k64,text_pca256_lexical_w005
65737,33,minibatch_k64,text_pca256_lexical_w005
65738,0,minibatch_k64,text_pca256_lexical_w005
65739,8,minibatch_k64,text_pca256_lexical_w005
65740,8,minibatch_k64,text_pca256_lexical_w005
65741,42,minibatch_k64,text_pca256_lexical_w005
65742,39,minibatch_k64,text_pca256_lexical_w005
65743,0,minibatch_k64,text_pca256_lexical_w005
65744,62,minibatch_k64,text_pca256_lexical_w005
65745,8,minibatch_k64,text_pca256_lexical_w005
65746,0,minibatch_k64,text_pca256_lexical_w005
65747,0,minibatch_k64,text_pca256_lexical_w005
65748,10,minibatch_k64,text_pca256_lexical_w005
65749,50,minibatch_k64,text_pca256_lexical_w005
65750,62,minibatch_k64,text_pca256_lexical_w005
65751,38,minibatch_k64,text_pca256_lexical_w005
65752,42,minibatch_k64,text_pca256_lexical_w005
65753,55,minibatch_k64,text_pca256_lexical_w005
65754,10,minibatch_k64,text_pca256_lexical_w005
65755,0,minibatch_k64,text_pca256_lexical_w005
65756,42,minibatch_k64,text_pca256_lexical_w005
65757,38,minibatch_k64,text_pca256_lexical_w005
65758,39,minibatch_k64,text_pca256_lexical_w005
65759,55,minibatch_k64,text_pca256_lexical_w005
65760,60,minibatch_k64,text_pca256_lexical_w005
65761,25,minibatch_k64,text_pca256_lexical_w005
65762,0,minibatch_k64,text_pca256_lexical_w005
65763,10,minibatch_k64,text_pca256_lexical_w005
65764,39,minibatch_k64,text_pca256_lexical_w005
65765,45,minibatch_k64,text_pca256_lexical_w005
65766,0,minibatch_k64,text_pca256_lexical_w005
65767,8,minibatch_k64,text_pca256_lexical_w005
65768,8,minibatch_k64,text_pca256_lexical_w005
65769,50,minibatch_k64,text_pca256_lexical_w005
65770,2,minibatch_k64,text_pca256_lexical_w005
65771,8,minibatch_k64,text_pca256_lexical_w005
65772,15,minibatch_k64,text_pca256_lexical_w005
65773,8,minibatch_k64,text_pca256_lexical_w005
65774,8,minibatch_k64,text_pca256_lexical_w005
65775,21,minibatch_k64,text_pca256_lexical_w005
65776,47,minibatch_k64,text_pca256_lexical_w005
65777,2,minibatch_k64,text_pca256_lexical_w005
65778,59,minibatch_k64,text_pca256_lexical_w005
65779,0,minibatch_k64,text_pca256_lexical_w005
65780,59,minibatch_k64,text_pca256_lexical_w005
65781,0,minibatch_k64,text_pca256_lexical_w005
65782,0,minibatch_k64,text_pca256_lexical_w005
65783,59,minibatch_k64,text_pca256_lexical_w005
65784,4,minibatch_k64,text_pca256_lexical_w005
65785,0,minibatch_k64,text_pca256_lexical_w005
65786,0,minibatch_k64,text_pca256_lexical_w005
65787,8,minibatch_k64,text_pca256_lexical_w005
65788,10,minibatch_k64,text_pca256_lexical_w005
65789,59,minibatch_k64,text_pca256_lexical_w005
65790,0,minibatch_k64,text_pca256_lexical_w005
65791,2,minibatch_k64,text_pca256_lexical_w005
65792,0,minibatch_k64,text_pca256_lexical_w005
65793,21,minibatch_k64,text_pca256_lexical_w005
65794,18,minibatch_k64,text_pca256_lexical_w005
65795,4,minibatch_k64,text_pca256_lexical_w005
65796,8,minibatch_k64,text_pca256_lexical_w005
65797,0,minibatch_k64,text_pca256_lexical_w005
65798,42,minibatch_k64,text_pca256_lexical_w005
65799,8,minibatch_k64,text_pca256_lexical_w005
65800,0,minibatch_k64,text_pca256_lexical_w005
65801,2,minibatch_k64,text_pca256_lexical_w005
65802,62,minibatch_k64,text_pca256_lexical_w005
65803,62,minibatch_k64,text_pca256_lexical_w005
65804,0,minibatch_k64,text_pca256_lexical_w005
65805,18,minibatch_k64,text_pca256_lexical_w005
65806,18,minibatch_k64,text_pca256_lexical_w005
65807,18,minibatch_k64,text_pca256_lexical_w005
65808,8,minibatch_k64,text_pca256_lexical_w005
65809,0,minibatch_k64,text_pca256_lexical_w005
65810,0,minibatch_k64,text_pca256_lexical_w005
65811,23,minibatch_k64,text_pca256_lexical_w005
65812,0,minibatch_k64,text_pca256_lexical_w005
65813,8,minibatch_k64,text_pca256_lexical_w005
65814,8,minibatch_k64,text_pca256_lexical_w005
65815,0,minibatch_k64,text_pca256_lexical_w005
65816,0,minibatch_k64,text_pca256_lexical_w005
65817,0,minibatch_k64,text_pca256_lexical_w005
65818,59,minibatch_k64,text_pca256_lexical_w005
65819,59,minibatch_k64,text_pca256_lexical_w005
65820,0,minibatch_k64,text_pca256_lexical_w005
65821,10,minibatch_k64,text_pca256_lexical_w005
65822,39,minibatch_k64,text_pca256_lexical_w005
65823,50,minibatch_k64,text_pca256_lexical_w005
65824,8,minibatch_k64,text_pca256_lexical_w005
65825,0,minibatch_k64,text_pca256_lexical_w005
65826,39,minibatch_k64,text_pca256_lexical_w005
65827,15,minibatch_k64,text_pca256_lexical_w005
65828,0,minibatch_k64,text_pca256_lexical_w005
65829,39,minibatch_k64,text_pca256_lexical_w005
65830,0,minibatch_k64,text_pca256_lexical_w005
65831,45,minibatch_k64,text_pca256_lexical_w005
65832,45,minibatch_k64,text_pca256_lexical_w005
65833,45,minibatch_k64,text_pca256_lexical_w005
65834,0,minibatch_k64,text_pca256_lexical_w005
65835,18,minibatch_k64,text_pca256_lexical_w005
65836,47,minibatch_k64,text_pca256_lexical_w005
65837,38,minibatch_k64,text_pca256_lexical_w005
65838,62,minibatch_k64,text_pca256_lexical_w005
65839,0,minibatch_k64,text_pca256_lexical_w005
65840,45,minibatch_k64,text_pca256_lexical_w005
65841,20,minibatch_k64,text_pca256_lexical_w005
65842,8,minibatch_k64,text_pca256_lexical_w005
65843,8,minibatch_k64,text_pca256_lexical_w005
65844,8,minibatch_k64,text_pca256_lexical_w005
65845,20,minibatch_k64,text_pca256_lexical_w005
65846,0,minibatch_k64,text_pca256_lexical_w005
65847,38,minibatch_k64,text_pca256_lexical_w005
65848,37,minibatch_k64,text_pca256_lexical_w005
65849,45,minibatch_k64,text_pca256_lexical_w005
65850,10,minibatch_k64,text_pca256_lexical_w005
65851,4,minibatch_k64,text_pca256_lexical_w005
65852,27,minibatch_k64,text_pca256_lexical_w005
65853,15,minibatch_k64,text_pca256_lexical_w005
65854,0,minibatch_k64,text_pca256_lexical_w005
65855,0,minibatch_k64,text_pca256_lexical_w005
65856,8,minibatch_k64,text_pca256_lexical_w005
65857,0,minibatch_k64,text_pca256_lexical_w005
65858,8,minibatch_k64,text_pca256_lexical_w005
65859,33,minibatch_k64,text_pca256_lexical_w005
65860,8,minibatch_k64,text_pca256_lexical_w005
65861,62,minibatch_k64,text_pca256_lexical_w005
65862,10,minibatch_k64,text_pca256_lexical_w005
65863,0,minibatch_k64,text_pca256_lexical_w005
65864,0,minibatch_k64,text_pca256_lexical_w005
65865,15,minibatch_k64,text_pca256_lexical_w005
65866,50,minibatch_k64,text_pca256_lexical_w005
65867,38,minibatch_k64,text_pca256_lexical_w005
65868,55,minibatch_k64,text_pca256_lexical_w005
65869,37,minibatch_k64,text_pca256_lexical_w005
65870,45,minibatch_k64,text_pca256_lexical_w005
65871,33,minibatch_k64,text_pca256_lexical_w005
65872,8,minibatch_k64,text_pca256_lexical_w005
65873,20,minibatch_k64,text_pca256_lexical_w005
65874,8,minibatch_k64,text_pca256_lexical_w005
65875,25,minibatch_k64,text_pca256_lexical_w005
65876,21,minibatch_k64,text_pca256_lexical_w005
65877,15,minibatch_k64,text_pca256_lexical_w005
65878,42,minibatch_k64,text_pca256_lexical_w005
65879,0,minibatch_k64,text_pca256_lexical_w005
65880,45,minibatch_k64,text_pca256_lexical_w005
65881,23,minibatch_k64,text_pca256_lexical_w005
65882,45,minibatch_k64,text_pca256_lexical_w005
65883,45,minibatch_k64,text_pca256_lexical_w005
65884,10,minibatch_k64,text_pca256_lexical_w005
65885,45,minibatch_k64,text_pca256_lexical_w005
65886,62,minibatch_k64,text_pca256_lexical_w005
65887,8,minibatch_k64,text_pca256_lexical_w005
65888,62,minibatch_k64,text_pca256_lexical_w005
65889,33,minibatch_k64,text_pca256_lexical_w005
65890,18,minibatch_k64,text_pca256_lexical_w005
65891,0,minibatch_k64,text_pca256_lexical_w005
65892,30,minibatch_k64,text_pca256_lexical_w005
65893,18,minibatch_k64,text_pca256_lexical_w005
65894,59,minibatch_k64,text_pca256_lexical_w005
65895,62,minibatch_k64,text_pca256_lexical_w005
65896,62,minibatch_k64,text_pca256_lexical_w005
65897,0,minibatch_k64,text_pca256_lexical_w005
65898,18,minibatch_k64,text_pca256_lexical_w005
65899,62,minibatch_k64,text_pca256_lexical_w005
65900,45,minibatch_k64,text_pca256_lexical_w005
65901,10,minibatch_k64,text_pca256_lexical_w005
65902,0,minibatch_k64,text_pca256_lexical_w005
65903,15,minibatch_k64,text_pca256_lexical_w005
65904,0,minibatch_k64,text_pca256_lexical_w005
65905,33,minibatch_k64,text_pca256_lexical_w005
65906,0,minibatch_k64,text_pca256_lexical_w005
65907,45,minibatch_k64,text_pca256_lexical_w005
65908,2,minibatch_k64,text_pca256_lexical_w005
65909,45,minibatch_k64,text_pca256_lexical_w005
65910,15,minibatch_k64,text_pca256_lexical_w005
65911,45,minibatch_k64,text_pca256_lexical_w005
65912,45,minibatch_k64,text_pca256_lexical_w005
65913,2,minibatch_k64,text_pca256_lexical_w005
65914,59,minibatch_k64,text_pca256_lexical_w005
65915,0,minibatch_k64,text_pca256_lexical_w005
65916,8,minibatch_k64,text_pca256_lexical_w005
65917,62,minibatch_k64,text_pca256_lexical_w005
65918,8,minibatch_k64,text_pca256_lexical_w005
65919,8,minibatch_k64,text_pca256_lexical_w005
65920,8,minibatch_k64,text_pca256_lexical_w005
65921,8,minibatch_k64,text_pca256_lexical_w005
65922,45,minibatch_k64,text_pca256_lexical_w005
65923,33,minibatch_k64,text_pca256_lexical_w005
65924,33,minibatch_k64,text_pca256_lexical_w005
65925,33,minibatch_k64,text_pca256_lexical_w005
65926,62,minibatch_k64,text_pca256_lexical_w005
65927,0,minibatch_k64,text_pca256_lexical_w005
65928,8,minibatch_k64,text_pca256_lexical_w005
65929,39,minibatch_k64,text_pca256_lexical_w005
65930,6,minibatch_k64,text_pca256_lexical_w005
65931,0,minibatch_k64,text_pca256_lexical_w005
65932,10,minibatch_k64,text_pca256_lexical_w005
65933,0,minibatch_k64,text_pca256_lexical_w005
65934,0,minibatch_k64,text_pca256_lexical_w005
65935,10,minibatch_k64,text_pca256_lexical_w005
65936,21,minibatch_k64,text_pca256_lexical_w005
65937,21,minibatch_k64,text_pca256_lexical_w005
65938,6,minibatch_k64,text_pca256_lexical_w005
65939,21,minibatch_k64,text_pca256_lexical_w005
65940,21,minibatch_k64,text_pca256_lexical_w005
65941,10,minibatch_k64,text_pca256_lexical_w005
65942,21,minibatch_k64,text_pca256_lexical_w005
65943,21,minibatch_k64,text_pca256_lexical_w005
65944,21,minibatch_k64,text_pca256_lexical_w005
65945,6,minibatch_k64,text_pca256_lexical_w005
65946,10,minibatch_k64,text_pca256_lexical_w005
65947,0,minibatch_k64,text_pca256_lexical_w005
65948,59,minibatch_k64,text_pca256_lexical_w005
65949,34,minibatch_k64,text_pca256_lexical_w005
65950,0,minibatch_k64,text_pca256_lexical_w005
65951,7,minibatch_k64,text_pca256_lexical_w005
65952,34,minibatch_k64,text_pca256_lexical_w005
65953,10,minibatch_k64,text_pca256_lexical_w005
65954,39,minibatch_k64,text_pca256_lexical_w005
65955,8,minibatch_k64,text_pca256_lexical_w005
65956,50,minibatch_k64,text_pca256_lexical_w005
65957,0,minibatch_k64,text_pca256_lexical_w005
65958,0,minibatch_k64,text_pca256_lexical_w005
65959,21,minibatch_k64,text_pca256_lexical_w005
65960,62,minibatch_k64,text_pca256_lexical_w005
65961,0,minibatch_k64,text_pca256_lexical_w005
65962,62,minibatch_k64,text_pca256_lexical_w005
65963,5,minibatch_k64,text_pca256_lexical_w005
65964,0,minibatch_k64,text_pca256_lexical_w005
65965,5,minibatch_k64,text_pca256_lexical_w005
65966,23,minibatch_k64,text_pca256_lexical_w005
65967,5,minibatch_k64,text_pca256_lexical_w005
65968,61,minibatch_k64,text_pca256_lexical_w005
65969,10,minibatch_k64,text_pca256_lexical_w005
65970,45,minibatch_k64,text_pca256_lexical_w005
65971,45,minibatch_k64,text_pca256_lexical_w005
65972,4,minibatch_k64,text_pca256_lexical_w005
65973,23,minibatch_k64,text_pca256_lexical_w005
65974,23,minibatch_k64,text_pca256_lexical_w005
65975,23,minibatch_k64,text_pca256_lexical_w005
65976,4,minibatch_k64,text_pca256_lexical_w005
65977,2,minibatch_k64,text_pca256_lexical_w005
65978,23,minibatch_k64,text_pca256_lexical_w005
65979,0,minibatch_k64,text_pca256_lexical_w005
65980,59,minibatch_k64,text_pca256_lexical_w005
65981,8,minibatch_k64,text_pca256_lexical_w005
65982,15,minibatch_k64,text_pca256_lexical_w005
65983,0,minibatch_k64,text_pca256_lexical_w005
65984,62,minibatch_k64,text_pca256_lexical_w005
65985,15,minibatch_k64,text_pca256_lexical_w005
65986,21,minibatch_k64,text_pca256_lexical_w005
65987,42,minibatch_k64,text_pca256_lexical_w005
65988,42,minibatch_k64,text_pca256_lexical_w005
65989,8,minibatch_k64,text_pca256_lexical_w005
65990,0,minibatch_k64,text_pca256_lexical_w005
65991,21,minibatch_k64,text_pca256_lexical_w005
65992,0,minibatch_k64,text_pca256_lexical_w005
65993,0,minibatch_k64,text_pca256_lexical_w005
65994,42,minibatch_k64,text_pca256_lexical_w005
65995,42,minibatch_k64,text_pca256_lexical_w005
65996,33,minibatch_k64,text_pca256_lexical_w005
65997,5,minibatch_k64,text_pca256_lexical_w005
65998,10,minibatch_k64,text_pca256_lexical_w005
65999,8,minibatch_k64,text_pca256_lexical_w005
66000,23,minibatch_k64,text_pca256_lexical_w005
66001,8,minibatch_k64,text_pca256_lexical_w005
66002,8,minibatch_k64,text_pca256_lexical_w005
66003,62,minibatch_k64,text_pca256_lexical_w005
66004,8,minibatch_k64,text_pca256_lexical_w005
66005,50,minibatch_k64,text_pca256_lexical_w005
66006,8,minibatch_k64,text_pca256_lexical_w005
66007,8,minibatch_k64,text_pca256_lexical_w005
66008,8,minibatch_k64,text_pca256_lexical_w005
66009,45,minibatch_k64,text_pca256_lexical_w005
66010,23,minibatch_k64,text_pca256_lexical_w005
66011,23,minibatch_k64,text_pca256_lexical_w005
66012,0,minibatch_k64,text_pca256_lexical_w005
66013,21,minibatch_k64,text_pca256_lexical_w005
66014,39,minibatch_k64,text_pca256_lexical_w005
66015,21,minibatch_k64,text_pca256_lexical_w005
66016,0,minibatch_k64,text_pca256_lexical_w005
66017,62,minibatch_k64,text_pca256_lexical_w005
66018,59,minibatch_k64,text_pca256_lexical_w005
66019,21,minibatch_k64,text_pca256_lexical_w005
66020,21,minibatch_k64,text_pca256_lexical_w005
66021,23,minibatch_k64,text_pca256_lexical_w005
66022,0,minibatch_k64,text_pca256_lexical_w005
66023,50,minibatch_k64,text_pca256_lexical_w005
66024,23,minibatch_k64,text_pca256_lexical_w005
66025,39,minibatch_k64,text_pca256_lexical_w005
66026,50,minibatch_k64,text_pca256_lexical_w005
66027,23,minibatch_k64,text_pca256_lexical_w005
66028,23,minibatch_k64,text_pca256_lexical_w005
66029,0,minibatch_k64,text_pca256_lexical_w005
66030,21,minibatch_k64,text_pca256_lexical_w005
66031,8,minibatch_k64,text_pca256_lexical_w005
66032,23,minibatch_k64,text_pca256_lexical_w005
66033,59,minibatch_k64,text_pca256_lexical_w005
66034,0,minibatch_k64,text_pca256_lexical_w005
66035,8,minibatch_k64,text_pca256_lexical_w005
66036,46,minibatch_k64,text_pca256_lexical_w005
66037,33,minibatch_k64,text_pca256_lexical_w005
66038,8,minibatch_k64,text_pca256_lexical_w005
66039,5,minibatch_k64,text_pca256_lexical_w005
66040,45,minibatch_k64,text_pca256_lexical_w005
66041,45,minibatch_k64,text_pca256_lexical_w005
66042,45,minibatch_k64,text_pca256_lexical_w005
66043,4,minibatch_k64,text_pca256_lexical_w005
66044,45,minibatch_k64,text_pca256_lexical_w005
66045,10,minibatch_k64,text_pca256_lexical_w005
66046,8,minibatch_k64,text_pca256_lexical_w005
66047,62,minibatch_k64,text_pca256_lexical_w005
66048,0,minibatch_k64,text_pca256_lexical_w005
66049,2,minibatch_k64,text_pca256_lexical_w005
66050,23,minibatch_k64,text_pca256_lexical_w005
66051,0,minibatch_k64,text_pca256_lexical_w005
66052,5,minibatch_k64,text_pca256_lexical_w005
66053,23,minibatch_k64,text_pca256_lexical_w005
66054,23,minibatch_k64,text_pca256_lexical_w005
66055,62,minibatch_k64,text_pca256_lexical_w005
66056,62,minibatch_k64,text_pca256_lexical_w005
66057,62,minibatch_k64,text_pca256_lexical_w005
66058,8,minibatch_k64,text_pca256_lexical_w005
66059,23,minibatch_k64,text_pca256_lexical_w005
66060,23,minibatch_k64,text_pca256_lexical_w005
66061,23,minibatch_k64,text_pca256_lexical_w005
66062,0,minibatch_k64,text_pca256_lexical_w005
66063,23,minibatch_k64,text_pca256_lexical_w005
66064,62,minibatch_k64,text_pca256_lexical_w005
66065,50,minibatch_k64,text_pca256_lexical_w005
66066,0,minibatch_k64,text_pca256_lexical_w005
66067,33,minibatch_k64,text_pca256_lexical_w005
66068,0,minibatch_k64,text_pca256_lexical_w005
66069,0,minibatch_k64,text_pca256_lexical_w005
66070,39,minibatch_k64,text_pca256_lexical_w005
66071,0,minibatch_k64,text_pca256_lexical_w005
66072,23,minibatch_k64,text_pca256_lexical_w005
66073,0,minibatch_k64,text_pca256_lexical_w005
66074,62,minibatch_k64,text_pca256_lexical_w005
66075,0,minibatch_k64,text_pca256_lexical_w005
66076,23,minibatch_k64,text_pca256_lexical_w005
66077,52,minibatch_k64,text_pca256_lexical_w005
66078,62,minibatch_k64,text_pca256_lexical_w005
66079,45,minibatch_k64,text_pca256_lexical_w005
66080,8,minibatch_k64,text_pca256_lexical_w005
66081,42,minibatch_k64,text_pca256_lexical_w005
66082,23,minibatch_k64,text_pca256_lexical_w005
66083,46,minibatch_k64,text_pca256_lexical_w005
66084,23,minibatch_k64,text_pca256_lexical_w005
66085,5,minibatch_k64,text_pca256_lexical_w005
66086,23,minibatch_k64,text_pca256_lexical_w005
66087,23,minibatch_k64,text_pca256_lexical_w005
66088,0,minibatch_k64,text_pca256_lexical_w005
66089,52,minibatch_k64,text_pca256_lexical_w005
66090,62,minibatch_k64,text_pca256_lexical_w005
66091,25,minibatch_k64,text_pca256_lexical_w005
66092,0,minibatch_k64,text_pca256_lexical_w005
66093,39,minibatch_k64,text_pca256_lexical_w005
66094,39,minibatch_k64,text_pca256_lexical_w005
66095,39,minibatch_k64,text_pca256_lexical_w005
66096,43,minibatch_k64,text_pca256_lexical_w005
66097,0,minibatch_k64,text_pca256_lexical_w005
66098,10,minibatch_k64,text_pca256_lexical_w005
66099,62,minibatch_k64,text_pca256_lexical_w005
66100,15,minibatch_k64,text_pca256_lexical_w005
66101,0,minibatch_k64,text_pca256_lexical_w005
66102,15,minibatch_k64,text_pca256_lexical_w005
66103,0,minibatch_k64,text_pca256_lexical_w005
66104,48,minibatch_k64,text_pca256_lexical_w005
66105,42,minibatch_k64,text_pca256_lexical_w005
66106,50,minibatch_k64,text_pca256_lexical_w005
66107,45,minibatch_k64,text_pca256_lexical_w005
66108,38,minibatch_k64,text_pca256_lexical_w005
66109,45,minibatch_k64,text_pca256_lexical_w005
66110,10,minibatch_k64,text_pca256_lexical_w005
66111,0,minibatch_k64,text_pca256_lexical_w005
66112,15,minibatch_k64,text_pca256_lexical_w005
66113,23,minibatch_k64,text_pca256_lexical_w005
66114,15,minibatch_k64,text_pca256_lexical_w005
66115,8,minibatch_k64,text_pca256_lexical_w005
66116,23,minibatch_k64,text_pca256_lexical_w005
66117,62,minibatch_k64,text_pca256_lexical_w005
66118,10,minibatch_k64,text_pca256_lexical_w005
66119,23,minibatch_k64,text_pca256_lexical_w005
66120,5,minibatch_k64,text_pca256_lexical_w005
66121,45,minibatch_k64,text_pca256_lexical_w005
66122,39,minibatch_k64,text_pca256_lexical_w005
66123,62,minibatch_k64,text_pca256_lexical_w005
66124,45,minibatch_k64,text_pca256_lexical_w005
66125,62,minibatch_k64,text_pca256_lexical_w005
66126,8,minibatch_k64,text_pca256_lexical_w005
66127,10,minibatch_k64,text_pca256_lexical_w005
66128,62,minibatch_k64,text_pca256_lexical_w005
66129,23,minibatch_k64,text_pca256_lexical_w005
66130,0,minibatch_k64,text_pca256_lexical_w005
66131,15,minibatch_k64,text_pca256_lexical_w005
66132,45,minibatch_k64,text_pca256_lexical_w005
66133,0,minibatch_k64,text_pca256_lexical_w005
66134,53,minibatch_k64,text_pca256_lexical_w005
66135,33,minibatch_k64,text_pca256_lexical_w005
66136,23,minibatch_k64,text_pca256_lexical_w005
66137,15,minibatch_k64,text_pca256_lexical_w005
66138,8,minibatch_k64,text_pca256_lexical_w005
66139,62,minibatch_k64,text_pca256_lexical_w005
66140,23,minibatch_k64,text_pca256_lexical_w005
66141,0,minibatch_k64,text_pca256_lexical_w005
66142,62,minibatch_k64,text_pca256_lexical_w005
66143,59,minibatch_k64,text_pca256_lexical_w005
66144,50,minibatch_k64,text_pca256_lexical_w005
66145,62,minibatch_k64,text_pca256_lexical_w005
66146,10,minibatch_k64,text_pca256_lexical_w005
66147,50,minibatch_k64,text_pca256_lexical_w005
66148,0,minibatch_k64,text_pca256_lexical_w005
66149,23,minibatch_k64,text_pca256_lexical_w005
66150,23,minibatch_k64,text_pca256_lexical_w005
66151,2,minibatch_k64,text_pca256_lexical_w005
66152,23,minibatch_k64,text_pca256_lexical_w005
66153,10,minibatch_k64,text_pca256_lexical_w005
66154,23,minibatch_k64,text_pca256_lexical_w005
66155,15,minibatch_k64,text_pca256_lexical_w005
66156,15,minibatch_k64,text_pca256_lexical_w005
66157,23,minibatch_k64,text_pca256_lexical_w005
66158,62,minibatch_k64,text_pca256_lexical_w005
66159,0,minibatch_k64,text_pca256_lexical_w005
66160,23,minibatch_k64,text_pca256_lexical_w005
66161,10,minibatch_k64,text_pca256_lexical_w005
66162,21,minibatch_k64,text_pca256_lexical_w005
66163,23,minibatch_k64,text_pca256_lexical_w005
66164,0,minibatch_k64,text_pca256_lexical_w005
66165,29,minibatch_k64,text_pca256_lexical_w005
66166,23,minibatch_k64,text_pca256_lexical_w005
66167,29,minibatch_k64,text_pca256_lexical_w005
66168,62,minibatch_k64,text_pca256_lexical_w005
66169,25,minibatch_k64,text_pca256_lexical_w005
66170,62,minibatch_k64,text_pca256_lexical_w005
66171,0,minibatch_k64,text_pca256_lexical_w005
66172,23,minibatch_k64,text_pca256_lexical_w005
66173,15,minibatch_k64,text_pca256_lexical_w005
66174,8,minibatch_k64,text_pca256_lexical_w005
66175,42,minibatch_k64,text_pca256_lexical_w005
66176,43,minibatch_k64,text_pca256_lexical_w005
66177,29,minibatch_k64,text_pca256_lexical_w005
66178,23,minibatch_k64,text_pca256_lexical_w005
66179,10,minibatch_k64,text_pca256_lexical_w005
66180,5,minibatch_k64,text_pca256_lexical_w005
66181,5,minibatch_k64,text_pca256_lexical_w005
66182,50,minibatch_k64,text_pca256_lexical_w005
66183,48,minibatch_k64,text_pca256_lexical_w005
66184,23,minibatch_k64,text_pca256_lexical_w005
66185,45,minibatch_k64,text_pca256_lexical_w005
66186,4,minibatch_k64,text_pca256_lexical_w005
66187,38,minibatch_k64,text_pca256_lexical_w005
66188,23,minibatch_k64,text_pca256_lexical_w005
66189,55,minibatch_k64,text_pca256_lexical_w005
66190,62,minibatch_k64,text_pca256_lexical_w005
66191,23,minibatch_k64,text_pca256_lexical_w005
66192,33,minibatch_k64,text_pca256_lexical_w005
66193,45,minibatch_k64,text_pca256_lexical_w005
66194,10,minibatch_k64,text_pca256_lexical_w005
66195,2,minibatch_k64,text_pca256_lexical_w005
66196,42,minibatch_k64,text_pca256_lexical_w005
66197,8,minibatch_k64,text_pca256_lexical_w005
66198,10,minibatch_k64,text_pca256_lexical_w005
66199,29,minibatch_k64,text_pca256_lexical_w005
66200,62,minibatch_k64,text_pca256_lexical_w005
66201,23,minibatch_k64,text_pca256_lexical_w005
66202,15,minibatch_k64,text_pca256_lexical_w005
66203,5,minibatch_k64,text_pca256_lexical_w005
66204,0,minibatch_k64,text_pca256_lexical_w005
66205,45,minibatch_k64,text_pca256_lexical_w005
66206,62,minibatch_k64,text_pca256_lexical_w005
66207,0,minibatch_k64,text_pca256_lexical_w005
66208,23,minibatch_k64,text_pca256_lexical_w005
66209,23,minibatch_k64,text_pca256_lexical_w005
66210,23,minibatch_k64,text_pca256_lexical_w005
66211,23,minibatch_k64,text_pca256_lexical_w005
66212,45,minibatch_k64,text_pca256_lexical_w005
66213,45,minibatch_k64,text_pca256_lexical_w005
66214,50,minibatch_k64,text_pca256_lexical_w005
66215,0,minibatch_k64,text_pca256_lexical_w005
66216,45,minibatch_k64,text_pca256_lexical_w005
66217,45,minibatch_k64,text_pca256_lexical_w005
66218,0,minibatch_k64,text_pca256_lexical_w005
66219,15,minibatch_k64,text_pca256_lexical_w005
66220,8,minibatch_k64,text_pca256_lexical_w005
66221,0,minibatch_k64,text_pca256_lexical_w005
66222,50,minibatch_k64,text_pca256_lexical_w005
66223,23,minibatch_k64,text_pca256_lexical_w005
66224,8,minibatch_k64,text_pca256_lexical_w005
66225,62,minibatch_k64,text_pca256_lexical_w005
66226,23,minibatch_k64,text_pca256_lexical_w005
66227,0,minibatch_k64,text_pca256_lexical_w005
66228,48,minibatch_k64,text_pca256_lexical_w005
66229,45,minibatch_k64,text_pca256_lexical_w005
66230,23,minibatch_k64,text_pca256_lexical_w005
66231,42,minibatch_k64,text_pca256_lexical_w005
66232,62,minibatch_k64,text_pca256_lexical_w005
66233,52,minibatch_k64,text_pca256_lexical_w005
66234,33,minibatch_k64,text_pca256_lexical_w005
66235,0,minibatch_k64,text_pca256_lexical_w005
66236,42,minibatch_k64,text_pca256_lexical_w005
66237,23,minibatch_k64,text_pca256_lexical_w005
66238,25,minibatch_k64,text_pca256_lexical_w005
66239,23,minibatch_k64,text_pca256_lexical_w005
66240,15,minibatch_k64,text_pca256_lexical_w005
66241,15,minibatch_k64,text_pca256_lexical_w005
66242,62,minibatch_k64,text_pca256_lexical_w005
66243,23,minibatch_k64,text_pca256_lexical_w005
66244,59,minibatch_k64,text_pca256_lexical_w005
66245,62,minibatch_k64,text_pca256_lexical_w005
66246,0,minibatch_k64,text_pca256_lexical_w005
66247,10,minibatch_k64,text_pca256_lexical_w005
66248,50,minibatch_k64,text_pca256_lexical_w005
66249,45,minibatch_k64,text_pca256_lexical_w005
66250,38,minibatch_k64,text_pca256_lexical_w005
66251,0,minibatch_k64,text_pca256_lexical_w005
66252,62,minibatch_k64,text_pca256_lexical_w005
66253,0,minibatch_k64,text_pca256_lexical_w005
66254,0,minibatch_k64,text_pca256_lexical_w005
66255,45,minibatch_k64,text_pca256_lexical_w005
66256,47,minibatch_k64,text_pca256_lexical_w005
66257,5,minibatch_k64,text_pca256_lexical_w005
66258,10,minibatch_k64,text_pca256_lexical_w005
66259,23,minibatch_k64,text_pca256_lexical_w005
66260,45,minibatch_k64,text_pca256_lexical_w005
66261,23,minibatch_k64,text_pca256_lexical_w005
66262,23,minibatch_k64,text_pca256_lexical_w005
66263,4,minibatch_k64,text_pca256_lexical_w005
66264,50,minibatch_k64,text_pca256_lexical_w005
66265,50,minibatch_k64,text_pca256_lexical_w005
66266,23,minibatch_k64,text_pca256_lexical_w005
66267,23,minibatch_k64,text_pca256_lexical_w005
66268,8,minibatch_k64,text_pca256_lexical_w005
66269,50,minibatch_k64,text_pca256_lexical_w005
66270,23,minibatch_k64,text_pca256_lexical_w005
66271,33,minibatch_k64,text_pca256_lexical_w005
66272,62,minibatch_k64,text_pca256_lexical_w005
66273,21,minibatch_k64,text_pca256_lexical_w005
66274,43,minibatch_k64,text_pca256_lexical_w005
66275,23,minibatch_k64,text_pca256_lexical_w005
66276,45,minibatch_k64,text_pca256_lexical_w005
66277,21,minibatch_k64,text_pca256_lexical_w005
66278,23,minibatch_k64,text_pca256_lexical_w005
66279,23,minibatch_k64,text_pca256_lexical_w005
66280,62,minibatch_k64,text_pca256_lexical_w005
66281,0,minibatch_k64,text_pca256_lexical_w005
66282,2,minibatch_k64,text_pca256_lexical_w005
66283,10,minibatch_k64,text_pca256_lexical_w005
66284,23,minibatch_k64,text_pca256_lexical_w005
66285,59,minibatch_k64,text_pca256_lexical_w005
66286,45,minibatch_k64,text_pca256_lexical_w005
66287,23,minibatch_k64,text_pca256_lexical_w005
66288,15,minibatch_k64,text_pca256_lexical_w005
66289,15,minibatch_k64,text_pca256_lexical_w005
66290,45,minibatch_k64,text_pca256_lexical_w005
66291,50,minibatch_k64,text_pca256_lexical_w005
66292,33,minibatch_k64,text_pca256_lexical_w005
66293,23,minibatch_k64,text_pca256_lexical_w005
66294,2,minibatch_k64,text_pca256_lexical_w005
66295,8,minibatch_k64,text_pca256_lexical_w005
66296,21,minibatch_k64,text_pca256_lexical_w005
66297,62,minibatch_k64,text_pca256_lexical_w005
66298,23,minibatch_k64,text_pca256_lexical_w005
66299,23,minibatch_k64,text_pca256_lexical_w005
66300,62,minibatch_k64,text_pca256_lexical_w005
66301,0,minibatch_k64,text_pca256_lexical_w005
66302,42,minibatch_k64,text_pca256_lexical_w005
66303,8,minibatch_k64,text_pca256_lexical_w005
66304,23,minibatch_k64,text_pca256_lexical_w005
66305,62,minibatch_k64,text_pca256_lexical_w005
66306,0,minibatch_k64,text_pca256_lexical_w005
66307,21,minibatch_k64,text_pca256_lexical_w005
66308,8,minibatch_k64,text_pca256_lexical_w005
66309,0,minibatch_k64,text_pca256_lexical_w005
66310,50,minibatch_k64,text_pca256_lexical_w005
66311,56,minibatch_k64,text_pca256_lexical_w005
66312,62,minibatch_k64,text_pca256_lexical_w005
66313,23,minibatch_k64,text_pca256_lexical_w005
66314,23,minibatch_k64,text_pca256_lexical_w005
66315,23,minibatch_k64,text_pca256_lexical_w005
66316,48,minibatch_k64,text_pca256_lexical_w005
66317,8,minibatch_k64,text_pca256_lexical_w005
66318,33,minibatch_k64,text_pca256_lexical_w005
66319,38,minibatch_k64,text_pca256_lexical_w005
66320,25,minibatch_k64,text_pca256_lexical_w005
66321,23,minibatch_k64,text_pca256_lexical_w005
66322,55,minibatch_k64,text_pca256_lexical_w005
66323,42,minibatch_k64,text_pca256_lexical_w005
66324,8,minibatch_k64,text_pca256_lexical_w005
66325,50,minibatch_k64,text_pca256_lexical_w005
66326,23,minibatch_k64,text_pca256_lexical_w005
66327,53,minibatch_k64,text_pca256_lexical_w005
66328,62,minibatch_k64,text_pca256_lexical_w005
66329,50,minibatch_k64,text_pca256_lexical_w005
66330,8,minibatch_k64,text_pca256_lexical_w005
66331,59,minibatch_k64,text_pca256_lexical_w005
66332,62,minibatch_k64,text_pca256_lexical_w005
66333,23,minibatch_k64,text_pca256_lexical_w005
66334,8,minibatch_k64,text_pca256_lexical_w005
66335,43,minibatch_k64,text_pca256_lexical_w005
66336,62,minibatch_k64,text_pca256_lexical_w005
66337,23,minibatch_k64,text_pca256_lexical_w005
66338,0,minibatch_k64,text_pca256_lexical_w005
66339,33,minibatch_k64,text_pca256_lexical_w005
66340,50,minibatch_k64,text_pca256_lexical_w005
66341,0,minibatch_k64,text_pca256_lexical_w005
66342,23,minibatch_k64,text_pca256_lexical_w005
66343,8,minibatch_k64,text_pca256_lexical_w005
66344,59,minibatch_k64,text_pca256_lexical_w005
66345,50,minibatch_k64,text_pca256_lexical_w005
66346,0,minibatch_k64,text_pca256_lexical_w005
66347,0,minibatch_k64,text_pca256_lexical_w005
66348,0,minibatch_k64,text_pca256_lexical_w005
66349,10,minibatch_k64,text_pca256_lexical_w005
66350,39,minibatch_k64,text_pca256_lexical_w005
66351,21,minibatch_k64,text_pca256_lexical_w005
66352,15,minibatch_k64,text_pca256_lexical_w005
66353,10,minibatch_k64,text_pca256_lexical_w005
66354,23,minibatch_k64,text_pca256_lexical_w005
66355,50,minibatch_k64,text_pca256_lexical_w005
66356,23,minibatch_k64,text_pca256_lexical_w005
66357,23,minibatch_k64,text_pca256_lexical_w005
66358,39,minibatch_k64,text_pca256_lexical_w005
66359,50,minibatch_k64,text_pca256_lexical_w005
66360,23,minibatch_k64,text_pca256_lexical_w005
66361,23,minibatch_k64,text_pca256_lexical_w005
66362,10,minibatch_k64,text_pca256_lexical_w005
66363,23,minibatch_k64,text_pca256_lexical_w005
66364,15,minibatch_k64,text_pca256_lexical_w005
66365,2,minibatch_k64,text_pca256_lexical_w005
66366,10,minibatch_k64,text_pca256_lexical_w005
66367,59,minibatch_k64,text_pca256_lexical_w005
66368,23,minibatch_k64,text_pca256_lexical_w005
66369,23,minibatch_k64,text_pca256_lexical_w005
66370,0,minibatch_k64,text_pca256_lexical_w005
66371,23,minibatch_k64,text_pca256_lexical_w005
66372,0,minibatch_k64,text_pca256_lexical_w005
66373,0,minibatch_k64,text_pca256_lexical_w005
66374,8,minibatch_k64,text_pca256_lexical_w005
66375,45,minibatch_k64,text_pca256_lexical_w005
66376,62,minibatch_k64,text_pca256_lexical_w005
66377,0,minibatch_k64,text_pca256_lexical_w005
66378,33,minibatch_k64,text_pca256_lexical_w005
66379,62,minibatch_k64,text_pca256_lexical_w005
66380,8,minibatch_k64,text_pca256_lexical_w005
66381,62,minibatch_k64,text_pca256_lexical_w005
66382,23,minibatch_k64,text_pca256_lexical_w005
66383,23,minibatch_k64,text_pca256_lexical_w005
66384,62,minibatch_k64,text_pca256_lexical_w005
66385,0,minibatch_k64,text_pca256_lexical_w005
66386,33,minibatch_k64,text_pca256_lexical_w005
66387,21,minibatch_k64,text_pca256_lexical_w005
66388,0,minibatch_k64,text_pca256_lexical_w005
66389,62,minibatch_k64,text_pca256_lexical_w005
66390,23,minibatch_k64,text_pca256_lexical_w005
66391,2,minibatch_k64,text_pca256_lexical_w005
66392,23,minibatch_k64,text_pca256_lexical_w005
66393,23,minibatch_k64,text_pca256_lexical_w005
66394,56,minibatch_k64,text_pca256_lexical_w005
66395,25,minibatch_k64,text_pca256_lexical_w005
66396,45,minibatch_k64,text_pca256_lexical_w005
66397,62,minibatch_k64,text_pca256_lexical_w005
66398,33,minibatch_k64,text_pca256_lexical_w005
66399,58,minibatch_k64,text_pca256_lexical_w005
66400,58,minibatch_k64,text_pca256_lexical_w005
66401,45,minibatch_k64,text_pca256_lexical_w005
66402,59,minibatch_k64,text_pca256_lexical_w005
66403,55,minibatch_k64,text_pca256_lexical_w005
66404,63,minibatch_k64,text_pca256_lexical_w005
66405,45,minibatch_k64,text_pca256_lexical_w005
66406,8,minibatch_k64,text_pca256_lexical_w005
66407,45,minibatch_k64,text_pca256_lexical_w005
66408,10,minibatch_k64,text_pca256_lexical_w005
66409,62,minibatch_k64,text_pca256_lexical_w005
66410,4,minibatch_k64,text_pca256_lexical_w005
66411,15,minibatch_k64,text_pca256_lexical_w005
66412,23,minibatch_k64,text_pca256_lexical_w005
66413,23,minibatch_k64,text_pca256_lexical_w005
66414,50,minibatch_k64,text_pca256_lexical_w005
66415,0,minibatch_k64,text_pca256_lexical_w005
66416,4,minibatch_k64,text_pca256_lexical_w005
66417,4,minibatch_k64,text_pca256_lexical_w005
66418,8,minibatch_k64,text_pca256_lexical_w005
66419,62,minibatch_k64,text_pca256_lexical_w005
66420,15,minibatch_k64,text_pca256_lexical_w005
66421,10,minibatch_k64,text_pca256_lexical_w005
66422,62,minibatch_k64,text_pca256_lexical_w005
66423,53,minibatch_k64,text_pca256_lexical_w005
66424,15,minibatch_k64,text_pca256_lexical_w005
66425,47,minibatch_k64,text_pca256_lexical_w005
66426,23,minibatch_k64,text_pca256_lexical_w005
66427,21,minibatch_k64,text_pca256_lexical_w005
66428,62,minibatch_k64,text_pca256_lexical_w005
66429,4,minibatch_k64,text_pca256_lexical_w005
66430,23,minibatch_k64,text_pca256_lexical_w005
66431,33,minibatch_k64,text_pca256_lexical_w005
66432,23,minibatch_k64,text_pca256_lexical_w005
66433,15,minibatch_k64,text_pca256_lexical_w005
66434,23,minibatch_k64,text_pca256_lexical_w005
66435,23,minibatch_k64,text_pca256_lexical_w005
66436,15,minibatch_k64,text_pca256_lexical_w005
66437,23,minibatch_k64,text_pca256_lexical_w005
66438,50,minibatch_k64,text_pca256_lexical_w005
66439,0,minibatch_k64,text_pca256_lexical_w005
66440,4,minibatch_k64,text_pca256_lexical_w005
66441,33,minibatch_k64,text_pca256_lexical_w005
66442,10,minibatch_k64,text_pca256_lexical_w005
66443,42,minibatch_k64,text_pca256_lexical_w005
66444,0,minibatch_k64,text_pca256_lexical_w005
66445,62,minibatch_k64,text_pca256_lexical_w005
66446,2,minibatch_k64,text_pca256_lexical_w005
66447,62,minibatch_k64,text_pca256_lexical_w005
66448,59,minibatch_k64,text_pca256_lexical_w005
66449,23,minibatch_k64,text_pca256_lexical_w005
66450,10,minibatch_k64,text_pca256_lexical_w005
66451,25,minibatch_k64,text_pca256_lexical_w005
66452,56,minibatch_k64,text_pca256_lexical_w005
66453,0,minibatch_k64,text_pca256_lexical_w005
66454,5,minibatch_k64,text_pca256_lexical_w005
66455,43,minibatch_k64,text_pca256_lexical_w005
66456,8,minibatch_k64,text_pca256_lexical_w005
66457,5,minibatch_k64,text_pca256_lexical_w005
66458,23,minibatch_k64,text_pca256_lexical_w005
66459,23,minibatch_k64,text_pca256_lexical_w005
66460,58,minibatch_k64,text_pca256_lexical_w005
66461,50,minibatch_k64,text_pca256_lexical_w005
66462,45,minibatch_k64,text_pca256_lexical_w005
66463,45,minibatch_k64,text_pca256_lexical_w005
66464,55,minibatch_k64,text_pca256_lexical_w005
66465,63,minibatch_k64,text_pca256_lexical_w005
66466,2,minibatch_k64,text_pca256_lexical_w005
66467,10,minibatch_k64,text_pca256_lexical_w005
66468,23,minibatch_k64,text_pca256_lexical_w005
66469,23,minibatch_k64,text_pca256_lexical_w005
66470,5,minibatch_k64,text_pca256_lexical_w005
66471,62,minibatch_k64,text_pca256_lexical_w005
66472,62,minibatch_k64,text_pca256_lexical_w005
66473,56,minibatch_k64,text_pca256_lexical_w005
66474,23,minibatch_k64,text_pca256_lexical_w005
66475,23,minibatch_k64,text_pca256_lexical_w005
66476,15,minibatch_k64,text_pca256_lexical_w005
66477,50,minibatch_k64,text_pca256_lexical_w005
66478,0,minibatch_k64,text_pca256_lexical_w005
66479,23,minibatch_k64,text_pca256_lexical_w005
66480,47,minibatch_k64,text_pca256_lexical_w005
66481,15,minibatch_k64,text_pca256_lexical_w005
66482,33,minibatch_k64,text_pca256_lexical_w005
66483,8,minibatch_k64,text_pca256_lexical_w005
66484,15,minibatch_k64,text_pca256_lexical_w005
66485,50,minibatch_k64,text_pca256_lexical_w005
66486,10,minibatch_k64,text_pca256_lexical_w005
66487,10,minibatch_k64,text_pca256_lexical_w005
66488,23,minibatch_k64,text_pca256_lexical_w005
66489,50,minibatch_k64,text_pca256_lexical_w005
66490,23,minibatch_k64,text_pca256_lexical_w005
66491,23,minibatch_k64,text_pca256_lexical_w005
66492,23,minibatch_k64,text_pca256_lexical_w005
66493,23,minibatch_k64,text_pca256_lexical_w005
66494,23,minibatch_k64,text_pca256_lexical_w005
66495,8,minibatch_k64,text_pca256_lexical_w005
66496,23,minibatch_k64,text_pca256_lexical_w005
66497,0,minibatch_k64,text_pca256_lexical_w005
66498,15,minibatch_k64,text_pca256_lexical_w005
66499,23,minibatch_k64,text_pca256_lexical_w005
66500,23,minibatch_k64,text_pca256_lexical_w005
66501,33,minibatch_k64,text_pca256_lexical_w005
66502,0,minibatch_k64,text_pca256_lexical_w005
66503,56,minibatch_k64,text_pca256_lexical_w005
66504,0,minibatch_k64,text_pca256_lexical_w005
66505,50,minibatch_k64,text_pca256_lexical_w005
66506,59,minibatch_k64,text_pca256_lexical_w005
66507,2,minibatch_k64,text_pca256_lexical_w005
66508,8,minibatch_k64,text_pca256_lexical_w005
66509,2,minibatch_k64,text_pca256_lexical_w005
66510,4,minibatch_k64,text_pca256_lexical_w005
66511,43,minibatch_k64,text_pca256_lexical_w005
66512,23,minibatch_k64,text_pca256_lexical_w005
66513,23,minibatch_k64,text_pca256_lexical_w005
66514,21,minibatch_k64,text_pca256_lexical_w005
66515,4,minibatch_k64,text_pca256_lexical_w005
66516,25,minibatch_k64,text_pca256_lexical_w005
66517,21,minibatch_k64,text_pca256_lexical_w005
66518,50,minibatch_k64,text_pca256_lexical_w005
66519,2,minibatch_k64,text_pca256_lexical_w005
66520,38,minibatch_k64,text_pca256_lexical_w005
66521,23,minibatch_k64,text_pca256_lexical_w005
66522,45,minibatch_k64,text_pca256_lexical_w005
66523,55,minibatch_k64,text_pca256_lexical_w005
66524,22,minibatch_k64,text_pca256_lexical_w005
66525,33,minibatch_k64,text_pca256_lexical_w005
66526,0,minibatch_k64,text_pca256_lexical_w005
66527,23,minibatch_k64,text_pca256_lexical_w005
66528,62,minibatch_k64,text_pca256_lexical_w005
66529,23,minibatch_k64,text_pca256_lexical_w005
66530,45,minibatch_k64,text_pca256_lexical_w005
66531,0,minibatch_k64,text_pca256_lexical_w005
66532,23,minibatch_k64,text_pca256_lexical_w005
66533,43,minibatch_k64,text_pca256_lexical_w005
66534,59,minibatch_k64,text_pca256_lexical_w005
66535,23,minibatch_k64,text_pca256_lexical_w005
66536,4,minibatch_k64,text_pca256_lexical_w005
66537,14,minibatch_k64,text_pca256_lexical_w005
66538,33,minibatch_k64,text_pca256_lexical_w005
66539,23,minibatch_k64,text_pca256_lexical_w005
66540,23,minibatch_k64,text_pca256_lexical_w005
66541,2,minibatch_k64,text_pca256_lexical_w005
66542,45,minibatch_k64,text_pca256_lexical_w005
66543,23,minibatch_k64,text_pca256_lexical_w005
66544,62,minibatch_k64,text_pca256_lexical_w005
66545,8,minibatch_k64,text_pca256_lexical_w005
66546,8,minibatch_k64,text_pca256_lexical_w005
66547,15,minibatch_k64,text_pca256_lexical_w005
66548,10,minibatch_k64,text_pca256_lexical_w005
66549,50,minibatch_k64,text_pca256_lexical_w005
66550,8,minibatch_k64,text_pca256_lexical_w005
66551,23,minibatch_k64,text_pca256_lexical_w005
66552,10,minibatch_k64,text_pca256_lexical_w005
66553,23,minibatch_k64,text_pca256_lexical_w005
66554,59,minibatch_k64,text_pca256_lexical_w005
66555,23,minibatch_k64,text_pca256_lexical_w005
66556,39,minibatch_k64,text_pca256_lexical_w005
66557,8,minibatch_k64,text_pca256_lexical_w005
66558,33,minibatch_k64,text_pca256_lexical_w005
66559,59,minibatch_k64,text_pca256_lexical_w005
66560,33,minibatch_k64,text_pca256_lexical_w005
66561,0,minibatch_k64,text_pca256_lexical_w005
66562,33,minibatch_k64,text_pca256_lexical_w005
66563,50,minibatch_k64,text_pca256_lexical_w005
66564,23,minibatch_k64,text_pca256_lexical_w005
66565,42,minibatch_k64,text_pca256_lexical_w005
66566,0,minibatch_k64,text_pca256_lexical_w005
66567,62,minibatch_k64,text_pca256_lexical_w005
66568,0,minibatch_k64,text_pca256_lexical_w005
66569,33,minibatch_k64,text_pca256_lexical_w005
66570,14,minibatch_k64,text_pca256_lexical_w005
66571,23,minibatch_k64,text_pca256_lexical_w005
66572,4,minibatch_k64,text_pca256_lexical_w005
66573,42,minibatch_k64,text_pca256_lexical_w005
66574,0,minibatch_k64,text_pca256_lexical_w005
66575,59,minibatch_k64,text_pca256_lexical_w005
66576,21,minibatch_k64,text_pca256_lexical_w005
66577,5,minibatch_k64,text_pca256_lexical_w005
66578,23,minibatch_k64,text_pca256_lexical_w005
66579,33,minibatch_k64,text_pca256_lexical_w005
66580,5,minibatch_k64,text_pca256_lexical_w005
66581,23,minibatch_k64,text_pca256_lexical_w005
66582,8,minibatch_k64,text_pca256_lexical_w005
66583,8,minibatch_k64,text_pca256_lexical_w005
66584,8,minibatch_k64,text_pca256_lexical_w005
66585,23,minibatch_k64,text_pca256_lexical_w005
66586,33,minibatch_k64,text_pca256_lexical_w005
66587,5,minibatch_k64,text_pca256_lexical_w005
66588,0,minibatch_k64,text_pca256_lexical_w005
66589,23,minibatch_k64,text_pca256_lexical_w005
66590,23,minibatch_k64,text_pca256_lexical_w005
66591,0,minibatch_k64,text_pca256_lexical_w005
66592,5,minibatch_k64,text_pca256_lexical_w005
66593,10,minibatch_k64,text_pca256_lexical_w005
66594,62,minibatch_k64,text_pca256_lexical_w005
66595,62,minibatch_k64,text_pca256_lexical_w005
66596,53,minibatch_k64,text_pca256_lexical_w005
66597,15,minibatch_k64,text_pca256_lexical_w005
66598,23,minibatch_k64,text_pca256_lexical_w005
66599,62,minibatch_k64,text_pca256_lexical_w005
66600,0,minibatch_k64,text_pca256_lexical_w005
66601,48,minibatch_k64,text_pca256_lexical_w005
66602,38,minibatch_k64,text_pca256_lexical_w005
66603,62,minibatch_k64,text_pca256_lexical_w005
66604,23,minibatch_k64,text_pca256_lexical_w005
66605,23,minibatch_k64,text_pca256_lexical_w005
66606,25,minibatch_k64,text_pca256_lexical_w005
66607,0,minibatch_k64,text_pca256_lexical_w005
66608,55,minibatch_k64,text_pca256_lexical_w005
66609,63,minibatch_k64,text_pca256_lexical_w005
66610,23,minibatch_k64,text_pca256_lexical_w005
66611,10,minibatch_k64,text_pca256_lexical_w005
66612,50,minibatch_k64,text_pca256_lexical_w005
66613,50,minibatch_k64,text_pca256_lexical_w005
66614,5,minibatch_k64,text_pca256_lexical_w005
66615,0,minibatch_k64,text_pca256_lexical_w005
66616,8,minibatch_k64,text_pca256_lexical_w005
66617,2,minibatch_k64,text_pca256_lexical_w005
66618,8,minibatch_k64,text_pca256_lexical_w005
66619,33,minibatch_k64,text_pca256_lexical_w005
66620,23,minibatch_k64,text_pca256_lexical_w005
66621,8,minibatch_k64,text_pca256_lexical_w005
66622,15,minibatch_k64,text_pca256_lexical_w005
66623,23,minibatch_k64,text_pca256_lexical_w005
66624,23,minibatch_k64,text_pca256_lexical_w005
66625,23,minibatch_k64,text_pca256_lexical_w005
66626,59,minibatch_k64,text_pca256_lexical_w005
66627,53,minibatch_k64,text_pca256_lexical_w005
66628,33,minibatch_k64,text_pca256_lexical_w005
66629,23,minibatch_k64,text_pca256_lexical_w005
66630,0,minibatch_k64,text_pca256_lexical_w005
66631,8,minibatch_k64,text_pca256_lexical_w005
66632,0,minibatch_k64,text_pca256_lexical_w005
66633,23,minibatch_k64,text_pca256_lexical_w005
66634,23,minibatch_k64,text_pca256_lexical_w005
66635,23,minibatch_k64,text_pca256_lexical_w005
66636,0,minibatch_k64,text_pca256_lexical_w005
66637,10,minibatch_k64,text_pca256_lexical_w005
66638,15,minibatch_k64,text_pca256_lexical_w005
66639,62,minibatch_k64,text_pca256_lexical_w005
66640,10,minibatch_k64,text_pca256_lexical_w005
66641,47,minibatch_k64,text_pca256_lexical_w005
66642,48,minibatch_k64,text_pca256_lexical_w005
66643,23,minibatch_k64,text_pca256_lexical_w005
66644,8,minibatch_k64,text_pca256_lexical_w005
66645,33,minibatch_k64,text_pca256_lexical_w005
66646,39,minibatch_k64,text_pca256_lexical_w005
66647,10,minibatch_k64,text_pca256_lexical_w005
66648,50,minibatch_k64,text_pca256_lexical_w005
66649,50,minibatch_k64,text_pca256_lexical_w005
66650,4,minibatch_k64,text_pca256_lexical_w005
66651,8,minibatch_k64,text_pca256_lexical_w005
66652,33,minibatch_k64,text_pca256_lexical_w005
66653,50,minibatch_k64,text_pca256_lexical_w005
66654,50,minibatch_k64,text_pca256_lexical_w005
66655,0,minibatch_k64,text_pca256_lexical_w005
66656,47,minibatch_k64,text_pca256_lexical_w005
66657,33,minibatch_k64,text_pca256_lexical_w005
66658,8,minibatch_k64,text_pca256_lexical_w005
66659,2,minibatch_k64,text_pca256_lexical_w005
66660,0,minibatch_k64,text_pca256_lexical_w005
66661,0,minibatch_k64,text_pca256_lexical_w005
66662,0,minibatch_k64,text_pca256_lexical_w005
66663,62,minibatch_k64,text_pca256_lexical_w005
66664,33,minibatch_k64,text_pca256_lexical_w005
66665,21,minibatch_k64,text_pca256_lexical_w005
66666,47,minibatch_k64,text_pca256_lexical_w005
66667,39,minibatch_k64,text_pca256_lexical_w005
66668,62,minibatch_k64,text_pca256_lexical_w005
66669,14,minibatch_k64,text_pca256_lexical_w005
66670,23,minibatch_k64,text_pca256_lexical_w005
66671,62,minibatch_k64,text_pca256_lexical_w005
66672,5,minibatch_k64,text_pca256_lexical_w005
66673,23,minibatch_k64,text_pca256_lexical_w005
66674,47,minibatch_k64,text_pca256_lexical_w005
66675,8,minibatch_k64,text_pca256_lexical_w005
66676,23,minibatch_k64,text_pca256_lexical_w005
66677,10,minibatch_k64,text_pca256_lexical_w005
66678,48,minibatch_k64,text_pca256_lexical_w005
66679,8,minibatch_k64,text_pca256_lexical_w005
66680,4,minibatch_k64,text_pca256_lexical_w005
66681,5,minibatch_k64,text_pca256_lexical_w005
66682,5,minibatch_k64,text_pca256_lexical_w005
66683,46,minibatch_k64,text_pca256_lexical_w005
66684,50,minibatch_k64,text_pca256_lexical_w005
66685,2,minibatch_k64,text_pca256_lexical_w005
66686,8,minibatch_k64,text_pca256_lexical_w005
66687,23,minibatch_k64,text_pca256_lexical_w005
66688,5,minibatch_k64,text_pca256_lexical_w005
66689,45,minibatch_k64,text_pca256_lexical_w005
66690,2,minibatch_k64,text_pca256_lexical_w005
66691,33,minibatch_k64,text_pca256_lexical_w005
66692,23,minibatch_k64,text_pca256_lexical_w005
66693,0,minibatch_k64,text_pca256_lexical_w005
66694,15,minibatch_k64,text_pca256_lexical_w005
66695,23,minibatch_k64,text_pca256_lexical_w005
66696,15,minibatch_k64,text_pca256_lexical_w005
66697,62,minibatch_k64,text_pca256_lexical_w005
66698,50,minibatch_k64,text_pca256_lexical_w005
66699,23,minibatch_k64,text_pca256_lexical_w005
66700,23,minibatch_k64,text_pca256_lexical_w005
66701,8,minibatch_k64,text_pca256_lexical_w005
66702,23,minibatch_k64,text_pca256_lexical_w005
66703,8,minibatch_k64,text_pca256_lexical_w005
66704,47,minibatch_k64,text_pca256_lexical_w005
66705,0,minibatch_k64,text_pca256_lexical_w005
66706,10,minibatch_k64,text_pca256_lexical_w005
66707,23,minibatch_k64,text_pca256_lexical_w005
66708,62,minibatch_k64,text_pca256_lexical_w005
66709,23,minibatch_k64,text_pca256_lexical_w005
66710,23,minibatch_k64,text_pca256_lexical_w005
66711,23,minibatch_k64,text_pca256_lexical_w005
66712,0,minibatch_k64,text_pca256_lexical_w005
66713,33,minibatch_k64,text_pca256_lexical_w005
66714,0,minibatch_k64,text_pca256_lexical_w005
66715,15,minibatch_k64,text_pca256_lexical_w005
66716,8,minibatch_k64,text_pca256_lexical_w005
66717,23,minibatch_k64,text_pca256_lexical_w005
66718,0,minibatch_k64,text_pca256_lexical_w005
66719,23,minibatch_k64,text_pca256_lexical_w005
66720,62,minibatch_k64,text_pca256_lexical_w005
66721,2,minibatch_k64,text_pca256_lexical_w005
66722,23,minibatch_k64,text_pca256_lexical_w005
66723,62,minibatch_k64,text_pca256_lexical_w005
66724,23,minibatch_k64,text_pca256_lexical_w005
66725,0,minibatch_k64,text_pca256_lexical_w005
66726,23,minibatch_k64,text_pca256_lexical_w005
66727,5,minibatch_k64,text_pca256_lexical_w005
66728,5,minibatch_k64,text_pca256_lexical_w005
66729,45,minibatch_k64,text_pca256_lexical_w005
66730,62,minibatch_k64,text_pca256_lexical_w005
66731,10,minibatch_k64,text_pca256_lexical_w005
66732,62,minibatch_k64,text_pca256_lexical_w005
66733,45,minibatch_k64,text_pca256_lexical_w005
66734,46,minibatch_k64,text_pca256_lexical_w005
66735,29,minibatch_k64,text_pca256_lexical_w005
66736,2,minibatch_k64,text_pca256_lexical_w005
66737,62,minibatch_k64,text_pca256_lexical_w005
66738,45,minibatch_k64,text_pca256_lexical_w005
66739,4,minibatch_k64,text_pca256_lexical_w005
66740,42,minibatch_k64,text_pca256_lexical_w005
66741,4,minibatch_k64,text_pca256_lexical_w005
66742,5,minibatch_k64,text_pca256_lexical_w005
66743,4,minibatch_k64,text_pca256_lexical_w005
66744,45,minibatch_k64,text_pca256_lexical_w005
66745,23,minibatch_k64,text_pca256_lexical_w005
66746,0,minibatch_k64,text_pca256_lexical_w005
66747,4,minibatch_k64,text_pca256_lexical_w005
66748,50,minibatch_k64,text_pca256_lexical_w005
66749,48,minibatch_k64,text_pca256_lexical_w005
66750,0,minibatch_k64,text_pca256_lexical_w005
66751,0,minibatch_k64,text_pca256_lexical_w005
66752,23,minibatch_k64,text_pca256_lexical_w005
66753,62,minibatch_k64,text_pca256_lexical_w005
66754,8,minibatch_k64,text_pca256_lexical_w005
66755,23,minibatch_k64,text_pca256_lexical_w005
66756,8,minibatch_k64,text_pca256_lexical_w005
66757,11,minibatch_k64,text_pca256_lexical_w005
66758,57,minibatch_k64,text_pca256_lexical_w005
66759,5,minibatch_k64,text_pca256_lexical_w005
66760,8,minibatch_k64,text_pca256_lexical_w005
66761,33,minibatch_k64,text_pca256_lexical_w005
66762,21,minibatch_k64,text_pca256_lexical_w005
66763,23,minibatch_k64,text_pca256_lexical_w005
66764,33,minibatch_k64,text_pca256_lexical_w005
66765,45,minibatch_k64,text_pca256_lexical_w005
66766,21,minibatch_k64,text_pca256_lexical_w005
66767,11,minibatch_k64,text_pca256_lexical_w005
66768,23,minibatch_k64,text_pca256_lexical_w005
66769,0,minibatch_k64,text_pca256_lexical_w005
66770,8,minibatch_k64,text_pca256_lexical_w005
66771,8,minibatch_k64,text_pca256_lexical_w005
66772,23,minibatch_k64,text_pca256_lexical_w005
66773,0,minibatch_k64,text_pca256_lexical_w005
66774,50,minibatch_k64,text_pca256_lexical_w005
66775,62,minibatch_k64,text_pca256_lexical_w005
66776,23,minibatch_k64,text_pca256_lexical_w005
66777,2,minibatch_k64,text_pca256_lexical_w005
66778,39,minibatch_k64,text_pca256_lexical_w005
66779,23,minibatch_k64,text_pca256_lexical_w005
66780,0,minibatch_k64,text_pca256_lexical_w005
66781,33,minibatch_k64,text_pca256_lexical_w005
66782,8,minibatch_k64,text_pca256_lexical_w005
66783,23,minibatch_k64,text_pca256_lexical_w005
66784,53,minibatch_k64,text_pca256_lexical_w005
66785,15,minibatch_k64,text_pca256_lexical_w005
66786,50,minibatch_k64,text_pca256_lexical_w005
66787,10,minibatch_k64,text_pca256_lexical_w005
66788,23,minibatch_k64,text_pca256_lexical_w005
66789,23,minibatch_k64,text_pca256_lexical_w005
66790,23,minibatch_k64,text_pca256_lexical_w005
66791,15,minibatch_k64,text_pca256_lexical_w005
66792,0,minibatch_k64,text_pca256_lexical_w005
66793,23,minibatch_k64,text_pca256_lexical_w005
66794,0,minibatch_k64,text_pca256_lexical_w005
66795,8,minibatch_k64,text_pca256_lexical_w005
66796,62,minibatch_k64,text_pca256_lexical_w005
66797,33,minibatch_k64,text_pca256_lexical_w005
66798,14,minibatch_k64,text_pca256_lexical_w005
66799,23,minibatch_k64,text_pca256_lexical_w005
66800,15,minibatch_k64,text_pca256_lexical_w005
66801,62,minibatch_k64,text_pca256_lexical_w005
66802,46,minibatch_k64,text_pca256_lexical_w005
66803,45,minibatch_k64,text_pca256_lexical_w005
66804,0,minibatch_k64,text_pca256_lexical_w005
66805,0,minibatch_k64,text_pca256_lexical_w005
66806,5,minibatch_k64,text_pca256_lexical_w005
66807,8,minibatch_k64,text_pca256_lexical_w005
66808,21,minibatch_k64,text_pca256_lexical_w005
66809,58,minibatch_k64,text_pca256_lexical_w005
66810,45,minibatch_k64,text_pca256_lexical_w005
66811,23,minibatch_k64,text_pca256_lexical_w005
66812,25,minibatch_k64,text_pca256_lexical_w005
66813,55,minibatch_k64,text_pca256_lexical_w005
66814,22,minibatch_k64,text_pca256_lexical_w005
66815,10,minibatch_k64,text_pca256_lexical_w005
66816,0,minibatch_k64,text_pca256_lexical_w005
66817,5,minibatch_k64,text_pca256_lexical_w005
66818,8,minibatch_k64,text_pca256_lexical_w005
66819,0,minibatch_k64,text_pca256_lexical_w005
66820,50,minibatch_k64,text_pca256_lexical_w005
66821,0,minibatch_k64,text_pca256_lexical_w005
66822,0,minibatch_k64,text_pca256_lexical_w005
66823,23,minibatch_k64,text_pca256_lexical_w005
66824,23,minibatch_k64,text_pca256_lexical_w005
66825,15,minibatch_k64,text_pca256_lexical_w005
66826,8,minibatch_k64,text_pca256_lexical_w005
66827,8,minibatch_k64,text_pca256_lexical_w005
66828,29,minibatch_k64,text_pca256_lexical_w005
66829,29,minibatch_k64,text_pca256_lexical_w005
66830,23,minibatch_k64,text_pca256_lexical_w005
66831,5,minibatch_k64,text_pca256_lexical_w005
66832,23,minibatch_k64,text_pca256_lexical_w005
66833,23,minibatch_k64,text_pca256_lexical_w005
66834,57,minibatch_k64,text_pca256_lexical_w005
66835,11,minibatch_k64,text_pca256_lexical_w005
66836,0,minibatch_k64,text_pca256_lexical_w005
66837,23,minibatch_k64,text_pca256_lexical_w005
66838,5,minibatch_k64,text_pca256_lexical_w005
66839,0,minibatch_k64,text_pca256_lexical_w005
66840,57,minibatch_k64,text_pca256_lexical_w005
66841,45,minibatch_k64,text_pca256_lexical_w005
66842,11,minibatch_k64,text_pca256_lexical_w005
66843,62,minibatch_k64,text_pca256_lexical_w005
66844,45,minibatch_k64,text_pca256_lexical_w005
66845,0,minibatch_k64,text_pca256_lexical_w005
66846,15,minibatch_k64,text_pca256_lexical_w005
66847,53,minibatch_k64,text_pca256_lexical_w005
66848,23,minibatch_k64,text_pca256_lexical_w005
66849,4,minibatch_k64,text_pca256_lexical_w005
66850,10,minibatch_k64,text_pca256_lexical_w005
66851,39,minibatch_k64,text_pca256_lexical_w005
66852,33,minibatch_k64,text_pca256_lexical_w005
66853,23,minibatch_k64,text_pca256_lexical_w005
66854,39,minibatch_k64,text_pca256_lexical_w005
66855,23,minibatch_k64,text_pca256_lexical_w005
66856,23,minibatch_k64,text_pca256_lexical_w005
66857,4,minibatch_k64,text_pca256_lexical_w005
66858,33,minibatch_k64,text_pca256_lexical_w005
66859,56,minibatch_k64,text_pca256_lexical_w005
66860,8,minibatch_k64,text_pca256_lexical_w005
66861,0,minibatch_k64,text_pca256_lexical_w005
66862,62,minibatch_k64,text_pca256_lexical_w005
66863,8,minibatch_k64,text_pca256_lexical_w005
66864,50,minibatch_k64,text_pca256_lexical_w005
66865,0,minibatch_k64,text_pca256_lexical_w005
66866,8,minibatch_k64,text_pca256_lexical_w005
66867,33,minibatch_k64,text_pca256_lexical_w005
66868,23,minibatch_k64,text_pca256_lexical_w005
66869,15,minibatch_k64,text_pca256_lexical_w005
66870,2,minibatch_k64,text_pca256_lexical_w005
66871,33,minibatch_k64,text_pca256_lexical_w005
66872,39,minibatch_k64,text_pca256_lexical_w005
66873,23,minibatch_k64,text_pca256_lexical_w005
66874,59,minibatch_k64,text_pca256_lexical_w005
66875,57,minibatch_k64,text_pca256_lexical_w005
66876,15,minibatch_k64,text_pca256_lexical_w005
66877,8,minibatch_k64,text_pca256_lexical_w005
66878,23,minibatch_k64,text_pca256_lexical_w005
66879,10,minibatch_k64,text_pca256_lexical_w005
66880,21,minibatch_k64,text_pca256_lexical_w005
66881,10,minibatch_k64,text_pca256_lexical_w005
66882,0,minibatch_k64,text_pca256_lexical_w005
66883,0,minibatch_k64,text_pca256_lexical_w005
66884,23,minibatch_k64,text_pca256_lexical_w005
66885,2,minibatch_k64,text_pca256_lexical_w005
66886,50,minibatch_k64,text_pca256_lexical_w005
66887,10,minibatch_k64,text_pca256_lexical_w005
66888,14,minibatch_k64,text_pca256_lexical_w005
66889,62,minibatch_k64,text_pca256_lexical_w005
66890,15,minibatch_k64,text_pca256_lexical_w005
66891,8,minibatch_k64,text_pca256_lexical_w005
66892,50,minibatch_k64,text_pca256_lexical_w005
66893,0,minibatch_k64,text_pca256_lexical_w005
66894,23,minibatch_k64,text_pca256_lexical_w005
66895,57,minibatch_k64,text_pca256_lexical_w005
66896,21,minibatch_k64,text_pca256_lexical_w005
66897,33,minibatch_k64,text_pca256_lexical_w005
66898,23,minibatch_k64,text_pca256_lexical_w005
66899,62,minibatch_k64,text_pca256_lexical_w005
66900,25,minibatch_k64,text_pca256_lexical_w005
66901,23,minibatch_k64,text_pca256_lexical_w005
66902,8,minibatch_k64,text_pca256_lexical_w005
66903,15,minibatch_k64,text_pca256_lexical_w005
66904,23,minibatch_k64,text_pca256_lexical_w005
66905,23,minibatch_k64,text_pca256_lexical_w005
66906,11,minibatch_k64,text_pca256_lexical_w005
66907,62,minibatch_k64,text_pca256_lexical_w005
66908,33,minibatch_k64,text_pca256_lexical_w005
66909,57,minibatch_k64,text_pca256_lexical_w005
66910,38,minibatch_k64,text_pca256_lexical_w005
66911,33,minibatch_k64,text_pca256_lexical_w005
66912,38,minibatch_k64,text_pca256_lexical_w005
66913,0,minibatch_k64,text_pca256_lexical_w005
66914,8,minibatch_k64,text_pca256_lexical_w005
66915,55,minibatch_k64,text_pca256_lexical_w005
66916,57,minibatch_k64,text_pca256_lexical_w005
66917,63,minibatch_k64,text_pca256_lexical_w005
66918,0,minibatch_k64,text_pca256_lexical_w005
66919,23,minibatch_k64,text_pca256_lexical_w005
66920,50,minibatch_k64,text_pca256_lexical_w005
66921,0,minibatch_k64,text_pca256_lexical_w005
66922,0,minibatch_k64,text_pca256_lexical_w005
66923,62,minibatch_k64,text_pca256_lexical_w005
66924,8,minibatch_k64,text_pca256_lexical_w005
66925,23,minibatch_k64,text_pca256_lexical_w005
66926,8,minibatch_k64,text_pca256_lexical_w005
66927,0,minibatch_k64,text_pca256_lexical_w005
66928,10,minibatch_k64,text_pca256_lexical_w005
66929,8,minibatch_k64,text_pca256_lexical_w005
66930,23,minibatch_k64,text_pca256_lexical_w005
66931,33,minibatch_k64,text_pca256_lexical_w005
66932,33,minibatch_k64,text_pca256_lexical_w005
66933,15,minibatch_k64,text_pca256_lexical_w005
66934,23,minibatch_k64,text_pca256_lexical_w005
66935,23,minibatch_k64,text_pca256_lexical_w005
66936,15,minibatch_k64,text_pca256_lexical_w005
66937,62,minibatch_k64,text_pca256_lexical_w005
66938,8,minibatch_k64,text_pca256_lexical_w005
66939,23,minibatch_k64,text_pca256_lexical_w005
66940,2,minibatch_k64,text_pca256_lexical_w005
66941,8,minibatch_k64,text_pca256_lexical_w005
66942,8,minibatch_k64,text_pca256_lexical_w005
66943,0,minibatch_k64,text_pca256_lexical_w005
66944,39,minibatch_k64,text_pca256_lexical_w005
66945,23,minibatch_k64,text_pca256_lexical_w005
66946,23,minibatch_k64,text_pca256_lexical_w005
66947,33,minibatch_k64,text_pca256_lexical_w005
66948,11,minibatch_k64,text_pca256_lexical_w005
66949,57,minibatch_k64,text_pca256_lexical_w005
66950,23,minibatch_k64,text_pca256_lexical_w005
66951,33,minibatch_k64,text_pca256_lexical_w005
66952,33,minibatch_k64,text_pca256_lexical_w005
66953,14,minibatch_k64,text_pca256_lexical_w005
66954,23,minibatch_k64,text_pca256_lexical_w005
66955,33,minibatch_k64,text_pca256_lexical_w005
66956,62,minibatch_k64,text_pca256_lexical_w005
66957,62,minibatch_k64,text_pca256_lexical_w005
66958,25,minibatch_k64,text_pca256_lexical_w005
66959,50,minibatch_k64,text_pca256_lexical_w005
66960,23,minibatch_k64,text_pca256_lexical_w005
66961,23,minibatch_k64,text_pca256_lexical_w005
66962,53,minibatch_k64,text_pca256_lexical_w005
66963,39,minibatch_k64,text_pca256_lexical_w005
66964,33,minibatch_k64,text_pca256_lexical_w005
66965,15,minibatch_k64,text_pca256_lexical_w005
66966,23,minibatch_k64,text_pca256_lexical_w005
66967,23,minibatch_k64,text_pca256_lexical_w005
66968,62,minibatch_k64,text_pca256_lexical_w005
66969,8,minibatch_k64,text_pca256_lexical_w005
66970,38,minibatch_k64,text_pca256_lexical_w005
66971,23,minibatch_k64,text_pca256_lexical_w005
66972,0,minibatch_k64,text_pca256_lexical_w005
66973,23,minibatch_k64,text_pca256_lexical_w005
66974,23,minibatch_k64,text_pca256_lexical_w005
66975,53,minibatch_k64,text_pca256_lexical_w005
66976,55,minibatch_k64,text_pca256_lexical_w005
66977,63,minibatch_k64,text_pca256_lexical_w005
66978,56,minibatch_k64,text_pca256_lexical_w005
66979,56,minibatch_k64,text_pca256_lexical_w005
66980,23,minibatch_k64,text_pca256_lexical_w005
66981,21,minibatch_k64,text_pca256_lexical_w005
66982,2,minibatch_k64,text_pca256_lexical_w005
66983,33,minibatch_k64,text_pca256_lexical_w005
66984,0,minibatch_k64,text_pca256_lexical_w005
66985,23,minibatch_k64,text_pca256_lexical_w005
66986,0,minibatch_k64,text_pca256_lexical_w005
66987,8,minibatch_k64,text_pca256_lexical_w005
66988,50,minibatch_k64,text_pca256_lexical_w005
66989,23,minibatch_k64,text_pca256_lexical_w005
66990,0,minibatch_k64,text_pca256_lexical_w005
66991,33,minibatch_k64,text_pca256_lexical_w005
66992,23,minibatch_k64,text_pca256_lexical_w005
66993,43,minibatch_k64,text_pca256_lexical_w005
66994,39,minibatch_k64,text_pca256_lexical_w005
66995,15,minibatch_k64,text_pca256_lexical_w005
66996,4,minibatch_k64,text_pca256_lexical_w005
66997,33,minibatch_k64,text_pca256_lexical_w005
66998,0,minibatch_k64,text_pca256_lexical_w005
66999,2,minibatch_k64,text_pca256_lexical_w005
67000,8,minibatch_k64,text_pca256_lexical_w005
67001,39,minibatch_k64,text_pca256_lexical_w005
67002,39,minibatch_k64,text_pca256_lexical_w005
67003,10,minibatch_k64,text_pca256_lexical_w005
67004,8,minibatch_k64,text_pca256_lexical_w005
67005,53,minibatch_k64,text_pca256_lexical_w005
67006,8,minibatch_k64,text_pca256_lexical_w005
67007,23,minibatch_k64,text_pca256_lexical_w005
67008,23,minibatch_k64,text_pca256_lexical_w005
67009,50,minibatch_k64,text_pca256_lexical_w005
67010,23,minibatch_k64,text_pca256_lexical_w005
67011,15,minibatch_k64,text_pca256_lexical_w005
67012,23,minibatch_k64,text_pca256_lexical_w005
67013,33,minibatch_k64,text_pca256_lexical_w005
67014,23,minibatch_k64,text_pca256_lexical_w005
67015,23,minibatch_k64,text_pca256_lexical_w005
67016,33,minibatch_k64,text_pca256_lexical_w005
67017,23,minibatch_k64,text_pca256_lexical_w005
67018,33,minibatch_k64,text_pca256_lexical_w005
67019,4,minibatch_k64,text_pca256_lexical_w005
67020,62,minibatch_k64,text_pca256_lexical_w005
67021,62,minibatch_k64,text_pca256_lexical_w005
67022,33,minibatch_k64,text_pca256_lexical_w005
67023,62,minibatch_k64,text_pca256_lexical_w005
67024,23,minibatch_k64,text_pca256_lexical_w005
67025,62,minibatch_k64,text_pca256_lexical_w005
67026,33,minibatch_k64,text_pca256_lexical_w005
67027,33,minibatch_k64,text_pca256_lexical_w005
67028,23,minibatch_k64,text_pca256_lexical_w005
67029,23,minibatch_k64,text_pca256_lexical_w005
67030,23,minibatch_k64,text_pca256_lexical_w005
67031,0,minibatch_k64,text_pca256_lexical_w005
67032,10,minibatch_k64,text_pca256_lexical_w005
67033,10,minibatch_k64,text_pca256_lexical_w005
67034,15,minibatch_k64,text_pca256_lexical_w005
67035,11,minibatch_k64,text_pca256_lexical_w005
67036,15,minibatch_k64,text_pca256_lexical_w005
67037,23,minibatch_k64,text_pca256_lexical_w005
67038,38,minibatch_k64,text_pca256_lexical_w005
67039,23,minibatch_k64,text_pca256_lexical_w005
67040,45,minibatch_k64,text_pca256_lexical_w005
67041,63,minibatch_k64,text_pca256_lexical_w005
67042,11,minibatch_k64,text_pca256_lexical_w005
67043,62,minibatch_k64,text_pca256_lexical_w005
67044,15,minibatch_k64,text_pca256_lexical_w005
67045,10,minibatch_k64,text_pca256_lexical_w005
67046,23,minibatch_k64,text_pca256_lexical_w005
67047,62,minibatch_k64,text_pca256_lexical_w005
67048,42,minibatch_k64,text_pca256_lexical_w005
67049,57,minibatch_k64,text_pca256_lexical_w005
67050,0,minibatch_k64,text_pca256_lexical_w005
67051,23,minibatch_k64,text_pca256_lexical_w005
67052,23,minibatch_k64,text_pca256_lexical_w005
67053,23,minibatch_k64,text_pca256_lexical_w005
67054,33,minibatch_k64,text_pca256_lexical_w005
67055,4,minibatch_k64,text_pca256_lexical_w005
67056,23,minibatch_k64,text_pca256_lexical_w005
67057,33,minibatch_k64,text_pca256_lexical_w005
67058,4,minibatch_k64,text_pca256_lexical_w005
67059,0,minibatch_k64,text_pca256_lexical_w005
67060,15,minibatch_k64,text_pca256_lexical_w005
67061,8,minibatch_k64,text_pca256_lexical_w005
67062,23,minibatch_k64,text_pca256_lexical_w005
67063,33,minibatch_k64,text_pca256_lexical_w005
67064,23,minibatch_k64,text_pca256_lexical_w005
67065,11,minibatch_k64,text_pca256_lexical_w005
67066,8,minibatch_k64,text_pca256_lexical_w005
67067,0,minibatch_k64,text_pca256_lexical_w005
67068,8,minibatch_k64,text_pca256_lexical_w005
67069,33,minibatch_k64,text_pca256_lexical_w005
67070,8,minibatch_k64,text_pca256_lexical_w005
67071,33,minibatch_k64,text_pca256_lexical_w005
67072,23,minibatch_k64,text_pca256_lexical_w005
67073,33,minibatch_k64,text_pca256_lexical_w005
67074,33,minibatch_k64,text_pca256_lexical_w005
67075,62,minibatch_k64,text_pca256_lexical_w005
67076,33,minibatch_k64,text_pca256_lexical_w005
67077,62,minibatch_k64,text_pca256_lexical_w005
67078,8,minibatch_k64,text_pca256_lexical_w005
67079,21,minibatch_k64,text_pca256_lexical_w005
67080,62,minibatch_k64,text_pca256_lexical_w005
67081,33,minibatch_k64,text_pca256_lexical_w005
67082,53,minibatch_k64,text_pca256_lexical_w005
67083,62,minibatch_k64,text_pca256_lexical_w005
67084,56,minibatch_k64,text_pca256_lexical_w005
67085,8,minibatch_k64,text_pca256_lexical_w005
67086,57,minibatch_k64,text_pca256_lexical_w005
67087,62,minibatch_k64,text_pca256_lexical_w005
67088,42,minibatch_k64,text_pca256_lexical_w005
67089,62,minibatch_k64,text_pca256_lexical_w005
67090,33,minibatch_k64,text_pca256_lexical_w005
67091,62,minibatch_k64,text_pca256_lexical_w005
67092,0,minibatch_k64,text_pca256_lexical_w005
67093,23,minibatch_k64,text_pca256_lexical_w005
67094,11,minibatch_k64,text_pca256_lexical_w005
67095,23,minibatch_k64,text_pca256_lexical_w005
67096,33,minibatch_k64,text_pca256_lexical_w005
67097,11,minibatch_k64,text_pca256_lexical_w005
67098,57,minibatch_k64,text_pca256_lexical_w005
67099,15,minibatch_k64,text_pca256_lexical_w005
67100,23,minibatch_k64,text_pca256_lexical_w005
67101,0,minibatch_k64,text_pca256_lexical_w005
67102,0,minibatch_k64,text_pca256_lexical_w005
67103,23,minibatch_k64,text_pca256_lexical_w005
67104,11,minibatch_k64,text_pca256_lexical_w005
67105,62,minibatch_k64,text_pca256_lexical_w005
67106,23,minibatch_k64,text_pca256_lexical_w005
67107,57,minibatch_k64,text_pca256_lexical_w005
67108,0,minibatch_k64,text_pca256_lexical_w005
67109,50,minibatch_k64,text_pca256_lexical_w005
67110,23,minibatch_k64,text_pca256_lexical_w005
67111,23,minibatch_k64,text_pca256_lexical_w005
67112,0,minibatch_k64,text_pca256_lexical_w005
67113,57,minibatch_k64,text_pca256_lexical_w005
67114,11,minibatch_k64,text_pca256_lexical_w005
67115,21,minibatch_k64,text_pca256_lexical_w005
67116,57,minibatch_k64,text_pca256_lexical_w005
67117,23,minibatch_k64,text_pca256_lexical_w005
67118,8,minibatch_k64,text_pca256_lexical_w005
67119,23,minibatch_k64,text_pca256_lexical_w005
67120,42,minibatch_k64,text_pca256_lexical_w005
67121,0,minibatch_k64,text_pca256_lexical_w005
67122,0,minibatch_k64,text_pca256_lexical_w005
67123,8,minibatch_k64,text_pca256_lexical_w005
67124,33,minibatch_k64,text_pca256_lexical_w005
67125,23,minibatch_k64,text_pca256_lexical_w005
67126,15,minibatch_k64,text_pca256_lexical_w005
67127,45,minibatch_k64,text_pca256_lexical_w005
67128,23,minibatch_k64,text_pca256_lexical_w005
67129,23,minibatch_k64,text_pca256_lexical_w005
67130,23,minibatch_k64,text_pca256_lexical_w005
67131,15,minibatch_k64,text_pca256_lexical_w005
67132,8,minibatch_k64,text_pca256_lexical_w005
67133,23,minibatch_k64,text_pca256_lexical_w005
67134,38,minibatch_k64,text_pca256_lexical_w005
67135,36,minibatch_k64,text_pca256_lexical_w005
67136,23,minibatch_k64,text_pca256_lexical_w005
67137,25,minibatch_k64,text_pca256_lexical_w005
67138,55,minibatch_k64,text_pca256_lexical_w005
67139,63,minibatch_k64,text_pca256_lexical_w005
67140,20,minibatch_k64,text_pca256_lexical_w005
67141,23,minibatch_k64,text_pca256_lexical_w005
67142,21,minibatch_k64,text_pca256_lexical_w005
67143,0,minibatch_k64,text_pca256_lexical_w005
67144,8,minibatch_k64,text_pca256_lexical_w005
67145,8,minibatch_k64,text_pca256_lexical_w005
67146,23,minibatch_k64,text_pca256_lexical_w005
67147,39,minibatch_k64,text_pca256_lexical_w005
67148,39,minibatch_k64,text_pca256_lexical_w005
67149,33,minibatch_k64,text_pca256_lexical_w005
67150,2,minibatch_k64,text_pca256_lexical_w005
67151,10,minibatch_k64,text_pca256_lexical_w005
67152,15,minibatch_k64,text_pca256_lexical_w005
67153,15,minibatch_k64,text_pca256_lexical_w005
67154,50,minibatch_k64,text_pca256_lexical_w005
67155,23,minibatch_k64,text_pca256_lexical_w005
67156,2,minibatch_k64,text_pca256_lexical_w005
67157,23,minibatch_k64,text_pca256_lexical_w005
67158,8,minibatch_k64,text_pca256_lexical_w005
67159,62,minibatch_k64,text_pca256_lexical_w005
67160,45,minibatch_k64,text_pca256_lexical_w005
67161,0,minibatch_k64,text_pca256_lexical_w005
67162,2,minibatch_k64,text_pca256_lexical_w005
67163,10,minibatch_k64,text_pca256_lexical_w005
67164,62,minibatch_k64,text_pca256_lexical_w005
67165,39,minibatch_k64,text_pca256_lexical_w005
67166,2,minibatch_k64,text_pca256_lexical_w005
67167,10,minibatch_k64,text_pca256_lexical_w005
67168,21,minibatch_k64,text_pca256_lexical_w005
67169,0,minibatch_k64,text_pca256_lexical_w005
67170,15,minibatch_k64,text_pca256_lexical_w005
67171,2,minibatch_k64,text_pca256_lexical_w005
67172,33,minibatch_k64,text_pca256_lexical_w005
67173,39,minibatch_k64,text_pca256_lexical_w005
67174,15,minibatch_k64,text_pca256_lexical_w005
67175,10,minibatch_k64,text_pca256_lexical_w005
67176,33,minibatch_k64,text_pca256_lexical_w005
67177,8,minibatch_k64,text_pca256_lexical_w005
67178,23,minibatch_k64,text_pca256_lexical_w005
67179,23,minibatch_k64,text_pca256_lexical_w005
67180,8,minibatch_k64,text_pca256_lexical_w005
67181,33,minibatch_k64,text_pca256_lexical_w005
67182,23,minibatch_k64,text_pca256_lexical_w005
67183,23,minibatch_k64,text_pca256_lexical_w005
67184,23,minibatch_k64,text_pca256_lexical_w005
67185,62,minibatch_k64,text_pca256_lexical_w005
67186,0,minibatch_k64,text_pca256_lexical_w005
67187,0,minibatch_k64,text_pca256_lexical_w005
67188,0,minibatch_k64,text_pca256_lexical_w005
67189,0,minibatch_k64,text_pca256_lexical_w005
67190,10,minibatch_k64,text_pca256_lexical_w005
67191,0,minibatch_k64,text_pca256_lexical_w005
67192,0,minibatch_k64,text_pca256_lexical_w005
67193,62,minibatch_k64,text_pca256_lexical_w005
67194,62,minibatch_k64,text_pca256_lexical_w005
67195,0,minibatch_k64,text_pca256_lexical_w005
67196,10,minibatch_k64,text_pca256_lexical_w005
67197,53,minibatch_k64,text_pca256_lexical_w005
67198,62,minibatch_k64,text_pca256_lexical_w005
67199,23,minibatch_k64,text_pca256_lexical_w005
67200,15,minibatch_k64,text_pca256_lexical_w005
67201,23,minibatch_k64,text_pca256_lexical_w005
67202,10,minibatch_k64,text_pca256_lexical_w005
67203,23,minibatch_k64,text_pca256_lexical_w005
67204,62,minibatch_k64,text_pca256_lexical_w005
67205,33,minibatch_k64,text_pca256_lexical_w005
67206,8,minibatch_k64,text_pca256_lexical_w005
67207,2,minibatch_k64,text_pca256_lexical_w005
67208,10,minibatch_k64,text_pca256_lexical_w005
67209,2,minibatch_k64,text_pca256_lexical_w005
67210,10,minibatch_k64,text_pca256_lexical_w005
67211,2,minibatch_k64,text_pca256_lexical_w005
67212,10,minibatch_k64,text_pca256_lexical_w005
67213,2,minibatch_k64,text_pca256_lexical_w005
67214,10,minibatch_k64,text_pca256_lexical_w005
67215,2,minibatch_k64,text_pca256_lexical_w005
67216,10,minibatch_k64,text_pca256_lexical_w005
67217,2,minibatch_k64,text_pca256_lexical_w005
67218,10,minibatch_k64,text_pca256_lexical_w005
67219,2,minibatch_k64,text_pca256_lexical_w005
67220,10,minibatch_k64,text_pca256_lexical_w005
67221,2,minibatch_k64,text_pca256_lexical_w005
67222,2,minibatch_k64,text_pca256_lexical_w005
67223,10,minibatch_k64,text_pca256_lexical_w005
67224,21,minibatch_k64,text_pca256_lexical_w005
67225,21,minibatch_k64,text_pca256_lexical_w005
67226,21,minibatch_k64,text_pca256_lexical_w005
67227,45,minibatch_k64,text_pca256_lexical_w005
67228,33,minibatch_k64,text_pca256_lexical_w005
67229,45,minibatch_k64,text_pca256_lexical_w005
67230,36,minibatch_k64,text_pca256_lexical_w005
67231,15,minibatch_k64,text_pca256_lexical_w005
67232,45,minibatch_k64,text_pca256_lexical_w005
67233,55,minibatch_k64,text_pca256_lexical_w005
67234,39,minibatch_k64,text_pca256_lexical_w005
67235,63,minibatch_k64,text_pca256_lexical_w005
67236,23,minibatch_k64,text_pca256_lexical_w005
67237,15,minibatch_k64,text_pca256_lexical_w005
67238,45,minibatch_k64,text_pca256_lexical_w005
67239,10,minibatch_k64,text_pca256_lexical_w005
67240,23,minibatch_k64,text_pca256_lexical_w005
67241,45,minibatch_k64,text_pca256_lexical_w005
67242,43,minibatch_k64,text_pca256_lexical_w005
67243,0,minibatch_k64,text_pca256_lexical_w005
67244,23,minibatch_k64,text_pca256_lexical_w005
67245,57,minibatch_k64,text_pca256_lexical_w005
67246,2,minibatch_k64,text_pca256_lexical_w005
67247,45,minibatch_k64,text_pca256_lexical_w005
67248,0,minibatch_k64,text_pca256_lexical_w005
67249,11,minibatch_k64,text_pca256_lexical_w005
67250,8,minibatch_k64,text_pca256_lexical_w005
67251,8,minibatch_k64,text_pca256_lexical_w005
67252,15,minibatch_k64,text_pca256_lexical_w005
67253,0,minibatch_k64,text_pca256_lexical_w005
67254,45,minibatch_k64,text_pca256_lexical_w005
67255,57,minibatch_k64,text_pca256_lexical_w005
67256,8,minibatch_k64,text_pca256_lexical_w005
67257,33,minibatch_k64,text_pca256_lexical_w005
67258,11,minibatch_k64,text_pca256_lexical_w005
67259,57,minibatch_k64,text_pca256_lexical_w005
67260,23,minibatch_k64,text_pca256_lexical_w005
67261,0,minibatch_k64,text_pca256_lexical_w005
67262,59,minibatch_k64,text_pca256_lexical_w005
67263,11,minibatch_k64,text_pca256_lexical_w005
67264,8,minibatch_k64,text_pca256_lexical_w005
67265,8,minibatch_k64,text_pca256_lexical_w005
67266,33,minibatch_k64,text_pca256_lexical_w005
67267,59,minibatch_k64,text_pca256_lexical_w005
67268,23,minibatch_k64,text_pca256_lexical_w005
67269,39,minibatch_k64,text_pca256_lexical_w005
67270,23,minibatch_k64,text_pca256_lexical_w005
67271,23,minibatch_k64,text_pca256_lexical_w005
67272,15,minibatch_k64,text_pca256_lexical_w005
67273,15,minibatch_k64,text_pca256_lexical_w005
67274,23,minibatch_k64,text_pca256_lexical_w005
67275,59,minibatch_k64,text_pca256_lexical_w005
67276,10,minibatch_k64,text_pca256_lexical_w005
67277,23,minibatch_k64,text_pca256_lexical_w005
67278,47,minibatch_k64,text_pca256_lexical_w005
67279,18,minibatch_k64,text_pca256_lexical_w005
67280,62,minibatch_k64,text_pca256_lexical_w005
67281,23,minibatch_k64,text_pca256_lexical_w005
67282,15,minibatch_k64,text_pca256_lexical_w005
67283,23,minibatch_k64,text_pca256_lexical_w005
67284,33,minibatch_k64,text_pca256_lexical_w005
67285,62,minibatch_k64,text_pca256_lexical_w005
67286,0,minibatch_k64,text_pca256_lexical_w005
67287,23,minibatch_k64,text_pca256_lexical_w005
67288,23,minibatch_k64,text_pca256_lexical_w005
67289,23,minibatch_k64,text_pca256_lexical_w005
67290,8,minibatch_k64,text_pca256_lexical_w005
67291,23,minibatch_k64,text_pca256_lexical_w005
67292,8,minibatch_k64,text_pca256_lexical_w005
67293,62,minibatch_k64,text_pca256_lexical_w005
67294,23,minibatch_k64,text_pca256_lexical_w005
67295,39,minibatch_k64,text_pca256_lexical_w005
67296,0,minibatch_k64,text_pca256_lexical_w005
67297,8,minibatch_k64,text_pca256_lexical_w005
67298,23,minibatch_k64,text_pca256_lexical_w005
67299,23,minibatch_k64,text_pca256_lexical_w005
67300,53,minibatch_k64,text_pca256_lexical_w005
67301,23,minibatch_k64,text_pca256_lexical_w005
67302,59,minibatch_k64,text_pca256_lexical_w005
67303,33,minibatch_k64,text_pca256_lexical_w005
67304,23,minibatch_k64,text_pca256_lexical_w005
67305,0,minibatch_k64,text_pca256_lexical_w005
67306,0,minibatch_k64,text_pca256_lexical_w005
67307,8,minibatch_k64,text_pca256_lexical_w005
67308,4,minibatch_k64,text_pca256_lexical_w005
67309,0,minibatch_k64,text_pca256_lexical_w005
67310,0,minibatch_k64,text_pca256_lexical_w005
67311,0,minibatch_k64,text_pca256_lexical_w005
67312,57,minibatch_k64,text_pca256_lexical_w005
67313,8,minibatch_k64,text_pca256_lexical_w005
67314,8,minibatch_k64,text_pca256_lexical_w005
67315,8,minibatch_k64,text_pca256_lexical_w005
67316,62,minibatch_k64,text_pca256_lexical_w005
67317,0,minibatch_k64,text_pca256_lexical_w005
67318,8,minibatch_k64,text_pca256_lexical_w005
67319,10,minibatch_k64,text_pca256_lexical_w005
67320,15,minibatch_k64,text_pca256_lexical_w005
67321,11,minibatch_k64,text_pca256_lexical_w005
67322,57,minibatch_k64,text_pca256_lexical_w005
67323,62,minibatch_k64,text_pca256_lexical_w005
67324,62,minibatch_k64,text_pca256_lexical_w005
67325,0,minibatch_k64,text_pca256_lexical_w005
67326,0,minibatch_k64,text_pca256_lexical_w005
67327,62,minibatch_k64,text_pca256_lexical_w005
67328,0,minibatch_k64,text_pca256_lexical_w005
67329,14,minibatch_k64,text_pca256_lexical_w005
67330,11,minibatch_k64,text_pca256_lexical_w005
67331,23,minibatch_k64,text_pca256_lexical_w005
67332,8,minibatch_k64,text_pca256_lexical_w005
67333,2,minibatch_k64,text_pca256_lexical_w005
67334,0,minibatch_k64,text_pca256_lexical_w005
67335,23,minibatch_k64,text_pca256_lexical_w005
67336,23,minibatch_k64,text_pca256_lexical_w005
67337,23,minibatch_k64,text_pca256_lexical_w005
67338,50,minibatch_k64,text_pca256_lexical_w005
67339,8,minibatch_k64,text_pca256_lexical_w005
67340,45,minibatch_k64,text_pca256_lexical_w005
67341,23,minibatch_k64,text_pca256_lexical_w005
67342,2,minibatch_k64,text_pca256_lexical_w005
67343,23,minibatch_k64,text_pca256_lexical_w005
67344,62,minibatch_k64,text_pca256_lexical_w005
67345,23,minibatch_k64,text_pca256_lexical_w005
67346,0,minibatch_k64,text_pca256_lexical_w005
67347,39,minibatch_k64,text_pca256_lexical_w005
67348,45,minibatch_k64,text_pca256_lexical_w005
67349,62,minibatch_k64,text_pca256_lexical_w005
67350,57,minibatch_k64,text_pca256_lexical_w005
67351,62,minibatch_k64,text_pca256_lexical_w005
67352,11,minibatch_k64,text_pca256_lexical_w005
67353,43,minibatch_k64,text_pca256_lexical_w005
67354,57,minibatch_k64,text_pca256_lexical_w005
67355,43,minibatch_k64,text_pca256_lexical_w005
67356,0,minibatch_k64,text_pca256_lexical_w005
67357,23,minibatch_k64,text_pca256_lexical_w005
67358,11,minibatch_k64,text_pca256_lexical_w005
67359,23,minibatch_k64,text_pca256_lexical_w005
67360,39,minibatch_k64,text_pca256_lexical_w005
67361,59,minibatch_k64,text_pca256_lexical_w005
67362,23,minibatch_k64,text_pca256_lexical_w005
67363,0,minibatch_k64,text_pca256_lexical_w005
67364,62,minibatch_k64,text_pca256_lexical_w005
67365,0,minibatch_k64,text_pca256_lexical_w005
67366,39,minibatch_k64,text_pca256_lexical_w005
67367,50,minibatch_k64,text_pca256_lexical_w005
67368,23,minibatch_k64,text_pca256_lexical_w005
67369,21,minibatch_k64,text_pca256_lexical_w005
67370,0,minibatch_k64,text_pca256_lexical_w005
67371,45,minibatch_k64,text_pca256_lexical_w005
67372,57,minibatch_k64,text_pca256_lexical_w005
67373,45,minibatch_k64,text_pca256_lexical_w005
67374,45,minibatch_k64,text_pca256_lexical_w005
67375,61,minibatch_k64,text_pca256_lexical_w005
67376,45,minibatch_k64,text_pca256_lexical_w005
67377,45,minibatch_k64,text_pca256_lexical_w005
67378,8,minibatch_k64,text_pca256_lexical_w005
67379,45,minibatch_k64,text_pca256_lexical_w005
67380,23,minibatch_k64,text_pca256_lexical_w005
67381,59,minibatch_k64,text_pca256_lexical_w005
67382,23,minibatch_k64,text_pca256_lexical_w005
67383,0,minibatch_k64,text_pca256_lexical_w005
67384,11,minibatch_k64,text_pca256_lexical_w005
67385,23,minibatch_k64,text_pca256_lexical_w005
67386,38,minibatch_k64,text_pca256_lexical_w005
67387,45,minibatch_k64,text_pca256_lexical_w005
67388,15,minibatch_k64,text_pca256_lexical_w005
67389,45,minibatch_k64,text_pca256_lexical_w005
67390,23,minibatch_k64,text_pca256_lexical_w005
67391,10,minibatch_k64,text_pca256_lexical_w005
67392,23,minibatch_k64,text_pca256_lexical_w005
67393,45,minibatch_k64,text_pca256_lexical_w005
67394,45,minibatch_k64,text_pca256_lexical_w005
67395,55,minibatch_k64,text_pca256_lexical_w005
67396,63,minibatch_k64,text_pca256_lexical_w005
67397,33,minibatch_k64,text_pca256_lexical_w005
67398,23,minibatch_k64,text_pca256_lexical_w005
67399,57,minibatch_k64,text_pca256_lexical_w005
67400,8,minibatch_k64,text_pca256_lexical_w005
67401,45,minibatch_k64,text_pca256_lexical_w005
67402,45,minibatch_k64,text_pca256_lexical_w005
67403,4,minibatch_k64,text_pca256_lexical_w005
67404,11,minibatch_k64,text_pca256_lexical_w005
67405,39,minibatch_k64,text_pca256_lexical_w005
67406,0,minibatch_k64,text_pca256_lexical_w005
67407,15,minibatch_k64,text_pca256_lexical_w005
67408,62,minibatch_k64,text_pca256_lexical_w005
67409,59,minibatch_k64,text_pca256_lexical_w005
67410,23,minibatch_k64,text_pca256_lexical_w005
67411,62,minibatch_k64,text_pca256_lexical_w005
67412,57,minibatch_k64,text_pca256_lexical_w005
67413,0,minibatch_k64,text_pca256_lexical_w005
67414,0,minibatch_k64,text_pca256_lexical_w005
67415,11,minibatch_k64,text_pca256_lexical_w005
67416,10,minibatch_k64,text_pca256_lexical_w005
67417,45,minibatch_k64,text_pca256_lexical_w005
67418,57,minibatch_k64,text_pca256_lexical_w005
67419,8,minibatch_k64,text_pca256_lexical_w005
67420,48,minibatch_k64,text_pca256_lexical_w005
67421,62,minibatch_k64,text_pca256_lexical_w005
67422,33,minibatch_k64,text_pca256_lexical_w005
67423,2,minibatch_k64,text_pca256_lexical_w005
67424,15,minibatch_k64,text_pca256_lexical_w005
67425,45,minibatch_k64,text_pca256_lexical_w005
67426,57,minibatch_k64,text_pca256_lexical_w005
67427,15,minibatch_k64,text_pca256_lexical_w005
67428,8,minibatch_k64,text_pca256_lexical_w005
67429,61,minibatch_k64,text_pca256_lexical_w005
67430,59,minibatch_k64,text_pca256_lexical_w005
67431,10,minibatch_k64,text_pca256_lexical_w005
67432,11,minibatch_k64,text_pca256_lexical_w005
67433,45,minibatch_k64,text_pca256_lexical_w005
67434,23,minibatch_k64,text_pca256_lexical_w005
67435,61,minibatch_k64,text_pca256_lexical_w005
67436,23,minibatch_k64,text_pca256_lexical_w005
67437,23,minibatch_k64,text_pca256_lexical_w005
67438,23,minibatch_k64,text_pca256_lexical_w005
67439,2,minibatch_k64,text_pca256_lexical_w005
67440,23,minibatch_k64,text_pca256_lexical_w005
67441,0,minibatch_k64,text_pca256_lexical_w005
67442,8,minibatch_k64,text_pca256_lexical_w005
67443,23,minibatch_k64,text_pca256_lexical_w005
67444,62,minibatch_k64,text_pca256_lexical_w005
67445,10,minibatch_k64,text_pca256_lexical_w005
67446,62,minibatch_k64,text_pca256_lexical_w005
67447,18,minibatch_k64,text_pca256_lexical_w005
67448,62,minibatch_k64,text_pca256_lexical_w005
67449,8,minibatch_k64,text_pca256_lexical_w005
67450,62,minibatch_k64,text_pca256_lexical_w005
67451,62,minibatch_k64,text_pca256_lexical_w005
67452,39,minibatch_k64,text_pca256_lexical_w005
67453,15,minibatch_k64,text_pca256_lexical_w005
67454,23,minibatch_k64,text_pca256_lexical_w005
67455,0,minibatch_k64,text_pca256_lexical_w005
67456,8,minibatch_k64,text_pca256_lexical_w005
67457,0,minibatch_k64,text_pca256_lexical_w005
67458,10,minibatch_k64,text_pca256_lexical_w005
67459,23,minibatch_k64,text_pca256_lexical_w005
67460,59,minibatch_k64,text_pca256_lexical_w005
67461,10,minibatch_k64,text_pca256_lexical_w005
67462,50,minibatch_k64,text_pca256_lexical_w005
67463,45,minibatch_k64,text_pca256_lexical_w005
67464,23,minibatch_k64,text_pca256_lexical_w005
67465,59,minibatch_k64,text_pca256_lexical_w005
67466,23,minibatch_k64,text_pca256_lexical_w005
67467,11,minibatch_k64,text_pca256_lexical_w005
67468,23,minibatch_k64,text_pca256_lexical_w005
67469,45,minibatch_k64,text_pca256_lexical_w005
67470,23,minibatch_k64,text_pca256_lexical_w005
67471,23,minibatch_k64,text_pca256_lexical_w005
67472,23,minibatch_k64,text_pca256_lexical_w005
67473,21,minibatch_k64,text_pca256_lexical_w005
67474,57,minibatch_k64,text_pca256_lexical_w005
67475,23,minibatch_k64,text_pca256_lexical_w005
67476,21,minibatch_k64,text_pca256_lexical_w005
67477,59,minibatch_k64,text_pca256_lexical_w005
67478,23,minibatch_k64,text_pca256_lexical_w005
67479,4,minibatch_k64,text_pca256_lexical_w005
67480,23,minibatch_k64,text_pca256_lexical_w005
67481,14,minibatch_k64,text_pca256_lexical_w005
67482,39,minibatch_k64,text_pca256_lexical_w005
67483,0,minibatch_k64,text_pca256_lexical_w005
67484,23,minibatch_k64,text_pca256_lexical_w005
67485,10,minibatch_k64,text_pca256_lexical_w005
67486,59,minibatch_k64,text_pca256_lexical_w005
67487,11,minibatch_k64,text_pca256_lexical_w005
67488,23,minibatch_k64,text_pca256_lexical_w005
67489,8,minibatch_k64,text_pca256_lexical_w005
67490,0,minibatch_k64,text_pca256_lexical_w005
67491,23,minibatch_k64,text_pca256_lexical_w005
67492,23,minibatch_k64,text_pca256_lexical_w005
67493,10,minibatch_k64,text_pca256_lexical_w005
67494,10,minibatch_k64,text_pca256_lexical_w005
67495,62,minibatch_k64,text_pca256_lexical_w005
67496,0,minibatch_k64,text_pca256_lexical_w005
67497,50,minibatch_k64,text_pca256_lexical_w005
67498,57,minibatch_k64,text_pca256_lexical_w005
67499,39,minibatch_k64,text_pca256_lexical_w005
67500,11,minibatch_k64,text_pca256_lexical_w005
67501,25,minibatch_k64,text_pca256_lexical_w005
67502,57,minibatch_k64,text_pca256_lexical_w005
67503,62,minibatch_k64,text_pca256_lexical_w005
67504,0,minibatch_k64,text_pca256_lexical_w005
67505,10,minibatch_k64,text_pca256_lexical_w005
67506,23,minibatch_k64,text_pca256_lexical_w005
67507,15,minibatch_k64,text_pca256_lexical_w005
67508,8,minibatch_k64,text_pca256_lexical_w005
67509,23,minibatch_k64,text_pca256_lexical_w005
67510,59,minibatch_k64,text_pca256_lexical_w005
67511,45,minibatch_k64,text_pca256_lexical_w005
67512,39,minibatch_k64,text_pca256_lexical_w005
67513,23,minibatch_k64,text_pca256_lexical_w005
67514,23,minibatch_k64,text_pca256_lexical_w005
67515,39,minibatch_k64,text_pca256_lexical_w005
67516,11,minibatch_k64,text_pca256_lexical_w005
67517,23,minibatch_k64,text_pca256_lexical_w005
67518,62,minibatch_k64,text_pca256_lexical_w005
67519,23,minibatch_k64,text_pca256_lexical_w005
67520,0,minibatch_k64,text_pca256_lexical_w005
67521,8,minibatch_k64,text_pca256_lexical_w005
67522,15,minibatch_k64,text_pca256_lexical_w005
67523,45,minibatch_k64,text_pca256_lexical_w005
67524,38,minibatch_k64,text_pca256_lexical_w005
67525,57,minibatch_k64,text_pca256_lexical_w005
67526,10,minibatch_k64,text_pca256_lexical_w005
67527,36,minibatch_k64,text_pca256_lexical_w005
67528,23,minibatch_k64,text_pca256_lexical_w005
67529,59,minibatch_k64,text_pca256_lexical_w005
67530,45,minibatch_k64,text_pca256_lexical_w005
67531,23,minibatch_k64,text_pca256_lexical_w005
67532,55,minibatch_k64,text_pca256_lexical_w005
67533,39,minibatch_k64,text_pca256_lexical_w005
67534,0,minibatch_k64,text_pca256_lexical_w005
67535,63,minibatch_k64,text_pca256_lexical_w005
67536,59,minibatch_k64,text_pca256_lexical_w005
67537,45,minibatch_k64,text_pca256_lexical_w005
67538,23,minibatch_k64,text_pca256_lexical_w005
67539,59,minibatch_k64,text_pca256_lexical_w005
67540,10,minibatch_k64,text_pca256_lexical_w005
67541,50,minibatch_k64,text_pca256_lexical_w005
67542,0,minibatch_k64,text_pca256_lexical_w005
67543,23,minibatch_k64,text_pca256_lexical_w005
67544,15,minibatch_k64,text_pca256_lexical_w005
67545,59,minibatch_k64,text_pca256_lexical_w005
67546,39,minibatch_k64,text_pca256_lexical_w005
67547,33,minibatch_k64,text_pca256_lexical_w005
67548,43,minibatch_k64,text_pca256_lexical_w005
67549,8,minibatch_k64,text_pca256_lexical_w005
67550,33,minibatch_k64,text_pca256_lexical_w005
67551,62,minibatch_k64,text_pca256_lexical_w005
67552,10,minibatch_k64,text_pca256_lexical_w005
67553,39,minibatch_k64,text_pca256_lexical_w005
67554,45,minibatch_k64,text_pca256_lexical_w005
67555,10,minibatch_k64,text_pca256_lexical_w005
67556,23,minibatch_k64,text_pca256_lexical_w005
67557,0,minibatch_k64,text_pca256_lexical_w005
67558,15,minibatch_k64,text_pca256_lexical_w005
67559,11,minibatch_k64,text_pca256_lexical_w005
67560,10,minibatch_k64,text_pca256_lexical_w005
67561,23,minibatch_k64,text_pca256_lexical_w005
67562,15,minibatch_k64,text_pca256_lexical_w005
67563,59,minibatch_k64,text_pca256_lexical_w005
67564,23,minibatch_k64,text_pca256_lexical_w005
67565,33,minibatch_k64,text_pca256_lexical_w005
67566,23,minibatch_k64,text_pca256_lexical_w005
67567,23,minibatch_k64,text_pca256_lexical_w005
67568,23,minibatch_k64,text_pca256_lexical_w005
67569,50,minibatch_k64,text_pca256_lexical_w005
67570,45,minibatch_k64,text_pca256_lexical_w005
67571,33,minibatch_k64,text_pca256_lexical_w005
67572,56,minibatch_k64,text_pca256_lexical_w005
67573,8,minibatch_k64,text_pca256_lexical_w005
67574,0,minibatch_k64,text_pca256_lexical_w005
67575,0,minibatch_k64,text_pca256_lexical_w005
67576,59,minibatch_k64,text_pca256_lexical_w005
67577,11,minibatch_k64,text_pca256_lexical_w005
67578,15,minibatch_k64,text_pca256_lexical_w005
67579,23,minibatch_k64,text_pca256_lexical_w005
67580,50,minibatch_k64,text_pca256_lexical_w005
67581,62,minibatch_k64,text_pca256_lexical_w005
67582,62,minibatch_k64,text_pca256_lexical_w005
67583,8,minibatch_k64,text_pca256_lexical_w005
67584,33,minibatch_k64,text_pca256_lexical_w005
67585,23,minibatch_k64,text_pca256_lexical_w005
67586,8,minibatch_k64,text_pca256_lexical_w005
67587,15,minibatch_k64,text_pca256_lexical_w005
67588,23,minibatch_k64,text_pca256_lexical_w005
67589,15,minibatch_k64,text_pca256_lexical_w005
67590,23,minibatch_k64,text_pca256_lexical_w005
67591,23,minibatch_k64,text_pca256_lexical_w005
67592,62,minibatch_k64,text_pca256_lexical_w005
67593,59,minibatch_k64,text_pca256_lexical_w005
67594,21,minibatch_k64,text_pca256_lexical_w005
67595,23,minibatch_k64,text_pca256_lexical_w005
67596,0,minibatch_k64,text_pca256_lexical_w005
67597,23,minibatch_k64,text_pca256_lexical_w005
67598,50,minibatch_k64,text_pca256_lexical_w005
67599,10,minibatch_k64,text_pca256_lexical_w005
67600,0,minibatch_k64,text_pca256_lexical_w005
67601,23,minibatch_k64,text_pca256_lexical_w005
67602,8,minibatch_k64,text_pca256_lexical_w005
67603,23,minibatch_k64,text_pca256_lexical_w005
67604,23,minibatch_k64,text_pca256_lexical_w005
67605,23,minibatch_k64,text_pca256_lexical_w005
67606,43,minibatch_k64,text_pca256_lexical_w005
67607,0,minibatch_k64,text_pca256_lexical_w005
67608,62,minibatch_k64,text_pca256_lexical_w005
67609,8,minibatch_k64,text_pca256_lexical_w005
67610,43,minibatch_k64,text_pca256_lexical_w005
67611,23,minibatch_k64,text_pca256_lexical_w005
67612,0,minibatch_k64,text_pca256_lexical_w005
67613,10,minibatch_k64,text_pca256_lexical_w005
67614,33,minibatch_k64,text_pca256_lexical_w005
67615,39,minibatch_k64,text_pca256_lexical_w005
67616,0,minibatch_k64,text_pca256_lexical_w005
67617,33,minibatch_k64,text_pca256_lexical_w005
67618,0,minibatch_k64,text_pca256_lexical_w005
67619,8,minibatch_k64,text_pca256_lexical_w005
67620,59,minibatch_k64,text_pca256_lexical_w005
67621,0,minibatch_k64,text_pca256_lexical_w005
67622,39,minibatch_k64,text_pca256_lexical_w005
67623,23,minibatch_k64,text_pca256_lexical_w005
67624,23,minibatch_k64,text_pca256_lexical_w005
67625,23,minibatch_k64,text_pca256_lexical_w005
67626,18,minibatch_k64,text_pca256_lexical_w005
67627,0,minibatch_k64,text_pca256_lexical_w005
67628,33,minibatch_k64,text_pca256_lexical_w005
67629,23,minibatch_k64,text_pca256_lexical_w005
67630,0,minibatch_k64,text_pca256_lexical_w005
67631,10,minibatch_k64,text_pca256_lexical_w005
67632,62,minibatch_k64,text_pca256_lexical_w005
67633,15,minibatch_k64,text_pca256_lexical_w005
67634,33,minibatch_k64,text_pca256_lexical_w005
67635,23,minibatch_k64,text_pca256_lexical_w005
67636,0,minibatch_k64,text_pca256_lexical_w005
67637,27,minibatch_k64,text_pca256_lexical_w005
67638,8,minibatch_k64,text_pca256_lexical_w005
67639,0,minibatch_k64,text_pca256_lexical_w005
67640,0,minibatch_k64,text_pca256_lexical_w005
67641,10,minibatch_k64,text_pca256_lexical_w005
67642,23,minibatch_k64,text_pca256_lexical_w005
67643,62,minibatch_k64,text_pca256_lexical_w005
67644,45,minibatch_k64,text_pca256_lexical_w005
67645,8,minibatch_k64,text_pca256_lexical_w005
67646,8,minibatch_k64,text_pca256_lexical_w005
67647,45,minibatch_k64,text_pca256_lexical_w005
67648,0,minibatch_k64,text_pca256_lexical_w005
67649,0,minibatch_k64,text_pca256_lexical_w005
67650,0,minibatch_k64,text_pca256_lexical_w005
67651,0,minibatch_k64,text_pca256_lexical_w005
67652,15,minibatch_k64,text_pca256_lexical_w005
67653,0,minibatch_k64,text_pca256_lexical_w005
67654,15,minibatch_k64,text_pca256_lexical_w005
67655,0,minibatch_k64,text_pca256_lexical_w005
67656,0,minibatch_k64,text_pca256_lexical_w005
67657,0,minibatch_k64,text_pca256_lexical_w005
67658,15,minibatch_k64,text_pca256_lexical_w005
67659,15,minibatch_k64,text_pca256_lexical_w005
67660,23,minibatch_k64,text_pca256_lexical_w005
67661,18,minibatch_k64,text_pca256_lexical_w005
67662,33,minibatch_k64,text_pca256_lexical_w005
67663,0,minibatch_k64,text_pca256_lexical_w005
67664,0,minibatch_k64,text_pca256_lexical_w005
67665,45,minibatch_k64,text_pca256_lexical_w005
67666,0,minibatch_k64,text_pca256_lexical_w005
67667,48,minibatch_k64,text_pca256_lexical_w005
67668,18,minibatch_k64,text_pca256_lexical_w005
67669,23,minibatch_k64,text_pca256_lexical_w005
67670,8,minibatch_k64,text_pca256_lexical_w005
67671,23,minibatch_k64,text_pca256_lexical_w005
67672,38,minibatch_k64,text_pca256_lexical_w005
67673,62,minibatch_k64,text_pca256_lexical_w005
67674,45,minibatch_k64,text_pca256_lexical_w005
67675,36,minibatch_k64,text_pca256_lexical_w005
67676,45,minibatch_k64,text_pca256_lexical_w005
67677,45,minibatch_k64,text_pca256_lexical_w005
67678,42,minibatch_k64,text_pca256_lexical_w005
67679,23,minibatch_k64,text_pca256_lexical_w005
67680,0,minibatch_k64,text_pca256_lexical_w005
67681,0,minibatch_k64,text_pca256_lexical_w005
67682,59,minibatch_k64,text_pca256_lexical_w005
67683,25,minibatch_k64,text_pca256_lexical_w005
67684,55,minibatch_k64,text_pca256_lexical_w005
67685,2,minibatch_k64,text_pca256_lexical_w005
67686,23,minibatch_k64,text_pca256_lexical_w005
67687,0,minibatch_k64,text_pca256_lexical_w005
67688,63,minibatch_k64,text_pca256_lexical_w005
67689,23,minibatch_k64,text_pca256_lexical_w005
67690,0,minibatch_k64,text_pca256_lexical_w005
67691,62,minibatch_k64,text_pca256_lexical_w005
67692,45,minibatch_k64,text_pca256_lexical_w005
67693,45,minibatch_k64,text_pca256_lexical_w005
67694,27,minibatch_k64,text_pca256_lexical_w005
67695,0,minibatch_k64,text_pca256_lexical_w005
67696,8,minibatch_k64,text_pca256_lexical_w005
67697,45,minibatch_k64,text_pca256_lexical_w005
67698,45,minibatch_k64,text_pca256_lexical_w005
67699,45,minibatch_k64,text_pca256_lexical_w005
67700,15,minibatch_k64,text_pca256_lexical_w005
67701,8,minibatch_k64,text_pca256_lexical_w005
67702,45,minibatch_k64,text_pca256_lexical_w005
67703,23,minibatch_k64,text_pca256_lexical_w005
67704,23,minibatch_k64,text_pca256_lexical_w005
67705,10,minibatch_k64,text_pca256_lexical_w005
67706,23,minibatch_k64,text_pca256_lexical_w005
67707,0,minibatch_k64,text_pca256_lexical_w005
67708,15,minibatch_k64,text_pca256_lexical_w005
67709,33,minibatch_k64,text_pca256_lexical_w005
67710,0,minibatch_k64,text_pca256_lexical_w005
67711,23,minibatch_k64,text_pca256_lexical_w005
67712,8,minibatch_k64,text_pca256_lexical_w005
67713,62,minibatch_k64,text_pca256_lexical_w005
67714,23,minibatch_k64,text_pca256_lexical_w005
67715,23,minibatch_k64,text_pca256_lexical_w005
67716,23,minibatch_k64,text_pca256_lexical_w005
67717,0,minibatch_k64,text_pca256_lexical_w005
67718,62,minibatch_k64,text_pca256_lexical_w005
67719,0,minibatch_k64,text_pca256_lexical_w005
67720,62,minibatch_k64,text_pca256_lexical_w005
67721,39,minibatch_k64,text_pca256_lexical_w005
67722,0,minibatch_k64,text_pca256_lexical_w005
67723,45,minibatch_k64,text_pca256_lexical_w005
67724,39,minibatch_k64,text_pca256_lexical_w005
67725,0,minibatch_k64,text_pca256_lexical_w005
67726,0,minibatch_k64,text_pca256_lexical_w005
67727,8,minibatch_k64,text_pca256_lexical_w005
67728,62,minibatch_k64,text_pca256_lexical_w005
67729,59,minibatch_k64,text_pca256_lexical_w005
67730,0,minibatch_k64,text_pca256_lexical_w005
67731,21,minibatch_k64,text_pca256_lexical_w005
67732,62,minibatch_k64,text_pca256_lexical_w005
67733,50,minibatch_k64,text_pca256_lexical_w005
67734,0,minibatch_k64,text_pca256_lexical_w005
67735,8,minibatch_k64,text_pca256_lexical_w005
67736,45,minibatch_k64,text_pca256_lexical_w005
67737,59,minibatch_k64,text_pca256_lexical_w005
67738,2,minibatch_k64,text_pca256_lexical_w005
67739,8,minibatch_k64,text_pca256_lexical_w005
67740,0,minibatch_k64,text_pca256_lexical_w005
67741,8,minibatch_k64,text_pca256_lexical_w005
67742,23,minibatch_k64,text_pca256_lexical_w005
67743,15,minibatch_k64,text_pca256_lexical_w005
67744,8,minibatch_k64,text_pca256_lexical_w005
67745,45,minibatch_k64,text_pca256_lexical_w005
67746,23,minibatch_k64,text_pca256_lexical_w005
67747,0,minibatch_k64,text_pca256_lexical_w005
67748,23,minibatch_k64,text_pca256_lexical_w005
67749,10,minibatch_k64,text_pca256_lexical_w005
67750,45,minibatch_k64,text_pca256_lexical_w005
67751,62,minibatch_k64,text_pca256_lexical_w005
67752,59,minibatch_k64,text_pca256_lexical_w005
67753,23,minibatch_k64,text_pca256_lexical_w005
67754,15,minibatch_k64,text_pca256_lexical_w005
67755,23,minibatch_k64,text_pca256_lexical_w005
67756,8,minibatch_k64,text_pca256_lexical_w005
67757,23,minibatch_k64,text_pca256_lexical_w005
67758,23,minibatch_k64,text_pca256_lexical_w005
67759,27,minibatch_k64,text_pca256_lexical_w005
67760,23,minibatch_k64,text_pca256_lexical_w005
67761,23,minibatch_k64,text_pca256_lexical_w005
67762,45,minibatch_k64,text_pca256_lexical_w005
67763,15,minibatch_k64,text_pca256_lexical_w005
67764,23,minibatch_k64,text_pca256_lexical_w005
67765,45,minibatch_k64,text_pca256_lexical_w005
67766,23,minibatch_k64,text_pca256_lexical_w005
67767,62,minibatch_k64,text_pca256_lexical_w005
67768,62,minibatch_k64,text_pca256_lexical_w005
67769,0,minibatch_k64,text_pca256_lexical_w005
67770,15,minibatch_k64,text_pca256_lexical_w005
67771,33,minibatch_k64,text_pca256_lexical_w005
67772,15,minibatch_k64,text_pca256_lexical_w005
67773,23,minibatch_k64,text_pca256_lexical_w005
67774,23,minibatch_k64,text_pca256_lexical_w005
67775,23,minibatch_k64,text_pca256_lexical_w005
67776,18,minibatch_k64,text_pca256_lexical_w005
67777,8,minibatch_k64,text_pca256_lexical_w005
67778,0,minibatch_k64,text_pca256_lexical_w005
67779,45,minibatch_k64,text_pca256_lexical_w005
67780,45,minibatch_k64,text_pca256_lexical_w005
67781,45,minibatch_k64,text_pca256_lexical_w005
67782,0,minibatch_k64,text_pca256_lexical_w005
67783,18,minibatch_k64,text_pca256_lexical_w005
67784,45,minibatch_k64,text_pca256_lexical_w005
67785,62,minibatch_k64,text_pca256_lexical_w005
67786,45,minibatch_k64,text_pca256_lexical_w005
67787,45,minibatch_k64,text_pca256_lexical_w005
67788,18,minibatch_k64,text_pca256_lexical_w005
67789,59,minibatch_k64,text_pca256_lexical_w005
67790,45,minibatch_k64,text_pca256_lexical_w005
67791,45,minibatch_k64,text_pca256_lexical_w005
67792,23,minibatch_k64,text_pca256_lexical_w005
67793,23,minibatch_k64,text_pca256_lexical_w005
67794,23,minibatch_k64,text_pca256_lexical_w005
67795,23,minibatch_k64,text_pca256_lexical_w005
67796,23,minibatch_k64,text_pca256_lexical_w005
67797,23,minibatch_k64,text_pca256_lexical_w005
67798,15,minibatch_k64,text_pca256_lexical_w005
67799,23,minibatch_k64,text_pca256_lexical_w005
67800,59,minibatch_k64,text_pca256_lexical_w005
67801,23,minibatch_k64,text_pca256_lexical_w005
67802,62,minibatch_k64,text_pca256_lexical_w005
67803,59,minibatch_k64,text_pca256_lexical_w005
67804,59,minibatch_k64,text_pca256_lexical_w005
67805,45,minibatch_k64,text_pca256_lexical_w005
67806,10,minibatch_k64,text_pca256_lexical_w005
67807,27,minibatch_k64,text_pca256_lexical_w005
67808,45,minibatch_k64,text_pca256_lexical_w005
67809,0,minibatch_k64,text_pca256_lexical_w005
67810,23,minibatch_k64,text_pca256_lexical_w005
67811,2,minibatch_k64,text_pca256_lexical_w005
67812,45,minibatch_k64,text_pca256_lexical_w005
67813,45,minibatch_k64,text_pca256_lexical_w005
67814,45,minibatch_k64,text_pca256_lexical_w005
67815,23,minibatch_k64,text_pca256_lexical_w005
67816,0,minibatch_k64,text_pca256_lexical_w005
67817,45,minibatch_k64,text_pca256_lexical_w005
67818,45,minibatch_k64,text_pca256_lexical_w005
67819,45,minibatch_k64,text_pca256_lexical_w005
67820,18,minibatch_k64,text_pca256_lexical_w005
67821,62,minibatch_k64,text_pca256_lexical_w005
67822,43,minibatch_k64,text_pca256_lexical_w005
67823,45,minibatch_k64,text_pca256_lexical_w005
67824,23,minibatch_k64,text_pca256_lexical_w005
67825,45,minibatch_k64,text_pca256_lexical_w005
67826,33,minibatch_k64,text_pca256_lexical_w005
67827,27,minibatch_k64,text_pca256_lexical_w005
67828,18,minibatch_k64,text_pca256_lexical_w005
67829,59,minibatch_k64,text_pca256_lexical_w005
67830,0,minibatch_k64,text_pca256_lexical_w005
67831,23,minibatch_k64,text_pca256_lexical_w005
67832,45,minibatch_k64,text_pca256_lexical_w005
67833,27,minibatch_k64,text_pca256_lexical_w005
67834,10,minibatch_k64,text_pca256_lexical_w005
67835,23,minibatch_k64,text_pca256_lexical_w005
67836,23,minibatch_k64,text_pca256_lexical_w005
67837,23,minibatch_k64,text_pca256_lexical_w005
67838,59,minibatch_k64,text_pca256_lexical_w005
67839,0,minibatch_k64,text_pca256_lexical_w005
67840,15,minibatch_k64,text_pca256_lexical_w005
67841,15,minibatch_k64,text_pca256_lexical_w005
67842,59,minibatch_k64,text_pca256_lexical_w005
67843,27,minibatch_k64,text_pca256_lexical_w005
67844,27,minibatch_k64,text_pca256_lexical_w005
67845,0,minibatch_k64,text_pca256_lexical_w005
67846,0,minibatch_k64,text_pca256_lexical_w005
67847,23,minibatch_k64,text_pca256_lexical_w005
67848,62,minibatch_k64,text_pca256_lexical_w005
67849,23,minibatch_k64,text_pca256_lexical_w005
67850,39,minibatch_k64,text_pca256_lexical_w005
67851,59,minibatch_k64,text_pca256_lexical_w005
67852,18,minibatch_k64,text_pca256_lexical_w005
67853,45,minibatch_k64,text_pca256_lexical_w005
67854,45,minibatch_k64,text_pca256_lexical_w005
67855,45,minibatch_k64,text_pca256_lexical_w005
67856,27,minibatch_k64,text_pca256_lexical_w005
67857,62,minibatch_k64,text_pca256_lexical_w005
67858,10,minibatch_k64,text_pca256_lexical_w005
67859,23,minibatch_k64,text_pca256_lexical_w005
67860,59,minibatch_k64,text_pca256_lexical_w005
67861,48,minibatch_k64,text_pca256_lexical_w005
67862,23,minibatch_k64,text_pca256_lexical_w005
67863,0,minibatch_k64,text_pca256_lexical_w005
67864,23,minibatch_k64,text_pca256_lexical_w005
67865,59,minibatch_k64,text_pca256_lexical_w005
67866,59,minibatch_k64,text_pca256_lexical_w005
67867,0,minibatch_k64,text_pca256_lexical_w005
67868,59,minibatch_k64,text_pca256_lexical_w005
67869,59,minibatch_k64,text_pca256_lexical_w005
67870,59,minibatch_k64,text_pca256_lexical_w005
67871,23,minibatch_k64,text_pca256_lexical_w005
67872,62,minibatch_k64,text_pca256_lexical_w005
67873,0,minibatch_k64,text_pca256_lexical_w005
67874,59,minibatch_k64,text_pca256_lexical_w005
67875,39,minibatch_k64,text_pca256_lexical_w005
67876,33,minibatch_k64,text_pca256_lexical_w005
67877,59,minibatch_k64,text_pca256_lexical_w005
67878,18,minibatch_k64,text_pca256_lexical_w005
67879,23,minibatch_k64,text_pca256_lexical_w005
67880,23,minibatch_k64,text_pca256_lexical_w005
67881,8,minibatch_k64,text_pca256_lexical_w005
67882,45,minibatch_k64,text_pca256_lexical_w005
67883,45,minibatch_k64,text_pca256_lexical_w005
67884,33,minibatch_k64,text_pca256_lexical_w005
67885,18,minibatch_k64,text_pca256_lexical_w005
67886,23,minibatch_k64,text_pca256_lexical_w005
67887,45,minibatch_k64,text_pca256_lexical_w005
67888,23,minibatch_k64,text_pca256_lexical_w005
67889,45,minibatch_k64,text_pca256_lexical_w005
67890,62,minibatch_k64,text_pca256_lexical_w005
67891,45,minibatch_k64,text_pca256_lexical_w005
67892,45,minibatch_k64,text_pca256_lexical_w005
67893,33,minibatch_k64,text_pca256_lexical_w005
67894,15,minibatch_k64,text_pca256_lexical_w005
67895,45,minibatch_k64,text_pca256_lexical_w005
67896,45,minibatch_k64,text_pca256_lexical_w005
67897,0,minibatch_k64,text_pca256_lexical_w005
67898,18,minibatch_k64,text_pca256_lexical_w005
67899,23,minibatch_k64,text_pca256_lexical_w005
67900,59,minibatch_k64,text_pca256_lexical_w005
67901,0,minibatch_k64,text_pca256_lexical_w005
67902,59,minibatch_k64,text_pca256_lexical_w005
67903,59,minibatch_k64,text_pca256_lexical_w005
67904,23,minibatch_k64,text_pca256_lexical_w005
67905,15,minibatch_k64,text_pca256_lexical_w005
67906,10,minibatch_k64,text_pca256_lexical_w005
67907,27,minibatch_k64,text_pca256_lexical_w005
67908,18,minibatch_k64,text_pca256_lexical_w005
67909,23,minibatch_k64,text_pca256_lexical_w005
67910,45,minibatch_k64,text_pca256_lexical_w005
67911,42,minibatch_k64,text_pca256_lexical_w005
67912,27,minibatch_k64,text_pca256_lexical_w005
67913,59,minibatch_k64,text_pca256_lexical_w005
67914,23,minibatch_k64,text_pca256_lexical_w005
67915,33,minibatch_k64,text_pca256_lexical_w005
67916,23,minibatch_k64,text_pca256_lexical_w005
67917,0,minibatch_k64,text_pca256_lexical_w005
67918,0,minibatch_k64,text_pca256_lexical_w005
67919,39,minibatch_k64,text_pca256_lexical_w005
67920,0,minibatch_k64,text_pca256_lexical_w005
67921,59,minibatch_k64,text_pca256_lexical_w005
67922,15,minibatch_k64,text_pca256_lexical_w005
67923,27,minibatch_k64,text_pca256_lexical_w005
67924,10,minibatch_k64,text_pca256_lexical_w005
67925,23,minibatch_k64,text_pca256_lexical_w005
67926,59,minibatch_k64,text_pca256_lexical_w005
67927,33,minibatch_k64,text_pca256_lexical_w005
67928,0,minibatch_k64,text_pca256_lexical_w005
67929,62,minibatch_k64,text_pca256_lexical_w005
67930,62,minibatch_k64,text_pca256_lexical_w005
67931,0,minibatch_k64,text_pca256_lexical_w005
67932,33,minibatch_k64,text_pca256_lexical_w005
67933,15,minibatch_k64,text_pca256_lexical_w005
67934,0,minibatch_k64,text_pca256_lexical_w005
67935,53,minibatch_k64,text_pca256_lexical_w005
67936,0,minibatch_k64,text_pca256_lexical_w005
67937,0,minibatch_k64,text_pca256_lexical_w005
67938,23,minibatch_k64,text_pca256_lexical_w005
67939,62,minibatch_k64,text_pca256_lexical_w005
67940,8,minibatch_k64,text_pca256_lexical_w005
67941,0,minibatch_k64,text_pca256_lexical_w005
67942,45,minibatch_k64,text_pca256_lexical_w005
67943,0,minibatch_k64,text_pca256_lexical_w005
67944,45,minibatch_k64,text_pca256_lexical_w005
67945,2,minibatch_k64,text_pca256_lexical_w005
67946,2,minibatch_k64,text_pca256_lexical_w005
67947,23,minibatch_k64,text_pca256_lexical_w005
67948,59,minibatch_k64,text_pca256_lexical_w005
67949,15,minibatch_k64,text_pca256_lexical_w005
67950,59,minibatch_k64,text_pca256_lexical_w005
67951,59,minibatch_k64,text_pca256_lexical_w005
67952,23,minibatch_k64,text_pca256_lexical_w005
67953,18,minibatch_k64,text_pca256_lexical_w005
67954,56,minibatch_k64,text_pca256_lexical_w005
67955,23,minibatch_k64,text_pca256_lexical_w005
67956,45,minibatch_k64,text_pca256_lexical_w005
67957,23,minibatch_k64,text_pca256_lexical_w005
67958,45,minibatch_k64,text_pca256_lexical_w005
67959,61,minibatch_k64,text_pca256_lexical_w005
67960,53,minibatch_k64,text_pca256_lexical_w005
67961,23,minibatch_k64,text_pca256_lexical_w005
67962,62,minibatch_k64,text_pca256_lexical_w005
67963,23,minibatch_k64,text_pca256_lexical_w005
67964,23,minibatch_k64,text_pca256_lexical_w005
67965,0,minibatch_k64,text_pca256_lexical_w005
67966,15,minibatch_k64,text_pca256_lexical_w005
67967,59,minibatch_k64,text_pca256_lexical_w005
67968,0,minibatch_k64,text_pca256_lexical_w005
67969,15,minibatch_k64,text_pca256_lexical_w005
67970,0,minibatch_k64,text_pca256_lexical_w005
67971,23,minibatch_k64,text_pca256_lexical_w005
67972,23,minibatch_k64,text_pca256_lexical_w005
67973,23,minibatch_k64,text_pca256_lexical_w005
67974,23,minibatch_k64,text_pca256_lexical_w005
67975,39,minibatch_k64,text_pca256_lexical_w005
67976,8,minibatch_k64,text_pca256_lexical_w005
67977,10,minibatch_k64,text_pca256_lexical_w005
67978,10,minibatch_k64,text_pca256_lexical_w005
67979,33,minibatch_k64,text_pca256_lexical_w005
67980,0,minibatch_k64,text_pca256_lexical_w005
67981,62,minibatch_k64,text_pca256_lexical_w005
67982,15,minibatch_k64,text_pca256_lexical_w005
67983,10,minibatch_k64,text_pca256_lexical_w005
67984,61,minibatch_k64,text_pca256_lexical_w005
67985,21,minibatch_k64,text_pca256_lexical_w005
67986,62,minibatch_k64,text_pca256_lexical_w005
67987,8,minibatch_k64,text_pca256_lexical_w005
67988,23,minibatch_k64,text_pca256_lexical_w005
67989,0,minibatch_k64,text_pca256_lexical_w005
67990,8,minibatch_k64,text_pca256_lexical_w005
67991,8,minibatch_k64,text_pca256_lexical_w005
67992,8,minibatch_k64,text_pca256_lexical_w005
67993,8,minibatch_k64,text_pca256_lexical_w005
67994,23,minibatch_k64,text_pca256_lexical_w005
67995,0,minibatch_k64,text_pca256_lexical_w005
67996,0,minibatch_k64,text_pca256_lexical_w005
67997,0,minibatch_k64,text_pca256_lexical_w005
67998,21,minibatch_k64,text_pca256_lexical_w005
67999,62,minibatch_k64,text_pca256_lexical_w005
68000,50,minibatch_k64,text_pca256_lexical_w005
68001,10,minibatch_k64,text_pca256_lexical_w005
68002,0,minibatch_k64,text_pca256_lexical_w005
68003,4,minibatch_k64,text_pca256_lexical_w005
68004,8,minibatch_k64,text_pca256_lexical_w005
68005,59,minibatch_k64,text_pca256_lexical_w005
68006,4,minibatch_k64,text_pca256_lexical_w005
68007,4,minibatch_k64,text_pca256_lexical_w005
68008,62,minibatch_k64,text_pca256_lexical_w005
68009,0,minibatch_k64,text_pca256_lexical_w005
68010,0,minibatch_k64,text_pca256_lexical_w005
68011,15,minibatch_k64,text_pca256_lexical_w005
68012,39,minibatch_k64,text_pca256_lexical_w005
68013,62,minibatch_k64,text_pca256_lexical_w005
68014,15,minibatch_k64,text_pca256_lexical_w005
68015,8,minibatch_k64,text_pca256_lexical_w005
68016,23,minibatch_k64,text_pca256_lexical_w005
68017,0,minibatch_k64,text_pca256_lexical_w005
68018,2,minibatch_k64,text_pca256_lexical_w005
68019,2,minibatch_k64,text_pca256_lexical_w005
68020,8,minibatch_k64,text_pca256_lexical_w005
68021,8,minibatch_k64,text_pca256_lexical_w005
68022,0,minibatch_k64,text_pca256_lexical_w005
68023,45,minibatch_k64,text_pca256_lexical_w005
68024,2,minibatch_k64,text_pca256_lexical_w005
68025,8,minibatch_k64,text_pca256_lexical_w005
68026,23,minibatch_k64,text_pca256_lexical_w005
68027,21,minibatch_k64,text_pca256_lexical_w005
68028,15,minibatch_k64,text_pca256_lexical_w005
68029,62,minibatch_k64,text_pca256_lexical_w005
68030,0,minibatch_k64,text_pca256_lexical_w005
68031,0,minibatch_k64,text_pca256_lexical_w005
68032,33,minibatch_k64,text_pca256_lexical_w005
68033,62,minibatch_k64,text_pca256_lexical_w005
68034,23,minibatch_k64,text_pca256_lexical_w005
68035,10,minibatch_k64,text_pca256_lexical_w005
68036,0,minibatch_k64,text_pca256_lexical_w005
68037,0,minibatch_k64,text_pca256_lexical_w005
68038,61,minibatch_k64,text_pca256_lexical_w005
68039,0,minibatch_k64,text_pca256_lexical_w005
68040,62,minibatch_k64,text_pca256_lexical_w005
68041,23,minibatch_k64,text_pca256_lexical_w005
68042,23,minibatch_k64,text_pca256_lexical_w005
68043,33,minibatch_k64,text_pca256_lexical_w005
68044,10,minibatch_k64,text_pca256_lexical_w005
68045,0,minibatch_k64,text_pca256_lexical_w005
68046,8,minibatch_k64,text_pca256_lexical_w005
68047,23,minibatch_k64,text_pca256_lexical_w005
68048,0,minibatch_k64,text_pca256_lexical_w005
68049,0,minibatch_k64,text_pca256_lexical_w005
68050,10,minibatch_k64,text_pca256_lexical_w005
68051,8,minibatch_k64,text_pca256_lexical_w005
68052,10,minibatch_k64,text_pca256_lexical_w005
68053,45,minibatch_k64,text_pca256_lexical_w005
68054,8,minibatch_k64,text_pca256_lexical_w005
68055,23,minibatch_k64,text_pca256_lexical_w005
68056,23,minibatch_k64,text_pca256_lexical_w005
68057,23,minibatch_k64,text_pca256_lexical_w005
68058,62,minibatch_k64,text_pca256_lexical_w005
68059,62,minibatch_k64,text_pca256_lexical_w005
68060,15,minibatch_k64,text_pca256_lexical_w005
68061,0,minibatch_k64,text_pca256_lexical_w005
68062,8,minibatch_k64,text_pca256_lexical_w005
68063,62,minibatch_k64,text_pca256_lexical_w005
68064,50,minibatch_k64,text_pca256_lexical_w005
68065,50,minibatch_k64,text_pca256_lexical_w005
68066,8,minibatch_k64,text_pca256_lexical_w005
68067,0,minibatch_k64,text_pca256_lexical_w005
68068,23,minibatch_k64,text_pca256_lexical_w005
68069,23,minibatch_k64,text_pca256_lexical_w005
68070,23,minibatch_k64,text_pca256_lexical_w005
68071,23,minibatch_k64,text_pca256_lexical_w005
68072,62,minibatch_k64,text_pca256_lexical_w005
68073,10,minibatch_k64,text_pca256_lexical_w005
68074,45,minibatch_k64,text_pca256_lexical_w005
68075,62,minibatch_k64,text_pca256_lexical_w005
68076,23,minibatch_k64,text_pca256_lexical_w005
68077,62,minibatch_k64,text_pca256_lexical_w005
68078,8,minibatch_k64,text_pca256_lexical_w005
68079,8,minibatch_k64,text_pca256_lexical_w005
68080,39,minibatch_k64,text_pca256_lexical_w005
68081,23,minibatch_k64,text_pca256_lexical_w005
68082,33,minibatch_k64,text_pca256_lexical_w005
68083,50,minibatch_k64,text_pca256_lexical_w005
68084,62,minibatch_k64,text_pca256_lexical_w005
68085,23,minibatch_k64,text_pca256_lexical_w005
68086,23,minibatch_k64,text_pca256_lexical_w005
68087,23,minibatch_k64,text_pca256_lexical_w005
68088,21,minibatch_k64,text_pca256_lexical_w005
68089,21,minibatch_k64,text_pca256_lexical_w005
68090,18,minibatch_k64,text_pca256_lexical_w005
68091,23,minibatch_k64,text_pca256_lexical_w005
68092,23,minibatch_k64,text_pca256_lexical_w005
68093,23,minibatch_k64,text_pca256_lexical_w005
68094,23,minibatch_k64,text_pca256_lexical_w005
68095,8,minibatch_k64,text_pca256_lexical_w005
68096,23,minibatch_k64,text_pca256_lexical_w005
68097,62,minibatch_k64,text_pca256_lexical_w005
68098,10,minibatch_k64,text_pca256_lexical_w005
68099,62,minibatch_k64,text_pca256_lexical_w005
68100,15,minibatch_k64,text_pca256_lexical_w005
68101,15,minibatch_k64,text_pca256_lexical_w005
68102,33,minibatch_k64,text_pca256_lexical_w005
68103,33,minibatch_k64,text_pca256_lexical_w005
68104,62,minibatch_k64,text_pca256_lexical_w005
68105,59,minibatch_k64,text_pca256_lexical_w005
68106,23,minibatch_k64,text_pca256_lexical_w005
68107,23,minibatch_k64,text_pca256_lexical_w005
68108,45,minibatch_k64,text_pca256_lexical_w005
68109,45,minibatch_k64,text_pca256_lexical_w005
68110,59,minibatch_k64,text_pca256_lexical_w005
68111,8,minibatch_k64,text_pca256_lexical_w005
68112,23,minibatch_k64,text_pca256_lexical_w005
68113,61,minibatch_k64,text_pca256_lexical_w005
68114,50,minibatch_k64,text_pca256_lexical_w005
68115,50,minibatch_k64,text_pca256_lexical_w005
68116,10,minibatch_k64,text_pca256_lexical_w005
68117,33,minibatch_k64,text_pca256_lexical_w005
68118,33,minibatch_k64,text_pca256_lexical_w005
68119,0,minibatch_k64,text_pca256_lexical_w005
68120,23,minibatch_k64,text_pca256_lexical_w005
68121,33,minibatch_k64,text_pca256_lexical_w005
68122,59,minibatch_k64,text_pca256_lexical_w005
68123,59,minibatch_k64,text_pca256_lexical_w005
68124,62,minibatch_k64,text_pca256_lexical_w005
68125,21,minibatch_k64,text_pca256_lexical_w005
68126,62,minibatch_k64,text_pca256_lexical_w005
68127,33,minibatch_k64,text_pca256_lexical_w005
68128,45,minibatch_k64,text_pca256_lexical_w005
68129,45,minibatch_k64,text_pca256_lexical_w005
68130,8,minibatch_k64,text_pca256_lexical_w005
68131,45,minibatch_k64,text_pca256_lexical_w005
68132,34,minibatch_k64,text_pca256_lexical_w005
68133,33,minibatch_k64,text_pca256_lexical_w005
68134,33,minibatch_k64,text_pca256_lexical_w005
68135,23,minibatch_k64,text_pca256_lexical_w005
68136,8,minibatch_k64,text_pca256_lexical_w005
68137,23,minibatch_k64,text_pca256_lexical_w005
68138,23,minibatch_k64,text_pca256_lexical_w005
68139,23,minibatch_k64,text_pca256_lexical_w005
68140,8,minibatch_k64,text_pca256_lexical_w005
68141,23,minibatch_k64,text_pca256_lexical_w005
68142,23,minibatch_k64,text_pca256_lexical_w005
68143,0,minibatch_k64,text_pca256_lexical_w005
68144,23,minibatch_k64,text_pca256_lexical_w005
68145,23,minibatch_k64,text_pca256_lexical_w005
68146,10,minibatch_k64,text_pca256_lexical_w005
68147,10,minibatch_k64,text_pca256_lexical_w005
68148,10,minibatch_k64,text_pca256_lexical_w005
68149,10,minibatch_k64,text_pca256_lexical_w005
68150,62,minibatch_k64,text_pca256_lexical_w005
68151,62,minibatch_k64,text_pca256_lexical_w005
68152,62,minibatch_k64,text_pca256_lexical_w005
68153,62,minibatch_k64,text_pca256_lexical_w005
68154,62,minibatch_k64,text_pca256_lexical_w005
68155,62,minibatch_k64,text_pca256_lexical_w005
68156,23,minibatch_k64,text_pca256_lexical_w005
68157,23,minibatch_k64,text_pca256_lexical_w005
68158,23,minibatch_k64,text_pca256_lexical_w005
68159,15,minibatch_k64,text_pca256_lexical_w005
68160,23,minibatch_k64,text_pca256_lexical_w005
68161,8,minibatch_k64,text_pca256_lexical_w005
68162,59,minibatch_k64,text_pca256_lexical_w005
68163,59,minibatch_k64,text_pca256_lexical_w005
68164,59,minibatch_k64,text_pca256_lexical_w005
68165,15,minibatch_k64,text_pca256_lexical_w005
68166,15,minibatch_k64,text_pca256_lexical_w005
68167,15,minibatch_k64,text_pca256_lexical_w005
68168,23,minibatch_k64,text_pca256_lexical_w005
68169,23,minibatch_k64,text_pca256_lexical_w005
68170,23,minibatch_k64,text_pca256_lexical_w005
68171,10,minibatch_k64,text_pca256_lexical_w005
68172,0,minibatch_k64,text_pca256_lexical_w005
68173,0,minibatch_k64,text_pca256_lexical_w005
68174,0,minibatch_k64,text_pca256_lexical_w005
68175,39,minibatch_k64,text_pca256_lexical_w005
68176,62,minibatch_k64,text_pca256_lexical_w005
68177,10,minibatch_k64,text_pca256_lexical_w005
68178,10,minibatch_k64,text_pca256_lexical_w005
68179,21,minibatch_k64,text_pca256_lexical_w005
68180,8,minibatch_k64,text_pca256_lexical_w005
68181,23,minibatch_k64,text_pca256_lexical_w005
68182,33,minibatch_k64,text_pca256_lexical_w005
68183,6,minibatch_k64,text_pca256_lexical_w005
68184,39,minibatch_k64,text_pca256_lexical_w005
68185,39,minibatch_k64,text_pca256_lexical_w005
68186,62,minibatch_k64,text_pca256_lexical_w005
68187,8,minibatch_k64,text_pca256_lexical_w005
68188,33,minibatch_k64,text_pca256_lexical_w005
68189,10,minibatch_k64,text_pca256_lexical_w005
68190,8,minibatch_k64,text_pca256_lexical_w005
68191,23,minibatch_k64,text_pca256_lexical_w005
68192,59,minibatch_k64,text_pca256_lexical_w005
68193,23,minibatch_k64,text_pca256_lexical_w005
68194,23,minibatch_k64,text_pca256_lexical_w005
68195,62,minibatch_k64,text_pca256_lexical_w005
68196,0,minibatch_k64,text_pca256_lexical_w005
68197,23,minibatch_k64,text_pca256_lexical_w005
68198,21,minibatch_k64,text_pca256_lexical_w005
68199,23,minibatch_k64,text_pca256_lexical_w005
68200,23,minibatch_k64,text_pca256_lexical_w005
68201,48,minibatch_k64,text_pca256_lexical_w005
68202,62,minibatch_k64,text_pca256_lexical_w005
68203,23,minibatch_k64,text_pca256_lexical_w005
68204,39,minibatch_k64,text_pca256_lexical_w005
68205,23,minibatch_k64,text_pca256_lexical_w005
68206,21,minibatch_k64,text_pca256_lexical_w005
68207,15,minibatch_k64,text_pca256_lexical_w005
68208,62,minibatch_k64,text_pca256_lexical_w005
68209,15,minibatch_k64,text_pca256_lexical_w005
68210,33,minibatch_k64,text_pca256_lexical_w005
68211,8,minibatch_k64,text_pca256_lexical_w005
68212,0,minibatch_k64,text_pca256_lexical_w005
68213,23,minibatch_k64,text_pca256_lexical_w005
68214,8,minibatch_k64,text_pca256_lexical_w005
68215,8,minibatch_k64,text_pca256_lexical_w005
68216,10,minibatch_k64,text_pca256_lexical_w005
68217,23,minibatch_k64,text_pca256_lexical_w005
68218,10,minibatch_k64,text_pca256_lexical_w005
68219,33,minibatch_k64,text_pca256_lexical_w005
68220,53,minibatch_k64,text_pca256_lexical_w005
68221,62,minibatch_k64,text_pca256_lexical_w005
68222,33,minibatch_k64,text_pca256_lexical_w005
68223,15,minibatch_k64,text_pca256_lexical_w005
68224,0,minibatch_k64,text_pca256_lexical_w005
68225,23,minibatch_k64,text_pca256_lexical_w005
68226,5,minibatch_k64,text_pca256_lexical_w005
68227,0,minibatch_k64,text_pca256_lexical_w005
68228,0,minibatch_k64,text_pca256_lexical_w005
68229,5,minibatch_k64,text_pca256_lexical_w005
68230,0,minibatch_k64,text_pca256_lexical_w005
68231,5,minibatch_k64,text_pca256_lexical_w005
68232,62,minibatch_k64,text_pca256_lexical_w005
68233,62,minibatch_k64,text_pca256_lexical_w005
68234,4,minibatch_k64,text_pca256_lexical_w005
68235,62,minibatch_k64,text_pca256_lexical_w005
68236,0,minibatch_k64,text_pca256_lexical_w005
68237,0,minibatch_k64,text_pca256_lexical_w005
68238,0,minibatch_k64,text_pca256_lexical_w005
68239,5,minibatch_k64,text_pca256_lexical_w005
68240,5,minibatch_k64,text_pca256_lexical_w005
68241,23,minibatch_k64,text_pca256_lexical_w005
68242,45,minibatch_k64,text_pca256_lexical_w005
68243,4,minibatch_k64,text_pca256_lexical_w005
68244,23,minibatch_k64,text_pca256_lexical_w005
68245,62,minibatch_k64,text_pca256_lexical_w005
68246,62,minibatch_k64,text_pca256_lexical_w005
68247,45,minibatch_k64,text_pca256_lexical_w005
68248,23,minibatch_k64,text_pca256_lexical_w005
68249,47,minibatch_k64,text_pca256_lexical_w005
68250,23,minibatch_k64,text_pca256_lexical_w005
68251,62,minibatch_k64,text_pca256_lexical_w005
68252,62,minibatch_k64,text_pca256_lexical_w005
68253,23,minibatch_k64,text_pca256_lexical_w005
68254,23,minibatch_k64,text_pca256_lexical_w005
68255,47,minibatch_k64,text_pca256_lexical_w005
68256,0,minibatch_k64,text_pca256_lexical_w005
68257,23,minibatch_k64,text_pca256_lexical_w005
68258,23,minibatch_k64,text_pca256_lexical_w005
68259,23,minibatch_k64,text_pca256_lexical_w005
68260,62,minibatch_k64,text_pca256_lexical_w005
68261,18,minibatch_k64,text_pca256_lexical_w005
68262,23,minibatch_k64,text_pca256_lexical_w005
68263,23,minibatch_k64,text_pca256_lexical_w005
68264,23,minibatch_k64,text_pca256_lexical_w005
68265,23,minibatch_k64,text_pca256_lexical_w005
68266,23,minibatch_k64,text_pca256_lexical_w005
68267,23,minibatch_k64,text_pca256_lexical_w005
68268,18,minibatch_k64,text_pca256_lexical_w005
68269,23,minibatch_k64,text_pca256_lexical_w005
68270,23,minibatch_k64,text_pca256_lexical_w005
68271,18,minibatch_k64,text_pca256_lexical_w005
68272,18,minibatch_k64,text_pca256_lexical_w005
68273,62,minibatch_k64,text_pca256_lexical_w005
68274,23,minibatch_k64,text_pca256_lexical_w005
68275,23,minibatch_k64,text_pca256_lexical_w005
68276,18,minibatch_k64,text_pca256_lexical_w005
68277,10,minibatch_k64,text_pca256_lexical_w005
68278,23,minibatch_k64,text_pca256_lexical_w005
68279,10,minibatch_k64,text_pca256_lexical_w005
68280,23,minibatch_k64,text_pca256_lexical_w005
68281,23,minibatch_k64,text_pca256_lexical_w005
68282,23,minibatch_k64,text_pca256_lexical_w005
68283,0,minibatch_k64,text_pca256_lexical_w005
68284,23,minibatch_k64,text_pca256_lexical_w005
68285,23,minibatch_k64,text_pca256_lexical_w005
68286,5,minibatch_k64,text_pca256_lexical_w005
68287,0,minibatch_k64,text_pca256_lexical_w005
68288,29,minibatch_k64,text_pca256_lexical_w005
68289,45,minibatch_k64,text_pca256_lexical_w005
68290,0,minibatch_k64,text_pca256_lexical_w005
68291,45,minibatch_k64,text_pca256_lexical_w005
68292,23,minibatch_k64,text_pca256_lexical_w005
68293,45,minibatch_k64,text_pca256_lexical_w005
68294,45,minibatch_k64,text_pca256_lexical_w005
68295,62,minibatch_k64,text_pca256_lexical_w005
68296,45,minibatch_k64,text_pca256_lexical_w005
68297,45,minibatch_k64,text_pca256_lexical_w005
68298,39,minibatch_k64,text_pca256_lexical_w005
68299,23,minibatch_k64,text_pca256_lexical_w005
68300,45,minibatch_k64,text_pca256_lexical_w005
68301,45,minibatch_k64,text_pca256_lexical_w005
68302,38,minibatch_k64,text_pca256_lexical_w005
68303,45,minibatch_k64,text_pca256_lexical_w005
68304,58,minibatch_k64,text_pca256_lexical_w005
68305,55,minibatch_k64,text_pca256_lexical_w005
68306,22,minibatch_k64,text_pca256_lexical_w005
68307,23,minibatch_k64,text_pca256_lexical_w005
68308,62,minibatch_k64,text_pca256_lexical_w005
68309,59,minibatch_k64,text_pca256_lexical_w005
68310,23,minibatch_k64,text_pca256_lexical_w005
68311,0,minibatch_k64,text_pca256_lexical_w005
68312,0,minibatch_k64,text_pca256_lexical_w005
68313,59,minibatch_k64,text_pca256_lexical_w005
68314,0,minibatch_k64,text_pca256_lexical_w005
68315,59,minibatch_k64,text_pca256_lexical_w005
68316,23,minibatch_k64,text_pca256_lexical_w005
68317,0,minibatch_k64,text_pca256_lexical_w005
68318,62,minibatch_k64,text_pca256_lexical_w005
68319,62,minibatch_k64,text_pca256_lexical_w005
68320,45,minibatch_k64,text_pca256_lexical_w005
68321,23,minibatch_k64,text_pca256_lexical_w005
68322,0,minibatch_k64,text_pca256_lexical_w005
68323,0,minibatch_k64,text_pca256_lexical_w005
68324,45,minibatch_k64,text_pca256_lexical_w005
68325,38,minibatch_k64,text_pca256_lexical_w005
68326,58,minibatch_k64,text_pca256_lexical_w005
68327,45,minibatch_k64,text_pca256_lexical_w005
68328,55,minibatch_k64,text_pca256_lexical_w005
68329,45,minibatch_k64,text_pca256_lexical_w005
68330,23,minibatch_k64,text_pca256_lexical_w005
68331,0,minibatch_k64,text_pca256_lexical_w005
68332,0,minibatch_k64,text_pca256_lexical_w005
68333,45,minibatch_k64,text_pca256_lexical_w005
68334,8,minibatch_k64,text_pca256_lexical_w005
68335,62,minibatch_k64,text_pca256_lexical_w005
68336,23,minibatch_k64,text_pca256_lexical_w005
68337,23,minibatch_k64,text_pca256_lexical_w005
68338,23,minibatch_k64,text_pca256_lexical_w005
68339,62,minibatch_k64,text_pca256_lexical_w005
68340,21,minibatch_k64,text_pca256_lexical_w005
68341,23,minibatch_k64,text_pca256_lexical_w005
68342,23,minibatch_k64,text_pca256_lexical_w005
68343,23,minibatch_k64,text_pca256_lexical_w005
68344,23,minibatch_k64,text_pca256_lexical_w005
68345,15,minibatch_k64,text_pca256_lexical_w005
68346,0,minibatch_k64,text_pca256_lexical_w005
68347,15,minibatch_k64,text_pca256_lexical_w005
68348,8,minibatch_k64,text_pca256_lexical_w005
68349,15,minibatch_k64,text_pca256_lexical_w005
68350,15,minibatch_k64,text_pca256_lexical_w005
68351,62,minibatch_k64,text_pca256_lexical_w005
68352,62,minibatch_k64,text_pca256_lexical_w005
68353,5,minibatch_k64,text_pca256_lexical_w005
68354,23,minibatch_k64,text_pca256_lexical_w005
68355,0,minibatch_k64,text_pca256_lexical_w005
68356,62,minibatch_k64,text_pca256_lexical_w005
68357,0,minibatch_k64,text_pca256_lexical_w005
68358,45,minibatch_k64,text_pca256_lexical_w005
68359,38,minibatch_k64,text_pca256_lexical_w005
68360,15,minibatch_k64,text_pca256_lexical_w005
68361,58,minibatch_k64,text_pca256_lexical_w005
68362,10,minibatch_k64,text_pca256_lexical_w005
68363,10,minibatch_k64,text_pca256_lexical_w005
68364,62,minibatch_k64,text_pca256_lexical_w005
68365,59,minibatch_k64,text_pca256_lexical_w005
68366,63,minibatch_k64,text_pca256_lexical_w005
68367,23,minibatch_k64,text_pca256_lexical_w005
68368,23,minibatch_k64,text_pca256_lexical_w005
68369,23,minibatch_k64,text_pca256_lexical_w005
68370,23,minibatch_k64,text_pca256_lexical_w005
68371,23,minibatch_k64,text_pca256_lexical_w005
68372,23,minibatch_k64,text_pca256_lexical_w005
68373,62,minibatch_k64,text_pca256_lexical_w005
68374,10,minibatch_k64,text_pca256_lexical_w005
68375,23,minibatch_k64,text_pca256_lexical_w005
68376,10,minibatch_k64,text_pca256_lexical_w005
68377,23,minibatch_k64,text_pca256_lexical_w005
68378,23,minibatch_k64,text_pca256_lexical_w005
68379,39,minibatch_k64,text_pca256_lexical_w005
68380,62,minibatch_k64,text_pca256_lexical_w005
68381,0,minibatch_k64,text_pca256_lexical_w005
68382,23,minibatch_k64,text_pca256_lexical_w005
68383,15,minibatch_k64,text_pca256_lexical_w005
68384,62,minibatch_k64,text_pca256_lexical_w005
68385,61,minibatch_k64,text_pca256_lexical_w005
68386,61,minibatch_k64,text_pca256_lexical_w005
68387,23,minibatch_k64,text_pca256_lexical_w005
68388,23,minibatch_k64,text_pca256_lexical_w005
68389,61,minibatch_k64,text_pca256_lexical_w005
68390,61,minibatch_k64,text_pca256_lexical_w005
68391,61,minibatch_k64,text_pca256_lexical_w005
68392,61,minibatch_k64,text_pca256_lexical_w005
68393,61,minibatch_k64,text_pca256_lexical_w005
68394,10,minibatch_k64,text_pca256_lexical_w005
68395,59,minibatch_k64,text_pca256_lexical_w005
68396,0,minibatch_k64,text_pca256_lexical_w005
68397,23,minibatch_k64,text_pca256_lexical_w005
68398,61,minibatch_k64,text_pca256_lexical_w005
68399,61,minibatch_k64,text_pca256_lexical_w005
68400,0,minibatch_k64,text_pca256_lexical_w005
68401,61,minibatch_k64,text_pca256_lexical_w005
68402,61,minibatch_k64,text_pca256_lexical_w005
68403,61,minibatch_k64,text_pca256_lexical_w005
68404,61,minibatch_k64,text_pca256_lexical_w005
68405,62,minibatch_k64,text_pca256_lexical_w005
68406,61,minibatch_k64,text_pca256_lexical_w005
68407,0,minibatch_k64,text_pca256_lexical_w005
68408,23,minibatch_k64,text_pca256_lexical_w005
68409,61,minibatch_k64,text_pca256_lexical_w005
68410,38,minibatch_k64,text_pca256_lexical_w005
68411,61,minibatch_k64,text_pca256_lexical_w005
68412,61,minibatch_k64,text_pca256_lexical_w005
68413,61,minibatch_k64,text_pca256_lexical_w005
68414,10,minibatch_k64,text_pca256_lexical_w005
68415,45,minibatch_k64,text_pca256_lexical_w005
68416,58,minibatch_k64,text_pca256_lexical_w005
68417,55,minibatch_k64,text_pca256_lexical_w005
68418,45,minibatch_k64,text_pca256_lexical_w005
68419,63,minibatch_k64,text_pca256_lexical_w005
68420,8,minibatch_k64,text_pca256_lexical_w005
68421,61,minibatch_k64,text_pca256_lexical_w005
68422,61,minibatch_k64,text_pca256_lexical_w005
68423,62,minibatch_k64,text_pca256_lexical_w005
68424,39,minibatch_k64,text_pca256_lexical_w005
68425,61,minibatch_k64,text_pca256_lexical_w005
68426,61,minibatch_k64,text_pca256_lexical_w005
68427,61,minibatch_k64,text_pca256_lexical_w005
68428,61,minibatch_k64,text_pca256_lexical_w005
68429,61,minibatch_k64,text_pca256_lexical_w005
68430,61,minibatch_k64,text_pca256_lexical_w005
68431,61,minibatch_k64,text_pca256_lexical_w005
68432,61,minibatch_k64,text_pca256_lexical_w005
68433,23,minibatch_k64,text_pca256_lexical_w005
68434,0,minibatch_k64,text_pca256_lexical_w005
68435,23,minibatch_k64,text_pca256_lexical_w005
68436,61,minibatch_k64,text_pca256_lexical_w005
68437,61,minibatch_k64,text_pca256_lexical_w005
68438,10,minibatch_k64,text_pca256_lexical_w005
68439,61,minibatch_k64,text_pca256_lexical_w005
68440,61,minibatch_k64,text_pca256_lexical_w005
68441,23,minibatch_k64,text_pca256_lexical_w005
68442,61,minibatch_k64,text_pca256_lexical_w005
68443,61,minibatch_k64,text_pca256_lexical_w005
68444,61,minibatch_k64,text_pca256_lexical_w005
68445,62,minibatch_k64,text_pca256_lexical_w005
68446,61,minibatch_k64,text_pca256_lexical_w005
68447,61,minibatch_k64,text_pca256_lexical_w005
68448,4,minibatch_k64,text_pca256_lexical_w005
68449,33,minibatch_k64,text_pca256_lexical_w005
68450,62,minibatch_k64,text_pca256_lexical_w005
68451,61,minibatch_k64,text_pca256_lexical_w005
68452,61,minibatch_k64,text_pca256_lexical_w005
68453,8,minibatch_k64,text_pca256_lexical_w005
68454,61,minibatch_k64,text_pca256_lexical_w005
68455,61,minibatch_k64,text_pca256_lexical_w005
68456,0,minibatch_k64,text_pca256_lexical_w005
68457,61,minibatch_k64,text_pca256_lexical_w005
68458,10,minibatch_k64,text_pca256_lexical_w005
68459,61,minibatch_k64,text_pca256_lexical_w005
68460,61,minibatch_k64,text_pca256_lexical_w005
68461,61,minibatch_k64,text_pca256_lexical_w005
68462,61,minibatch_k64,text_pca256_lexical_w005
68463,23,minibatch_k64,text_pca256_lexical_w005
68464,23,minibatch_k64,text_pca256_lexical_w005
68465,61,minibatch_k64,text_pca256_lexical_w005
68466,10,minibatch_k64,text_pca256_lexical_w005
68467,61,minibatch_k64,text_pca256_lexical_w005
68468,61,minibatch_k64,text_pca256_lexical_w005
68469,0,minibatch_k64,text_pca256_lexical_w005
68470,61,minibatch_k64,text_pca256_lexical_w005
68471,61,minibatch_k64,text_pca256_lexical_w005
68472,0,minibatch_k64,text_pca256_lexical_w005
68473,62,minibatch_k64,text_pca256_lexical_w005
68474,61,minibatch_k64,text_pca256_lexical_w005
68475,61,minibatch_k64,text_pca256_lexical_w005
68476,0,minibatch_k64,text_pca256_lexical_w005
68477,23,minibatch_k64,text_pca256_lexical_w005
68478,61,minibatch_k64,text_pca256_lexical_w005
68479,61,minibatch_k64,text_pca256_lexical_w005
68480,62,minibatch_k64,text_pca256_lexical_w005
68481,59,minibatch_k64,text_pca256_lexical_w005
68482,23,minibatch_k64,text_pca256_lexical_w005
68483,23,minibatch_k64,text_pca256_lexical_w005
68484,23,minibatch_k64,text_pca256_lexical_w005
68485,23,minibatch_k64,text_pca256_lexical_w005
68486,61,minibatch_k64,text_pca256_lexical_w005
68487,23,minibatch_k64,text_pca256_lexical_w005
68488,0,minibatch_k64,text_pca256_lexical_w005
68489,61,minibatch_k64,text_pca256_lexical_w005
68490,15,minibatch_k64,text_pca256_lexical_w005
68491,0,minibatch_k64,text_pca256_lexical_w005
68492,10,minibatch_k64,text_pca256_lexical_w005
68493,23,minibatch_k64,text_pca256_lexical_w005
68494,23,minibatch_k64,text_pca256_lexical_w005
68495,0,minibatch_k64,text_pca256_lexical_w005
68496,59,minibatch_k64,text_pca256_lexical_w005
68497,0,minibatch_k64,text_pca256_lexical_w005
68498,0,minibatch_k64,text_pca256_lexical_w005
68499,23,minibatch_k64,text_pca256_lexical_w005
68500,8,minibatch_k64,text_pca256_lexical_w005
68501,10,minibatch_k64,text_pca256_lexical_w005
68502,21,minibatch_k64,text_pca256_lexical_w005
68503,23,minibatch_k64,text_pca256_lexical_w005
68504,38,minibatch_k64,text_pca256_lexical_w005
68505,45,minibatch_k64,text_pca256_lexical_w005
68506,58,minibatch_k64,text_pca256_lexical_w005
68507,45,minibatch_k64,text_pca256_lexical_w005
68508,45,minibatch_k64,text_pca256_lexical_w005
68509,55,minibatch_k64,text_pca256_lexical_w005
68510,13,minibatch_k64,text_pca256_lexical_w005
68511,4,minibatch_k64,text_pca256_lexical_w005
68512,0,minibatch_k64,text_pca256_lexical_w005
68513,62,minibatch_k64,text_pca256_lexical_w005
68514,23,minibatch_k64,text_pca256_lexical_w005
68515,15,minibatch_k64,text_pca256_lexical_w005
68516,23,minibatch_k64,text_pca256_lexical_w005
68517,62,minibatch_k64,text_pca256_lexical_w005
68518,33,minibatch_k64,text_pca256_lexical_w005
68519,23,minibatch_k64,text_pca256_lexical_w005
68520,23,minibatch_k64,text_pca256_lexical_w005
68521,23,minibatch_k64,text_pca256_lexical_w005
68522,21,minibatch_k64,text_pca256_lexical_w005
68523,23,minibatch_k64,text_pca256_lexical_w005
68524,23,minibatch_k64,text_pca256_lexical_w005
68525,0,minibatch_k64,text_pca256_lexical_w005
68526,8,minibatch_k64,text_pca256_lexical_w005
68527,8,minibatch_k64,text_pca256_lexical_w005
68528,23,minibatch_k64,text_pca256_lexical_w005
68529,15,minibatch_k64,text_pca256_lexical_w005
68530,23,minibatch_k64,text_pca256_lexical_w005
68531,8,minibatch_k64,text_pca256_lexical_w005
68532,62,minibatch_k64,text_pca256_lexical_w005
68533,23,minibatch_k64,text_pca256_lexical_w005
68534,0,minibatch_k64,text_pca256_lexical_w005
68535,23,minibatch_k64,text_pca256_lexical_w005
68536,23,minibatch_k64,text_pca256_lexical_w005
68537,58,minibatch_k64,text_pca256_lexical_w005
68538,58,minibatch_k64,text_pca256_lexical_w005
68539,63,minibatch_k64,text_pca256_lexical_w005
68540,4,minibatch_k64,text_pca256_lexical_w005
68541,23,minibatch_k64,text_pca256_lexical_w005
68542,10,minibatch_k64,text_pca256_lexical_w005
68543,15,minibatch_k64,text_pca256_lexical_w005
68544,23,minibatch_k64,text_pca256_lexical_w005
68545,48,minibatch_k64,text_pca256_lexical_w005
68546,62,minibatch_k64,text_pca256_lexical_w005
68547,23,minibatch_k64,text_pca256_lexical_w005
68548,8,minibatch_k64,text_pca256_lexical_w005
68549,2,minibatch_k64,text_pca256_lexical_w005
68550,5,minibatch_k64,text_pca256_lexical_w005
68551,23,minibatch_k64,text_pca256_lexical_w005
68552,62,minibatch_k64,text_pca256_lexical_w005
68553,23,minibatch_k64,text_pca256_lexical_w005
68554,8,minibatch_k64,text_pca256_lexical_w005
68555,8,minibatch_k64,text_pca256_lexical_w005
68556,21,minibatch_k64,text_pca256_lexical_w005
68557,45,minibatch_k64,text_pca256_lexical_w005
68558,0,minibatch_k64,text_pca256_lexical_w005
68559,58,minibatch_k64,text_pca256_lexical_w005
68560,58,minibatch_k64,text_pca256_lexical_w005
68561,23,minibatch_k64,text_pca256_lexical_w005
68562,45,minibatch_k64,text_pca256_lexical_w005
68563,55,minibatch_k64,text_pca256_lexical_w005
68564,23,minibatch_k64,text_pca256_lexical_w005
68565,63,minibatch_k64,text_pca256_lexical_w005
68566,0,minibatch_k64,text_pca256_lexical_w005
68567,15,minibatch_k64,text_pca256_lexical_w005
68568,8,minibatch_k64,text_pca256_lexical_w005
68569,15,minibatch_k64,text_pca256_lexical_w005
68570,10,minibatch_k64,text_pca256_lexical_w005
68571,48,minibatch_k64,text_pca256_lexical_w005
68572,62,minibatch_k64,text_pca256_lexical_w005
68573,0,minibatch_k64,text_pca256_lexical_w005
68574,40,minibatch_k64,text_pca256_lexical_w005
68575,23,minibatch_k64,text_pca256_lexical_w005
68576,23,minibatch_k64,text_pca256_lexical_w005
68577,23,minibatch_k64,text_pca256_lexical_w005
68578,23,minibatch_k64,text_pca256_lexical_w005
68579,33,minibatch_k64,text_pca256_lexical_w005
68580,2,minibatch_k64,text_pca256_lexical_w005
68581,23,minibatch_k64,text_pca256_lexical_w005
68582,48,minibatch_k64,text_pca256_lexical_w005
68583,0,minibatch_k64,text_pca256_lexical_w005
68584,12,minibatch_k64,text_pca256_lexical_w005
68585,40,minibatch_k64,text_pca256_lexical_w005
68586,15,minibatch_k64,text_pca256_lexical_w005
68587,40,minibatch_k64,text_pca256_lexical_w005
68588,23,minibatch_k64,text_pca256_lexical_w005
68589,0,minibatch_k64,text_pca256_lexical_w005
68590,23,minibatch_k64,text_pca256_lexical_w005
68591,0,minibatch_k64,text_pca256_lexical_w005
68592,0,minibatch_k64,text_pca256_lexical_w005
68593,0,minibatch_k64,text_pca256_lexical_w005
68594,8,minibatch_k64,text_pca256_lexical_w005
68595,8,minibatch_k64,text_pca256_lexical_w005
68596,23,minibatch_k64,text_pca256_lexical_w005
68597,62,minibatch_k64,text_pca256_lexical_w005
68598,23,minibatch_k64,text_pca256_lexical_w005
68599,0,minibatch_k64,text_pca256_lexical_w005
68600,62,minibatch_k64,text_pca256_lexical_w005
68601,23,minibatch_k64,text_pca256_lexical_w005
68602,0,minibatch_k64,text_pca256_lexical_w005
68603,62,minibatch_k64,text_pca256_lexical_w005
68604,10,minibatch_k64,text_pca256_lexical_w005
68605,0,minibatch_k64,text_pca256_lexical_w005
68606,62,minibatch_k64,text_pca256_lexical_w005
68607,45,minibatch_k64,text_pca256_lexical_w005
68608,23,minibatch_k64,text_pca256_lexical_w005
68609,38,minibatch_k64,text_pca256_lexical_w005
68610,58,minibatch_k64,text_pca256_lexical_w005
68611,45,minibatch_k64,text_pca256_lexical_w005
68612,62,minibatch_k64,text_pca256_lexical_w005
68613,55,minibatch_k64,text_pca256_lexical_w005
68614,22,minibatch_k64,text_pca256_lexical_w005
68615,5,minibatch_k64,text_pca256_lexical_w005
68616,4,minibatch_k64,text_pca256_lexical_w005
68617,62,minibatch_k64,text_pca256_lexical_w005
68618,62,minibatch_k64,text_pca256_lexical_w005
68619,23,minibatch_k64,text_pca256_lexical_w005
68620,23,minibatch_k64,text_pca256_lexical_w005
68621,4,minibatch_k64,text_pca256_lexical_w005
68622,23,minibatch_k64,text_pca256_lexical_w005
68623,23,minibatch_k64,text_pca256_lexical_w005
68624,4,minibatch_k64,text_pca256_lexical_w005
68625,62,minibatch_k64,text_pca256_lexical_w005
68626,59,minibatch_k64,text_pca256_lexical_w005
68627,50,minibatch_k64,text_pca256_lexical_w005
68628,50,minibatch_k64,text_pca256_lexical_w005
68629,62,minibatch_k64,text_pca256_lexical_w005
68630,23,minibatch_k64,text_pca256_lexical_w005
68631,15,minibatch_k64,text_pca256_lexical_w005
68632,0,minibatch_k64,text_pca256_lexical_w005
68633,15,minibatch_k64,text_pca256_lexical_w005
68634,61,minibatch_k64,text_pca256_lexical_w005
68635,23,minibatch_k64,text_pca256_lexical_w005
68636,0,minibatch_k64,text_pca256_lexical_w005
68637,62,minibatch_k64,text_pca256_lexical_w005
68638,61,minibatch_k64,text_pca256_lexical_w005
68639,33,minibatch_k64,text_pca256_lexical_w005
68640,62,minibatch_k64,text_pca256_lexical_w005
68641,0,minibatch_k64,text_pca256_lexical_w005
68642,61,minibatch_k64,text_pca256_lexical_w005
68643,61,minibatch_k64,text_pca256_lexical_w005
68644,0,minibatch_k64,text_pca256_lexical_w005
68645,61,minibatch_k64,text_pca256_lexical_w005
68646,0,minibatch_k64,text_pca256_lexical_w005
68647,0,minibatch_k64,text_pca256_lexical_w005
68648,5,minibatch_k64,text_pca256_lexical_w005
68649,10,minibatch_k64,text_pca256_lexical_w005
68650,10,minibatch_k64,text_pca256_lexical_w005
68651,23,minibatch_k64,text_pca256_lexical_w005
68652,23,minibatch_k64,text_pca256_lexical_w005
68653,10,minibatch_k64,text_pca256_lexical_w005
68654,4,minibatch_k64,text_pca256_lexical_w005
68655,23,minibatch_k64,text_pca256_lexical_w005
68656,2,minibatch_k64,text_pca256_lexical_w005
68657,23,minibatch_k64,text_pca256_lexical_w005
68658,50,minibatch_k64,text_pca256_lexical_w005
68659,10,minibatch_k64,text_pca256_lexical_w005
68660,10,minibatch_k64,text_pca256_lexical_w005
68661,23,minibatch_k64,text_pca256_lexical_w005
68662,45,minibatch_k64,text_pca256_lexical_w005
68663,18,minibatch_k64,text_pca256_lexical_w005
68664,39,minibatch_k64,text_pca256_lexical_w005
68665,23,minibatch_k64,text_pca256_lexical_w005
68666,23,minibatch_k64,text_pca256_lexical_w005
68667,23,minibatch_k64,text_pca256_lexical_w005
68668,33,minibatch_k64,text_pca256_lexical_w005
68669,33,minibatch_k64,text_pca256_lexical_w005
68670,62,minibatch_k64,text_pca256_lexical_w005
68671,0,minibatch_k64,text_pca256_lexical_w005
68672,23,minibatch_k64,text_pca256_lexical_w005
68673,0,minibatch_k64,text_pca256_lexical_w005
68674,23,minibatch_k64,text_pca256_lexical_w005
68675,62,minibatch_k64,text_pca256_lexical_w005
68676,8,minibatch_k64,text_pca256_lexical_w005
68677,39,minibatch_k64,text_pca256_lexical_w005
68678,23,minibatch_k64,text_pca256_lexical_w005
68679,23,minibatch_k64,text_pca256_lexical_w005
68680,33,minibatch_k64,text_pca256_lexical_w005
68681,15,minibatch_k64,text_pca256_lexical_w005
68682,0,minibatch_k64,text_pca256_lexical_w005
68683,23,minibatch_k64,text_pca256_lexical_w005
68684,23,minibatch_k64,text_pca256_lexical_w005
68685,2,minibatch_k64,text_pca256_lexical_w005
68686,59,minibatch_k64,text_pca256_lexical_w005
68687,58,minibatch_k64,text_pca256_lexical_w005
68688,45,minibatch_k64,text_pca256_lexical_w005
68689,55,minibatch_k64,text_pca256_lexical_w005
68690,22,minibatch_k64,text_pca256_lexical_w005
68691,5,minibatch_k64,text_pca256_lexical_w005
68692,62,minibatch_k64,text_pca256_lexical_w005
68693,5,minibatch_k64,text_pca256_lexical_w005
68694,23,minibatch_k64,text_pca256_lexical_w005
68695,62,minibatch_k64,text_pca256_lexical_w005
68696,23,minibatch_k64,text_pca256_lexical_w005
68697,4,minibatch_k64,text_pca256_lexical_w005
68698,0,minibatch_k64,text_pca256_lexical_w005
68699,39,minibatch_k64,text_pca256_lexical_w005
68700,57,minibatch_k64,text_pca256_lexical_w005
68701,11,minibatch_k64,text_pca256_lexical_w005
68702,57,minibatch_k64,text_pca256_lexical_w005
68703,8,minibatch_k64,text_pca256_lexical_w005
68704,62,minibatch_k64,text_pca256_lexical_w005
68705,42,minibatch_k64,text_pca256_lexical_w005
68706,23,minibatch_k64,text_pca256_lexical_w005
68707,62,minibatch_k64,text_pca256_lexical_w005
68708,0,minibatch_k64,text_pca256_lexical_w005
68709,33,minibatch_k64,text_pca256_lexical_w005
68710,15,minibatch_k64,text_pca256_lexical_w005
68711,38,minibatch_k64,text_pca256_lexical_w005
68712,45,minibatch_k64,text_pca256_lexical_w005
68713,55,minibatch_k64,text_pca256_lexical_w005
68714,22,minibatch_k64,text_pca256_lexical_w005
68715,53,minibatch_k64,text_pca256_lexical_w005
68716,33,minibatch_k64,text_pca256_lexical_w005
68717,33,minibatch_k64,text_pca256_lexical_w005
68718,62,minibatch_k64,text_pca256_lexical_w005
68719,23,minibatch_k64,text_pca256_lexical_w005
68720,15,minibatch_k64,text_pca256_lexical_w005
68721,0,minibatch_k64,text_pca256_lexical_w005
68722,23,minibatch_k64,text_pca256_lexical_w005
68723,0,minibatch_k64,text_pca256_lexical_w005
68724,0,minibatch_k64,text_pca256_lexical_w005
68725,0,minibatch_k64,text_pca256_lexical_w005
68726,21,minibatch_k64,text_pca256_lexical_w005
68727,23,minibatch_k64,text_pca256_lexical_w005
68728,23,minibatch_k64,text_pca256_lexical_w005
68729,8,minibatch_k64,text_pca256_lexical_w005
68730,23,minibatch_k64,text_pca256_lexical_w005
68731,20,minibatch_k64,text_pca256_lexical_w005
68732,0,minibatch_k64,text_pca256_lexical_w005
68733,15,minibatch_k64,text_pca256_lexical_w005
68734,38,minibatch_k64,text_pca256_lexical_w005
68735,45,minibatch_k64,text_pca256_lexical_w005
68736,55,minibatch_k64,text_pca256_lexical_w005
68737,63,minibatch_k64,text_pca256_lexical_w005
68738,0,minibatch_k64,text_pca256_lexical_w005
68739,15,minibatch_k64,text_pca256_lexical_w005
68740,2,minibatch_k64,text_pca256_lexical_w005
68741,0,minibatch_k64,text_pca256_lexical_w005
68742,0,minibatch_k64,text_pca256_lexical_w005
68743,8,minibatch_k64,text_pca256_lexical_w005
68744,62,minibatch_k64,text_pca256_lexical_w005
68745,38,minibatch_k64,text_pca256_lexical_w005
68746,45,minibatch_k64,text_pca256_lexical_w005
68747,23,minibatch_k64,text_pca256_lexical_w005
68748,36,minibatch_k64,text_pca256_lexical_w005
68749,55,minibatch_k64,text_pca256_lexical_w005
68750,63,minibatch_k64,text_pca256_lexical_w005
68751,10,minibatch_k64,text_pca256_lexical_w005
68752,23,minibatch_k64,text_pca256_lexical_w005
68753,23,minibatch_k64,text_pca256_lexical_w005
68754,23,minibatch_k64,text_pca256_lexical_w005
68755,15,minibatch_k64,text_pca256_lexical_w005
68756,23,minibatch_k64,text_pca256_lexical_w005
68757,23,minibatch_k64,text_pca256_lexical_w005
68758,10,minibatch_k64,text_pca256_lexical_w005
68759,23,minibatch_k64,text_pca256_lexical_w005
68760,23,minibatch_k64,text_pca256_lexical_w005
68761,15,minibatch_k64,text_pca256_lexical_w005
68762,10,minibatch_k64,text_pca256_lexical_w005
68763,0,minibatch_k64,text_pca256_lexical_w005
68764,50,minibatch_k64,text_pca256_lexical_w005
68765,23,minibatch_k64,text_pca256_lexical_w005
68766,23,minibatch_k64,text_pca256_lexical_w005
68767,15,minibatch_k64,text_pca256_lexical_w005
68768,15,minibatch_k64,text_pca256_lexical_w005
68769,23,minibatch_k64,text_pca256_lexical_w005
68770,23,minibatch_k64,text_pca256_lexical_w005
68771,23,minibatch_k64,text_pca256_lexical_w005
68772,15,minibatch_k64,text_pca256_lexical_w005
68773,15,minibatch_k64,text_pca256_lexical_w005
68774,23,minibatch_k64,text_pca256_lexical_w005
68775,0,minibatch_k64,text_pca256_lexical_w005
68776,15,minibatch_k64,text_pca256_lexical_w005
68777,8,minibatch_k64,text_pca256_lexical_w005
68778,23,minibatch_k64,text_pca256_lexical_w005
68779,23,minibatch_k64,text_pca256_lexical_w005
68780,8,minibatch_k64,text_pca256_lexical_w005
68781,45,minibatch_k64,text_pca256_lexical_w005
68782,23,minibatch_k64,text_pca256_lexical_w005
68783,38,minibatch_k64,text_pca256_lexical_w005
68784,23,minibatch_k64,text_pca256_lexical_w005
68785,10,minibatch_k64,text_pca256_lexical_w005
68786,45,minibatch_k64,text_pca256_lexical_w005
68787,39,minibatch_k64,text_pca256_lexical_w005
68788,8,minibatch_k64,text_pca256_lexical_w005
68789,33,minibatch_k64,text_pca256_lexical_w005
68790,18,minibatch_k64,text_pca256_lexical_w005
68791,32,minibatch_k64,text_pca256_lexical_w005
68792,53,minibatch_k64,text_pca256_lexical_w005
68793,59,minibatch_k64,text_pca256_lexical_w005
68794,0,minibatch_k64,text_pca256_lexical_w005
68795,23,minibatch_k64,text_pca256_lexical_w005
68796,45,minibatch_k64,text_pca256_lexical_w005
68797,38,minibatch_k64,text_pca256_lexical_w005
68798,45,minibatch_k64,text_pca256_lexical_w005
68799,36,minibatch_k64,text_pca256_lexical_w005
68800,55,minibatch_k64,text_pca256_lexical_w005
68801,63,minibatch_k64,text_pca256_lexical_w005
68802,0,minibatch_k64,text_pca256_lexical_w005
68803,23,minibatch_k64,text_pca256_lexical_w005
68804,23,minibatch_k64,text_pca256_lexical_w005
68805,59,minibatch_k64,text_pca256_lexical_w005
68806,23,minibatch_k64,text_pca256_lexical_w005
68807,23,minibatch_k64,text_pca256_lexical_w005
68808,23,minibatch_k64,text_pca256_lexical_w005
68809,23,minibatch_k64,text_pca256_lexical_w005
68810,59,minibatch_k64,text_pca256_lexical_w005
68811,0,minibatch_k64,text_pca256_lexical_w005
68812,23,minibatch_k64,text_pca256_lexical_w005
68813,59,minibatch_k64,text_pca256_lexical_w005
68814,23,minibatch_k64,text_pca256_lexical_w005
68815,42,minibatch_k64,text_pca256_lexical_w005
68816,0,minibatch_k64,text_pca256_lexical_w005
68817,59,minibatch_k64,text_pca256_lexical_w005
68818,21,minibatch_k64,text_pca256_lexical_w005
68819,62,minibatch_k64,text_pca256_lexical_w005
68820,23,minibatch_k64,text_pca256_lexical_w005
68821,45,minibatch_k64,text_pca256_lexical_w005
68822,38,minibatch_k64,text_pca256_lexical_w005
68823,15,minibatch_k64,text_pca256_lexical_w005
68824,36,minibatch_k64,text_pca256_lexical_w005
68825,55,minibatch_k64,text_pca256_lexical_w005
68826,13,minibatch_k64,text_pca256_lexical_w005
68827,0,minibatch_k64,text_pca256_lexical_w005
68828,0,minibatch_k64,text_pca256_lexical_w005
68829,23,minibatch_k64,text_pca256_lexical_w005
68830,23,minibatch_k64,text_pca256_lexical_w005
68831,23,minibatch_k64,text_pca256_lexical_w005
68832,0,minibatch_k64,text_pca256_lexical_w005
68833,23,minibatch_k64,text_pca256_lexical_w005
68834,23,minibatch_k64,text_pca256_lexical_w005
68835,0,minibatch_k64,text_pca256_lexical_w005
68836,18,minibatch_k64,text_pca256_lexical_w005
68837,12,minibatch_k64,text_pca256_lexical_w005
68838,0,minibatch_k64,text_pca256_lexical_w005
68839,45,minibatch_k64,text_pca256_lexical_w005
68840,8,minibatch_k64,text_pca256_lexical_w005
68841,45,minibatch_k64,text_pca256_lexical_w005
68842,23,minibatch_k64,text_pca256_lexical_w005
68843,2,minibatch_k64,text_pca256_lexical_w005
68844,23,minibatch_k64,text_pca256_lexical_w005
68845,23,minibatch_k64,text_pca256_lexical_w005
68846,23,minibatch_k64,text_pca256_lexical_w005
68847,23,minibatch_k64,text_pca256_lexical_w005
68848,45,minibatch_k64,text_pca256_lexical_w005
68849,59,minibatch_k64,text_pca256_lexical_w005
68850,23,minibatch_k64,text_pca256_lexical_w005
68851,45,minibatch_k64,text_pca256_lexical_w005
68852,59,minibatch_k64,text_pca256_lexical_w005
68853,10,minibatch_k64,text_pca256_lexical_w005
68854,59,minibatch_k64,text_pca256_lexical_w005
68855,18,minibatch_k64,text_pca256_lexical_w005
68856,23,minibatch_k64,text_pca256_lexical_w005
68857,23,minibatch_k64,text_pca256_lexical_w005
68858,8,minibatch_k64,text_pca256_lexical_w005
68859,45,minibatch_k64,text_pca256_lexical_w005
68860,45,minibatch_k64,text_pca256_lexical_w005
68861,62,minibatch_k64,text_pca256_lexical_w005
68862,18,minibatch_k64,text_pca256_lexical_w005
68863,23,minibatch_k64,text_pca256_lexical_w005
68864,45,minibatch_k64,text_pca256_lexical_w005
68865,59,minibatch_k64,text_pca256_lexical_w005
68866,39,minibatch_k64,text_pca256_lexical_w005
68867,23,minibatch_k64,text_pca256_lexical_w005
68868,23,minibatch_k64,text_pca256_lexical_w005
68869,8,minibatch_k64,text_pca256_lexical_w005
68870,0,minibatch_k64,text_pca256_lexical_w005
68871,45,minibatch_k64,text_pca256_lexical_w005
68872,59,minibatch_k64,text_pca256_lexical_w005
68873,23,minibatch_k64,text_pca256_lexical_w005
68874,2,minibatch_k64,text_pca256_lexical_w005
68875,0,minibatch_k64,text_pca256_lexical_w005
68876,23,minibatch_k64,text_pca256_lexical_w005
68877,23,minibatch_k64,text_pca256_lexical_w005
68878,0,minibatch_k64,text_pca256_lexical_w005
68879,8,minibatch_k64,text_pca256_lexical_w005
68880,59,minibatch_k64,text_pca256_lexical_w005
68881,23,minibatch_k64,text_pca256_lexical_w005
68882,62,minibatch_k64,text_pca256_lexical_w005
68883,23,minibatch_k64,text_pca256_lexical_w005
68884,59,minibatch_k64,text_pca256_lexical_w005
68885,45,minibatch_k64,text_pca256_lexical_w005
68886,18,minibatch_k64,text_pca256_lexical_w005
68887,10,minibatch_k64,text_pca256_lexical_w005
68888,18,minibatch_k64,text_pca256_lexical_w005
68889,23,minibatch_k64,text_pca256_lexical_w005
68890,59,minibatch_k64,text_pca256_lexical_w005
68891,18,minibatch_k64,text_pca256_lexical_w005
68892,18,minibatch_k64,text_pca256_lexical_w005
68893,62,minibatch_k64,text_pca256_lexical_w005
68894,23,minibatch_k64,text_pca256_lexical_w005
68895,62,minibatch_k64,text_pca256_lexical_w005
68896,18,minibatch_k64,text_pca256_lexical_w005
68897,33,minibatch_k64,text_pca256_lexical_w005
68898,59,minibatch_k64,text_pca256_lexical_w005
68899,23,minibatch_k64,text_pca256_lexical_w005
68900,18,minibatch_k64,text_pca256_lexical_w005
68901,18,minibatch_k64,text_pca256_lexical_w005
68902,10,minibatch_k64,text_pca256_lexical_w005
68903,59,minibatch_k64,text_pca256_lexical_w005
68904,18,minibatch_k64,text_pca256_lexical_w005
68905,18,minibatch_k64,text_pca256_lexical_w005
68906,18,minibatch_k64,text_pca256_lexical_w005
68907,18,minibatch_k64,text_pca256_lexical_w005
68908,59,minibatch_k64,text_pca256_lexical_w005
68909,62,minibatch_k64,text_pca256_lexical_w005
68910,8,minibatch_k64,text_pca256_lexical_w005
68911,59,minibatch_k64,text_pca256_lexical_w005
68912,23,minibatch_k64,text_pca256_lexical_w005
68913,59,minibatch_k64,text_pca256_lexical_w005
68914,59,minibatch_k64,text_pca256_lexical_w005
68915,23,minibatch_k64,text_pca256_lexical_w005
68916,62,minibatch_k64,text_pca256_lexical_w005
68917,23,minibatch_k64,text_pca256_lexical_w005
68918,2,minibatch_k64,text_pca256_lexical_w005
68919,23,minibatch_k64,text_pca256_lexical_w005
68920,23,minibatch_k64,text_pca256_lexical_w005
68921,18,minibatch_k64,text_pca256_lexical_w005
68922,59,minibatch_k64,text_pca256_lexical_w005
68923,33,minibatch_k64,text_pca256_lexical_w005
68924,59,minibatch_k64,text_pca256_lexical_w005
68925,59,minibatch_k64,text_pca256_lexical_w005
68926,23,minibatch_k64,text_pca256_lexical_w005
68927,53,minibatch_k64,text_pca256_lexical_w005
68928,45,minibatch_k64,text_pca256_lexical_w005
68929,18,minibatch_k64,text_pca256_lexical_w005
68930,2,minibatch_k64,text_pca256_lexical_w005
68931,23,minibatch_k64,text_pca256_lexical_w005
68932,59,minibatch_k64,text_pca256_lexical_w005
68933,59,minibatch_k64,text_pca256_lexical_w005
68934,62,minibatch_k64,text_pca256_lexical_w005
68935,59,minibatch_k64,text_pca256_lexical_w005
68936,18,minibatch_k64,text_pca256_lexical_w005
68937,18,minibatch_k64,text_pca256_lexical_w005
68938,18,minibatch_k64,text_pca256_lexical_w005
68939,59,minibatch_k64,text_pca256_lexical_w005
68940,45,minibatch_k64,text_pca256_lexical_w005
68941,59,minibatch_k64,text_pca256_lexical_w005
68942,18,minibatch_k64,text_pca256_lexical_w005
68943,18,minibatch_k64,text_pca256_lexical_w005
68944,0,minibatch_k64,text_pca256_lexical_w005
68945,61,minibatch_k64,text_pca256_lexical_w005
68946,59,minibatch_k64,text_pca256_lexical_w005
68947,45,minibatch_k64,text_pca256_lexical_w005
68948,18,minibatch_k64,text_pca256_lexical_w005
68949,59,minibatch_k64,text_pca256_lexical_w005
68950,59,minibatch_k64,text_pca256_lexical_w005
68951,59,minibatch_k64,text_pca256_lexical_w005
68952,45,minibatch_k64,text_pca256_lexical_w005
68953,23,minibatch_k64,text_pca256_lexical_w005
68954,62,minibatch_k64,text_pca256_lexical_w005
68955,45,minibatch_k64,text_pca256_lexical_w005
68956,18,minibatch_k64,text_pca256_lexical_w005
68957,45,minibatch_k64,text_pca256_lexical_w005
68958,18,minibatch_k64,text_pca256_lexical_w005
68959,59,minibatch_k64,text_pca256_lexical_w005
68960,59,minibatch_k64,text_pca256_lexical_w005
68961,45,minibatch_k64,text_pca256_lexical_w005
68962,45,minibatch_k64,text_pca256_lexical_w005
68963,45,minibatch_k64,text_pca256_lexical_w005
68964,45,minibatch_k64,text_pca256_lexical_w005
68965,18,minibatch_k64,text_pca256_lexical_w005
68966,18,minibatch_k64,text_pca256_lexical_w005
68967,59,minibatch_k64,text_pca256_lexical_w005
68968,62,minibatch_k64,text_pca256_lexical_w005
68969,23,minibatch_k64,text_pca256_lexical_w005
68970,45,minibatch_k64,text_pca256_lexical_w005
68971,18,minibatch_k64,text_pca256_lexical_w005
68972,59,minibatch_k64,text_pca256_lexical_w005
68973,59,minibatch_k64,text_pca256_lexical_w005
68974,45,minibatch_k64,text_pca256_lexical_w005
68975,45,minibatch_k64,text_pca256_lexical_w005
68976,59,minibatch_k64,text_pca256_lexical_w005
68977,59,minibatch_k64,text_pca256_lexical_w005
68978,45,minibatch_k64,text_pca256_lexical_w005
68979,18,minibatch_k64,text_pca256_lexical_w005
68980,45,minibatch_k64,text_pca256_lexical_w005
68981,18,minibatch_k64,text_pca256_lexical_w005
68982,10,minibatch_k64,text_pca256_lexical_w005
68983,59,minibatch_k64,text_pca256_lexical_w005
68984,2,minibatch_k64,text_pca256_lexical_w005
68985,59,minibatch_k64,text_pca256_lexical_w005
68986,45,minibatch_k64,text_pca256_lexical_w005
68987,45,minibatch_k64,text_pca256_lexical_w005
68988,18,minibatch_k64,text_pca256_lexical_w005
68989,59,minibatch_k64,text_pca256_lexical_w005
68990,45,minibatch_k64,text_pca256_lexical_w005
68991,18,minibatch_k64,text_pca256_lexical_w005
68992,59,minibatch_k64,text_pca256_lexical_w005
68993,45,minibatch_k64,text_pca256_lexical_w005
68994,45,minibatch_k64,text_pca256_lexical_w005
68995,18,minibatch_k64,text_pca256_lexical_w005
68996,45,minibatch_k64,text_pca256_lexical_w005
68997,59,minibatch_k64,text_pca256_lexical_w005
68998,45,minibatch_k64,text_pca256_lexical_w005
68999,45,minibatch_k64,text_pca256_lexical_w005
69000,27,minibatch_k64,text_pca256_lexical_w005
69001,0,minibatch_k64,text_pca256_lexical_w005
69002,45,minibatch_k64,text_pca256_lexical_w005
69003,23,minibatch_k64,text_pca256_lexical_w005
69004,39,minibatch_k64,text_pca256_lexical_w005
69005,8,minibatch_k64,text_pca256_lexical_w005
69006,0,minibatch_k64,text_pca256_lexical_w005
69007,45,minibatch_k64,text_pca256_lexical_w005
69008,8,minibatch_k64,text_pca256_lexical_w005
69009,8,minibatch_k64,text_pca256_lexical_w005
69010,62,minibatch_k64,text_pca256_lexical_w005
69011,15,minibatch_k64,text_pca256_lexical_w005
69012,59,minibatch_k64,text_pca256_lexical_w005
69013,59,minibatch_k64,text_pca256_lexical_w005
69014,23,minibatch_k64,text_pca256_lexical_w005
69015,0,minibatch_k64,text_pca256_lexical_w005
69016,45,minibatch_k64,text_pca256_lexical_w005
69017,18,minibatch_k64,text_pca256_lexical_w005
69018,59,minibatch_k64,text_pca256_lexical_w005
69019,59,minibatch_k64,text_pca256_lexical_w005
69020,59,minibatch_k64,text_pca256_lexical_w005
69021,59,minibatch_k64,text_pca256_lexical_w005
69022,59,minibatch_k64,text_pca256_lexical_w005
69023,18,minibatch_k64,text_pca256_lexical_w005
69024,23,minibatch_k64,text_pca256_lexical_w005
69025,23,minibatch_k64,text_pca256_lexical_w005
69026,0,minibatch_k64,text_pca256_lexical_w005
69027,0,minibatch_k64,text_pca256_lexical_w005
69028,45,minibatch_k64,text_pca256_lexical_w005
69029,0,minibatch_k64,text_pca256_lexical_w005
69030,0,minibatch_k64,text_pca256_lexical_w005
69031,8,minibatch_k64,text_pca256_lexical_w005
69032,0,minibatch_k64,text_pca256_lexical_w005
69033,0,minibatch_k64,text_pca256_lexical_w005
69034,59,minibatch_k64,text_pca256_lexical_w005
69035,0,minibatch_k64,text_pca256_lexical_w005
69036,0,minibatch_k64,text_pca256_lexical_w005
69037,62,minibatch_k64,text_pca256_lexical_w005
69038,8,minibatch_k64,text_pca256_lexical_w005
69039,42,minibatch_k64,text_pca256_lexical_w005
69040,39,minibatch_k64,text_pca256_lexical_w005
69041,23,minibatch_k64,text_pca256_lexical_w005
69042,45,minibatch_k64,text_pca256_lexical_w005
69043,59,minibatch_k64,text_pca256_lexical_w005
69044,45,minibatch_k64,text_pca256_lexical_w005
69045,62,minibatch_k64,text_pca256_lexical_w005
69046,45,minibatch_k64,text_pca256_lexical_w005
69047,45,minibatch_k64,text_pca256_lexical_w005
69048,0,minibatch_k64,text_pca256_lexical_w005
69049,0,minibatch_k64,text_pca256_lexical_w005
69050,53,minibatch_k64,text_pca256_lexical_w005
69051,45,minibatch_k64,text_pca256_lexical_w005
69052,59,minibatch_k64,text_pca256_lexical_w005
69053,10,minibatch_k64,text_pca256_lexical_w005
69054,2,minibatch_k64,text_pca256_lexical_w005
69055,45,minibatch_k64,text_pca256_lexical_w005
69056,45,minibatch_k64,text_pca256_lexical_w005
69057,8,minibatch_k64,text_pca256_lexical_w005
69058,45,minibatch_k64,text_pca256_lexical_w005
69059,0,minibatch_k64,text_pca256_lexical_w005
69060,45,minibatch_k64,text_pca256_lexical_w005
69061,27,minibatch_k64,text_pca256_lexical_w005
69062,59,minibatch_k64,text_pca256_lexical_w005
69063,62,minibatch_k64,text_pca256_lexical_w005
69064,62,minibatch_k64,text_pca256_lexical_w005
69065,8,minibatch_k64,text_pca256_lexical_w005
69066,8,minibatch_k64,text_pca256_lexical_w005
69067,23,minibatch_k64,text_pca256_lexical_w005
69068,15,minibatch_k64,text_pca256_lexical_w005
69069,8,minibatch_k64,text_pca256_lexical_w005
69070,0,minibatch_k64,text_pca256_lexical_w005
69071,59,minibatch_k64,text_pca256_lexical_w005
69072,23,minibatch_k64,text_pca256_lexical_w005
69073,10,minibatch_k64,text_pca256_lexical_w005
69074,10,minibatch_k64,text_pca256_lexical_w005
69075,45,minibatch_k64,text_pca256_lexical_w005
69076,0,minibatch_k64,text_pca256_lexical_w005
69077,59,minibatch_k64,text_pca256_lexical_w005
69078,59,minibatch_k64,text_pca256_lexical_w005
69079,10,minibatch_k64,text_pca256_lexical_w005
69080,45,minibatch_k64,text_pca256_lexical_w005
69081,27,minibatch_k64,text_pca256_lexical_w005
69082,8,minibatch_k64,text_pca256_lexical_w005
69083,59,minibatch_k64,text_pca256_lexical_w005
69084,8,minibatch_k64,text_pca256_lexical_w005
69085,59,minibatch_k64,text_pca256_lexical_w005
69086,2,minibatch_k64,text_pca256_lexical_w005
69087,10,minibatch_k64,text_pca256_lexical_w005
69088,0,minibatch_k64,text_pca256_lexical_w005
69089,59,minibatch_k64,text_pca256_lexical_w005
69090,45,minibatch_k64,text_pca256_lexical_w005
69091,59,minibatch_k64,text_pca256_lexical_w005
69092,59,minibatch_k64,text_pca256_lexical_w005
69093,0,minibatch_k64,text_pca256_lexical_w005
69094,27,minibatch_k64,text_pca256_lexical_w005
69095,8,minibatch_k64,text_pca256_lexical_w005
69096,27,minibatch_k64,text_pca256_lexical_w005
69097,59,minibatch_k64,text_pca256_lexical_w005
69098,59,minibatch_k64,text_pca256_lexical_w005
69099,0,minibatch_k64,text_pca256_lexical_w005
69100,0,minibatch_k64,text_pca256_lexical_w005
69101,62,minibatch_k64,text_pca256_lexical_w005
69102,27,minibatch_k64,text_pca256_lexical_w005
69103,59,minibatch_k64,text_pca256_lexical_w005
69104,10,minibatch_k64,text_pca256_lexical_w005
69105,15,minibatch_k64,text_pca256_lexical_w005
69106,27,minibatch_k64,text_pca256_lexical_w005
69107,8,minibatch_k64,text_pca256_lexical_w005
69108,0,minibatch_k64,text_pca256_lexical_w005
69109,34,minibatch_k64,text_pca256_lexical_w005
69110,59,minibatch_k64,text_pca256_lexical_w005
69111,0,minibatch_k64,text_pca256_lexical_w005
69112,15,minibatch_k64,text_pca256_lexical_w005
69113,50,minibatch_k64,text_pca256_lexical_w005
69114,50,minibatch_k64,text_pca256_lexical_w005
69115,8,minibatch_k64,text_pca256_lexical_w005
69116,40,minibatch_k64,text_pca256_lexical_w005
69117,0,minibatch_k64,text_pca256_lexical_w005
69118,4,minibatch_k64,text_pca256_lexical_w005
69119,62,minibatch_k64,text_pca256_lexical_w005
69120,8,minibatch_k64,text_pca256_lexical_w005
69121,8,minibatch_k64,text_pca256_lexical_w005
69122,0,minibatch_k64,text_pca256_lexical_w005
69123,62,minibatch_k64,text_pca256_lexical_w005
69124,45,minibatch_k64,text_pca256_lexical_w005
69125,62,minibatch_k64,text_pca256_lexical_w005
69126,42,minibatch_k64,text_pca256_lexical_w005
69127,15,minibatch_k64,text_pca256_lexical_w005
69128,21,minibatch_k64,text_pca256_lexical_w005
69129,62,minibatch_k64,text_pca256_lexical_w005
69130,29,minibatch_k64,text_pca256_lexical_w005
69131,5,minibatch_k64,text_pca256_lexical_w005
69132,0,minibatch_k64,text_pca256_lexical_w005
69133,23,minibatch_k64,text_pca256_lexical_w005
69134,39,minibatch_k64,text_pca256_lexical_w005
69135,29,minibatch_k64,text_pca256_lexical_w005
69136,4,minibatch_k64,text_pca256_lexical_w005
69137,4,minibatch_k64,text_pca256_lexical_w005
69138,5,minibatch_k64,text_pca256_lexical_w005
69139,62,minibatch_k64,text_pca256_lexical_w005
69140,5,minibatch_k64,text_pca256_lexical_w005
69141,62,minibatch_k64,text_pca256_lexical_w005
69142,33,minibatch_k64,text_pca256_lexical_w005
69143,4,minibatch_k64,text_pca256_lexical_w005
69144,46,minibatch_k64,text_pca256_lexical_w005
69145,4,minibatch_k64,text_pca256_lexical_w005
69146,4,minibatch_k64,text_pca256_lexical_w005
69147,33,minibatch_k64,text_pca256_lexical_w005
69148,4,minibatch_k64,text_pca256_lexical_w005
69149,23,minibatch_k64,text_pca256_lexical_w005
69150,0,minibatch_k64,text_pca256_lexical_w005
69151,4,minibatch_k64,text_pca256_lexical_w005
69152,62,minibatch_k64,text_pca256_lexical_w005
69153,8,minibatch_k64,text_pca256_lexical_w005
69154,62,minibatch_k64,text_pca256_lexical_w005
69155,62,minibatch_k64,text_pca256_lexical_w005
69156,4,minibatch_k64,text_pca256_lexical_w005
69157,62,minibatch_k64,text_pca256_lexical_w005
69158,23,minibatch_k64,text_pca256_lexical_w005
69159,8,minibatch_k64,text_pca256_lexical_w005
69160,23,minibatch_k64,text_pca256_lexical_w005
69161,8,minibatch_k64,text_pca256_lexical_w005
69162,8,minibatch_k64,text_pca256_lexical_w005
69163,8,minibatch_k64,text_pca256_lexical_w005
69164,23,minibatch_k64,text_pca256_lexical_w005
69165,0,minibatch_k64,text_pca256_lexical_w005
69166,0,minibatch_k64,text_pca256_lexical_w005
69167,0,minibatch_k64,text_pca256_lexical_w005
69168,0,minibatch_k64,text_pca256_lexical_w005
69169,10,minibatch_k64,text_pca256_lexical_w005
69170,23,minibatch_k64,text_pca256_lexical_w005
69171,21,minibatch_k64,text_pca256_lexical_w005
69172,62,minibatch_k64,text_pca256_lexical_w005
69173,42,minibatch_k64,text_pca256_lexical_w005
69174,0,minibatch_k64,text_pca256_lexical_w005
69175,5,minibatch_k64,text_pca256_lexical_w005
69176,59,minibatch_k64,text_pca256_lexical_w005
69177,62,minibatch_k64,text_pca256_lexical_w005
69178,5,minibatch_k64,text_pca256_lexical_w005
69179,5,minibatch_k64,text_pca256_lexical_w005
69180,45,minibatch_k64,text_pca256_lexical_w005
69181,10,minibatch_k64,text_pca256_lexical_w005
69182,21,minibatch_k64,text_pca256_lexical_w005
69183,45,minibatch_k64,text_pca256_lexical_w005
69184,45,minibatch_k64,text_pca256_lexical_w005
69185,5,minibatch_k64,text_pca256_lexical_w005
69186,5,minibatch_k64,text_pca256_lexical_w005
69187,8,minibatch_k64,text_pca256_lexical_w005
69188,62,minibatch_k64,text_pca256_lexical_w005
69189,42,minibatch_k64,text_pca256_lexical_w005
69190,2,minibatch_k64,text_pca256_lexical_w005
69191,4,minibatch_k64,text_pca256_lexical_w005
69192,5,minibatch_k64,text_pca256_lexical_w005
69193,5,minibatch_k64,text_pca256_lexical_w005
69194,4,minibatch_k64,text_pca256_lexical_w005
69195,62,minibatch_k64,text_pca256_lexical_w005
69196,0,minibatch_k64,text_pca256_lexical_w005
69197,4,minibatch_k64,text_pca256_lexical_w005
69198,62,minibatch_k64,text_pca256_lexical_w005
69199,62,minibatch_k64,text_pca256_lexical_w005
69200,0,minibatch_k64,text_pca256_lexical_w005
69201,62,minibatch_k64,text_pca256_lexical_w005
69202,42,minibatch_k64,text_pca256_lexical_w005
69203,15,minibatch_k64,text_pca256_lexical_w005
69204,15,minibatch_k64,text_pca256_lexical_w005
69205,39,minibatch_k64,text_pca256_lexical_w005
69206,50,minibatch_k64,text_pca256_lexical_w005
69207,39,minibatch_k64,text_pca256_lexical_w005
69208,8,minibatch_k64,text_pca256_lexical_w005
69209,8,minibatch_k64,text_pca256_lexical_w005
69210,8,minibatch_k64,text_pca256_lexical_w005
69211,15,minibatch_k64,text_pca256_lexical_w005
69212,0,minibatch_k64,text_pca256_lexical_w005
69213,33,minibatch_k64,text_pca256_lexical_w005
69214,0,minibatch_k64,text_pca256_lexical_w005
69215,10,minibatch_k64,text_pca256_lexical_w005
69216,0,minibatch_k64,text_pca256_lexical_w005
69217,62,minibatch_k64,text_pca256_lexical_w005
69218,25,minibatch_k64,text_pca256_lexical_w005
69219,5,minibatch_k64,text_pca256_lexical_w005
69220,5,minibatch_k64,text_pca256_lexical_w005
69221,15,minibatch_k64,text_pca256_lexical_w005
69222,15,minibatch_k64,text_pca256_lexical_w005
69223,10,minibatch_k64,text_pca256_lexical_w005
69224,0,minibatch_k64,text_pca256_lexical_w005
69225,46,minibatch_k64,text_pca256_lexical_w005
69226,15,minibatch_k64,text_pca256_lexical_w005
69227,0,minibatch_k64,text_pca256_lexical_w005
69228,8,minibatch_k64,text_pca256_lexical_w005
69229,0,minibatch_k64,text_pca256_lexical_w005
69230,0,minibatch_k64,text_pca256_lexical_w005
69231,39,minibatch_k64,text_pca256_lexical_w005
69232,58,minibatch_k64,text_pca256_lexical_w005
69233,62,minibatch_k64,text_pca256_lexical_w005
69234,38,minibatch_k64,text_pca256_lexical_w005
69235,62,minibatch_k64,text_pca256_lexical_w005
69236,45,minibatch_k64,text_pca256_lexical_w005
69237,55,minibatch_k64,text_pca256_lexical_w005
69238,23,minibatch_k64,text_pca256_lexical_w005
69239,10,minibatch_k64,text_pca256_lexical_w005
69240,54,minibatch_k64,text_pca256_lexical_w005
69241,62,minibatch_k64,text_pca256_lexical_w005
69242,4,minibatch_k64,text_pca256_lexical_w005
69243,5,minibatch_k64,text_pca256_lexical_w005
69244,4,minibatch_k64,text_pca256_lexical_w005
69245,5,minibatch_k64,text_pca256_lexical_w005
69246,23,minibatch_k64,text_pca256_lexical_w005
69247,45,minibatch_k64,text_pca256_lexical_w005
69248,15,minibatch_k64,text_pca256_lexical_w005
69249,4,minibatch_k64,text_pca256_lexical_w005
69250,4,minibatch_k64,text_pca256_lexical_w005
69251,10,minibatch_k64,text_pca256_lexical_w005
69252,5,minibatch_k64,text_pca256_lexical_w005
69253,0,minibatch_k64,text_pca256_lexical_w005
69254,4,minibatch_k64,text_pca256_lexical_w005
69255,15,minibatch_k64,text_pca256_lexical_w005
69256,46,minibatch_k64,text_pca256_lexical_w005
69257,0,minibatch_k64,text_pca256_lexical_w005
69258,4,minibatch_k64,text_pca256_lexical_w005
69259,5,minibatch_k64,text_pca256_lexical_w005
69260,62,minibatch_k64,text_pca256_lexical_w005
69261,62,minibatch_k64,text_pca256_lexical_w005
69262,5,minibatch_k64,text_pca256_lexical_w005
69263,47,minibatch_k64,text_pca256_lexical_w005
69264,62,minibatch_k64,text_pca256_lexical_w005
69265,62,minibatch_k64,text_pca256_lexical_w005
69266,8,minibatch_k64,text_pca256_lexical_w005
69267,0,minibatch_k64,text_pca256_lexical_w005
69268,59,minibatch_k64,text_pca256_lexical_w005
69269,47,minibatch_k64,text_pca256_lexical_w005
69270,52,minibatch_k64,text_pca256_lexical_w005
69271,62,minibatch_k64,text_pca256_lexical_w005
69272,62,minibatch_k64,text_pca256_lexical_w005
69273,23,minibatch_k64,text_pca256_lexical_w005
69274,47,minibatch_k64,text_pca256_lexical_w005
69275,39,minibatch_k64,text_pca256_lexical_w005
69276,62,minibatch_k64,text_pca256_lexical_w005
69277,21,minibatch_k64,text_pca256_lexical_w005
69278,59,minibatch_k64,text_pca256_lexical_w005
69279,59,minibatch_k64,text_pca256_lexical_w005
69280,47,minibatch_k64,text_pca256_lexical_w005
69281,0,minibatch_k64,text_pca256_lexical_w005
69282,62,minibatch_k64,text_pca256_lexical_w005
69283,62,minibatch_k64,text_pca256_lexical_w005
69284,62,minibatch_k64,text_pca256_lexical_w005
69285,62,minibatch_k64,text_pca256_lexical_w005
69286,42,minibatch_k64,text_pca256_lexical_w005
69287,0,minibatch_k64,text_pca256_lexical_w005
69288,8,minibatch_k64,text_pca256_lexical_w005
69289,42,minibatch_k64,text_pca256_lexical_w005
69290,39,minibatch_k64,text_pca256_lexical_w005
69291,62,minibatch_k64,text_pca256_lexical_w005
69292,0,minibatch_k64,text_pca256_lexical_w005
69293,52,minibatch_k64,text_pca256_lexical_w005
69294,59,minibatch_k64,text_pca256_lexical_w005
69295,62,minibatch_k64,text_pca256_lexical_w005
69296,50,minibatch_k64,text_pca256_lexical_w005
69297,45,minibatch_k64,text_pca256_lexical_w005
69298,15,minibatch_k64,text_pca256_lexical_w005
69299,8,minibatch_k64,text_pca256_lexical_w005
69300,62,minibatch_k64,text_pca256_lexical_w005
69301,5,minibatch_k64,text_pca256_lexical_w005
69302,62,minibatch_k64,text_pca256_lexical_w005
69303,15,minibatch_k64,text_pca256_lexical_w005
69304,8,minibatch_k64,text_pca256_lexical_w005
69305,59,minibatch_k64,text_pca256_lexical_w005
69306,0,minibatch_k64,text_pca256_lexical_w005
69307,45,minibatch_k64,text_pca256_lexical_w005
69308,42,minibatch_k64,text_pca256_lexical_w005
69309,39,minibatch_k64,text_pca256_lexical_w005
69310,58,minibatch_k64,text_pca256_lexical_w005
69311,45,minibatch_k64,text_pca256_lexical_w005
69312,45,minibatch_k64,text_pca256_lexical_w005
69313,55,minibatch_k64,text_pca256_lexical_w005
69314,54,minibatch_k64,text_pca256_lexical_w005
69315,45,minibatch_k64,text_pca256_lexical_w005
69316,4,minibatch_k64,text_pca256_lexical_w005
69317,5,minibatch_k64,text_pca256_lexical_w005
69318,0,minibatch_k64,text_pca256_lexical_w005
69319,56,minibatch_k64,text_pca256_lexical_w005
69320,25,minibatch_k64,text_pca256_lexical_w005
69321,5,minibatch_k64,text_pca256_lexical_w005
69322,62,minibatch_k64,text_pca256_lexical_w005
69323,0,minibatch_k64,text_pca256_lexical_w005
69324,0,minibatch_k64,text_pca256_lexical_w005
69325,62,minibatch_k64,text_pca256_lexical_w005
69326,0,minibatch_k64,text_pca256_lexical_w005
69327,52,minibatch_k64,text_pca256_lexical_w005
69328,0,minibatch_k64,text_pca256_lexical_w005
69329,56,minibatch_k64,text_pca256_lexical_w005
69330,14,minibatch_k64,text_pca256_lexical_w005
69331,8,minibatch_k64,text_pca256_lexical_w005
69332,0,minibatch_k64,text_pca256_lexical_w005
69333,8,minibatch_k64,text_pca256_lexical_w005
69334,0,minibatch_k64,text_pca256_lexical_w005
69335,33,minibatch_k64,text_pca256_lexical_w005
69336,0,minibatch_k64,text_pca256_lexical_w005
69337,62,minibatch_k64,text_pca256_lexical_w005
69338,14,minibatch_k64,text_pca256_lexical_w005
69339,52,minibatch_k64,text_pca256_lexical_w005
69340,0,minibatch_k64,text_pca256_lexical_w005
69341,25,minibatch_k64,text_pca256_lexical_w005
69342,50,minibatch_k64,text_pca256_lexical_w005
69343,10,minibatch_k64,text_pca256_lexical_w005
69344,62,minibatch_k64,text_pca256_lexical_w005
69345,0,minibatch_k64,text_pca256_lexical_w005
69346,46,minibatch_k64,text_pca256_lexical_w005
69347,5,minibatch_k64,text_pca256_lexical_w005
69348,5,minibatch_k64,text_pca256_lexical_w005
69349,38,minibatch_k64,text_pca256_lexical_w005
69350,62,minibatch_k64,text_pca256_lexical_w005
69351,58,minibatch_k64,text_pca256_lexical_w005
69352,45,minibatch_k64,text_pca256_lexical_w005
69353,55,minibatch_k64,text_pca256_lexical_w005
69354,4,minibatch_k64,text_pca256_lexical_w005
69355,4,minibatch_k64,text_pca256_lexical_w005
69356,4,minibatch_k64,text_pca256_lexical_w005
69357,4,minibatch_k64,text_pca256_lexical_w005
69358,59,minibatch_k64,text_pca256_lexical_w005
69359,59,minibatch_k64,text_pca256_lexical_w005
69360,8,minibatch_k64,text_pca256_lexical_w005
69361,4,minibatch_k64,text_pca256_lexical_w005
69362,4,minibatch_k64,text_pca256_lexical_w005
69363,45,minibatch_k64,text_pca256_lexical_w005
69364,8,minibatch_k64,text_pca256_lexical_w005
69365,0,minibatch_k64,text_pca256_lexical_w005
69366,0,minibatch_k64,text_pca256_lexical_w005
69367,5,minibatch_k64,text_pca256_lexical_w005
69368,0,minibatch_k64,text_pca256_lexical_w005
69369,8,minibatch_k64,text_pca256_lexical_w005
69370,62,minibatch_k64,text_pca256_lexical_w005
69371,62,minibatch_k64,text_pca256_lexical_w005
69372,62,minibatch_k64,text_pca256_lexical_w005
69373,15,minibatch_k64,text_pca256_lexical_w005
69374,0,minibatch_k64,text_pca256_lexical_w005
69375,10,minibatch_k64,text_pca256_lexical_w005
69376,62,minibatch_k64,text_pca256_lexical_w005
69377,59,minibatch_k64,text_pca256_lexical_w005
69378,59,minibatch_k64,text_pca256_lexical_w005
69379,33,minibatch_k64,text_pca256_lexical_w005
69380,10,minibatch_k64,text_pca256_lexical_w005
69381,62,minibatch_k64,text_pca256_lexical_w005
69382,62,minibatch_k64,text_pca256_lexical_w005
69383,62,minibatch_k64,text_pca256_lexical_w005
69384,62,minibatch_k64,text_pca256_lexical_w005
69385,21,minibatch_k64,text_pca256_lexical_w005
69386,21,minibatch_k64,text_pca256_lexical_w005
69387,15,minibatch_k64,text_pca256_lexical_w005
69388,59,minibatch_k64,text_pca256_lexical_w005
69389,0,minibatch_k64,text_pca256_lexical_w005
69390,33,minibatch_k64,text_pca256_lexical_w005
69391,62,minibatch_k64,text_pca256_lexical_w005
69392,14,minibatch_k64,text_pca256_lexical_w005
69393,23,minibatch_k64,text_pca256_lexical_w005
69394,62,minibatch_k64,text_pca256_lexical_w005
69395,0,minibatch_k64,text_pca256_lexical_w005
69396,8,minibatch_k64,text_pca256_lexical_w005
69397,0,minibatch_k64,text_pca256_lexical_w005
69398,62,minibatch_k64,text_pca256_lexical_w005
69399,0,minibatch_k64,text_pca256_lexical_w005
69400,8,minibatch_k64,text_pca256_lexical_w005
69401,5,minibatch_k64,text_pca256_lexical_w005
69402,21,minibatch_k64,text_pca256_lexical_w005
69403,59,minibatch_k64,text_pca256_lexical_w005
69404,62,minibatch_k64,text_pca256_lexical_w005
69405,42,minibatch_k64,text_pca256_lexical_w005
69406,33,minibatch_k64,text_pca256_lexical_w005
69407,33,minibatch_k64,text_pca256_lexical_w005
69408,25,minibatch_k64,text_pca256_lexical_w005
69409,59,minibatch_k64,text_pca256_lexical_w005
69410,4,minibatch_k64,text_pca256_lexical_w005
69411,62,minibatch_k64,text_pca256_lexical_w005
69412,38,minibatch_k64,text_pca256_lexical_w005
69413,58,minibatch_k64,text_pca256_lexical_w005
69414,45,minibatch_k64,text_pca256_lexical_w005
69415,10,minibatch_k64,text_pca256_lexical_w005
69416,55,minibatch_k64,text_pca256_lexical_w005
69417,54,minibatch_k64,text_pca256_lexical_w005
69418,4,minibatch_k64,text_pca256_lexical_w005
69419,15,minibatch_k64,text_pca256_lexical_w005
69420,15,minibatch_k64,text_pca256_lexical_w005
69421,23,minibatch_k64,text_pca256_lexical_w005
69422,0,minibatch_k64,text_pca256_lexical_w005
69423,62,minibatch_k64,text_pca256_lexical_w005
69424,62,minibatch_k64,text_pca256_lexical_w005
69425,0,minibatch_k64,text_pca256_lexical_w005
69426,8,minibatch_k64,text_pca256_lexical_w005
69427,33,minibatch_k64,text_pca256_lexical_w005
69428,42,minibatch_k64,text_pca256_lexical_w005
69429,10,minibatch_k64,text_pca256_lexical_w005
69430,15,minibatch_k64,text_pca256_lexical_w005
69431,2,minibatch_k64,text_pca256_lexical_w005
69432,2,minibatch_k64,text_pca256_lexical_w005
69433,10,minibatch_k64,text_pca256_lexical_w005
69434,25,minibatch_k64,text_pca256_lexical_w005
69435,0,minibatch_k64,text_pca256_lexical_w005
69436,56,minibatch_k64,text_pca256_lexical_w005
69437,15,minibatch_k64,text_pca256_lexical_w005
69438,23,minibatch_k64,text_pca256_lexical_w005
69439,0,minibatch_k64,text_pca256_lexical_w005
69440,0,minibatch_k64,text_pca256_lexical_w005
69441,58,minibatch_k64,text_pca256_lexical_w005
69442,45,minibatch_k64,text_pca256_lexical_w005
69443,4,minibatch_k64,text_pca256_lexical_w005
69444,45,minibatch_k64,text_pca256_lexical_w005
69445,55,minibatch_k64,text_pca256_lexical_w005
69446,33,minibatch_k64,text_pca256_lexical_w005
69447,60,minibatch_k64,text_pca256_lexical_w005
69448,10,minibatch_k64,text_pca256_lexical_w005
69449,5,minibatch_k64,text_pca256_lexical_w005
69450,4,minibatch_k64,text_pca256_lexical_w005
69451,45,minibatch_k64,text_pca256_lexical_w005
69452,8,minibatch_k64,text_pca256_lexical_w005
69453,10,minibatch_k64,text_pca256_lexical_w005
69454,23,minibatch_k64,text_pca256_lexical_w005
69455,61,minibatch_k64,text_pca256_lexical_w005
69456,33,minibatch_k64,text_pca256_lexical_w005
69457,42,minibatch_k64,text_pca256_lexical_w005
69458,42,minibatch_k64,text_pca256_lexical_w005
69459,0,minibatch_k64,text_pca256_lexical_w005
69460,0,minibatch_k64,text_pca256_lexical_w005
69461,56,minibatch_k64,text_pca256_lexical_w005
69462,62,minibatch_k64,text_pca256_lexical_w005
69463,62,minibatch_k64,text_pca256_lexical_w005
69464,62,minibatch_k64,text_pca256_lexical_w005
69465,21,minibatch_k64,text_pca256_lexical_w005
69466,62,minibatch_k64,text_pca256_lexical_w005
69467,33,minibatch_k64,text_pca256_lexical_w005
69468,62,minibatch_k64,text_pca256_lexical_w005
69469,0,minibatch_k64,text_pca256_lexical_w005
69470,59,minibatch_k64,text_pca256_lexical_w005
69471,8,minibatch_k64,text_pca256_lexical_w005
69472,21,minibatch_k64,text_pca256_lexical_w005
69473,62,minibatch_k64,text_pca256_lexical_w005
69474,56,minibatch_k64,text_pca256_lexical_w005
69475,0,minibatch_k64,text_pca256_lexical_w005
69476,50,minibatch_k64,text_pca256_lexical_w005
69477,56,minibatch_k64,text_pca256_lexical_w005
69478,0,minibatch_k64,text_pca256_lexical_w005
69479,8,minibatch_k64,text_pca256_lexical_w005
69480,10,minibatch_k64,text_pca256_lexical_w005
69481,39,minibatch_k64,text_pca256_lexical_w005
69482,14,minibatch_k64,text_pca256_lexical_w005
69483,0,minibatch_k64,text_pca256_lexical_w005
69484,42,minibatch_k64,text_pca256_lexical_w005
69485,0,minibatch_k64,text_pca256_lexical_w005
69486,0,minibatch_k64,text_pca256_lexical_w005
69487,5,minibatch_k64,text_pca256_lexical_w005
69488,42,minibatch_k64,text_pca256_lexical_w005
69489,62,minibatch_k64,text_pca256_lexical_w005
69490,0,minibatch_k64,text_pca256_lexical_w005
69491,15,minibatch_k64,text_pca256_lexical_w005
69492,56,minibatch_k64,text_pca256_lexical_w005
69493,8,minibatch_k64,text_pca256_lexical_w005
69494,62,minibatch_k64,text_pca256_lexical_w005
69495,56,minibatch_k64,text_pca256_lexical_w005
69496,45,minibatch_k64,text_pca256_lexical_w005
69497,56,minibatch_k64,text_pca256_lexical_w005
69498,0,minibatch_k64,text_pca256_lexical_w005
69499,45,minibatch_k64,text_pca256_lexical_w005
69500,58,minibatch_k64,text_pca256_lexical_w005
69501,45,minibatch_k64,text_pca256_lexical_w005
69502,45,minibatch_k64,text_pca256_lexical_w005
69503,55,minibatch_k64,text_pca256_lexical_w005
69504,60,minibatch_k64,text_pca256_lexical_w005
69505,10,minibatch_k64,text_pca256_lexical_w005
69506,10,minibatch_k64,text_pca256_lexical_w005
69507,25,minibatch_k64,text_pca256_lexical_w005
69508,45,minibatch_k64,text_pca256_lexical_w005
69509,45,minibatch_k64,text_pca256_lexical_w005
69510,15,minibatch_k64,text_pca256_lexical_w005
69511,10,minibatch_k64,text_pca256_lexical_w005
69512,0,minibatch_k64,text_pca256_lexical_w005
69513,42,minibatch_k64,text_pca256_lexical_w005
69514,56,minibatch_k64,text_pca256_lexical_w005
69515,5,minibatch_k64,text_pca256_lexical_w005
69516,62,minibatch_k64,text_pca256_lexical_w005
69517,10,minibatch_k64,text_pca256_lexical_w005
69518,62,minibatch_k64,text_pca256_lexical_w005
69519,47,minibatch_k64,text_pca256_lexical_w005
69520,59,minibatch_k64,text_pca256_lexical_w005
69521,59,minibatch_k64,text_pca256_lexical_w005
69522,0,minibatch_k64,text_pca256_lexical_w005
69523,56,minibatch_k64,text_pca256_lexical_w005
69524,62,minibatch_k64,text_pca256_lexical_w005
69525,62,minibatch_k64,text_pca256_lexical_w005
69526,62,minibatch_k64,text_pca256_lexical_w005
69527,62,minibatch_k64,text_pca256_lexical_w005
69528,8,minibatch_k64,text_pca256_lexical_w005
69529,10,minibatch_k64,text_pca256_lexical_w005
69530,25,minibatch_k64,text_pca256_lexical_w005
69531,0,minibatch_k64,text_pca256_lexical_w005
69532,45,minibatch_k64,text_pca256_lexical_w005
69533,58,minibatch_k64,text_pca256_lexical_w005
69534,33,minibatch_k64,text_pca256_lexical_w005
69535,55,minibatch_k64,text_pca256_lexical_w005
69536,54,minibatch_k64,text_pca256_lexical_w005
69537,50,minibatch_k64,text_pca256_lexical_w005
69538,4,minibatch_k64,text_pca256_lexical_w005
69539,10,minibatch_k64,text_pca256_lexical_w005
69540,62,minibatch_k64,text_pca256_lexical_w005
69541,0,minibatch_k64,text_pca256_lexical_w005
69542,0,minibatch_k64,text_pca256_lexical_w005
69543,4,minibatch_k64,text_pca256_lexical_w005
69544,23,minibatch_k64,text_pca256_lexical_w005
69545,0,minibatch_k64,text_pca256_lexical_w005
69546,45,minibatch_k64,text_pca256_lexical_w005
69547,45,minibatch_k64,text_pca256_lexical_w005
69548,0,minibatch_k64,text_pca256_lexical_w005
69549,4,minibatch_k64,text_pca256_lexical_w005
69550,62,minibatch_k64,text_pca256_lexical_w005
69551,56,minibatch_k64,text_pca256_lexical_w005
69552,42,minibatch_k64,text_pca256_lexical_w005
69553,8,minibatch_k64,text_pca256_lexical_w005
69554,0,minibatch_k64,text_pca256_lexical_w005
69555,59,minibatch_k64,text_pca256_lexical_w005
69556,59,minibatch_k64,text_pca256_lexical_w005
69557,23,minibatch_k64,text_pca256_lexical_w005
69558,2,minibatch_k64,text_pca256_lexical_w005
69559,62,minibatch_k64,text_pca256_lexical_w005
69560,15,minibatch_k64,text_pca256_lexical_w005
69561,33,minibatch_k64,text_pca256_lexical_w005
69562,45,minibatch_k64,text_pca256_lexical_w005
69563,8,minibatch_k64,text_pca256_lexical_w005
69564,47,minibatch_k64,text_pca256_lexical_w005
69565,14,minibatch_k64,text_pca256_lexical_w005
69566,56,minibatch_k64,text_pca256_lexical_w005
69567,21,minibatch_k64,text_pca256_lexical_w005
69568,38,minibatch_k64,text_pca256_lexical_w005
69569,58,minibatch_k64,text_pca256_lexical_w005
69570,45,minibatch_k64,text_pca256_lexical_w005
69571,25,minibatch_k64,text_pca256_lexical_w005
69572,55,minibatch_k64,text_pca256_lexical_w005
69573,60,minibatch_k64,text_pca256_lexical_w005
69574,10,minibatch_k64,text_pca256_lexical_w005
69575,23,minibatch_k64,text_pca256_lexical_w005
69576,0,minibatch_k64,text_pca256_lexical_w005
69577,8,minibatch_k64,text_pca256_lexical_w005
69578,46,minibatch_k64,text_pca256_lexical_w005
69579,62,minibatch_k64,text_pca256_lexical_w005
69580,15,minibatch_k64,text_pca256_lexical_w005
69581,10,minibatch_k64,text_pca256_lexical_w005
69582,0,minibatch_k64,text_pca256_lexical_w005
69583,33,minibatch_k64,text_pca256_lexical_w005
69584,8,minibatch_k64,text_pca256_lexical_w005
69585,5,minibatch_k64,text_pca256_lexical_w005
69586,10,minibatch_k64,text_pca256_lexical_w005
69587,5,minibatch_k64,text_pca256_lexical_w005
69588,62,minibatch_k64,text_pca256_lexical_w005
69589,56,minibatch_k64,text_pca256_lexical_w005
69590,0,minibatch_k64,text_pca256_lexical_w005
69591,0,minibatch_k64,text_pca256_lexical_w005
69592,8,minibatch_k64,text_pca256_lexical_w005
69593,15,minibatch_k64,text_pca256_lexical_w005
69594,39,minibatch_k64,text_pca256_lexical_w005
69595,8,minibatch_k64,text_pca256_lexical_w005
69596,0,minibatch_k64,text_pca256_lexical_w005
69597,56,minibatch_k64,text_pca256_lexical_w005
69598,10,minibatch_k64,text_pca256_lexical_w005
69599,10,minibatch_k64,text_pca256_lexical_w005
69600,59,minibatch_k64,text_pca256_lexical_w005
69601,8,minibatch_k64,text_pca256_lexical_w005
69602,10,minibatch_k64,text_pca256_lexical_w005
69603,58,minibatch_k64,text_pca256_lexical_w005
69604,14,minibatch_k64,text_pca256_lexical_w005
69605,45,minibatch_k64,text_pca256_lexical_w005
69606,45,minibatch_k64,text_pca256_lexical_w005
69607,5,minibatch_k64,text_pca256_lexical_w005
69608,5,minibatch_k64,text_pca256_lexical_w005
69609,23,minibatch_k64,text_pca256_lexical_w005
69610,5,minibatch_k64,text_pca256_lexical_w005
69611,46,minibatch_k64,text_pca256_lexical_w005
69612,5,minibatch_k64,text_pca256_lexical_w005
69613,62,minibatch_k64,text_pca256_lexical_w005
69614,62,minibatch_k64,text_pca256_lexical_w005
69615,8,minibatch_k64,text_pca256_lexical_w005
69616,33,minibatch_k64,text_pca256_lexical_w005
69617,0,minibatch_k64,text_pca256_lexical_w005
69618,48,minibatch_k64,text_pca256_lexical_w005
69619,33,minibatch_k64,text_pca256_lexical_w005
69620,33,minibatch_k64,text_pca256_lexical_w005
69621,0,minibatch_k64,text_pca256_lexical_w005
69622,10,minibatch_k64,text_pca256_lexical_w005
69623,62,minibatch_k64,text_pca256_lexical_w005
69624,5,minibatch_k64,text_pca256_lexical_w005
69625,45,minibatch_k64,text_pca256_lexical_w005
69626,45,minibatch_k64,text_pca256_lexical_w005
69627,45,minibatch_k64,text_pca256_lexical_w005
69628,10,minibatch_k64,text_pca256_lexical_w005
69629,5,minibatch_k64,text_pca256_lexical_w005
69630,21,minibatch_k64,text_pca256_lexical_w005
69631,8,minibatch_k64,text_pca256_lexical_w005
69632,62,minibatch_k64,text_pca256_lexical_w005
69633,56,minibatch_k64,text_pca256_lexical_w005
69634,0,minibatch_k64,text_pca256_lexical_w005
69635,0,minibatch_k64,text_pca256_lexical_w005
69636,0,minibatch_k64,text_pca256_lexical_w005
69637,5,minibatch_k64,text_pca256_lexical_w005
69638,23,minibatch_k64,text_pca256_lexical_w005
69639,23,minibatch_k64,text_pca256_lexical_w005
69640,62,minibatch_k64,text_pca256_lexical_w005
69641,42,minibatch_k64,text_pca256_lexical_w005
69642,33,minibatch_k64,text_pca256_lexical_w005
69643,59,minibatch_k64,text_pca256_lexical_w005
69644,0,minibatch_k64,text_pca256_lexical_w005
69645,0,minibatch_k64,text_pca256_lexical_w005
69646,39,minibatch_k64,text_pca256_lexical_w005
69647,29,minibatch_k64,text_pca256_lexical_w005
69648,62,minibatch_k64,text_pca256_lexical_w005
69649,14,minibatch_k64,text_pca256_lexical_w005
69650,10,minibatch_k64,text_pca256_lexical_w005
69651,14,minibatch_k64,text_pca256_lexical_w005
69652,8,minibatch_k64,text_pca256_lexical_w005
69653,42,minibatch_k64,text_pca256_lexical_w005
69654,0,minibatch_k64,text_pca256_lexical_w005
69655,8,minibatch_k64,text_pca256_lexical_w005
69656,5,minibatch_k64,text_pca256_lexical_w005
69657,25,minibatch_k64,text_pca256_lexical_w005
69658,5,minibatch_k64,text_pca256_lexical_w005
69659,2,minibatch_k64,text_pca256_lexical_w005
69660,5,minibatch_k64,text_pca256_lexical_w005
69661,39,minibatch_k64,text_pca256_lexical_w005
69662,38,minibatch_k64,text_pca256_lexical_w005
69663,15,minibatch_k64,text_pca256_lexical_w005
69664,58,minibatch_k64,text_pca256_lexical_w005
69665,55,minibatch_k64,text_pca256_lexical_w005
69666,5,minibatch_k64,text_pca256_lexical_w005
69667,45,minibatch_k64,text_pca256_lexical_w005
69668,60,minibatch_k64,text_pca256_lexical_w005
69669,5,minibatch_k64,text_pca256_lexical_w005
69670,8,minibatch_k64,text_pca256_lexical_w005
69671,0,minibatch_k64,text_pca256_lexical_w005
69672,62,minibatch_k64,text_pca256_lexical_w005
69673,21,minibatch_k64,text_pca256_lexical_w005
69674,8,minibatch_k64,text_pca256_lexical_w005
69675,0,minibatch_k64,text_pca256_lexical_w005
69676,0,minibatch_k64,text_pca256_lexical_w005
69677,15,minibatch_k64,text_pca256_lexical_w005
69678,0,minibatch_k64,text_pca256_lexical_w005
69679,33,minibatch_k64,text_pca256_lexical_w005
69680,14,minibatch_k64,text_pca256_lexical_w005
69681,25,minibatch_k64,text_pca256_lexical_w005
69682,8,minibatch_k64,text_pca256_lexical_w005
69683,33,minibatch_k64,text_pca256_lexical_w005
69684,62,minibatch_k64,text_pca256_lexical_w005
69685,15,minibatch_k64,text_pca256_lexical_w005
69686,0,minibatch_k64,text_pca256_lexical_w005
69687,58,minibatch_k64,text_pca256_lexical_w005
69688,0,minibatch_k64,text_pca256_lexical_w005
69689,0,minibatch_k64,text_pca256_lexical_w005
69690,55,minibatch_k64,text_pca256_lexical_w005
69691,60,minibatch_k64,text_pca256_lexical_w005
69692,0,minibatch_k64,text_pca256_lexical_w005
69693,10,minibatch_k64,text_pca256_lexical_w005
69694,15,minibatch_k64,text_pca256_lexical_w005
69695,33,minibatch_k64,text_pca256_lexical_w005
69696,56,minibatch_k64,text_pca256_lexical_w005
69697,8,minibatch_k64,text_pca256_lexical_w005
69698,15,minibatch_k64,text_pca256_lexical_w005
69699,0,minibatch_k64,text_pca256_lexical_w005
69700,42,minibatch_k64,text_pca256_lexical_w005
69701,8,minibatch_k64,text_pca256_lexical_w005
69702,14,minibatch_k64,text_pca256_lexical_w005
69703,38,minibatch_k64,text_pca256_lexical_w005
69704,58,minibatch_k64,text_pca256_lexical_w005
69705,55,minibatch_k64,text_pca256_lexical_w005
69706,60,minibatch_k64,text_pca256_lexical_w005
69707,0,minibatch_k64,text_pca256_lexical_w005
69708,21,minibatch_k64,text_pca256_lexical_w005
69709,33,minibatch_k64,text_pca256_lexical_w005
69710,42,minibatch_k64,text_pca256_lexical_w005
69711,25,minibatch_k64,text_pca256_lexical_w005
69712,62,minibatch_k64,text_pca256_lexical_w005
69713,33,minibatch_k64,text_pca256_lexical_w005
69714,0,minibatch_k64,text_pca256_lexical_w005
69715,42,minibatch_k64,text_pca256_lexical_w005
69716,42,minibatch_k64,text_pca256_lexical_w005
69717,10,minibatch_k64,text_pca256_lexical_w005
69718,0,minibatch_k64,text_pca256_lexical_w005
69719,62,minibatch_k64,text_pca256_lexical_w005
69720,15,minibatch_k64,text_pca256_lexical_w005
69721,14,minibatch_k64,text_pca256_lexical_w005
69722,33,minibatch_k64,text_pca256_lexical_w005
69723,0,minibatch_k64,text_pca256_lexical_w005
69724,8,minibatch_k64,text_pca256_lexical_w005
69725,0,minibatch_k64,text_pca256_lexical_w005
69726,62,minibatch_k64,text_pca256_lexical_w005
69727,62,minibatch_k64,text_pca256_lexical_w005
69728,2,minibatch_k64,text_pca256_lexical_w005
69729,39,minibatch_k64,text_pca256_lexical_w005
69730,8,minibatch_k64,text_pca256_lexical_w005
69731,62,minibatch_k64,text_pca256_lexical_w005
69732,8,minibatch_k64,text_pca256_lexical_w005
69733,4,minibatch_k64,text_pca256_lexical_w005
69734,59,minibatch_k64,text_pca256_lexical_w005
69735,14,minibatch_k64,text_pca256_lexical_w005
69736,8,minibatch_k64,text_pca256_lexical_w005
69737,42,minibatch_k64,text_pca256_lexical_w005
69738,14,minibatch_k64,text_pca256_lexical_w005
69739,25,minibatch_k64,text_pca256_lexical_w005
69740,39,minibatch_k64,text_pca256_lexical_w005
69741,0,minibatch_k64,text_pca256_lexical_w005
69742,8,minibatch_k64,text_pca256_lexical_w005
69743,38,minibatch_k64,text_pca256_lexical_w005
69744,55,minibatch_k64,text_pca256_lexical_w005
69745,36,minibatch_k64,text_pca256_lexical_w005
69746,60,minibatch_k64,text_pca256_lexical_w005
69747,33,minibatch_k64,text_pca256_lexical_w005
69748,0,minibatch_k64,text_pca256_lexical_w005
69749,62,minibatch_k64,text_pca256_lexical_w005
69750,8,minibatch_k64,text_pca256_lexical_w005
69751,8,minibatch_k64,text_pca256_lexical_w005
69752,39,minibatch_k64,text_pca256_lexical_w005
69753,62,minibatch_k64,text_pca256_lexical_w005
69754,8,minibatch_k64,text_pca256_lexical_w005
69755,23,minibatch_k64,text_pca256_lexical_w005
69756,21,minibatch_k64,text_pca256_lexical_w005
69757,39,minibatch_k64,text_pca256_lexical_w005
69758,25,minibatch_k64,text_pca256_lexical_w005
69759,23,minibatch_k64,text_pca256_lexical_w005
69760,33,minibatch_k64,text_pca256_lexical_w005
69761,10,minibatch_k64,text_pca256_lexical_w005
69762,33,minibatch_k64,text_pca256_lexical_w005
69763,23,minibatch_k64,text_pca256_lexical_w005
69764,8,minibatch_k64,text_pca256_lexical_w005
69765,8,minibatch_k64,text_pca256_lexical_w005
69766,23,minibatch_k64,text_pca256_lexical_w005
69767,23,minibatch_k64,text_pca256_lexical_w005
69768,50,minibatch_k64,text_pca256_lexical_w005
69769,23,minibatch_k64,text_pca256_lexical_w005
69770,0,minibatch_k64,text_pca256_lexical_w005
69771,47,minibatch_k64,text_pca256_lexical_w005
69772,10,minibatch_k64,text_pca256_lexical_w005
69773,53,minibatch_k64,text_pca256_lexical_w005
69774,33,minibatch_k64,text_pca256_lexical_w005
69775,45,minibatch_k64,text_pca256_lexical_w005
69776,59,minibatch_k64,text_pca256_lexical_w005
69777,62,minibatch_k64,text_pca256_lexical_w005
69778,8,minibatch_k64,text_pca256_lexical_w005
69779,59,minibatch_k64,text_pca256_lexical_w005
69780,38,minibatch_k64,text_pca256_lexical_w005
69781,16,minibatch_k64,text_pca256_lexical_w005
69782,45,minibatch_k64,text_pca256_lexical_w005
69783,36,minibatch_k64,text_pca256_lexical_w005
69784,0,minibatch_k64,text_pca256_lexical_w005
69785,12,minibatch_k64,text_pca256_lexical_w005
69786,45,minibatch_k64,text_pca256_lexical_w005
69787,0,minibatch_k64,text_pca256_lexical_w005
69788,15,minibatch_k64,text_pca256_lexical_w005
69789,21,minibatch_k64,text_pca256_lexical_w005
69790,39,minibatch_k64,text_pca256_lexical_w005
69791,45,minibatch_k64,text_pca256_lexical_w005
69792,21,minibatch_k64,text_pca256_lexical_w005
69793,0,minibatch_k64,text_pca256_lexical_w005
69794,33,minibatch_k64,text_pca256_lexical_w005
69795,45,minibatch_k64,text_pca256_lexical_w005
69796,2,minibatch_k64,text_pca256_lexical_w005
69797,25,minibatch_k64,text_pca256_lexical_w005
69798,15,minibatch_k64,text_pca256_lexical_w005
69799,53,minibatch_k64,text_pca256_lexical_w005
69800,62,minibatch_k64,text_pca256_lexical_w005
69801,53,minibatch_k64,text_pca256_lexical_w005
69802,15,minibatch_k64,text_pca256_lexical_w005
69803,0,minibatch_k64,text_pca256_lexical_w005
69804,0,minibatch_k64,text_pca256_lexical_w005
69805,20,minibatch_k64,text_pca256_lexical_w005
69806,42,minibatch_k64,text_pca256_lexical_w005
69807,53,minibatch_k64,text_pca256_lexical_w005
69808,0,minibatch_k64,text_pca256_lexical_w005
69809,15,minibatch_k64,text_pca256_lexical_w005
69810,0,minibatch_k64,text_pca256_lexical_w005
69811,45,minibatch_k64,text_pca256_lexical_w005
69812,0,minibatch_k64,text_pca256_lexical_w005
69813,0,minibatch_k64,text_pca256_lexical_w005
69814,55,minibatch_k64,text_pca256_lexical_w005
69815,38,minibatch_k64,text_pca256_lexical_w005
69816,45,minibatch_k64,text_pca256_lexical_w005
69817,45,minibatch_k64,text_pca256_lexical_w005
69818,10,minibatch_k64,text_pca256_lexical_w005
69819,54,minibatch_k64,text_pca256_lexical_w005
69820,45,minibatch_k64,text_pca256_lexical_w005
69821,45,minibatch_k64,text_pca256_lexical_w005
69822,45,minibatch_k64,text_pca256_lexical_w005
69823,62,minibatch_k64,text_pca256_lexical_w005
69824,21,minibatch_k64,text_pca256_lexical_w005
69825,62,minibatch_k64,text_pca256_lexical_w005
69826,45,minibatch_k64,text_pca256_lexical_w005
69827,45,minibatch_k64,text_pca256_lexical_w005
69828,45,minibatch_k64,text_pca256_lexical_w005
69829,45,minibatch_k64,text_pca256_lexical_w005
69830,45,minibatch_k64,text_pca256_lexical_w005
69831,4,minibatch_k64,text_pca256_lexical_w005
69832,45,minibatch_k64,text_pca256_lexical_w005
69833,45,minibatch_k64,text_pca256_lexical_w005
69834,59,minibatch_k64,text_pca256_lexical_w005
69835,0,minibatch_k64,text_pca256_lexical_w005
69836,59,minibatch_k64,text_pca256_lexical_w005
69837,4,minibatch_k64,text_pca256_lexical_w005
69838,45,minibatch_k64,text_pca256_lexical_w005
69839,10,minibatch_k64,text_pca256_lexical_w005
69840,45,minibatch_k64,text_pca256_lexical_w005
69841,62,minibatch_k64,text_pca256_lexical_w005
69842,39,minibatch_k64,text_pca256_lexical_w005
69843,59,minibatch_k64,text_pca256_lexical_w005
69844,8,minibatch_k64,text_pca256_lexical_w005
69845,23,minibatch_k64,text_pca256_lexical_w005
69846,21,minibatch_k64,text_pca256_lexical_w005
69847,21,minibatch_k64,text_pca256_lexical_w005
69848,62,minibatch_k64,text_pca256_lexical_w005
69849,8,minibatch_k64,text_pca256_lexical_w005
69850,8,minibatch_k64,text_pca256_lexical_w005
69851,8,minibatch_k64,text_pca256_lexical_w005
69852,8,minibatch_k64,text_pca256_lexical_w005
69853,45,minibatch_k64,text_pca256_lexical_w005
69854,62,minibatch_k64,text_pca256_lexical_w005
69855,8,minibatch_k64,text_pca256_lexical_w005
69856,45,minibatch_k64,text_pca256_lexical_w005
69857,45,minibatch_k64,text_pca256_lexical_w005
69858,0,minibatch_k64,text_pca256_lexical_w005
69859,45,minibatch_k64,text_pca256_lexical_w005
69860,23,minibatch_k64,text_pca256_lexical_w005
69861,55,minibatch_k64,text_pca256_lexical_w005
69862,60,minibatch_k64,text_pca256_lexical_w005
69863,45,minibatch_k64,text_pca256_lexical_w005
69864,45,minibatch_k64,text_pca256_lexical_w005
69865,10,minibatch_k64,text_pca256_lexical_w005
69866,59,minibatch_k64,text_pca256_lexical_w005
69867,45,minibatch_k64,text_pca256_lexical_w005
69868,45,minibatch_k64,text_pca256_lexical_w005
69869,45,minibatch_k64,text_pca256_lexical_w005
69870,45,minibatch_k64,text_pca256_lexical_w005
69871,45,minibatch_k64,text_pca256_lexical_w005
69872,45,minibatch_k64,text_pca256_lexical_w005
69873,45,minibatch_k64,text_pca256_lexical_w005
69874,62,minibatch_k64,text_pca256_lexical_w005
69875,45,minibatch_k64,text_pca256_lexical_w005
69876,45,minibatch_k64,text_pca256_lexical_w005
69877,45,minibatch_k64,text_pca256_lexical_w005
69878,23,minibatch_k64,text_pca256_lexical_w005
69879,10,minibatch_k64,text_pca256_lexical_w005
69880,4,minibatch_k64,text_pca256_lexical_w005
69881,0,minibatch_k64,text_pca256_lexical_w005
69882,45,minibatch_k64,text_pca256_lexical_w005
69883,45,minibatch_k64,text_pca256_lexical_w005
69884,45,minibatch_k64,text_pca256_lexical_w005
69885,45,minibatch_k64,text_pca256_lexical_w005
69886,23,minibatch_k64,text_pca256_lexical_w005
69887,23,minibatch_k64,text_pca256_lexical_w005
69888,45,minibatch_k64,text_pca256_lexical_w005
69889,42,minibatch_k64,text_pca256_lexical_w005
69890,45,minibatch_k64,text_pca256_lexical_w005
69891,50,minibatch_k64,text_pca256_lexical_w005
69892,10,minibatch_k64,text_pca256_lexical_w005
69893,8,minibatch_k64,text_pca256_lexical_w005
69894,45,minibatch_k64,text_pca256_lexical_w005
69895,45,minibatch_k64,text_pca256_lexical_w005
69896,45,minibatch_k64,text_pca256_lexical_w005
69897,45,minibatch_k64,text_pca256_lexical_w005
69898,45,minibatch_k64,text_pca256_lexical_w005
69899,45,minibatch_k64,text_pca256_lexical_w005
69900,45,minibatch_k64,text_pca256_lexical_w005
69901,0,minibatch_k64,text_pca256_lexical_w005
69902,45,minibatch_k64,text_pca256_lexical_w005
69903,23,minibatch_k64,text_pca256_lexical_w005
69904,45,minibatch_k64,text_pca256_lexical_w005
69905,45,minibatch_k64,text_pca256_lexical_w005
69906,10,minibatch_k64,text_pca256_lexical_w005
69907,23,minibatch_k64,text_pca256_lexical_w005
69908,45,minibatch_k64,text_pca256_lexical_w005
69909,62,minibatch_k64,text_pca256_lexical_w005
69910,20,minibatch_k64,text_pca256_lexical_w005
69911,8,minibatch_k64,text_pca256_lexical_w005
69912,53,minibatch_k64,text_pca256_lexical_w005
69913,59,minibatch_k64,text_pca256_lexical_w005
69914,39,minibatch_k64,text_pca256_lexical_w005
69915,45,minibatch_k64,text_pca256_lexical_w005
69916,8,minibatch_k64,text_pca256_lexical_w005
69917,42,minibatch_k64,text_pca256_lexical_w005
69918,59,minibatch_k64,text_pca256_lexical_w005
69919,0,minibatch_k64,text_pca256_lexical_w005
69920,0,minibatch_k64,text_pca256_lexical_w005
69921,27,minibatch_k64,text_pca256_lexical_w005
69922,50,minibatch_k64,text_pca256_lexical_w005
69923,50,minibatch_k64,text_pca256_lexical_w005
69924,0,minibatch_k64,text_pca256_lexical_w005
69925,62,minibatch_k64,text_pca256_lexical_w005
69926,27,minibatch_k64,text_pca256_lexical_w005
69927,33,minibatch_k64,text_pca256_lexical_w005
69928,62,minibatch_k64,text_pca256_lexical_w005
69929,56,minibatch_k64,text_pca256_lexical_w005
69930,59,minibatch_k64,text_pca256_lexical_w005
69931,39,minibatch_k64,text_pca256_lexical_w005
69932,62,minibatch_k64,text_pca256_lexical_w005
69933,59,minibatch_k64,text_pca256_lexical_w005
69934,2,minibatch_k64,text_pca256_lexical_w005
69935,45,minibatch_k64,text_pca256_lexical_w005
69936,59,minibatch_k64,text_pca256_lexical_w005
69937,45,minibatch_k64,text_pca256_lexical_w005
69938,8,minibatch_k64,text_pca256_lexical_w005
69939,32,minibatch_k64,text_pca256_lexical_w005
69940,42,minibatch_k64,text_pca256_lexical_w005
69941,43,minibatch_k64,text_pca256_lexical_w005
69942,62,minibatch_k64,text_pca256_lexical_w005
69943,5,minibatch_k64,text_pca256_lexical_w005
69944,56,minibatch_k64,text_pca256_lexical_w005
69945,62,minibatch_k64,text_pca256_lexical_w005
69946,23,minibatch_k64,text_pca256_lexical_w005
69947,43,minibatch_k64,text_pca256_lexical_w005
69948,43,minibatch_k64,text_pca256_lexical_w005
69949,5,minibatch_k64,text_pca256_lexical_w005
69950,23,minibatch_k64,text_pca256_lexical_w005
69951,62,minibatch_k64,text_pca256_lexical_w005
69952,0,minibatch_k64,text_pca256_lexical_w005
69953,0,minibatch_k64,text_pca256_lexical_w005
69954,15,minibatch_k64,text_pca256_lexical_w005
69955,43,minibatch_k64,text_pca256_lexical_w005
69956,62,minibatch_k64,text_pca256_lexical_w005
69957,33,minibatch_k64,text_pca256_lexical_w005
69958,4,minibatch_k64,text_pca256_lexical_w005
69959,5,minibatch_k64,text_pca256_lexical_w005
69960,5,minibatch_k64,text_pca256_lexical_w005
69961,5,minibatch_k64,text_pca256_lexical_w005
69962,0,minibatch_k64,text_pca256_lexical_w005
69963,5,minibatch_k64,text_pca256_lexical_w005
69964,8,minibatch_k64,text_pca256_lexical_w005
69965,5,minibatch_k64,text_pca256_lexical_w005
69966,62,minibatch_k64,text_pca256_lexical_w005
69967,8,minibatch_k64,text_pca256_lexical_w005
69968,4,minibatch_k64,text_pca256_lexical_w005
69969,62,minibatch_k64,text_pca256_lexical_w005
69970,62,minibatch_k64,text_pca256_lexical_w005
69971,3,minibatch_k64,text_pca256_lexical_w005
69972,62,minibatch_k64,text_pca256_lexical_w005
69973,14,minibatch_k64,text_pca256_lexical_w005
69974,8,minibatch_k64,text_pca256_lexical_w005
69975,52,minibatch_k64,text_pca256_lexical_w005
69976,62,minibatch_k64,text_pca256_lexical_w005
69977,2,minibatch_k64,text_pca256_lexical_w005
69978,4,minibatch_k64,text_pca256_lexical_w005
69979,10,minibatch_k64,text_pca256_lexical_w005
69980,8,minibatch_k64,text_pca256_lexical_w005
69981,2,minibatch_k64,text_pca256_lexical_w005
69982,62,minibatch_k64,text_pca256_lexical_w005
69983,62,minibatch_k64,text_pca256_lexical_w005
69984,62,minibatch_k64,text_pca256_lexical_w005
69985,62,minibatch_k64,text_pca256_lexical_w005
69986,4,minibatch_k64,text_pca256_lexical_w005
69987,42,minibatch_k64,text_pca256_lexical_w005
69988,38,minibatch_k64,text_pca256_lexical_w005
69989,58,minibatch_k64,text_pca256_lexical_w005
69990,43,minibatch_k64,text_pca256_lexical_w005
69991,55,minibatch_k64,text_pca256_lexical_w005
69992,4,minibatch_k64,text_pca256_lexical_w005
69993,10,minibatch_k64,text_pca256_lexical_w005
69994,0,minibatch_k64,text_pca256_lexical_w005
69995,52,minibatch_k64,text_pca256_lexical_w005
69996,5,minibatch_k64,text_pca256_lexical_w005
69997,0,minibatch_k64,text_pca256_lexical_w005
69998,43,minibatch_k64,text_pca256_lexical_w005
69999,3,minibatch_k64,text_pca256_lexical_w005
70000,0,minibatch_k64,text_pca256_lexical_w005
70001,14,minibatch_k64,text_pca256_lexical_w005
70002,43,minibatch_k64,text_pca256_lexical_w005
70003,5,minibatch_k64,text_pca256_lexical_w005
70004,5,minibatch_k64,text_pca256_lexical_w005
70005,58,minibatch_k64,text_pca256_lexical_w005
70006,38,minibatch_k64,text_pca256_lexical_w005
70007,23,minibatch_k64,text_pca256_lexical_w005
70008,55,minibatch_k64,text_pca256_lexical_w005
70009,4,minibatch_k64,text_pca256_lexical_w005
70010,62,minibatch_k64,text_pca256_lexical_w005
70011,0,minibatch_k64,text_pca256_lexical_w005
70012,8,minibatch_k64,text_pca256_lexical_w005
70013,8,minibatch_k64,text_pca256_lexical_w005
70014,52,minibatch_k64,text_pca256_lexical_w005
70015,62,minibatch_k64,text_pca256_lexical_w005
70016,52,minibatch_k64,text_pca256_lexical_w005
70017,14,minibatch_k64,text_pca256_lexical_w005
70018,43,minibatch_k64,text_pca256_lexical_w005
70019,5,minibatch_k64,text_pca256_lexical_w005
70020,62,minibatch_k64,text_pca256_lexical_w005
70021,38,minibatch_k64,text_pca256_lexical_w005
70022,58,minibatch_k64,text_pca256_lexical_w005
70023,55,minibatch_k64,text_pca256_lexical_w005
70024,63,minibatch_k64,text_pca256_lexical_w005
70025,62,minibatch_k64,text_pca256_lexical_w005
70026,0,minibatch_k64,text_pca256_lexical_w005
70027,0,minibatch_k64,text_pca256_lexical_w005
70028,15,minibatch_k64,text_pca256_lexical_w005
70029,43,minibatch_k64,text_pca256_lexical_w005
70030,43,minibatch_k64,text_pca256_lexical_w005
70031,62,minibatch_k64,text_pca256_lexical_w005
70032,25,minibatch_k64,text_pca256_lexical_w005
70033,0,minibatch_k64,text_pca256_lexical_w005
70034,0,minibatch_k64,text_pca256_lexical_w005
70035,43,minibatch_k64,text_pca256_lexical_w005
70036,0,minibatch_k64,text_pca256_lexical_w005
70037,8,minibatch_k64,text_pca256_lexical_w005
70038,14,minibatch_k64,text_pca256_lexical_w005
70039,0,minibatch_k64,text_pca256_lexical_w005
70040,0,minibatch_k64,text_pca256_lexical_w005
70041,38,minibatch_k64,text_pca256_lexical_w005
70042,45,minibatch_k64,text_pca256_lexical_w005
70043,43,minibatch_k64,text_pca256_lexical_w005
70044,58,minibatch_k64,text_pca256_lexical_w005
70045,43,minibatch_k64,text_pca256_lexical_w005
70046,13,minibatch_k64,text_pca256_lexical_w005
70047,21,minibatch_k64,text_pca256_lexical_w005
70048,4,minibatch_k64,text_pca256_lexical_w005
70049,0,minibatch_k64,text_pca256_lexical_w005
70050,8,minibatch_k64,text_pca256_lexical_w005
70051,8,minibatch_k64,text_pca256_lexical_w005
70052,25,minibatch_k64,text_pca256_lexical_w005
70053,43,minibatch_k64,text_pca256_lexical_w005
70054,15,minibatch_k64,text_pca256_lexical_w005
70055,15,minibatch_k64,text_pca256_lexical_w005
70056,0,minibatch_k64,text_pca256_lexical_w005
70057,62,minibatch_k64,text_pca256_lexical_w005
70058,43,minibatch_k64,text_pca256_lexical_w005
70059,23,minibatch_k64,text_pca256_lexical_w005
70060,23,minibatch_k64,text_pca256_lexical_w005
70061,0,minibatch_k64,text_pca256_lexical_w005
70062,62,minibatch_k64,text_pca256_lexical_w005
70063,0,minibatch_k64,text_pca256_lexical_w005
70064,3,minibatch_k64,text_pca256_lexical_w005
70065,25,minibatch_k64,text_pca256_lexical_w005
70066,0,minibatch_k64,text_pca256_lexical_w005
70067,62,minibatch_k64,text_pca256_lexical_w005
70068,14,minibatch_k64,text_pca256_lexical_w005
70069,45,minibatch_k64,text_pca256_lexical_w005
70070,4,minibatch_k64,text_pca256_lexical_w005
70071,23,minibatch_k64,text_pca256_lexical_w005
70072,43,minibatch_k64,text_pca256_lexical_w005
70073,43,minibatch_k64,text_pca256_lexical_w005
70074,58,minibatch_k64,text_pca256_lexical_w005
70075,58,minibatch_k64,text_pca256_lexical_w005
70076,43,minibatch_k64,text_pca256_lexical_w005
70077,45,minibatch_k64,text_pca256_lexical_w005
70078,55,minibatch_k64,text_pca256_lexical_w005
70079,63,minibatch_k64,text_pca256_lexical_w005
70080,0,minibatch_k64,text_pca256_lexical_w005
70081,10,minibatch_k64,text_pca256_lexical_w005
70082,43,minibatch_k64,text_pca256_lexical_w005
70083,0,minibatch_k64,text_pca256_lexical_w005
70084,5,minibatch_k64,text_pca256_lexical_w005
70085,23,minibatch_k64,text_pca256_lexical_w005
70086,21,minibatch_k64,text_pca256_lexical_w005
70087,23,minibatch_k64,text_pca256_lexical_w005
70088,62,minibatch_k64,text_pca256_lexical_w005
70089,43,minibatch_k64,text_pca256_lexical_w005
70090,25,minibatch_k64,text_pca256_lexical_w005
70091,43,minibatch_k64,text_pca256_lexical_w005
70092,14,minibatch_k64,text_pca256_lexical_w005
70093,43,minibatch_k64,text_pca256_lexical_w005
70094,62,minibatch_k64,text_pca256_lexical_w005
70095,59,minibatch_k64,text_pca256_lexical_w005
70096,0,minibatch_k64,text_pca256_lexical_w005
70097,21,minibatch_k64,text_pca256_lexical_w005
70098,0,minibatch_k64,text_pca256_lexical_w005
70099,45,minibatch_k64,text_pca256_lexical_w005
70100,58,minibatch_k64,text_pca256_lexical_w005
70101,58,minibatch_k64,text_pca256_lexical_w005
70102,43,minibatch_k64,text_pca256_lexical_w005
70103,55,minibatch_k64,text_pca256_lexical_w005
70104,63,minibatch_k64,text_pca256_lexical_w005
70105,10,minibatch_k64,text_pca256_lexical_w005
70106,21,minibatch_k64,text_pca256_lexical_w005
70107,4,minibatch_k64,text_pca256_lexical_w005
70108,8,minibatch_k64,text_pca256_lexical_w005
70109,8,minibatch_k64,text_pca256_lexical_w005
70110,15,minibatch_k64,text_pca256_lexical_w005
70111,62,minibatch_k64,text_pca256_lexical_w005
70112,10,minibatch_k64,text_pca256_lexical_w005
70113,21,minibatch_k64,text_pca256_lexical_w005
70114,33,minibatch_k64,text_pca256_lexical_w005
70115,62,minibatch_k64,text_pca256_lexical_w005
70116,23,minibatch_k64,text_pca256_lexical_w005
70117,0,minibatch_k64,text_pca256_lexical_w005
70118,62,minibatch_k64,text_pca256_lexical_w005
70119,43,minibatch_k64,text_pca256_lexical_w005
70120,8,minibatch_k64,text_pca256_lexical_w005
70121,42,minibatch_k64,text_pca256_lexical_w005
70122,62,minibatch_k64,text_pca256_lexical_w005
70123,21,minibatch_k64,text_pca256_lexical_w005
70124,0,minibatch_k64,text_pca256_lexical_w005
70125,33,minibatch_k64,text_pca256_lexical_w005
70126,33,minibatch_k64,text_pca256_lexical_w005
70127,15,minibatch_k64,text_pca256_lexical_w005
70128,62,minibatch_k64,text_pca256_lexical_w005
70129,43,minibatch_k64,text_pca256_lexical_w005
70130,0,minibatch_k64,text_pca256_lexical_w005
70131,62,minibatch_k64,text_pca256_lexical_w005
70132,62,minibatch_k64,text_pca256_lexical_w005
70133,45,minibatch_k64,text_pca256_lexical_w005
70134,62,minibatch_k64,text_pca256_lexical_w005
70135,62,minibatch_k64,text_pca256_lexical_w005
70136,23,minibatch_k64,text_pca256_lexical_w005
70137,58,minibatch_k64,text_pca256_lexical_w005
70138,58,minibatch_k64,text_pca256_lexical_w005
70139,43,minibatch_k64,text_pca256_lexical_w005
70140,55,minibatch_k64,text_pca256_lexical_w005
70141,63,minibatch_k64,text_pca256_lexical_w005
70142,10,minibatch_k64,text_pca256_lexical_w005
70143,43,minibatch_k64,text_pca256_lexical_w005
70144,15,minibatch_k64,text_pca256_lexical_w005
70145,0,minibatch_k64,text_pca256_lexical_w005
70146,45,minibatch_k64,text_pca256_lexical_w005
70147,23,minibatch_k64,text_pca256_lexical_w005
70148,25,minibatch_k64,text_pca256_lexical_w005
70149,0,minibatch_k64,text_pca256_lexical_w005
70150,43,minibatch_k64,text_pca256_lexical_w005
70151,33,minibatch_k64,text_pca256_lexical_w005
70152,8,minibatch_k64,text_pca256_lexical_w005
70153,62,minibatch_k64,text_pca256_lexical_w005
70154,45,minibatch_k64,text_pca256_lexical_w005
70155,45,minibatch_k64,text_pca256_lexical_w005
70156,14,minibatch_k64,text_pca256_lexical_w005
70157,8,minibatch_k64,text_pca256_lexical_w005
70158,4,minibatch_k64,text_pca256_lexical_w005
70159,48,minibatch_k64,text_pca256_lexical_w005
70160,38,minibatch_k64,text_pca256_lexical_w005
70161,10,minibatch_k64,text_pca256_lexical_w005
70162,58,minibatch_k64,text_pca256_lexical_w005
70163,43,minibatch_k64,text_pca256_lexical_w005
70164,43,minibatch_k64,text_pca256_lexical_w005
70165,55,minibatch_k64,text_pca256_lexical_w005
70166,13,minibatch_k64,text_pca256_lexical_w005
70167,43,minibatch_k64,text_pca256_lexical_w005
70168,25,minibatch_k64,text_pca256_lexical_w005
70169,8,minibatch_k64,text_pca256_lexical_w005
70170,8,minibatch_k64,text_pca256_lexical_w005
70171,25,minibatch_k64,text_pca256_lexical_w005
70172,0,minibatch_k64,text_pca256_lexical_w005
70173,33,minibatch_k64,text_pca256_lexical_w005
70174,43,minibatch_k64,text_pca256_lexical_w005
70175,14,minibatch_k64,text_pca256_lexical_w005
70176,43,minibatch_k64,text_pca256_lexical_w005
70177,0,minibatch_k64,text_pca256_lexical_w005
70178,45,minibatch_k64,text_pca256_lexical_w005
70179,45,minibatch_k64,text_pca256_lexical_w005
70180,0,minibatch_k64,text_pca256_lexical_w005
70181,45,minibatch_k64,text_pca256_lexical_w005
70182,0,minibatch_k64,text_pca256_lexical_w005
70183,43,minibatch_k64,text_pca256_lexical_w005
70184,45,minibatch_k64,text_pca256_lexical_w005
70185,8,minibatch_k64,text_pca256_lexical_w005
70186,0,minibatch_k64,text_pca256_lexical_w005
70187,4,minibatch_k64,text_pca256_lexical_w005
70188,62,minibatch_k64,text_pca256_lexical_w005
70189,10,minibatch_k64,text_pca256_lexical_w005
70190,0,minibatch_k64,text_pca256_lexical_w005
70191,0,minibatch_k64,text_pca256_lexical_w005
70192,0,minibatch_k64,text_pca256_lexical_w005
70193,10,minibatch_k64,text_pca256_lexical_w005
70194,23,minibatch_k64,text_pca256_lexical_w005
70195,59,minibatch_k64,text_pca256_lexical_w005
70196,62,minibatch_k64,text_pca256_lexical_w005
70197,33,minibatch_k64,text_pca256_lexical_w005
70198,0,minibatch_k64,text_pca256_lexical_w005
70199,62,minibatch_k64,text_pca256_lexical_w005
70200,5,minibatch_k64,text_pca256_lexical_w005
70201,0,minibatch_k64,text_pca256_lexical_w005
70202,45,minibatch_k64,text_pca256_lexical_w005
70203,23,minibatch_k64,text_pca256_lexical_w005
70204,45,minibatch_k64,text_pca256_lexical_w005
70205,0,minibatch_k64,text_pca256_lexical_w005
70206,45,minibatch_k64,text_pca256_lexical_w005
70207,43,minibatch_k64,text_pca256_lexical_w005
70208,10,minibatch_k64,text_pca256_lexical_w005
70209,59,minibatch_k64,text_pca256_lexical_w005
70210,0,minibatch_k64,text_pca256_lexical_w005
70211,39,minibatch_k64,text_pca256_lexical_w005
70212,62,minibatch_k64,text_pca256_lexical_w005
70213,0,minibatch_k64,text_pca256_lexical_w005
70214,5,minibatch_k64,text_pca256_lexical_w005
70215,5,minibatch_k64,text_pca256_lexical_w005
70216,0,minibatch_k64,text_pca256_lexical_w005
70217,8,minibatch_k64,text_pca256_lexical_w005
70218,43,minibatch_k64,text_pca256_lexical_w005
70219,59,minibatch_k64,text_pca256_lexical_w005
70220,39,minibatch_k64,text_pca256_lexical_w005
70221,58,minibatch_k64,text_pca256_lexical_w005
70222,58,minibatch_k64,text_pca256_lexical_w005
70223,55,minibatch_k64,text_pca256_lexical_w005
70224,63,minibatch_k64,text_pca256_lexical_w005
70225,0,minibatch_k64,text_pca256_lexical_w005
70226,62,minibatch_k64,text_pca256_lexical_w005
70227,25,minibatch_k64,text_pca256_lexical_w005
70228,8,minibatch_k64,text_pca256_lexical_w005
70229,8,minibatch_k64,text_pca256_lexical_w005
70230,0,minibatch_k64,text_pca256_lexical_w005
70231,39,minibatch_k64,text_pca256_lexical_w005
70232,25,minibatch_k64,text_pca256_lexical_w005
70233,58,minibatch_k64,text_pca256_lexical_w005
70234,38,minibatch_k64,text_pca256_lexical_w005
70235,55,minibatch_k64,text_pca256_lexical_w005
70236,63,minibatch_k64,text_pca256_lexical_w005
70237,8,minibatch_k64,text_pca256_lexical_w005
70238,25,minibatch_k64,text_pca256_lexical_w005
70239,0,minibatch_k64,text_pca256_lexical_w005
70240,0,minibatch_k64,text_pca256_lexical_w005
70241,15,minibatch_k64,text_pca256_lexical_w005
70242,58,minibatch_k64,text_pca256_lexical_w005
70243,38,minibatch_k64,text_pca256_lexical_w005
70244,55,minibatch_k64,text_pca256_lexical_w005
70245,63,minibatch_k64,text_pca256_lexical_w005
70246,62,minibatch_k64,text_pca256_lexical_w005
70247,43,minibatch_k64,text_pca256_lexical_w005
70248,53,minibatch_k64,text_pca256_lexical_w005
70249,33,minibatch_k64,text_pca256_lexical_w005
70250,14,minibatch_k64,text_pca256_lexical_w005
70251,62,minibatch_k64,text_pca256_lexical_w005
70252,42,minibatch_k64,text_pca256_lexical_w005
70253,25,minibatch_k64,text_pca256_lexical_w005
70254,62,minibatch_k64,text_pca256_lexical_w005
70255,39,minibatch_k64,text_pca256_lexical_w005
70256,15,minibatch_k64,text_pca256_lexical_w005
70257,43,minibatch_k64,text_pca256_lexical_w005
70258,10,minibatch_k64,text_pca256_lexical_w005
70259,0,minibatch_k64,text_pca256_lexical_w005
70260,14,minibatch_k64,text_pca256_lexical_w005
70261,14,minibatch_k64,text_pca256_lexical_w005
70262,38,minibatch_k64,text_pca256_lexical_w005
70263,55,minibatch_k64,text_pca256_lexical_w005
70264,63,minibatch_k64,text_pca256_lexical_w005
70265,39,minibatch_k64,text_pca256_lexical_w005
70266,39,minibatch_k64,text_pca256_lexical_w005
70267,25,minibatch_k64,text_pca256_lexical_w005
70268,10,minibatch_k64,text_pca256_lexical_w005
70269,4,minibatch_k64,text_pca256_lexical_w005
70270,4,minibatch_k64,text_pca256_lexical_w005
70271,23,minibatch_k64,text_pca256_lexical_w005
70272,4,minibatch_k64,text_pca256_lexical_w005
70273,59,minibatch_k64,text_pca256_lexical_w005
70274,8,minibatch_k64,text_pca256_lexical_w005
70275,43,minibatch_k64,text_pca256_lexical_w005
70276,8,minibatch_k64,text_pca256_lexical_w005
70277,43,minibatch_k64,text_pca256_lexical_w005
70278,0,minibatch_k64,text_pca256_lexical_w005
70279,43,minibatch_k64,text_pca256_lexical_w005
70280,0,minibatch_k64,text_pca256_lexical_w005
70281,62,minibatch_k64,text_pca256_lexical_w005
70282,14,minibatch_k64,text_pca256_lexical_w005
70283,0,minibatch_k64,text_pca256_lexical_w005
70284,0,minibatch_k64,text_pca256_lexical_w005
70285,8,minibatch_k64,text_pca256_lexical_w005
70286,45,minibatch_k64,text_pca256_lexical_w005
70287,45,minibatch_k64,text_pca256_lexical_w005
70288,45,minibatch_k64,text_pca256_lexical_w005
70289,38,minibatch_k64,text_pca256_lexical_w005
70290,45,minibatch_k64,text_pca256_lexical_w005
70291,45,minibatch_k64,text_pca256_lexical_w005
70292,47,minibatch_k64,text_pca256_lexical_w005
70293,45,minibatch_k64,text_pca256_lexical_w005
70294,55,minibatch_k64,text_pca256_lexical_w005
70295,45,minibatch_k64,text_pca256_lexical_w005
70296,45,minibatch_k64,text_pca256_lexical_w005
70297,21,minibatch_k64,text_pca256_lexical_w005
70298,45,minibatch_k64,text_pca256_lexical_w005
70299,18,minibatch_k64,text_pca256_lexical_w005
70300,45,minibatch_k64,text_pca256_lexical_w005
70301,59,minibatch_k64,text_pca256_lexical_w005
70302,47,minibatch_k64,text_pca256_lexical_w005
70303,47,minibatch_k64,text_pca256_lexical_w005
70304,47,minibatch_k64,text_pca256_lexical_w005
70305,59,minibatch_k64,text_pca256_lexical_w005
70306,45,minibatch_k64,text_pca256_lexical_w005
70307,45,minibatch_k64,text_pca256_lexical_w005
70308,42,minibatch_k64,text_pca256_lexical_w005
70309,0,minibatch_k64,text_pca256_lexical_w005
70310,45,minibatch_k64,text_pca256_lexical_w005
70311,10,minibatch_k64,text_pca256_lexical_w005
70312,8,minibatch_k64,text_pca256_lexical_w005
70313,42,minibatch_k64,text_pca256_lexical_w005
70314,62,minibatch_k64,text_pca256_lexical_w005
70315,59,minibatch_k64,text_pca256_lexical_w005
70316,59,minibatch_k64,text_pca256_lexical_w005
70317,59,minibatch_k64,text_pca256_lexical_w005
70318,59,minibatch_k64,text_pca256_lexical_w005
70319,59,minibatch_k64,text_pca256_lexical_w005
70320,59,minibatch_k64,text_pca256_lexical_w005
70321,2,minibatch_k64,text_pca256_lexical_w005
70322,15,minibatch_k64,text_pca256_lexical_w005
70323,45,minibatch_k64,text_pca256_lexical_w005
70324,62,minibatch_k64,text_pca256_lexical_w005
70325,62,minibatch_k64,text_pca256_lexical_w005
70326,14,minibatch_k64,text_pca256_lexical_w005
70327,14,minibatch_k64,text_pca256_lexical_w005
70328,45,minibatch_k64,text_pca256_lexical_w005
70329,14,minibatch_k64,text_pca256_lexical_w005
70330,0,minibatch_k64,text_pca256_lexical_w005
70331,45,minibatch_k64,text_pca256_lexical_w005
70332,38,minibatch_k64,text_pca256_lexical_w005
70333,45,minibatch_k64,text_pca256_lexical_w005
70334,55,minibatch_k64,text_pca256_lexical_w005
70335,63,minibatch_k64,text_pca256_lexical_w005
70336,45,minibatch_k64,text_pca256_lexical_w005
70337,39,minibatch_k64,text_pca256_lexical_w005
70338,25,minibatch_k64,text_pca256_lexical_w005
70339,62,minibatch_k64,text_pca256_lexical_w005
70340,4,minibatch_k64,text_pca256_lexical_w005
70341,14,minibatch_k64,text_pca256_lexical_w005
70342,39,minibatch_k64,text_pca256_lexical_w005
70343,14,minibatch_k64,text_pca256_lexical_w005
70344,38,minibatch_k64,text_pca256_lexical_w005
70345,50,minibatch_k64,text_pca256_lexical_w005
70346,45,minibatch_k64,text_pca256_lexical_w005
70347,55,minibatch_k64,text_pca256_lexical_w005
70348,22,minibatch_k64,text_pca256_lexical_w005
70349,56,minibatch_k64,text_pca256_lexical_w005
70350,25,minibatch_k64,text_pca256_lexical_w005
70351,56,minibatch_k64,text_pca256_lexical_w005
70352,0,minibatch_k64,text_pca256_lexical_w005
70353,43,minibatch_k64,text_pca256_lexical_w005
70354,23,minibatch_k64,text_pca256_lexical_w005
70355,8,minibatch_k64,text_pca256_lexical_w005
70356,50,minibatch_k64,text_pca256_lexical_w005
70357,18,minibatch_k64,text_pca256_lexical_w005
70358,59,minibatch_k64,text_pca256_lexical_w005
70359,59,minibatch_k64,text_pca256_lexical_w005
70360,56,minibatch_k64,text_pca256_lexical_w005
70361,18,minibatch_k64,text_pca256_lexical_w005
70362,10,minibatch_k64,text_pca256_lexical_w005
70363,59,minibatch_k64,text_pca256_lexical_w005
70364,45,minibatch_k64,text_pca256_lexical_w005
70365,59,minibatch_k64,text_pca256_lexical_w005
70366,62,minibatch_k64,text_pca256_lexical_w005
70367,62,minibatch_k64,text_pca256_lexical_w005
70368,33,minibatch_k64,text_pca256_lexical_w005
70369,45,minibatch_k64,text_pca256_lexical_w005
70370,45,minibatch_k64,text_pca256_lexical_w005
70371,59,minibatch_k64,text_pca256_lexical_w005
70372,62,minibatch_k64,text_pca256_lexical_w005
70373,27,minibatch_k64,text_pca256_lexical_w005
70374,45,minibatch_k64,text_pca256_lexical_w005
70375,45,minibatch_k64,text_pca256_lexical_w005
70376,45,minibatch_k64,text_pca256_lexical_w005
70377,45,minibatch_k64,text_pca256_lexical_w005
70378,45,minibatch_k64,text_pca256_lexical_w005
70379,45,minibatch_k64,text_pca256_lexical_w005
70380,18,minibatch_k64,text_pca256_lexical_w005
70381,59,minibatch_k64,text_pca256_lexical_w005
70382,23,minibatch_k64,text_pca256_lexical_w005
70383,45,minibatch_k64,text_pca256_lexical_w005
70384,53,minibatch_k64,text_pca256_lexical_w005
70385,59,minibatch_k64,text_pca256_lexical_w005
70386,39,minibatch_k64,text_pca256_lexical_w005
70387,33,minibatch_k64,text_pca256_lexical_w005
70388,39,minibatch_k64,text_pca256_lexical_w005
70389,33,minibatch_k64,text_pca256_lexical_w005
70390,62,minibatch_k64,text_pca256_lexical_w005
70391,45,minibatch_k64,text_pca256_lexical_w005
70392,59,minibatch_k64,text_pca256_lexical_w005
70393,23,minibatch_k64,text_pca256_lexical_w005
70394,45,minibatch_k64,text_pca256_lexical_w005
70395,0,minibatch_k64,text_pca256_lexical_w005
70396,18,minibatch_k64,text_pca256_lexical_w005
70397,62,minibatch_k64,text_pca256_lexical_w005
70398,23,minibatch_k64,text_pca256_lexical_w005
70399,5,minibatch_k64,text_pca256_lexical_w005
70400,62,minibatch_k64,text_pca256_lexical_w005
70401,23,minibatch_k64,text_pca256_lexical_w005
70402,0,minibatch_k64,text_pca256_lexical_w005
70403,21,minibatch_k64,text_pca256_lexical_w005
70404,5,minibatch_k64,text_pca256_lexical_w005
70405,38,minibatch_k64,text_pca256_lexical_w005
70406,39,minibatch_k64,text_pca256_lexical_w005
70407,59,minibatch_k64,text_pca256_lexical_w005
70408,0,minibatch_k64,text_pca256_lexical_w005
70409,62,minibatch_k64,text_pca256_lexical_w005
70410,0,minibatch_k64,text_pca256_lexical_w005
70411,2,minibatch_k64,text_pca256_lexical_w005
70412,2,minibatch_k64,text_pca256_lexical_w005
70413,33,minibatch_k64,text_pca256_lexical_w005
70414,23,minibatch_k64,text_pca256_lexical_w005
70415,23,minibatch_k64,text_pca256_lexical_w005
70416,38,minibatch_k64,text_pca256_lexical_w005
70417,45,minibatch_k64,text_pca256_lexical_w005
70418,58,minibatch_k64,text_pca256_lexical_w005
70419,55,minibatch_k64,text_pca256_lexical_w005
70420,23,minibatch_k64,text_pca256_lexical_w005
70421,18,minibatch_k64,text_pca256_lexical_w005
70422,14,minibatch_k64,text_pca256_lexical_w005
70423,38,minibatch_k64,text_pca256_lexical_w005
70424,45,minibatch_k64,text_pca256_lexical_w005
70425,23,minibatch_k64,text_pca256_lexical_w005
70426,2,minibatch_k64,text_pca256_lexical_w005
70427,55,minibatch_k64,text_pca256_lexical_w005
70428,62,minibatch_k64,text_pca256_lexical_w005
70429,23,minibatch_k64,text_pca256_lexical_w005
70430,14,minibatch_k64,text_pca256_lexical_w005
70431,0,minibatch_k64,text_pca256_lexical_w005
70432,62,minibatch_k64,text_pca256_lexical_w005
70433,15,minibatch_k64,text_pca256_lexical_w005
70434,62,minibatch_k64,text_pca256_lexical_w005
70435,0,minibatch_k64,text_pca256_lexical_w005
70436,62,minibatch_k64,text_pca256_lexical_w005
70437,15,minibatch_k64,text_pca256_lexical_w005
70438,23,minibatch_k64,text_pca256_lexical_w005
70439,55,minibatch_k64,text_pca256_lexical_w005
70440,23,minibatch_k64,text_pca256_lexical_w005
70441,0,minibatch_k64,text_pca256_lexical_w005
70442,14,minibatch_k64,text_pca256_lexical_w005
70443,38,minibatch_k64,text_pca256_lexical_w005
70444,15,minibatch_k64,text_pca256_lexical_w005
70445,45,minibatch_k64,text_pca256_lexical_w005
70446,23,minibatch_k64,text_pca256_lexical_w005
70447,55,minibatch_k64,text_pca256_lexical_w005
70448,53,minibatch_k64,text_pca256_lexical_w005
70449,62,minibatch_k64,text_pca256_lexical_w005
70450,0,minibatch_k64,text_pca256_lexical_w005
70451,40,minibatch_k64,text_pca256_lexical_w005
70452,23,minibatch_k64,text_pca256_lexical_w005
70453,55,minibatch_k64,text_pca256_lexical_w005
70454,23,minibatch_k64,text_pca256_lexical_w005
70455,62,minibatch_k64,text_pca256_lexical_w005
70456,38,minibatch_k64,text_pca256_lexical_w005
70457,55,minibatch_k64,text_pca256_lexical_w005
70458,14,minibatch_k64,text_pca256_lexical_w005
70459,58,minibatch_k64,text_pca256_lexical_w005
70460,38,minibatch_k64,text_pca256_lexical_w005
70461,45,minibatch_k64,text_pca256_lexical_w005
70462,55,minibatch_k64,text_pca256_lexical_w005
70463,13,minibatch_k64,text_pca256_lexical_w005
70464,59,minibatch_k64,text_pca256_lexical_w005
70465,14,minibatch_k64,text_pca256_lexical_w005
70466,5,minibatch_k64,text_pca256_lexical_w005
70467,62,minibatch_k64,text_pca256_lexical_w005
70468,5,minibatch_k64,text_pca256_lexical_w005
70469,21,minibatch_k64,text_pca256_lexical_w005
70470,45,minibatch_k64,text_pca256_lexical_w005
70471,55,minibatch_k64,text_pca256_lexical_w005
70472,13,minibatch_k64,text_pca256_lexical_w005
70473,21,minibatch_k64,text_pca256_lexical_w005
70474,62,minibatch_k64,text_pca256_lexical_w005
70475,62,minibatch_k64,text_pca256_lexical_w005
70476,14,minibatch_k64,text_pca256_lexical_w005
70477,38,minibatch_k64,text_pca256_lexical_w005
70478,55,minibatch_k64,text_pca256_lexical_w005
70479,13,minibatch_k64,text_pca256_lexical_w005
70480,23,minibatch_k64,text_pca256_lexical_w005
70481,62,minibatch_k64,text_pca256_lexical_w005
70482,39,minibatch_k64,text_pca256_lexical_w005
70483,14,minibatch_k64,text_pca256_lexical_w005
70484,38,minibatch_k64,text_pca256_lexical_w005
70485,55,minibatch_k64,text_pca256_lexical_w005
70486,13,minibatch_k64,text_pca256_lexical_w005
70487,38,minibatch_k64,text_pca256_lexical_w005
70488,55,minibatch_k64,text_pca256_lexical_w005
70489,13,minibatch_k64,text_pca256_lexical_w005
70490,33,minibatch_k64,text_pca256_lexical_w005
70491,15,minibatch_k64,text_pca256_lexical_w005
70492,38,minibatch_k64,text_pca256_lexical_w005
70493,0,minibatch_k64,text_pca256_lexical_w005
70494,36,minibatch_k64,text_pca256_lexical_w005
70495,55,minibatch_k64,text_pca256_lexical_w005
70496,13,minibatch_k64,text_pca256_lexical_w005
70497,62,minibatch_k64,text_pca256_lexical_w005
70498,62,minibatch_k64,text_pca256_lexical_w005
70499,39,minibatch_k64,text_pca256_lexical_w005
70500,8,minibatch_k64,text_pca256_lexical_w005
70501,15,minibatch_k64,text_pca256_lexical_w005
70502,43,minibatch_k64,text_pca256_lexical_w005
70503,0,minibatch_k64,text_pca256_lexical_w005
70504,47,minibatch_k64,text_pca256_lexical_w005
70505,38,minibatch_k64,text_pca256_lexical_w005
70506,16,minibatch_k64,text_pca256_lexical_w005
70507,45,minibatch_k64,text_pca256_lexical_w005
70508,36,minibatch_k64,text_pca256_lexical_w005
70509,59,minibatch_k64,text_pca256_lexical_w005
70510,13,minibatch_k64,text_pca256_lexical_w005
70511,33,minibatch_k64,text_pca256_lexical_w005
70512,62,minibatch_k64,text_pca256_lexical_w005
70513,0,minibatch_k64,text_pca256_lexical_w005
70514,45,minibatch_k64,text_pca256_lexical_w005
70515,12,minibatch_k64,text_pca256_lexical_w005
70516,23,minibatch_k64,text_pca256_lexical_w005
70517,10,minibatch_k64,text_pca256_lexical_w005
70518,38,minibatch_k64,text_pca256_lexical_w005
70519,45,minibatch_k64,text_pca256_lexical_w005
70520,8,minibatch_k64,text_pca256_lexical_w005
70521,36,minibatch_k64,text_pca256_lexical_w005
70522,55,minibatch_k64,text_pca256_lexical_w005
70523,13,minibatch_k64,text_pca256_lexical_w005
70524,45,minibatch_k64,text_pca256_lexical_w005
70525,53,minibatch_k64,text_pca256_lexical_w005
70526,17,minibatch_k64,text_pca256_lexical_w005
70527,23,minibatch_k64,text_pca256_lexical_w005
70528,17,minibatch_k64,text_pca256_lexical_w005
70529,30,minibatch_k64,text_pca256_lexical_w005
70530,30,minibatch_k64,text_pca256_lexical_w005
70531,30,minibatch_k64,text_pca256_lexical_w005
70532,17,minibatch_k64,text_pca256_lexical_w005
70533,30,minibatch_k64,text_pca256_lexical_w005
70534,30,minibatch_k64,text_pca256_lexical_w005
70535,17,minibatch_k64,text_pca256_lexical_w005
70536,38,minibatch_k64,text_pca256_lexical_w005
70537,36,minibatch_k64,text_pca256_lexical_w005
70538,23,minibatch_k64,text_pca256_lexical_w005
70539,13,minibatch_k64,text_pca256_lexical_w005
70540,0,minibatch_k64,text_pca256_lexical_w005
70541,45,minibatch_k64,text_pca256_lexical_w005
70542,62,minibatch_k64,text_pca256_lexical_w005
70543,12,minibatch_k64,text_pca256_lexical_w005
70544,0,minibatch_k64,text_pca256_lexical_w005
70545,2,minibatch_k64,text_pca256_lexical_w005
70546,33,minibatch_k64,text_pca256_lexical_w005
70547,62,minibatch_k64,text_pca256_lexical_w005
70548,30,minibatch_k64,text_pca256_lexical_w005
70549,17,minibatch_k64,text_pca256_lexical_w005
70550,30,minibatch_k64,text_pca256_lexical_w005
70551,17,minibatch_k64,text_pca256_lexical_w005
70552,59,minibatch_k64,text_pca256_lexical_w005
70553,62,minibatch_k64,text_pca256_lexical_w005
70554,33,minibatch_k64,text_pca256_lexical_w005
70555,0,minibatch_k64,text_pca256_lexical_w005
70556,45,minibatch_k64,text_pca256_lexical_w005
70557,0,minibatch_k64,text_pca256_lexical_w005
70558,0,minibatch_k64,text_pca256_lexical_w005
70559,33,minibatch_k64,text_pca256_lexical_w005
70560,33,minibatch_k64,text_pca256_lexical_w005
70561,33,minibatch_k64,text_pca256_lexical_w005
70562,15,minibatch_k64,text_pca256_lexical_w005
70563,15,minibatch_k64,text_pca256_lexical_w005
70564,0,minibatch_k64,text_pca256_lexical_w005
70565,33,minibatch_k64,text_pca256_lexical_w005
70566,33,minibatch_k64,text_pca256_lexical_w005
70567,33,minibatch_k64,text_pca256_lexical_w005
70568,33,minibatch_k64,text_pca256_lexical_w005
70569,21,minibatch_k64,text_pca256_lexical_w005
70570,15,minibatch_k64,text_pca256_lexical_w005
70571,62,minibatch_k64,text_pca256_lexical_w005
70572,0,minibatch_k64,text_pca256_lexical_w005
70573,8,minibatch_k64,text_pca256_lexical_w005
70574,15,minibatch_k64,text_pca256_lexical_w005
70575,0,minibatch_k64,text_pca256_lexical_w005
70576,0,minibatch_k64,text_pca256_lexical_w005
70577,23,minibatch_k64,text_pca256_lexical_w005
70578,39,minibatch_k64,text_pca256_lexical_w005
70579,8,minibatch_k64,text_pca256_lexical_w005
70580,15,minibatch_k64,text_pca256_lexical_w005
70581,21,minibatch_k64,text_pca256_lexical_w005
70582,0,minibatch_k64,text_pca256_lexical_w005
70583,8,minibatch_k64,text_pca256_lexical_w005
70584,8,minibatch_k64,text_pca256_lexical_w005
70585,0,minibatch_k64,text_pca256_lexical_w005
70586,0,minibatch_k64,text_pca256_lexical_w005
70587,45,minibatch_k64,text_pca256_lexical_w005
70588,0,minibatch_k64,text_pca256_lexical_w005
70589,34,minibatch_k64,text_pca256_lexical_w005
70590,62,minibatch_k64,text_pca256_lexical_w005
70591,0,minibatch_k64,text_pca256_lexical_w005
70592,7,minibatch_k64,text_pca256_lexical_w005
70593,34,minibatch_k64,text_pca256_lexical_w005
70594,7,minibatch_k64,text_pca256_lexical_w005
70595,33,minibatch_k64,text_pca256_lexical_w005
70596,34,minibatch_k64,text_pca256_lexical_w005
70597,53,minibatch_k64,text_pca256_lexical_w005
70598,7,minibatch_k64,text_pca256_lexical_w005
70599,34,minibatch_k64,text_pca256_lexical_w005
70600,45,minibatch_k64,text_pca256_lexical_w005
70601,0,minibatch_k64,text_pca256_lexical_w005
70602,23,minibatch_k64,text_pca256_lexical_w005
70603,62,minibatch_k64,text_pca256_lexical_w005
70604,33,minibatch_k64,text_pca256_lexical_w005
70605,50,minibatch_k64,text_pca256_lexical_w005
70606,2,minibatch_k64,text_pca256_lexical_w005
70607,0,minibatch_k64,text_pca256_lexical_w005
70608,21,minibatch_k64,text_pca256_lexical_w005
70609,10,minibatch_k64,text_pca256_lexical_w005
70610,0,minibatch_k64,text_pca256_lexical_w005
70611,0,minibatch_k64,text_pca256_lexical_w005
70612,34,minibatch_k64,text_pca256_lexical_w005
70613,7,minibatch_k64,text_pca256_lexical_w005
70614,23,minibatch_k64,text_pca256_lexical_w005
70615,0,minibatch_k64,text_pca256_lexical_w005
70616,0,minibatch_k64,text_pca256_lexical_w005
70617,21,minibatch_k64,text_pca256_lexical_w005
70618,8,minibatch_k64,text_pca256_lexical_w005
70619,8,minibatch_k64,text_pca256_lexical_w005
70620,62,minibatch_k64,text_pca256_lexical_w005
70621,45,minibatch_k64,text_pca256_lexical_w005
70622,39,minibatch_k64,text_pca256_lexical_w005
70623,10,minibatch_k64,text_pca256_lexical_w005
70624,23,minibatch_k64,text_pca256_lexical_w005
70625,10,minibatch_k64,text_pca256_lexical_w005
70626,34,minibatch_k64,text_pca256_lexical_w005
70627,0,minibatch_k64,text_pca256_lexical_w005
70628,59,minibatch_k64,text_pca256_lexical_w005
70629,23,minibatch_k64,text_pca256_lexical_w005
70630,62,minibatch_k64,text_pca256_lexical_w005
70631,62,minibatch_k64,text_pca256_lexical_w005
70632,33,minibatch_k64,text_pca256_lexical_w005
70633,62,minibatch_k64,text_pca256_lexical_w005
70634,34,minibatch_k64,text_pca256_lexical_w005
70635,0,minibatch_k64,text_pca256_lexical_w005
70636,62,minibatch_k64,text_pca256_lexical_w005
70637,62,minibatch_k64,text_pca256_lexical_w005
70638,0,minibatch_k64,text_pca256_lexical_w005
70639,33,minibatch_k64,text_pca256_lexical_w005
70640,33,minibatch_k64,text_pca256_lexical_w005
70641,33,minibatch_k64,text_pca256_lexical_w005
70642,0,minibatch_k64,text_pca256_lexical_w005
70643,62,minibatch_k64,text_pca256_lexical_w005
70644,23,minibatch_k64,text_pca256_lexical_w005
70645,10,minibatch_k64,text_pca256_lexical_w005
70646,8,minibatch_k64,text_pca256_lexical_w005
70647,62,minibatch_k64,text_pca256_lexical_w005
70648,62,minibatch_k64,text_pca256_lexical_w005
70649,15,minibatch_k64,text_pca256_lexical_w005
70650,0,minibatch_k64,text_pca256_lexical_w005
70651,43,minibatch_k64,text_pca256_lexical_w005
70652,34,minibatch_k64,text_pca256_lexical_w005
70653,43,minibatch_k64,text_pca256_lexical_w005
70654,62,minibatch_k64,text_pca256_lexical_w005
70655,34,minibatch_k64,text_pca256_lexical_w005
70656,34,minibatch_k64,text_pca256_lexical_w005
70657,7,minibatch_k64,text_pca256_lexical_w005
70658,34,minibatch_k64,text_pca256_lexical_w005
70659,34,minibatch_k64,text_pca256_lexical_w005
70660,34,minibatch_k64,text_pca256_lexical_w005
70661,8,minibatch_k64,text_pca256_lexical_w005
70662,8,minibatch_k64,text_pca256_lexical_w005
70663,34,minibatch_k64,text_pca256_lexical_w005
70664,62,minibatch_k64,text_pca256_lexical_w005
70665,34,minibatch_k64,text_pca256_lexical_w005
70666,34,minibatch_k64,text_pca256_lexical_w005
70667,34,minibatch_k64,text_pca256_lexical_w005
70668,34,minibatch_k64,text_pca256_lexical_w005
70669,34,minibatch_k64,text_pca256_lexical_w005
70670,7,minibatch_k64,text_pca256_lexical_w005
70671,34,minibatch_k64,text_pca256_lexical_w005
70672,34,minibatch_k64,text_pca256_lexical_w005
70673,34,minibatch_k64,text_pca256_lexical_w005
70674,34,minibatch_k64,text_pca256_lexical_w005
70675,34,minibatch_k64,text_pca256_lexical_w005
70676,34,minibatch_k64,text_pca256_lexical_w005
70677,62,minibatch_k64,text_pca256_lexical_w005
70678,10,minibatch_k64,text_pca256_lexical_w005
70679,33,minibatch_k64,text_pca256_lexical_w005
70680,59,minibatch_k64,text_pca256_lexical_w005
70681,53,minibatch_k64,text_pca256_lexical_w005
70682,42,minibatch_k64,text_pca256_lexical_w005
70683,5,minibatch_k64,text_pca256_lexical_w005
70684,5,minibatch_k64,text_pca256_lexical_w005
70685,5,minibatch_k64,text_pca256_lexical_w005
70686,8,minibatch_k64,text_pca256_lexical_w005
70687,5,minibatch_k64,text_pca256_lexical_w005
70688,59,minibatch_k64,text_pca256_lexical_w005
70689,45,minibatch_k64,text_pca256_lexical_w005
70690,33,minibatch_k64,text_pca256_lexical_w005
70691,23,minibatch_k64,text_pca256_lexical_w005
70692,23,minibatch_k64,text_pca256_lexical_w005
70693,23,minibatch_k64,text_pca256_lexical_w005
70694,0,minibatch_k64,text_pca256_lexical_w005
70695,8,minibatch_k64,text_pca256_lexical_w005
70696,42,minibatch_k64,text_pca256_lexical_w005
70697,33,minibatch_k64,text_pca256_lexical_w005
70698,42,minibatch_k64,text_pca256_lexical_w005
70699,47,minibatch_k64,text_pca256_lexical_w005
70700,18,minibatch_k64,text_pca256_lexical_w005
70701,4,minibatch_k64,text_pca256_lexical_w005
70702,62,minibatch_k64,text_pca256_lexical_w005
70703,8,minibatch_k64,text_pca256_lexical_w005
70704,0,minibatch_k64,text_pca256_lexical_w005
70705,0,minibatch_k64,text_pca256_lexical_w005
70706,15,minibatch_k64,text_pca256_lexical_w005
70707,8,minibatch_k64,text_pca256_lexical_w005
70708,8,minibatch_k64,text_pca256_lexical_w005
70709,62,minibatch_k64,text_pca256_lexical_w005
70710,0,minibatch_k64,text_pca256_lexical_w005
70711,0,minibatch_k64,text_pca256_lexical_w005
70712,62,minibatch_k64,text_pca256_lexical_w005
70713,62,minibatch_k64,text_pca256_lexical_w005
70714,62,minibatch_k64,text_pca256_lexical_w005
70715,8,minibatch_k64,text_pca256_lexical_w005
70716,0,minibatch_k64,text_pca256_lexical_w005
70717,62,minibatch_k64,text_pca256_lexical_w005
70718,33,minibatch_k64,text_pca256_lexical_w005
70719,62,minibatch_k64,text_pca256_lexical_w005
70720,42,minibatch_k64,text_pca256_lexical_w005
70721,0,minibatch_k64,text_pca256_lexical_w005
70722,5,minibatch_k64,text_pca256_lexical_w005
70723,39,minibatch_k64,text_pca256_lexical_w005
70724,5,minibatch_k64,text_pca256_lexical_w005
70725,5,minibatch_k64,text_pca256_lexical_w005
70726,62,minibatch_k64,text_pca256_lexical_w005
70727,0,minibatch_k64,text_pca256_lexical_w005
70728,21,minibatch_k64,text_pca256_lexical_w005
70729,8,minibatch_k64,text_pca256_lexical_w005
70730,23,minibatch_k64,text_pca256_lexical_w005
70731,45,minibatch_k64,text_pca256_lexical_w005
70732,45,minibatch_k64,text_pca256_lexical_w005
70733,8,minibatch_k64,text_pca256_lexical_w005
70734,8,minibatch_k64,text_pca256_lexical_w005
70735,62,minibatch_k64,text_pca256_lexical_w005
70736,45,minibatch_k64,text_pca256_lexical_w005
70737,23,minibatch_k64,text_pca256_lexical_w005
70738,5,minibatch_k64,text_pca256_lexical_w005
70739,4,minibatch_k64,text_pca256_lexical_w005
70740,8,minibatch_k64,text_pca256_lexical_w005
70741,10,minibatch_k64,text_pca256_lexical_w005
70742,62,minibatch_k64,text_pca256_lexical_w005
70743,0,minibatch_k64,text_pca256_lexical_w005
70744,0,minibatch_k64,text_pca256_lexical_w005
70745,62,minibatch_k64,text_pca256_lexical_w005
70746,56,minibatch_k64,text_pca256_lexical_w005
70747,62,minibatch_k64,text_pca256_lexical_w005
70748,33,minibatch_k64,text_pca256_lexical_w005
70749,42,minibatch_k64,text_pca256_lexical_w005
70750,0,minibatch_k64,text_pca256_lexical_w005
70751,62,minibatch_k64,text_pca256_lexical_w005
70752,39,minibatch_k64,text_pca256_lexical_w005
70753,62,minibatch_k64,text_pca256_lexical_w005
70754,62,minibatch_k64,text_pca256_lexical_w005
70755,14,minibatch_k64,text_pca256_lexical_w005
70756,5,minibatch_k64,text_pca256_lexical_w005
70757,5,minibatch_k64,text_pca256_lexical_w005
70758,5,minibatch_k64,text_pca256_lexical_w005
70759,5,minibatch_k64,text_pca256_lexical_w005
70760,5,minibatch_k64,text_pca256_lexical_w005
70761,5,minibatch_k64,text_pca256_lexical_w005
70762,0,minibatch_k64,text_pca256_lexical_w005
70763,8,minibatch_k64,text_pca256_lexical_w005
70764,5,minibatch_k64,text_pca256_lexical_w005
70765,8,minibatch_k64,text_pca256_lexical_w005
70766,10,minibatch_k64,text_pca256_lexical_w005
70767,23,minibatch_k64,text_pca256_lexical_w005
70768,0,minibatch_k64,text_pca256_lexical_w005
70769,5,minibatch_k64,text_pca256_lexical_w005
70770,45,minibatch_k64,text_pca256_lexical_w005
70771,33,minibatch_k64,text_pca256_lexical_w005
70772,33,minibatch_k64,text_pca256_lexical_w005
70773,33,minibatch_k64,text_pca256_lexical_w005
70774,0,minibatch_k64,text_pca256_lexical_w005
70775,45,minibatch_k64,text_pca256_lexical_w005
70776,45,minibatch_k64,text_pca256_lexical_w005
70777,39,minibatch_k64,text_pca256_lexical_w005
70778,21,minibatch_k64,text_pca256_lexical_w005
70779,23,minibatch_k64,text_pca256_lexical_w005
70780,23,minibatch_k64,text_pca256_lexical_w005
70781,62,minibatch_k64,text_pca256_lexical_w005
70782,59,minibatch_k64,text_pca256_lexical_w005
70783,33,minibatch_k64,text_pca256_lexical_w005
70784,0,minibatch_k64,text_pca256_lexical_w005
70785,33,minibatch_k64,text_pca256_lexical_w005
70786,45,minibatch_k64,text_pca256_lexical_w005
70787,53,minibatch_k64,text_pca256_lexical_w005
70788,38,minibatch_k64,text_pca256_lexical_w005
70789,45,minibatch_k64,text_pca256_lexical_w005
70790,58,minibatch_k64,text_pca256_lexical_w005
70791,45,minibatch_k64,text_pca256_lexical_w005
70792,23,minibatch_k64,text_pca256_lexical_w005
70793,55,minibatch_k64,text_pca256_lexical_w005
70794,22,minibatch_k64,text_pca256_lexical_w005
70795,45,minibatch_k64,text_pca256_lexical_w005
70796,5,minibatch_k64,text_pca256_lexical_w005
70797,45,minibatch_k64,text_pca256_lexical_w005
70798,59,minibatch_k64,text_pca256_lexical_w005
70799,8,minibatch_k64,text_pca256_lexical_w005
70800,45,minibatch_k64,text_pca256_lexical_w005
70801,62,minibatch_k64,text_pca256_lexical_w005
70802,25,minibatch_k64,text_pca256_lexical_w005
70803,0,minibatch_k64,text_pca256_lexical_w005
70804,33,minibatch_k64,text_pca256_lexical_w005
70805,33,minibatch_k64,text_pca256_lexical_w005
70806,15,minibatch_k64,text_pca256_lexical_w005
70807,62,minibatch_k64,text_pca256_lexical_w005
70808,8,minibatch_k64,text_pca256_lexical_w005
70809,0,minibatch_k64,text_pca256_lexical_w005
70810,29,minibatch_k64,text_pca256_lexical_w005
70811,10,minibatch_k64,text_pca256_lexical_w005
70812,53,minibatch_k64,text_pca256_lexical_w005
70813,62,minibatch_k64,text_pca256_lexical_w005
70814,29,minibatch_k64,text_pca256_lexical_w005
70815,29,minibatch_k64,text_pca256_lexical_w005
70816,8,minibatch_k64,text_pca256_lexical_w005
70817,56,minibatch_k64,text_pca256_lexical_w005
70818,15,minibatch_k64,text_pca256_lexical_w005
70819,8,minibatch_k64,text_pca256_lexical_w005
70820,42,minibatch_k64,text_pca256_lexical_w005
70821,39,minibatch_k64,text_pca256_lexical_w005
70822,15,minibatch_k64,text_pca256_lexical_w005
70823,0,minibatch_k64,text_pca256_lexical_w005
70824,0,minibatch_k64,text_pca256_lexical_w005
70825,62,minibatch_k64,text_pca256_lexical_w005
70826,62,minibatch_k64,text_pca256_lexical_w005
70827,62,minibatch_k64,text_pca256_lexical_w005
70828,62,minibatch_k64,text_pca256_lexical_w005
70829,8,minibatch_k64,text_pca256_lexical_w005
70830,8,minibatch_k64,text_pca256_lexical_w005
70831,62,minibatch_k64,text_pca256_lexical_w005
70832,0,minibatch_k64,text_pca256_lexical_w005
70833,18,minibatch_k64,text_pca256_lexical_w005
70834,53,minibatch_k64,text_pca256_lexical_w005
70835,62,minibatch_k64,text_pca256_lexical_w005
70836,61,minibatch_k64,text_pca256_lexical_w005
70837,62,minibatch_k64,text_pca256_lexical_w005
70838,59,minibatch_k64,text_pca256_lexical_w005
70839,23,minibatch_k64,text_pca256_lexical_w005
70840,62,minibatch_k64,text_pca256_lexical_w005
70841,42,minibatch_k64,text_pca256_lexical_w005
70842,53,minibatch_k64,text_pca256_lexical_w005
70843,0,minibatch_k64,text_pca256_lexical_w005
70844,0,minibatch_k64,text_pca256_lexical_w005
70845,62,minibatch_k64,text_pca256_lexical_w005
70846,21,minibatch_k64,text_pca256_lexical_w005
70847,5,minibatch_k64,text_pca256_lexical_w005
70848,5,minibatch_k64,text_pca256_lexical_w005
70849,42,minibatch_k64,text_pca256_lexical_w005
70850,15,minibatch_k64,text_pca256_lexical_w005
70851,8,minibatch_k64,text_pca256_lexical_w005
70852,29,minibatch_k64,text_pca256_lexical_w005
70853,29,minibatch_k64,text_pca256_lexical_w005
70854,29,minibatch_k64,text_pca256_lexical_w005
70855,8,minibatch_k64,text_pca256_lexical_w005
70856,15,minibatch_k64,text_pca256_lexical_w005
70857,45,minibatch_k64,text_pca256_lexical_w005
70858,62,minibatch_k64,text_pca256_lexical_w005
70859,15,minibatch_k64,text_pca256_lexical_w005
70860,62,minibatch_k64,text_pca256_lexical_w005
70861,45,minibatch_k64,text_pca256_lexical_w005
70862,33,minibatch_k64,text_pca256_lexical_w005
70863,10,minibatch_k64,text_pca256_lexical_w005
70864,23,minibatch_k64,text_pca256_lexical_w005
70865,0,minibatch_k64,text_pca256_lexical_w005
70866,18,minibatch_k64,text_pca256_lexical_w005
70867,45,minibatch_k64,text_pca256_lexical_w005
70868,38,minibatch_k64,text_pca256_lexical_w005
70869,39,minibatch_k64,text_pca256_lexical_w005
70870,58,minibatch_k64,text_pca256_lexical_w005
70871,45,minibatch_k64,text_pca256_lexical_w005
70872,55,minibatch_k64,text_pca256_lexical_w005
70873,45,minibatch_k64,text_pca256_lexical_w005
70874,62,minibatch_k64,text_pca256_lexical_w005
70875,25,minibatch_k64,text_pca256_lexical_w005
70876,8,minibatch_k64,text_pca256_lexical_w005
70877,62,minibatch_k64,text_pca256_lexical_w005
70878,0,minibatch_k64,text_pca256_lexical_w005
70879,0,minibatch_k64,text_pca256_lexical_w005
70880,0,minibatch_k64,text_pca256_lexical_w005
70881,10,minibatch_k64,text_pca256_lexical_w005
70882,0,minibatch_k64,text_pca256_lexical_w005
70883,15,minibatch_k64,text_pca256_lexical_w005
70884,42,minibatch_k64,text_pca256_lexical_w005
70885,15,minibatch_k64,text_pca256_lexical_w005
70886,62,minibatch_k64,text_pca256_lexical_w005
70887,62,minibatch_k64,text_pca256_lexical_w005
70888,33,minibatch_k64,text_pca256_lexical_w005
70889,8,minibatch_k64,text_pca256_lexical_w005
70890,62,minibatch_k64,text_pca256_lexical_w005
70891,62,minibatch_k64,text_pca256_lexical_w005
70892,0,minibatch_k64,text_pca256_lexical_w005
70893,62,minibatch_k64,text_pca256_lexical_w005
70894,33,minibatch_k64,text_pca256_lexical_w005
70895,4,minibatch_k64,text_pca256_lexical_w005
70896,5,minibatch_k64,text_pca256_lexical_w005
70897,42,minibatch_k64,text_pca256_lexical_w005
70898,5,minibatch_k64,text_pca256_lexical_w005
70899,10,minibatch_k64,text_pca256_lexical_w005
70900,29,minibatch_k64,text_pca256_lexical_w005
70901,23,minibatch_k64,text_pca256_lexical_w005
70902,45,minibatch_k64,text_pca256_lexical_w005
70903,10,minibatch_k64,text_pca256_lexical_w005
70904,45,minibatch_k64,text_pca256_lexical_w005
70905,45,minibatch_k64,text_pca256_lexical_w005
70906,0,minibatch_k64,text_pca256_lexical_w005
70907,45,minibatch_k64,text_pca256_lexical_w005
70908,45,minibatch_k64,text_pca256_lexical_w005
70909,45,minibatch_k64,text_pca256_lexical_w005
70910,0,minibatch_k64,text_pca256_lexical_w005
70911,23,minibatch_k64,text_pca256_lexical_w005
70912,38,minibatch_k64,text_pca256_lexical_w005
70913,58,minibatch_k64,text_pca256_lexical_w005
70914,45,minibatch_k64,text_pca256_lexical_w005
70915,45,minibatch_k64,text_pca256_lexical_w005
70916,55,minibatch_k64,text_pca256_lexical_w005
70917,63,minibatch_k64,text_pca256_lexical_w005
70918,25,minibatch_k64,text_pca256_lexical_w005
70919,0,minibatch_k64,text_pca256_lexical_w005
70920,10,minibatch_k64,text_pca256_lexical_w005
70921,62,minibatch_k64,text_pca256_lexical_w005
70922,0,minibatch_k64,text_pca256_lexical_w005
70923,62,minibatch_k64,text_pca256_lexical_w005
70924,0,minibatch_k64,text_pca256_lexical_w005
70925,8,minibatch_k64,text_pca256_lexical_w005
70926,62,minibatch_k64,text_pca256_lexical_w005
70927,8,minibatch_k64,text_pca256_lexical_w005
70928,8,minibatch_k64,text_pca256_lexical_w005
70929,10,minibatch_k64,text_pca256_lexical_w005
70930,42,minibatch_k64,text_pca256_lexical_w005
70931,23,minibatch_k64,text_pca256_lexical_w005
70932,62,minibatch_k64,text_pca256_lexical_w005
70933,62,minibatch_k64,text_pca256_lexical_w005
70934,45,minibatch_k64,text_pca256_lexical_w005
70935,5,minibatch_k64,text_pca256_lexical_w005
70936,5,minibatch_k64,text_pca256_lexical_w005
70937,42,minibatch_k64,text_pca256_lexical_w005
70938,33,minibatch_k64,text_pca256_lexical_w005
70939,53,minibatch_k64,text_pca256_lexical_w005
70940,62,minibatch_k64,text_pca256_lexical_w005
70941,45,minibatch_k64,text_pca256_lexical_w005
70942,0,minibatch_k64,text_pca256_lexical_w005
70943,38,minibatch_k64,text_pca256_lexical_w005
70944,58,minibatch_k64,text_pca256_lexical_w005
70945,45,minibatch_k64,text_pca256_lexical_w005
70946,29,minibatch_k64,text_pca256_lexical_w005
70947,45,minibatch_k64,text_pca256_lexical_w005
70948,55,minibatch_k64,text_pca256_lexical_w005
70949,62,minibatch_k64,text_pca256_lexical_w005
70950,45,minibatch_k64,text_pca256_lexical_w005
70951,62,minibatch_k64,text_pca256_lexical_w005
70952,8,minibatch_k64,text_pca256_lexical_w005
70953,62,minibatch_k64,text_pca256_lexical_w005
70954,25,minibatch_k64,text_pca256_lexical_w005
70955,59,minibatch_k64,text_pca256_lexical_w005
70956,62,minibatch_k64,text_pca256_lexical_w005
70957,62,minibatch_k64,text_pca256_lexical_w005
70958,62,minibatch_k64,text_pca256_lexical_w005
70959,0,minibatch_k64,text_pca256_lexical_w005
70960,53,minibatch_k64,text_pca256_lexical_w005
70961,8,minibatch_k64,text_pca256_lexical_w005
70962,62,minibatch_k64,text_pca256_lexical_w005
70963,21,minibatch_k64,text_pca256_lexical_w005
70964,0,minibatch_k64,text_pca256_lexical_w005
70965,15,minibatch_k64,text_pca256_lexical_w005
70966,62,minibatch_k64,text_pca256_lexical_w005
70967,50,minibatch_k64,text_pca256_lexical_w005
70968,62,minibatch_k64,text_pca256_lexical_w005
70969,62,minibatch_k64,text_pca256_lexical_w005
70970,0,minibatch_k64,text_pca256_lexical_w005
70971,10,minibatch_k64,text_pca256_lexical_w005
70972,42,minibatch_k64,text_pca256_lexical_w005
70973,14,minibatch_k64,text_pca256_lexical_w005
70974,62,minibatch_k64,text_pca256_lexical_w005
70975,33,minibatch_k64,text_pca256_lexical_w005
70976,0,minibatch_k64,text_pca256_lexical_w005
70977,8,minibatch_k64,text_pca256_lexical_w005
70978,0,minibatch_k64,text_pca256_lexical_w005
70979,33,minibatch_k64,text_pca256_lexical_w005
70980,45,minibatch_k64,text_pca256_lexical_w005
70981,58,minibatch_k64,text_pca256_lexical_w005
70982,58,minibatch_k64,text_pca256_lexical_w005
70983,45,minibatch_k64,text_pca256_lexical_w005
70984,45,minibatch_k64,text_pca256_lexical_w005
70985,55,minibatch_k64,text_pca256_lexical_w005
70986,63,minibatch_k64,text_pca256_lexical_w005
70987,45,minibatch_k64,text_pca256_lexical_w005
70988,4,minibatch_k64,text_pca256_lexical_w005
70989,8,minibatch_k64,text_pca256_lexical_w005
70990,4,minibatch_k64,text_pca256_lexical_w005
70991,4,minibatch_k64,text_pca256_lexical_w005
70992,8,minibatch_k64,text_pca256_lexical_w005
70993,25,minibatch_k64,text_pca256_lexical_w005
70994,0,minibatch_k64,text_pca256_lexical_w005
70995,62,minibatch_k64,text_pca256_lexical_w005
70996,5,minibatch_k64,text_pca256_lexical_w005
70997,62,minibatch_k64,text_pca256_lexical_w005
70998,33,minibatch_k64,text_pca256_lexical_w005
70999,15,minibatch_k64,text_pca256_lexical_w005
71000,15,minibatch_k64,text_pca256_lexical_w005
71001,62,minibatch_k64,text_pca256_lexical_w005
71002,14,minibatch_k64,text_pca256_lexical_w005
71003,8,minibatch_k64,text_pca256_lexical_w005
71004,59,minibatch_k64,text_pca256_lexical_w005
71005,62,minibatch_k64,text_pca256_lexical_w005
71006,42,minibatch_k64,text_pca256_lexical_w005
71007,0,minibatch_k64,text_pca256_lexical_w005
71008,45,minibatch_k64,text_pca256_lexical_w005
71009,62,minibatch_k64,text_pca256_lexical_w005
71010,23,minibatch_k64,text_pca256_lexical_w005
71011,62,minibatch_k64,text_pca256_lexical_w005
71012,62,minibatch_k64,text_pca256_lexical_w005
71013,10,minibatch_k64,text_pca256_lexical_w005
71014,45,minibatch_k64,text_pca256_lexical_w005
71015,62,minibatch_k64,text_pca256_lexical_w005
71016,0,minibatch_k64,text_pca256_lexical_w005
71017,62,minibatch_k64,text_pca256_lexical_w005
71018,58,minibatch_k64,text_pca256_lexical_w005
71019,58,minibatch_k64,text_pca256_lexical_w005
71020,45,minibatch_k64,text_pca256_lexical_w005
71021,45,minibatch_k64,text_pca256_lexical_w005
71022,42,minibatch_k64,text_pca256_lexical_w005
71023,55,minibatch_k64,text_pca256_lexical_w005
71024,63,minibatch_k64,text_pca256_lexical_w005
71025,45,minibatch_k64,text_pca256_lexical_w005
71026,62,minibatch_k64,text_pca256_lexical_w005
71027,25,minibatch_k64,text_pca256_lexical_w005
71028,0,minibatch_k64,text_pca256_lexical_w005
71029,8,minibatch_k64,text_pca256_lexical_w005
71030,8,minibatch_k64,text_pca256_lexical_w005
71031,42,minibatch_k64,text_pca256_lexical_w005
71032,50,minibatch_k64,text_pca256_lexical_w005
71033,21,minibatch_k64,text_pca256_lexical_w005
71034,33,minibatch_k64,text_pca256_lexical_w005
71035,0,minibatch_k64,text_pca256_lexical_w005
71036,50,minibatch_k64,text_pca256_lexical_w005
71037,33,minibatch_k64,text_pca256_lexical_w005
71038,0,minibatch_k64,text_pca256_lexical_w005
71039,62,minibatch_k64,text_pca256_lexical_w005
71040,0,minibatch_k64,text_pca256_lexical_w005
71041,23,minibatch_k64,text_pca256_lexical_w005
71042,62,minibatch_k64,text_pca256_lexical_w005
71043,21,minibatch_k64,text_pca256_lexical_w005
71044,42,minibatch_k64,text_pca256_lexical_w005
71045,10,minibatch_k64,text_pca256_lexical_w005
71046,0,minibatch_k64,text_pca256_lexical_w005
71047,14,minibatch_k64,text_pca256_lexical_w005
71048,0,minibatch_k64,text_pca256_lexical_w005
71049,42,minibatch_k64,text_pca256_lexical_w005
71050,10,minibatch_k64,text_pca256_lexical_w005
71051,15,minibatch_k64,text_pca256_lexical_w005
71052,0,minibatch_k64,text_pca256_lexical_w005
71053,58,minibatch_k64,text_pca256_lexical_w005
71054,58,minibatch_k64,text_pca256_lexical_w005
71055,45,minibatch_k64,text_pca256_lexical_w005
71056,55,minibatch_k64,text_pca256_lexical_w005
71057,63,minibatch_k64,text_pca256_lexical_w005
71058,4,minibatch_k64,text_pca256_lexical_w005
71059,25,minibatch_k64,text_pca256_lexical_w005
71060,0,minibatch_k64,text_pca256_lexical_w005
71061,0,minibatch_k64,text_pca256_lexical_w005
71062,33,minibatch_k64,text_pca256_lexical_w005
71063,62,minibatch_k64,text_pca256_lexical_w005
71064,15,minibatch_k64,text_pca256_lexical_w005
71065,42,minibatch_k64,text_pca256_lexical_w005
71066,33,minibatch_k64,text_pca256_lexical_w005
71067,33,minibatch_k64,text_pca256_lexical_w005
71068,62,minibatch_k64,text_pca256_lexical_w005
71069,56,minibatch_k64,text_pca256_lexical_w005
71070,14,minibatch_k64,text_pca256_lexical_w005
71071,21,minibatch_k64,text_pca256_lexical_w005
71072,5,minibatch_k64,text_pca256_lexical_w005
71073,23,minibatch_k64,text_pca256_lexical_w005
71074,23,minibatch_k64,text_pca256_lexical_w005
71075,42,minibatch_k64,text_pca256_lexical_w005
71076,45,minibatch_k64,text_pca256_lexical_w005
71077,38,minibatch_k64,text_pca256_lexical_w005
71078,33,minibatch_k64,text_pca256_lexical_w005
71079,10,minibatch_k64,text_pca256_lexical_w005
71080,58,minibatch_k64,text_pca256_lexical_w005
71081,45,minibatch_k64,text_pca256_lexical_w005
71082,55,minibatch_k64,text_pca256_lexical_w005
71083,13,minibatch_k64,text_pca256_lexical_w005
71084,45,minibatch_k64,text_pca256_lexical_w005
71085,45,minibatch_k64,text_pca256_lexical_w005
71086,8,minibatch_k64,text_pca256_lexical_w005
71087,4,minibatch_k64,text_pca256_lexical_w005
71088,5,minibatch_k64,text_pca256_lexical_w005
71089,15,minibatch_k64,text_pca256_lexical_w005
71090,25,minibatch_k64,text_pca256_lexical_w005
71091,62,minibatch_k64,text_pca256_lexical_w005
71092,62,minibatch_k64,text_pca256_lexical_w005
71093,50,minibatch_k64,text_pca256_lexical_w005
71094,21,minibatch_k64,text_pca256_lexical_w005
71095,39,minibatch_k64,text_pca256_lexical_w005
71096,39,minibatch_k64,text_pca256_lexical_w005
71097,21,minibatch_k64,text_pca256_lexical_w005
71098,62,minibatch_k64,text_pca256_lexical_w005
71099,5,minibatch_k64,text_pca256_lexical_w005
71100,62,minibatch_k64,text_pca256_lexical_w005
71101,59,minibatch_k64,text_pca256_lexical_w005
71102,14,minibatch_k64,text_pca256_lexical_w005
71103,39,minibatch_k64,text_pca256_lexical_w005
71104,45,minibatch_k64,text_pca256_lexical_w005
71105,45,minibatch_k64,text_pca256_lexical_w005
71106,23,minibatch_k64,text_pca256_lexical_w005
71107,45,minibatch_k64,text_pca256_lexical_w005
71108,42,minibatch_k64,text_pca256_lexical_w005
71109,62,minibatch_k64,text_pca256_lexical_w005
71110,5,minibatch_k64,text_pca256_lexical_w005
71111,0,minibatch_k64,text_pca256_lexical_w005
71112,0,minibatch_k64,text_pca256_lexical_w005
71113,5,minibatch_k64,text_pca256_lexical_w005
71114,5,minibatch_k64,text_pca256_lexical_w005
71115,5,minibatch_k64,text_pca256_lexical_w005
71116,5,minibatch_k64,text_pca256_lexical_w005
71117,5,minibatch_k64,text_pca256_lexical_w005
71118,5,minibatch_k64,text_pca256_lexical_w005
71119,45,minibatch_k64,text_pca256_lexical_w005
71120,0,minibatch_k64,text_pca256_lexical_w005
71121,45,minibatch_k64,text_pca256_lexical_w005
71122,45,minibatch_k64,text_pca256_lexical_w005
71123,5,minibatch_k64,text_pca256_lexical_w005
71124,4,minibatch_k64,text_pca256_lexical_w005
71125,62,minibatch_k64,text_pca256_lexical_w005
71126,45,minibatch_k64,text_pca256_lexical_w005
71127,15,minibatch_k64,text_pca256_lexical_w005
71128,62,minibatch_k64,text_pca256_lexical_w005
71129,33,minibatch_k64,text_pca256_lexical_w005
71130,42,minibatch_k64,text_pca256_lexical_w005
71131,0,minibatch_k64,text_pca256_lexical_w005
71132,62,minibatch_k64,text_pca256_lexical_w005
71133,5,minibatch_k64,text_pca256_lexical_w005
71134,5,minibatch_k64,text_pca256_lexical_w005
71135,62,minibatch_k64,text_pca256_lexical_w005
71136,5,minibatch_k64,text_pca256_lexical_w005
71137,5,minibatch_k64,text_pca256_lexical_w005
71138,5,minibatch_k64,text_pca256_lexical_w005
71139,0,minibatch_k64,text_pca256_lexical_w005
71140,5,minibatch_k64,text_pca256_lexical_w005
71141,0,minibatch_k64,text_pca256_lexical_w005
71142,0,minibatch_k64,text_pca256_lexical_w005
71143,5,minibatch_k64,text_pca256_lexical_w005
71144,15,minibatch_k64,text_pca256_lexical_w005
71145,0,minibatch_k64,text_pca256_lexical_w005
71146,0,minibatch_k64,text_pca256_lexical_w005
71147,0,minibatch_k64,text_pca256_lexical_w005
71148,5,minibatch_k64,text_pca256_lexical_w005
71149,50,minibatch_k64,text_pca256_lexical_w005
71150,15,minibatch_k64,text_pca256_lexical_w005
71151,33,minibatch_k64,text_pca256_lexical_w005
71152,5,minibatch_k64,text_pca256_lexical_w005
71153,62,minibatch_k64,text_pca256_lexical_w005
71154,33,minibatch_k64,text_pca256_lexical_w005
71155,56,minibatch_k64,text_pca256_lexical_w005
71156,5,minibatch_k64,text_pca256_lexical_w005
71157,5,minibatch_k64,text_pca256_lexical_w005
71158,8,minibatch_k64,text_pca256_lexical_w005
71159,39,minibatch_k64,text_pca256_lexical_w005
71160,45,minibatch_k64,text_pca256_lexical_w005
71161,38,minibatch_k64,text_pca256_lexical_w005
71162,40,minibatch_k64,text_pca256_lexical_w005
71163,58,minibatch_k64,text_pca256_lexical_w005
71164,59,minibatch_k64,text_pca256_lexical_w005
71165,55,minibatch_k64,text_pca256_lexical_w005
71166,13,minibatch_k64,text_pca256_lexical_w005
71167,42,minibatch_k64,text_pca256_lexical_w005
71168,25,minibatch_k64,text_pca256_lexical_w005
71169,62,minibatch_k64,text_pca256_lexical_w005
71170,8,minibatch_k64,text_pca256_lexical_w005
71171,59,minibatch_k64,text_pca256_lexical_w005
71172,42,minibatch_k64,text_pca256_lexical_w005
71173,42,minibatch_k64,text_pca256_lexical_w005
71174,21,minibatch_k64,text_pca256_lexical_w005
71175,42,minibatch_k64,text_pca256_lexical_w005
71176,56,minibatch_k64,text_pca256_lexical_w005
71177,47,minibatch_k64,text_pca256_lexical_w005
71178,42,minibatch_k64,text_pca256_lexical_w005
71179,61,minibatch_k64,text_pca256_lexical_w005
71180,61,minibatch_k64,text_pca256_lexical_w005
71181,21,minibatch_k64,text_pca256_lexical_w005
71182,53,minibatch_k64,text_pca256_lexical_w005
71183,23,minibatch_k64,text_pca256_lexical_w005
71184,8,minibatch_k64,text_pca256_lexical_w005
71185,42,minibatch_k64,text_pca256_lexical_w005
71186,58,minibatch_k64,text_pca256_lexical_w005
71187,58,minibatch_k64,text_pca256_lexical_w005
71188,45,minibatch_k64,text_pca256_lexical_w005
71189,55,minibatch_k64,text_pca256_lexical_w005
71190,22,minibatch_k64,text_pca256_lexical_w005
71191,8,minibatch_k64,text_pca256_lexical_w005
71192,25,minibatch_k64,text_pca256_lexical_w005
71193,39,minibatch_k64,text_pca256_lexical_w005
71194,62,minibatch_k64,text_pca256_lexical_w005
71195,62,minibatch_k64,text_pca256_lexical_w005
71196,42,minibatch_k64,text_pca256_lexical_w005
71197,0,minibatch_k64,text_pca256_lexical_w005
71198,62,minibatch_k64,text_pca256_lexical_w005
71199,0,minibatch_k64,text_pca256_lexical_w005
71200,58,minibatch_k64,text_pca256_lexical_w005
71201,38,minibatch_k64,text_pca256_lexical_w005
71202,59,minibatch_k64,text_pca256_lexical_w005
71203,55,minibatch_k64,text_pca256_lexical_w005
71204,13,minibatch_k64,text_pca256_lexical_w005
71205,25,minibatch_k64,text_pca256_lexical_w005
71206,8,minibatch_k64,text_pca256_lexical_w005
71207,10,minibatch_k64,text_pca256_lexical_w005
71208,8,minibatch_k64,text_pca256_lexical_w005
71209,0,minibatch_k64,text_pca256_lexical_w005
71210,0,minibatch_k64,text_pca256_lexical_w005
71211,50,minibatch_k64,text_pca256_lexical_w005
71212,56,minibatch_k64,text_pca256_lexical_w005
71213,33,minibatch_k64,text_pca256_lexical_w005
71214,14,minibatch_k64,text_pca256_lexical_w005
71215,38,minibatch_k64,text_pca256_lexical_w005
71216,13,minibatch_k64,text_pca256_lexical_w005
71217,21,minibatch_k64,text_pca256_lexical_w005
71218,21,minibatch_k64,text_pca256_lexical_w005
71219,53,minibatch_k64,text_pca256_lexical_w005
71220,42,minibatch_k64,text_pca256_lexical_w005
71221,21,minibatch_k64,text_pca256_lexical_w005
71222,0,minibatch_k64,text_pca256_lexical_w005
71223,8,minibatch_k64,text_pca256_lexical_w005
71224,8,minibatch_k64,text_pca256_lexical_w005
71225,62,minibatch_k64,text_pca256_lexical_w005
71226,62,minibatch_k64,text_pca256_lexical_w005
71227,42,minibatch_k64,text_pca256_lexical_w005
71228,14,minibatch_k64,text_pca256_lexical_w005
71229,62,minibatch_k64,text_pca256_lexical_w005
71230,53,minibatch_k64,text_pca256_lexical_w005
71231,39,minibatch_k64,text_pca256_lexical_w005
71232,0,minibatch_k64,text_pca256_lexical_w005
71233,42,minibatch_k64,text_pca256_lexical_w005
71234,0,minibatch_k64,text_pca256_lexical_w005
71235,45,minibatch_k64,text_pca256_lexical_w005
71236,38,minibatch_k64,text_pca256_lexical_w005
71237,55,minibatch_k64,text_pca256_lexical_w005
71238,13,minibatch_k64,text_pca256_lexical_w005
71239,62,minibatch_k64,text_pca256_lexical_w005
71240,0,minibatch_k64,text_pca256_lexical_w005
71241,59,minibatch_k64,text_pca256_lexical_w005
71242,33,minibatch_k64,text_pca256_lexical_w005
71243,15,minibatch_k64,text_pca256_lexical_w005
71244,62,minibatch_k64,text_pca256_lexical_w005
71245,42,minibatch_k64,text_pca256_lexical_w005
71246,42,minibatch_k64,text_pca256_lexical_w005
71247,21,minibatch_k64,text_pca256_lexical_w005
71248,45,minibatch_k64,text_pca256_lexical_w005
71249,47,minibatch_k64,text_pca256_lexical_w005
71250,23,minibatch_k64,text_pca256_lexical_w005
71251,45,minibatch_k64,text_pca256_lexical_w005
71252,45,minibatch_k64,text_pca256_lexical_w005
71253,0,minibatch_k64,text_pca256_lexical_w005
71254,45,minibatch_k64,text_pca256_lexical_w005
71255,4,minibatch_k64,text_pca256_lexical_w005
71256,23,minibatch_k64,text_pca256_lexical_w005
71257,0,minibatch_k64,text_pca256_lexical_w005
71258,0,minibatch_k64,text_pca256_lexical_w005
71259,4,minibatch_k64,text_pca256_lexical_w005
71260,45,minibatch_k64,text_pca256_lexical_w005
71261,4,minibatch_k64,text_pca256_lexical_w005
71262,23,minibatch_k64,text_pca256_lexical_w005
71263,23,minibatch_k64,text_pca256_lexical_w005
71264,4,minibatch_k64,text_pca256_lexical_w005
71265,45,minibatch_k64,text_pca256_lexical_w005
71266,23,minibatch_k64,text_pca256_lexical_w005
71267,59,minibatch_k64,text_pca256_lexical_w005
71268,8,minibatch_k64,text_pca256_lexical_w005
71269,53,minibatch_k64,text_pca256_lexical_w005
71270,14,minibatch_k64,text_pca256_lexical_w005
71271,0,minibatch_k64,text_pca256_lexical_w005
71272,39,minibatch_k64,text_pca256_lexical_w005
71273,0,minibatch_k64,text_pca256_lexical_w005
71274,0,minibatch_k64,text_pca256_lexical_w005
71275,38,minibatch_k64,text_pca256_lexical_w005
71276,45,minibatch_k64,text_pca256_lexical_w005
71277,59,minibatch_k64,text_pca256_lexical_w005
71278,55,minibatch_k64,text_pca256_lexical_w005
71279,13,minibatch_k64,text_pca256_lexical_w005
71280,45,minibatch_k64,text_pca256_lexical_w005
71281,45,minibatch_k64,text_pca256_lexical_w005
71282,45,minibatch_k64,text_pca256_lexical_w005
71283,10,minibatch_k64,text_pca256_lexical_w005
71284,8,minibatch_k64,text_pca256_lexical_w005
71285,8,minibatch_k64,text_pca256_lexical_w005
71286,0,minibatch_k64,text_pca256_lexical_w005
71287,4,minibatch_k64,text_pca256_lexical_w005
71288,62,minibatch_k64,text_pca256_lexical_w005
71289,2,minibatch_k64,text_pca256_lexical_w005
71290,0,minibatch_k64,text_pca256_lexical_w005
71291,8,minibatch_k64,text_pca256_lexical_w005
71292,8,minibatch_k64,text_pca256_lexical_w005
71293,0,minibatch_k64,text_pca256_lexical_w005
71294,50,minibatch_k64,text_pca256_lexical_w005
71295,42,minibatch_k64,text_pca256_lexical_w005
71296,21,minibatch_k64,text_pca256_lexical_w005
71297,50,minibatch_k64,text_pca256_lexical_w005
71298,62,minibatch_k64,text_pca256_lexical_w005
71299,14,minibatch_k64,text_pca256_lexical_w005
71300,62,minibatch_k64,text_pca256_lexical_w005
71301,14,minibatch_k64,text_pca256_lexical_w005
71302,62,minibatch_k64,text_pca256_lexical_w005
71303,20,minibatch_k64,text_pca256_lexical_w005
71304,45,minibatch_k64,text_pca256_lexical_w005
71305,45,minibatch_k64,text_pca256_lexical_w005
71306,48,minibatch_k64,text_pca256_lexical_w005
71307,38,minibatch_k64,text_pca256_lexical_w005
71308,62,minibatch_k64,text_pca256_lexical_w005
71309,45,minibatch_k64,text_pca256_lexical_w005
71310,0,minibatch_k64,text_pca256_lexical_w005
71311,55,minibatch_k64,text_pca256_lexical_w005
71312,13,minibatch_k64,text_pca256_lexical_w005
71313,45,minibatch_k64,text_pca256_lexical_w005
71314,45,minibatch_k64,text_pca256_lexical_w005
71315,23,minibatch_k64,text_pca256_lexical_w005
71316,21,minibatch_k64,text_pca256_lexical_w005
71317,42,minibatch_k64,text_pca256_lexical_w005
71318,59,minibatch_k64,text_pca256_lexical_w005
71319,62,minibatch_k64,text_pca256_lexical_w005
71320,42,minibatch_k64,text_pca256_lexical_w005
71321,53,minibatch_k64,text_pca256_lexical_w005
71322,21,minibatch_k64,text_pca256_lexical_w005
71323,21,minibatch_k64,text_pca256_lexical_w005
71324,33,minibatch_k64,text_pca256_lexical_w005
71325,33,minibatch_k64,text_pca256_lexical_w005
71326,10,minibatch_k64,text_pca256_lexical_w005
71327,42,minibatch_k64,text_pca256_lexical_w005
71328,14,minibatch_k64,text_pca256_lexical_w005
71329,14,minibatch_k64,text_pca256_lexical_w005
71330,8,minibatch_k64,text_pca256_lexical_w005
71331,59,minibatch_k64,text_pca256_lexical_w005
71332,0,minibatch_k64,text_pca256_lexical_w005
71333,45,minibatch_k64,text_pca256_lexical_w005
71334,56,minibatch_k64,text_pca256_lexical_w005
71335,33,minibatch_k64,text_pca256_lexical_w005
71336,33,minibatch_k64,text_pca256_lexical_w005
71337,45,minibatch_k64,text_pca256_lexical_w005
71338,59,minibatch_k64,text_pca256_lexical_w005
71339,45,minibatch_k64,text_pca256_lexical_w005
71340,33,minibatch_k64,text_pca256_lexical_w005
71341,56,minibatch_k64,text_pca256_lexical_w005
71342,38,minibatch_k64,text_pca256_lexical_w005
71343,45,minibatch_k64,text_pca256_lexical_w005
71344,15,minibatch_k64,text_pca256_lexical_w005
71345,59,minibatch_k64,text_pca256_lexical_w005
71346,63,minibatch_k64,text_pca256_lexical_w005
71347,39,minibatch_k64,text_pca256_lexical_w005
71348,21,minibatch_k64,text_pca256_lexical_w005
71349,45,minibatch_k64,text_pca256_lexical_w005
71350,45,minibatch_k64,text_pca256_lexical_w005
71351,45,minibatch_k64,text_pca256_lexical_w005
71352,62,minibatch_k64,text_pca256_lexical_w005
71353,8,minibatch_k64,text_pca256_lexical_w005
71354,56,minibatch_k64,text_pca256_lexical_w005
71355,2,minibatch_k64,text_pca256_lexical_w005
71356,10,minibatch_k64,text_pca256_lexical_w005
71357,39,minibatch_k64,text_pca256_lexical_w005
71358,39,minibatch_k64,text_pca256_lexical_w005
71359,0,minibatch_k64,text_pca256_lexical_w005
71360,0,minibatch_k64,text_pca256_lexical_w005
71361,33,minibatch_k64,text_pca256_lexical_w005
71362,8,minibatch_k64,text_pca256_lexical_w005
71363,8,minibatch_k64,text_pca256_lexical_w005
71364,59,minibatch_k64,text_pca256_lexical_w005
71365,59,minibatch_k64,text_pca256_lexical_w005
71366,33,minibatch_k64,text_pca256_lexical_w005
71367,59,minibatch_k64,text_pca256_lexical_w005
71368,59,minibatch_k64,text_pca256_lexical_w005
71369,59,minibatch_k64,text_pca256_lexical_w005
71370,23,minibatch_k64,text_pca256_lexical_w005
71371,59,minibatch_k64,text_pca256_lexical_w005
71372,62,minibatch_k64,text_pca256_lexical_w005
71373,27,minibatch_k64,text_pca256_lexical_w005
71374,59,minibatch_k64,text_pca256_lexical_w005
71375,0,minibatch_k64,text_pca256_lexical_w005
71376,0,minibatch_k64,text_pca256_lexical_w005
71377,45,minibatch_k64,text_pca256_lexical_w005
71378,45,minibatch_k64,text_pca256_lexical_w005
71379,45,minibatch_k64,text_pca256_lexical_w005
71380,45,minibatch_k64,text_pca256_lexical_w005
71381,15,minibatch_k64,text_pca256_lexical_w005
71382,33,minibatch_k64,text_pca256_lexical_w005
71383,50,minibatch_k64,text_pca256_lexical_w005
71384,8,minibatch_k64,text_pca256_lexical_w005
71385,39,minibatch_k64,text_pca256_lexical_w005
71386,33,minibatch_k64,text_pca256_lexical_w005
71387,42,minibatch_k64,text_pca256_lexical_w005
71388,62,minibatch_k64,text_pca256_lexical_w005
71389,39,minibatch_k64,text_pca256_lexical_w005
71390,45,minibatch_k64,text_pca256_lexical_w005
71391,8,minibatch_k64,text_pca256_lexical_w005
71392,62,minibatch_k64,text_pca256_lexical_w005
71393,45,minibatch_k64,text_pca256_lexical_w005
71394,42,minibatch_k64,text_pca256_lexical_w005
71395,45,minibatch_k64,text_pca256_lexical_w005
71396,4,minibatch_k64,text_pca256_lexical_w005
71397,45,minibatch_k64,text_pca256_lexical_w005
71398,59,minibatch_k64,text_pca256_lexical_w005
71399,45,minibatch_k64,text_pca256_lexical_w005
71400,42,minibatch_k64,text_pca256_lexical_w005
71401,23,minibatch_k64,text_pca256_lexical_w005
71402,8,minibatch_k64,text_pca256_lexical_w005
71403,23,minibatch_k64,text_pca256_lexical_w005
71404,10,minibatch_k64,text_pca256_lexical_w005
71405,33,minibatch_k64,text_pca256_lexical_w005
71406,23,minibatch_k64,text_pca256_lexical_w005
71407,23,minibatch_k64,text_pca256_lexical_w005
71408,0,minibatch_k64,text_pca256_lexical_w005
71409,2,minibatch_k64,text_pca256_lexical_w005
71410,8,minibatch_k64,text_pca256_lexical_w005
71411,62,minibatch_k64,text_pca256_lexical_w005
71412,5,minibatch_k64,text_pca256_lexical_w005
71413,5,minibatch_k64,text_pca256_lexical_w005
71414,8,minibatch_k64,text_pca256_lexical_w005
71415,0,minibatch_k64,text_pca256_lexical_w005
71416,0,minibatch_k64,text_pca256_lexical_w005
71417,4,minibatch_k64,text_pca256_lexical_w005
71418,45,minibatch_k64,text_pca256_lexical_w005
71419,15,minibatch_k64,text_pca256_lexical_w005
71420,4,minibatch_k64,text_pca256_lexical_w005
71421,5,minibatch_k64,text_pca256_lexical_w005
71422,4,minibatch_k64,text_pca256_lexical_w005
71423,4,minibatch_k64,text_pca256_lexical_w005
71424,4,minibatch_k64,text_pca256_lexical_w005
71425,62,minibatch_k64,text_pca256_lexical_w005
71426,4,minibatch_k64,text_pca256_lexical_w005
71427,4,minibatch_k64,text_pca256_lexical_w005
71428,0,minibatch_k64,text_pca256_lexical_w005
71429,0,minibatch_k64,text_pca256_lexical_w005
71430,23,minibatch_k64,text_pca256_lexical_w005
71431,23,minibatch_k64,text_pca256_lexical_w005
71432,62,minibatch_k64,text_pca256_lexical_w005
71433,2,minibatch_k64,text_pca256_lexical_w005
71434,23,minibatch_k64,text_pca256_lexical_w005
71435,33,minibatch_k64,text_pca256_lexical_w005
71436,33,minibatch_k64,text_pca256_lexical_w005
71437,0,minibatch_k64,text_pca256_lexical_w005
71438,23,minibatch_k64,text_pca256_lexical_w005
71439,23,minibatch_k64,text_pca256_lexical_w005
71440,0,minibatch_k64,text_pca256_lexical_w005
71441,5,minibatch_k64,text_pca256_lexical_w005
71442,0,minibatch_k64,text_pca256_lexical_w005
71443,23,minibatch_k64,text_pca256_lexical_w005
71444,5,minibatch_k64,text_pca256_lexical_w005
71445,0,minibatch_k64,text_pca256_lexical_w005
71446,0,minibatch_k64,text_pca256_lexical_w005
71447,62,minibatch_k64,text_pca256_lexical_w005
71448,0,minibatch_k64,text_pca256_lexical_w005
71449,0,minibatch_k64,text_pca256_lexical_w005
71450,0,minibatch_k64,text_pca256_lexical_w005
71451,0,minibatch_k64,text_pca256_lexical_w005
71452,23,minibatch_k64,text_pca256_lexical_w005
71453,5,minibatch_k64,text_pca256_lexical_w005
71454,0,minibatch_k64,text_pca256_lexical_w005
71455,45,minibatch_k64,text_pca256_lexical_w005
71456,10,minibatch_k64,text_pca256_lexical_w005
71457,23,minibatch_k64,text_pca256_lexical_w005
71458,23,minibatch_k64,text_pca256_lexical_w005
71459,23,minibatch_k64,text_pca256_lexical_w005
71460,0,minibatch_k64,text_pca256_lexical_w005
71461,62,minibatch_k64,text_pca256_lexical_w005
71462,10,minibatch_k64,text_pca256_lexical_w005
71463,23,minibatch_k64,text_pca256_lexical_w005
71464,59,minibatch_k64,text_pca256_lexical_w005
71465,55,minibatch_k64,text_pca256_lexical_w005
71466,21,minibatch_k64,text_pca256_lexical_w005
71467,23,minibatch_k64,text_pca256_lexical_w005
71468,62,minibatch_k64,text_pca256_lexical_w005
71469,12,minibatch_k64,text_pca256_lexical_w005
71470,40,minibatch_k64,text_pca256_lexical_w005
71471,33,minibatch_k64,text_pca256_lexical_w005
71472,40,minibatch_k64,text_pca256_lexical_w005
71473,62,minibatch_k64,text_pca256_lexical_w005
71474,12,minibatch_k64,text_pca256_lexical_w005
71475,62,minibatch_k64,text_pca256_lexical_w005
71476,21,minibatch_k64,text_pca256_lexical_w005
71477,0,minibatch_k64,text_pca256_lexical_w005
71478,23,minibatch_k64,text_pca256_lexical_w005
71479,8,minibatch_k64,text_pca256_lexical_w005
71480,48,minibatch_k64,text_pca256_lexical_w005
71481,38,minibatch_k64,text_pca256_lexical_w005
71482,58,minibatch_k64,text_pca256_lexical_w005
71483,25,minibatch_k64,text_pca256_lexical_w005
71484,55,minibatch_k64,text_pca256_lexical_w005
71485,35,minibatch_k64,text_pca256_lexical_w005
71486,18,minibatch_k64,text_pca256_lexical_w005
71487,18,minibatch_k64,text_pca256_lexical_w005
71488,45,minibatch_k64,text_pca256_lexical_w005
71489,0,minibatch_k64,text_pca256_lexical_w005
71490,21,minibatch_k64,text_pca256_lexical_w005
71491,10,minibatch_k64,text_pca256_lexical_w005
71492,23,minibatch_k64,text_pca256_lexical_w005
71493,5,minibatch_k64,text_pca256_lexical_w005
71494,62,minibatch_k64,text_pca256_lexical_w005
71495,58,minibatch_k64,text_pca256_lexical_w005
71496,23,minibatch_k64,text_pca256_lexical_w005
71497,38,minibatch_k64,text_pca256_lexical_w005
71498,25,minibatch_k64,text_pca256_lexical_w005
71499,8,minibatch_k64,text_pca256_lexical_w005
71500,55,minibatch_k64,text_pca256_lexical_w005
71501,23,minibatch_k64,text_pca256_lexical_w005
71502,60,minibatch_k64,text_pca256_lexical_w005
71503,23,minibatch_k64,text_pca256_lexical_w005
71504,8,minibatch_k64,text_pca256_lexical_w005
71505,0,minibatch_k64,text_pca256_lexical_w005
71506,0,minibatch_k64,text_pca256_lexical_w005
71507,23,minibatch_k64,text_pca256_lexical_w005
71508,23,minibatch_k64,text_pca256_lexical_w005
71509,23,minibatch_k64,text_pca256_lexical_w005
71510,23,minibatch_k64,text_pca256_lexical_w005
71511,62,minibatch_k64,text_pca256_lexical_w005
71512,23,minibatch_k64,text_pca256_lexical_w005
71513,59,minibatch_k64,text_pca256_lexical_w005
71514,0,minibatch_k64,text_pca256_lexical_w005
71515,23,minibatch_k64,text_pca256_lexical_w005
71516,8,minibatch_k64,text_pca256_lexical_w005
71517,8,minibatch_k64,text_pca256_lexical_w005
71518,62,minibatch_k64,text_pca256_lexical_w005
71519,10,minibatch_k64,text_pca256_lexical_w005
71520,0,minibatch_k64,text_pca256_lexical_w005
71521,23,minibatch_k64,text_pca256_lexical_w005
71522,8,minibatch_k64,text_pca256_lexical_w005
71523,38,minibatch_k64,text_pca256_lexical_w005
71524,58,minibatch_k64,text_pca256_lexical_w005
71525,25,minibatch_k64,text_pca256_lexical_w005
71526,55,minibatch_k64,text_pca256_lexical_w005
71527,8,minibatch_k64,text_pca256_lexical_w005
71528,35,minibatch_k64,text_pca256_lexical_w005
71529,8,minibatch_k64,text_pca256_lexical_w005
71530,0,minibatch_k64,text_pca256_lexical_w005
71531,38,minibatch_k64,text_pca256_lexical_w005
71532,58,minibatch_k64,text_pca256_lexical_w005
71533,25,minibatch_k64,text_pca256_lexical_w005
71534,55,minibatch_k64,text_pca256_lexical_w005
71535,54,minibatch_k64,text_pca256_lexical_w005
71536,33,minibatch_k64,text_pca256_lexical_w005
71537,58,minibatch_k64,text_pca256_lexical_w005
71538,38,minibatch_k64,text_pca256_lexical_w005
71539,25,minibatch_k64,text_pca256_lexical_w005
71540,55,minibatch_k64,text_pca256_lexical_w005
71541,60,minibatch_k64,text_pca256_lexical_w005
71542,0,minibatch_k64,text_pca256_lexical_w005
71543,38,minibatch_k64,text_pca256_lexical_w005
71544,25,minibatch_k64,text_pca256_lexical_w005
71545,55,minibatch_k64,text_pca256_lexical_w005
71546,8,minibatch_k64,text_pca256_lexical_w005
71547,60,minibatch_k64,text_pca256_lexical_w005
71548,38,minibatch_k64,text_pca256_lexical_w005
71549,36,minibatch_k64,text_pca256_lexical_w005
71550,25,minibatch_k64,text_pca256_lexical_w005
71551,55,minibatch_k64,text_pca256_lexical_w005
71552,33,minibatch_k64,text_pca256_lexical_w005
71553,38,minibatch_k64,text_pca256_lexical_w005
71554,36,minibatch_k64,text_pca256_lexical_w005
71555,25,minibatch_k64,text_pca256_lexical_w005
71556,10,minibatch_k64,text_pca256_lexical_w005
71557,2,minibatch_k64,text_pca256_lexical_w005
71558,33,minibatch_k64,text_pca256_lexical_w005
71559,33,minibatch_k64,text_pca256_lexical_w005
71560,47,minibatch_k64,text_pca256_lexical_w005
71561,47,minibatch_k64,text_pca256_lexical_w005
71562,36,minibatch_k64,text_pca256_lexical_w005
71563,25,minibatch_k64,text_pca256_lexical_w005
71564,55,minibatch_k64,text_pca256_lexical_w005
71565,56,minibatch_k64,text_pca256_lexical_w005
71566,59,minibatch_k64,text_pca256_lexical_w005
71567,48,minibatch_k64,text_pca256_lexical_w005
71568,38,minibatch_k64,text_pca256_lexical_w005
71569,36,minibatch_k64,text_pca256_lexical_w005
71570,25,minibatch_k64,text_pca256_lexical_w005
71571,55,minibatch_k64,text_pca256_lexical_w005
71572,39,minibatch_k64,text_pca256_lexical_w005
71573,59,minibatch_k64,text_pca256_lexical_w005
71574,62,minibatch_k64,text_pca256_lexical_w005
71575,39,minibatch_k64,text_pca256_lexical_w005
71576,38,minibatch_k64,text_pca256_lexical_w005
71577,36,minibatch_k64,text_pca256_lexical_w005
71578,25,minibatch_k64,text_pca256_lexical_w005
71579,55,minibatch_k64,text_pca256_lexical_w005
71580,45,minibatch_k64,text_pca256_lexical_w005
71581,62,minibatch_k64,text_pca256_lexical_w005
71582,45,minibatch_k64,text_pca256_lexical_w005
71583,59,minibatch_k64,text_pca256_lexical_w005
71584,0,minibatch_k64,text_pca256_lexical_w005
71585,0,minibatch_k64,text_pca256_lexical_w005
71586,23,minibatch_k64,text_pca256_lexical_w005
71587,0,minibatch_k64,text_pca256_lexical_w005
71588,23,minibatch_k64,text_pca256_lexical_w005
71589,59,minibatch_k64,text_pca256_lexical_w005
71590,33,minibatch_k64,text_pca256_lexical_w005
71591,45,minibatch_k64,text_pca256_lexical_w005
71592,45,minibatch_k64,text_pca256_lexical_w005
71593,23,minibatch_k64,text_pca256_lexical_w005
71594,48,minibatch_k64,text_pca256_lexical_w005
71595,0,minibatch_k64,text_pca256_lexical_w005
71596,30,minibatch_k64,text_pca256_lexical_w005
71597,48,minibatch_k64,text_pca256_lexical_w005
71598,30,minibatch_k64,text_pca256_lexical_w005
71599,48,minibatch_k64,text_pca256_lexical_w005
71600,18,minibatch_k64,text_pca256_lexical_w005
71601,18,minibatch_k64,text_pca256_lexical_w005
71602,33,minibatch_k64,text_pca256_lexical_w005
71603,17,minibatch_k64,text_pca256_lexical_w005
71604,30,minibatch_k64,text_pca256_lexical_w005
71605,30,minibatch_k64,text_pca256_lexical_w005
71606,17,minibatch_k64,text_pca256_lexical_w005
71607,30,minibatch_k64,text_pca256_lexical_w005
71608,17,minibatch_k64,text_pca256_lexical_w005
71609,30,minibatch_k64,text_pca256_lexical_w005
71610,18,minibatch_k64,text_pca256_lexical_w005
71611,18,minibatch_k64,text_pca256_lexical_w005
71612,62,minibatch_k64,text_pca256_lexical_w005
71613,18,minibatch_k64,text_pca256_lexical_w005
71614,45,minibatch_k64,text_pca256_lexical_w005
71615,18,minibatch_k64,text_pca256_lexical_w005
71616,59,minibatch_k64,text_pca256_lexical_w005
71617,10,minibatch_k64,text_pca256_lexical_w005
71618,48,minibatch_k64,text_pca256_lexical_w005
71619,45,minibatch_k64,text_pca256_lexical_w005
71620,18,minibatch_k64,text_pca256_lexical_w005
71621,62,minibatch_k64,text_pca256_lexical_w005
71622,62,minibatch_k64,text_pca256_lexical_w005
71623,59,minibatch_k64,text_pca256_lexical_w005
71624,45,minibatch_k64,text_pca256_lexical_w005
71625,23,minibatch_k64,text_pca256_lexical_w005
71626,45,minibatch_k64,text_pca256_lexical_w005
71627,8,minibatch_k64,text_pca256_lexical_w005
71628,45,minibatch_k64,text_pca256_lexical_w005
71629,27,minibatch_k64,text_pca256_lexical_w005
71630,27,minibatch_k64,text_pca256_lexical_w005
71631,45,minibatch_k64,text_pca256_lexical_w005
71632,8,minibatch_k64,text_pca256_lexical_w005
71633,59,minibatch_k64,text_pca256_lexical_w005
71634,59,minibatch_k64,text_pca256_lexical_w005
71635,6,minibatch_k64,text_pca256_lexical_w005
71636,41,minibatch_k64,text_pca256_lexical_w005
71637,48,minibatch_k64,text_pca256_lexical_w005
71638,34,minibatch_k64,text_pca256_lexical_w005
71639,48,minibatch_k64,text_pca256_lexical_w005
71640,45,minibatch_k64,text_pca256_lexical_w005
71641,59,minibatch_k64,text_pca256_lexical_w005
71642,15,minibatch_k64,text_pca256_lexical_w005
71643,62,minibatch_k64,text_pca256_lexical_w005
71644,62,minibatch_k64,text_pca256_lexical_w005
71645,45,minibatch_k64,text_pca256_lexical_w005
71646,41,minibatch_k64,text_pca256_lexical_w005
71647,41,minibatch_k64,text_pca256_lexical_w005
71648,41,minibatch_k64,text_pca256_lexical_w005
71649,41,minibatch_k64,text_pca256_lexical_w005
71650,21,minibatch_k64,text_pca256_lexical_w005
71651,41,minibatch_k64,text_pca256_lexical_w005
71652,41,minibatch_k64,text_pca256_lexical_w005
71653,41,minibatch_k64,text_pca256_lexical_w005
71654,6,minibatch_k64,text_pca256_lexical_w005
71655,34,minibatch_k64,text_pca256_lexical_w005
71656,34,minibatch_k64,text_pca256_lexical_w005
71657,62,minibatch_k64,text_pca256_lexical_w005
71658,6,minibatch_k64,text_pca256_lexical_w005
71659,59,minibatch_k64,text_pca256_lexical_w005
71660,6,minibatch_k64,text_pca256_lexical_w005
71661,62,minibatch_k64,text_pca256_lexical_w005
71662,53,minibatch_k64,text_pca256_lexical_w005
71663,48,minibatch_k64,text_pca256_lexical_w005
71664,15,minibatch_k64,text_pca256_lexical_w005
71665,62,minibatch_k64,text_pca256_lexical_w005
71666,0,minibatch_k64,text_pca256_lexical_w005
71667,5,minibatch_k64,text_pca256_lexical_w005
71668,59,minibatch_k64,text_pca256_lexical_w005
71669,62,minibatch_k64,text_pca256_lexical_w005
71670,38,minibatch_k64,text_pca256_lexical_w005
71671,25,minibatch_k64,text_pca256_lexical_w005
71672,55,minibatch_k64,text_pca256_lexical_w005
71673,0,minibatch_k64,text_pca256_lexical_w005
71674,0,minibatch_k64,text_pca256_lexical_w005
71675,62,minibatch_k64,text_pca256_lexical_w005
71676,0,minibatch_k64,text_pca256_lexical_w005
71677,15,minibatch_k64,text_pca256_lexical_w005
71678,38,minibatch_k64,text_pca256_lexical_w005
71679,45,minibatch_k64,text_pca256_lexical_w005
71680,25,minibatch_k64,text_pca256_lexical_w005
71681,55,minibatch_k64,text_pca256_lexical_w005
71682,33,minibatch_k64,text_pca256_lexical_w005
71683,47,minibatch_k64,text_pca256_lexical_w005
71684,0,minibatch_k64,text_pca256_lexical_w005
71685,38,minibatch_k64,text_pca256_lexical_w005
71686,25,minibatch_k64,text_pca256_lexical_w005
71687,15,minibatch_k64,text_pca256_lexical_w005
71688,15,minibatch_k64,text_pca256_lexical_w005
71689,0,minibatch_k64,text_pca256_lexical_w005
71690,0,minibatch_k64,text_pca256_lexical_w005
71691,25,minibatch_k64,text_pca256_lexical_w005
71692,38,minibatch_k64,text_pca256_lexical_w005
71693,55,minibatch_k64,text_pca256_lexical_w005
71694,18,minibatch_k64,text_pca256_lexical_w005
71695,4,minibatch_k64,text_pca256_lexical_w005
71696,0,minibatch_k64,text_pca256_lexical_w005
71697,62,minibatch_k64,text_pca256_lexical_w005
71698,18,minibatch_k64,text_pca256_lexical_w005
71699,0,minibatch_k64,text_pca256_lexical_w005
71700,62,minibatch_k64,text_pca256_lexical_w005
71701,38,minibatch_k64,text_pca256_lexical_w005
71702,25,minibatch_k64,text_pca256_lexical_w005
71703,55,minibatch_k64,text_pca256_lexical_w005
71704,62,minibatch_k64,text_pca256_lexical_w005
71705,0,minibatch_k64,text_pca256_lexical_w005
71706,40,minibatch_k64,text_pca256_lexical_w005
71707,38,minibatch_k64,text_pca256_lexical_w005
71708,45,minibatch_k64,text_pca256_lexical_w005
71709,25,minibatch_k64,text_pca256_lexical_w005
71710,45,minibatch_k64,text_pca256_lexical_w005
71711,3,minibatch_k64,text_pca256_lexical_w005
71712,38,minibatch_k64,text_pca256_lexical_w005
71713,62,minibatch_k64,text_pca256_lexical_w005
71714,45,minibatch_k64,text_pca256_lexical_w005
71715,0,minibatch_k64,text_pca256_lexical_w005
71716,0,minibatch_k64,text_pca256_lexical_w005
71717,5,minibatch_k64,text_pca256_lexical_w005
71718,0,minibatch_k64,text_pca256_lexical_w005
71719,62,minibatch_k64,text_pca256_lexical_w005
71720,40,minibatch_k64,text_pca256_lexical_w005
71721,38,minibatch_k64,text_pca256_lexical_w005
71722,40,minibatch_k64,text_pca256_lexical_w005
71723,45,minibatch_k64,text_pca256_lexical_w005
71724,25,minibatch_k64,text_pca256_lexical_w005
71725,0,minibatch_k64,text_pca256_lexical_w005
71726,3,minibatch_k64,text_pca256_lexical_w005
71727,38,minibatch_k64,text_pca256_lexical_w005
71728,45,minibatch_k64,text_pca256_lexical_w005
71729,42,minibatch_k64,text_pca256_lexical_w005
71730,8,minibatch_k64,text_pca256_lexical_w005
71731,38,minibatch_k64,text_pca256_lexical_w005
71732,45,minibatch_k64,text_pca256_lexical_w005
71733,25,minibatch_k64,text_pca256_lexical_w005
71734,42,minibatch_k64,text_pca256_lexical_w005
71735,3,minibatch_k64,text_pca256_lexical_w005
71736,38,minibatch_k64,text_pca256_lexical_w005
71737,45,minibatch_k64,text_pca256_lexical_w005
71738,3,minibatch_k64,text_pca256_lexical_w005
71739,58,minibatch_k64,text_pca256_lexical_w005
71740,10,minibatch_k64,text_pca256_lexical_w005
71741,0,minibatch_k64,text_pca256_lexical_w005
71742,38,minibatch_k64,text_pca256_lexical_w005
71743,55,minibatch_k64,text_pca256_lexical_w005
71744,8,minibatch_k64,text_pca256_lexical_w005
71745,38,minibatch_k64,text_pca256_lexical_w005
71746,45,minibatch_k64,text_pca256_lexical_w005
71747,25,minibatch_k64,text_pca256_lexical_w005
71748,38,minibatch_k64,text_pca256_lexical_w005
71749,55,minibatch_k64,text_pca256_lexical_w005
71750,38,minibatch_k64,text_pca256_lexical_w005
71751,25,minibatch_k64,text_pca256_lexical_w005
71752,45,minibatch_k64,text_pca256_lexical_w005
71753,38,minibatch_k64,text_pca256_lexical_w005
71754,25,minibatch_k64,text_pca256_lexical_w005
71755,45,minibatch_k64,text_pca256_lexical_w005
71756,23,minibatch_k64,text_pca256_lexical_w005
71757,38,minibatch_k64,text_pca256_lexical_w005
71758,45,minibatch_k64,text_pca256_lexical_w005
71759,25,minibatch_k64,text_pca256_lexical_w005
71760,45,minibatch_k64,text_pca256_lexical_w005
71761,0,minibatch_k64,text_pca256_lexical_w005
71762,8,minibatch_k64,text_pca256_lexical_w005
71763,23,minibatch_k64,text_pca256_lexical_w005
71764,2,minibatch_k64,text_pca256_lexical_w005
71765,2,minibatch_k64,text_pca256_lexical_w005
71766,21,minibatch_k64,text_pca256_lexical_w005
71767,6,minibatch_k64,text_pca256_lexical_w005
71768,15,minibatch_k64,text_pca256_lexical_w005
71769,15,minibatch_k64,text_pca256_lexical_w005
71770,23,minibatch_k64,text_pca256_lexical_w005
71771,15,minibatch_k64,text_pca256_lexical_w005
71772,8,minibatch_k64,text_pca256_lexical_w005
71773,25,minibatch_k64,text_pca256_lexical_w005
71774,42,minibatch_k64,text_pca256_lexical_w005
71775,8,minibatch_k64,text_pca256_lexical_w005
71776,62,minibatch_k64,text_pca256_lexical_w005
71777,15,minibatch_k64,text_pca256_lexical_w005
71778,8,minibatch_k64,text_pca256_lexical_w005
71779,15,minibatch_k64,text_pca256_lexical_w005
71780,15,minibatch_k64,text_pca256_lexical_w005
71781,32,minibatch_k64,text_pca256_lexical_w005
71782,15,minibatch_k64,text_pca256_lexical_w005
71783,23,minibatch_k64,text_pca256_lexical_w005
71784,15,minibatch_k64,text_pca256_lexical_w005
71785,15,minibatch_k64,text_pca256_lexical_w005
71786,15,minibatch_k64,text_pca256_lexical_w005
71787,15,minibatch_k64,text_pca256_lexical_w005
71788,8,minibatch_k64,text_pca256_lexical_w005
71789,15,minibatch_k64,text_pca256_lexical_w005
71790,23,minibatch_k64,text_pca256_lexical_w005
71791,23,minibatch_k64,text_pca256_lexical_w005
71792,12,minibatch_k64,text_pca256_lexical_w005
71793,0,minibatch_k64,text_pca256_lexical_w005
71794,32,minibatch_k64,text_pca256_lexical_w005
71795,40,minibatch_k64,text_pca256_lexical_w005
71796,16,minibatch_k64,text_pca256_lexical_w005
71797,23,minibatch_k64,text_pca256_lexical_w005
71798,0,minibatch_k64,text_pca256_lexical_w005
71799,0,minibatch_k64,text_pca256_lexical_w005
71800,0,minibatch_k64,text_pca256_lexical_w005
71801,0,minibatch_k64,text_pca256_lexical_w005
71802,4,minibatch_k64,text_pca256_lexical_w005
71803,21,minibatch_k64,text_pca256_lexical_w005
71804,0,minibatch_k64,text_pca256_lexical_w005
71805,0,minibatch_k64,text_pca256_lexical_w005
71806,21,minibatch_k64,text_pca256_lexical_w005
71807,0,minibatch_k64,text_pca256_lexical_w005
71808,38,minibatch_k64,text_pca256_lexical_w005
71809,23,minibatch_k64,text_pca256_lexical_w005
71810,20,minibatch_k64,text_pca256_lexical_w005
71811,0,minibatch_k64,text_pca256_lexical_w005
71812,0,minibatch_k64,text_pca256_lexical_w005
71813,38,minibatch_k64,text_pca256_lexical_w005
71814,45,minibatch_k64,text_pca256_lexical_w005
71815,55,minibatch_k64,text_pca256_lexical_w005
71816,15,minibatch_k64,text_pca256_lexical_w005
71817,0,minibatch_k64,text_pca256_lexical_w005
71818,0,minibatch_k64,text_pca256_lexical_w005
71819,38,minibatch_k64,text_pca256_lexical_w005
71820,55,minibatch_k64,text_pca256_lexical_w005
71821,0,minibatch_k64,text_pca256_lexical_w005
71822,40,minibatch_k64,text_pca256_lexical_w005
71823,16,minibatch_k64,text_pca256_lexical_w005
71824,38,minibatch_k64,text_pca256_lexical_w005
71825,38,minibatch_k64,text_pca256_lexical_w005
71826,55,minibatch_k64,text_pca256_lexical_w005
71827,62,minibatch_k64,text_pca256_lexical_w005
71828,62,minibatch_k64,text_pca256_lexical_w005
71829,38,minibatch_k64,text_pca256_lexical_w005
71830,55,minibatch_k64,text_pca256_lexical_w005
71831,0,minibatch_k64,text_pca256_lexical_w005
71832,45,minibatch_k64,text_pca256_lexical_w005
71833,38,minibatch_k64,text_pca256_lexical_w005
71834,55,minibatch_k64,text_pca256_lexical_w005
71835,15,minibatch_k64,text_pca256_lexical_w005
71836,20,minibatch_k64,text_pca256_lexical_w005
71837,15,minibatch_k64,text_pca256_lexical_w005
71838,23,minibatch_k64,text_pca256_lexical_w005
71839,0,minibatch_k64,text_pca256_lexical_w005
71840,38,minibatch_k64,text_pca256_lexical_w005
71841,55,minibatch_k64,text_pca256_lexical_w005
71842,15,minibatch_k64,text_pca256_lexical_w005
71843,62,minibatch_k64,text_pca256_lexical_w005
71844,0,minibatch_k64,text_pca256_lexical_w005
71845,23,minibatch_k64,text_pca256_lexical_w005
71846,8,minibatch_k64,text_pca256_lexical_w005
71847,18,minibatch_k64,text_pca256_lexical_w005
71848,10,minibatch_k64,text_pca256_lexical_w005
71849,15,minibatch_k64,text_pca256_lexical_w005
71850,2,minibatch_k64,text_pca256_lexical_w005
71851,62,minibatch_k64,text_pca256_lexical_w005
71852,5,minibatch_k64,text_pca256_lexical_w005
71853,2,minibatch_k64,text_pca256_lexical_w005
71854,5,minibatch_k64,text_pca256_lexical_w005
71855,5,minibatch_k64,text_pca256_lexical_w005
71856,5,minibatch_k64,text_pca256_lexical_w005
71857,5,minibatch_k64,text_pca256_lexical_w005
71858,62,minibatch_k64,text_pca256_lexical_w005
71859,8,minibatch_k64,text_pca256_lexical_w005
71860,47,minibatch_k64,text_pca256_lexical_w005
71861,33,minibatch_k64,text_pca256_lexical_w005
71862,42,minibatch_k64,text_pca256_lexical_w005
71863,10,minibatch_k64,text_pca256_lexical_w005
71864,5,minibatch_k64,text_pca256_lexical_w005
71865,5,minibatch_k64,text_pca256_lexical_w005
71866,23,minibatch_k64,text_pca256_lexical_w005
71867,5,minibatch_k64,text_pca256_lexical_w005
71868,8,minibatch_k64,text_pca256_lexical_w005
71869,10,minibatch_k64,text_pca256_lexical_w005
71870,18,minibatch_k64,text_pca256_lexical_w005
71871,10,minibatch_k64,text_pca256_lexical_w005
71872,10,minibatch_k64,text_pca256_lexical_w005
71873,39,minibatch_k64,text_pca256_lexical_w005
71874,0,minibatch_k64,text_pca256_lexical_w005
71875,12,minibatch_k64,text_pca256_lexical_w005
71876,8,minibatch_k64,text_pca256_lexical_w005
71877,8,minibatch_k64,text_pca256_lexical_w005
71878,33,minibatch_k64,text_pca256_lexical_w005
71879,61,minibatch_k64,text_pca256_lexical_w005
71880,23,minibatch_k64,text_pca256_lexical_w005
71881,33,minibatch_k64,text_pca256_lexical_w005
71882,8,minibatch_k64,text_pca256_lexical_w005
71883,15,minibatch_k64,text_pca256_lexical_w005
71884,39,minibatch_k64,text_pca256_lexical_w005
71885,0,minibatch_k64,text_pca256_lexical_w005
71886,5,minibatch_k64,text_pca256_lexical_w005
71887,23,minibatch_k64,text_pca256_lexical_w005
71888,33,minibatch_k64,text_pca256_lexical_w005
71889,53,minibatch_k64,text_pca256_lexical_w005
71890,33,minibatch_k64,text_pca256_lexical_w005
71891,15,minibatch_k64,text_pca256_lexical_w005
71892,8,minibatch_k64,text_pca256_lexical_w005
71893,33,minibatch_k64,text_pca256_lexical_w005
71894,62,minibatch_k64,text_pca256_lexical_w005
71895,15,minibatch_k64,text_pca256_lexical_w005
71896,42,minibatch_k64,text_pca256_lexical_w005
71897,0,minibatch_k64,text_pca256_lexical_w005
71898,62,minibatch_k64,text_pca256_lexical_w005
71899,62,minibatch_k64,text_pca256_lexical_w005
71900,62,minibatch_k64,text_pca256_lexical_w005
71901,39,minibatch_k64,text_pca256_lexical_w005
71902,23,minibatch_k64,text_pca256_lexical_w005
71903,8,minibatch_k64,text_pca256_lexical_w005
71904,62,minibatch_k64,text_pca256_lexical_w005
71905,33,minibatch_k64,text_pca256_lexical_w005
71906,62,minibatch_k64,text_pca256_lexical_w005
71907,33,minibatch_k64,text_pca256_lexical_w005
71908,10,minibatch_k64,text_pca256_lexical_w005
71909,33,minibatch_k64,text_pca256_lexical_w005
71910,15,minibatch_k64,text_pca256_lexical_w005
71911,62,minibatch_k64,text_pca256_lexical_w005
71912,39,minibatch_k64,text_pca256_lexical_w005
71913,33,minibatch_k64,text_pca256_lexical_w005
71914,62,minibatch_k64,text_pca256_lexical_w005
71915,21,minibatch_k64,text_pca256_lexical_w005
71916,23,minibatch_k64,text_pca256_lexical_w005
71917,10,minibatch_k64,text_pca256_lexical_w005
71918,61,minibatch_k64,text_pca256_lexical_w005
71919,8,minibatch_k64,text_pca256_lexical_w005
71920,33,minibatch_k64,text_pca256_lexical_w005
71921,10,minibatch_k64,text_pca256_lexical_w005
71922,33,minibatch_k64,text_pca256_lexical_w005
71923,33,minibatch_k64,text_pca256_lexical_w005
71924,23,minibatch_k64,text_pca256_lexical_w005
71925,21,minibatch_k64,text_pca256_lexical_w005
71926,39,minibatch_k64,text_pca256_lexical_w005
71927,8,minibatch_k64,text_pca256_lexical_w005
71928,15,minibatch_k64,text_pca256_lexical_w005
71929,15,minibatch_k64,text_pca256_lexical_w005
71930,23,minibatch_k64,text_pca256_lexical_w005
71931,62,minibatch_k64,text_pca256_lexical_w005
71932,45,minibatch_k64,text_pca256_lexical_w005
71933,10,minibatch_k64,text_pca256_lexical_w005
71934,2,minibatch_k64,text_pca256_lexical_w005
71935,33,minibatch_k64,text_pca256_lexical_w005
71936,61,minibatch_k64,text_pca256_lexical_w005
71937,23,minibatch_k64,text_pca256_lexical_w005
71938,33,minibatch_k64,text_pca256_lexical_w005
71939,45,minibatch_k64,text_pca256_lexical_w005
71940,23,minibatch_k64,text_pca256_lexical_w005
71941,15,minibatch_k64,text_pca256_lexical_w005
71942,53,minibatch_k64,text_pca256_lexical_w005
71943,33,minibatch_k64,text_pca256_lexical_w005
71944,33,minibatch_k64,text_pca256_lexical_w005
71945,33,minibatch_k64,text_pca256_lexical_w005
71946,23,minibatch_k64,text_pca256_lexical_w005
71947,16,minibatch_k64,text_pca256_lexical_w005
71948,10,minibatch_k64,text_pca256_lexical_w005
71949,62,minibatch_k64,text_pca256_lexical_w005
71950,62,minibatch_k64,text_pca256_lexical_w005
71951,15,minibatch_k64,text_pca256_lexical_w005
71952,15,minibatch_k64,text_pca256_lexical_w005
71953,33,minibatch_k64,text_pca256_lexical_w005
71954,8,minibatch_k64,text_pca256_lexical_w005
71955,4,minibatch_k64,text_pca256_lexical_w005
71956,23,minibatch_k64,text_pca256_lexical_w005
71957,62,minibatch_k64,text_pca256_lexical_w005
71958,33,minibatch_k64,text_pca256_lexical_w005
71959,62,minibatch_k64,text_pca256_lexical_w005
71960,0,minibatch_k64,text_pca256_lexical_w005
71961,50,minibatch_k64,text_pca256_lexical_w005
71962,62,minibatch_k64,text_pca256_lexical_w005
71963,23,minibatch_k64,text_pca256_lexical_w005
71964,8,minibatch_k64,text_pca256_lexical_w005
71965,2,minibatch_k64,text_pca256_lexical_w005
71966,39,minibatch_k64,text_pca256_lexical_w005
71967,42,minibatch_k64,text_pca256_lexical_w005
71968,33,minibatch_k64,text_pca256_lexical_w005
71969,23,minibatch_k64,text_pca256_lexical_w005
71970,33,minibatch_k64,text_pca256_lexical_w005
71971,62,minibatch_k64,text_pca256_lexical_w005
71972,61,minibatch_k64,text_pca256_lexical_w005
71973,15,minibatch_k64,text_pca256_lexical_w005
71974,33,minibatch_k64,text_pca256_lexical_w005
71975,33,minibatch_k64,text_pca256_lexical_w005
71976,33,minibatch_k64,text_pca256_lexical_w005
71977,39,minibatch_k64,text_pca256_lexical_w005
71978,23,minibatch_k64,text_pca256_lexical_w005
71979,32,minibatch_k64,text_pca256_lexical_w005
71980,10,minibatch_k64,text_pca256_lexical_w005
71981,15,minibatch_k64,text_pca256_lexical_w005
71982,16,minibatch_k64,text_pca256_lexical_w005
71983,0,minibatch_k64,text_pca256_lexical_w005
71984,59,minibatch_k64,text_pca256_lexical_w005
71985,62,minibatch_k64,text_pca256_lexical_w005
71986,59,minibatch_k64,text_pca256_lexical_w005
71987,62,minibatch_k64,text_pca256_lexical_w005
71988,59,minibatch_k64,text_pca256_lexical_w005
71989,62,minibatch_k64,text_pca256_lexical_w005
71990,59,minibatch_k64,text_pca256_lexical_w005
71991,62,minibatch_k64,text_pca256_lexical_w005
71992,10,minibatch_k64,text_pca256_lexical_w005
71993,33,minibatch_k64,text_pca256_lexical_w005
71994,0,minibatch_k64,text_pca256_lexical_w005
71995,15,minibatch_k64,text_pca256_lexical_w005
71996,0,minibatch_k64,text_pca256_lexical_w005
71997,20,minibatch_k64,text_pca256_lexical_w005
71998,45,minibatch_k64,text_pca256_lexical_w005
71999,38,minibatch_k64,text_pca256_lexical_w005
72000,59,minibatch_k64,text_pca256_lexical_w005
72001,13,minibatch_k64,text_pca256_lexical_w005
72002,59,minibatch_k64,text_pca256_lexical_w005
72003,21,minibatch_k64,text_pca256_lexical_w005
72004,10,minibatch_k64,text_pca256_lexical_w005
72005,39,minibatch_k64,text_pca256_lexical_w005
72006,23,minibatch_k64,text_pca256_lexical_w005
72007,47,minibatch_k64,text_pca256_lexical_w005
72008,53,minibatch_k64,text_pca256_lexical_w005
72009,10,minibatch_k64,text_pca256_lexical_w005
72010,10,minibatch_k64,text_pca256_lexical_w005
72011,59,minibatch_k64,text_pca256_lexical_w005
72012,59,minibatch_k64,text_pca256_lexical_w005
72013,45,minibatch_k64,text_pca256_lexical_w005
72014,21,minibatch_k64,text_pca256_lexical_w005
72015,10,minibatch_k64,text_pca256_lexical_w005
72016,15,minibatch_k64,text_pca256_lexical_w005
72017,21,minibatch_k64,text_pca256_lexical_w005
72018,59,minibatch_k64,text_pca256_lexical_w005
72019,38,minibatch_k64,text_pca256_lexical_w005
72020,45,minibatch_k64,text_pca256_lexical_w005
72021,55,minibatch_k64,text_pca256_lexical_w005
72022,23,minibatch_k64,text_pca256_lexical_w005
72023,62,minibatch_k64,text_pca256_lexical_w005
72024,59,minibatch_k64,text_pca256_lexical_w005
72025,45,minibatch_k64,text_pca256_lexical_w005
72026,0,minibatch_k64,text_pca256_lexical_w005
72027,45,minibatch_k64,text_pca256_lexical_w005
72028,38,minibatch_k64,text_pca256_lexical_w005
72029,55,minibatch_k64,text_pca256_lexical_w005
72030,13,minibatch_k64,text_pca256_lexical_w005
72031,45,minibatch_k64,text_pca256_lexical_w005
72032,0,minibatch_k64,text_pca256_lexical_w005
72033,0,minibatch_k64,text_pca256_lexical_w005
72034,23,minibatch_k64,text_pca256_lexical_w005
72035,0,minibatch_k64,text_pca256_lexical_w005
72036,62,minibatch_k64,text_pca256_lexical_w005
72037,23,minibatch_k64,text_pca256_lexical_w005
72038,23,minibatch_k64,text_pca256_lexical_w005
72039,62,minibatch_k64,text_pca256_lexical_w005
72040,59,minibatch_k64,text_pca256_lexical_w005
72041,0,minibatch_k64,text_pca256_lexical_w005
72042,45,minibatch_k64,text_pca256_lexical_w005
72043,10,minibatch_k64,text_pca256_lexical_w005
72044,45,minibatch_k64,text_pca256_lexical_w005
72045,23,minibatch_k64,text_pca256_lexical_w005
72046,45,minibatch_k64,text_pca256_lexical_w005
72047,18,minibatch_k64,text_pca256_lexical_w005
72048,59,minibatch_k64,text_pca256_lexical_w005
72049,59,minibatch_k64,text_pca256_lexical_w005
72050,45,minibatch_k64,text_pca256_lexical_w005
72051,59,minibatch_k64,text_pca256_lexical_w005
72052,59,minibatch_k64,text_pca256_lexical_w005
72053,23,minibatch_k64,text_pca256_lexical_w005
72054,45,minibatch_k64,text_pca256_lexical_w005
72055,59,minibatch_k64,text_pca256_lexical_w005
72056,23,minibatch_k64,text_pca256_lexical_w005
72057,62,minibatch_k64,text_pca256_lexical_w005
72058,33,minibatch_k64,text_pca256_lexical_w005
72059,18,minibatch_k64,text_pca256_lexical_w005
72060,45,minibatch_k64,text_pca256_lexical_w005
72061,62,minibatch_k64,text_pca256_lexical_w005
72062,45,minibatch_k64,text_pca256_lexical_w005
72063,45,minibatch_k64,text_pca256_lexical_w005
72064,0,minibatch_k64,text_pca256_lexical_w005
72065,45,minibatch_k64,text_pca256_lexical_w005
72066,48,minibatch_k64,text_pca256_lexical_w005
72067,45,minibatch_k64,text_pca256_lexical_w005
72068,45,minibatch_k64,text_pca256_lexical_w005
72069,45,minibatch_k64,text_pca256_lexical_w005
72070,59,minibatch_k64,text_pca256_lexical_w005
72071,45,minibatch_k64,text_pca256_lexical_w005
72072,18,minibatch_k64,text_pca256_lexical_w005
72073,18,minibatch_k64,text_pca256_lexical_w005
72074,45,minibatch_k64,text_pca256_lexical_w005
72075,45,minibatch_k64,text_pca256_lexical_w005
72076,18,minibatch_k64,text_pca256_lexical_w005
72077,45,minibatch_k64,text_pca256_lexical_w005
72078,45,minibatch_k64,text_pca256_lexical_w005
72079,45,minibatch_k64,text_pca256_lexical_w005
72080,45,minibatch_k64,text_pca256_lexical_w005
72081,23,minibatch_k64,text_pca256_lexical_w005
72082,45,minibatch_k64,text_pca256_lexical_w005
72083,23,minibatch_k64,text_pca256_lexical_w005
72084,30,minibatch_k64,text_pca256_lexical_w005
72085,59,minibatch_k64,text_pca256_lexical_w005
72086,23,minibatch_k64,text_pca256_lexical_w005
72087,17,minibatch_k64,text_pca256_lexical_w005
72088,30,minibatch_k64,text_pca256_lexical_w005
72089,45,minibatch_k64,text_pca256_lexical_w005
72090,59,minibatch_k64,text_pca256_lexical_w005
72091,30,minibatch_k64,text_pca256_lexical_w005
72092,45,minibatch_k64,text_pca256_lexical_w005
72093,18,minibatch_k64,text_pca256_lexical_w005
72094,0,minibatch_k64,text_pca256_lexical_w005
72095,0,minibatch_k64,text_pca256_lexical_w005
72096,45,minibatch_k64,text_pca256_lexical_w005
72097,45,minibatch_k64,text_pca256_lexical_w005
72098,15,minibatch_k64,text_pca256_lexical_w005
72099,59,minibatch_k64,text_pca256_lexical_w005
72100,2,minibatch_k64,text_pca256_lexical_w005
72101,23,minibatch_k64,text_pca256_lexical_w005
72102,45,minibatch_k64,text_pca256_lexical_w005
72103,8,minibatch_k64,text_pca256_lexical_w005
72104,45,minibatch_k64,text_pca256_lexical_w005
72105,59,minibatch_k64,text_pca256_lexical_w005
72106,23,minibatch_k64,text_pca256_lexical_w005
72107,53,minibatch_k64,text_pca256_lexical_w005
72108,0,minibatch_k64,text_pca256_lexical_w005
72109,59,minibatch_k64,text_pca256_lexical_w005
72110,59,minibatch_k64,text_pca256_lexical_w005
72111,0,minibatch_k64,text_pca256_lexical_w005
72112,59,minibatch_k64,text_pca256_lexical_w005
72113,59,minibatch_k64,text_pca256_lexical_w005
72114,23,minibatch_k64,text_pca256_lexical_w005
72115,50,minibatch_k64,text_pca256_lexical_w005
72116,59,minibatch_k64,text_pca256_lexical_w005
72117,59,minibatch_k64,text_pca256_lexical_w005
72118,8,minibatch_k64,text_pca256_lexical_w005
72119,10,minibatch_k64,text_pca256_lexical_w005
72120,59,minibatch_k64,text_pca256_lexical_w005
72121,59,minibatch_k64,text_pca256_lexical_w005
72122,59,minibatch_k64,text_pca256_lexical_w005
72123,59,minibatch_k64,text_pca256_lexical_w005
72124,45,minibatch_k64,text_pca256_lexical_w005
72125,18,minibatch_k64,text_pca256_lexical_w005
72126,59,minibatch_k64,text_pca256_lexical_w005
72127,10,minibatch_k64,text_pca256_lexical_w005
72128,59,minibatch_k64,text_pca256_lexical_w005
72129,59,minibatch_k64,text_pca256_lexical_w005
72130,59,minibatch_k64,text_pca256_lexical_w005
72131,8,minibatch_k64,text_pca256_lexical_w005
72132,59,minibatch_k64,text_pca256_lexical_w005
72133,59,minibatch_k64,text_pca256_lexical_w005
72134,59,minibatch_k64,text_pca256_lexical_w005
72135,59,minibatch_k64,text_pca256_lexical_w005
72136,59,minibatch_k64,text_pca256_lexical_w005
72137,59,minibatch_k64,text_pca256_lexical_w005
72138,59,minibatch_k64,text_pca256_lexical_w005
72139,59,minibatch_k64,text_pca256_lexical_w005
72140,59,minibatch_k64,text_pca256_lexical_w005
72141,59,minibatch_k64,text_pca256_lexical_w005
72142,59,minibatch_k64,text_pca256_lexical_w005
72143,59,minibatch_k64,text_pca256_lexical_w005
72144,53,minibatch_k64,text_pca256_lexical_w005
72145,59,minibatch_k64,text_pca256_lexical_w005
72146,45,minibatch_k64,text_pca256_lexical_w005
72147,61,minibatch_k64,text_pca256_lexical_w005
72148,59,minibatch_k64,text_pca256_lexical_w005
72149,59,minibatch_k64,text_pca256_lexical_w005
72150,59,minibatch_k64,text_pca256_lexical_w005
72151,59,minibatch_k64,text_pca256_lexical_w005
72152,59,minibatch_k64,text_pca256_lexical_w005
72153,2,minibatch_k64,text_pca256_lexical_w005
72154,53,minibatch_k64,text_pca256_lexical_w005
72155,8,minibatch_k64,text_pca256_lexical_w005
72156,59,minibatch_k64,text_pca256_lexical_w005
72157,59,minibatch_k64,text_pca256_lexical_w005
72158,59,minibatch_k64,text_pca256_lexical_w005
72159,59,minibatch_k64,text_pca256_lexical_w005
72160,45,minibatch_k64,text_pca256_lexical_w005
72161,59,minibatch_k64,text_pca256_lexical_w005
72162,50,minibatch_k64,text_pca256_lexical_w005
72163,23,minibatch_k64,text_pca256_lexical_w005
72164,59,minibatch_k64,text_pca256_lexical_w005
72165,59,minibatch_k64,text_pca256_lexical_w005
72166,23,minibatch_k64,text_pca256_lexical_w005
72167,53,minibatch_k64,text_pca256_lexical_w005
72168,45,minibatch_k64,text_pca256_lexical_w005
72169,59,minibatch_k64,text_pca256_lexical_w005
72170,23,minibatch_k64,text_pca256_lexical_w005
72171,8,minibatch_k64,text_pca256_lexical_w005
72172,45,minibatch_k64,text_pca256_lexical_w005
72173,45,minibatch_k64,text_pca256_lexical_w005
72174,0,minibatch_k64,text_pca256_lexical_w005
72175,45,minibatch_k64,text_pca256_lexical_w005
72176,33,minibatch_k64,text_pca256_lexical_w005
72177,45,minibatch_k64,text_pca256_lexical_w005
72178,45,minibatch_k64,text_pca256_lexical_w005
72179,45,minibatch_k64,text_pca256_lexical_w005
72180,45,minibatch_k64,text_pca256_lexical_w005
72181,45,minibatch_k64,text_pca256_lexical_w005
72182,45,minibatch_k64,text_pca256_lexical_w005
72183,45,minibatch_k64,text_pca256_lexical_w005
72184,23,minibatch_k64,text_pca256_lexical_w005
72185,45,minibatch_k64,text_pca256_lexical_w005
72186,45,minibatch_k64,text_pca256_lexical_w005
72187,45,minibatch_k64,text_pca256_lexical_w005
72188,42,minibatch_k64,text_pca256_lexical_w005
72189,59,minibatch_k64,text_pca256_lexical_w005
72190,59,minibatch_k64,text_pca256_lexical_w005
72191,45,minibatch_k64,text_pca256_lexical_w005
72192,59,minibatch_k64,text_pca256_lexical_w005
72193,62,minibatch_k64,text_pca256_lexical_w005
72194,2,minibatch_k64,text_pca256_lexical_w005
72195,59,minibatch_k64,text_pca256_lexical_w005
72196,59,minibatch_k64,text_pca256_lexical_w005
72197,45,minibatch_k64,text_pca256_lexical_w005
72198,45,minibatch_k64,text_pca256_lexical_w005
72199,41,minibatch_k64,text_pca256_lexical_w005
72200,0,minibatch_k64,text_pca256_lexical_w005
72201,41,minibatch_k64,text_pca256_lexical_w005
72202,59,minibatch_k64,text_pca256_lexical_w005
72203,10,minibatch_k64,text_pca256_lexical_w005
72204,33,minibatch_k64,text_pca256_lexical_w005
72205,8,minibatch_k64,text_pca256_lexical_w005
72206,45,minibatch_k64,text_pca256_lexical_w005
72207,45,minibatch_k64,text_pca256_lexical_w005
72208,53,minibatch_k64,text_pca256_lexical_w005
72209,59,minibatch_k64,text_pca256_lexical_w005
72210,8,minibatch_k64,text_pca256_lexical_w005
72211,45,minibatch_k64,text_pca256_lexical_w005
72212,10,minibatch_k64,text_pca256_lexical_w005
72213,10,minibatch_k64,text_pca256_lexical_w005
72214,5,minibatch_k64,text_pca256_lexical_w005
72215,21,minibatch_k64,text_pca256_lexical_w005
72216,59,minibatch_k64,text_pca256_lexical_w005
72217,59,minibatch_k64,text_pca256_lexical_w005
72218,59,minibatch_k64,text_pca256_lexical_w005
72219,8,minibatch_k64,text_pca256_lexical_w005
72220,39,minibatch_k64,text_pca256_lexical_w005
72221,59,minibatch_k64,text_pca256_lexical_w005
72222,10,minibatch_k64,text_pca256_lexical_w005
72223,45,minibatch_k64,text_pca256_lexical_w005
72224,33,minibatch_k64,text_pca256_lexical_w005
72225,59,minibatch_k64,text_pca256_lexical_w005
72226,45,minibatch_k64,text_pca256_lexical_w005
72227,23,minibatch_k64,text_pca256_lexical_w005
72228,59,minibatch_k64,text_pca256_lexical_w005
72229,21,minibatch_k64,text_pca256_lexical_w005
72230,59,minibatch_k64,text_pca256_lexical_w005
72231,50,minibatch_k64,text_pca256_lexical_w005
72232,59,minibatch_k64,text_pca256_lexical_w005
72233,10,minibatch_k64,text_pca256_lexical_w005
72234,62,minibatch_k64,text_pca256_lexical_w005
72235,45,minibatch_k64,text_pca256_lexical_w005
72236,39,minibatch_k64,text_pca256_lexical_w005
72237,10,minibatch_k64,text_pca256_lexical_w005
72238,23,minibatch_k64,text_pca256_lexical_w005
72239,59,minibatch_k64,text_pca256_lexical_w005
72240,62,minibatch_k64,text_pca256_lexical_w005
72241,45,minibatch_k64,text_pca256_lexical_w005
72242,45,minibatch_k64,text_pca256_lexical_w005
72243,23,minibatch_k64,text_pca256_lexical_w005
72244,59,minibatch_k64,text_pca256_lexical_w005
72245,59,minibatch_k64,text_pca256_lexical_w005
72246,45,minibatch_k64,text_pca256_lexical_w005
72247,59,minibatch_k64,text_pca256_lexical_w005
72248,23,minibatch_k64,text_pca256_lexical_w005
72249,59,minibatch_k64,text_pca256_lexical_w005
72250,45,minibatch_k64,text_pca256_lexical_w005
72251,42,minibatch_k64,text_pca256_lexical_w005
72252,5,minibatch_k64,text_pca256_lexical_w005
72253,38,minibatch_k64,text_pca256_lexical_w005
72254,23,minibatch_k64,text_pca256_lexical_w005
72255,42,minibatch_k64,text_pca256_lexical_w005
72256,59,minibatch_k64,text_pca256_lexical_w005
72257,0,minibatch_k64,text_pca256_lexical_w005
72258,58,minibatch_k64,text_pca256_lexical_w005
72259,38,minibatch_k64,text_pca256_lexical_w005
72260,23,minibatch_k64,text_pca256_lexical_w005
72261,0,minibatch_k64,text_pca256_lexical_w005
72262,58,minibatch_k64,text_pca256_lexical_w005
72263,38,minibatch_k64,text_pca256_lexical_w005
72264,62,minibatch_k64,text_pca256_lexical_w005
72265,38,minibatch_k64,text_pca256_lexical_w005
72266,0,minibatch_k64,text_pca256_lexical_w005
72267,23,minibatch_k64,text_pca256_lexical_w005
72268,0,minibatch_k64,text_pca256_lexical_w005
72269,33,minibatch_k64,text_pca256_lexical_w005
72270,23,minibatch_k64,text_pca256_lexical_w005
72271,38,minibatch_k64,text_pca256_lexical_w005
72272,58,minibatch_k64,text_pca256_lexical_w005
72273,55,minibatch_k64,text_pca256_lexical_w005
72274,38,minibatch_k64,text_pca256_lexical_w005
72275,23,minibatch_k64,text_pca256_lexical_w005
72276,38,minibatch_k64,text_pca256_lexical_w005
72277,45,minibatch_k64,text_pca256_lexical_w005
72278,23,minibatch_k64,text_pca256_lexical_w005
72279,5,minibatch_k64,text_pca256_lexical_w005
72280,38,minibatch_k64,text_pca256_lexical_w005
72281,0,minibatch_k64,text_pca256_lexical_w005
72282,23,minibatch_k64,text_pca256_lexical_w005
72283,0,minibatch_k64,text_pca256_lexical_w005
72284,10,minibatch_k64,text_pca256_lexical_w005
72285,8,minibatch_k64,text_pca256_lexical_w005
72286,62,minibatch_k64,text_pca256_lexical_w005
72287,38,minibatch_k64,text_pca256_lexical_w005
72288,58,minibatch_k64,text_pca256_lexical_w005
72289,45,minibatch_k64,text_pca256_lexical_w005
72290,23,minibatch_k64,text_pca256_lexical_w005
72291,13,minibatch_k64,text_pca256_lexical_w005
72292,23,minibatch_k64,text_pca256_lexical_w005
72293,58,minibatch_k64,text_pca256_lexical_w005
72294,38,minibatch_k64,text_pca256_lexical_w005
72295,45,minibatch_k64,text_pca256_lexical_w005
72296,23,minibatch_k64,text_pca256_lexical_w005
72297,60,minibatch_k64,text_pca256_lexical_w005
72298,62,minibatch_k64,text_pca256_lexical_w005
72299,38,minibatch_k64,text_pca256_lexical_w005
72300,62,minibatch_k64,text_pca256_lexical_w005
72301,23,minibatch_k64,text_pca256_lexical_w005
72302,63,minibatch_k64,text_pca256_lexical_w005
72303,38,minibatch_k64,text_pca256_lexical_w005
72304,59,minibatch_k64,text_pca256_lexical_w005
72305,22,minibatch_k64,text_pca256_lexical_w005
72306,38,minibatch_k64,text_pca256_lexical_w005
72307,36,minibatch_k64,text_pca256_lexical_w005
72308,55,minibatch_k64,text_pca256_lexical_w005
72309,63,minibatch_k64,text_pca256_lexical_w005
72310,33,minibatch_k64,text_pca256_lexical_w005
72311,59,minibatch_k64,text_pca256_lexical_w005
72312,42,minibatch_k64,text_pca256_lexical_w005
72313,42,minibatch_k64,text_pca256_lexical_w005
72314,38,minibatch_k64,text_pca256_lexical_w005
72315,36,minibatch_k64,text_pca256_lexical_w005
72316,45,minibatch_k64,text_pca256_lexical_w005
72317,55,minibatch_k64,text_pca256_lexical_w005
72318,22,minibatch_k64,text_pca256_lexical_w005
72319,59,minibatch_k64,text_pca256_lexical_w005
72320,23,minibatch_k64,text_pca256_lexical_w005
72321,38,minibatch_k64,text_pca256_lexical_w005
72322,36,minibatch_k64,text_pca256_lexical_w005
72323,0,minibatch_k64,text_pca256_lexical_w005
72324,10,minibatch_k64,text_pca256_lexical_w005
72325,37,minibatch_k64,text_pca256_lexical_w005
72326,38,minibatch_k64,text_pca256_lexical_w005
72327,45,minibatch_k64,text_pca256_lexical_w005
72328,55,minibatch_k64,text_pca256_lexical_w005
72329,60,minibatch_k64,text_pca256_lexical_w005
72330,23,minibatch_k64,text_pca256_lexical_w005
72331,33,minibatch_k64,text_pca256_lexical_w005
72332,18,minibatch_k64,text_pca256_lexical_w005
72333,34,minibatch_k64,text_pca256_lexical_w005
72334,0,minibatch_k64,text_pca256_lexical_w005
72335,8,minibatch_k64,text_pca256_lexical_w005
72336,34,minibatch_k64,text_pca256_lexical_w005
72337,8,minibatch_k64,text_pca256_lexical_w005
72338,59,minibatch_k64,text_pca256_lexical_w005
72339,59,minibatch_k64,text_pca256_lexical_w005
72340,33,minibatch_k64,text_pca256_lexical_w005
72341,6,minibatch_k64,text_pca256_lexical_w005
72342,33,minibatch_k64,text_pca256_lexical_w005
72343,6,minibatch_k64,text_pca256_lexical_w005
72344,10,minibatch_k64,text_pca256_lexical_w005
72345,15,minibatch_k64,text_pca256_lexical_w005
72346,8,minibatch_k64,text_pca256_lexical_w005
72347,8,minibatch_k64,text_pca256_lexical_w005
72348,6,minibatch_k64,text_pca256_lexical_w005
72349,23,minibatch_k64,text_pca256_lexical_w005
72350,23,minibatch_k64,text_pca256_lexical_w005
72351,21,minibatch_k64,text_pca256_lexical_w005
72352,10,minibatch_k64,text_pca256_lexical_w005
72353,6,minibatch_k64,text_pca256_lexical_w005
72354,39,minibatch_k64,text_pca256_lexical_w005
72355,10,minibatch_k64,text_pca256_lexical_w005
72356,48,minibatch_k64,text_pca256_lexical_w005
72357,6,minibatch_k64,text_pca256_lexical_w005
72358,33,minibatch_k64,text_pca256_lexical_w005
72359,33,minibatch_k64,text_pca256_lexical_w005
72360,34,minibatch_k64,text_pca256_lexical_w005
72361,33,minibatch_k64,text_pca256_lexical_w005
72362,34,minibatch_k64,text_pca256_lexical_w005
72363,33,minibatch_k64,text_pca256_lexical_w005
72364,5,minibatch_k64,text_pca256_lexical_w005
72365,5,minibatch_k64,text_pca256_lexical_w005
72366,45,minibatch_k64,text_pca256_lexical_w005
72367,0,minibatch_k64,text_pca256_lexical_w005
72368,5,minibatch_k64,text_pca256_lexical_w005
72369,8,minibatch_k64,text_pca256_lexical_w005
72370,0,minibatch_k64,text_pca256_lexical_w005
72371,8,minibatch_k64,text_pca256_lexical_w005
72372,59,minibatch_k64,text_pca256_lexical_w005
72373,0,minibatch_k64,text_pca256_lexical_w005
72374,23,minibatch_k64,text_pca256_lexical_w005
72375,10,minibatch_k64,text_pca256_lexical_w005
72376,10,minibatch_k64,text_pca256_lexical_w005
72377,10,minibatch_k64,text_pca256_lexical_w005
72378,62,minibatch_k64,text_pca256_lexical_w005
72379,5,minibatch_k64,text_pca256_lexical_w005
72380,8,minibatch_k64,text_pca256_lexical_w005
72381,5,minibatch_k64,text_pca256_lexical_w005
72382,42,minibatch_k64,text_pca256_lexical_w005
72383,33,minibatch_k64,text_pca256_lexical_w005
72384,62,minibatch_k64,text_pca256_lexical_w005
72385,50,minibatch_k64,text_pca256_lexical_w005
72386,2,minibatch_k64,text_pca256_lexical_w005
72387,33,minibatch_k64,text_pca256_lexical_w005
72388,0,minibatch_k64,text_pca256_lexical_w005
72389,2,minibatch_k64,text_pca256_lexical_w005
72390,15,minibatch_k64,text_pca256_lexical_w005
72391,8,minibatch_k64,text_pca256_lexical_w005
72392,0,minibatch_k64,text_pca256_lexical_w005
72393,5,minibatch_k64,text_pca256_lexical_w005
72394,2,minibatch_k64,text_pca256_lexical_w005
72395,25,minibatch_k64,text_pca256_lexical_w005
72396,2,minibatch_k64,text_pca256_lexical_w005
72397,38,minibatch_k64,text_pca256_lexical_w005
72398,58,minibatch_k64,text_pca256_lexical_w005
72399,45,minibatch_k64,text_pca256_lexical_w005
72400,55,minibatch_k64,text_pca256_lexical_w005
72401,62,minibatch_k64,text_pca256_lexical_w005
72402,23,minibatch_k64,text_pca256_lexical_w005
72403,8,minibatch_k64,text_pca256_lexical_w005
72404,42,minibatch_k64,text_pca256_lexical_w005
72405,2,minibatch_k64,text_pca256_lexical_w005
72406,8,minibatch_k64,text_pca256_lexical_w005
72407,62,minibatch_k64,text_pca256_lexical_w005
72408,62,minibatch_k64,text_pca256_lexical_w005
72409,0,minibatch_k64,text_pca256_lexical_w005
72410,8,minibatch_k64,text_pca256_lexical_w005
72411,62,minibatch_k64,text_pca256_lexical_w005
72412,53,minibatch_k64,text_pca256_lexical_w005
72413,10,minibatch_k64,text_pca256_lexical_w005
72414,62,minibatch_k64,text_pca256_lexical_w005
72415,0,minibatch_k64,text_pca256_lexical_w005
72416,15,minibatch_k64,text_pca256_lexical_w005
72417,0,minibatch_k64,text_pca256_lexical_w005
72418,15,minibatch_k64,text_pca256_lexical_w005
72419,15,minibatch_k64,text_pca256_lexical_w005
72420,62,minibatch_k64,text_pca256_lexical_w005
72421,62,minibatch_k64,text_pca256_lexical_w005
72422,15,minibatch_k64,text_pca256_lexical_w005
72423,0,minibatch_k64,text_pca256_lexical_w005
72424,15,minibatch_k64,text_pca256_lexical_w005
72425,10,minibatch_k64,text_pca256_lexical_w005
72426,25,minibatch_k64,text_pca256_lexical_w005
72427,53,minibatch_k64,text_pca256_lexical_w005
72428,38,minibatch_k64,text_pca256_lexical_w005
72429,58,minibatch_k64,text_pca256_lexical_w005
72430,62,minibatch_k64,text_pca256_lexical_w005
72431,23,minibatch_k64,text_pca256_lexical_w005
72432,10,minibatch_k64,text_pca256_lexical_w005
72433,0,minibatch_k64,text_pca256_lexical_w005
72434,45,minibatch_k64,text_pca256_lexical_w005
72435,23,minibatch_k64,text_pca256_lexical_w005
72436,33,minibatch_k64,text_pca256_lexical_w005
72437,2,minibatch_k64,text_pca256_lexical_w005
72438,15,minibatch_k64,text_pca256_lexical_w005
72439,4,minibatch_k64,text_pca256_lexical_w005
72440,42,minibatch_k64,text_pca256_lexical_w005
72441,8,minibatch_k64,text_pca256_lexical_w005
72442,2,minibatch_k64,text_pca256_lexical_w005
72443,2,minibatch_k64,text_pca256_lexical_w005
72444,62,minibatch_k64,text_pca256_lexical_w005
72445,62,minibatch_k64,text_pca256_lexical_w005
72446,0,minibatch_k64,text_pca256_lexical_w005
72447,14,minibatch_k64,text_pca256_lexical_w005
72448,8,minibatch_k64,text_pca256_lexical_w005
72449,2,minibatch_k64,text_pca256_lexical_w005
72450,8,minibatch_k64,text_pca256_lexical_w005
72451,39,minibatch_k64,text_pca256_lexical_w005
72452,2,minibatch_k64,text_pca256_lexical_w005
72453,8,minibatch_k64,text_pca256_lexical_w005
72454,15,minibatch_k64,text_pca256_lexical_w005
72455,10,minibatch_k64,text_pca256_lexical_w005
72456,25,minibatch_k64,text_pca256_lexical_w005
72457,0,minibatch_k64,text_pca256_lexical_w005
72458,8,minibatch_k64,text_pca256_lexical_w005
72459,62,minibatch_k64,text_pca256_lexical_w005
72460,62,minibatch_k64,text_pca256_lexical_w005
72461,23,minibatch_k64,text_pca256_lexical_w005
72462,62,minibatch_k64,text_pca256_lexical_w005
72463,45,minibatch_k64,text_pca256_lexical_w005
72464,23,minibatch_k64,text_pca256_lexical_w005
72465,45,minibatch_k64,text_pca256_lexical_w005
72466,0,minibatch_k64,text_pca256_lexical_w005
72467,62,minibatch_k64,text_pca256_lexical_w005
72468,2,minibatch_k64,text_pca256_lexical_w005
72469,45,minibatch_k64,text_pca256_lexical_w005
72470,38,minibatch_k64,text_pca256_lexical_w005
72471,58,minibatch_k64,text_pca256_lexical_w005
72472,0,minibatch_k64,text_pca256_lexical_w005
72473,55,minibatch_k64,text_pca256_lexical_w005
72474,0,minibatch_k64,text_pca256_lexical_w005
72475,23,minibatch_k64,text_pca256_lexical_w005
72476,35,minibatch_k64,text_pca256_lexical_w005
72477,33,minibatch_k64,text_pca256_lexical_w005
72478,62,minibatch_k64,text_pca256_lexical_w005
72479,62,minibatch_k64,text_pca256_lexical_w005
72480,46,minibatch_k64,text_pca256_lexical_w005
72481,0,minibatch_k64,text_pca256_lexical_w005
72482,0,minibatch_k64,text_pca256_lexical_w005
72483,0,minibatch_k64,text_pca256_lexical_w005
72484,42,minibatch_k64,text_pca256_lexical_w005
72485,62,minibatch_k64,text_pca256_lexical_w005
72486,0,minibatch_k64,text_pca256_lexical_w005
72487,10,minibatch_k64,text_pca256_lexical_w005
72488,21,minibatch_k64,text_pca256_lexical_w005
72489,56,minibatch_k64,text_pca256_lexical_w005
72490,0,minibatch_k64,text_pca256_lexical_w005
72491,38,minibatch_k64,text_pca256_lexical_w005
72492,0,minibatch_k64,text_pca256_lexical_w005
72493,8,minibatch_k64,text_pca256_lexical_w005
72494,58,minibatch_k64,text_pca256_lexical_w005
72495,2,minibatch_k64,text_pca256_lexical_w005
72496,45,minibatch_k64,text_pca256_lexical_w005
72497,55,minibatch_k64,text_pca256_lexical_w005
72498,35,minibatch_k64,text_pca256_lexical_w005
72499,45,minibatch_k64,text_pca256_lexical_w005
72500,4,minibatch_k64,text_pca256_lexical_w005
72501,0,minibatch_k64,text_pca256_lexical_w005
72502,8,minibatch_k64,text_pca256_lexical_w005
72503,45,minibatch_k64,text_pca256_lexical_w005
72504,62,minibatch_k64,text_pca256_lexical_w005
72505,62,minibatch_k64,text_pca256_lexical_w005
72506,4,minibatch_k64,text_pca256_lexical_w005
72507,14,minibatch_k64,text_pca256_lexical_w005
72508,4,minibatch_k64,text_pca256_lexical_w005
72509,45,minibatch_k64,text_pca256_lexical_w005
72510,45,minibatch_k64,text_pca256_lexical_w005
72511,4,minibatch_k64,text_pca256_lexical_w005
72512,0,minibatch_k64,text_pca256_lexical_w005
72513,0,minibatch_k64,text_pca256_lexical_w005
72514,0,minibatch_k64,text_pca256_lexical_w005
72515,45,minibatch_k64,text_pca256_lexical_w005
72516,0,minibatch_k64,text_pca256_lexical_w005
72517,59,minibatch_k64,text_pca256_lexical_w005
72518,4,minibatch_k64,text_pca256_lexical_w005
72519,0,minibatch_k64,text_pca256_lexical_w005
72520,21,minibatch_k64,text_pca256_lexical_w005
72521,0,minibatch_k64,text_pca256_lexical_w005
72522,4,minibatch_k64,text_pca256_lexical_w005
72523,23,minibatch_k64,text_pca256_lexical_w005
72524,45,minibatch_k64,text_pca256_lexical_w005
72525,23,minibatch_k64,text_pca256_lexical_w005
72526,10,minibatch_k64,text_pca256_lexical_w005
72527,2,minibatch_k64,text_pca256_lexical_w005
72528,0,minibatch_k64,text_pca256_lexical_w005
72529,0,minibatch_k64,text_pca256_lexical_w005
72530,33,minibatch_k64,text_pca256_lexical_w005
72531,10,minibatch_k64,text_pca256_lexical_w005
72532,8,minibatch_k64,text_pca256_lexical_w005
72533,21,minibatch_k64,text_pca256_lexical_w005
72534,62,minibatch_k64,text_pca256_lexical_w005
72535,15,minibatch_k64,text_pca256_lexical_w005
72536,0,minibatch_k64,text_pca256_lexical_w005
72537,8,minibatch_k64,text_pca256_lexical_w005
72538,62,minibatch_k64,text_pca256_lexical_w005
72539,0,minibatch_k64,text_pca256_lexical_w005
72540,0,minibatch_k64,text_pca256_lexical_w005
72541,4,minibatch_k64,text_pca256_lexical_w005
72542,62,minibatch_k64,text_pca256_lexical_w005
72543,62,minibatch_k64,text_pca256_lexical_w005
72544,2,minibatch_k64,text_pca256_lexical_w005
72545,45,minibatch_k64,text_pca256_lexical_w005
72546,62,minibatch_k64,text_pca256_lexical_w005
72547,0,minibatch_k64,text_pca256_lexical_w005
72548,23,minibatch_k64,text_pca256_lexical_w005
72549,62,minibatch_k64,text_pca256_lexical_w005
72550,15,minibatch_k64,text_pca256_lexical_w005
72551,2,minibatch_k64,text_pca256_lexical_w005
72552,10,minibatch_k64,text_pca256_lexical_w005
72553,2,minibatch_k64,text_pca256_lexical_w005
72554,2,minibatch_k64,text_pca256_lexical_w005
72555,2,minibatch_k64,text_pca256_lexical_w005
72556,2,minibatch_k64,text_pca256_lexical_w005
72557,56,minibatch_k64,text_pca256_lexical_w005
72558,42,minibatch_k64,text_pca256_lexical_w005
72559,8,minibatch_k64,text_pca256_lexical_w005
72560,23,minibatch_k64,text_pca256_lexical_w005
72561,2,minibatch_k64,text_pca256_lexical_w005
72562,62,minibatch_k64,text_pca256_lexical_w005
72563,45,minibatch_k64,text_pca256_lexical_w005
72564,62,minibatch_k64,text_pca256_lexical_w005
72565,2,minibatch_k64,text_pca256_lexical_w005
72566,62,minibatch_k64,text_pca256_lexical_w005
72567,62,minibatch_k64,text_pca256_lexical_w005
72568,0,minibatch_k64,text_pca256_lexical_w005
72569,2,minibatch_k64,text_pca256_lexical_w005
72570,2,minibatch_k64,text_pca256_lexical_w005
72571,23,minibatch_k64,text_pca256_lexical_w005
72572,2,minibatch_k64,text_pca256_lexical_w005
72573,2,minibatch_k64,text_pca256_lexical_w005
72574,18,minibatch_k64,text_pca256_lexical_w005
72575,0,minibatch_k64,text_pca256_lexical_w005
72576,2,minibatch_k64,text_pca256_lexical_w005
72577,23,minibatch_k64,text_pca256_lexical_w005
72578,8,minibatch_k64,text_pca256_lexical_w005
72579,23,minibatch_k64,text_pca256_lexical_w005
72580,14,minibatch_k64,text_pca256_lexical_w005
72581,0,minibatch_k64,text_pca256_lexical_w005
72582,45,minibatch_k64,text_pca256_lexical_w005
72583,45,minibatch_k64,text_pca256_lexical_w005
72584,15,minibatch_k64,text_pca256_lexical_w005
72585,10,minibatch_k64,text_pca256_lexical_w005
72586,45,minibatch_k64,text_pca256_lexical_w005
72587,21,minibatch_k64,text_pca256_lexical_w005
72588,47,minibatch_k64,text_pca256_lexical_w005
72589,45,minibatch_k64,text_pca256_lexical_w005
72590,58,minibatch_k64,text_pca256_lexical_w005
72591,58,minibatch_k64,text_pca256_lexical_w005
72592,45,minibatch_k64,text_pca256_lexical_w005
72593,55,minibatch_k64,text_pca256_lexical_w005
72594,45,minibatch_k64,text_pca256_lexical_w005
72595,45,minibatch_k64,text_pca256_lexical_w005
72596,35,minibatch_k64,text_pca256_lexical_w005
72597,45,minibatch_k64,text_pca256_lexical_w005
72598,45,minibatch_k64,text_pca256_lexical_w005
72599,45,minibatch_k64,text_pca256_lexical_w005
72600,45,minibatch_k64,text_pca256_lexical_w005
72601,45,minibatch_k64,text_pca256_lexical_w005
72602,4,minibatch_k64,text_pca256_lexical_w005
72603,62,minibatch_k64,text_pca256_lexical_w005
72604,45,minibatch_k64,text_pca256_lexical_w005
72605,45,minibatch_k64,text_pca256_lexical_w005
72606,4,minibatch_k64,text_pca256_lexical_w005
72607,4,minibatch_k64,text_pca256_lexical_w005
72608,45,minibatch_k64,text_pca256_lexical_w005
72609,33,minibatch_k64,text_pca256_lexical_w005
72610,23,minibatch_k64,text_pca256_lexical_w005
72611,45,minibatch_k64,text_pca256_lexical_w005
72612,23,minibatch_k64,text_pca256_lexical_w005
72613,62,minibatch_k64,text_pca256_lexical_w005
72614,2,minibatch_k64,text_pca256_lexical_w005
72615,45,minibatch_k64,text_pca256_lexical_w005
72616,2,minibatch_k64,text_pca256_lexical_w005
72617,2,minibatch_k64,text_pca256_lexical_w005
72618,2,minibatch_k64,text_pca256_lexical_w005
72619,2,minibatch_k64,text_pca256_lexical_w005
72620,0,minibatch_k64,text_pca256_lexical_w005
72621,2,minibatch_k64,text_pca256_lexical_w005
72622,23,minibatch_k64,text_pca256_lexical_w005
72623,10,minibatch_k64,text_pca256_lexical_w005
72624,45,minibatch_k64,text_pca256_lexical_w005
72625,2,minibatch_k64,text_pca256_lexical_w005
72626,10,minibatch_k64,text_pca256_lexical_w005
72627,2,minibatch_k64,text_pca256_lexical_w005
72628,59,minibatch_k64,text_pca256_lexical_w005
72629,8,minibatch_k64,text_pca256_lexical_w005
72630,2,minibatch_k64,text_pca256_lexical_w005
72631,2,minibatch_k64,text_pca256_lexical_w005
72632,2,minibatch_k64,text_pca256_lexical_w005
72633,8,minibatch_k64,text_pca256_lexical_w005
72634,0,minibatch_k64,text_pca256_lexical_w005
72635,0,minibatch_k64,text_pca256_lexical_w005
72636,23,minibatch_k64,text_pca256_lexical_w005
72637,18,minibatch_k64,text_pca256_lexical_w005
72638,33,minibatch_k64,text_pca256_lexical_w005
72639,23,minibatch_k64,text_pca256_lexical_w005
72640,2,minibatch_k64,text_pca256_lexical_w005
72641,8,minibatch_k64,text_pca256_lexical_w005
72642,8,minibatch_k64,text_pca256_lexical_w005
72643,23,minibatch_k64,text_pca256_lexical_w005
72644,33,minibatch_k64,text_pca256_lexical_w005
72645,62,minibatch_k64,text_pca256_lexical_w005
72646,2,minibatch_k64,text_pca256_lexical_w005
72647,2,minibatch_k64,text_pca256_lexical_w005
72648,10,minibatch_k64,text_pca256_lexical_w005
72649,14,minibatch_k64,text_pca256_lexical_w005
72650,0,minibatch_k64,text_pca256_lexical_w005
72651,2,minibatch_k64,text_pca256_lexical_w005
72652,0,minibatch_k64,text_pca256_lexical_w005
72653,2,minibatch_k64,text_pca256_lexical_w005
72654,62,minibatch_k64,text_pca256_lexical_w005
72655,0,minibatch_k64,text_pca256_lexical_w005
72656,10,minibatch_k64,text_pca256_lexical_w005
72657,0,minibatch_k64,text_pca256_lexical_w005
72658,2,minibatch_k64,text_pca256_lexical_w005
72659,14,minibatch_k64,text_pca256_lexical_w005
72660,0,minibatch_k64,text_pca256_lexical_w005
72661,5,minibatch_k64,text_pca256_lexical_w005
72662,62,minibatch_k64,text_pca256_lexical_w005
72663,23,minibatch_k64,text_pca256_lexical_w005
72664,5,minibatch_k64,text_pca256_lexical_w005
72665,0,minibatch_k64,text_pca256_lexical_w005
72666,5,minibatch_k64,text_pca256_lexical_w005
72667,62,minibatch_k64,text_pca256_lexical_w005
72668,59,minibatch_k64,text_pca256_lexical_w005
72669,59,minibatch_k64,text_pca256_lexical_w005
72670,0,minibatch_k64,text_pca256_lexical_w005
72671,45,minibatch_k64,text_pca256_lexical_w005
72672,45,minibatch_k64,text_pca256_lexical_w005
72673,0,minibatch_k64,text_pca256_lexical_w005
72674,45,minibatch_k64,text_pca256_lexical_w005
72675,45,minibatch_k64,text_pca256_lexical_w005
72676,58,minibatch_k64,text_pca256_lexical_w005
72677,40,minibatch_k64,text_pca256_lexical_w005
72678,58,minibatch_k64,text_pca256_lexical_w005
72679,12,minibatch_k64,text_pca256_lexical_w005
72680,23,minibatch_k64,text_pca256_lexical_w005
72681,55,minibatch_k64,text_pca256_lexical_w005
72682,35,minibatch_k64,text_pca256_lexical_w005
72683,62,minibatch_k64,text_pca256_lexical_w005
72684,62,minibatch_k64,text_pca256_lexical_w005
72685,25,minibatch_k64,text_pca256_lexical_w005
72686,2,minibatch_k64,text_pca256_lexical_w005
72687,33,minibatch_k64,text_pca256_lexical_w005
72688,0,minibatch_k64,text_pca256_lexical_w005
72689,8,minibatch_k64,text_pca256_lexical_w005
72690,0,minibatch_k64,text_pca256_lexical_w005
72691,23,minibatch_k64,text_pca256_lexical_w005
72692,0,minibatch_k64,text_pca256_lexical_w005
72693,0,minibatch_k64,text_pca256_lexical_w005
72694,8,minibatch_k64,text_pca256_lexical_w005
72695,15,minibatch_k64,text_pca256_lexical_w005
72696,8,minibatch_k64,text_pca256_lexical_w005
72697,0,minibatch_k64,text_pca256_lexical_w005
72698,45,minibatch_k64,text_pca256_lexical_w005
72699,2,minibatch_k64,text_pca256_lexical_w005
72700,2,minibatch_k64,text_pca256_lexical_w005
72701,33,minibatch_k64,text_pca256_lexical_w005
72702,33,minibatch_k64,text_pca256_lexical_w005
72703,18,minibatch_k64,text_pca256_lexical_w005
72704,56,minibatch_k64,text_pca256_lexical_w005
72705,62,minibatch_k64,text_pca256_lexical_w005
72706,2,minibatch_k64,text_pca256_lexical_w005
72707,23,minibatch_k64,text_pca256_lexical_w005
72708,15,minibatch_k64,text_pca256_lexical_w005
72709,62,minibatch_k64,text_pca256_lexical_w005
72710,2,minibatch_k64,text_pca256_lexical_w005
72711,15,minibatch_k64,text_pca256_lexical_w005
72712,21,minibatch_k64,text_pca256_lexical_w005
72713,45,minibatch_k64,text_pca256_lexical_w005
72714,45,minibatch_k64,text_pca256_lexical_w005
72715,0,minibatch_k64,text_pca256_lexical_w005
72716,59,minibatch_k64,text_pca256_lexical_w005
72717,2,minibatch_k64,text_pca256_lexical_w005
72718,62,minibatch_k64,text_pca256_lexical_w005
72719,2,minibatch_k64,text_pca256_lexical_w005
72720,8,minibatch_k64,text_pca256_lexical_w005
72721,62,minibatch_k64,text_pca256_lexical_w005
72722,0,minibatch_k64,text_pca256_lexical_w005
72723,2,minibatch_k64,text_pca256_lexical_w005
72724,23,minibatch_k64,text_pca256_lexical_w005
72725,2,minibatch_k64,text_pca256_lexical_w005
72726,2,minibatch_k64,text_pca256_lexical_w005
72727,14,minibatch_k64,text_pca256_lexical_w005
72728,62,minibatch_k64,text_pca256_lexical_w005
72729,25,minibatch_k64,text_pca256_lexical_w005
72730,15,minibatch_k64,text_pca256_lexical_w005
72731,0,minibatch_k64,text_pca256_lexical_w005
72732,2,minibatch_k64,text_pca256_lexical_w005
72733,2,minibatch_k64,text_pca256_lexical_w005
72734,45,minibatch_k64,text_pca256_lexical_w005
72735,12,minibatch_k64,text_pca256_lexical_w005
72736,45,minibatch_k64,text_pca256_lexical_w005
72737,58,minibatch_k64,text_pca256_lexical_w005
72738,58,minibatch_k64,text_pca256_lexical_w005
72739,55,minibatch_k64,text_pca256_lexical_w005
72740,45,minibatch_k64,text_pca256_lexical_w005
72741,35,minibatch_k64,text_pca256_lexical_w005
72742,45,minibatch_k64,text_pca256_lexical_w005
72743,45,minibatch_k64,text_pca256_lexical_w005
72744,45,minibatch_k64,text_pca256_lexical_w005
72745,45,minibatch_k64,text_pca256_lexical_w005
72746,45,minibatch_k64,text_pca256_lexical_w005
72747,45,minibatch_k64,text_pca256_lexical_w005
72748,45,minibatch_k64,text_pca256_lexical_w005
72749,45,minibatch_k64,text_pca256_lexical_w005
72750,62,minibatch_k64,text_pca256_lexical_w005
72751,10,minibatch_k64,text_pca256_lexical_w005
72752,45,minibatch_k64,text_pca256_lexical_w005
72753,4,minibatch_k64,text_pca256_lexical_w005
72754,0,minibatch_k64,text_pca256_lexical_w005
72755,8,minibatch_k64,text_pca256_lexical_w005
72756,5,minibatch_k64,text_pca256_lexical_w005
72757,18,minibatch_k64,text_pca256_lexical_w005
72758,2,minibatch_k64,text_pca256_lexical_w005
72759,33,minibatch_k64,text_pca256_lexical_w005
72760,8,minibatch_k64,text_pca256_lexical_w005
72761,0,minibatch_k64,text_pca256_lexical_w005
72762,0,minibatch_k64,text_pca256_lexical_w005
72763,2,minibatch_k64,text_pca256_lexical_w005
72764,2,minibatch_k64,text_pca256_lexical_w005
72765,45,minibatch_k64,text_pca256_lexical_w005
72766,39,minibatch_k64,text_pca256_lexical_w005
72767,23,minibatch_k64,text_pca256_lexical_w005
72768,21,minibatch_k64,text_pca256_lexical_w005
72769,2,minibatch_k64,text_pca256_lexical_w005
72770,0,minibatch_k64,text_pca256_lexical_w005
72771,14,minibatch_k64,text_pca256_lexical_w005
72772,14,minibatch_k64,text_pca256_lexical_w005
72773,12,minibatch_k64,text_pca256_lexical_w005
72774,62,minibatch_k64,text_pca256_lexical_w005
72775,38,minibatch_k64,text_pca256_lexical_w005
72776,58,minibatch_k64,text_pca256_lexical_w005
72777,2,minibatch_k64,text_pca256_lexical_w005
72778,55,minibatch_k64,text_pca256_lexical_w005
72779,60,minibatch_k64,text_pca256_lexical_w005
72780,62,minibatch_k64,text_pca256_lexical_w005
72781,25,minibatch_k64,text_pca256_lexical_w005
72782,0,minibatch_k64,text_pca256_lexical_w005
72783,0,minibatch_k64,text_pca256_lexical_w005
72784,8,minibatch_k64,text_pca256_lexical_w005
72785,4,minibatch_k64,text_pca256_lexical_w005
72786,45,minibatch_k64,text_pca256_lexical_w005
72787,62,minibatch_k64,text_pca256_lexical_w005
72788,0,minibatch_k64,text_pca256_lexical_w005
72789,23,minibatch_k64,text_pca256_lexical_w005
72790,0,minibatch_k64,text_pca256_lexical_w005
72791,4,minibatch_k64,text_pca256_lexical_w005
72792,45,minibatch_k64,text_pca256_lexical_w005
72793,45,minibatch_k64,text_pca256_lexical_w005
72794,4,minibatch_k64,text_pca256_lexical_w005
72795,45,minibatch_k64,text_pca256_lexical_w005
72796,45,minibatch_k64,text_pca256_lexical_w005
72797,10,minibatch_k64,text_pca256_lexical_w005
72798,8,minibatch_k64,text_pca256_lexical_w005
72799,0,minibatch_k64,text_pca256_lexical_w005
72800,45,minibatch_k64,text_pca256_lexical_w005
72801,62,minibatch_k64,text_pca256_lexical_w005
72802,23,minibatch_k64,text_pca256_lexical_w005
72803,23,minibatch_k64,text_pca256_lexical_w005
72804,2,minibatch_k64,text_pca256_lexical_w005
72805,23,minibatch_k64,text_pca256_lexical_w005
72806,8,minibatch_k64,text_pca256_lexical_w005
72807,8,minibatch_k64,text_pca256_lexical_w005
72808,2,minibatch_k64,text_pca256_lexical_w005
72809,42,minibatch_k64,text_pca256_lexical_w005
72810,2,minibatch_k64,text_pca256_lexical_w005
72811,23,minibatch_k64,text_pca256_lexical_w005
72812,62,minibatch_k64,text_pca256_lexical_w005
72813,8,minibatch_k64,text_pca256_lexical_w005
72814,23,minibatch_k64,text_pca256_lexical_w005
72815,4,minibatch_k64,text_pca256_lexical_w005
72816,45,minibatch_k64,text_pca256_lexical_w005
72817,0,minibatch_k64,text_pca256_lexical_w005
72818,0,minibatch_k64,text_pca256_lexical_w005
72819,61,minibatch_k64,text_pca256_lexical_w005
72820,15,minibatch_k64,text_pca256_lexical_w005
72821,2,minibatch_k64,text_pca256_lexical_w005
72822,2,minibatch_k64,text_pca256_lexical_w005
72823,18,minibatch_k64,text_pca256_lexical_w005
72824,45,minibatch_k64,text_pca256_lexical_w005
72825,15,minibatch_k64,text_pca256_lexical_w005
72826,50,minibatch_k64,text_pca256_lexical_w005
72827,0,minibatch_k64,text_pca256_lexical_w005
72828,2,minibatch_k64,text_pca256_lexical_w005
72829,15,minibatch_k64,text_pca256_lexical_w005
72830,8,minibatch_k64,text_pca256_lexical_w005
72831,0,minibatch_k64,text_pca256_lexical_w005
72832,2,minibatch_k64,text_pca256_lexical_w005
72833,8,minibatch_k64,text_pca256_lexical_w005
72834,0,minibatch_k64,text_pca256_lexical_w005
72835,2,minibatch_k64,text_pca256_lexical_w005
72836,45,minibatch_k64,text_pca256_lexical_w005
72837,0,minibatch_k64,text_pca256_lexical_w005
72838,23,minibatch_k64,text_pca256_lexical_w005
72839,0,minibatch_k64,text_pca256_lexical_w005
72840,62,minibatch_k64,text_pca256_lexical_w005
72841,2,minibatch_k64,text_pca256_lexical_w005
72842,33,minibatch_k64,text_pca256_lexical_w005
72843,14,minibatch_k64,text_pca256_lexical_w005
72844,0,minibatch_k64,text_pca256_lexical_w005
72845,2,minibatch_k64,text_pca256_lexical_w005
72846,21,minibatch_k64,text_pca256_lexical_w005
72847,45,minibatch_k64,text_pca256_lexical_w005
72848,29,minibatch_k64,text_pca256_lexical_w005
72849,29,minibatch_k64,text_pca256_lexical_w005
72850,45,minibatch_k64,text_pca256_lexical_w005
72851,0,minibatch_k64,text_pca256_lexical_w005
72852,29,minibatch_k64,text_pca256_lexical_w005
72853,47,minibatch_k64,text_pca256_lexical_w005
72854,62,minibatch_k64,text_pca256_lexical_w005
72855,2,minibatch_k64,text_pca256_lexical_w005
72856,2,minibatch_k64,text_pca256_lexical_w005
72857,2,minibatch_k64,text_pca256_lexical_w005
72858,2,minibatch_k64,text_pca256_lexical_w005
72859,50,minibatch_k64,text_pca256_lexical_w005
72860,23,minibatch_k64,text_pca256_lexical_w005
72861,23,minibatch_k64,text_pca256_lexical_w005
72862,2,minibatch_k64,text_pca256_lexical_w005
72863,45,minibatch_k64,text_pca256_lexical_w005
72864,45,minibatch_k64,text_pca256_lexical_w005
72865,18,minibatch_k64,text_pca256_lexical_w005
72866,42,minibatch_k64,text_pca256_lexical_w005
72867,2,minibatch_k64,text_pca256_lexical_w005
72868,2,minibatch_k64,text_pca256_lexical_w005
72869,23,minibatch_k64,text_pca256_lexical_w005
72870,15,minibatch_k64,text_pca256_lexical_w005
72871,10,minibatch_k64,text_pca256_lexical_w005
72872,23,minibatch_k64,text_pca256_lexical_w005
72873,2,minibatch_k64,text_pca256_lexical_w005
72874,2,minibatch_k64,text_pca256_lexical_w005
72875,0,minibatch_k64,text_pca256_lexical_w005
72876,2,minibatch_k64,text_pca256_lexical_w005
72877,2,minibatch_k64,text_pca256_lexical_w005
72878,62,minibatch_k64,text_pca256_lexical_w005
72879,15,minibatch_k64,text_pca256_lexical_w005
72880,0,minibatch_k64,text_pca256_lexical_w005
72881,18,minibatch_k64,text_pca256_lexical_w005
72882,45,minibatch_k64,text_pca256_lexical_w005
72883,45,minibatch_k64,text_pca256_lexical_w005
72884,45,minibatch_k64,text_pca256_lexical_w005
72885,45,minibatch_k64,text_pca256_lexical_w005
72886,23,minibatch_k64,text_pca256_lexical_w005
72887,45,minibatch_k64,text_pca256_lexical_w005
72888,45,minibatch_k64,text_pca256_lexical_w005
72889,45,minibatch_k64,text_pca256_lexical_w005
72890,45,minibatch_k64,text_pca256_lexical_w005
72891,45,minibatch_k64,text_pca256_lexical_w005
72892,45,minibatch_k64,text_pca256_lexical_w005
72893,45,minibatch_k64,text_pca256_lexical_w005
72894,23,minibatch_k64,text_pca256_lexical_w005
72895,45,minibatch_k64,text_pca256_lexical_w005
72896,8,minibatch_k64,text_pca256_lexical_w005
72897,2,minibatch_k64,text_pca256_lexical_w005
72898,2,minibatch_k64,text_pca256_lexical_w005
72899,10,minibatch_k64,text_pca256_lexical_w005
72900,61,minibatch_k64,text_pca256_lexical_w005
72901,47,minibatch_k64,text_pca256_lexical_w005
72902,2,minibatch_k64,text_pca256_lexical_w005
72903,2,minibatch_k64,text_pca256_lexical_w005
72904,50,minibatch_k64,text_pca256_lexical_w005
72905,0,minibatch_k64,text_pca256_lexical_w005
72906,0,minibatch_k64,text_pca256_lexical_w005
72907,42,minibatch_k64,text_pca256_lexical_w005
72908,2,minibatch_k64,text_pca256_lexical_w005
72909,61,minibatch_k64,text_pca256_lexical_w005
72910,2,minibatch_k64,text_pca256_lexical_w005
72911,33,minibatch_k64,text_pca256_lexical_w005
72912,2,minibatch_k64,text_pca256_lexical_w005
72913,0,minibatch_k64,text_pca256_lexical_w005
72914,2,minibatch_k64,text_pca256_lexical_w005
72915,2,minibatch_k64,text_pca256_lexical_w005
72916,0,minibatch_k64,text_pca256_lexical_w005
72917,2,minibatch_k64,text_pca256_lexical_w005
72918,2,minibatch_k64,text_pca256_lexical_w005
72919,45,minibatch_k64,text_pca256_lexical_w005
72920,42,minibatch_k64,text_pca256_lexical_w005
72921,59,minibatch_k64,text_pca256_lexical_w005
72922,62,minibatch_k64,text_pca256_lexical_w005
72923,23,minibatch_k64,text_pca256_lexical_w005
72924,5,minibatch_k64,text_pca256_lexical_w005
72925,45,minibatch_k64,text_pca256_lexical_w005
72926,62,minibatch_k64,text_pca256_lexical_w005
72927,42,minibatch_k64,text_pca256_lexical_w005
72928,2,minibatch_k64,text_pca256_lexical_w005
72929,45,minibatch_k64,text_pca256_lexical_w005
72930,45,minibatch_k64,text_pca256_lexical_w005
72931,53,minibatch_k64,text_pca256_lexical_w005
72932,33,minibatch_k64,text_pca256_lexical_w005
72933,14,minibatch_k64,text_pca256_lexical_w005
72934,25,minibatch_k64,text_pca256_lexical_w005
72935,14,minibatch_k64,text_pca256_lexical_w005
72936,5,minibatch_k64,text_pca256_lexical_w005
72937,14,minibatch_k64,text_pca256_lexical_w005
72938,8,minibatch_k64,text_pca256_lexical_w005
72939,15,minibatch_k64,text_pca256_lexical_w005
72940,58,minibatch_k64,text_pca256_lexical_w005
72941,58,minibatch_k64,text_pca256_lexical_w005
72942,12,minibatch_k64,text_pca256_lexical_w005
72943,55,minibatch_k64,text_pca256_lexical_w005
72944,0,minibatch_k64,text_pca256_lexical_w005
72945,35,minibatch_k64,text_pca256_lexical_w005
72946,45,minibatch_k64,text_pca256_lexical_w005
72947,15,minibatch_k64,text_pca256_lexical_w005
72948,61,minibatch_k64,text_pca256_lexical_w005
72949,2,minibatch_k64,text_pca256_lexical_w005
72950,8,minibatch_k64,text_pca256_lexical_w005
72951,14,minibatch_k64,text_pca256_lexical_w005
72952,14,minibatch_k64,text_pca256_lexical_w005
72953,20,minibatch_k64,text_pca256_lexical_w005
72954,15,minibatch_k64,text_pca256_lexical_w005
72955,8,minibatch_k64,text_pca256_lexical_w005
72956,42,minibatch_k64,text_pca256_lexical_w005
72957,14,minibatch_k64,text_pca256_lexical_w005
72958,50,minibatch_k64,text_pca256_lexical_w005
72959,0,minibatch_k64,text_pca256_lexical_w005
72960,25,minibatch_k64,text_pca256_lexical_w005
72961,20,minibatch_k64,text_pca256_lexical_w005
72962,58,minibatch_k64,text_pca256_lexical_w005
72963,58,minibatch_k64,text_pca256_lexical_w005
72964,55,minibatch_k64,text_pca256_lexical_w005
72965,21,minibatch_k64,text_pca256_lexical_w005
72966,15,minibatch_k64,text_pca256_lexical_w005
72967,10,minibatch_k64,text_pca256_lexical_w005
72968,0,minibatch_k64,text_pca256_lexical_w005
72969,14,minibatch_k64,text_pca256_lexical_w005
72970,14,minibatch_k64,text_pca256_lexical_w005
72971,14,minibatch_k64,text_pca256_lexical_w005
72972,2,minibatch_k64,text_pca256_lexical_w005
72973,25,minibatch_k64,text_pca256_lexical_w005
72974,0,minibatch_k64,text_pca256_lexical_w005
72975,38,minibatch_k64,text_pca256_lexical_w005
72976,58,minibatch_k64,text_pca256_lexical_w005
72977,60,minibatch_k64,text_pca256_lexical_w005
72978,45,minibatch_k64,text_pca256_lexical_w005
72979,0,minibatch_k64,text_pca256_lexical_w005
72980,14,minibatch_k64,text_pca256_lexical_w005
72981,14,minibatch_k64,text_pca256_lexical_w005
72982,2,minibatch_k64,text_pca256_lexical_w005
72983,8,minibatch_k64,text_pca256_lexical_w005
72984,35,minibatch_k64,text_pca256_lexical_w005
72985,50,minibatch_k64,text_pca256_lexical_w005
72986,10,minibatch_k64,text_pca256_lexical_w005
72987,8,minibatch_k64,text_pca256_lexical_w005
72988,39,minibatch_k64,text_pca256_lexical_w005
72989,8,minibatch_k64,text_pca256_lexical_w005
72990,14,minibatch_k64,text_pca256_lexical_w005
72991,14,minibatch_k64,text_pca256_lexical_w005
72992,0,minibatch_k64,text_pca256_lexical_w005
72993,25,minibatch_k64,text_pca256_lexical_w005
72994,38,minibatch_k64,text_pca256_lexical_w005
72995,2,minibatch_k64,text_pca256_lexical_w005
72996,35,minibatch_k64,text_pca256_lexical_w005
72997,62,minibatch_k64,text_pca256_lexical_w005
72998,50,minibatch_k64,text_pca256_lexical_w005
72999,14,minibatch_k64,text_pca256_lexical_w005
73000,14,minibatch_k64,text_pca256_lexical_w005
73001,14,minibatch_k64,text_pca256_lexical_w005
73002,14,minibatch_k64,text_pca256_lexical_w005
73003,14,minibatch_k64,text_pca256_lexical_w005
73004,14,minibatch_k64,text_pca256_lexical_w005
73005,14,minibatch_k64,text_pca256_lexical_w005
73006,14,minibatch_k64,text_pca256_lexical_w005
73007,14,minibatch_k64,text_pca256_lexical_w005
73008,14,minibatch_k64,text_pca256_lexical_w005
73009,14,minibatch_k64,text_pca256_lexical_w005
73010,14,minibatch_k64,text_pca256_lexical_w005
73011,14,minibatch_k64,text_pca256_lexical_w005
73012,62,minibatch_k64,text_pca256_lexical_w005
73013,21,minibatch_k64,text_pca256_lexical_w005
73014,50,minibatch_k64,text_pca256_lexical_w005
73015,53,minibatch_k64,text_pca256_lexical_w005
73016,50,minibatch_k64,text_pca256_lexical_w005
73017,21,minibatch_k64,text_pca256_lexical_w005
73018,14,minibatch_k64,text_pca256_lexical_w005
73019,14,minibatch_k64,text_pca256_lexical_w005
73020,25,minibatch_k64,text_pca256_lexical_w005
73021,38,minibatch_k64,text_pca256_lexical_w005
73022,35,minibatch_k64,text_pca256_lexical_w005
73023,14,minibatch_k64,text_pca256_lexical_w005
73024,14,minibatch_k64,text_pca256_lexical_w005
73025,25,minibatch_k64,text_pca256_lexical_w005
73026,45,minibatch_k64,text_pca256_lexical_w005
73027,45,minibatch_k64,text_pca256_lexical_w005
73028,45,minibatch_k64,text_pca256_lexical_w005
73029,38,minibatch_k64,text_pca256_lexical_w005
73030,45,minibatch_k64,text_pca256_lexical_w005
73031,45,minibatch_k64,text_pca256_lexical_w005
73032,12,minibatch_k64,text_pca256_lexical_w005
73033,55,minibatch_k64,text_pca256_lexical_w005
73034,45,minibatch_k64,text_pca256_lexical_w005
73035,35,minibatch_k64,text_pca256_lexical_w005
73036,23,minibatch_k64,text_pca256_lexical_w005
73037,45,minibatch_k64,text_pca256_lexical_w005
73038,23,minibatch_k64,text_pca256_lexical_w005
73039,59,minibatch_k64,text_pca256_lexical_w005
73040,45,minibatch_k64,text_pca256_lexical_w005
73041,45,minibatch_k64,text_pca256_lexical_w005
73042,45,minibatch_k64,text_pca256_lexical_w005
73043,39,minibatch_k64,text_pca256_lexical_w005
73044,45,minibatch_k64,text_pca256_lexical_w005
73045,45,minibatch_k64,text_pca256_lexical_w005
73046,45,minibatch_k64,text_pca256_lexical_w005
73047,45,minibatch_k64,text_pca256_lexical_w005
73048,18,minibatch_k64,text_pca256_lexical_w005
73049,45,minibatch_k64,text_pca256_lexical_w005
73050,45,minibatch_k64,text_pca256_lexical_w005
73051,23,minibatch_k64,text_pca256_lexical_w005
73052,45,minibatch_k64,text_pca256_lexical_w005
73053,2,minibatch_k64,text_pca256_lexical_w005
73054,45,minibatch_k64,text_pca256_lexical_w005
73055,39,minibatch_k64,text_pca256_lexical_w005
73056,8,minibatch_k64,text_pca256_lexical_w005
73057,45,minibatch_k64,text_pca256_lexical_w005
73058,45,minibatch_k64,text_pca256_lexical_w005
73059,0,minibatch_k64,text_pca256_lexical_w005
73060,62,minibatch_k64,text_pca256_lexical_w005
73061,45,minibatch_k64,text_pca256_lexical_w005
73062,59,minibatch_k64,text_pca256_lexical_w005
73063,45,minibatch_k64,text_pca256_lexical_w005
73064,59,minibatch_k64,text_pca256_lexical_w005
73065,18,minibatch_k64,text_pca256_lexical_w005
73066,2,minibatch_k64,text_pca256_lexical_w005
73067,2,minibatch_k64,text_pca256_lexical_w005
73068,0,minibatch_k64,text_pca256_lexical_w005
73069,59,minibatch_k64,text_pca256_lexical_w005
73070,2,minibatch_k64,text_pca256_lexical_w005
73071,39,minibatch_k64,text_pca256_lexical_w005
73072,23,minibatch_k64,text_pca256_lexical_w005
73073,10,minibatch_k64,text_pca256_lexical_w005
73074,33,minibatch_k64,text_pca256_lexical_w005
73075,45,minibatch_k64,text_pca256_lexical_w005
73076,59,minibatch_k64,text_pca256_lexical_w005
73077,2,minibatch_k64,text_pca256_lexical_w005
73078,62,minibatch_k64,text_pca256_lexical_w005
73079,59,minibatch_k64,text_pca256_lexical_w005
73080,0,minibatch_k64,text_pca256_lexical_w005
73081,2,minibatch_k64,text_pca256_lexical_w005
73082,45,minibatch_k64,text_pca256_lexical_w005
73083,59,minibatch_k64,text_pca256_lexical_w005
73084,8,minibatch_k64,text_pca256_lexical_w005
73085,45,minibatch_k64,text_pca256_lexical_w005
73086,62,minibatch_k64,text_pca256_lexical_w005
73087,45,minibatch_k64,text_pca256_lexical_w005
73088,45,minibatch_k64,text_pca256_lexical_w005
73089,45,minibatch_k64,text_pca256_lexical_w005
73090,2,minibatch_k64,text_pca256_lexical_w005
73091,14,minibatch_k64,text_pca256_lexical_w005
73092,39,minibatch_k64,text_pca256_lexical_w005
73093,2,minibatch_k64,text_pca256_lexical_w005
73094,59,minibatch_k64,text_pca256_lexical_w005
73095,25,minibatch_k64,text_pca256_lexical_w005
73096,59,minibatch_k64,text_pca256_lexical_w005
73097,27,minibatch_k64,text_pca256_lexical_w005
73098,38,minibatch_k64,text_pca256_lexical_w005
73099,2,minibatch_k64,text_pca256_lexical_w005
73100,12,minibatch_k64,text_pca256_lexical_w005
73101,55,minibatch_k64,text_pca256_lexical_w005
73102,35,minibatch_k64,text_pca256_lexical_w005
73103,0,minibatch_k64,text_pca256_lexical_w005
73104,0,minibatch_k64,text_pca256_lexical_w005
73105,62,minibatch_k64,text_pca256_lexical_w005
73106,62,minibatch_k64,text_pca256_lexical_w005
73107,0,minibatch_k64,text_pca256_lexical_w005
73108,0,minibatch_k64,text_pca256_lexical_w005
73109,39,minibatch_k64,text_pca256_lexical_w005
73110,59,minibatch_k64,text_pca256_lexical_w005
73111,45,minibatch_k64,text_pca256_lexical_w005
73112,62,minibatch_k64,text_pca256_lexical_w005
73113,45,minibatch_k64,text_pca256_lexical_w005
73114,18,minibatch_k64,text_pca256_lexical_w005
73115,59,minibatch_k64,text_pca256_lexical_w005
73116,23,minibatch_k64,text_pca256_lexical_w005
73117,39,minibatch_k64,text_pca256_lexical_w005
73118,27,minibatch_k64,text_pca256_lexical_w005
73119,2,minibatch_k64,text_pca256_lexical_w005
73120,5,minibatch_k64,text_pca256_lexical_w005
73121,0,minibatch_k64,text_pca256_lexical_w005
73122,0,minibatch_k64,text_pca256_lexical_w005
73123,0,minibatch_k64,text_pca256_lexical_w005
73124,0,minibatch_k64,text_pca256_lexical_w005
73125,62,minibatch_k64,text_pca256_lexical_w005
73126,27,minibatch_k64,text_pca256_lexical_w005
73127,59,minibatch_k64,text_pca256_lexical_w005
73128,33,minibatch_k64,text_pca256_lexical_w005
73129,5,minibatch_k64,text_pca256_lexical_w005
73130,42,minibatch_k64,text_pca256_lexical_w005
73131,62,minibatch_k64,text_pca256_lexical_w005
73132,10,minibatch_k64,text_pca256_lexical_w005
73133,2,minibatch_k64,text_pca256_lexical_w005
73134,8,minibatch_k64,text_pca256_lexical_w005
73135,23,minibatch_k64,text_pca256_lexical_w005
73136,0,minibatch_k64,text_pca256_lexical_w005
73137,0,minibatch_k64,text_pca256_lexical_w005
73138,0,minibatch_k64,text_pca256_lexical_w005
73139,59,minibatch_k64,text_pca256_lexical_w005
73140,59,minibatch_k64,text_pca256_lexical_w005
73141,59,minibatch_k64,text_pca256_lexical_w005
73142,59,minibatch_k64,text_pca256_lexical_w005
73143,34,minibatch_k64,text_pca256_lexical_w005
73144,0,minibatch_k64,text_pca256_lexical_w005
73145,45,minibatch_k64,text_pca256_lexical_w005
73146,45,minibatch_k64,text_pca256_lexical_w005
73147,45,minibatch_k64,text_pca256_lexical_w005
73148,59,minibatch_k64,text_pca256_lexical_w005
73149,59,minibatch_k64,text_pca256_lexical_w005
73150,0,minibatch_k64,text_pca256_lexical_w005
73151,23,minibatch_k64,text_pca256_lexical_w005
73152,45,minibatch_k64,text_pca256_lexical_w005
73153,27,minibatch_k64,text_pca256_lexical_w005
73154,62,minibatch_k64,text_pca256_lexical_w005
73155,42,minibatch_k64,text_pca256_lexical_w005
73156,2,minibatch_k64,text_pca256_lexical_w005
73157,45,minibatch_k64,text_pca256_lexical_w005
73158,34,minibatch_k64,text_pca256_lexical_w005
73159,39,minibatch_k64,text_pca256_lexical_w005
73160,59,minibatch_k64,text_pca256_lexical_w005
73161,59,minibatch_k64,text_pca256_lexical_w005
73162,59,minibatch_k64,text_pca256_lexical_w005
73163,53,minibatch_k64,text_pca256_lexical_w005
73164,59,minibatch_k64,text_pca256_lexical_w005
73165,59,minibatch_k64,text_pca256_lexical_w005
73166,10,minibatch_k64,text_pca256_lexical_w005
73167,62,minibatch_k64,text_pca256_lexical_w005
73168,62,minibatch_k64,text_pca256_lexical_w005
73169,62,minibatch_k64,text_pca256_lexical_w005
73170,59,minibatch_k64,text_pca256_lexical_w005
73171,41,minibatch_k64,text_pca256_lexical_w005
73172,41,minibatch_k64,text_pca256_lexical_w005
73173,10,minibatch_k64,text_pca256_lexical_w005
73174,0,minibatch_k64,text_pca256_lexical_w005
73175,59,minibatch_k64,text_pca256_lexical_w005
73176,41,minibatch_k64,text_pca256_lexical_w005
73177,8,minibatch_k64,text_pca256_lexical_w005
73178,33,minibatch_k64,text_pca256_lexical_w005
73179,62,minibatch_k64,text_pca256_lexical_w005
73180,62,minibatch_k64,text_pca256_lexical_w005
73181,33,minibatch_k64,text_pca256_lexical_w005
73182,33,minibatch_k64,text_pca256_lexical_w005
73183,10,minibatch_k64,text_pca256_lexical_w005
73184,10,minibatch_k64,text_pca256_lexical_w005
73185,53,minibatch_k64,text_pca256_lexical_w005
73186,10,minibatch_k64,text_pca256_lexical_w005
73187,39,minibatch_k64,text_pca256_lexical_w005
73188,59,minibatch_k64,text_pca256_lexical_w005
73189,33,minibatch_k64,text_pca256_lexical_w005
73190,8,minibatch_k64,text_pca256_lexical_w005
73191,2,minibatch_k64,text_pca256_lexical_w005
73192,50,minibatch_k64,text_pca256_lexical_w005
73193,42,minibatch_k64,text_pca256_lexical_w005
73194,42,minibatch_k64,text_pca256_lexical_w005
73195,59,minibatch_k64,text_pca256_lexical_w005
73196,15,minibatch_k64,text_pca256_lexical_w005
73197,8,minibatch_k64,text_pca256_lexical_w005
73198,23,minibatch_k64,text_pca256_lexical_w005
73199,0,minibatch_k64,text_pca256_lexical_w005
73200,5,minibatch_k64,text_pca256_lexical_w005
73201,23,minibatch_k64,text_pca256_lexical_w005
73202,2,minibatch_k64,text_pca256_lexical_w005
73203,15,minibatch_k64,text_pca256_lexical_w005
73204,23,minibatch_k64,text_pca256_lexical_w005
73205,8,minibatch_k64,text_pca256_lexical_w005
73206,45,minibatch_k64,text_pca256_lexical_w005
73207,0,minibatch_k64,text_pca256_lexical_w005
73208,8,minibatch_k64,text_pca256_lexical_w005
73209,2,minibatch_k64,text_pca256_lexical_w005
73210,8,minibatch_k64,text_pca256_lexical_w005
73211,8,minibatch_k64,text_pca256_lexical_w005
73212,5,minibatch_k64,text_pca256_lexical_w005
73213,4,minibatch_k64,text_pca256_lexical_w005
73214,62,minibatch_k64,text_pca256_lexical_w005
73215,0,minibatch_k64,text_pca256_lexical_w005
73216,33,minibatch_k64,text_pca256_lexical_w005
73217,23,minibatch_k64,text_pca256_lexical_w005
73218,5,minibatch_k64,text_pca256_lexical_w005
73219,47,minibatch_k64,text_pca256_lexical_w005
73220,38,minibatch_k64,text_pca256_lexical_w005
73221,15,minibatch_k64,text_pca256_lexical_w005
73222,55,minibatch_k64,text_pca256_lexical_w005
73223,8,minibatch_k64,text_pca256_lexical_w005
73224,0,minibatch_k64,text_pca256_lexical_w005
73225,0,minibatch_k64,text_pca256_lexical_w005
73226,2,minibatch_k64,text_pca256_lexical_w005
73227,0,minibatch_k64,text_pca256_lexical_w005
73228,5,minibatch_k64,text_pca256_lexical_w005
73229,2,minibatch_k64,text_pca256_lexical_w005
73230,33,minibatch_k64,text_pca256_lexical_w005
73231,62,minibatch_k64,text_pca256_lexical_w005
73232,0,minibatch_k64,text_pca256_lexical_w005
73233,59,minibatch_k64,text_pca256_lexical_w005
73234,8,minibatch_k64,text_pca256_lexical_w005
73235,62,minibatch_k64,text_pca256_lexical_w005
73236,0,minibatch_k64,text_pca256_lexical_w005
73237,4,minibatch_k64,text_pca256_lexical_w005
73238,8,minibatch_k64,text_pca256_lexical_w005
73239,33,minibatch_k64,text_pca256_lexical_w005
73240,8,minibatch_k64,text_pca256_lexical_w005
73241,5,minibatch_k64,text_pca256_lexical_w005
73242,38,minibatch_k64,text_pca256_lexical_w005
73243,62,minibatch_k64,text_pca256_lexical_w005
73244,23,minibatch_k64,text_pca256_lexical_w005
73245,55,minibatch_k64,text_pca256_lexical_w005
73246,8,minibatch_k64,text_pca256_lexical_w005
73247,62,minibatch_k64,text_pca256_lexical_w005
73248,62,minibatch_k64,text_pca256_lexical_w005
73249,0,minibatch_k64,text_pca256_lexical_w005
73250,45,minibatch_k64,text_pca256_lexical_w005
73251,2,minibatch_k64,text_pca256_lexical_w005
73252,62,minibatch_k64,text_pca256_lexical_w005
73253,62,minibatch_k64,text_pca256_lexical_w005
73254,8,minibatch_k64,text_pca256_lexical_w005
73255,2,minibatch_k64,text_pca256_lexical_w005
73256,10,minibatch_k64,text_pca256_lexical_w005
73257,0,minibatch_k64,text_pca256_lexical_w005
73258,62,minibatch_k64,text_pca256_lexical_w005
73259,2,minibatch_k64,text_pca256_lexical_w005
73260,56,minibatch_k64,text_pca256_lexical_w005
73261,62,minibatch_k64,text_pca256_lexical_w005
73262,10,minibatch_k64,text_pca256_lexical_w005
73263,2,minibatch_k64,text_pca256_lexical_w005
73264,47,minibatch_k64,text_pca256_lexical_w005
73265,0,minibatch_k64,text_pca256_lexical_w005
73266,15,minibatch_k64,text_pca256_lexical_w005
73267,15,minibatch_k64,text_pca256_lexical_w005
73268,0,minibatch_k64,text_pca256_lexical_w005
73269,42,minibatch_k64,text_pca256_lexical_w005
73270,42,minibatch_k64,text_pca256_lexical_w005
73271,10,minibatch_k64,text_pca256_lexical_w005
73272,42,minibatch_k64,text_pca256_lexical_w005
73273,10,minibatch_k64,text_pca256_lexical_w005
73274,0,minibatch_k64,text_pca256_lexical_w005
73275,50,minibatch_k64,text_pca256_lexical_w005
73276,42,minibatch_k64,text_pca256_lexical_w005
73277,47,minibatch_k64,text_pca256_lexical_w005
73278,0,minibatch_k64,text_pca256_lexical_w005
73279,8,minibatch_k64,text_pca256_lexical_w005
73280,53,minibatch_k64,text_pca256_lexical_w005
73281,62,minibatch_k64,text_pca256_lexical_w005
73282,38,minibatch_k64,text_pca256_lexical_w005
73283,0,minibatch_k64,text_pca256_lexical_w005
73284,23,minibatch_k64,text_pca256_lexical_w005
73285,15,minibatch_k64,text_pca256_lexical_w005
73286,62,minibatch_k64,text_pca256_lexical_w005
73287,0,minibatch_k64,text_pca256_lexical_w005
73288,21,minibatch_k64,text_pca256_lexical_w005
73289,62,minibatch_k64,text_pca256_lexical_w005
73290,33,minibatch_k64,text_pca256_lexical_w005
73291,45,minibatch_k64,text_pca256_lexical_w005
73292,0,minibatch_k64,text_pca256_lexical_w005
73293,45,minibatch_k64,text_pca256_lexical_w005
73294,62,minibatch_k64,text_pca256_lexical_w005
73295,8,minibatch_k64,text_pca256_lexical_w005
73296,2,minibatch_k64,text_pca256_lexical_w005
73297,38,minibatch_k64,text_pca256_lexical_w005
73298,45,minibatch_k64,text_pca256_lexical_w005
73299,45,minibatch_k64,text_pca256_lexical_w005
73300,10,minibatch_k64,text_pca256_lexical_w005
73301,18,minibatch_k64,text_pca256_lexical_w005
73302,45,minibatch_k64,text_pca256_lexical_w005
73303,45,minibatch_k64,text_pca256_lexical_w005
73304,8,minibatch_k64,text_pca256_lexical_w005
73305,45,minibatch_k64,text_pca256_lexical_w005
73306,2,minibatch_k64,text_pca256_lexical_w005
73307,45,minibatch_k64,text_pca256_lexical_w005
73308,23,minibatch_k64,text_pca256_lexical_w005
73309,47,minibatch_k64,text_pca256_lexical_w005
73310,21,minibatch_k64,text_pca256_lexical_w005
73311,23,minibatch_k64,text_pca256_lexical_w005
73312,8,minibatch_k64,text_pca256_lexical_w005
73313,2,minibatch_k64,text_pca256_lexical_w005
73314,45,minibatch_k64,text_pca256_lexical_w005
73315,62,minibatch_k64,text_pca256_lexical_w005
73316,10,minibatch_k64,text_pca256_lexical_w005
73317,62,minibatch_k64,text_pca256_lexical_w005
73318,8,minibatch_k64,text_pca256_lexical_w005
73319,0,minibatch_k64,text_pca256_lexical_w005
73320,62,minibatch_k64,text_pca256_lexical_w005
73321,10,minibatch_k64,text_pca256_lexical_w005
73322,62,minibatch_k64,text_pca256_lexical_w005
73323,56,minibatch_k64,text_pca256_lexical_w005
73324,42,minibatch_k64,text_pca256_lexical_w005
73325,8,minibatch_k64,text_pca256_lexical_w005
73326,8,minibatch_k64,text_pca256_lexical_w005
73327,56,minibatch_k64,text_pca256_lexical_w005
73328,2,minibatch_k64,text_pca256_lexical_w005
73329,62,minibatch_k64,text_pca256_lexical_w005
73330,10,minibatch_k64,text_pca256_lexical_w005
73331,45,minibatch_k64,text_pca256_lexical_w005
73332,56,minibatch_k64,text_pca256_lexical_w005
73333,33,minibatch_k64,text_pca256_lexical_w005
73334,23,minibatch_k64,text_pca256_lexical_w005
73335,62,minibatch_k64,text_pca256_lexical_w005
73336,2,minibatch_k64,text_pca256_lexical_w005
73337,62,minibatch_k64,text_pca256_lexical_w005
73338,2,minibatch_k64,text_pca256_lexical_w005
73339,0,minibatch_k64,text_pca256_lexical_w005
73340,8,minibatch_k64,text_pca256_lexical_w005
73341,8,minibatch_k64,text_pca256_lexical_w005
73342,15,minibatch_k64,text_pca256_lexical_w005
73343,45,minibatch_k64,text_pca256_lexical_w005
73344,55,minibatch_k64,text_pca256_lexical_w005
73345,55,minibatch_k64,text_pca256_lexical_w005
73346,37,minibatch_k64,text_pca256_lexical_w005
73347,61,minibatch_k64,text_pca256_lexical_w005
73348,62,minibatch_k64,text_pca256_lexical_w005
73349,10,minibatch_k64,text_pca256_lexical_w005
73350,8,minibatch_k64,text_pca256_lexical_w005
73351,0,minibatch_k64,text_pca256_lexical_w005
73352,0,minibatch_k64,text_pca256_lexical_w005
73353,56,minibatch_k64,text_pca256_lexical_w005
73354,8,minibatch_k64,text_pca256_lexical_w005
73355,62,minibatch_k64,text_pca256_lexical_w005
73356,23,minibatch_k64,text_pca256_lexical_w005
73357,21,minibatch_k64,text_pca256_lexical_w005
73358,23,minibatch_k64,text_pca256_lexical_w005
73359,0,minibatch_k64,text_pca256_lexical_w005
73360,0,minibatch_k64,text_pca256_lexical_w005
73361,38,minibatch_k64,text_pca256_lexical_w005
73362,8,minibatch_k64,text_pca256_lexical_w005
73363,15,minibatch_k64,text_pca256_lexical_w005
73364,0,minibatch_k64,text_pca256_lexical_w005
73365,55,minibatch_k64,text_pca256_lexical_w005
73366,37,minibatch_k64,text_pca256_lexical_w005
73367,4,minibatch_k64,text_pca256_lexical_w005
73368,15,minibatch_k64,text_pca256_lexical_w005
73369,8,minibatch_k64,text_pca256_lexical_w005
73370,10,minibatch_k64,text_pca256_lexical_w005
73371,0,minibatch_k64,text_pca256_lexical_w005
73372,8,minibatch_k64,text_pca256_lexical_w005
73373,0,minibatch_k64,text_pca256_lexical_w005
73374,29,minibatch_k64,text_pca256_lexical_w005
73375,42,minibatch_k64,text_pca256_lexical_w005
73376,62,minibatch_k64,text_pca256_lexical_w005
73377,8,minibatch_k64,text_pca256_lexical_w005
73378,15,minibatch_k64,text_pca256_lexical_w005
73379,8,minibatch_k64,text_pca256_lexical_w005
73380,42,minibatch_k64,text_pca256_lexical_w005
73381,38,minibatch_k64,text_pca256_lexical_w005
73382,12,minibatch_k64,text_pca256_lexical_w005
73383,55,minibatch_k64,text_pca256_lexical_w005
73384,35,minibatch_k64,text_pca256_lexical_w005
73385,0,minibatch_k64,text_pca256_lexical_w005
73386,0,minibatch_k64,text_pca256_lexical_w005
73387,23,minibatch_k64,text_pca256_lexical_w005
73388,23,minibatch_k64,text_pca256_lexical_w005
73389,15,minibatch_k64,text_pca256_lexical_w005
73390,0,minibatch_k64,text_pca256_lexical_w005
73391,8,minibatch_k64,text_pca256_lexical_w005
73392,10,minibatch_k64,text_pca256_lexical_w005
73393,38,minibatch_k64,text_pca256_lexical_w005
73394,12,minibatch_k64,text_pca256_lexical_w005
73395,55,minibatch_k64,text_pca256_lexical_w005
73396,60,minibatch_k64,text_pca256_lexical_w005
73397,0,minibatch_k64,text_pca256_lexical_w005
73398,39,minibatch_k64,text_pca256_lexical_w005
73399,0,minibatch_k64,text_pca256_lexical_w005
73400,40,minibatch_k64,text_pca256_lexical_w005
73401,23,minibatch_k64,text_pca256_lexical_w005
73402,62,minibatch_k64,text_pca256_lexical_w005
73403,21,minibatch_k64,text_pca256_lexical_w005
73404,0,minibatch_k64,text_pca256_lexical_w005
73405,61,minibatch_k64,text_pca256_lexical_w005
73406,23,minibatch_k64,text_pca256_lexical_w005
73407,0,minibatch_k64,text_pca256_lexical_w005
73408,8,minibatch_k64,text_pca256_lexical_w005
73409,42,minibatch_k64,text_pca256_lexical_w005
73410,62,minibatch_k64,text_pca256_lexical_w005
73411,2,minibatch_k64,text_pca256_lexical_w005
73412,23,minibatch_k64,text_pca256_lexical_w005
73413,8,minibatch_k64,text_pca256_lexical_w005
73414,15,minibatch_k64,text_pca256_lexical_w005
73415,14,minibatch_k64,text_pca256_lexical_w005
73416,14,minibatch_k64,text_pca256_lexical_w005
73417,0,minibatch_k64,text_pca256_lexical_w005
73418,8,minibatch_k64,text_pca256_lexical_w005
73419,53,minibatch_k64,text_pca256_lexical_w005
73420,53,minibatch_k64,text_pca256_lexical_w005
73421,45,minibatch_k64,text_pca256_lexical_w005
73422,23,minibatch_k64,text_pca256_lexical_w005
73423,2,minibatch_k64,text_pca256_lexical_w005
73424,2,minibatch_k64,text_pca256_lexical_w005
73425,62,minibatch_k64,text_pca256_lexical_w005
73426,33,minibatch_k64,text_pca256_lexical_w005
73427,0,minibatch_k64,text_pca256_lexical_w005
73428,23,minibatch_k64,text_pca256_lexical_w005
73429,23,minibatch_k64,text_pca256_lexical_w005
73430,33,minibatch_k64,text_pca256_lexical_w005
73431,59,minibatch_k64,text_pca256_lexical_w005
73432,15,minibatch_k64,text_pca256_lexical_w005
73433,15,minibatch_k64,text_pca256_lexical_w005
73434,62,minibatch_k64,text_pca256_lexical_w005
73435,0,minibatch_k64,text_pca256_lexical_w005
73436,23,minibatch_k64,text_pca256_lexical_w005
73437,23,minibatch_k64,text_pca256_lexical_w005
73438,55,minibatch_k64,text_pca256_lexical_w005
73439,15,minibatch_k64,text_pca256_lexical_w005
73440,37,minibatch_k64,text_pca256_lexical_w005
73441,4,minibatch_k64,text_pca256_lexical_w005
73442,23,minibatch_k64,text_pca256_lexical_w005
73443,62,minibatch_k64,text_pca256_lexical_w005
73444,2,minibatch_k64,text_pca256_lexical_w005
73445,15,minibatch_k64,text_pca256_lexical_w005
73446,45,minibatch_k64,text_pca256_lexical_w005
73447,62,minibatch_k64,text_pca256_lexical_w005
73448,23,minibatch_k64,text_pca256_lexical_w005
73449,62,minibatch_k64,text_pca256_lexical_w005
73450,62,minibatch_k64,text_pca256_lexical_w005
73451,10,minibatch_k64,text_pca256_lexical_w005
73452,4,minibatch_k64,text_pca256_lexical_w005
73453,62,minibatch_k64,text_pca256_lexical_w005
73454,0,minibatch_k64,text_pca256_lexical_w005
73455,62,minibatch_k64,text_pca256_lexical_w005
73456,8,minibatch_k64,text_pca256_lexical_w005
73457,10,minibatch_k64,text_pca256_lexical_w005
73458,10,minibatch_k64,text_pca256_lexical_w005
73459,8,minibatch_k64,text_pca256_lexical_w005
73460,62,minibatch_k64,text_pca256_lexical_w005
73461,57,minibatch_k64,text_pca256_lexical_w005
73462,11,minibatch_k64,text_pca256_lexical_w005
73463,0,minibatch_k64,text_pca256_lexical_w005
73464,62,minibatch_k64,text_pca256_lexical_w005
73465,10,minibatch_k64,text_pca256_lexical_w005
73466,23,minibatch_k64,text_pca256_lexical_w005
73467,10,minibatch_k64,text_pca256_lexical_w005
73468,62,minibatch_k64,text_pca256_lexical_w005
73469,33,minibatch_k64,text_pca256_lexical_w005
73470,59,minibatch_k64,text_pca256_lexical_w005
73471,33,minibatch_k64,text_pca256_lexical_w005
73472,11,minibatch_k64,text_pca256_lexical_w005
73473,0,minibatch_k64,text_pca256_lexical_w005
73474,23,minibatch_k64,text_pca256_lexical_w005
73475,57,minibatch_k64,text_pca256_lexical_w005
73476,10,minibatch_k64,text_pca256_lexical_w005
73477,42,minibatch_k64,text_pca256_lexical_w005
73478,11,minibatch_k64,text_pca256_lexical_w005
73479,15,minibatch_k64,text_pca256_lexical_w005
73480,50,minibatch_k64,text_pca256_lexical_w005
73481,62,minibatch_k64,text_pca256_lexical_w005
73482,47,minibatch_k64,text_pca256_lexical_w005
73483,23,minibatch_k64,text_pca256_lexical_w005
73484,50,minibatch_k64,text_pca256_lexical_w005
73485,10,minibatch_k64,text_pca256_lexical_w005
73486,23,minibatch_k64,text_pca256_lexical_w005
73487,2,minibatch_k64,text_pca256_lexical_w005
73488,62,minibatch_k64,text_pca256_lexical_w005
73489,62,minibatch_k64,text_pca256_lexical_w005
73490,57,minibatch_k64,text_pca256_lexical_w005
73491,11,minibatch_k64,text_pca256_lexical_w005
73492,23,minibatch_k64,text_pca256_lexical_w005
73493,45,minibatch_k64,text_pca256_lexical_w005
73494,25,minibatch_k64,text_pca256_lexical_w005
73495,42,minibatch_k64,text_pca256_lexical_w005
73496,55,minibatch_k64,text_pca256_lexical_w005
73497,45,minibatch_k64,text_pca256_lexical_w005
73498,37,minibatch_k64,text_pca256_lexical_w005
73499,2,minibatch_k64,text_pca256_lexical_w005
73500,62,minibatch_k64,text_pca256_lexical_w005
73501,21,minibatch_k64,text_pca256_lexical_w005
73502,45,minibatch_k64,text_pca256_lexical_w005
73503,4,minibatch_k64,text_pca256_lexical_w005
73504,45,minibatch_k64,text_pca256_lexical_w005
73505,45,minibatch_k64,text_pca256_lexical_w005
73506,45,minibatch_k64,text_pca256_lexical_w005
73507,15,minibatch_k64,text_pca256_lexical_w005
73508,11,minibatch_k64,text_pca256_lexical_w005
73509,45,minibatch_k64,text_pca256_lexical_w005
73510,45,minibatch_k64,text_pca256_lexical_w005
73511,10,minibatch_k64,text_pca256_lexical_w005
73512,57,minibatch_k64,text_pca256_lexical_w005
73513,59,minibatch_k64,text_pca256_lexical_w005
73514,10,minibatch_k64,text_pca256_lexical_w005
73515,8,minibatch_k64,text_pca256_lexical_w005
73516,23,minibatch_k64,text_pca256_lexical_w005
73517,11,minibatch_k64,text_pca256_lexical_w005
73518,10,minibatch_k64,text_pca256_lexical_w005
73519,62,minibatch_k64,text_pca256_lexical_w005
73520,10,minibatch_k64,text_pca256_lexical_w005
73521,15,minibatch_k64,text_pca256_lexical_w005
73522,62,minibatch_k64,text_pca256_lexical_w005
73523,47,minibatch_k64,text_pca256_lexical_w005
73524,59,minibatch_k64,text_pca256_lexical_w005
73525,4,minibatch_k64,text_pca256_lexical_w005
73526,23,minibatch_k64,text_pca256_lexical_w005
73527,10,minibatch_k64,text_pca256_lexical_w005
73528,33,minibatch_k64,text_pca256_lexical_w005
73529,53,minibatch_k64,text_pca256_lexical_w005
73530,47,minibatch_k64,text_pca256_lexical_w005
73531,23,minibatch_k64,text_pca256_lexical_w005
73532,62,minibatch_k64,text_pca256_lexical_w005
73533,62,minibatch_k64,text_pca256_lexical_w005
73534,8,minibatch_k64,text_pca256_lexical_w005
73535,33,minibatch_k64,text_pca256_lexical_w005
73536,8,minibatch_k64,text_pca256_lexical_w005
73537,47,minibatch_k64,text_pca256_lexical_w005
73538,62,minibatch_k64,text_pca256_lexical_w005
73539,23,minibatch_k64,text_pca256_lexical_w005
73540,21,minibatch_k64,text_pca256_lexical_w005
73541,59,minibatch_k64,text_pca256_lexical_w005
73542,59,minibatch_k64,text_pca256_lexical_w005
73543,8,minibatch_k64,text_pca256_lexical_w005
73544,62,minibatch_k64,text_pca256_lexical_w005
73545,21,minibatch_k64,text_pca256_lexical_w005
73546,42,minibatch_k64,text_pca256_lexical_w005
73547,59,minibatch_k64,text_pca256_lexical_w005
73548,2,minibatch_k64,text_pca256_lexical_w005
73549,23,minibatch_k64,text_pca256_lexical_w005
73550,59,minibatch_k64,text_pca256_lexical_w005
73551,23,minibatch_k64,text_pca256_lexical_w005
73552,0,minibatch_k64,text_pca256_lexical_w005
73553,62,minibatch_k64,text_pca256_lexical_w005
73554,23,minibatch_k64,text_pca256_lexical_w005
73555,33,minibatch_k64,text_pca256_lexical_w005
73556,48,minibatch_k64,text_pca256_lexical_w005
73557,47,minibatch_k64,text_pca256_lexical_w005
73558,2,minibatch_k64,text_pca256_lexical_w005
73559,15,minibatch_k64,text_pca256_lexical_w005
73560,0,minibatch_k64,text_pca256_lexical_w005
73561,18,minibatch_k64,text_pca256_lexical_w005
73562,0,minibatch_k64,text_pca256_lexical_w005
73563,2,minibatch_k64,text_pca256_lexical_w005
73564,23,minibatch_k64,text_pca256_lexical_w005
73565,8,minibatch_k64,text_pca256_lexical_w005
73566,10,minibatch_k64,text_pca256_lexical_w005
73567,0,minibatch_k64,text_pca256_lexical_w005
73568,42,minibatch_k64,text_pca256_lexical_w005
73569,8,minibatch_k64,text_pca256_lexical_w005
73570,33,minibatch_k64,text_pca256_lexical_w005
73571,21,minibatch_k64,text_pca256_lexical_w005
73572,39,minibatch_k64,text_pca256_lexical_w005
73573,21,minibatch_k64,text_pca256_lexical_w005
73574,21,minibatch_k64,text_pca256_lexical_w005
73575,0,minibatch_k64,text_pca256_lexical_w005
73576,42,minibatch_k64,text_pca256_lexical_w005
73577,8,minibatch_k64,text_pca256_lexical_w005
73578,21,minibatch_k64,text_pca256_lexical_w005
73579,21,minibatch_k64,text_pca256_lexical_w005
73580,0,minibatch_k64,text_pca256_lexical_w005
73581,62,minibatch_k64,text_pca256_lexical_w005
73582,59,minibatch_k64,text_pca256_lexical_w005
73583,42,minibatch_k64,text_pca256_lexical_w005
73584,33,minibatch_k64,text_pca256_lexical_w005
73585,33,minibatch_k64,text_pca256_lexical_w005
73586,62,minibatch_k64,text_pca256_lexical_w005
73587,23,minibatch_k64,text_pca256_lexical_w005
73588,32,minibatch_k64,text_pca256_lexical_w005
73589,0,minibatch_k64,text_pca256_lexical_w005
73590,0,minibatch_k64,text_pca256_lexical_w005
73591,10,minibatch_k64,text_pca256_lexical_w005
73592,0,minibatch_k64,text_pca256_lexical_w005
73593,38,minibatch_k64,text_pca256_lexical_w005
73594,23,minibatch_k64,text_pca256_lexical_w005
73595,0,minibatch_k64,text_pca256_lexical_w005
73596,0,minibatch_k64,text_pca256_lexical_w005
73597,62,minibatch_k64,text_pca256_lexical_w005
73598,32,minibatch_k64,text_pca256_lexical_w005
73599,21,minibatch_k64,text_pca256_lexical_w005
73600,25,minibatch_k64,text_pca256_lexical_w005
73601,8,minibatch_k64,text_pca256_lexical_w005
73602,45,minibatch_k64,text_pca256_lexical_w005
73603,62,minibatch_k64,text_pca256_lexical_w005
73604,21,minibatch_k64,text_pca256_lexical_w005
73605,0,minibatch_k64,text_pca256_lexical_w005
73606,23,minibatch_k64,text_pca256_lexical_w005
73607,15,minibatch_k64,text_pca256_lexical_w005
73608,62,minibatch_k64,text_pca256_lexical_w005
73609,43,minibatch_k64,text_pca256_lexical_w005
73610,15,minibatch_k64,text_pca256_lexical_w005
73611,0,minibatch_k64,text_pca256_lexical_w005
73612,45,minibatch_k64,text_pca256_lexical_w005
73613,55,minibatch_k64,text_pca256_lexical_w005
73614,63,minibatch_k64,text_pca256_lexical_w005
73615,42,minibatch_k64,text_pca256_lexical_w005
73616,23,minibatch_k64,text_pca256_lexical_w005
73617,23,minibatch_k64,text_pca256_lexical_w005
73618,8,minibatch_k64,text_pca256_lexical_w005
73619,53,minibatch_k64,text_pca256_lexical_w005
73620,16,minibatch_k64,text_pca256_lexical_w005
73621,0,minibatch_k64,text_pca256_lexical_w005
73622,4,minibatch_k64,text_pca256_lexical_w005
73623,23,minibatch_k64,text_pca256_lexical_w005
73624,0,minibatch_k64,text_pca256_lexical_w005
73625,8,minibatch_k64,text_pca256_lexical_w005
73626,42,minibatch_k64,text_pca256_lexical_w005
73627,50,minibatch_k64,text_pca256_lexical_w005
73628,62,minibatch_k64,text_pca256_lexical_w005
73629,8,minibatch_k64,text_pca256_lexical_w005
73630,33,minibatch_k64,text_pca256_lexical_w005
73631,23,minibatch_k64,text_pca256_lexical_w005
73632,15,minibatch_k64,text_pca256_lexical_w005
73633,10,minibatch_k64,text_pca256_lexical_w005
73634,15,minibatch_k64,text_pca256_lexical_w005
73635,23,minibatch_k64,text_pca256_lexical_w005
73636,61,minibatch_k64,text_pca256_lexical_w005
73637,46,minibatch_k64,text_pca256_lexical_w005
73638,62,minibatch_k64,text_pca256_lexical_w005
73639,23,minibatch_k64,text_pca256_lexical_w005
73640,23,minibatch_k64,text_pca256_lexical_w005
73641,23,minibatch_k64,text_pca256_lexical_w005
73642,50,minibatch_k64,text_pca256_lexical_w005
73643,2,minibatch_k64,text_pca256_lexical_w005
73644,15,minibatch_k64,text_pca256_lexical_w005
73645,8,minibatch_k64,text_pca256_lexical_w005
73646,45,minibatch_k64,text_pca256_lexical_w005
73647,53,minibatch_k64,text_pca256_lexical_w005
73648,50,minibatch_k64,text_pca256_lexical_w005
73649,8,minibatch_k64,text_pca256_lexical_w005
73650,8,minibatch_k64,text_pca256_lexical_w005
73651,10,minibatch_k64,text_pca256_lexical_w005
73652,23,minibatch_k64,text_pca256_lexical_w005
73653,23,minibatch_k64,text_pca256_lexical_w005
73654,0,minibatch_k64,text_pca256_lexical_w005
73655,23,minibatch_k64,text_pca256_lexical_w005
73656,8,minibatch_k64,text_pca256_lexical_w005
73657,23,minibatch_k64,text_pca256_lexical_w005
73658,23,minibatch_k64,text_pca256_lexical_w005
73659,62,minibatch_k64,text_pca256_lexical_w005
73660,15,minibatch_k64,text_pca256_lexical_w005
73661,62,minibatch_k64,text_pca256_lexical_w005
73662,23,minibatch_k64,text_pca256_lexical_w005
73663,47,minibatch_k64,text_pca256_lexical_w005
73664,23,minibatch_k64,text_pca256_lexical_w005
73665,23,minibatch_k64,text_pca256_lexical_w005
73666,23,minibatch_k64,text_pca256_lexical_w005
73667,23,minibatch_k64,text_pca256_lexical_w005
73668,56,minibatch_k64,text_pca256_lexical_w005
73669,4,minibatch_k64,text_pca256_lexical_w005
73670,0,minibatch_k64,text_pca256_lexical_w005
73671,0,minibatch_k64,text_pca256_lexical_w005
73672,23,minibatch_k64,text_pca256_lexical_w005
73673,2,minibatch_k64,text_pca256_lexical_w005
73674,62,minibatch_k64,text_pca256_lexical_w005
73675,33,minibatch_k64,text_pca256_lexical_w005
73676,23,minibatch_k64,text_pca256_lexical_w005
73677,4,minibatch_k64,text_pca256_lexical_w005
73678,23,minibatch_k64,text_pca256_lexical_w005
73679,23,minibatch_k64,text_pca256_lexical_w005
73680,8,minibatch_k64,text_pca256_lexical_w005
73681,23,minibatch_k64,text_pca256_lexical_w005
73682,23,minibatch_k64,text_pca256_lexical_w005
73683,62,minibatch_k64,text_pca256_lexical_w005
73684,62,minibatch_k64,text_pca256_lexical_w005
73685,2,minibatch_k64,text_pca256_lexical_w005
73686,23,minibatch_k64,text_pca256_lexical_w005
73687,2,minibatch_k64,text_pca256_lexical_w005
73688,0,minibatch_k64,text_pca256_lexical_w005
73689,62,minibatch_k64,text_pca256_lexical_w005
73690,23,minibatch_k64,text_pca256_lexical_w005
73691,53,minibatch_k64,text_pca256_lexical_w005
73692,0,minibatch_k64,text_pca256_lexical_w005
73693,39,minibatch_k64,text_pca256_lexical_w005
73694,62,minibatch_k64,text_pca256_lexical_w005
73695,8,minibatch_k64,text_pca256_lexical_w005
73696,2,minibatch_k64,text_pca256_lexical_w005
73697,21,minibatch_k64,text_pca256_lexical_w005
73698,0,minibatch_k64,text_pca256_lexical_w005
73699,10,minibatch_k64,text_pca256_lexical_w005
73700,59,minibatch_k64,text_pca256_lexical_w005
73701,47,minibatch_k64,text_pca256_lexical_w005
73702,8,minibatch_k64,text_pca256_lexical_w005
73703,23,minibatch_k64,text_pca256_lexical_w005
73704,62,minibatch_k64,text_pca256_lexical_w005
73705,10,minibatch_k64,text_pca256_lexical_w005
73706,45,minibatch_k64,text_pca256_lexical_w005
73707,55,minibatch_k64,text_pca256_lexical_w005
73708,8,minibatch_k64,text_pca256_lexical_w005
73709,8,minibatch_k64,text_pca256_lexical_w005
73710,62,minibatch_k64,text_pca256_lexical_w005
73711,8,minibatch_k64,text_pca256_lexical_w005
73712,15,minibatch_k64,text_pca256_lexical_w005
73713,45,minibatch_k64,text_pca256_lexical_w005
73714,2,minibatch_k64,text_pca256_lexical_w005
73715,0,minibatch_k64,text_pca256_lexical_w005
73716,62,minibatch_k64,text_pca256_lexical_w005
73717,59,minibatch_k64,text_pca256_lexical_w005
73718,8,minibatch_k64,text_pca256_lexical_w005
73719,16,minibatch_k64,text_pca256_lexical_w005
73720,47,minibatch_k64,text_pca256_lexical_w005
73721,10,minibatch_k64,text_pca256_lexical_w005
73722,47,minibatch_k64,text_pca256_lexical_w005
73723,10,minibatch_k64,text_pca256_lexical_w005
73724,59,minibatch_k64,text_pca256_lexical_w005
73725,62,minibatch_k64,text_pca256_lexical_w005
73726,2,minibatch_k64,text_pca256_lexical_w005
73727,23,minibatch_k64,text_pca256_lexical_w005
73728,0,minibatch_k64,text_pca256_lexical_w005
73729,10,minibatch_k64,text_pca256_lexical_w005
73730,10,minibatch_k64,text_pca256_lexical_w005
73731,59,minibatch_k64,text_pca256_lexical_w005
73732,23,minibatch_k64,text_pca256_lexical_w005
73733,8,minibatch_k64,text_pca256_lexical_w005
73734,8,minibatch_k64,text_pca256_lexical_w005
73735,10,minibatch_k64,text_pca256_lexical_w005
73736,62,minibatch_k64,text_pca256_lexical_w005
73737,59,minibatch_k64,text_pca256_lexical_w005
73738,2,minibatch_k64,text_pca256_lexical_w005
73739,8,minibatch_k64,text_pca256_lexical_w005
73740,8,minibatch_k64,text_pca256_lexical_w005
73741,62,minibatch_k64,text_pca256_lexical_w005
73742,23,minibatch_k64,text_pca256_lexical_w005
73743,23,minibatch_k64,text_pca256_lexical_w005
73744,23,minibatch_k64,text_pca256_lexical_w005
73745,62,minibatch_k64,text_pca256_lexical_w005
73746,15,minibatch_k64,text_pca256_lexical_w005
73747,59,minibatch_k64,text_pca256_lexical_w005
73748,0,minibatch_k64,text_pca256_lexical_w005
73749,62,minibatch_k64,text_pca256_lexical_w005
73750,59,minibatch_k64,text_pca256_lexical_w005
73751,0,minibatch_k64,text_pca256_lexical_w005
73752,62,minibatch_k64,text_pca256_lexical_w005
73753,59,minibatch_k64,text_pca256_lexical_w005
73754,59,minibatch_k64,text_pca256_lexical_w005
73755,45,minibatch_k64,text_pca256_lexical_w005
73756,62,minibatch_k64,text_pca256_lexical_w005
73757,23,minibatch_k64,text_pca256_lexical_w005
73758,21,minibatch_k64,text_pca256_lexical_w005
73759,62,minibatch_k64,text_pca256_lexical_w005
73760,33,minibatch_k64,text_pca256_lexical_w005
73761,8,minibatch_k64,text_pca256_lexical_w005
73762,23,minibatch_k64,text_pca256_lexical_w005
73763,10,minibatch_k64,text_pca256_lexical_w005
73764,15,minibatch_k64,text_pca256_lexical_w005
73765,23,minibatch_k64,text_pca256_lexical_w005
73766,62,minibatch_k64,text_pca256_lexical_w005
73767,2,minibatch_k64,text_pca256_lexical_w005
73768,2,minibatch_k64,text_pca256_lexical_w005
73769,8,minibatch_k64,text_pca256_lexical_w005
73770,10,minibatch_k64,text_pca256_lexical_w005
73771,23,minibatch_k64,text_pca256_lexical_w005
73772,62,minibatch_k64,text_pca256_lexical_w005
73773,0,minibatch_k64,text_pca256_lexical_w005
73774,62,minibatch_k64,text_pca256_lexical_w005
73775,59,minibatch_k64,text_pca256_lexical_w005
73776,2,minibatch_k64,text_pca256_lexical_w005
73777,4,minibatch_k64,text_pca256_lexical_w005
73778,62,minibatch_k64,text_pca256_lexical_w005
73779,38,minibatch_k64,text_pca256_lexical_w005
73780,33,minibatch_k64,text_pca256_lexical_w005
73781,53,minibatch_k64,text_pca256_lexical_w005
73782,62,minibatch_k64,text_pca256_lexical_w005
73783,59,minibatch_k64,text_pca256_lexical_w005
73784,10,minibatch_k64,text_pca256_lexical_w005
73785,45,minibatch_k64,text_pca256_lexical_w005
73786,62,minibatch_k64,text_pca256_lexical_w005
73787,55,minibatch_k64,text_pca256_lexical_w005
73788,63,minibatch_k64,text_pca256_lexical_w005
73789,0,minibatch_k64,text_pca256_lexical_w005
73790,2,minibatch_k64,text_pca256_lexical_w005
73791,62,minibatch_k64,text_pca256_lexical_w005
73792,0,minibatch_k64,text_pca256_lexical_w005
73793,23,minibatch_k64,text_pca256_lexical_w005
73794,4,minibatch_k64,text_pca256_lexical_w005
73795,45,minibatch_k64,text_pca256_lexical_w005
73796,16,minibatch_k64,text_pca256_lexical_w005
73797,0,minibatch_k64,text_pca256_lexical_w005
73798,0,minibatch_k64,text_pca256_lexical_w005
73799,59,minibatch_k64,text_pca256_lexical_w005
73800,10,minibatch_k64,text_pca256_lexical_w005
73801,62,minibatch_k64,text_pca256_lexical_w005
73802,62,minibatch_k64,text_pca256_lexical_w005
73803,59,minibatch_k64,text_pca256_lexical_w005
73804,4,minibatch_k64,text_pca256_lexical_w005
73805,50,minibatch_k64,text_pca256_lexical_w005
73806,59,minibatch_k64,text_pca256_lexical_w005
73807,62,minibatch_k64,text_pca256_lexical_w005
73808,0,minibatch_k64,text_pca256_lexical_w005
73809,21,minibatch_k64,text_pca256_lexical_w005
73810,8,minibatch_k64,text_pca256_lexical_w005
73811,62,minibatch_k64,text_pca256_lexical_w005
73812,8,minibatch_k64,text_pca256_lexical_w005
73813,23,minibatch_k64,text_pca256_lexical_w005
73814,0,minibatch_k64,text_pca256_lexical_w005
73815,62,minibatch_k64,text_pca256_lexical_w005
73816,45,minibatch_k64,text_pca256_lexical_w005
73817,11,minibatch_k64,text_pca256_lexical_w005
73818,62,minibatch_k64,text_pca256_lexical_w005
73819,15,minibatch_k64,text_pca256_lexical_w005
73820,23,minibatch_k64,text_pca256_lexical_w005
73821,15,minibatch_k64,text_pca256_lexical_w005
73822,45,minibatch_k64,text_pca256_lexical_w005
73823,57,minibatch_k64,text_pca256_lexical_w005
73824,23,minibatch_k64,text_pca256_lexical_w005
73825,8,minibatch_k64,text_pca256_lexical_w005
73826,11,minibatch_k64,text_pca256_lexical_w005
73827,62,minibatch_k64,text_pca256_lexical_w005
73828,23,minibatch_k64,text_pca256_lexical_w005
73829,0,minibatch_k64,text_pca256_lexical_w005
73830,62,minibatch_k64,text_pca256_lexical_w005
73831,23,minibatch_k64,text_pca256_lexical_w005
73832,10,minibatch_k64,text_pca256_lexical_w005
73833,21,minibatch_k64,text_pca256_lexical_w005
73834,42,minibatch_k64,text_pca256_lexical_w005
73835,62,minibatch_k64,text_pca256_lexical_w005
73836,8,minibatch_k64,text_pca256_lexical_w005
73837,62,minibatch_k64,text_pca256_lexical_w005
73838,32,minibatch_k64,text_pca256_lexical_w005
73839,62,minibatch_k64,text_pca256_lexical_w005
73840,62,minibatch_k64,text_pca256_lexical_w005
73841,62,minibatch_k64,text_pca256_lexical_w005
73842,16,minibatch_k64,text_pca256_lexical_w005
73843,62,minibatch_k64,text_pca256_lexical_w005
73844,8,minibatch_k64,text_pca256_lexical_w005
73845,23,minibatch_k64,text_pca256_lexical_w005
73846,23,minibatch_k64,text_pca256_lexical_w005
73847,8,minibatch_k64,text_pca256_lexical_w005
73848,16,minibatch_k64,text_pca256_lexical_w005
73849,62,minibatch_k64,text_pca256_lexical_w005
73850,8,minibatch_k64,text_pca256_lexical_w005
73851,8,minibatch_k64,text_pca256_lexical_w005
73852,2,minibatch_k64,text_pca256_lexical_w005
73853,0,minibatch_k64,text_pca256_lexical_w005
73854,62,minibatch_k64,text_pca256_lexical_w005
73855,27,minibatch_k64,text_pca256_lexical_w005
73856,45,minibatch_k64,text_pca256_lexical_w005
73857,62,minibatch_k64,text_pca256_lexical_w005
73858,59,minibatch_k64,text_pca256_lexical_w005
73859,59,minibatch_k64,text_pca256_lexical_w005
73860,59,minibatch_k64,text_pca256_lexical_w005
73861,23,minibatch_k64,text_pca256_lexical_w005
73862,23,minibatch_k64,text_pca256_lexical_w005
73863,59,minibatch_k64,text_pca256_lexical_w005
73864,23,minibatch_k64,text_pca256_lexical_w005
73865,59,minibatch_k64,text_pca256_lexical_w005
73866,62,minibatch_k64,text_pca256_lexical_w005
73867,23,minibatch_k64,text_pca256_lexical_w005
73868,62,minibatch_k64,text_pca256_lexical_w005
73869,23,minibatch_k64,text_pca256_lexical_w005
73870,2,minibatch_k64,text_pca256_lexical_w005
73871,23,minibatch_k64,text_pca256_lexical_w005
73872,0,minibatch_k64,text_pca256_lexical_w005
73873,59,minibatch_k64,text_pca256_lexical_w005
73874,2,minibatch_k64,text_pca256_lexical_w005
73875,18,minibatch_k64,text_pca256_lexical_w005
73876,2,minibatch_k64,text_pca256_lexical_w005
73877,8,minibatch_k64,text_pca256_lexical_w005
73878,23,minibatch_k64,text_pca256_lexical_w005
73879,15,minibatch_k64,text_pca256_lexical_w005
73880,0,minibatch_k64,text_pca256_lexical_w005
73881,0,minibatch_k64,text_pca256_lexical_w005
73882,33,minibatch_k64,text_pca256_lexical_w005
73883,23,minibatch_k64,text_pca256_lexical_w005
73884,59,minibatch_k64,text_pca256_lexical_w005
73885,59,minibatch_k64,text_pca256_lexical_w005
73886,23,minibatch_k64,text_pca256_lexical_w005
73887,23,minibatch_k64,text_pca256_lexical_w005
73888,15,minibatch_k64,text_pca256_lexical_w005
73889,62,minibatch_k64,text_pca256_lexical_w005
73890,23,minibatch_k64,text_pca256_lexical_w005
73891,21,minibatch_k64,text_pca256_lexical_w005
73892,62,minibatch_k64,text_pca256_lexical_w005
73893,0,minibatch_k64,text_pca256_lexical_w005
73894,62,minibatch_k64,text_pca256_lexical_w005
73895,23,minibatch_k64,text_pca256_lexical_w005
73896,59,minibatch_k64,text_pca256_lexical_w005
73897,27,minibatch_k64,text_pca256_lexical_w005
73898,62,minibatch_k64,text_pca256_lexical_w005
73899,38,minibatch_k64,text_pca256_lexical_w005
73900,45,minibatch_k64,text_pca256_lexical_w005
73901,45,minibatch_k64,text_pca256_lexical_w005
73902,22,minibatch_k64,text_pca256_lexical_w005
73903,15,minibatch_k64,text_pca256_lexical_w005
73904,8,minibatch_k64,text_pca256_lexical_w005
73905,50,minibatch_k64,text_pca256_lexical_w005
73906,62,minibatch_k64,text_pca256_lexical_w005
73907,0,minibatch_k64,text_pca256_lexical_w005
73908,62,minibatch_k64,text_pca256_lexical_w005
73909,8,minibatch_k64,text_pca256_lexical_w005
73910,62,minibatch_k64,text_pca256_lexical_w005
73911,45,minibatch_k64,text_pca256_lexical_w005
73912,15,minibatch_k64,text_pca256_lexical_w005
73913,59,minibatch_k64,text_pca256_lexical_w005
73914,23,minibatch_k64,text_pca256_lexical_w005
73915,59,minibatch_k64,text_pca256_lexical_w005
73916,2,minibatch_k64,text_pca256_lexical_w005
73917,45,minibatch_k64,text_pca256_lexical_w005
73918,50,minibatch_k64,text_pca256_lexical_w005
73919,0,minibatch_k64,text_pca256_lexical_w005
73920,53,minibatch_k64,text_pca256_lexical_w005
73921,33,minibatch_k64,text_pca256_lexical_w005
73922,23,minibatch_k64,text_pca256_lexical_w005
73923,0,minibatch_k64,text_pca256_lexical_w005
73924,62,minibatch_k64,text_pca256_lexical_w005
73925,62,minibatch_k64,text_pca256_lexical_w005
73926,0,minibatch_k64,text_pca256_lexical_w005
73927,8,minibatch_k64,text_pca256_lexical_w005
73928,62,minibatch_k64,text_pca256_lexical_w005
73929,45,minibatch_k64,text_pca256_lexical_w005
73930,59,minibatch_k64,text_pca256_lexical_w005
73931,45,minibatch_k64,text_pca256_lexical_w005
73932,23,minibatch_k64,text_pca256_lexical_w005
73933,0,minibatch_k64,text_pca256_lexical_w005
73934,0,minibatch_k64,text_pca256_lexical_w005
73935,0,minibatch_k64,text_pca256_lexical_w005
73936,23,minibatch_k64,text_pca256_lexical_w005
73937,0,minibatch_k64,text_pca256_lexical_w005
73938,33,minibatch_k64,text_pca256_lexical_w005
73939,62,minibatch_k64,text_pca256_lexical_w005
73940,23,minibatch_k64,text_pca256_lexical_w005
73941,0,minibatch_k64,text_pca256_lexical_w005
73942,18,minibatch_k64,text_pca256_lexical_w005
73943,45,minibatch_k64,text_pca256_lexical_w005
73944,62,minibatch_k64,text_pca256_lexical_w005
73945,45,minibatch_k64,text_pca256_lexical_w005
73946,18,minibatch_k64,text_pca256_lexical_w005
73947,59,minibatch_k64,text_pca256_lexical_w005
73948,59,minibatch_k64,text_pca256_lexical_w005
73949,59,minibatch_k64,text_pca256_lexical_w005
73950,8,minibatch_k64,text_pca256_lexical_w005
73951,62,minibatch_k64,text_pca256_lexical_w005
73952,0,minibatch_k64,text_pca256_lexical_w005
73953,59,minibatch_k64,text_pca256_lexical_w005
73954,23,minibatch_k64,text_pca256_lexical_w005
73955,23,minibatch_k64,text_pca256_lexical_w005
73956,59,minibatch_k64,text_pca256_lexical_w005
73957,62,minibatch_k64,text_pca256_lexical_w005
73958,62,minibatch_k64,text_pca256_lexical_w005
73959,0,minibatch_k64,text_pca256_lexical_w005
73960,62,minibatch_k64,text_pca256_lexical_w005
73961,45,minibatch_k64,text_pca256_lexical_w005
73962,0,minibatch_k64,text_pca256_lexical_w005
73963,30,minibatch_k64,text_pca256_lexical_w005
73964,8,minibatch_k64,text_pca256_lexical_w005
73965,62,minibatch_k64,text_pca256_lexical_w005
73966,0,minibatch_k64,text_pca256_lexical_w005
73967,15,minibatch_k64,text_pca256_lexical_w005
73968,62,minibatch_k64,text_pca256_lexical_w005
73969,23,minibatch_k64,text_pca256_lexical_w005
73970,59,minibatch_k64,text_pca256_lexical_w005
73971,59,minibatch_k64,text_pca256_lexical_w005
73972,62,minibatch_k64,text_pca256_lexical_w005
73973,0,minibatch_k64,text_pca256_lexical_w005
73974,10,minibatch_k64,text_pca256_lexical_w005
73975,23,minibatch_k64,text_pca256_lexical_w005
73976,0,minibatch_k64,text_pca256_lexical_w005
73977,23,minibatch_k64,text_pca256_lexical_w005
73978,62,minibatch_k64,text_pca256_lexical_w005
73979,0,minibatch_k64,text_pca256_lexical_w005
73980,59,minibatch_k64,text_pca256_lexical_w005
73981,0,minibatch_k64,text_pca256_lexical_w005
73982,15,minibatch_k64,text_pca256_lexical_w005
73983,59,minibatch_k64,text_pca256_lexical_w005
73984,62,minibatch_k64,text_pca256_lexical_w005
73985,62,minibatch_k64,text_pca256_lexical_w005
73986,10,minibatch_k64,text_pca256_lexical_w005
73987,15,minibatch_k64,text_pca256_lexical_w005
73988,23,minibatch_k64,text_pca256_lexical_w005
73989,59,minibatch_k64,text_pca256_lexical_w005
73990,45,minibatch_k64,text_pca256_lexical_w005
73991,2,minibatch_k64,text_pca256_lexical_w005
73992,62,minibatch_k64,text_pca256_lexical_w005
73993,62,minibatch_k64,text_pca256_lexical_w005
73994,23,minibatch_k64,text_pca256_lexical_w005
73995,21,minibatch_k64,text_pca256_lexical_w005
73996,23,minibatch_k64,text_pca256_lexical_w005
73997,21,minibatch_k64,text_pca256_lexical_w005
73998,59,minibatch_k64,text_pca256_lexical_w005
73999,2,minibatch_k64,text_pca256_lexical_w005
74000,15,minibatch_k64,text_pca256_lexical_w005
74001,62,minibatch_k64,text_pca256_lexical_w005
74002,59,minibatch_k64,text_pca256_lexical_w005
74003,0,minibatch_k64,text_pca256_lexical_w005
74004,23,minibatch_k64,text_pca256_lexical_w005
74005,23,minibatch_k64,text_pca256_lexical_w005
74006,59,minibatch_k64,text_pca256_lexical_w005
74007,15,minibatch_k64,text_pca256_lexical_w005
74008,0,minibatch_k64,text_pca256_lexical_w005
74009,59,minibatch_k64,text_pca256_lexical_w005
74010,2,minibatch_k64,text_pca256_lexical_w005
74011,8,minibatch_k64,text_pca256_lexical_w005
74012,23,minibatch_k64,text_pca256_lexical_w005
74013,59,minibatch_k64,text_pca256_lexical_w005
74014,62,minibatch_k64,text_pca256_lexical_w005
74015,59,minibatch_k64,text_pca256_lexical_w005
74016,45,minibatch_k64,text_pca256_lexical_w005
74017,2,minibatch_k64,text_pca256_lexical_w005
74018,59,minibatch_k64,text_pca256_lexical_w005
74019,15,minibatch_k64,text_pca256_lexical_w005
74020,23,minibatch_k64,text_pca256_lexical_w005
74021,2,minibatch_k64,text_pca256_lexical_w005
74022,59,minibatch_k64,text_pca256_lexical_w005
74023,59,minibatch_k64,text_pca256_lexical_w005
74024,59,minibatch_k64,text_pca256_lexical_w005
74025,23,minibatch_k64,text_pca256_lexical_w005
74026,2,minibatch_k64,text_pca256_lexical_w005
74027,45,minibatch_k64,text_pca256_lexical_w005
74028,45,minibatch_k64,text_pca256_lexical_w005
74029,53,minibatch_k64,text_pca256_lexical_w005
74030,45,minibatch_k64,text_pca256_lexical_w005
74031,59,minibatch_k64,text_pca256_lexical_w005
74032,0,minibatch_k64,text_pca256_lexical_w005
74033,23,minibatch_k64,text_pca256_lexical_w005
74034,15,minibatch_k64,text_pca256_lexical_w005
74035,0,minibatch_k64,text_pca256_lexical_w005
74036,59,minibatch_k64,text_pca256_lexical_w005
74037,2,minibatch_k64,text_pca256_lexical_w005
74038,23,minibatch_k64,text_pca256_lexical_w005
74039,23,minibatch_k64,text_pca256_lexical_w005
74040,23,minibatch_k64,text_pca256_lexical_w005
74041,23,minibatch_k64,text_pca256_lexical_w005
74042,33,minibatch_k64,text_pca256_lexical_w005
74043,59,minibatch_k64,text_pca256_lexical_w005
74044,45,minibatch_k64,text_pca256_lexical_w005
74045,59,minibatch_k64,text_pca256_lexical_w005
74046,45,minibatch_k64,text_pca256_lexical_w005
74047,8,minibatch_k64,text_pca256_lexical_w005
74048,62,minibatch_k64,text_pca256_lexical_w005
74049,59,minibatch_k64,text_pca256_lexical_w005
74050,62,minibatch_k64,text_pca256_lexical_w005
74051,23,minibatch_k64,text_pca256_lexical_w005
74052,23,minibatch_k64,text_pca256_lexical_w005
74053,15,minibatch_k64,text_pca256_lexical_w005
74054,59,minibatch_k64,text_pca256_lexical_w005
74055,45,minibatch_k64,text_pca256_lexical_w005
74056,8,minibatch_k64,text_pca256_lexical_w005
74057,48,minibatch_k64,text_pca256_lexical_w005
74058,15,minibatch_k64,text_pca256_lexical_w005
74059,45,minibatch_k64,text_pca256_lexical_w005
74060,59,minibatch_k64,text_pca256_lexical_w005
74061,62,minibatch_k64,text_pca256_lexical_w005
74062,59,minibatch_k64,text_pca256_lexical_w005
74063,23,minibatch_k64,text_pca256_lexical_w005
74064,23,minibatch_k64,text_pca256_lexical_w005
74065,23,minibatch_k64,text_pca256_lexical_w005
74066,59,minibatch_k64,text_pca256_lexical_w005
74067,59,minibatch_k64,text_pca256_lexical_w005
74068,23,minibatch_k64,text_pca256_lexical_w005
74069,0,minibatch_k64,text_pca256_lexical_w005
74070,62,minibatch_k64,text_pca256_lexical_w005
74071,45,minibatch_k64,text_pca256_lexical_w005
74072,59,minibatch_k64,text_pca256_lexical_w005
74073,59,minibatch_k64,text_pca256_lexical_w005
74074,45,minibatch_k64,text_pca256_lexical_w005
74075,45,minibatch_k64,text_pca256_lexical_w005
74076,43,minibatch_k64,text_pca256_lexical_w005
74077,0,minibatch_k64,text_pca256_lexical_w005
74078,2,minibatch_k64,text_pca256_lexical_w005
74079,23,minibatch_k64,text_pca256_lexical_w005
74080,23,minibatch_k64,text_pca256_lexical_w005
74081,45,minibatch_k64,text_pca256_lexical_w005
74082,45,minibatch_k64,text_pca256_lexical_w005
74083,15,minibatch_k64,text_pca256_lexical_w005
74084,62,minibatch_k64,text_pca256_lexical_w005
74085,21,minibatch_k64,text_pca256_lexical_w005
74086,15,minibatch_k64,text_pca256_lexical_w005
74087,53,minibatch_k64,text_pca256_lexical_w005
74088,15,minibatch_k64,text_pca256_lexical_w005
74089,62,minibatch_k64,text_pca256_lexical_w005
74090,41,minibatch_k64,text_pca256_lexical_w005
74091,62,minibatch_k64,text_pca256_lexical_w005
74092,59,minibatch_k64,text_pca256_lexical_w005
74093,59,minibatch_k64,text_pca256_lexical_w005
74094,0,minibatch_k64,text_pca256_lexical_w005
74095,59,minibatch_k64,text_pca256_lexical_w005
74096,59,minibatch_k64,text_pca256_lexical_w005
74097,15,minibatch_k64,text_pca256_lexical_w005
74098,23,minibatch_k64,text_pca256_lexical_w005
74099,62,minibatch_k64,text_pca256_lexical_w005
74100,10,minibatch_k64,text_pca256_lexical_w005
74101,0,minibatch_k64,text_pca256_lexical_w005
74102,45,minibatch_k64,text_pca256_lexical_w005
74103,15,minibatch_k64,text_pca256_lexical_w005
74104,2,minibatch_k64,text_pca256_lexical_w005
74105,23,minibatch_k64,text_pca256_lexical_w005
74106,59,minibatch_k64,text_pca256_lexical_w005
74107,0,minibatch_k64,text_pca256_lexical_w005
74108,59,minibatch_k64,text_pca256_lexical_w005
74109,23,minibatch_k64,text_pca256_lexical_w005
74110,23,minibatch_k64,text_pca256_lexical_w005
74111,2,minibatch_k64,text_pca256_lexical_w005
74112,59,minibatch_k64,text_pca256_lexical_w005
74113,15,minibatch_k64,text_pca256_lexical_w005
74114,59,minibatch_k64,text_pca256_lexical_w005
74115,59,minibatch_k64,text_pca256_lexical_w005
74116,45,minibatch_k64,text_pca256_lexical_w005
74117,59,minibatch_k64,text_pca256_lexical_w005
74118,59,minibatch_k64,text_pca256_lexical_w005
74119,45,minibatch_k64,text_pca256_lexical_w005
74120,39,minibatch_k64,text_pca256_lexical_w005
74121,0,minibatch_k64,text_pca256_lexical_w005
74122,62,minibatch_k64,text_pca256_lexical_w005
74123,62,minibatch_k64,text_pca256_lexical_w005
74124,59,minibatch_k64,text_pca256_lexical_w005
74125,33,minibatch_k64,text_pca256_lexical_w005
74126,62,minibatch_k64,text_pca256_lexical_w005
74127,62,minibatch_k64,text_pca256_lexical_w005
74128,45,minibatch_k64,text_pca256_lexical_w005
74129,59,minibatch_k64,text_pca256_lexical_w005
74130,2,minibatch_k64,text_pca256_lexical_w005
74131,8,minibatch_k64,text_pca256_lexical_w005
74132,8,minibatch_k64,text_pca256_lexical_w005
74133,41,minibatch_k64,text_pca256_lexical_w005
74134,39,minibatch_k64,text_pca256_lexical_w005
74135,39,minibatch_k64,text_pca256_lexical_w005
74136,62,minibatch_k64,text_pca256_lexical_w005
74137,0,minibatch_k64,text_pca256_lexical_w005
74138,45,minibatch_k64,text_pca256_lexical_w005
74139,10,minibatch_k64,text_pca256_lexical_w005
74140,42,minibatch_k64,text_pca256_lexical_w005
74141,45,minibatch_k64,text_pca256_lexical_w005
74142,10,minibatch_k64,text_pca256_lexical_w005
74143,50,minibatch_k64,text_pca256_lexical_w005
74144,50,minibatch_k64,text_pca256_lexical_w005
74145,10,minibatch_k64,text_pca256_lexical_w005
74146,10,minibatch_k64,text_pca256_lexical_w005
74147,33,minibatch_k64,text_pca256_lexical_w005
74148,21,minibatch_k64,text_pca256_lexical_w005
74149,39,minibatch_k64,text_pca256_lexical_w005
74150,59,minibatch_k64,text_pca256_lexical_w005
74151,56,minibatch_k64,text_pca256_lexical_w005
74152,2,minibatch_k64,text_pca256_lexical_w005
74153,2,minibatch_k64,text_pca256_lexical_w005
74154,59,minibatch_k64,text_pca256_lexical_w005
74155,2,minibatch_k64,text_pca256_lexical_w005
74156,8,minibatch_k64,text_pca256_lexical_w005
74157,41,minibatch_k64,text_pca256_lexical_w005
74158,10,minibatch_k64,text_pca256_lexical_w005
74159,62,minibatch_k64,text_pca256_lexical_w005
74160,62,minibatch_k64,text_pca256_lexical_w005
74161,10,minibatch_k64,text_pca256_lexical_w005
74162,23,minibatch_k64,text_pca256_lexical_w005
74163,8,minibatch_k64,text_pca256_lexical_w005
74164,0,minibatch_k64,text_pca256_lexical_w005
74165,41,minibatch_k64,text_pca256_lexical_w005
74166,10,minibatch_k64,text_pca256_lexical_w005
74167,41,minibatch_k64,text_pca256_lexical_w005
74168,59,minibatch_k64,text_pca256_lexical_w005
74169,45,minibatch_k64,text_pca256_lexical_w005
74170,59,minibatch_k64,text_pca256_lexical_w005
74171,41,minibatch_k64,text_pca256_lexical_w005
74172,10,minibatch_k64,text_pca256_lexical_w005
74173,23,minibatch_k64,text_pca256_lexical_w005
74174,10,minibatch_k64,text_pca256_lexical_w005
74175,41,minibatch_k64,text_pca256_lexical_w005
74176,41,minibatch_k64,text_pca256_lexical_w005
74177,8,minibatch_k64,text_pca256_lexical_w005
74178,8,minibatch_k64,text_pca256_lexical_w005
74179,10,minibatch_k64,text_pca256_lexical_w005
74180,41,minibatch_k64,text_pca256_lexical_w005
74181,23,minibatch_k64,text_pca256_lexical_w005
74182,8,minibatch_k64,text_pca256_lexical_w005
74183,23,minibatch_k64,text_pca256_lexical_w005
74184,41,minibatch_k64,text_pca256_lexical_w005
74185,62,minibatch_k64,text_pca256_lexical_w005
74186,62,minibatch_k64,text_pca256_lexical_w005
74187,15,minibatch_k64,text_pca256_lexical_w005
74188,45,minibatch_k64,text_pca256_lexical_w005
74189,21,minibatch_k64,text_pca256_lexical_w005
74190,10,minibatch_k64,text_pca256_lexical_w005
74191,0,minibatch_k64,text_pca256_lexical_w005
74192,59,minibatch_k64,text_pca256_lexical_w005
74193,2,minibatch_k64,text_pca256_lexical_w005
74194,10,minibatch_k64,text_pca256_lexical_w005
74195,23,minibatch_k64,text_pca256_lexical_w005
74196,10,minibatch_k64,text_pca256_lexical_w005
74197,15,minibatch_k64,text_pca256_lexical_w005
74198,0,minibatch_k64,text_pca256_lexical_w005
74199,10,minibatch_k64,text_pca256_lexical_w005
74200,15,minibatch_k64,text_pca256_lexical_w005
74201,0,minibatch_k64,text_pca256_lexical_w005
74202,0,minibatch_k64,text_pca256_lexical_w005
74203,62,minibatch_k64,text_pca256_lexical_w005
74204,33,minibatch_k64,text_pca256_lexical_w005
74205,45,minibatch_k64,text_pca256_lexical_w005
74206,62,minibatch_k64,text_pca256_lexical_w005
74207,59,minibatch_k64,text_pca256_lexical_w005
74208,59,minibatch_k64,text_pca256_lexical_w005
74209,62,minibatch_k64,text_pca256_lexical_w005
74210,62,minibatch_k64,text_pca256_lexical_w005
74211,10,minibatch_k64,text_pca256_lexical_w005
74212,15,minibatch_k64,text_pca256_lexical_w005
74213,33,minibatch_k64,text_pca256_lexical_w005
74214,33,minibatch_k64,text_pca256_lexical_w005
74215,10,minibatch_k64,text_pca256_lexical_w005
74216,0,minibatch_k64,text_pca256_lexical_w005
74217,0,minibatch_k64,text_pca256_lexical_w005
74218,10,minibatch_k64,text_pca256_lexical_w005
74219,10,minibatch_k64,text_pca256_lexical_w005
74220,2,minibatch_k64,text_pca256_lexical_w005
74221,10,minibatch_k64,text_pca256_lexical_w005
74222,2,minibatch_k64,text_pca256_lexical_w005
74223,45,minibatch_k64,text_pca256_lexical_w005
74224,0,minibatch_k64,text_pca256_lexical_w005
74225,8,minibatch_k64,text_pca256_lexical_w005
74226,8,minibatch_k64,text_pca256_lexical_w005
74227,10,minibatch_k64,text_pca256_lexical_w005
74228,23,minibatch_k64,text_pca256_lexical_w005
74229,39,minibatch_k64,text_pca256_lexical_w005
74230,62,minibatch_k64,text_pca256_lexical_w005
74231,62,minibatch_k64,text_pca256_lexical_w005
74232,10,minibatch_k64,text_pca256_lexical_w005
74233,10,minibatch_k64,text_pca256_lexical_w005
74234,23,minibatch_k64,text_pca256_lexical_w005
74235,59,minibatch_k64,text_pca256_lexical_w005
74236,59,minibatch_k64,text_pca256_lexical_w005
74237,15,minibatch_k64,text_pca256_lexical_w005
74238,10,minibatch_k64,text_pca256_lexical_w005
74239,59,minibatch_k64,text_pca256_lexical_w005
74240,10,minibatch_k64,text_pca256_lexical_w005
74241,10,minibatch_k64,text_pca256_lexical_w005
74242,59,minibatch_k64,text_pca256_lexical_w005
74243,59,minibatch_k64,text_pca256_lexical_w005
74244,8,minibatch_k64,text_pca256_lexical_w005
74245,0,minibatch_k64,text_pca256_lexical_w005
74246,0,minibatch_k64,text_pca256_lexical_w005
74247,10,minibatch_k64,text_pca256_lexical_w005
74248,23,minibatch_k64,text_pca256_lexical_w005
74249,23,minibatch_k64,text_pca256_lexical_w005
74250,10,minibatch_k64,text_pca256_lexical_w005
74251,62,minibatch_k64,text_pca256_lexical_w005
74252,0,minibatch_k64,text_pca256_lexical_w005
74253,59,minibatch_k64,text_pca256_lexical_w005
74254,59,minibatch_k64,text_pca256_lexical_w005
74255,59,minibatch_k64,text_pca256_lexical_w005
74256,8,minibatch_k64,text_pca256_lexical_w005
74257,33,minibatch_k64,text_pca256_lexical_w005
74258,33,minibatch_k64,text_pca256_lexical_w005
74259,10,minibatch_k64,text_pca256_lexical_w005
74260,62,minibatch_k64,text_pca256_lexical_w005
74261,15,minibatch_k64,text_pca256_lexical_w005
74262,39,minibatch_k64,text_pca256_lexical_w005
74263,10,minibatch_k64,text_pca256_lexical_w005
74264,45,minibatch_k64,text_pca256_lexical_w005
74265,59,minibatch_k64,text_pca256_lexical_w005
74266,45,minibatch_k64,text_pca256_lexical_w005
74267,10,minibatch_k64,text_pca256_lexical_w005
74268,10,minibatch_k64,text_pca256_lexical_w005
74269,10,minibatch_k64,text_pca256_lexical_w005
74270,33,minibatch_k64,text_pca256_lexical_w005
74271,59,minibatch_k64,text_pca256_lexical_w005
74272,39,minibatch_k64,text_pca256_lexical_w005
74273,10,minibatch_k64,text_pca256_lexical_w005
74274,59,minibatch_k64,text_pca256_lexical_w005
74275,33,minibatch_k64,text_pca256_lexical_w005
74276,0,minibatch_k64,text_pca256_lexical_w005
74277,59,minibatch_k64,text_pca256_lexical_w005
74278,59,minibatch_k64,text_pca256_lexical_w005
74279,59,minibatch_k64,text_pca256_lexical_w005
74280,42,minibatch_k64,text_pca256_lexical_w005
74281,33,minibatch_k64,text_pca256_lexical_w005
74282,62,minibatch_k64,text_pca256_lexical_w005
74283,45,minibatch_k64,text_pca256_lexical_w005
74284,23,minibatch_k64,text_pca256_lexical_w005
74285,59,minibatch_k64,text_pca256_lexical_w005
74286,23,minibatch_k64,text_pca256_lexical_w005
74287,50,minibatch_k64,text_pca256_lexical_w005
74288,15,minibatch_k64,text_pca256_lexical_w005
74289,48,minibatch_k64,text_pca256_lexical_w005
74290,53,minibatch_k64,text_pca256_lexical_w005
74291,23,minibatch_k64,text_pca256_lexical_w005
74292,59,minibatch_k64,text_pca256_lexical_w005
74293,8,minibatch_k64,text_pca256_lexical_w005
74294,59,minibatch_k64,text_pca256_lexical_w005
74295,59,minibatch_k64,text_pca256_lexical_w005
74296,59,minibatch_k64,text_pca256_lexical_w005
74297,10,minibatch_k64,text_pca256_lexical_w005
74298,59,minibatch_k64,text_pca256_lexical_w005
74299,2,minibatch_k64,text_pca256_lexical_w005
74300,15,minibatch_k64,text_pca256_lexical_w005
74301,45,minibatch_k64,text_pca256_lexical_w005
74302,23,minibatch_k64,text_pca256_lexical_w005
74303,59,minibatch_k64,text_pca256_lexical_w005
74304,59,minibatch_k64,text_pca256_lexical_w005
74305,59,minibatch_k64,text_pca256_lexical_w005
74306,59,minibatch_k64,text_pca256_lexical_w005
74307,15,minibatch_k64,text_pca256_lexical_w005
74308,15,minibatch_k64,text_pca256_lexical_w005
74309,33,minibatch_k64,text_pca256_lexical_w005
74310,15,minibatch_k64,text_pca256_lexical_w005
74311,59,minibatch_k64,text_pca256_lexical_w005
74312,59,minibatch_k64,text_pca256_lexical_w005
74313,15,minibatch_k64,text_pca256_lexical_w005
74314,34,minibatch_k64,text_pca256_lexical_w005
74315,15,minibatch_k64,text_pca256_lexical_w005
74316,10,minibatch_k64,text_pca256_lexical_w005
74317,45,minibatch_k64,text_pca256_lexical_w005
74318,8,minibatch_k64,text_pca256_lexical_w005
74319,10,minibatch_k64,text_pca256_lexical_w005
74320,0,minibatch_k64,text_pca256_lexical_w005
74321,59,minibatch_k64,text_pca256_lexical_w005
74322,23,minibatch_k64,text_pca256_lexical_w005
74323,15,minibatch_k64,text_pca256_lexical_w005
74324,59,minibatch_k64,text_pca256_lexical_w005
74325,23,minibatch_k64,text_pca256_lexical_w005
74326,59,minibatch_k64,text_pca256_lexical_w005
74327,2,minibatch_k64,text_pca256_lexical_w005
74328,33,minibatch_k64,text_pca256_lexical_w005
74329,45,minibatch_k64,text_pca256_lexical_w005
74330,45,minibatch_k64,text_pca256_lexical_w005
74331,23,minibatch_k64,text_pca256_lexical_w005
74332,53,minibatch_k64,text_pca256_lexical_w005
74333,23,minibatch_k64,text_pca256_lexical_w005
74334,8,minibatch_k64,text_pca256_lexical_w005
74335,62,minibatch_k64,text_pca256_lexical_w005
74336,8,minibatch_k64,text_pca256_lexical_w005
74337,33,minibatch_k64,text_pca256_lexical_w005
74338,10,minibatch_k64,text_pca256_lexical_w005
74339,2,minibatch_k64,text_pca256_lexical_w005
74340,33,minibatch_k64,text_pca256_lexical_w005
74341,50,minibatch_k64,text_pca256_lexical_w005
74342,23,minibatch_k64,text_pca256_lexical_w005
74343,23,minibatch_k64,text_pca256_lexical_w005
74344,8,minibatch_k64,text_pca256_lexical_w005
74345,62,minibatch_k64,text_pca256_lexical_w005
74346,53,minibatch_k64,text_pca256_lexical_w005
74347,23,minibatch_k64,text_pca256_lexical_w005
74348,21,minibatch_k64,text_pca256_lexical_w005
74349,33,minibatch_k64,text_pca256_lexical_w005
74350,23,minibatch_k64,text_pca256_lexical_w005
74351,23,minibatch_k64,text_pca256_lexical_w005
74352,62,minibatch_k64,text_pca256_lexical_w005
74353,23,minibatch_k64,text_pca256_lexical_w005
74354,8,minibatch_k64,text_pca256_lexical_w005
74355,15,minibatch_k64,text_pca256_lexical_w005
74356,21,minibatch_k64,text_pca256_lexical_w005
74357,5,minibatch_k64,text_pca256_lexical_w005
74358,0,minibatch_k64,text_pca256_lexical_w005
74359,8,minibatch_k64,text_pca256_lexical_w005
74360,21,minibatch_k64,text_pca256_lexical_w005
74361,15,minibatch_k64,text_pca256_lexical_w005
74362,59,minibatch_k64,text_pca256_lexical_w005
74363,59,minibatch_k64,text_pca256_lexical_w005
74364,42,minibatch_k64,text_pca256_lexical_w005
74365,8,minibatch_k64,text_pca256_lexical_w005
74366,59,minibatch_k64,text_pca256_lexical_w005
74367,0,minibatch_k64,text_pca256_lexical_w005
74368,2,minibatch_k64,text_pca256_lexical_w005
74369,23,minibatch_k64,text_pca256_lexical_w005
74370,0,minibatch_k64,text_pca256_lexical_w005
74371,0,minibatch_k64,text_pca256_lexical_w005
74372,8,minibatch_k64,text_pca256_lexical_w005
74373,62,minibatch_k64,text_pca256_lexical_w005
74374,0,minibatch_k64,text_pca256_lexical_w005
74375,8,minibatch_k64,text_pca256_lexical_w005
74376,21,minibatch_k64,text_pca256_lexical_w005
74377,5,minibatch_k64,text_pca256_lexical_w005
74378,45,minibatch_k64,text_pca256_lexical_w005
74379,21,minibatch_k64,text_pca256_lexical_w005
74380,45,minibatch_k64,text_pca256_lexical_w005
74381,62,minibatch_k64,text_pca256_lexical_w005
74382,33,minibatch_k64,text_pca256_lexical_w005
74383,0,minibatch_k64,text_pca256_lexical_w005
74384,2,minibatch_k64,text_pca256_lexical_w005
74385,33,minibatch_k64,text_pca256_lexical_w005
74386,52,minibatch_k64,text_pca256_lexical_w005
74387,62,minibatch_k64,text_pca256_lexical_w005
74388,62,minibatch_k64,text_pca256_lexical_w005
74389,8,minibatch_k64,text_pca256_lexical_w005
74390,2,minibatch_k64,text_pca256_lexical_w005
74391,8,minibatch_k64,text_pca256_lexical_w005
74392,23,minibatch_k64,text_pca256_lexical_w005
74393,52,minibatch_k64,text_pca256_lexical_w005
74394,25,minibatch_k64,text_pca256_lexical_w005
74395,0,minibatch_k64,text_pca256_lexical_w005
74396,10,minibatch_k64,text_pca256_lexical_w005
74397,62,minibatch_k64,text_pca256_lexical_w005
74398,45,minibatch_k64,text_pca256_lexical_w005
74399,38,minibatch_k64,text_pca256_lexical_w005
74400,58,minibatch_k64,text_pca256_lexical_w005
74401,21,minibatch_k64,text_pca256_lexical_w005
74402,45,minibatch_k64,text_pca256_lexical_w005
74403,55,minibatch_k64,text_pca256_lexical_w005
74404,22,minibatch_k64,text_pca256_lexical_w005
74405,23,minibatch_k64,text_pca256_lexical_w005
74406,10,minibatch_k64,text_pca256_lexical_w005
74407,2,minibatch_k64,text_pca256_lexical_w005
74408,62,minibatch_k64,text_pca256_lexical_w005
74409,59,minibatch_k64,text_pca256_lexical_w005
74410,62,minibatch_k64,text_pca256_lexical_w005
74411,62,minibatch_k64,text_pca256_lexical_w005
74412,33,minibatch_k64,text_pca256_lexical_w005
74413,62,minibatch_k64,text_pca256_lexical_w005
74414,62,minibatch_k64,text_pca256_lexical_w005
74415,0,minibatch_k64,text_pca256_lexical_w005
74416,0,minibatch_k64,text_pca256_lexical_w005
74417,0,minibatch_k64,text_pca256_lexical_w005
74418,52,minibatch_k64,text_pca256_lexical_w005
74419,15,minibatch_k64,text_pca256_lexical_w005
74420,25,minibatch_k64,text_pca256_lexical_w005
74421,0,minibatch_k64,text_pca256_lexical_w005
74422,52,minibatch_k64,text_pca256_lexical_w005
74423,5,minibatch_k64,text_pca256_lexical_w005
74424,53,minibatch_k64,text_pca256_lexical_w005
74425,62,minibatch_k64,text_pca256_lexical_w005
74426,62,minibatch_k64,text_pca256_lexical_w005
74427,59,minibatch_k64,text_pca256_lexical_w005
74428,10,minibatch_k64,text_pca256_lexical_w005
74429,21,minibatch_k64,text_pca256_lexical_w005
74430,48,minibatch_k64,text_pca256_lexical_w005
74431,45,minibatch_k64,text_pca256_lexical_w005
74432,38,minibatch_k64,text_pca256_lexical_w005
74433,0,minibatch_k64,text_pca256_lexical_w005
74434,58,minibatch_k64,text_pca256_lexical_w005
74435,23,minibatch_k64,text_pca256_lexical_w005
74436,55,minibatch_k64,text_pca256_lexical_w005
74437,2,minibatch_k64,text_pca256_lexical_w005
74438,22,minibatch_k64,text_pca256_lexical_w005
74439,23,minibatch_k64,text_pca256_lexical_w005
74440,23,minibatch_k64,text_pca256_lexical_w005
74441,21,minibatch_k64,text_pca256_lexical_w005
74442,2,minibatch_k64,text_pca256_lexical_w005
74443,8,minibatch_k64,text_pca256_lexical_w005
74444,59,minibatch_k64,text_pca256_lexical_w005
74445,42,minibatch_k64,text_pca256_lexical_w005
74446,8,minibatch_k64,text_pca256_lexical_w005
74447,0,minibatch_k64,text_pca256_lexical_w005
74448,8,minibatch_k64,text_pca256_lexical_w005
74449,15,minibatch_k64,text_pca256_lexical_w005
74450,5,minibatch_k64,text_pca256_lexical_w005
74451,62,minibatch_k64,text_pca256_lexical_w005
74452,25,minibatch_k64,text_pca256_lexical_w005
74453,15,minibatch_k64,text_pca256_lexical_w005
74454,15,minibatch_k64,text_pca256_lexical_w005
74455,45,minibatch_k64,text_pca256_lexical_w005
74456,38,minibatch_k64,text_pca256_lexical_w005
74457,58,minibatch_k64,text_pca256_lexical_w005
74458,23,minibatch_k64,text_pca256_lexical_w005
74459,55,minibatch_k64,text_pca256_lexical_w005
74460,22,minibatch_k64,text_pca256_lexical_w005
74461,23,minibatch_k64,text_pca256_lexical_w005
74462,0,minibatch_k64,text_pca256_lexical_w005
74463,0,minibatch_k64,text_pca256_lexical_w005
74464,0,minibatch_k64,text_pca256_lexical_w005
74465,62,minibatch_k64,text_pca256_lexical_w005
74466,62,minibatch_k64,text_pca256_lexical_w005
74467,23,minibatch_k64,text_pca256_lexical_w005
74468,42,minibatch_k64,text_pca256_lexical_w005
74469,0,minibatch_k64,text_pca256_lexical_w005
74470,62,minibatch_k64,text_pca256_lexical_w005
74471,56,minibatch_k64,text_pca256_lexical_w005
74472,42,minibatch_k64,text_pca256_lexical_w005
74473,8,minibatch_k64,text_pca256_lexical_w005
74474,2,minibatch_k64,text_pca256_lexical_w005
74475,25,minibatch_k64,text_pca256_lexical_w005
74476,0,minibatch_k64,text_pca256_lexical_w005
74477,0,minibatch_k64,text_pca256_lexical_w005
74478,59,minibatch_k64,text_pca256_lexical_w005
74479,59,minibatch_k64,text_pca256_lexical_w005
74480,0,minibatch_k64,text_pca256_lexical_w005
74481,45,minibatch_k64,text_pca256_lexical_w005
74482,38,minibatch_k64,text_pca256_lexical_w005
74483,58,minibatch_k64,text_pca256_lexical_w005
74484,45,minibatch_k64,text_pca256_lexical_w005
74485,55,minibatch_k64,text_pca256_lexical_w005
74486,13,minibatch_k64,text_pca256_lexical_w005
74487,10,minibatch_k64,text_pca256_lexical_w005
74488,33,minibatch_k64,text_pca256_lexical_w005
74489,0,minibatch_k64,text_pca256_lexical_w005
74490,62,minibatch_k64,text_pca256_lexical_w005
74491,47,minibatch_k64,text_pca256_lexical_w005
74492,47,minibatch_k64,text_pca256_lexical_w005
74493,10,minibatch_k64,text_pca256_lexical_w005
74494,62,minibatch_k64,text_pca256_lexical_w005
74495,53,minibatch_k64,text_pca256_lexical_w005
74496,62,minibatch_k64,text_pca256_lexical_w005
74497,2,minibatch_k64,text_pca256_lexical_w005
74498,10,minibatch_k64,text_pca256_lexical_w005
74499,62,minibatch_k64,text_pca256_lexical_w005
74500,47,minibatch_k64,text_pca256_lexical_w005
74501,8,minibatch_k64,text_pca256_lexical_w005
74502,8,minibatch_k64,text_pca256_lexical_w005
74503,10,minibatch_k64,text_pca256_lexical_w005
74504,0,minibatch_k64,text_pca256_lexical_w005
74505,25,minibatch_k64,text_pca256_lexical_w005
74506,8,minibatch_k64,text_pca256_lexical_w005
74507,0,minibatch_k64,text_pca256_lexical_w005
74508,62,minibatch_k64,text_pca256_lexical_w005
74509,45,minibatch_k64,text_pca256_lexical_w005
74510,58,minibatch_k64,text_pca256_lexical_w005
74511,2,minibatch_k64,text_pca256_lexical_w005
74512,47,minibatch_k64,text_pca256_lexical_w005
74513,38,minibatch_k64,text_pca256_lexical_w005
74514,23,minibatch_k64,text_pca256_lexical_w005
74515,55,minibatch_k64,text_pca256_lexical_w005
74516,22,minibatch_k64,text_pca256_lexical_w005
74517,45,minibatch_k64,text_pca256_lexical_w005
74518,2,minibatch_k64,text_pca256_lexical_w005
74519,4,minibatch_k64,text_pca256_lexical_w005
74520,53,minibatch_k64,text_pca256_lexical_w005
74521,0,minibatch_k64,text_pca256_lexical_w005
74522,21,minibatch_k64,text_pca256_lexical_w005
74523,21,minibatch_k64,text_pca256_lexical_w005
74524,10,minibatch_k64,text_pca256_lexical_w005
74525,62,minibatch_k64,text_pca256_lexical_w005
74526,0,minibatch_k64,text_pca256_lexical_w005
74527,59,minibatch_k64,text_pca256_lexical_w005
74528,42,minibatch_k64,text_pca256_lexical_w005
74529,10,minibatch_k64,text_pca256_lexical_w005
74530,25,minibatch_k64,text_pca256_lexical_w005
74531,2,minibatch_k64,text_pca256_lexical_w005
74532,2,minibatch_k64,text_pca256_lexical_w005
74533,58,minibatch_k64,text_pca256_lexical_w005
74534,45,minibatch_k64,text_pca256_lexical_w005
74535,38,minibatch_k64,text_pca256_lexical_w005
74536,45,minibatch_k64,text_pca256_lexical_w005
74537,62,minibatch_k64,text_pca256_lexical_w005
74538,45,minibatch_k64,text_pca256_lexical_w005
74539,55,minibatch_k64,text_pca256_lexical_w005
74540,22,minibatch_k64,text_pca256_lexical_w005
74541,0,minibatch_k64,text_pca256_lexical_w005
74542,62,minibatch_k64,text_pca256_lexical_w005
74543,15,minibatch_k64,text_pca256_lexical_w005
74544,0,minibatch_k64,text_pca256_lexical_w005
74545,8,minibatch_k64,text_pca256_lexical_w005
74546,62,minibatch_k64,text_pca256_lexical_w005
74547,15,minibatch_k64,text_pca256_lexical_w005
74548,18,minibatch_k64,text_pca256_lexical_w005
74549,18,minibatch_k64,text_pca256_lexical_w005
74550,0,minibatch_k64,text_pca256_lexical_w005
74551,8,minibatch_k64,text_pca256_lexical_w005
74552,10,minibatch_k64,text_pca256_lexical_w005
74553,10,minibatch_k64,text_pca256_lexical_w005
74554,12,minibatch_k64,text_pca256_lexical_w005
74555,40,minibatch_k64,text_pca256_lexical_w005
74556,0,minibatch_k64,text_pca256_lexical_w005
74557,45,minibatch_k64,text_pca256_lexical_w005
74558,42,minibatch_k64,text_pca256_lexical_w005
74559,62,minibatch_k64,text_pca256_lexical_w005
74560,59,minibatch_k64,text_pca256_lexical_w005
74561,59,minibatch_k64,text_pca256_lexical_w005
74562,0,minibatch_k64,text_pca256_lexical_w005
74563,33,minibatch_k64,text_pca256_lexical_w005
74564,8,minibatch_k64,text_pca256_lexical_w005
74565,25,minibatch_k64,text_pca256_lexical_w005
74566,23,minibatch_k64,text_pca256_lexical_w005
74567,2,minibatch_k64,text_pca256_lexical_w005
74568,58,minibatch_k64,text_pca256_lexical_w005
74569,38,minibatch_k64,text_pca256_lexical_w005
74570,40,minibatch_k64,text_pca256_lexical_w005
74571,59,minibatch_k64,text_pca256_lexical_w005
74572,55,minibatch_k64,text_pca256_lexical_w005
74573,22,minibatch_k64,text_pca256_lexical_w005
74574,4,minibatch_k64,text_pca256_lexical_w005
74575,4,minibatch_k64,text_pca256_lexical_w005
74576,62,minibatch_k64,text_pca256_lexical_w005
74577,2,minibatch_k64,text_pca256_lexical_w005
74578,2,minibatch_k64,text_pca256_lexical_w005
74579,50,minibatch_k64,text_pca256_lexical_w005
74580,0,minibatch_k64,text_pca256_lexical_w005
74581,5,minibatch_k64,text_pca256_lexical_w005
74582,50,minibatch_k64,text_pca256_lexical_w005
74583,23,minibatch_k64,text_pca256_lexical_w005
74584,15,minibatch_k64,text_pca256_lexical_w005
74585,21,minibatch_k64,text_pca256_lexical_w005
74586,0,minibatch_k64,text_pca256_lexical_w005
74587,8,minibatch_k64,text_pca256_lexical_w005
74588,25,minibatch_k64,text_pca256_lexical_w005
74589,2,minibatch_k64,text_pca256_lexical_w005
74590,45,minibatch_k64,text_pca256_lexical_w005
74591,18,minibatch_k64,text_pca256_lexical_w005
74592,38,minibatch_k64,text_pca256_lexical_w005
74593,40,minibatch_k64,text_pca256_lexical_w005
74594,58,minibatch_k64,text_pca256_lexical_w005
74595,0,minibatch_k64,text_pca256_lexical_w005
74596,55,minibatch_k64,text_pca256_lexical_w005
74597,13,minibatch_k64,text_pca256_lexical_w005
74598,45,minibatch_k64,text_pca256_lexical_w005
74599,8,minibatch_k64,text_pca256_lexical_w005
74600,5,minibatch_k64,text_pca256_lexical_w005
74601,8,minibatch_k64,text_pca256_lexical_w005
74602,56,minibatch_k64,text_pca256_lexical_w005
74603,59,minibatch_k64,text_pca256_lexical_w005
74604,0,minibatch_k64,text_pca256_lexical_w005
74605,2,minibatch_k64,text_pca256_lexical_w005
74606,25,minibatch_k64,text_pca256_lexical_w005
74607,0,minibatch_k64,text_pca256_lexical_w005
74608,0,minibatch_k64,text_pca256_lexical_w005
74609,0,minibatch_k64,text_pca256_lexical_w005
74610,45,minibatch_k64,text_pca256_lexical_w005
74611,45,minibatch_k64,text_pca256_lexical_w005
74612,45,minibatch_k64,text_pca256_lexical_w005
74613,45,minibatch_k64,text_pca256_lexical_w005
74614,0,minibatch_k64,text_pca256_lexical_w005
74615,4,minibatch_k64,text_pca256_lexical_w005
74616,4,minibatch_k64,text_pca256_lexical_w005
74617,4,minibatch_k64,text_pca256_lexical_w005
74618,23,minibatch_k64,text_pca256_lexical_w005
74619,23,minibatch_k64,text_pca256_lexical_w005
74620,62,minibatch_k64,text_pca256_lexical_w005
74621,62,minibatch_k64,text_pca256_lexical_w005
74622,33,minibatch_k64,text_pca256_lexical_w005
74623,2,minibatch_k64,text_pca256_lexical_w005
74624,0,minibatch_k64,text_pca256_lexical_w005
74625,2,minibatch_k64,text_pca256_lexical_w005
74626,23,minibatch_k64,text_pca256_lexical_w005
74627,10,minibatch_k64,text_pca256_lexical_w005
74628,10,minibatch_k64,text_pca256_lexical_w005
74629,0,minibatch_k64,text_pca256_lexical_w005
74630,2,minibatch_k64,text_pca256_lexical_w005
74631,62,minibatch_k64,text_pca256_lexical_w005
74632,45,minibatch_k64,text_pca256_lexical_w005
74633,2,minibatch_k64,text_pca256_lexical_w005
74634,15,minibatch_k64,text_pca256_lexical_w005
74635,47,minibatch_k64,text_pca256_lexical_w005
74636,8,minibatch_k64,text_pca256_lexical_w005
74637,25,minibatch_k64,text_pca256_lexical_w005
74638,8,minibatch_k64,text_pca256_lexical_w005
74639,0,minibatch_k64,text_pca256_lexical_w005
74640,0,minibatch_k64,text_pca256_lexical_w005
74641,15,minibatch_k64,text_pca256_lexical_w005
74642,2,minibatch_k64,text_pca256_lexical_w005
74643,15,minibatch_k64,text_pca256_lexical_w005
74644,38,minibatch_k64,text_pca256_lexical_w005
74645,40,minibatch_k64,text_pca256_lexical_w005
74646,0,minibatch_k64,text_pca256_lexical_w005
74647,55,minibatch_k64,text_pca256_lexical_w005
74648,58,minibatch_k64,text_pca256_lexical_w005
74649,63,minibatch_k64,text_pca256_lexical_w005
74650,5,minibatch_k64,text_pca256_lexical_w005
74651,33,minibatch_k64,text_pca256_lexical_w005
74652,2,minibatch_k64,text_pca256_lexical_w005
74653,23,minibatch_k64,text_pca256_lexical_w005
74654,2,minibatch_k64,text_pca256_lexical_w005
74655,33,minibatch_k64,text_pca256_lexical_w005
74656,10,minibatch_k64,text_pca256_lexical_w005
74657,2,minibatch_k64,text_pca256_lexical_w005
74658,10,minibatch_k64,text_pca256_lexical_w005
74659,0,minibatch_k64,text_pca256_lexical_w005
74660,62,minibatch_k64,text_pca256_lexical_w005
74661,23,minibatch_k64,text_pca256_lexical_w005
74662,62,minibatch_k64,text_pca256_lexical_w005
74663,62,minibatch_k64,text_pca256_lexical_w005
74664,8,minibatch_k64,text_pca256_lexical_w005
74665,15,minibatch_k64,text_pca256_lexical_w005
74666,0,minibatch_k64,text_pca256_lexical_w005
74667,50,minibatch_k64,text_pca256_lexical_w005
74668,2,minibatch_k64,text_pca256_lexical_w005
74669,33,minibatch_k64,text_pca256_lexical_w005
74670,0,minibatch_k64,text_pca256_lexical_w005
74671,2,minibatch_k64,text_pca256_lexical_w005
74672,62,minibatch_k64,text_pca256_lexical_w005
74673,2,minibatch_k64,text_pca256_lexical_w005
74674,8,minibatch_k64,text_pca256_lexical_w005
74675,50,minibatch_k64,text_pca256_lexical_w005
74676,10,minibatch_k64,text_pca256_lexical_w005
74677,0,minibatch_k64,text_pca256_lexical_w005
74678,25,minibatch_k64,text_pca256_lexical_w005
74679,0,minibatch_k64,text_pca256_lexical_w005
74680,8,minibatch_k64,text_pca256_lexical_w005
74681,8,minibatch_k64,text_pca256_lexical_w005
74682,38,minibatch_k64,text_pca256_lexical_w005
74683,55,minibatch_k64,text_pca256_lexical_w005
74684,58,minibatch_k64,text_pca256_lexical_w005
74685,63,minibatch_k64,text_pca256_lexical_w005
74686,2,minibatch_k64,text_pca256_lexical_w005
74687,21,minibatch_k64,text_pca256_lexical_w005
74688,2,minibatch_k64,text_pca256_lexical_w005
74689,33,minibatch_k64,text_pca256_lexical_w005
74690,2,minibatch_k64,text_pca256_lexical_w005
74691,0,minibatch_k64,text_pca256_lexical_w005
74692,50,minibatch_k64,text_pca256_lexical_w005
74693,23,minibatch_k64,text_pca256_lexical_w005
74694,10,minibatch_k64,text_pca256_lexical_w005
74695,8,minibatch_k64,text_pca256_lexical_w005
74696,25,minibatch_k64,text_pca256_lexical_w005
74697,8,minibatch_k64,text_pca256_lexical_w005
74698,8,minibatch_k64,text_pca256_lexical_w005
74699,62,minibatch_k64,text_pca256_lexical_w005
74700,0,minibatch_k64,text_pca256_lexical_w005
74701,0,minibatch_k64,text_pca256_lexical_w005
74702,38,minibatch_k64,text_pca256_lexical_w005
74703,59,minibatch_k64,text_pca256_lexical_w005
74704,58,minibatch_k64,text_pca256_lexical_w005
74705,55,minibatch_k64,text_pca256_lexical_w005
74706,22,minibatch_k64,text_pca256_lexical_w005
74707,42,minibatch_k64,text_pca256_lexical_w005
74708,33,minibatch_k64,text_pca256_lexical_w005
74709,0,minibatch_k64,text_pca256_lexical_w005
74710,62,minibatch_k64,text_pca256_lexical_w005
74711,2,minibatch_k64,text_pca256_lexical_w005
74712,8,minibatch_k64,text_pca256_lexical_w005
74713,25,minibatch_k64,text_pca256_lexical_w005
74714,0,minibatch_k64,text_pca256_lexical_w005
74715,38,minibatch_k64,text_pca256_lexical_w005
74716,0,minibatch_k64,text_pca256_lexical_w005
74717,8,minibatch_k64,text_pca256_lexical_w005
74718,62,minibatch_k64,text_pca256_lexical_w005
74719,62,minibatch_k64,text_pca256_lexical_w005
74720,42,minibatch_k64,text_pca256_lexical_w005
74721,0,minibatch_k64,text_pca256_lexical_w005
74722,62,minibatch_k64,text_pca256_lexical_w005
74723,62,minibatch_k64,text_pca256_lexical_w005
74724,25,minibatch_k64,text_pca256_lexical_w005
74725,59,minibatch_k64,text_pca256_lexical_w005
74726,38,minibatch_k64,text_pca256_lexical_w005
74727,2,minibatch_k64,text_pca256_lexical_w005
74728,59,minibatch_k64,text_pca256_lexical_w005
74729,55,minibatch_k64,text_pca256_lexical_w005
74730,22,minibatch_k64,text_pca256_lexical_w005
74731,50,minibatch_k64,text_pca256_lexical_w005
74732,50,minibatch_k64,text_pca256_lexical_w005
74733,21,minibatch_k64,text_pca256_lexical_w005
74734,33,minibatch_k64,text_pca256_lexical_w005
74735,0,minibatch_k64,text_pca256_lexical_w005
74736,22,minibatch_k64,text_pca256_lexical_w005
74737,62,minibatch_k64,text_pca256_lexical_w005
74738,0,minibatch_k64,text_pca256_lexical_w005
74739,2,minibatch_k64,text_pca256_lexical_w005
74740,39,minibatch_k64,text_pca256_lexical_w005
74741,0,minibatch_k64,text_pca256_lexical_w005
74742,0,minibatch_k64,text_pca256_lexical_w005
74743,62,minibatch_k64,text_pca256_lexical_w005
74744,62,minibatch_k64,text_pca256_lexical_w005
74745,0,minibatch_k64,text_pca256_lexical_w005
74746,12,minibatch_k64,text_pca256_lexical_w005
74747,2,minibatch_k64,text_pca256_lexical_w005
74748,2,minibatch_k64,text_pca256_lexical_w005
74749,2,minibatch_k64,text_pca256_lexical_w005
74750,21,minibatch_k64,text_pca256_lexical_w005
74751,21,minibatch_k64,text_pca256_lexical_w005
74752,23,minibatch_k64,text_pca256_lexical_w005
74753,0,minibatch_k64,text_pca256_lexical_w005
74754,15,minibatch_k64,text_pca256_lexical_w005
74755,0,minibatch_k64,text_pca256_lexical_w005
74756,45,minibatch_k64,text_pca256_lexical_w005
74757,38,minibatch_k64,text_pca256_lexical_w005
74758,16,minibatch_k64,text_pca256_lexical_w005
74759,59,minibatch_k64,text_pca256_lexical_w005
74760,55,minibatch_k64,text_pca256_lexical_w005
74761,2,minibatch_k64,text_pca256_lexical_w005
74762,22,minibatch_k64,text_pca256_lexical_w005
74763,59,minibatch_k64,text_pca256_lexical_w005
74764,59,minibatch_k64,text_pca256_lexical_w005
74765,2,minibatch_k64,text_pca256_lexical_w005
74766,10,minibatch_k64,text_pca256_lexical_w005
74767,2,minibatch_k64,text_pca256_lexical_w005
74768,62,minibatch_k64,text_pca256_lexical_w005
74769,2,minibatch_k64,text_pca256_lexical_w005
74770,10,minibatch_k64,text_pca256_lexical_w005
74771,59,minibatch_k64,text_pca256_lexical_w005
74772,2,minibatch_k64,text_pca256_lexical_w005
74773,8,minibatch_k64,text_pca256_lexical_w005
74774,45,minibatch_k64,text_pca256_lexical_w005
74775,42,minibatch_k64,text_pca256_lexical_w005
74776,50,minibatch_k64,text_pca256_lexical_w005
74777,0,minibatch_k64,text_pca256_lexical_w005
74778,45,minibatch_k64,text_pca256_lexical_w005
74779,59,minibatch_k64,text_pca256_lexical_w005
74780,62,minibatch_k64,text_pca256_lexical_w005
74781,2,minibatch_k64,text_pca256_lexical_w005
74782,0,minibatch_k64,text_pca256_lexical_w005
74783,15,minibatch_k64,text_pca256_lexical_w005
74784,2,minibatch_k64,text_pca256_lexical_w005
74785,2,minibatch_k64,text_pca256_lexical_w005
74786,0,minibatch_k64,text_pca256_lexical_w005
74787,2,minibatch_k64,text_pca256_lexical_w005
74788,45,minibatch_k64,text_pca256_lexical_w005
74789,25,minibatch_k64,text_pca256_lexical_w005
74790,39,minibatch_k64,text_pca256_lexical_w005
74791,2,minibatch_k64,text_pca256_lexical_w005
74792,45,minibatch_k64,text_pca256_lexical_w005
74793,62,minibatch_k64,text_pca256_lexical_w005
74794,38,minibatch_k64,text_pca256_lexical_w005
74795,36,minibatch_k64,text_pca256_lexical_w005
74796,59,minibatch_k64,text_pca256_lexical_w005
74797,55,minibatch_k64,text_pca256_lexical_w005
74798,22,minibatch_k64,text_pca256_lexical_w005
74799,10,minibatch_k64,text_pca256_lexical_w005
74800,21,minibatch_k64,text_pca256_lexical_w005
74801,62,minibatch_k64,text_pca256_lexical_w005
74802,33,minibatch_k64,text_pca256_lexical_w005
74803,0,minibatch_k64,text_pca256_lexical_w005
74804,45,minibatch_k64,text_pca256_lexical_w005
74805,0,minibatch_k64,text_pca256_lexical_w005
74806,8,minibatch_k64,text_pca256_lexical_w005
74807,21,minibatch_k64,text_pca256_lexical_w005
74808,33,minibatch_k64,text_pca256_lexical_w005
74809,25,minibatch_k64,text_pca256_lexical_w005
74810,45,minibatch_k64,text_pca256_lexical_w005
74811,15,minibatch_k64,text_pca256_lexical_w005
74812,38,minibatch_k64,text_pca256_lexical_w005
74813,59,minibatch_k64,text_pca256_lexical_w005
74814,55,minibatch_k64,text_pca256_lexical_w005
74815,63,minibatch_k64,text_pca256_lexical_w005
74816,62,minibatch_k64,text_pca256_lexical_w005
74817,10,minibatch_k64,text_pca256_lexical_w005
74818,62,minibatch_k64,text_pca256_lexical_w005
74819,0,minibatch_k64,text_pca256_lexical_w005
74820,23,minibatch_k64,text_pca256_lexical_w005
74821,39,minibatch_k64,text_pca256_lexical_w005
74822,62,minibatch_k64,text_pca256_lexical_w005
74823,45,minibatch_k64,text_pca256_lexical_w005
74824,0,minibatch_k64,text_pca256_lexical_w005
74825,2,minibatch_k64,text_pca256_lexical_w005
74826,62,minibatch_k64,text_pca256_lexical_w005
74827,0,minibatch_k64,text_pca256_lexical_w005
74828,62,minibatch_k64,text_pca256_lexical_w005
74829,2,minibatch_k64,text_pca256_lexical_w005
74830,4,minibatch_k64,text_pca256_lexical_w005
74831,15,minibatch_k64,text_pca256_lexical_w005
74832,45,minibatch_k64,text_pca256_lexical_w005
74833,0,minibatch_k64,text_pca256_lexical_w005
74834,15,minibatch_k64,text_pca256_lexical_w005
74835,2,minibatch_k64,text_pca256_lexical_w005
74836,62,minibatch_k64,text_pca256_lexical_w005
74837,45,minibatch_k64,text_pca256_lexical_w005
74838,10,minibatch_k64,text_pca256_lexical_w005
74839,45,minibatch_k64,text_pca256_lexical_w005
74840,0,minibatch_k64,text_pca256_lexical_w005
74841,59,minibatch_k64,text_pca256_lexical_w005
74842,45,minibatch_k64,text_pca256_lexical_w005
74843,62,minibatch_k64,text_pca256_lexical_w005
74844,62,minibatch_k64,text_pca256_lexical_w005
74845,59,minibatch_k64,text_pca256_lexical_w005
74846,0,minibatch_k64,text_pca256_lexical_w005
74847,62,minibatch_k64,text_pca256_lexical_w005
74848,45,minibatch_k64,text_pca256_lexical_w005
74849,59,minibatch_k64,text_pca256_lexical_w005
74850,59,minibatch_k64,text_pca256_lexical_w005
74851,8,minibatch_k64,text_pca256_lexical_w005
74852,62,minibatch_k64,text_pca256_lexical_w005
74853,21,minibatch_k64,text_pca256_lexical_w005
74854,45,minibatch_k64,text_pca256_lexical_w005
74855,59,minibatch_k64,text_pca256_lexical_w005
74856,59,minibatch_k64,text_pca256_lexical_w005
74857,23,minibatch_k64,text_pca256_lexical_w005
74858,33,minibatch_k64,text_pca256_lexical_w005
74859,62,minibatch_k64,text_pca256_lexical_w005
74860,45,minibatch_k64,text_pca256_lexical_w005
74861,2,minibatch_k64,text_pca256_lexical_w005
74862,59,minibatch_k64,text_pca256_lexical_w005
74863,62,minibatch_k64,text_pca256_lexical_w005
74864,23,minibatch_k64,text_pca256_lexical_w005
74865,45,minibatch_k64,text_pca256_lexical_w005
74866,48,minibatch_k64,text_pca256_lexical_w005
74867,45,minibatch_k64,text_pca256_lexical_w005
74868,10,minibatch_k64,text_pca256_lexical_w005
74869,59,minibatch_k64,text_pca256_lexical_w005
74870,62,minibatch_k64,text_pca256_lexical_w005
74871,62,minibatch_k64,text_pca256_lexical_w005
74872,62,minibatch_k64,text_pca256_lexical_w005
74873,39,minibatch_k64,text_pca256_lexical_w005
74874,45,minibatch_k64,text_pca256_lexical_w005
74875,59,minibatch_k64,text_pca256_lexical_w005
74876,0,minibatch_k64,text_pca256_lexical_w005
74877,41,minibatch_k64,text_pca256_lexical_w005
74878,41,minibatch_k64,text_pca256_lexical_w005
74879,41,minibatch_k64,text_pca256_lexical_w005
74880,62,minibatch_k64,text_pca256_lexical_w005
74881,41,minibatch_k64,text_pca256_lexical_w005
74882,41,minibatch_k64,text_pca256_lexical_w005
74883,45,minibatch_k64,text_pca256_lexical_w005
74884,41,minibatch_k64,text_pca256_lexical_w005
74885,0,minibatch_k64,text_pca256_lexical_w005
74886,23,minibatch_k64,text_pca256_lexical_w005
74887,0,minibatch_k64,text_pca256_lexical_w005
74888,0,minibatch_k64,text_pca256_lexical_w005
74889,62,minibatch_k64,text_pca256_lexical_w005
74890,8,minibatch_k64,text_pca256_lexical_w005
74891,0,minibatch_k64,text_pca256_lexical_w005
74892,33,minibatch_k64,text_pca256_lexical_w005
74893,45,minibatch_k64,text_pca256_lexical_w005
74894,45,minibatch_k64,text_pca256_lexical_w005
74895,6,minibatch_k64,text_pca256_lexical_w005
74896,53,minibatch_k64,text_pca256_lexical_w005
74897,59,minibatch_k64,text_pca256_lexical_w005
74898,23,minibatch_k64,text_pca256_lexical_w005
74899,53,minibatch_k64,text_pca256_lexical_w005
74900,59,minibatch_k64,text_pca256_lexical_w005
74901,8,minibatch_k64,text_pca256_lexical_w005
74902,62,minibatch_k64,text_pca256_lexical_w005
74903,45,minibatch_k64,text_pca256_lexical_w005
74904,6,minibatch_k64,text_pca256_lexical_w005
74905,8,minibatch_k64,text_pca256_lexical_w005
74906,45,minibatch_k64,text_pca256_lexical_w005
74907,62,minibatch_k64,text_pca256_lexical_w005
74908,45,minibatch_k64,text_pca256_lexical_w005
74909,59,minibatch_k64,text_pca256_lexical_w005
74910,42,minibatch_k64,text_pca256_lexical_w005
74911,59,minibatch_k64,text_pca256_lexical_w005
74912,0,minibatch_k64,text_pca256_lexical_w005
74913,59,minibatch_k64,text_pca256_lexical_w005
74914,45,minibatch_k64,text_pca256_lexical_w005
74915,10,minibatch_k64,text_pca256_lexical_w005
74916,6,minibatch_k64,text_pca256_lexical_w005
74917,59,minibatch_k64,text_pca256_lexical_w005
74918,62,minibatch_k64,text_pca256_lexical_w005
74919,59,minibatch_k64,text_pca256_lexical_w005
74920,59,minibatch_k64,text_pca256_lexical_w005
74921,45,minibatch_k64,text_pca256_lexical_w005
74922,45,minibatch_k64,text_pca256_lexical_w005
74923,2,minibatch_k64,text_pca256_lexical_w005
74924,62,minibatch_k64,text_pca256_lexical_w005
74925,2,minibatch_k64,text_pca256_lexical_w005
74926,48,minibatch_k64,text_pca256_lexical_w005
74927,8,minibatch_k64,text_pca256_lexical_w005
74928,59,minibatch_k64,text_pca256_lexical_w005
74929,45,minibatch_k64,text_pca256_lexical_w005
74930,8,minibatch_k64,text_pca256_lexical_w005
74931,23,minibatch_k64,text_pca256_lexical_w005
74932,8,minibatch_k64,text_pca256_lexical_w005
74933,62,minibatch_k64,text_pca256_lexical_w005
74934,33,minibatch_k64,text_pca256_lexical_w005
74935,8,minibatch_k64,text_pca256_lexical_w005
74936,25,minibatch_k64,text_pca256_lexical_w005
74937,56,minibatch_k64,text_pca256_lexical_w005
74938,56,minibatch_k64,text_pca256_lexical_w005
74939,5,minibatch_k64,text_pca256_lexical_w005
74940,56,minibatch_k64,text_pca256_lexical_w005
74941,8,minibatch_k64,text_pca256_lexical_w005
74942,52,minibatch_k64,text_pca256_lexical_w005
74943,0,minibatch_k64,text_pca256_lexical_w005
74944,25,minibatch_k64,text_pca256_lexical_w005
74945,25,minibatch_k64,text_pca256_lexical_w005
74946,56,minibatch_k64,text_pca256_lexical_w005
74947,56,minibatch_k64,text_pca256_lexical_w005
74948,56,minibatch_k64,text_pca256_lexical_w005
74949,52,minibatch_k64,text_pca256_lexical_w005
74950,55,minibatch_k64,text_pca256_lexical_w005
74951,52,minibatch_k64,text_pca256_lexical_w005
74952,25,minibatch_k64,text_pca256_lexical_w005
74953,42,minibatch_k64,text_pca256_lexical_w005
74954,55,minibatch_k64,text_pca256_lexical_w005
74955,25,minibatch_k64,text_pca256_lexical_w005
74956,8,minibatch_k64,text_pca256_lexical_w005
74957,0,minibatch_k64,text_pca256_lexical_w005
74958,25,minibatch_k64,text_pca256_lexical_w005
74959,21,minibatch_k64,text_pca256_lexical_w005
74960,59,minibatch_k64,text_pca256_lexical_w005
74961,0,minibatch_k64,text_pca256_lexical_w005
74962,25,minibatch_k64,text_pca256_lexical_w005
74963,0,minibatch_k64,text_pca256_lexical_w005
74964,56,minibatch_k64,text_pca256_lexical_w005
74965,45,minibatch_k64,text_pca256_lexical_w005
74966,0,minibatch_k64,text_pca256_lexical_w005
74967,25,minibatch_k64,text_pca256_lexical_w005
74968,25,minibatch_k64,text_pca256_lexical_w005
74969,56,minibatch_k64,text_pca256_lexical_w005
74970,62,minibatch_k64,text_pca256_lexical_w005
74971,0,minibatch_k64,text_pca256_lexical_w005
74972,25,minibatch_k64,text_pca256_lexical_w005
74973,0,minibatch_k64,text_pca256_lexical_w005
74974,25,minibatch_k64,text_pca256_lexical_w005
74975,8,minibatch_k64,text_pca256_lexical_w005
74976,8,minibatch_k64,text_pca256_lexical_w005
74977,8,minibatch_k64,text_pca256_lexical_w005
74978,8,minibatch_k64,text_pca256_lexical_w005
74979,23,minibatch_k64,text_pca256_lexical_w005
74980,56,minibatch_k64,text_pca256_lexical_w005
74981,56,minibatch_k64,text_pca256_lexical_w005
74982,0,minibatch_k64,text_pca256_lexical_w005
74983,21,minibatch_k64,text_pca256_lexical_w005
74984,25,minibatch_k64,text_pca256_lexical_w005
74985,56,minibatch_k64,text_pca256_lexical_w005
74986,0,minibatch_k64,text_pca256_lexical_w005
74987,25,minibatch_k64,text_pca256_lexical_w005
74988,21,minibatch_k64,text_pca256_lexical_w005
74989,0,minibatch_k64,text_pca256_lexical_w005
74990,25,minibatch_k64,text_pca256_lexical_w005
74991,0,minibatch_k64,text_pca256_lexical_w005
74992,25,minibatch_k64,text_pca256_lexical_w005
74993,55,minibatch_k64,text_pca256_lexical_w005
74994,25,minibatch_k64,text_pca256_lexical_w005
74995,62,minibatch_k64,text_pca256_lexical_w005
74996,55,minibatch_k64,text_pca256_lexical_w005
74997,25,minibatch_k64,text_pca256_lexical_w005
74998,38,minibatch_k64,text_pca256_lexical_w005
74999,10,minibatch_k64,text_pca256_lexical_w005
75000,25,minibatch_k64,text_pca256_lexical_w005
75001,0,minibatch_k64,text_pca256_lexical_w005
75002,38,minibatch_k64,text_pca256_lexical_w005
75003,0,minibatch_k64,text_pca256_lexical_w005
75004,15,minibatch_k64,text_pca256_lexical_w005
75005,25,minibatch_k64,text_pca256_lexical_w005
75006,16,minibatch_k64,text_pca256_lexical_w005
75007,39,minibatch_k64,text_pca256_lexical_w005
75008,10,minibatch_k64,text_pca256_lexical_w005
75009,8,minibatch_k64,text_pca256_lexical_w005
75010,56,minibatch_k64,text_pca256_lexical_w005
75011,10,minibatch_k64,text_pca256_lexical_w005
75012,59,minibatch_k64,text_pca256_lexical_w005
75013,6,minibatch_k64,text_pca256_lexical_w005
75014,33,minibatch_k64,text_pca256_lexical_w005
75015,6,minibatch_k64,text_pca256_lexical_w005
75016,21,minibatch_k64,text_pca256_lexical_w005
75017,6,minibatch_k64,text_pca256_lexical_w005
75018,21,minibatch_k64,text_pca256_lexical_w005
75019,6,minibatch_k64,text_pca256_lexical_w005
75020,0,minibatch_k64,text_pca256_lexical_w005
75021,0,minibatch_k64,text_pca256_lexical_w005
75022,6,minibatch_k64,text_pca256_lexical_w005
75023,34,minibatch_k64,text_pca256_lexical_w005
75024,34,minibatch_k64,text_pca256_lexical_w005
75025,34,minibatch_k64,text_pca256_lexical_w005
75026,34,minibatch_k64,text_pca256_lexical_w005
75027,7,minibatch_k64,text_pca256_lexical_w005
75028,34,minibatch_k64,text_pca256_lexical_w005
75029,7,minibatch_k64,text_pca256_lexical_w005
75030,34,minibatch_k64,text_pca256_lexical_w005
75031,7,minibatch_k64,text_pca256_lexical_w005
75032,34,minibatch_k64,text_pca256_lexical_w005
75033,34,minibatch_k64,text_pca256_lexical_w005
75034,42,minibatch_k64,text_pca256_lexical_w005
75035,15,minibatch_k64,text_pca256_lexical_w005
75036,20,minibatch_k64,text_pca256_lexical_w005
75037,33,minibatch_k64,text_pca256_lexical_w005
75038,33,minibatch_k64,text_pca256_lexical_w005
75039,23,minibatch_k64,text_pca256_lexical_w005
75040,38,minibatch_k64,text_pca256_lexical_w005
75041,0,minibatch_k64,text_pca256_lexical_w005
75042,23,minibatch_k64,text_pca256_lexical_w005
75043,23,minibatch_k64,text_pca256_lexical_w005
75044,23,minibatch_k64,text_pca256_lexical_w005
75045,38,minibatch_k64,text_pca256_lexical_w005
75046,55,minibatch_k64,text_pca256_lexical_w005
75047,21,minibatch_k64,text_pca256_lexical_w005
75048,32,minibatch_k64,text_pca256_lexical_w005
75049,10,minibatch_k64,text_pca256_lexical_w005
75050,38,minibatch_k64,text_pca256_lexical_w005
75051,32,minibatch_k64,text_pca256_lexical_w005
75052,0,minibatch_k64,text_pca256_lexical_w005
75053,23,minibatch_k64,text_pca256_lexical_w005
75054,10,minibatch_k64,text_pca256_lexical_w005
75055,55,minibatch_k64,text_pca256_lexical_w005
75056,10,minibatch_k64,text_pca256_lexical_w005
75057,32,minibatch_k64,text_pca256_lexical_w005
75058,33,minibatch_k64,text_pca256_lexical_w005
75059,33,minibatch_k64,text_pca256_lexical_w005
75060,23,minibatch_k64,text_pca256_lexical_w005
75061,10,minibatch_k64,text_pca256_lexical_w005
75062,62,minibatch_k64,text_pca256_lexical_w005
75063,62,minibatch_k64,text_pca256_lexical_w005
75064,10,minibatch_k64,text_pca256_lexical_w005
75065,2,minibatch_k64,text_pca256_lexical_w005
75066,2,minibatch_k64,text_pca256_lexical_w005
75067,10,minibatch_k64,text_pca256_lexical_w005
75068,8,minibatch_k64,text_pca256_lexical_w005
75069,21,minibatch_k64,text_pca256_lexical_w005
75070,39,minibatch_k64,text_pca256_lexical_w005
75071,15,minibatch_k64,text_pca256_lexical_w005
75072,15,minibatch_k64,text_pca256_lexical_w005
75073,0,minibatch_k64,text_pca256_lexical_w005
75074,23,minibatch_k64,text_pca256_lexical_w005
75075,23,minibatch_k64,text_pca256_lexical_w005
75076,0,minibatch_k64,text_pca256_lexical_w005
75077,10,minibatch_k64,text_pca256_lexical_w005
75078,23,minibatch_k64,text_pca256_lexical_w005
75079,23,minibatch_k64,text_pca256_lexical_w005
75080,15,minibatch_k64,text_pca256_lexical_w005
75081,23,minibatch_k64,text_pca256_lexical_w005
75082,23,minibatch_k64,text_pca256_lexical_w005
75083,6,minibatch_k64,text_pca256_lexical_w005
75084,39,minibatch_k64,text_pca256_lexical_w005
75085,0,minibatch_k64,text_pca256_lexical_w005
75086,8,minibatch_k64,text_pca256_lexical_w005
75087,62,minibatch_k64,text_pca256_lexical_w005
75088,62,minibatch_k64,text_pca256_lexical_w005
75089,56,minibatch_k64,text_pca256_lexical_w005
75090,0,minibatch_k64,text_pca256_lexical_w005
75091,59,minibatch_k64,text_pca256_lexical_w005
75092,2,minibatch_k64,text_pca256_lexical_w005
75093,15,minibatch_k64,text_pca256_lexical_w005
75094,10,minibatch_k64,text_pca256_lexical_w005
75095,6,minibatch_k64,text_pca256_lexical_w005
75096,23,minibatch_k64,text_pca256_lexical_w005
75097,23,minibatch_k64,text_pca256_lexical_w005
75098,7,minibatch_k64,text_pca256_lexical_w005
75099,34,minibatch_k64,text_pca256_lexical_w005
75100,34,minibatch_k64,text_pca256_lexical_w005
75101,34,minibatch_k64,text_pca256_lexical_w005
75102,34,minibatch_k64,text_pca256_lexical_w005
75103,0,minibatch_k64,text_pca256_lexical_w005
75104,15,minibatch_k64,text_pca256_lexical_w005
75105,62,minibatch_k64,text_pca256_lexical_w005
75106,15,minibatch_k64,text_pca256_lexical_w005
75107,6,minibatch_k64,text_pca256_lexical_w005
75108,39,minibatch_k64,text_pca256_lexical_w005
75109,23,minibatch_k64,text_pca256_lexical_w005
75110,23,minibatch_k64,text_pca256_lexical_w005
75111,23,minibatch_k64,text_pca256_lexical_w005
75112,62,minibatch_k64,text_pca256_lexical_w005
75113,10,minibatch_k64,text_pca256_lexical_w005
75114,15,minibatch_k64,text_pca256_lexical_w005
75115,6,minibatch_k64,text_pca256_lexical_w005
75116,10,minibatch_k64,text_pca256_lexical_w005
75117,62,minibatch_k64,text_pca256_lexical_w005
75118,23,minibatch_k64,text_pca256_lexical_w005
75119,48,minibatch_k64,text_pca256_lexical_w005
75120,23,minibatch_k64,text_pca256_lexical_w005
75121,8,minibatch_k64,text_pca256_lexical_w005
75122,23,minibatch_k64,text_pca256_lexical_w005
75123,34,minibatch_k64,text_pca256_lexical_w005
75124,15,minibatch_k64,text_pca256_lexical_w005
75125,39,minibatch_k64,text_pca256_lexical_w005
75126,23,minibatch_k64,text_pca256_lexical_w005
75127,21,minibatch_k64,text_pca256_lexical_w005
75128,23,minibatch_k64,text_pca256_lexical_w005
75129,0,minibatch_k64,text_pca256_lexical_w005
75130,23,minibatch_k64,text_pca256_lexical_w005
75131,18,minibatch_k64,text_pca256_lexical_w005
75132,8,minibatch_k64,text_pca256_lexical_w005
75133,5,minibatch_k64,text_pca256_lexical_w005
75134,23,minibatch_k64,text_pca256_lexical_w005
75135,5,minibatch_k64,text_pca256_lexical_w005
75136,5,minibatch_k64,text_pca256_lexical_w005
75137,5,minibatch_k64,text_pca256_lexical_w005
75138,5,minibatch_k64,text_pca256_lexical_w005
75139,5,minibatch_k64,text_pca256_lexical_w005
75140,5,minibatch_k64,text_pca256_lexical_w005
75141,5,minibatch_k64,text_pca256_lexical_w005
75142,5,minibatch_k64,text_pca256_lexical_w005
75143,33,minibatch_k64,text_pca256_lexical_w005
75144,42,minibatch_k64,text_pca256_lexical_w005
75145,5,minibatch_k64,text_pca256_lexical_w005
75146,62,minibatch_k64,text_pca256_lexical_w005
75147,10,minibatch_k64,text_pca256_lexical_w005
75148,46,minibatch_k64,text_pca256_lexical_w005
75149,5,minibatch_k64,text_pca256_lexical_w005
75150,5,minibatch_k64,text_pca256_lexical_w005
75151,5,minibatch_k64,text_pca256_lexical_w005
75152,62,minibatch_k64,text_pca256_lexical_w005
75153,45,minibatch_k64,text_pca256_lexical_w005
75154,8,minibatch_k64,text_pca256_lexical_w005
75155,4,minibatch_k64,text_pca256_lexical_w005
75156,45,minibatch_k64,text_pca256_lexical_w005
75157,4,minibatch_k64,text_pca256_lexical_w005
75158,5,minibatch_k64,text_pca256_lexical_w005
75159,4,minibatch_k64,text_pca256_lexical_w005
75160,62,minibatch_k64,text_pca256_lexical_w005
75161,4,minibatch_k64,text_pca256_lexical_w005
75162,15,minibatch_k64,text_pca256_lexical_w005
75163,26,minibatch_k64,text_pca256_lexical_w005
75164,4,minibatch_k64,text_pca256_lexical_w005
75165,10,minibatch_k64,text_pca256_lexical_w005
75166,62,minibatch_k64,text_pca256_lexical_w005
75167,62,minibatch_k64,text_pca256_lexical_w005
75168,4,minibatch_k64,text_pca256_lexical_w005
75169,4,minibatch_k64,text_pca256_lexical_w005
75170,0,minibatch_k64,text_pca256_lexical_w005
75171,4,minibatch_k64,text_pca256_lexical_w005
75172,0,minibatch_k64,text_pca256_lexical_w005
75173,62,minibatch_k64,text_pca256_lexical_w005
75174,4,minibatch_k64,text_pca256_lexical_w005
75175,4,minibatch_k64,text_pca256_lexical_w005
75176,4,minibatch_k64,text_pca256_lexical_w005
75177,23,minibatch_k64,text_pca256_lexical_w005
75178,62,minibatch_k64,text_pca256_lexical_w005
75179,26,minibatch_k64,text_pca256_lexical_w005
75180,4,minibatch_k64,text_pca256_lexical_w005
75181,23,minibatch_k64,text_pca256_lexical_w005
75182,23,minibatch_k64,text_pca256_lexical_w005
75183,8,minibatch_k64,text_pca256_lexical_w005
75184,0,minibatch_k64,text_pca256_lexical_w005
75185,4,minibatch_k64,text_pca256_lexical_w005
75186,62,minibatch_k64,text_pca256_lexical_w005
75187,5,minibatch_k64,text_pca256_lexical_w005
75188,62,minibatch_k64,text_pca256_lexical_w005
75189,62,minibatch_k64,text_pca256_lexical_w005
75190,33,minibatch_k64,text_pca256_lexical_w005
75191,10,minibatch_k64,text_pca256_lexical_w005
75192,62,minibatch_k64,text_pca256_lexical_w005
75193,42,minibatch_k64,text_pca256_lexical_w005
75194,62,minibatch_k64,text_pca256_lexical_w005
75195,33,minibatch_k64,text_pca256_lexical_w005
75196,23,minibatch_k64,text_pca256_lexical_w005
75197,62,minibatch_k64,text_pca256_lexical_w005
75198,0,minibatch_k64,text_pca256_lexical_w005
75199,62,minibatch_k64,text_pca256_lexical_w005
75200,10,minibatch_k64,text_pca256_lexical_w005
75201,39,minibatch_k64,text_pca256_lexical_w005
75202,0,minibatch_k64,text_pca256_lexical_w005
75203,8,minibatch_k64,text_pca256_lexical_w005
75204,0,minibatch_k64,text_pca256_lexical_w005
75205,5,minibatch_k64,text_pca256_lexical_w005
75206,5,minibatch_k64,text_pca256_lexical_w005
75207,46,minibatch_k64,text_pca256_lexical_w005
75208,5,minibatch_k64,text_pca256_lexical_w005
75209,5,minibatch_k64,text_pca256_lexical_w005
75210,5,minibatch_k64,text_pca256_lexical_w005
75211,45,minibatch_k64,text_pca256_lexical_w005
75212,23,minibatch_k64,text_pca256_lexical_w005
75213,23,minibatch_k64,text_pca256_lexical_w005
75214,23,minibatch_k64,text_pca256_lexical_w005
75215,5,minibatch_k64,text_pca256_lexical_w005
75216,5,minibatch_k64,text_pca256_lexical_w005
75217,5,minibatch_k64,text_pca256_lexical_w005
75218,5,minibatch_k64,text_pca256_lexical_w005
75219,29,minibatch_k64,text_pca256_lexical_w005
75220,21,minibatch_k64,text_pca256_lexical_w005
75221,10,minibatch_k64,text_pca256_lexical_w005
75222,62,minibatch_k64,text_pca256_lexical_w005
75223,29,minibatch_k64,text_pca256_lexical_w005
75224,23,minibatch_k64,text_pca256_lexical_w005
75225,23,minibatch_k64,text_pca256_lexical_w005
75226,59,minibatch_k64,text_pca256_lexical_w005
75227,10,minibatch_k64,text_pca256_lexical_w005
75228,4,minibatch_k64,text_pca256_lexical_w005
75229,0,minibatch_k64,text_pca256_lexical_w005
75230,23,minibatch_k64,text_pca256_lexical_w005
75231,39,minibatch_k64,text_pca256_lexical_w005
75232,0,minibatch_k64,text_pca256_lexical_w005
75233,47,minibatch_k64,text_pca256_lexical_w005
75234,4,minibatch_k64,text_pca256_lexical_w005
75235,62,minibatch_k64,text_pca256_lexical_w005
75236,23,minibatch_k64,text_pca256_lexical_w005
75237,29,minibatch_k64,text_pca256_lexical_w005
75238,18,minibatch_k64,text_pca256_lexical_w005
75239,29,minibatch_k64,text_pca256_lexical_w005
75240,47,minibatch_k64,text_pca256_lexical_w005
75241,5,minibatch_k64,text_pca256_lexical_w005
75242,59,minibatch_k64,text_pca256_lexical_w005
75243,8,minibatch_k64,text_pca256_lexical_w005
75244,0,minibatch_k64,text_pca256_lexical_w005
75245,23,minibatch_k64,text_pca256_lexical_w005
75246,47,minibatch_k64,text_pca256_lexical_w005
75247,23,minibatch_k64,text_pca256_lexical_w005
75248,15,minibatch_k64,text_pca256_lexical_w005
75249,23,minibatch_k64,text_pca256_lexical_w005
75250,0,minibatch_k64,text_pca256_lexical_w005
75251,0,minibatch_k64,text_pca256_lexical_w005
75252,10,minibatch_k64,text_pca256_lexical_w005
75253,62,minibatch_k64,text_pca256_lexical_w005
75254,4,minibatch_k64,text_pca256_lexical_w005
75255,62,minibatch_k64,text_pca256_lexical_w005
75256,23,minibatch_k64,text_pca256_lexical_w005
75257,0,minibatch_k64,text_pca256_lexical_w005
75258,62,minibatch_k64,text_pca256_lexical_w005
75259,62,minibatch_k64,text_pca256_lexical_w005
75260,62,minibatch_k64,text_pca256_lexical_w005
75261,0,minibatch_k64,text_pca256_lexical_w005
75262,2,minibatch_k64,text_pca256_lexical_w005
75263,2,minibatch_k64,text_pca256_lexical_w005
75264,0,minibatch_k64,text_pca256_lexical_w005
75265,8,minibatch_k64,text_pca256_lexical_w005
75266,62,minibatch_k64,text_pca256_lexical_w005
75267,59,minibatch_k64,text_pca256_lexical_w005
75268,23,minibatch_k64,text_pca256_lexical_w005
75269,62,minibatch_k64,text_pca256_lexical_w005
75270,29,minibatch_k64,text_pca256_lexical_w005
75271,62,minibatch_k64,text_pca256_lexical_w005
75272,33,minibatch_k64,text_pca256_lexical_w005
75273,21,minibatch_k64,text_pca256_lexical_w005
75274,8,minibatch_k64,text_pca256_lexical_w005
75275,5,minibatch_k64,text_pca256_lexical_w005
75276,33,minibatch_k64,text_pca256_lexical_w005
75277,10,minibatch_k64,text_pca256_lexical_w005
75278,0,minibatch_k64,text_pca256_lexical_w005
75279,62,minibatch_k64,text_pca256_lexical_w005
75280,56,minibatch_k64,text_pca256_lexical_w005
75281,15,minibatch_k64,text_pca256_lexical_w005
75282,0,minibatch_k64,text_pca256_lexical_w005
75283,42,minibatch_k64,text_pca256_lexical_w005
75284,23,minibatch_k64,text_pca256_lexical_w005
75285,39,minibatch_k64,text_pca256_lexical_w005
75286,62,minibatch_k64,text_pca256_lexical_w005
75287,62,minibatch_k64,text_pca256_lexical_w005
75288,23,minibatch_k64,text_pca256_lexical_w005
75289,23,minibatch_k64,text_pca256_lexical_w005
75290,8,minibatch_k64,text_pca256_lexical_w005
75291,23,minibatch_k64,text_pca256_lexical_w005
75292,23,minibatch_k64,text_pca256_lexical_w005
75293,10,minibatch_k64,text_pca256_lexical_w005
75294,59,minibatch_k64,text_pca256_lexical_w005
75295,62,minibatch_k64,text_pca256_lexical_w005
75296,62,minibatch_k64,text_pca256_lexical_w005
75297,5,minibatch_k64,text_pca256_lexical_w005
75298,0,minibatch_k64,text_pca256_lexical_w005
75299,5,minibatch_k64,text_pca256_lexical_w005
75300,59,minibatch_k64,text_pca256_lexical_w005
75301,10,minibatch_k64,text_pca256_lexical_w005
75302,62,minibatch_k64,text_pca256_lexical_w005
75303,5,minibatch_k64,text_pca256_lexical_w005
75304,46,minibatch_k64,text_pca256_lexical_w005
75305,5,minibatch_k64,text_pca256_lexical_w005
75306,0,minibatch_k64,text_pca256_lexical_w005
75307,62,minibatch_k64,text_pca256_lexical_w005
75308,21,minibatch_k64,text_pca256_lexical_w005
75309,23,minibatch_k64,text_pca256_lexical_w005
75310,59,minibatch_k64,text_pca256_lexical_w005
75311,45,minibatch_k64,text_pca256_lexical_w005
75312,59,minibatch_k64,text_pca256_lexical_w005
75313,59,minibatch_k64,text_pca256_lexical_w005
75314,59,minibatch_k64,text_pca256_lexical_w005
75315,59,minibatch_k64,text_pca256_lexical_w005
75316,62,minibatch_k64,text_pca256_lexical_w005
75317,62,minibatch_k64,text_pca256_lexical_w005
75318,39,minibatch_k64,text_pca256_lexical_w005
75319,8,minibatch_k64,text_pca256_lexical_w005
75320,62,minibatch_k64,text_pca256_lexical_w005
75321,62,minibatch_k64,text_pca256_lexical_w005
75322,23,minibatch_k64,text_pca256_lexical_w005
75323,62,minibatch_k64,text_pca256_lexical_w005
75324,15,minibatch_k64,text_pca256_lexical_w005
75325,62,minibatch_k64,text_pca256_lexical_w005
75326,15,minibatch_k64,text_pca256_lexical_w005
75327,15,minibatch_k64,text_pca256_lexical_w005
75328,5,minibatch_k64,text_pca256_lexical_w005
75329,0,minibatch_k64,text_pca256_lexical_w005
75330,59,minibatch_k64,text_pca256_lexical_w005
75331,48,minibatch_k64,text_pca256_lexical_w005
75332,38,minibatch_k64,text_pca256_lexical_w005
75333,0,minibatch_k64,text_pca256_lexical_w005
75334,0,minibatch_k64,text_pca256_lexical_w005
75335,23,minibatch_k64,text_pca256_lexical_w005
75336,45,minibatch_k64,text_pca256_lexical_w005
75337,55,minibatch_k64,text_pca256_lexical_w005
75338,15,minibatch_k64,text_pca256_lexical_w005
75339,22,minibatch_k64,text_pca256_lexical_w005
75340,5,minibatch_k64,text_pca256_lexical_w005
75341,4,minibatch_k64,text_pca256_lexical_w005
75342,4,minibatch_k64,text_pca256_lexical_w005
75343,23,minibatch_k64,text_pca256_lexical_w005
75344,23,minibatch_k64,text_pca256_lexical_w005
75345,23,minibatch_k64,text_pca256_lexical_w005
75346,23,minibatch_k64,text_pca256_lexical_w005
75347,5,minibatch_k64,text_pca256_lexical_w005
75348,62,minibatch_k64,text_pca256_lexical_w005
75349,4,minibatch_k64,text_pca256_lexical_w005
75350,33,minibatch_k64,text_pca256_lexical_w005
75351,5,minibatch_k64,text_pca256_lexical_w005
75352,61,minibatch_k64,text_pca256_lexical_w005
75353,0,minibatch_k64,text_pca256_lexical_w005
75354,4,minibatch_k64,text_pca256_lexical_w005
75355,0,minibatch_k64,text_pca256_lexical_w005
75356,5,minibatch_k64,text_pca256_lexical_w005
75357,5,minibatch_k64,text_pca256_lexical_w005
75358,10,minibatch_k64,text_pca256_lexical_w005
75359,5,minibatch_k64,text_pca256_lexical_w005
75360,15,minibatch_k64,text_pca256_lexical_w005
75361,33,minibatch_k64,text_pca256_lexical_w005
75362,15,minibatch_k64,text_pca256_lexical_w005
75363,2,minibatch_k64,text_pca256_lexical_w005
75364,62,minibatch_k64,text_pca256_lexical_w005
75365,10,minibatch_k64,text_pca256_lexical_w005
75366,62,minibatch_k64,text_pca256_lexical_w005
75367,33,minibatch_k64,text_pca256_lexical_w005
75368,62,minibatch_k64,text_pca256_lexical_w005
75369,33,minibatch_k64,text_pca256_lexical_w005
75370,42,minibatch_k64,text_pca256_lexical_w005
75371,0,minibatch_k64,text_pca256_lexical_w005
75372,23,minibatch_k64,text_pca256_lexical_w005
75373,62,minibatch_k64,text_pca256_lexical_w005
75374,62,minibatch_k64,text_pca256_lexical_w005
75375,0,minibatch_k64,text_pca256_lexical_w005
75376,59,minibatch_k64,text_pca256_lexical_w005
75377,15,minibatch_k64,text_pca256_lexical_w005
75378,62,minibatch_k64,text_pca256_lexical_w005
75379,42,minibatch_k64,text_pca256_lexical_w005
75380,62,minibatch_k64,text_pca256_lexical_w005
75381,23,minibatch_k64,text_pca256_lexical_w005
75382,0,minibatch_k64,text_pca256_lexical_w005
75383,2,minibatch_k64,text_pca256_lexical_w005
75384,45,minibatch_k64,text_pca256_lexical_w005
75385,23,minibatch_k64,text_pca256_lexical_w005
75386,0,minibatch_k64,text_pca256_lexical_w005
75387,23,minibatch_k64,text_pca256_lexical_w005
75388,15,minibatch_k64,text_pca256_lexical_w005
75389,15,minibatch_k64,text_pca256_lexical_w005
75390,62,minibatch_k64,text_pca256_lexical_w005
75391,8,minibatch_k64,text_pca256_lexical_w005
75392,23,minibatch_k64,text_pca256_lexical_w005
75393,8,minibatch_k64,text_pca256_lexical_w005
75394,33,minibatch_k64,text_pca256_lexical_w005
75395,15,minibatch_k64,text_pca256_lexical_w005
75396,15,minibatch_k64,text_pca256_lexical_w005
75397,62,minibatch_k64,text_pca256_lexical_w005
75398,59,minibatch_k64,text_pca256_lexical_w005
75399,33,minibatch_k64,text_pca256_lexical_w005
75400,8,minibatch_k64,text_pca256_lexical_w005
75401,10,minibatch_k64,text_pca256_lexical_w005
75402,10,minibatch_k64,text_pca256_lexical_w005
75403,62,minibatch_k64,text_pca256_lexical_w005
75404,62,minibatch_k64,text_pca256_lexical_w005
75405,15,minibatch_k64,text_pca256_lexical_w005
75406,59,minibatch_k64,text_pca256_lexical_w005
75407,0,minibatch_k64,text_pca256_lexical_w005
75408,18,minibatch_k64,text_pca256_lexical_w005
75409,23,minibatch_k64,text_pca256_lexical_w005
75410,2,minibatch_k64,text_pca256_lexical_w005
75411,23,minibatch_k64,text_pca256_lexical_w005
75412,23,minibatch_k64,text_pca256_lexical_w005
75413,33,minibatch_k64,text_pca256_lexical_w005
75414,0,minibatch_k64,text_pca256_lexical_w005
75415,15,minibatch_k64,text_pca256_lexical_w005
75416,15,minibatch_k64,text_pca256_lexical_w005
75417,62,minibatch_k64,text_pca256_lexical_w005
75418,45,minibatch_k64,text_pca256_lexical_w005
75419,45,minibatch_k64,text_pca256_lexical_w005
75420,33,minibatch_k64,text_pca256_lexical_w005
75421,62,minibatch_k64,text_pca256_lexical_w005
75422,62,minibatch_k64,text_pca256_lexical_w005
75423,45,minibatch_k64,text_pca256_lexical_w005
75424,8,minibatch_k64,text_pca256_lexical_w005
75425,23,minibatch_k64,text_pca256_lexical_w005
75426,5,minibatch_k64,text_pca256_lexical_w005
75427,45,minibatch_k64,text_pca256_lexical_w005
75428,38,minibatch_k64,text_pca256_lexical_w005
75429,58,minibatch_k64,text_pca256_lexical_w005
75430,23,minibatch_k64,text_pca256_lexical_w005
75431,45,minibatch_k64,text_pca256_lexical_w005
75432,55,minibatch_k64,text_pca256_lexical_w005
75433,15,minibatch_k64,text_pca256_lexical_w005
75434,62,minibatch_k64,text_pca256_lexical_w005
75435,4,minibatch_k64,text_pca256_lexical_w005
75436,45,minibatch_k64,text_pca256_lexical_w005
75437,4,minibatch_k64,text_pca256_lexical_w005
75438,5,minibatch_k64,text_pca256_lexical_w005
75439,5,minibatch_k64,text_pca256_lexical_w005
75440,42,minibatch_k64,text_pca256_lexical_w005
75441,62,minibatch_k64,text_pca256_lexical_w005
75442,10,minibatch_k64,text_pca256_lexical_w005
75443,39,minibatch_k64,text_pca256_lexical_w005
75444,62,minibatch_k64,text_pca256_lexical_w005
75445,62,minibatch_k64,text_pca256_lexical_w005
75446,4,minibatch_k64,text_pca256_lexical_w005
75447,0,minibatch_k64,text_pca256_lexical_w005
75448,5,minibatch_k64,text_pca256_lexical_w005
75449,62,minibatch_k64,text_pca256_lexical_w005
75450,62,minibatch_k64,text_pca256_lexical_w005
75451,18,minibatch_k64,text_pca256_lexical_w005
75452,0,minibatch_k64,text_pca256_lexical_w005
75453,21,minibatch_k64,text_pca256_lexical_w005
75454,21,minibatch_k64,text_pca256_lexical_w005
75455,62,minibatch_k64,text_pca256_lexical_w005
75456,62,minibatch_k64,text_pca256_lexical_w005
75457,62,minibatch_k64,text_pca256_lexical_w005
75458,8,minibatch_k64,text_pca256_lexical_w005
75459,5,minibatch_k64,text_pca256_lexical_w005
75460,5,minibatch_k64,text_pca256_lexical_w005
75461,5,minibatch_k64,text_pca256_lexical_w005
75462,62,minibatch_k64,text_pca256_lexical_w005
75463,62,minibatch_k64,text_pca256_lexical_w005
75464,45,minibatch_k64,text_pca256_lexical_w005
75465,0,minibatch_k64,text_pca256_lexical_w005
75466,21,minibatch_k64,text_pca256_lexical_w005
75467,4,minibatch_k64,text_pca256_lexical_w005
75468,5,minibatch_k64,text_pca256_lexical_w005
75469,5,minibatch_k64,text_pca256_lexical_w005
75470,29,minibatch_k64,text_pca256_lexical_w005
75471,62,minibatch_k64,text_pca256_lexical_w005
75472,29,minibatch_k64,text_pca256_lexical_w005
75473,42,minibatch_k64,text_pca256_lexical_w005
75474,8,minibatch_k64,text_pca256_lexical_w005
75475,0,minibatch_k64,text_pca256_lexical_w005
75476,62,minibatch_k64,text_pca256_lexical_w005
75477,8,minibatch_k64,text_pca256_lexical_w005
75478,0,minibatch_k64,text_pca256_lexical_w005
75479,62,minibatch_k64,text_pca256_lexical_w005
75480,56,minibatch_k64,text_pca256_lexical_w005
75481,8,minibatch_k64,text_pca256_lexical_w005
75482,0,minibatch_k64,text_pca256_lexical_w005
75483,0,minibatch_k64,text_pca256_lexical_w005
75484,2,minibatch_k64,text_pca256_lexical_w005
75485,0,minibatch_k64,text_pca256_lexical_w005
75486,8,minibatch_k64,text_pca256_lexical_w005
75487,18,minibatch_k64,text_pca256_lexical_w005
75488,8,minibatch_k64,text_pca256_lexical_w005
75489,62,minibatch_k64,text_pca256_lexical_w005
75490,10,minibatch_k64,text_pca256_lexical_w005
75491,0,minibatch_k64,text_pca256_lexical_w005
75492,0,minibatch_k64,text_pca256_lexical_w005
75493,15,minibatch_k64,text_pca256_lexical_w005
75494,42,minibatch_k64,text_pca256_lexical_w005
75495,0,minibatch_k64,text_pca256_lexical_w005
75496,8,minibatch_k64,text_pca256_lexical_w005
75497,10,minibatch_k64,text_pca256_lexical_w005
75498,0,minibatch_k64,text_pca256_lexical_w005
75499,62,minibatch_k64,text_pca256_lexical_w005
75500,15,minibatch_k64,text_pca256_lexical_w005
75501,62,minibatch_k64,text_pca256_lexical_w005
75502,62,minibatch_k64,text_pca256_lexical_w005
75503,33,minibatch_k64,text_pca256_lexical_w005
75504,23,minibatch_k64,text_pca256_lexical_w005
75505,33,minibatch_k64,text_pca256_lexical_w005
75506,62,minibatch_k64,text_pca256_lexical_w005
75507,2,minibatch_k64,text_pca256_lexical_w005
75508,62,minibatch_k64,text_pca256_lexical_w005
75509,10,minibatch_k64,text_pca256_lexical_w005
75510,59,minibatch_k64,text_pca256_lexical_w005
75511,0,minibatch_k64,text_pca256_lexical_w005
75512,14,minibatch_k64,text_pca256_lexical_w005
75513,21,minibatch_k64,text_pca256_lexical_w005
75514,10,minibatch_k64,text_pca256_lexical_w005
75515,15,minibatch_k64,text_pca256_lexical_w005
75516,46,minibatch_k64,text_pca256_lexical_w005
75517,5,minibatch_k64,text_pca256_lexical_w005
75518,5,minibatch_k64,text_pca256_lexical_w005
75519,5,minibatch_k64,text_pca256_lexical_w005
75520,5,minibatch_k64,text_pca256_lexical_w005
75521,5,minibatch_k64,text_pca256_lexical_w005
75522,42,minibatch_k64,text_pca256_lexical_w005
75523,5,minibatch_k64,text_pca256_lexical_w005
75524,0,minibatch_k64,text_pca256_lexical_w005
75525,5,minibatch_k64,text_pca256_lexical_w005
75526,0,minibatch_k64,text_pca256_lexical_w005
75527,42,minibatch_k64,text_pca256_lexical_w005
75528,33,minibatch_k64,text_pca256_lexical_w005
75529,5,minibatch_k64,text_pca256_lexical_w005
75530,45,minibatch_k64,text_pca256_lexical_w005
75531,10,minibatch_k64,text_pca256_lexical_w005
75532,42,minibatch_k64,text_pca256_lexical_w005
75533,42,minibatch_k64,text_pca256_lexical_w005
75534,8,minibatch_k64,text_pca256_lexical_w005
75535,10,minibatch_k64,text_pca256_lexical_w005
75536,38,minibatch_k64,text_pca256_lexical_w005
75537,58,minibatch_k64,text_pca256_lexical_w005
75538,0,minibatch_k64,text_pca256_lexical_w005
75539,55,minibatch_k64,text_pca256_lexical_w005
75540,54,minibatch_k64,text_pca256_lexical_w005
75541,8,minibatch_k64,text_pca256_lexical_w005
75542,10,minibatch_k64,text_pca256_lexical_w005
75543,15,minibatch_k64,text_pca256_lexical_w005
75544,62,minibatch_k64,text_pca256_lexical_w005
75545,25,minibatch_k64,text_pca256_lexical_w005
75546,8,minibatch_k64,text_pca256_lexical_w005
75547,0,minibatch_k64,text_pca256_lexical_w005
75548,15,minibatch_k64,text_pca256_lexical_w005
75549,15,minibatch_k64,text_pca256_lexical_w005
75550,33,minibatch_k64,text_pca256_lexical_w005
75551,8,minibatch_k64,text_pca256_lexical_w005
75552,8,minibatch_k64,text_pca256_lexical_w005
75553,8,minibatch_k64,text_pca256_lexical_w005
75554,8,minibatch_k64,text_pca256_lexical_w005
75555,10,minibatch_k64,text_pca256_lexical_w005
75556,10,minibatch_k64,text_pca256_lexical_w005
75557,10,minibatch_k64,text_pca256_lexical_w005
75558,8,minibatch_k64,text_pca256_lexical_w005
75559,10,minibatch_k64,text_pca256_lexical_w005
75560,42,minibatch_k64,text_pca256_lexical_w005
75561,10,minibatch_k64,text_pca256_lexical_w005
75562,10,minibatch_k64,text_pca256_lexical_w005
75563,8,minibatch_k64,text_pca256_lexical_w005
75564,15,minibatch_k64,text_pca256_lexical_w005
75565,8,minibatch_k64,text_pca256_lexical_w005
75566,8,minibatch_k64,text_pca256_lexical_w005
75567,62,minibatch_k64,text_pca256_lexical_w005
75568,0,minibatch_k64,text_pca256_lexical_w005
75569,10,minibatch_k64,text_pca256_lexical_w005
75570,10,minibatch_k64,text_pca256_lexical_w005
75571,62,minibatch_k64,text_pca256_lexical_w005
75572,14,minibatch_k64,text_pca256_lexical_w005
75573,8,minibatch_k64,text_pca256_lexical_w005
75574,33,minibatch_k64,text_pca256_lexical_w005
75575,42,minibatch_k64,text_pca256_lexical_w005
75576,42,minibatch_k64,text_pca256_lexical_w005
75577,8,minibatch_k64,text_pca256_lexical_w005
75578,0,minibatch_k64,text_pca256_lexical_w005
75579,0,minibatch_k64,text_pca256_lexical_w005
75580,15,minibatch_k64,text_pca256_lexical_w005
75581,5,minibatch_k64,text_pca256_lexical_w005
75582,42,minibatch_k64,text_pca256_lexical_w005
75583,10,minibatch_k64,text_pca256_lexical_w005
75584,10,minibatch_k64,text_pca256_lexical_w005
75585,8,minibatch_k64,text_pca256_lexical_w005
75586,47,minibatch_k64,text_pca256_lexical_w005
75587,59,minibatch_k64,text_pca256_lexical_w005
75588,38,minibatch_k64,text_pca256_lexical_w005
75589,58,minibatch_k64,text_pca256_lexical_w005
75590,55,minibatch_k64,text_pca256_lexical_w005
75591,33,minibatch_k64,text_pca256_lexical_w005
75592,8,minibatch_k64,text_pca256_lexical_w005
75593,62,minibatch_k64,text_pca256_lexical_w005
75594,10,minibatch_k64,text_pca256_lexical_w005
75595,15,minibatch_k64,text_pca256_lexical_w005
75596,5,minibatch_k64,text_pca256_lexical_w005
75597,46,minibatch_k64,text_pca256_lexical_w005
75598,10,minibatch_k64,text_pca256_lexical_w005
75599,0,minibatch_k64,text_pca256_lexical_w005
75600,5,minibatch_k64,text_pca256_lexical_w005
75601,5,minibatch_k64,text_pca256_lexical_w005
75602,10,minibatch_k64,text_pca256_lexical_w005
75603,25,minibatch_k64,text_pca256_lexical_w005
75604,8,minibatch_k64,text_pca256_lexical_w005
75605,42,minibatch_k64,text_pca256_lexical_w005
75606,10,minibatch_k64,text_pca256_lexical_w005
75607,42,minibatch_k64,text_pca256_lexical_w005
75608,8,minibatch_k64,text_pca256_lexical_w005
75609,10,minibatch_k64,text_pca256_lexical_w005
75610,21,minibatch_k64,text_pca256_lexical_w005
75611,0,minibatch_k64,text_pca256_lexical_w005
75612,39,minibatch_k64,text_pca256_lexical_w005
75613,8,minibatch_k64,text_pca256_lexical_w005
75614,14,minibatch_k64,text_pca256_lexical_w005
75615,15,minibatch_k64,text_pca256_lexical_w005
75616,39,minibatch_k64,text_pca256_lexical_w005
75617,33,minibatch_k64,text_pca256_lexical_w005
75618,62,minibatch_k64,text_pca256_lexical_w005
75619,0,minibatch_k64,text_pca256_lexical_w005
75620,39,minibatch_k64,text_pca256_lexical_w005
75621,62,minibatch_k64,text_pca256_lexical_w005
75622,10,minibatch_k64,text_pca256_lexical_w005
75623,0,minibatch_k64,text_pca256_lexical_w005
75624,0,minibatch_k64,text_pca256_lexical_w005
75625,10,minibatch_k64,text_pca256_lexical_w005
75626,45,minibatch_k64,text_pca256_lexical_w005
75627,62,minibatch_k64,text_pca256_lexical_w005
75628,45,minibatch_k64,text_pca256_lexical_w005
75629,59,minibatch_k64,text_pca256_lexical_w005
75630,59,minibatch_k64,text_pca256_lexical_w005
75631,58,minibatch_k64,text_pca256_lexical_w005
75632,0,minibatch_k64,text_pca256_lexical_w005
75633,0,minibatch_k64,text_pca256_lexical_w005
75634,5,minibatch_k64,text_pca256_lexical_w005
75635,39,minibatch_k64,text_pca256_lexical_w005
75636,59,minibatch_k64,text_pca256_lexical_w005
75637,59,minibatch_k64,text_pca256_lexical_w005
75638,15,minibatch_k64,text_pca256_lexical_w005
75639,39,minibatch_k64,text_pca256_lexical_w005
75640,0,minibatch_k64,text_pca256_lexical_w005
75641,39,minibatch_k64,text_pca256_lexical_w005
75642,15,minibatch_k64,text_pca256_lexical_w005
75643,8,minibatch_k64,text_pca256_lexical_w005
75644,25,minibatch_k64,text_pca256_lexical_w005
75645,39,minibatch_k64,text_pca256_lexical_w005
75646,10,minibatch_k64,text_pca256_lexical_w005
75647,23,minibatch_k64,text_pca256_lexical_w005
75648,23,minibatch_k64,text_pca256_lexical_w005
75649,39,minibatch_k64,text_pca256_lexical_w005
75650,10,minibatch_k64,text_pca256_lexical_w005
75651,39,minibatch_k64,text_pca256_lexical_w005
75652,15,minibatch_k64,text_pca256_lexical_w005
75653,10,minibatch_k64,text_pca256_lexical_w005
75654,0,minibatch_k64,text_pca256_lexical_w005
75655,8,minibatch_k64,text_pca256_lexical_w005
75656,50,minibatch_k64,text_pca256_lexical_w005
75657,39,minibatch_k64,text_pca256_lexical_w005
75658,21,minibatch_k64,text_pca256_lexical_w005
75659,32,minibatch_k64,text_pca256_lexical_w005
75660,15,minibatch_k64,text_pca256_lexical_w005
75661,0,minibatch_k64,text_pca256_lexical_w005
75662,15,minibatch_k64,text_pca256_lexical_w005
75663,15,minibatch_k64,text_pca256_lexical_w005
75664,0,minibatch_k64,text_pca256_lexical_w005
75665,10,minibatch_k64,text_pca256_lexical_w005
75666,0,minibatch_k64,text_pca256_lexical_w005
75667,15,minibatch_k64,text_pca256_lexical_w005
75668,33,minibatch_k64,text_pca256_lexical_w005
75669,23,minibatch_k64,text_pca256_lexical_w005
75670,38,minibatch_k64,text_pca256_lexical_w005
75671,47,minibatch_k64,text_pca256_lexical_w005
75672,42,minibatch_k64,text_pca256_lexical_w005
75673,8,minibatch_k64,text_pca256_lexical_w005
75674,15,minibatch_k64,text_pca256_lexical_w005
75675,0,minibatch_k64,text_pca256_lexical_w005
75676,10,minibatch_k64,text_pca256_lexical_w005
75677,10,minibatch_k64,text_pca256_lexical_w005
75678,21,minibatch_k64,text_pca256_lexical_w005
75679,25,minibatch_k64,text_pca256_lexical_w005
75680,10,minibatch_k64,text_pca256_lexical_w005
75681,10,minibatch_k64,text_pca256_lexical_w005
75682,15,minibatch_k64,text_pca256_lexical_w005
75683,0,minibatch_k64,text_pca256_lexical_w005
75684,47,minibatch_k64,text_pca256_lexical_w005
75685,10,minibatch_k64,text_pca256_lexical_w005
75686,62,minibatch_k64,text_pca256_lexical_w005
75687,15,minibatch_k64,text_pca256_lexical_w005
75688,45,minibatch_k64,text_pca256_lexical_w005
75689,10,minibatch_k64,text_pca256_lexical_w005
75690,0,minibatch_k64,text_pca256_lexical_w005
75691,23,minibatch_k64,text_pca256_lexical_w005
75692,58,minibatch_k64,text_pca256_lexical_w005
75693,38,minibatch_k64,text_pca256_lexical_w005
75694,45,minibatch_k64,text_pca256_lexical_w005
75695,55,minibatch_k64,text_pca256_lexical_w005
75696,62,minibatch_k64,text_pca256_lexical_w005
75697,0,minibatch_k64,text_pca256_lexical_w005
75698,15,minibatch_k64,text_pca256_lexical_w005
75699,25,minibatch_k64,text_pca256_lexical_w005
75700,62,minibatch_k64,text_pca256_lexical_w005
75701,10,minibatch_k64,text_pca256_lexical_w005
75702,10,minibatch_k64,text_pca256_lexical_w005
75703,40,minibatch_k64,text_pca256_lexical_w005
75704,0,minibatch_k64,text_pca256_lexical_w005
75705,10,minibatch_k64,text_pca256_lexical_w005
75706,0,minibatch_k64,text_pca256_lexical_w005
75707,62,minibatch_k64,text_pca256_lexical_w005
75708,33,minibatch_k64,text_pca256_lexical_w005
75709,21,minibatch_k64,text_pca256_lexical_w005
75710,10,minibatch_k64,text_pca256_lexical_w005
75711,0,minibatch_k64,text_pca256_lexical_w005
75712,0,minibatch_k64,text_pca256_lexical_w005
75713,4,minibatch_k64,text_pca256_lexical_w005
75714,39,minibatch_k64,text_pca256_lexical_w005
75715,8,minibatch_k64,text_pca256_lexical_w005
75716,21,minibatch_k64,text_pca256_lexical_w005
75717,39,minibatch_k64,text_pca256_lexical_w005
75718,0,minibatch_k64,text_pca256_lexical_w005
75719,33,minibatch_k64,text_pca256_lexical_w005
75720,15,minibatch_k64,text_pca256_lexical_w005
75721,5,minibatch_k64,text_pca256_lexical_w005
75722,21,minibatch_k64,text_pca256_lexical_w005
75723,23,minibatch_k64,text_pca256_lexical_w005
75724,15,minibatch_k64,text_pca256_lexical_w005
75725,38,minibatch_k64,text_pca256_lexical_w005
75726,58,minibatch_k64,text_pca256_lexical_w005
75727,0,minibatch_k64,text_pca256_lexical_w005
75728,10,minibatch_k64,text_pca256_lexical_w005
75729,55,minibatch_k64,text_pca256_lexical_w005
75730,0,minibatch_k64,text_pca256_lexical_w005
75731,15,minibatch_k64,text_pca256_lexical_w005
75732,21,minibatch_k64,text_pca256_lexical_w005
75733,33,minibatch_k64,text_pca256_lexical_w005
75734,25,minibatch_k64,text_pca256_lexical_w005
75735,62,minibatch_k64,text_pca256_lexical_w005
75736,0,minibatch_k64,text_pca256_lexical_w005
75737,62,minibatch_k64,text_pca256_lexical_w005
75738,8,minibatch_k64,text_pca256_lexical_w005
75739,10,minibatch_k64,text_pca256_lexical_w005
75740,42,minibatch_k64,text_pca256_lexical_w005
75741,10,minibatch_k64,text_pca256_lexical_w005
75742,0,minibatch_k64,text_pca256_lexical_w005
75743,33,minibatch_k64,text_pca256_lexical_w005
75744,15,minibatch_k64,text_pca256_lexical_w005
75745,56,minibatch_k64,text_pca256_lexical_w005
75746,0,minibatch_k64,text_pca256_lexical_w005
75747,15,minibatch_k64,text_pca256_lexical_w005
75748,62,minibatch_k64,text_pca256_lexical_w005
75749,0,minibatch_k64,text_pca256_lexical_w005
75750,0,minibatch_k64,text_pca256_lexical_w005
75751,0,minibatch_k64,text_pca256_lexical_w005
75752,62,minibatch_k64,text_pca256_lexical_w005
75753,10,minibatch_k64,text_pca256_lexical_w005
75754,42,minibatch_k64,text_pca256_lexical_w005
75755,0,minibatch_k64,text_pca256_lexical_w005
75756,38,minibatch_k64,text_pca256_lexical_w005
75757,58,minibatch_k64,text_pca256_lexical_w005
75758,55,minibatch_k64,text_pca256_lexical_w005
75759,0,minibatch_k64,text_pca256_lexical_w005
75760,10,minibatch_k64,text_pca256_lexical_w005
75761,62,minibatch_k64,text_pca256_lexical_w005
75762,25,minibatch_k64,text_pca256_lexical_w005
75763,62,minibatch_k64,text_pca256_lexical_w005
75764,33,minibatch_k64,text_pca256_lexical_w005
75765,10,minibatch_k64,text_pca256_lexical_w005
75766,33,minibatch_k64,text_pca256_lexical_w005
75767,62,minibatch_k64,text_pca256_lexical_w005
75768,42,minibatch_k64,text_pca256_lexical_w005
75769,8,minibatch_k64,text_pca256_lexical_w005
75770,58,minibatch_k64,text_pca256_lexical_w005
75771,38,minibatch_k64,text_pca256_lexical_w005
75772,0,minibatch_k64,text_pca256_lexical_w005
75773,15,minibatch_k64,text_pca256_lexical_w005
75774,55,minibatch_k64,text_pca256_lexical_w005
75775,10,minibatch_k64,text_pca256_lexical_w005
75776,0,minibatch_k64,text_pca256_lexical_w005
75777,10,minibatch_k64,text_pca256_lexical_w005
75778,21,minibatch_k64,text_pca256_lexical_w005
75779,33,minibatch_k64,text_pca256_lexical_w005
75780,4,minibatch_k64,text_pca256_lexical_w005
75781,0,minibatch_k64,text_pca256_lexical_w005
75782,10,minibatch_k64,text_pca256_lexical_w005
75783,10,minibatch_k64,text_pca256_lexical_w005
75784,8,minibatch_k64,text_pca256_lexical_w005
75785,10,minibatch_k64,text_pca256_lexical_w005
75786,0,minibatch_k64,text_pca256_lexical_w005
75787,25,minibatch_k64,text_pca256_lexical_w005
75788,62,minibatch_k64,text_pca256_lexical_w005
75789,0,minibatch_k64,text_pca256_lexical_w005
75790,53,minibatch_k64,text_pca256_lexical_w005
75791,8,minibatch_k64,text_pca256_lexical_w005
75792,8,minibatch_k64,text_pca256_lexical_w005
75793,0,minibatch_k64,text_pca256_lexical_w005
75794,8,minibatch_k64,text_pca256_lexical_w005
75795,0,minibatch_k64,text_pca256_lexical_w005
75796,10,minibatch_k64,text_pca256_lexical_w005
75797,39,minibatch_k64,text_pca256_lexical_w005
75798,0,minibatch_k64,text_pca256_lexical_w005
75799,62,minibatch_k64,text_pca256_lexical_w005
75800,21,minibatch_k64,text_pca256_lexical_w005
75801,33,minibatch_k64,text_pca256_lexical_w005
75802,8,minibatch_k64,text_pca256_lexical_w005
75803,8,minibatch_k64,text_pca256_lexical_w005
75804,23,minibatch_k64,text_pca256_lexical_w005
75805,8,minibatch_k64,text_pca256_lexical_w005
75806,42,minibatch_k64,text_pca256_lexical_w005
75807,62,minibatch_k64,text_pca256_lexical_w005
75808,0,minibatch_k64,text_pca256_lexical_w005
75809,0,minibatch_k64,text_pca256_lexical_w005
75810,10,minibatch_k64,text_pca256_lexical_w005
75811,5,minibatch_k64,text_pca256_lexical_w005
75812,0,minibatch_k64,text_pca256_lexical_w005
75813,62,minibatch_k64,text_pca256_lexical_w005
75814,10,minibatch_k64,text_pca256_lexical_w005
75815,0,minibatch_k64,text_pca256_lexical_w005
75816,8,minibatch_k64,text_pca256_lexical_w005
75817,0,minibatch_k64,text_pca256_lexical_w005
75818,0,minibatch_k64,text_pca256_lexical_w005
75819,62,minibatch_k64,text_pca256_lexical_w005
75820,62,minibatch_k64,text_pca256_lexical_w005
75821,0,minibatch_k64,text_pca256_lexical_w005
75822,0,minibatch_k64,text_pca256_lexical_w005
75823,0,minibatch_k64,text_pca256_lexical_w005
75824,8,minibatch_k64,text_pca256_lexical_w005
75825,10,minibatch_k64,text_pca256_lexical_w005
75826,38,minibatch_k64,text_pca256_lexical_w005
75827,58,minibatch_k64,text_pca256_lexical_w005
75828,55,minibatch_k64,text_pca256_lexical_w005
75829,15,minibatch_k64,text_pca256_lexical_w005
75830,42,minibatch_k64,text_pca256_lexical_w005
75831,2,minibatch_k64,text_pca256_lexical_w005
75832,8,minibatch_k64,text_pca256_lexical_w005
75833,10,minibatch_k64,text_pca256_lexical_w005
75834,0,minibatch_k64,text_pca256_lexical_w005
75835,0,minibatch_k64,text_pca256_lexical_w005
75836,12,minibatch_k64,text_pca256_lexical_w005
75837,42,minibatch_k64,text_pca256_lexical_w005
75838,56,minibatch_k64,text_pca256_lexical_w005
75839,62,minibatch_k64,text_pca256_lexical_w005
75840,5,minibatch_k64,text_pca256_lexical_w005
75841,25,minibatch_k64,text_pca256_lexical_w005
75842,0,minibatch_k64,text_pca256_lexical_w005
75843,0,minibatch_k64,text_pca256_lexical_w005
75844,8,minibatch_k64,text_pca256_lexical_w005
75845,8,minibatch_k64,text_pca256_lexical_w005
75846,8,minibatch_k64,text_pca256_lexical_w005
75847,15,minibatch_k64,text_pca256_lexical_w005
75848,8,minibatch_k64,text_pca256_lexical_w005
75849,10,minibatch_k64,text_pca256_lexical_w005
75850,42,minibatch_k64,text_pca256_lexical_w005
75851,0,minibatch_k64,text_pca256_lexical_w005
75852,10,minibatch_k64,text_pca256_lexical_w005
75853,0,minibatch_k64,text_pca256_lexical_w005
75854,15,minibatch_k64,text_pca256_lexical_w005
75855,59,minibatch_k64,text_pca256_lexical_w005
75856,53,minibatch_k64,text_pca256_lexical_w005
75857,38,minibatch_k64,text_pca256_lexical_w005
75858,58,minibatch_k64,text_pca256_lexical_w005
75859,45,minibatch_k64,text_pca256_lexical_w005
75860,55,minibatch_k64,text_pca256_lexical_w005
75861,25,minibatch_k64,text_pca256_lexical_w005
75862,10,minibatch_k64,text_pca256_lexical_w005
75863,0,minibatch_k64,text_pca256_lexical_w005
75864,15,minibatch_k64,text_pca256_lexical_w005
75865,8,minibatch_k64,text_pca256_lexical_w005
75866,8,minibatch_k64,text_pca256_lexical_w005
75867,10,minibatch_k64,text_pca256_lexical_w005
75868,15,minibatch_k64,text_pca256_lexical_w005
75869,2,minibatch_k64,text_pca256_lexical_w005
75870,23,minibatch_k64,text_pca256_lexical_w005
75871,15,minibatch_k64,text_pca256_lexical_w005
75872,21,minibatch_k64,text_pca256_lexical_w005
75873,8,minibatch_k64,text_pca256_lexical_w005
75874,10,minibatch_k64,text_pca256_lexical_w005
75875,0,minibatch_k64,text_pca256_lexical_w005
75876,10,minibatch_k64,text_pca256_lexical_w005
75877,10,minibatch_k64,text_pca256_lexical_w005
75878,8,minibatch_k64,text_pca256_lexical_w005
75879,38,minibatch_k64,text_pca256_lexical_w005
75880,55,minibatch_k64,text_pca256_lexical_w005
75881,10,minibatch_k64,text_pca256_lexical_w005
75882,25,minibatch_k64,text_pca256_lexical_w005
75883,21,minibatch_k64,text_pca256_lexical_w005
75884,56,minibatch_k64,text_pca256_lexical_w005
75885,45,minibatch_k64,text_pca256_lexical_w005
75886,10,minibatch_k64,text_pca256_lexical_w005
75887,62,minibatch_k64,text_pca256_lexical_w005
75888,62,minibatch_k64,text_pca256_lexical_w005
75889,10,minibatch_k64,text_pca256_lexical_w005
75890,33,minibatch_k64,text_pca256_lexical_w005
75891,15,minibatch_k64,text_pca256_lexical_w005
75892,0,minibatch_k64,text_pca256_lexical_w005
75893,38,minibatch_k64,text_pca256_lexical_w005
75894,10,minibatch_k64,text_pca256_lexical_w005
75895,42,minibatch_k64,text_pca256_lexical_w005
75896,33,minibatch_k64,text_pca256_lexical_w005
75897,15,minibatch_k64,text_pca256_lexical_w005
75898,39,minibatch_k64,text_pca256_lexical_w005
75899,20,minibatch_k64,text_pca256_lexical_w005
75900,10,minibatch_k64,text_pca256_lexical_w005
75901,42,minibatch_k64,text_pca256_lexical_w005
75902,33,minibatch_k64,text_pca256_lexical_w005
75903,53,minibatch_k64,text_pca256_lexical_w005
75904,21,minibatch_k64,text_pca256_lexical_w005
75905,8,minibatch_k64,text_pca256_lexical_w005
75906,38,minibatch_k64,text_pca256_lexical_w005
75907,10,minibatch_k64,text_pca256_lexical_w005
75908,0,minibatch_k64,text_pca256_lexical_w005
75909,53,minibatch_k64,text_pca256_lexical_w005
75910,8,minibatch_k64,text_pca256_lexical_w005
75911,39,minibatch_k64,text_pca256_lexical_w005
75912,12,minibatch_k64,text_pca256_lexical_w005
75913,62,minibatch_k64,text_pca256_lexical_w005
75914,0,minibatch_k64,text_pca256_lexical_w005
75915,0,minibatch_k64,text_pca256_lexical_w005
75916,10,minibatch_k64,text_pca256_lexical_w005
75917,25,minibatch_k64,text_pca256_lexical_w005
75918,0,minibatch_k64,text_pca256_lexical_w005
75919,10,minibatch_k64,text_pca256_lexical_w005
75920,62,minibatch_k64,text_pca256_lexical_w005
75921,62,minibatch_k64,text_pca256_lexical_w005
75922,33,minibatch_k64,text_pca256_lexical_w005
75923,8,minibatch_k64,text_pca256_lexical_w005
75924,0,minibatch_k64,text_pca256_lexical_w005
75925,10,minibatch_k64,text_pca256_lexical_w005
75926,25,minibatch_k64,text_pca256_lexical_w005
75927,0,minibatch_k64,text_pca256_lexical_w005
75928,33,minibatch_k64,text_pca256_lexical_w005
75929,62,minibatch_k64,text_pca256_lexical_w005
75930,0,minibatch_k64,text_pca256_lexical_w005
75931,55,minibatch_k64,text_pca256_lexical_w005
75932,62,minibatch_k64,text_pca256_lexical_w005
75933,62,minibatch_k64,text_pca256_lexical_w005
75934,8,minibatch_k64,text_pca256_lexical_w005
75935,25,minibatch_k64,text_pca256_lexical_w005
75936,62,minibatch_k64,text_pca256_lexical_w005
75937,21,minibatch_k64,text_pca256_lexical_w005
75938,10,minibatch_k64,text_pca256_lexical_w005
75939,0,minibatch_k64,text_pca256_lexical_w005
75940,8,minibatch_k64,text_pca256_lexical_w005
75941,55,minibatch_k64,text_pca256_lexical_w005
75942,62,minibatch_k64,text_pca256_lexical_w005
75943,18,minibatch_k64,text_pca256_lexical_w005
75944,8,minibatch_k64,text_pca256_lexical_w005
75945,8,minibatch_k64,text_pca256_lexical_w005
75946,33,minibatch_k64,text_pca256_lexical_w005
75947,8,minibatch_k64,text_pca256_lexical_w005
75948,8,minibatch_k64,text_pca256_lexical_w005
75949,25,minibatch_k64,text_pca256_lexical_w005
75950,59,minibatch_k64,text_pca256_lexical_w005
75951,8,minibatch_k64,text_pca256_lexical_w005
75952,39,minibatch_k64,text_pca256_lexical_w005
75953,39,minibatch_k64,text_pca256_lexical_w005
75954,10,minibatch_k64,text_pca256_lexical_w005
75955,10,minibatch_k64,text_pca256_lexical_w005
75956,23,minibatch_k64,text_pca256_lexical_w005
75957,8,minibatch_k64,text_pca256_lexical_w005
75958,59,minibatch_k64,text_pca256_lexical_w005
75959,48,minibatch_k64,text_pca256_lexical_w005
75960,42,minibatch_k64,text_pca256_lexical_w005
75961,42,minibatch_k64,text_pca256_lexical_w005
75962,33,minibatch_k64,text_pca256_lexical_w005
75963,33,minibatch_k64,text_pca256_lexical_w005
75964,0,minibatch_k64,text_pca256_lexical_w005
75965,33,minibatch_k64,text_pca256_lexical_w005
75966,33,minibatch_k64,text_pca256_lexical_w005
75967,0,minibatch_k64,text_pca256_lexical_w005
75968,23,minibatch_k64,text_pca256_lexical_w005
75969,33,minibatch_k64,text_pca256_lexical_w005
75970,6,minibatch_k64,text_pca256_lexical_w005
75971,41,minibatch_k64,text_pca256_lexical_w005
75972,10,minibatch_k64,text_pca256_lexical_w005
75973,10,minibatch_k64,text_pca256_lexical_w005
75974,10,minibatch_k64,text_pca256_lexical_w005
75975,41,minibatch_k64,text_pca256_lexical_w005
75976,41,minibatch_k64,text_pca256_lexical_w005
75977,41,minibatch_k64,text_pca256_lexical_w005
75978,56,minibatch_k64,text_pca256_lexical_w005
75979,23,minibatch_k64,text_pca256_lexical_w005
75980,0,minibatch_k64,text_pca256_lexical_w005
75981,0,minibatch_k64,text_pca256_lexical_w005
75982,0,minibatch_k64,text_pca256_lexical_w005
75983,59,minibatch_k64,text_pca256_lexical_w005
75984,33,minibatch_k64,text_pca256_lexical_w005
75985,59,minibatch_k64,text_pca256_lexical_w005
75986,6,minibatch_k64,text_pca256_lexical_w005
75987,41,minibatch_k64,text_pca256_lexical_w005
75988,0,minibatch_k64,text_pca256_lexical_w005
75989,59,minibatch_k64,text_pca256_lexical_w005
75990,33,minibatch_k64,text_pca256_lexical_w005
75991,33,minibatch_k64,text_pca256_lexical_w005
75992,34,minibatch_k64,text_pca256_lexical_w005
75993,34,minibatch_k64,text_pca256_lexical_w005
75994,10,minibatch_k64,text_pca256_lexical_w005
75995,34,minibatch_k64,text_pca256_lexical_w005
75996,59,minibatch_k64,text_pca256_lexical_w005
75997,6,minibatch_k64,text_pca256_lexical_w005
75998,0,minibatch_k64,text_pca256_lexical_w005
75999,59,minibatch_k64,text_pca256_lexical_w005
76000,62,minibatch_k64,text_pca256_lexical_w005
76001,62,minibatch_k64,text_pca256_lexical_w005
76002,45,minibatch_k64,text_pca256_lexical_w005
76003,39,minibatch_k64,text_pca256_lexical_w005
76004,59,minibatch_k64,text_pca256_lexical_w005
76005,10,minibatch_k64,text_pca256_lexical_w005
76006,59,minibatch_k64,text_pca256_lexical_w005
76007,0,minibatch_k64,text_pca256_lexical_w005
76008,23,minibatch_k64,text_pca256_lexical_w005
76009,6,minibatch_k64,text_pca256_lexical_w005
76010,48,minibatch_k64,text_pca256_lexical_w005
76011,2,minibatch_k64,text_pca256_lexical_w005
76012,15,minibatch_k64,text_pca256_lexical_w005
76013,33,minibatch_k64,text_pca256_lexical_w005
76014,10,minibatch_k64,text_pca256_lexical_w005
76015,10,minibatch_k64,text_pca256_lexical_w005
76016,45,minibatch_k64,text_pca256_lexical_w005
76017,23,minibatch_k64,text_pca256_lexical_w005
76018,10,minibatch_k64,text_pca256_lexical_w005
76019,10,minibatch_k64,text_pca256_lexical_w005
76020,33,minibatch_k64,text_pca256_lexical_w005
76021,45,minibatch_k64,text_pca256_lexical_w005
76022,23,minibatch_k64,text_pca256_lexical_w005
76023,42,minibatch_k64,text_pca256_lexical_w005
76024,59,minibatch_k64,text_pca256_lexical_w005
76025,45,minibatch_k64,text_pca256_lexical_w005
76026,45,minibatch_k64,text_pca256_lexical_w005
76027,53,minibatch_k64,text_pca256_lexical_w005
76028,53,minibatch_k64,text_pca256_lexical_w005
76029,4,minibatch_k64,text_pca256_lexical_w005
76030,62,minibatch_k64,text_pca256_lexical_w005
76031,0,minibatch_k64,text_pca256_lexical_w005
76032,62,minibatch_k64,text_pca256_lexical_w005
76033,21,minibatch_k64,text_pca256_lexical_w005
76034,21,minibatch_k64,text_pca256_lexical_w005
76035,23,minibatch_k64,text_pca256_lexical_w005
76036,8,minibatch_k64,text_pca256_lexical_w005
76037,0,minibatch_k64,text_pca256_lexical_w005
76038,4,minibatch_k64,text_pca256_lexical_w005
76039,62,minibatch_k64,text_pca256_lexical_w005
76040,4,minibatch_k64,text_pca256_lexical_w005
76041,4,minibatch_k64,text_pca256_lexical_w005
76042,4,minibatch_k64,text_pca256_lexical_w005
76043,4,minibatch_k64,text_pca256_lexical_w005
76044,4,minibatch_k64,text_pca256_lexical_w005
76045,4,minibatch_k64,text_pca256_lexical_w005
76046,4,minibatch_k64,text_pca256_lexical_w005
76047,4,minibatch_k64,text_pca256_lexical_w005
76048,62,minibatch_k64,text_pca256_lexical_w005
76049,4,minibatch_k64,text_pca256_lexical_w005
76050,4,minibatch_k64,text_pca256_lexical_w005
76051,4,minibatch_k64,text_pca256_lexical_w005
76052,61,minibatch_k64,text_pca256_lexical_w005
76053,8,minibatch_k64,text_pca256_lexical_w005
76054,61,minibatch_k64,text_pca256_lexical_w005
76055,23,minibatch_k64,text_pca256_lexical_w005
76056,0,minibatch_k64,text_pca256_lexical_w005
76057,0,minibatch_k64,text_pca256_lexical_w005
76058,61,minibatch_k64,text_pca256_lexical_w005
76059,8,minibatch_k64,text_pca256_lexical_w005
76060,5,minibatch_k64,text_pca256_lexical_w005
76061,8,minibatch_k64,text_pca256_lexical_w005
76062,38,minibatch_k64,text_pca256_lexical_w005
76063,23,minibatch_k64,text_pca256_lexical_w005
76064,55,minibatch_k64,text_pca256_lexical_w005
76065,23,minibatch_k64,text_pca256_lexical_w005
76066,22,minibatch_k64,text_pca256_lexical_w005
76067,59,minibatch_k64,text_pca256_lexical_w005
76068,32,minibatch_k64,text_pca256_lexical_w005
76069,15,minibatch_k64,text_pca256_lexical_w005
76070,4,minibatch_k64,text_pca256_lexical_w005
76071,53,minibatch_k64,text_pca256_lexical_w005
76072,15,minibatch_k64,text_pca256_lexical_w005
76073,0,minibatch_k64,text_pca256_lexical_w005
76074,8,minibatch_k64,text_pca256_lexical_w005
76075,15,minibatch_k64,text_pca256_lexical_w005
76076,15,minibatch_k64,text_pca256_lexical_w005
76077,32,minibatch_k64,text_pca256_lexical_w005
76078,8,minibatch_k64,text_pca256_lexical_w005
76079,23,minibatch_k64,text_pca256_lexical_w005
76080,0,minibatch_k64,text_pca256_lexical_w005
76081,15,minibatch_k64,text_pca256_lexical_w005
76082,0,minibatch_k64,text_pca256_lexical_w005
76083,23,minibatch_k64,text_pca256_lexical_w005
76084,21,minibatch_k64,text_pca256_lexical_w005
76085,21,minibatch_k64,text_pca256_lexical_w005
76086,23,minibatch_k64,text_pca256_lexical_w005
76087,50,minibatch_k64,text_pca256_lexical_w005
76088,8,minibatch_k64,text_pca256_lexical_w005
76089,61,minibatch_k64,text_pca256_lexical_w005
76090,0,minibatch_k64,text_pca256_lexical_w005
76091,0,minibatch_k64,text_pca256_lexical_w005
76092,23,minibatch_k64,text_pca256_lexical_w005
76093,15,minibatch_k64,text_pca256_lexical_w005
76094,15,minibatch_k64,text_pca256_lexical_w005
76095,0,minibatch_k64,text_pca256_lexical_w005
76096,23,minibatch_k64,text_pca256_lexical_w005
76097,23,minibatch_k64,text_pca256_lexical_w005
76098,15,minibatch_k64,text_pca256_lexical_w005
76099,15,minibatch_k64,text_pca256_lexical_w005
76100,4,minibatch_k64,text_pca256_lexical_w005
76101,21,minibatch_k64,text_pca256_lexical_w005
76102,23,minibatch_k64,text_pca256_lexical_w005
76103,0,minibatch_k64,text_pca256_lexical_w005
76104,62,minibatch_k64,text_pca256_lexical_w005
76105,39,minibatch_k64,text_pca256_lexical_w005
76106,15,minibatch_k64,text_pca256_lexical_w005
76107,5,minibatch_k64,text_pca256_lexical_w005
76108,38,minibatch_k64,text_pca256_lexical_w005
76109,15,minibatch_k64,text_pca256_lexical_w005
76110,10,minibatch_k64,text_pca256_lexical_w005
76111,45,minibatch_k64,text_pca256_lexical_w005
76112,23,minibatch_k64,text_pca256_lexical_w005
76113,23,minibatch_k64,text_pca256_lexical_w005
76114,23,minibatch_k64,text_pca256_lexical_w005
76115,15,minibatch_k64,text_pca256_lexical_w005
76116,0,minibatch_k64,text_pca256_lexical_w005
76117,0,minibatch_k64,text_pca256_lexical_w005
76118,23,minibatch_k64,text_pca256_lexical_w005
76119,4,minibatch_k64,text_pca256_lexical_w005
76120,23,minibatch_k64,text_pca256_lexical_w005
76121,62,minibatch_k64,text_pca256_lexical_w005
76122,0,minibatch_k64,text_pca256_lexical_w005
76123,39,minibatch_k64,text_pca256_lexical_w005
76124,10,minibatch_k64,text_pca256_lexical_w005
76125,23,minibatch_k64,text_pca256_lexical_w005
76126,0,minibatch_k64,text_pca256_lexical_w005
76127,15,minibatch_k64,text_pca256_lexical_w005
76128,50,minibatch_k64,text_pca256_lexical_w005
76129,23,minibatch_k64,text_pca256_lexical_w005
76130,15,minibatch_k64,text_pca256_lexical_w005
76131,23,minibatch_k64,text_pca256_lexical_w005
76132,23,minibatch_k64,text_pca256_lexical_w005
76133,15,minibatch_k64,text_pca256_lexical_w005
76134,62,minibatch_k64,text_pca256_lexical_w005
76135,33,minibatch_k64,text_pca256_lexical_w005
76136,0,minibatch_k64,text_pca256_lexical_w005
76137,59,minibatch_k64,text_pca256_lexical_w005
76138,21,minibatch_k64,text_pca256_lexical_w005
76139,0,minibatch_k64,text_pca256_lexical_w005
76140,5,minibatch_k64,text_pca256_lexical_w005
76141,5,minibatch_k64,text_pca256_lexical_w005
76142,47,minibatch_k64,text_pca256_lexical_w005
76143,45,minibatch_k64,text_pca256_lexical_w005
76144,58,minibatch_k64,text_pca256_lexical_w005
76145,38,minibatch_k64,text_pca256_lexical_w005
76146,38,minibatch_k64,text_pca256_lexical_w005
76147,23,minibatch_k64,text_pca256_lexical_w005
76148,23,minibatch_k64,text_pca256_lexical_w005
76149,13,minibatch_k64,text_pca256_lexical_w005
76150,2,minibatch_k64,text_pca256_lexical_w005
76151,23,minibatch_k64,text_pca256_lexical_w005
76152,8,minibatch_k64,text_pca256_lexical_w005
76153,23,minibatch_k64,text_pca256_lexical_w005
76154,8,minibatch_k64,text_pca256_lexical_w005
76155,15,minibatch_k64,text_pca256_lexical_w005
76156,23,minibatch_k64,text_pca256_lexical_w005
76157,15,minibatch_k64,text_pca256_lexical_w005
76158,23,minibatch_k64,text_pca256_lexical_w005
76159,38,minibatch_k64,text_pca256_lexical_w005
76160,23,minibatch_k64,text_pca256_lexical_w005
76161,23,minibatch_k64,text_pca256_lexical_w005
76162,55,minibatch_k64,text_pca256_lexical_w005
76163,23,minibatch_k64,text_pca256_lexical_w005
76164,0,minibatch_k64,text_pca256_lexical_w005
76165,23,minibatch_k64,text_pca256_lexical_w005
76166,0,minibatch_k64,text_pca256_lexical_w005
76167,15,minibatch_k64,text_pca256_lexical_w005
76168,21,minibatch_k64,text_pca256_lexical_w005
76169,2,minibatch_k64,text_pca256_lexical_w005
76170,0,minibatch_k64,text_pca256_lexical_w005
76171,23,minibatch_k64,text_pca256_lexical_w005
76172,0,minibatch_k64,text_pca256_lexical_w005
76173,62,minibatch_k64,text_pca256_lexical_w005
76174,23,minibatch_k64,text_pca256_lexical_w005
76175,23,minibatch_k64,text_pca256_lexical_w005
76176,45,minibatch_k64,text_pca256_lexical_w005
76177,10,minibatch_k64,text_pca256_lexical_w005
76178,38,minibatch_k64,text_pca256_lexical_w005
76179,15,minibatch_k64,text_pca256_lexical_w005
76180,58,minibatch_k64,text_pca256_lexical_w005
76181,10,minibatch_k64,text_pca256_lexical_w005
76182,23,minibatch_k64,text_pca256_lexical_w005
76183,55,minibatch_k64,text_pca256_lexical_w005
76184,63,minibatch_k64,text_pca256_lexical_w005
76185,4,minibatch_k64,text_pca256_lexical_w005
76186,62,minibatch_k64,text_pca256_lexical_w005
76187,59,minibatch_k64,text_pca256_lexical_w005
76188,45,minibatch_k64,text_pca256_lexical_w005
76189,21,minibatch_k64,text_pca256_lexical_w005
76190,4,minibatch_k64,text_pca256_lexical_w005
76191,62,minibatch_k64,text_pca256_lexical_w005
76192,0,minibatch_k64,text_pca256_lexical_w005
76193,47,minibatch_k64,text_pca256_lexical_w005
76194,0,minibatch_k64,text_pca256_lexical_w005
76195,0,minibatch_k64,text_pca256_lexical_w005
76196,4,minibatch_k64,text_pca256_lexical_w005
76197,23,minibatch_k64,text_pca256_lexical_w005
76198,0,minibatch_k64,text_pca256_lexical_w005
76199,33,minibatch_k64,text_pca256_lexical_w005
76200,8,minibatch_k64,text_pca256_lexical_w005
76201,8,minibatch_k64,text_pca256_lexical_w005
76202,0,minibatch_k64,text_pca256_lexical_w005
76203,21,minibatch_k64,text_pca256_lexical_w005
76204,0,minibatch_k64,text_pca256_lexical_w005
76205,38,minibatch_k64,text_pca256_lexical_w005
76206,0,minibatch_k64,text_pca256_lexical_w005
76207,58,minibatch_k64,text_pca256_lexical_w005
76208,23,minibatch_k64,text_pca256_lexical_w005
76209,45,minibatch_k64,text_pca256_lexical_w005
76210,23,minibatch_k64,text_pca256_lexical_w005
76211,63,minibatch_k64,text_pca256_lexical_w005
76212,0,minibatch_k64,text_pca256_lexical_w005
76213,0,minibatch_k64,text_pca256_lexical_w005
76214,10,minibatch_k64,text_pca256_lexical_w005
76215,8,minibatch_k64,text_pca256_lexical_w005
76216,23,minibatch_k64,text_pca256_lexical_w005
76217,23,minibatch_k64,text_pca256_lexical_w005
76218,39,minibatch_k64,text_pca256_lexical_w005
76219,0,minibatch_k64,text_pca256_lexical_w005
76220,59,minibatch_k64,text_pca256_lexical_w005
76221,21,minibatch_k64,text_pca256_lexical_w005
76222,0,minibatch_k64,text_pca256_lexical_w005
76223,0,minibatch_k64,text_pca256_lexical_w005
76224,23,minibatch_k64,text_pca256_lexical_w005
76225,38,minibatch_k64,text_pca256_lexical_w005
76226,58,minibatch_k64,text_pca256_lexical_w005
76227,23,minibatch_k64,text_pca256_lexical_w005
76228,63,minibatch_k64,text_pca256_lexical_w005
76229,0,minibatch_k64,text_pca256_lexical_w005
76230,59,minibatch_k64,text_pca256_lexical_w005
76231,4,minibatch_k64,text_pca256_lexical_w005
76232,0,minibatch_k64,text_pca256_lexical_w005
76233,39,minibatch_k64,text_pca256_lexical_w005
76234,62,minibatch_k64,text_pca256_lexical_w005
76235,39,minibatch_k64,text_pca256_lexical_w005
76236,0,minibatch_k64,text_pca256_lexical_w005
76237,0,minibatch_k64,text_pca256_lexical_w005
76238,39,minibatch_k64,text_pca256_lexical_w005
76239,0,minibatch_k64,text_pca256_lexical_w005
76240,23,minibatch_k64,text_pca256_lexical_w005
76241,10,minibatch_k64,text_pca256_lexical_w005
76242,23,minibatch_k64,text_pca256_lexical_w005
76243,8,minibatch_k64,text_pca256_lexical_w005
76244,8,minibatch_k64,text_pca256_lexical_w005
76245,0,minibatch_k64,text_pca256_lexical_w005
76246,59,minibatch_k64,text_pca256_lexical_w005
76247,0,minibatch_k64,text_pca256_lexical_w005
76248,45,minibatch_k64,text_pca256_lexical_w005
76249,23,minibatch_k64,text_pca256_lexical_w005
76250,58,minibatch_k64,text_pca256_lexical_w005
76251,38,minibatch_k64,text_pca256_lexical_w005
76252,23,minibatch_k64,text_pca256_lexical_w005
76253,13,minibatch_k64,text_pca256_lexical_w005
76254,0,minibatch_k64,text_pca256_lexical_w005
76255,0,minibatch_k64,text_pca256_lexical_w005
76256,59,minibatch_k64,text_pca256_lexical_w005
76257,23,minibatch_k64,text_pca256_lexical_w005
76258,12,minibatch_k64,text_pca256_lexical_w005
76259,40,minibatch_k64,text_pca256_lexical_w005
76260,40,minibatch_k64,text_pca256_lexical_w005
76261,23,minibatch_k64,text_pca256_lexical_w005
76262,23,minibatch_k64,text_pca256_lexical_w005
76263,23,minibatch_k64,text_pca256_lexical_w005
76264,59,minibatch_k64,text_pca256_lexical_w005
76265,8,minibatch_k64,text_pca256_lexical_w005
76266,62,minibatch_k64,text_pca256_lexical_w005
76267,23,minibatch_k64,text_pca256_lexical_w005
76268,23,minibatch_k64,text_pca256_lexical_w005
76269,23,minibatch_k64,text_pca256_lexical_w005
76270,23,minibatch_k64,text_pca256_lexical_w005
76271,15,minibatch_k64,text_pca256_lexical_w005
76272,59,minibatch_k64,text_pca256_lexical_w005
76273,23,minibatch_k64,text_pca256_lexical_w005
76274,2,minibatch_k64,text_pca256_lexical_w005
76275,33,minibatch_k64,text_pca256_lexical_w005
76276,0,minibatch_k64,text_pca256_lexical_w005
76277,10,minibatch_k64,text_pca256_lexical_w005
76278,23,minibatch_k64,text_pca256_lexical_w005
76279,23,minibatch_k64,text_pca256_lexical_w005
76280,0,minibatch_k64,text_pca256_lexical_w005
76281,0,minibatch_k64,text_pca256_lexical_w005
76282,23,minibatch_k64,text_pca256_lexical_w005
76283,23,minibatch_k64,text_pca256_lexical_w005
76284,18,minibatch_k64,text_pca256_lexical_w005
76285,23,minibatch_k64,text_pca256_lexical_w005
76286,15,minibatch_k64,text_pca256_lexical_w005
76287,23,minibatch_k64,text_pca256_lexical_w005
76288,23,minibatch_k64,text_pca256_lexical_w005
76289,0,minibatch_k64,text_pca256_lexical_w005
76290,15,minibatch_k64,text_pca256_lexical_w005
76291,38,minibatch_k64,text_pca256_lexical_w005
76292,58,minibatch_k64,text_pca256_lexical_w005
76293,23,minibatch_k64,text_pca256_lexical_w005
76294,13,minibatch_k64,text_pca256_lexical_w005
76295,53,minibatch_k64,text_pca256_lexical_w005
76296,23,minibatch_k64,text_pca256_lexical_w005
76297,62,minibatch_k64,text_pca256_lexical_w005
76298,23,minibatch_k64,text_pca256_lexical_w005
76299,53,minibatch_k64,text_pca256_lexical_w005
76300,32,minibatch_k64,text_pca256_lexical_w005
76301,40,minibatch_k64,text_pca256_lexical_w005
76302,15,minibatch_k64,text_pca256_lexical_w005
76303,16,minibatch_k64,text_pca256_lexical_w005
76304,4,minibatch_k64,text_pca256_lexical_w005
76305,39,minibatch_k64,text_pca256_lexical_w005
76306,10,minibatch_k64,text_pca256_lexical_w005
76307,23,minibatch_k64,text_pca256_lexical_w005
76308,0,minibatch_k64,text_pca256_lexical_w005
76309,38,minibatch_k64,text_pca256_lexical_w005
76310,55,minibatch_k64,text_pca256_lexical_w005
76311,63,minibatch_k64,text_pca256_lexical_w005
76312,53,minibatch_k64,text_pca256_lexical_w005
76313,59,minibatch_k64,text_pca256_lexical_w005
76314,38,minibatch_k64,text_pca256_lexical_w005
76315,0,minibatch_k64,text_pca256_lexical_w005
76316,55,minibatch_k64,text_pca256_lexical_w005
76317,59,minibatch_k64,text_pca256_lexical_w005
76318,62,minibatch_k64,text_pca256_lexical_w005
76319,62,minibatch_k64,text_pca256_lexical_w005
76320,0,minibatch_k64,text_pca256_lexical_w005
76321,55,minibatch_k64,text_pca256_lexical_w005
76322,13,minibatch_k64,text_pca256_lexical_w005
76323,59,minibatch_k64,text_pca256_lexical_w005
76324,15,minibatch_k64,text_pca256_lexical_w005
76325,0,minibatch_k64,text_pca256_lexical_w005
76326,23,minibatch_k64,text_pca256_lexical_w005
76327,15,minibatch_k64,text_pca256_lexical_w005
76328,10,minibatch_k64,text_pca256_lexical_w005
76329,23,minibatch_k64,text_pca256_lexical_w005
76330,38,minibatch_k64,text_pca256_lexical_w005
76331,45,minibatch_k64,text_pca256_lexical_w005
76332,36,minibatch_k64,text_pca256_lexical_w005
76333,55,minibatch_k64,text_pca256_lexical_w005
76334,22,minibatch_k64,text_pca256_lexical_w005
76335,23,minibatch_k64,text_pca256_lexical_w005
76336,0,minibatch_k64,text_pca256_lexical_w005
76337,0,minibatch_k64,text_pca256_lexical_w005
76338,0,minibatch_k64,text_pca256_lexical_w005
76339,23,minibatch_k64,text_pca256_lexical_w005
76340,23,minibatch_k64,text_pca256_lexical_w005
76341,15,minibatch_k64,text_pca256_lexical_w005
76342,33,minibatch_k64,text_pca256_lexical_w005
76343,0,minibatch_k64,text_pca256_lexical_w005
76344,62,minibatch_k64,text_pca256_lexical_w005
76345,33,minibatch_k64,text_pca256_lexical_w005
76346,23,minibatch_k64,text_pca256_lexical_w005
76347,2,minibatch_k64,text_pca256_lexical_w005
76348,0,minibatch_k64,text_pca256_lexical_w005
76349,15,minibatch_k64,text_pca256_lexical_w005
76350,2,minibatch_k64,text_pca256_lexical_w005
76351,23,minibatch_k64,text_pca256_lexical_w005
76352,10,minibatch_k64,text_pca256_lexical_w005
76353,23,minibatch_k64,text_pca256_lexical_w005
76354,23,minibatch_k64,text_pca256_lexical_w005
76355,50,minibatch_k64,text_pca256_lexical_w005
76356,0,minibatch_k64,text_pca256_lexical_w005
76357,18,minibatch_k64,text_pca256_lexical_w005
76358,62,minibatch_k64,text_pca256_lexical_w005
76359,0,minibatch_k64,text_pca256_lexical_w005
76360,23,minibatch_k64,text_pca256_lexical_w005
76361,0,minibatch_k64,text_pca256_lexical_w005
76362,23,minibatch_k64,text_pca256_lexical_w005
76363,45,minibatch_k64,text_pca256_lexical_w005
76364,18,minibatch_k64,text_pca256_lexical_w005
76365,23,minibatch_k64,text_pca256_lexical_w005
76366,18,minibatch_k64,text_pca256_lexical_w005
76367,23,minibatch_k64,text_pca256_lexical_w005
76368,23,minibatch_k64,text_pca256_lexical_w005
76369,45,minibatch_k64,text_pca256_lexical_w005
76370,18,minibatch_k64,text_pca256_lexical_w005
76371,18,minibatch_k64,text_pca256_lexical_w005
76372,45,minibatch_k64,text_pca256_lexical_w005
76373,45,minibatch_k64,text_pca256_lexical_w005
76374,45,minibatch_k64,text_pca256_lexical_w005
76375,23,minibatch_k64,text_pca256_lexical_w005
76376,23,minibatch_k64,text_pca256_lexical_w005
76377,45,minibatch_k64,text_pca256_lexical_w005
76378,45,minibatch_k64,text_pca256_lexical_w005
76379,45,minibatch_k64,text_pca256_lexical_w005
76380,45,minibatch_k64,text_pca256_lexical_w005
76381,45,minibatch_k64,text_pca256_lexical_w005
76382,45,minibatch_k64,text_pca256_lexical_w005
76383,42,minibatch_k64,text_pca256_lexical_w005
76384,45,minibatch_k64,text_pca256_lexical_w005
76385,45,minibatch_k64,text_pca256_lexical_w005
76386,45,minibatch_k64,text_pca256_lexical_w005
76387,45,minibatch_k64,text_pca256_lexical_w005
76388,10,minibatch_k64,text_pca256_lexical_w005
76389,45,minibatch_k64,text_pca256_lexical_w005
76390,45,minibatch_k64,text_pca256_lexical_w005
76391,45,minibatch_k64,text_pca256_lexical_w005
76392,23,minibatch_k64,text_pca256_lexical_w005
76393,23,minibatch_k64,text_pca256_lexical_w005
76394,45,minibatch_k64,text_pca256_lexical_w005
76395,45,minibatch_k64,text_pca256_lexical_w005
76396,33,minibatch_k64,text_pca256_lexical_w005
76397,59,minibatch_k64,text_pca256_lexical_w005
76398,18,minibatch_k64,text_pca256_lexical_w005
76399,15,minibatch_k64,text_pca256_lexical_w005
76400,8,minibatch_k64,text_pca256_lexical_w005
76401,18,minibatch_k64,text_pca256_lexical_w005
76402,10,minibatch_k64,text_pca256_lexical_w005
76403,45,minibatch_k64,text_pca256_lexical_w005
76404,45,minibatch_k64,text_pca256_lexical_w005
76405,18,minibatch_k64,text_pca256_lexical_w005
76406,45,minibatch_k64,text_pca256_lexical_w005
76407,45,minibatch_k64,text_pca256_lexical_w005
76408,0,minibatch_k64,text_pca256_lexical_w005
76409,23,minibatch_k64,text_pca256_lexical_w005
76410,59,minibatch_k64,text_pca256_lexical_w005
76411,2,minibatch_k64,text_pca256_lexical_w005
76412,23,minibatch_k64,text_pca256_lexical_w005
76413,45,minibatch_k64,text_pca256_lexical_w005
76414,45,minibatch_k64,text_pca256_lexical_w005
76415,45,minibatch_k64,text_pca256_lexical_w005
76416,38,minibatch_k64,text_pca256_lexical_w005
76417,55,minibatch_k64,text_pca256_lexical_w005
76418,63,minibatch_k64,text_pca256_lexical_w005
76419,23,minibatch_k64,text_pca256_lexical_w005
76420,23,minibatch_k64,text_pca256_lexical_w005
76421,59,minibatch_k64,text_pca256_lexical_w005
76422,0,minibatch_k64,text_pca256_lexical_w005
76423,45,minibatch_k64,text_pca256_lexical_w005
76424,62,minibatch_k64,text_pca256_lexical_w005
76425,10,minibatch_k64,text_pca256_lexical_w005
76426,45,minibatch_k64,text_pca256_lexical_w005
76427,45,minibatch_k64,text_pca256_lexical_w005
76428,23,minibatch_k64,text_pca256_lexical_w005
76429,23,minibatch_k64,text_pca256_lexical_w005
76430,23,minibatch_k64,text_pca256_lexical_w005
76431,23,minibatch_k64,text_pca256_lexical_w005
76432,45,minibatch_k64,text_pca256_lexical_w005
76433,59,minibatch_k64,text_pca256_lexical_w005
76434,50,minibatch_k64,text_pca256_lexical_w005
76435,2,minibatch_k64,text_pca256_lexical_w005
76436,23,minibatch_k64,text_pca256_lexical_w005
76437,18,minibatch_k64,text_pca256_lexical_w005
76438,45,minibatch_k64,text_pca256_lexical_w005
76439,2,minibatch_k64,text_pca256_lexical_w005
76440,23,minibatch_k64,text_pca256_lexical_w005
76441,18,minibatch_k64,text_pca256_lexical_w005
76442,8,minibatch_k64,text_pca256_lexical_w005
76443,59,minibatch_k64,text_pca256_lexical_w005
76444,18,minibatch_k64,text_pca256_lexical_w005
76445,18,minibatch_k64,text_pca256_lexical_w005
76446,18,minibatch_k64,text_pca256_lexical_w005
76447,0,minibatch_k64,text_pca256_lexical_w005
76448,23,minibatch_k64,text_pca256_lexical_w005
76449,59,minibatch_k64,text_pca256_lexical_w005
76450,2,minibatch_k64,text_pca256_lexical_w005
76451,62,minibatch_k64,text_pca256_lexical_w005
76452,45,minibatch_k64,text_pca256_lexical_w005
76453,45,minibatch_k64,text_pca256_lexical_w005
76454,2,minibatch_k64,text_pca256_lexical_w005
76455,18,minibatch_k64,text_pca256_lexical_w005
76456,50,minibatch_k64,text_pca256_lexical_w005
76457,23,minibatch_k64,text_pca256_lexical_w005
76458,59,minibatch_k64,text_pca256_lexical_w005
76459,18,minibatch_k64,text_pca256_lexical_w005
76460,18,minibatch_k64,text_pca256_lexical_w005
76461,18,minibatch_k64,text_pca256_lexical_w005
76462,18,minibatch_k64,text_pca256_lexical_w005
76463,33,minibatch_k64,text_pca256_lexical_w005
76464,39,minibatch_k64,text_pca256_lexical_w005
76465,2,minibatch_k64,text_pca256_lexical_w005
76466,23,minibatch_k64,text_pca256_lexical_w005
76467,23,minibatch_k64,text_pca256_lexical_w005
76468,23,minibatch_k64,text_pca256_lexical_w005
76469,23,minibatch_k64,text_pca256_lexical_w005
76470,18,minibatch_k64,text_pca256_lexical_w005
76471,8,minibatch_k64,text_pca256_lexical_w005
76472,23,minibatch_k64,text_pca256_lexical_w005
76473,23,minibatch_k64,text_pca256_lexical_w005
76474,23,minibatch_k64,text_pca256_lexical_w005
76475,53,minibatch_k64,text_pca256_lexical_w005
76476,20,minibatch_k64,text_pca256_lexical_w005
76477,4,minibatch_k64,text_pca256_lexical_w005
76478,23,minibatch_k64,text_pca256_lexical_w005
76479,30,minibatch_k64,text_pca256_lexical_w005
76480,45,minibatch_k64,text_pca256_lexical_w005
76481,10,minibatch_k64,text_pca256_lexical_w005
76482,38,minibatch_k64,text_pca256_lexical_w005
76483,36,minibatch_k64,text_pca256_lexical_w005
76484,55,minibatch_k64,text_pca256_lexical_w005
76485,13,minibatch_k64,text_pca256_lexical_w005
76486,0,minibatch_k64,text_pca256_lexical_w005
76487,62,minibatch_k64,text_pca256_lexical_w005
76488,62,minibatch_k64,text_pca256_lexical_w005
76489,10,minibatch_k64,text_pca256_lexical_w005
76490,17,minibatch_k64,text_pca256_lexical_w005
76491,59,minibatch_k64,text_pca256_lexical_w005
76492,23,minibatch_k64,text_pca256_lexical_w005
76493,23,minibatch_k64,text_pca256_lexical_w005
76494,23,minibatch_k64,text_pca256_lexical_w005
76495,33,minibatch_k64,text_pca256_lexical_w005
76496,0,minibatch_k64,text_pca256_lexical_w005
76497,38,minibatch_k64,text_pca256_lexical_w005
76498,36,minibatch_k64,text_pca256_lexical_w005
76499,23,minibatch_k64,text_pca256_lexical_w005
76500,35,minibatch_k64,text_pca256_lexical_w005
76501,2,minibatch_k64,text_pca256_lexical_w005
76502,45,minibatch_k64,text_pca256_lexical_w005
76503,23,minibatch_k64,text_pca256_lexical_w005
76504,59,minibatch_k64,text_pca256_lexical_w005
76505,45,minibatch_k64,text_pca256_lexical_w005
76506,45,minibatch_k64,text_pca256_lexical_w005
76507,23,minibatch_k64,text_pca256_lexical_w005
76508,50,minibatch_k64,text_pca256_lexical_w005
76509,18,minibatch_k64,text_pca256_lexical_w005
76510,45,minibatch_k64,text_pca256_lexical_w005
76511,18,minibatch_k64,text_pca256_lexical_w005
76512,45,minibatch_k64,text_pca256_lexical_w005
76513,45,minibatch_k64,text_pca256_lexical_w005
76514,18,minibatch_k64,text_pca256_lexical_w005
76515,15,minibatch_k64,text_pca256_lexical_w005
76516,45,minibatch_k64,text_pca256_lexical_w005
76517,42,minibatch_k64,text_pca256_lexical_w005
76518,59,minibatch_k64,text_pca256_lexical_w005
76519,8,minibatch_k64,text_pca256_lexical_w005
76520,15,minibatch_k64,text_pca256_lexical_w005
76521,50,minibatch_k64,text_pca256_lexical_w005
76522,48,minibatch_k64,text_pca256_lexical_w005
76523,21,minibatch_k64,text_pca256_lexical_w005
76524,5,minibatch_k64,text_pca256_lexical_w005
76525,0,minibatch_k64,text_pca256_lexical_w005
76526,42,minibatch_k64,text_pca256_lexical_w005
76527,5,minibatch_k64,text_pca256_lexical_w005
76528,42,minibatch_k64,text_pca256_lexical_w005
76529,0,minibatch_k64,text_pca256_lexical_w005
76530,0,minibatch_k64,text_pca256_lexical_w005
76531,5,minibatch_k64,text_pca256_lexical_w005
76532,5,minibatch_k64,text_pca256_lexical_w005
76533,5,minibatch_k64,text_pca256_lexical_w005
76534,5,minibatch_k64,text_pca256_lexical_w005
76535,62,minibatch_k64,text_pca256_lexical_w005
76536,33,minibatch_k64,text_pca256_lexical_w005
76537,8,minibatch_k64,text_pca256_lexical_w005
76538,5,minibatch_k64,text_pca256_lexical_w005
76539,5,minibatch_k64,text_pca256_lexical_w005
76540,5,minibatch_k64,text_pca256_lexical_w005
76541,62,minibatch_k64,text_pca256_lexical_w005
76542,59,minibatch_k64,text_pca256_lexical_w005
76543,5,minibatch_k64,text_pca256_lexical_w005
76544,5,minibatch_k64,text_pca256_lexical_w005
76545,42,minibatch_k64,text_pca256_lexical_w005
76546,5,minibatch_k64,text_pca256_lexical_w005
76547,46,minibatch_k64,text_pca256_lexical_w005
76548,59,minibatch_k64,text_pca256_lexical_w005
76549,8,minibatch_k64,text_pca256_lexical_w005
76550,46,minibatch_k64,text_pca256_lexical_w005
76551,62,minibatch_k64,text_pca256_lexical_w005
76552,0,minibatch_k64,text_pca256_lexical_w005
76553,5,minibatch_k64,text_pca256_lexical_w005
76554,2,minibatch_k64,text_pca256_lexical_w005
76555,46,minibatch_k64,text_pca256_lexical_w005
76556,5,minibatch_k64,text_pca256_lexical_w005
76557,5,minibatch_k64,text_pca256_lexical_w005
76558,23,minibatch_k64,text_pca256_lexical_w005
76559,8,minibatch_k64,text_pca256_lexical_w005
76560,0,minibatch_k64,text_pca256_lexical_w005
76561,62,minibatch_k64,text_pca256_lexical_w005
76562,33,minibatch_k64,text_pca256_lexical_w005
76563,62,minibatch_k64,text_pca256_lexical_w005
76564,0,minibatch_k64,text_pca256_lexical_w005
76565,0,minibatch_k64,text_pca256_lexical_w005
76566,23,minibatch_k64,text_pca256_lexical_w005
76567,0,minibatch_k64,text_pca256_lexical_w005
76568,45,minibatch_k64,text_pca256_lexical_w005
76569,33,minibatch_k64,text_pca256_lexical_w005
76570,0,minibatch_k64,text_pca256_lexical_w005
76571,0,minibatch_k64,text_pca256_lexical_w005
76572,0,minibatch_k64,text_pca256_lexical_w005
76573,23,minibatch_k64,text_pca256_lexical_w005
76574,10,minibatch_k64,text_pca256_lexical_w005
76575,23,minibatch_k64,text_pca256_lexical_w005
76576,59,minibatch_k64,text_pca256_lexical_w005
76577,15,minibatch_k64,text_pca256_lexical_w005
76578,10,minibatch_k64,text_pca256_lexical_w005
76579,0,minibatch_k64,text_pca256_lexical_w005
76580,62,minibatch_k64,text_pca256_lexical_w005
76581,45,minibatch_k64,text_pca256_lexical_w005
76582,0,minibatch_k64,text_pca256_lexical_w005
76583,62,minibatch_k64,text_pca256_lexical_w005
76584,23,minibatch_k64,text_pca256_lexical_w005
76585,62,minibatch_k64,text_pca256_lexical_w005
76586,45,minibatch_k64,text_pca256_lexical_w005
76587,0,minibatch_k64,text_pca256_lexical_w005
76588,0,minibatch_k64,text_pca256_lexical_w005
76589,45,minibatch_k64,text_pca256_lexical_w005
76590,45,minibatch_k64,text_pca256_lexical_w005
76591,45,minibatch_k64,text_pca256_lexical_w005
76592,45,minibatch_k64,text_pca256_lexical_w005
76593,8,minibatch_k64,text_pca256_lexical_w005
76594,45,minibatch_k64,text_pca256_lexical_w005
76595,15,minibatch_k64,text_pca256_lexical_w005
76596,45,minibatch_k64,text_pca256_lexical_w005
76597,0,minibatch_k64,text_pca256_lexical_w005
76598,23,minibatch_k64,text_pca256_lexical_w005
76599,45,minibatch_k64,text_pca256_lexical_w005
76600,23,minibatch_k64,text_pca256_lexical_w005
76601,0,minibatch_k64,text_pca256_lexical_w005
76602,62,minibatch_k64,text_pca256_lexical_w005
76603,0,minibatch_k64,text_pca256_lexical_w005
76604,0,minibatch_k64,text_pca256_lexical_w005
76605,23,minibatch_k64,text_pca256_lexical_w005
76606,45,minibatch_k64,text_pca256_lexical_w005
76607,61,minibatch_k64,text_pca256_lexical_w005
76608,39,minibatch_k64,text_pca256_lexical_w005
76609,59,minibatch_k64,text_pca256_lexical_w005
76610,0,minibatch_k64,text_pca256_lexical_w005
76611,33,minibatch_k64,text_pca256_lexical_w005
76612,5,minibatch_k64,text_pca256_lexical_w005
76613,29,minibatch_k64,text_pca256_lexical_w005
76614,2,minibatch_k64,text_pca256_lexical_w005
76615,21,minibatch_k64,text_pca256_lexical_w005
76616,59,minibatch_k64,text_pca256_lexical_w005
76617,0,minibatch_k64,text_pca256_lexical_w005
76618,0,minibatch_k64,text_pca256_lexical_w005
76619,59,minibatch_k64,text_pca256_lexical_w005
76620,0,minibatch_k64,text_pca256_lexical_w005
76621,5,minibatch_k64,text_pca256_lexical_w005
76622,42,minibatch_k64,text_pca256_lexical_w005
76623,5,minibatch_k64,text_pca256_lexical_w005
76624,21,minibatch_k64,text_pca256_lexical_w005
76625,5,minibatch_k64,text_pca256_lexical_w005
76626,42,minibatch_k64,text_pca256_lexical_w005
76627,48,minibatch_k64,text_pca256_lexical_w005
76628,5,minibatch_k64,text_pca256_lexical_w005
76629,0,minibatch_k64,text_pca256_lexical_w005
76630,5,minibatch_k64,text_pca256_lexical_w005
76631,10,minibatch_k64,text_pca256_lexical_w005
76632,45,minibatch_k64,text_pca256_lexical_w005
76633,8,minibatch_k64,text_pca256_lexical_w005
76634,62,minibatch_k64,text_pca256_lexical_w005
76635,15,minibatch_k64,text_pca256_lexical_w005
76636,5,minibatch_k64,text_pca256_lexical_w005
76637,59,minibatch_k64,text_pca256_lexical_w005
76638,2,minibatch_k64,text_pca256_lexical_w005
76639,62,minibatch_k64,text_pca256_lexical_w005
76640,39,minibatch_k64,text_pca256_lexical_w005
76641,23,minibatch_k64,text_pca256_lexical_w005
76642,62,minibatch_k64,text_pca256_lexical_w005
76643,62,minibatch_k64,text_pca256_lexical_w005
76644,62,minibatch_k64,text_pca256_lexical_w005
76645,62,minibatch_k64,text_pca256_lexical_w005
76646,62,minibatch_k64,text_pca256_lexical_w005
76647,5,minibatch_k64,text_pca256_lexical_w005
76648,42,minibatch_k64,text_pca256_lexical_w005
76649,62,minibatch_k64,text_pca256_lexical_w005
76650,5,minibatch_k64,text_pca256_lexical_w005
76651,0,minibatch_k64,text_pca256_lexical_w005
76652,5,minibatch_k64,text_pca256_lexical_w005
76653,0,minibatch_k64,text_pca256_lexical_w005
76654,26,minibatch_k64,text_pca256_lexical_w005
76655,62,minibatch_k64,text_pca256_lexical_w005
76656,0,minibatch_k64,text_pca256_lexical_w005
76657,0,minibatch_k64,text_pca256_lexical_w005
76658,62,minibatch_k64,text_pca256_lexical_w005
76659,0,minibatch_k64,text_pca256_lexical_w005
76660,2,minibatch_k64,text_pca256_lexical_w005
76661,10,minibatch_k64,text_pca256_lexical_w005
76662,62,minibatch_k64,text_pca256_lexical_w005
76663,45,minibatch_k64,text_pca256_lexical_w005
76664,0,minibatch_k64,text_pca256_lexical_w005
76665,45,minibatch_k64,text_pca256_lexical_w005
76666,45,minibatch_k64,text_pca256_lexical_w005
76667,15,minibatch_k64,text_pca256_lexical_w005
76668,8,minibatch_k64,text_pca256_lexical_w005
76669,5,minibatch_k64,text_pca256_lexical_w005
76670,62,minibatch_k64,text_pca256_lexical_w005
76671,8,minibatch_k64,text_pca256_lexical_w005
76672,62,minibatch_k64,text_pca256_lexical_w005
76673,8,minibatch_k64,text_pca256_lexical_w005
76674,0,minibatch_k64,text_pca256_lexical_w005
76675,59,minibatch_k64,text_pca256_lexical_w005
76676,42,minibatch_k64,text_pca256_lexical_w005
76677,2,minibatch_k64,text_pca256_lexical_w005
76678,15,minibatch_k64,text_pca256_lexical_w005
76679,15,minibatch_k64,text_pca256_lexical_w005
76680,2,minibatch_k64,text_pca256_lexical_w005
76681,10,minibatch_k64,text_pca256_lexical_w005
76682,23,minibatch_k64,text_pca256_lexical_w005
76683,15,minibatch_k64,text_pca256_lexical_w005
76684,15,minibatch_k64,text_pca256_lexical_w005
76685,0,minibatch_k64,text_pca256_lexical_w005
76686,15,minibatch_k64,text_pca256_lexical_w005
76687,23,minibatch_k64,text_pca256_lexical_w005
76688,8,minibatch_k64,text_pca256_lexical_w005
76689,38,minibatch_k64,text_pca256_lexical_w005
76690,15,minibatch_k64,text_pca256_lexical_w005
76691,2,minibatch_k64,text_pca256_lexical_w005
76692,45,minibatch_k64,text_pca256_lexical_w005
76693,0,minibatch_k64,text_pca256_lexical_w005
76694,55,minibatch_k64,text_pca256_lexical_w005
76695,15,minibatch_k64,text_pca256_lexical_w005
76696,35,minibatch_k64,text_pca256_lexical_w005
76697,23,minibatch_k64,text_pca256_lexical_w005
76698,15,minibatch_k64,text_pca256_lexical_w005
76699,15,minibatch_k64,text_pca256_lexical_w005
76700,46,minibatch_k64,text_pca256_lexical_w005
76701,46,minibatch_k64,text_pca256_lexical_w005
76702,4,minibatch_k64,text_pca256_lexical_w005
76703,62,minibatch_k64,text_pca256_lexical_w005
76704,46,minibatch_k64,text_pca256_lexical_w005
76705,5,minibatch_k64,text_pca256_lexical_w005
76706,62,minibatch_k64,text_pca256_lexical_w005
76707,23,minibatch_k64,text_pca256_lexical_w005
76708,45,minibatch_k64,text_pca256_lexical_w005
76709,45,minibatch_k64,text_pca256_lexical_w005
76710,0,minibatch_k64,text_pca256_lexical_w005
76711,62,minibatch_k64,text_pca256_lexical_w005
76712,45,minibatch_k64,text_pca256_lexical_w005
76713,0,minibatch_k64,text_pca256_lexical_w005
76714,8,minibatch_k64,text_pca256_lexical_w005
76715,2,minibatch_k64,text_pca256_lexical_w005
76716,56,minibatch_k64,text_pca256_lexical_w005
76717,62,minibatch_k64,text_pca256_lexical_w005
76718,0,minibatch_k64,text_pca256_lexical_w005
76719,62,minibatch_k64,text_pca256_lexical_w005
76720,2,minibatch_k64,text_pca256_lexical_w005
76721,48,minibatch_k64,text_pca256_lexical_w005
76722,50,minibatch_k64,text_pca256_lexical_w005
76723,2,minibatch_k64,text_pca256_lexical_w005
76724,15,minibatch_k64,text_pca256_lexical_w005
76725,15,minibatch_k64,text_pca256_lexical_w005
76726,2,minibatch_k64,text_pca256_lexical_w005
76727,2,minibatch_k64,text_pca256_lexical_w005
76728,0,minibatch_k64,text_pca256_lexical_w005
76729,15,minibatch_k64,text_pca256_lexical_w005
76730,15,minibatch_k64,text_pca256_lexical_w005
76731,39,minibatch_k64,text_pca256_lexical_w005
76732,15,minibatch_k64,text_pca256_lexical_w005
76733,33,minibatch_k64,text_pca256_lexical_w005
76734,62,minibatch_k64,text_pca256_lexical_w005
76735,23,minibatch_k64,text_pca256_lexical_w005
76736,33,minibatch_k64,text_pca256_lexical_w005
76737,0,minibatch_k64,text_pca256_lexical_w005
76738,0,minibatch_k64,text_pca256_lexical_w005
76739,29,minibatch_k64,text_pca256_lexical_w005
76740,0,minibatch_k64,text_pca256_lexical_w005
76741,2,minibatch_k64,text_pca256_lexical_w005
76742,0,minibatch_k64,text_pca256_lexical_w005
76743,39,minibatch_k64,text_pca256_lexical_w005
76744,62,minibatch_k64,text_pca256_lexical_w005
76745,15,minibatch_k64,text_pca256_lexical_w005
76746,0,minibatch_k64,text_pca256_lexical_w005
76747,15,minibatch_k64,text_pca256_lexical_w005
76748,8,minibatch_k64,text_pca256_lexical_w005
76749,8,minibatch_k64,text_pca256_lexical_w005
76750,8,minibatch_k64,text_pca256_lexical_w005
76751,15,minibatch_k64,text_pca256_lexical_w005
76752,15,minibatch_k64,text_pca256_lexical_w005
76753,15,minibatch_k64,text_pca256_lexical_w005
76754,15,minibatch_k64,text_pca256_lexical_w005
76755,8,minibatch_k64,text_pca256_lexical_w005
76756,15,minibatch_k64,text_pca256_lexical_w005
76757,38,minibatch_k64,text_pca256_lexical_w005
76758,8,minibatch_k64,text_pca256_lexical_w005
76759,15,minibatch_k64,text_pca256_lexical_w005
76760,23,minibatch_k64,text_pca256_lexical_w005
76761,23,minibatch_k64,text_pca256_lexical_w005
76762,0,minibatch_k64,text_pca256_lexical_w005
76763,55,minibatch_k64,text_pca256_lexical_w005
76764,23,minibatch_k64,text_pca256_lexical_w005
76765,37,minibatch_k64,text_pca256_lexical_w005
76766,0,minibatch_k64,text_pca256_lexical_w005
76767,4,minibatch_k64,text_pca256_lexical_w005
76768,0,minibatch_k64,text_pca256_lexical_w005
76769,0,minibatch_k64,text_pca256_lexical_w005
76770,0,minibatch_k64,text_pca256_lexical_w005
76771,62,minibatch_k64,text_pca256_lexical_w005
76772,62,minibatch_k64,text_pca256_lexical_w005
76773,15,minibatch_k64,text_pca256_lexical_w005
76774,62,minibatch_k64,text_pca256_lexical_w005
76775,15,minibatch_k64,text_pca256_lexical_w005
76776,0,minibatch_k64,text_pca256_lexical_w005
76777,45,minibatch_k64,text_pca256_lexical_w005
76778,15,minibatch_k64,text_pca256_lexical_w005
76779,15,minibatch_k64,text_pca256_lexical_w005
76780,53,minibatch_k64,text_pca256_lexical_w005
76781,8,minibatch_k64,text_pca256_lexical_w005
76782,33,minibatch_k64,text_pca256_lexical_w005
76783,38,minibatch_k64,text_pca256_lexical_w005
76784,0,minibatch_k64,text_pca256_lexical_w005
76785,15,minibatch_k64,text_pca256_lexical_w005
76786,23,minibatch_k64,text_pca256_lexical_w005
76787,45,minibatch_k64,text_pca256_lexical_w005
76788,45,minibatch_k64,text_pca256_lexical_w005
76789,55,minibatch_k64,text_pca256_lexical_w005
76790,62,minibatch_k64,text_pca256_lexical_w005
76791,0,minibatch_k64,text_pca256_lexical_w005
76792,23,minibatch_k64,text_pca256_lexical_w005
76793,54,minibatch_k64,text_pca256_lexical_w005
76794,4,minibatch_k64,text_pca256_lexical_w005
76795,4,minibatch_k64,text_pca256_lexical_w005
76796,5,minibatch_k64,text_pca256_lexical_w005
76797,5,minibatch_k64,text_pca256_lexical_w005
76798,62,minibatch_k64,text_pca256_lexical_w005
76799,5,minibatch_k64,text_pca256_lexical_w005
76800,0,minibatch_k64,text_pca256_lexical_w005
76801,8,minibatch_k64,text_pca256_lexical_w005
76802,5,minibatch_k64,text_pca256_lexical_w005
76803,33,minibatch_k64,text_pca256_lexical_w005
76804,23,minibatch_k64,text_pca256_lexical_w005
76805,10,minibatch_k64,text_pca256_lexical_w005
76806,33,minibatch_k64,text_pca256_lexical_w005
76807,23,minibatch_k64,text_pca256_lexical_w005
76808,5,minibatch_k64,text_pca256_lexical_w005
76809,10,minibatch_k64,text_pca256_lexical_w005
76810,38,minibatch_k64,text_pca256_lexical_w005
76811,58,minibatch_k64,text_pca256_lexical_w005
76812,55,minibatch_k64,text_pca256_lexical_w005
76813,55,minibatch_k64,text_pca256_lexical_w005
76814,0,minibatch_k64,text_pca256_lexical_w005
76815,62,minibatch_k64,text_pca256_lexical_w005
76816,33,minibatch_k64,text_pca256_lexical_w005
76817,0,minibatch_k64,text_pca256_lexical_w005
76818,38,minibatch_k64,text_pca256_lexical_w005
76819,58,minibatch_k64,text_pca256_lexical_w005
76820,55,minibatch_k64,text_pca256_lexical_w005
76821,23,minibatch_k64,text_pca256_lexical_w005
76822,15,minibatch_k64,text_pca256_lexical_w005
76823,0,minibatch_k64,text_pca256_lexical_w005
76824,8,minibatch_k64,text_pca256_lexical_w005
76825,42,minibatch_k64,text_pca256_lexical_w005
76826,15,minibatch_k64,text_pca256_lexical_w005
76827,0,minibatch_k64,text_pca256_lexical_w005
76828,38,minibatch_k64,text_pca256_lexical_w005
76829,58,minibatch_k64,text_pca256_lexical_w005
76830,55,minibatch_k64,text_pca256_lexical_w005
76831,0,minibatch_k64,text_pca256_lexical_w005
76832,0,minibatch_k64,text_pca256_lexical_w005
76833,8,minibatch_k64,text_pca256_lexical_w005
76834,0,minibatch_k64,text_pca256_lexical_w005
76835,0,minibatch_k64,text_pca256_lexical_w005
76836,0,minibatch_k64,text_pca256_lexical_w005
76837,38,minibatch_k64,text_pca256_lexical_w005
76838,58,minibatch_k64,text_pca256_lexical_w005
76839,23,minibatch_k64,text_pca256_lexical_w005
76840,55,minibatch_k64,text_pca256_lexical_w005
76841,42,minibatch_k64,text_pca256_lexical_w005
76842,0,minibatch_k64,text_pca256_lexical_w005
76843,61,minibatch_k64,text_pca256_lexical_w005
76844,0,minibatch_k64,text_pca256_lexical_w005
76845,62,minibatch_k64,text_pca256_lexical_w005
76846,15,minibatch_k64,text_pca256_lexical_w005
76847,10,minibatch_k64,text_pca256_lexical_w005
76848,42,minibatch_k64,text_pca256_lexical_w005
76849,15,minibatch_k64,text_pca256_lexical_w005
76850,38,minibatch_k64,text_pca256_lexical_w005
76851,58,minibatch_k64,text_pca256_lexical_w005
76852,55,minibatch_k64,text_pca256_lexical_w005
76853,60,minibatch_k64,text_pca256_lexical_w005
76854,0,minibatch_k64,text_pca256_lexical_w005
76855,5,minibatch_k64,text_pca256_lexical_w005
76856,42,minibatch_k64,text_pca256_lexical_w005
76857,5,minibatch_k64,text_pca256_lexical_w005
76858,42,minibatch_k64,text_pca256_lexical_w005
76859,58,minibatch_k64,text_pca256_lexical_w005
76860,0,minibatch_k64,text_pca256_lexical_w005
76861,38,minibatch_k64,text_pca256_lexical_w005
76862,10,minibatch_k64,text_pca256_lexical_w005
76863,42,minibatch_k64,text_pca256_lexical_w005
76864,55,minibatch_k64,text_pca256_lexical_w005
76865,60,minibatch_k64,text_pca256_lexical_w005
76866,42,minibatch_k64,text_pca256_lexical_w005
76867,62,minibatch_k64,text_pca256_lexical_w005
76868,0,minibatch_k64,text_pca256_lexical_w005
76869,0,minibatch_k64,text_pca256_lexical_w005
76870,0,minibatch_k64,text_pca256_lexical_w005
76871,0,minibatch_k64,text_pca256_lexical_w005
76872,42,minibatch_k64,text_pca256_lexical_w005
76873,42,minibatch_k64,text_pca256_lexical_w005
76874,8,minibatch_k64,text_pca256_lexical_w005
76875,10,minibatch_k64,text_pca256_lexical_w005
76876,0,minibatch_k64,text_pca256_lexical_w005
76877,42,minibatch_k64,text_pca256_lexical_w005
76878,40,minibatch_k64,text_pca256_lexical_w005
76879,10,minibatch_k64,text_pca256_lexical_w005
76880,0,minibatch_k64,text_pca256_lexical_w005
76881,8,minibatch_k64,text_pca256_lexical_w005
76882,5,minibatch_k64,text_pca256_lexical_w005
76883,38,minibatch_k64,text_pca256_lexical_w005
76884,58,minibatch_k64,text_pca256_lexical_w005
76885,45,minibatch_k64,text_pca256_lexical_w005
76886,23,minibatch_k64,text_pca256_lexical_w005
76887,54,minibatch_k64,text_pca256_lexical_w005
76888,62,minibatch_k64,text_pca256_lexical_w005
76889,21,minibatch_k64,text_pca256_lexical_w005
76890,62,minibatch_k64,text_pca256_lexical_w005
76891,0,minibatch_k64,text_pca256_lexical_w005
76892,42,minibatch_k64,text_pca256_lexical_w005
76893,0,minibatch_k64,text_pca256_lexical_w005
76894,38,minibatch_k64,text_pca256_lexical_w005
76895,8,minibatch_k64,text_pca256_lexical_w005
76896,58,minibatch_k64,text_pca256_lexical_w005
76897,23,minibatch_k64,text_pca256_lexical_w005
76898,42,minibatch_k64,text_pca256_lexical_w005
76899,60,minibatch_k64,text_pca256_lexical_w005
76900,0,minibatch_k64,text_pca256_lexical_w005
76901,0,minibatch_k64,text_pca256_lexical_w005
76902,23,minibatch_k64,text_pca256_lexical_w005
76903,0,minibatch_k64,text_pca256_lexical_w005
76904,42,minibatch_k64,text_pca256_lexical_w005
76905,62,minibatch_k64,text_pca256_lexical_w005
76906,40,minibatch_k64,text_pca256_lexical_w005
76907,8,minibatch_k64,text_pca256_lexical_w005
76908,42,minibatch_k64,text_pca256_lexical_w005
76909,8,minibatch_k64,text_pca256_lexical_w005
76910,0,minibatch_k64,text_pca256_lexical_w005
76911,8,minibatch_k64,text_pca256_lexical_w005
76912,23,minibatch_k64,text_pca256_lexical_w005
76913,5,minibatch_k64,text_pca256_lexical_w005
76914,0,minibatch_k64,text_pca256_lexical_w005
76915,0,minibatch_k64,text_pca256_lexical_w005
76916,5,minibatch_k64,text_pca256_lexical_w005
76917,0,minibatch_k64,text_pca256_lexical_w005
76918,0,minibatch_k64,text_pca256_lexical_w005
76919,0,minibatch_k64,text_pca256_lexical_w005
76920,8,minibatch_k64,text_pca256_lexical_w005
76921,20,minibatch_k64,text_pca256_lexical_w005
76922,38,minibatch_k64,text_pca256_lexical_w005
76923,58,minibatch_k64,text_pca256_lexical_w005
76924,55,minibatch_k64,text_pca256_lexical_w005
76925,54,minibatch_k64,text_pca256_lexical_w005
76926,0,minibatch_k64,text_pca256_lexical_w005
76927,56,minibatch_k64,text_pca256_lexical_w005
76928,0,minibatch_k64,text_pca256_lexical_w005
76929,8,minibatch_k64,text_pca256_lexical_w005
76930,40,minibatch_k64,text_pca256_lexical_w005
76931,12,minibatch_k64,text_pca256_lexical_w005
76932,53,minibatch_k64,text_pca256_lexical_w005
76933,23,minibatch_k64,text_pca256_lexical_w005
76934,38,minibatch_k64,text_pca256_lexical_w005
76935,58,minibatch_k64,text_pca256_lexical_w005
76936,10,minibatch_k64,text_pca256_lexical_w005
76937,23,minibatch_k64,text_pca256_lexical_w005
76938,37,minibatch_k64,text_pca256_lexical_w005
76939,8,minibatch_k64,text_pca256_lexical_w005
76940,59,minibatch_k64,text_pca256_lexical_w005
76941,38,minibatch_k64,text_pca256_lexical_w005
76942,8,minibatch_k64,text_pca256_lexical_w005
76943,0,minibatch_k64,text_pca256_lexical_w005
76944,59,minibatch_k64,text_pca256_lexical_w005
76945,20,minibatch_k64,text_pca256_lexical_w005
76946,10,minibatch_k64,text_pca256_lexical_w005
76947,15,minibatch_k64,text_pca256_lexical_w005
76948,20,minibatch_k64,text_pca256_lexical_w005
76949,10,minibatch_k64,text_pca256_lexical_w005
76950,8,minibatch_k64,text_pca256_lexical_w005
76951,20,minibatch_k64,text_pca256_lexical_w005
76952,38,minibatch_k64,text_pca256_lexical_w005
76953,0,minibatch_k64,text_pca256_lexical_w005
76954,23,minibatch_k64,text_pca256_lexical_w005
76955,54,minibatch_k64,text_pca256_lexical_w005
76956,62,minibatch_k64,text_pca256_lexical_w005
76957,20,minibatch_k64,text_pca256_lexical_w005
76958,23,minibatch_k64,text_pca256_lexical_w005
76959,8,minibatch_k64,text_pca256_lexical_w005
76960,20,minibatch_k64,text_pca256_lexical_w005
76961,10,minibatch_k64,text_pca256_lexical_w005
76962,38,minibatch_k64,text_pca256_lexical_w005
76963,0,minibatch_k64,text_pca256_lexical_w005
76964,23,minibatch_k64,text_pca256_lexical_w005
76965,37,minibatch_k64,text_pca256_lexical_w005
76966,42,minibatch_k64,text_pca256_lexical_w005
76967,0,minibatch_k64,text_pca256_lexical_w005
76968,8,minibatch_k64,text_pca256_lexical_w005
76969,0,minibatch_k64,text_pca256_lexical_w005
76970,33,minibatch_k64,text_pca256_lexical_w005
76971,62,minibatch_k64,text_pca256_lexical_w005
76972,62,minibatch_k64,text_pca256_lexical_w005
76973,10,minibatch_k64,text_pca256_lexical_w005
76974,50,minibatch_k64,text_pca256_lexical_w005
76975,61,minibatch_k64,text_pca256_lexical_w005
76976,15,minibatch_k64,text_pca256_lexical_w005
76977,0,minibatch_k64,text_pca256_lexical_w005
76978,62,minibatch_k64,text_pca256_lexical_w005
76979,4,minibatch_k64,text_pca256_lexical_w005
76980,42,minibatch_k64,text_pca256_lexical_w005
76981,33,minibatch_k64,text_pca256_lexical_w005
76982,0,minibatch_k64,text_pca256_lexical_w005
76983,42,minibatch_k64,text_pca256_lexical_w005
76984,0,minibatch_k64,text_pca256_lexical_w005
76985,21,minibatch_k64,text_pca256_lexical_w005
76986,8,minibatch_k64,text_pca256_lexical_w005
76987,8,minibatch_k64,text_pca256_lexical_w005
76988,8,minibatch_k64,text_pca256_lexical_w005
76989,8,minibatch_k64,text_pca256_lexical_w005
76990,8,minibatch_k64,text_pca256_lexical_w005
76991,2,minibatch_k64,text_pca256_lexical_w005
76992,15,minibatch_k64,text_pca256_lexical_w005
76993,62,minibatch_k64,text_pca256_lexical_w005
76994,8,minibatch_k64,text_pca256_lexical_w005
76995,38,minibatch_k64,text_pca256_lexical_w005
76996,45,minibatch_k64,text_pca256_lexical_w005
76997,23,minibatch_k64,text_pca256_lexical_w005
76998,35,minibatch_k64,text_pca256_lexical_w005
76999,42,minibatch_k64,text_pca256_lexical_w005
77000,10,minibatch_k64,text_pca256_lexical_w005
77001,62,minibatch_k64,text_pca256_lexical_w005
77002,20,minibatch_k64,text_pca256_lexical_w005
77003,42,minibatch_k64,text_pca256_lexical_w005
77004,10,minibatch_k64,text_pca256_lexical_w005
77005,42,minibatch_k64,text_pca256_lexical_w005
77006,8,minibatch_k64,text_pca256_lexical_w005
77007,0,minibatch_k64,text_pca256_lexical_w005
77008,0,minibatch_k64,text_pca256_lexical_w005
77009,0,minibatch_k64,text_pca256_lexical_w005
77010,42,minibatch_k64,text_pca256_lexical_w005
77011,38,minibatch_k64,text_pca256_lexical_w005
77012,23,minibatch_k64,text_pca256_lexical_w005
77013,35,minibatch_k64,text_pca256_lexical_w005
77014,33,minibatch_k64,text_pca256_lexical_w005
77015,38,minibatch_k64,text_pca256_lexical_w005
77016,23,minibatch_k64,text_pca256_lexical_w005
77017,22,minibatch_k64,text_pca256_lexical_w005
77018,61,minibatch_k64,text_pca256_lexical_w005
77019,61,minibatch_k64,text_pca256_lexical_w005
77020,61,minibatch_k64,text_pca256_lexical_w005
77021,10,minibatch_k64,text_pca256_lexical_w005
77022,42,minibatch_k64,text_pca256_lexical_w005
77023,10,minibatch_k64,text_pca256_lexical_w005
77024,62,minibatch_k64,text_pca256_lexical_w005
77025,33,minibatch_k64,text_pca256_lexical_w005
77026,15,minibatch_k64,text_pca256_lexical_w005
77027,53,minibatch_k64,text_pca256_lexical_w005
77028,61,minibatch_k64,text_pca256_lexical_w005
77029,8,minibatch_k64,text_pca256_lexical_w005
77030,10,minibatch_k64,text_pca256_lexical_w005
77031,10,minibatch_k64,text_pca256_lexical_w005
77032,62,minibatch_k64,text_pca256_lexical_w005
77033,23,minibatch_k64,text_pca256_lexical_w005
77034,0,minibatch_k64,text_pca256_lexical_w005
77035,61,minibatch_k64,text_pca256_lexical_w005
77036,15,minibatch_k64,text_pca256_lexical_w005
77037,8,minibatch_k64,text_pca256_lexical_w005
77038,62,minibatch_k64,text_pca256_lexical_w005
77039,38,minibatch_k64,text_pca256_lexical_w005
77040,45,minibatch_k64,text_pca256_lexical_w005
77041,55,minibatch_k64,text_pca256_lexical_w005
77042,0,minibatch_k64,text_pca256_lexical_w005
77043,15,minibatch_k64,text_pca256_lexical_w005
77044,38,minibatch_k64,text_pca256_lexical_w005
77045,45,minibatch_k64,text_pca256_lexical_w005
77046,55,minibatch_k64,text_pca256_lexical_w005
77047,35,minibatch_k64,text_pca256_lexical_w005
77048,33,minibatch_k64,text_pca256_lexical_w005
77049,56,minibatch_k64,text_pca256_lexical_w005
77050,38,minibatch_k64,text_pca256_lexical_w005
77051,45,minibatch_k64,text_pca256_lexical_w005
77052,55,minibatch_k64,text_pca256_lexical_w005
77053,37,minibatch_k64,text_pca256_lexical_w005
77054,0,minibatch_k64,text_pca256_lexical_w005
77055,15,minibatch_k64,text_pca256_lexical_w005
77056,39,minibatch_k64,text_pca256_lexical_w005
77057,38,minibatch_k64,text_pca256_lexical_w005
77058,54,minibatch_k64,text_pca256_lexical_w005
77059,5,minibatch_k64,text_pca256_lexical_w005
77060,38,minibatch_k64,text_pca256_lexical_w005
77061,55,minibatch_k64,text_pca256_lexical_w005
77062,37,minibatch_k64,text_pca256_lexical_w005
77063,38,minibatch_k64,text_pca256_lexical_w005
77064,55,minibatch_k64,text_pca256_lexical_w005
77065,37,minibatch_k64,text_pca256_lexical_w005
77066,40,minibatch_k64,text_pca256_lexical_w005
77067,40,minibatch_k64,text_pca256_lexical_w005
77068,12,minibatch_k64,text_pca256_lexical_w005
77069,40,minibatch_k64,text_pca256_lexical_w005
77070,21,minibatch_k64,text_pca256_lexical_w005
77071,38,minibatch_k64,text_pca256_lexical_w005
77072,10,minibatch_k64,text_pca256_lexical_w005
77073,37,minibatch_k64,text_pca256_lexical_w005
77074,20,minibatch_k64,text_pca256_lexical_w005
77075,18,minibatch_k64,text_pca256_lexical_w005
77076,33,minibatch_k64,text_pca256_lexical_w005
77077,38,minibatch_k64,text_pca256_lexical_w005
77078,37,minibatch_k64,text_pca256_lexical_w005
77079,20,minibatch_k64,text_pca256_lexical_w005
77080,39,minibatch_k64,text_pca256_lexical_w005
77081,59,minibatch_k64,text_pca256_lexical_w005
77082,38,minibatch_k64,text_pca256_lexical_w005
77083,37,minibatch_k64,text_pca256_lexical_w005
77084,37,minibatch_k64,text_pca256_lexical_w005
77085,33,minibatch_k64,text_pca256_lexical_w005
77086,42,minibatch_k64,text_pca256_lexical_w005
77087,38,minibatch_k64,text_pca256_lexical_w005
77088,10,minibatch_k64,text_pca256_lexical_w005
77089,37,minibatch_k64,text_pca256_lexical_w005
77090,0,minibatch_k64,text_pca256_lexical_w005
77091,33,minibatch_k64,text_pca256_lexical_w005
77092,45,minibatch_k64,text_pca256_lexical_w005
77093,32,minibatch_k64,text_pca256_lexical_w005
77094,38,minibatch_k64,text_pca256_lexical_w005
77095,37,minibatch_k64,text_pca256_lexical_w005
77096,62,minibatch_k64,text_pca256_lexical_w005
77097,0,minibatch_k64,text_pca256_lexical_w005
77098,45,minibatch_k64,text_pca256_lexical_w005
77099,38,minibatch_k64,text_pca256_lexical_w005
77100,55,minibatch_k64,text_pca256_lexical_w005
77101,37,minibatch_k64,text_pca256_lexical_w005
77102,30,minibatch_k64,text_pca256_lexical_w005
77103,17,minibatch_k64,text_pca256_lexical_w005
77104,30,minibatch_k64,text_pca256_lexical_w005
77105,17,minibatch_k64,text_pca256_lexical_w005
77106,30,minibatch_k64,text_pca256_lexical_w005
77107,30,minibatch_k64,text_pca256_lexical_w005
77108,30,minibatch_k64,text_pca256_lexical_w005
77109,30,minibatch_k64,text_pca256_lexical_w005
77110,17,minibatch_k64,text_pca256_lexical_w005
77111,17,minibatch_k64,text_pca256_lexical_w005
77112,30,minibatch_k64,text_pca256_lexical_w005
77113,0,minibatch_k64,text_pca256_lexical_w005
77114,30,minibatch_k64,text_pca256_lexical_w005
77115,17,minibatch_k64,text_pca256_lexical_w005
77116,30,minibatch_k64,text_pca256_lexical_w005
77117,33,minibatch_k64,text_pca256_lexical_w005
77118,17,minibatch_k64,text_pca256_lexical_w005
77119,45,minibatch_k64,text_pca256_lexical_w005
77120,38,minibatch_k64,text_pca256_lexical_w005
77121,55,minibatch_k64,text_pca256_lexical_w005
77122,60,minibatch_k64,text_pca256_lexical_w005
77123,0,minibatch_k64,text_pca256_lexical_w005
77124,32,minibatch_k64,text_pca256_lexical_w005
77125,0,minibatch_k64,text_pca256_lexical_w005
77126,59,minibatch_k64,text_pca256_lexical_w005
77127,18,minibatch_k64,text_pca256_lexical_w005
77128,0,minibatch_k64,text_pca256_lexical_w005
77129,62,minibatch_k64,text_pca256_lexical_w005
77130,62,minibatch_k64,text_pca256_lexical_w005
77131,8,minibatch_k64,text_pca256_lexical_w005
77132,0,minibatch_k64,text_pca256_lexical_w005
77133,23,minibatch_k64,text_pca256_lexical_w005
77134,33,minibatch_k64,text_pca256_lexical_w005
77135,62,minibatch_k64,text_pca256_lexical_w005
77136,62,minibatch_k64,text_pca256_lexical_w005
77137,59,minibatch_k64,text_pca256_lexical_w005
77138,23,minibatch_k64,text_pca256_lexical_w005
77139,62,minibatch_k64,text_pca256_lexical_w005
77140,33,minibatch_k64,text_pca256_lexical_w005
77141,62,minibatch_k64,text_pca256_lexical_w005
77142,59,minibatch_k64,text_pca256_lexical_w005
77143,62,minibatch_k64,text_pca256_lexical_w005
77144,42,minibatch_k64,text_pca256_lexical_w005
77145,50,minibatch_k64,text_pca256_lexical_w005
77146,61,minibatch_k64,text_pca256_lexical_w005
77147,62,minibatch_k64,text_pca256_lexical_w005
77148,33,minibatch_k64,text_pca256_lexical_w005
77149,62,minibatch_k64,text_pca256_lexical_w005
77150,8,minibatch_k64,text_pca256_lexical_w005
77151,10,minibatch_k64,text_pca256_lexical_w005
77152,61,minibatch_k64,text_pca256_lexical_w005
77153,50,minibatch_k64,text_pca256_lexical_w005
77154,33,minibatch_k64,text_pca256_lexical_w005
77155,21,minibatch_k64,text_pca256_lexical_w005
77156,61,minibatch_k64,text_pca256_lexical_w005
77157,15,minibatch_k64,text_pca256_lexical_w005
77158,62,minibatch_k64,text_pca256_lexical_w005
77159,33,minibatch_k64,text_pca256_lexical_w005
77160,50,minibatch_k64,text_pca256_lexical_w005
77161,21,minibatch_k64,text_pca256_lexical_w005
77162,45,minibatch_k64,text_pca256_lexical_w005
77163,5,minibatch_k64,text_pca256_lexical_w005
77164,56,minibatch_k64,text_pca256_lexical_w005
77165,15,minibatch_k64,text_pca256_lexical_w005
77166,62,minibatch_k64,text_pca256_lexical_w005
77167,21,minibatch_k64,text_pca256_lexical_w005
77168,21,minibatch_k64,text_pca256_lexical_w005
77169,33,minibatch_k64,text_pca256_lexical_w005
77170,62,minibatch_k64,text_pca256_lexical_w005
77171,5,minibatch_k64,text_pca256_lexical_w005
77172,50,minibatch_k64,text_pca256_lexical_w005
77173,21,minibatch_k64,text_pca256_lexical_w005
77174,5,minibatch_k64,text_pca256_lexical_w005
77175,2,minibatch_k64,text_pca256_lexical_w005
77176,0,minibatch_k64,text_pca256_lexical_w005
77177,0,minibatch_k64,text_pca256_lexical_w005
77178,33,minibatch_k64,text_pca256_lexical_w005
77179,62,minibatch_k64,text_pca256_lexical_w005
77180,33,minibatch_k64,text_pca256_lexical_w005
77181,42,minibatch_k64,text_pca256_lexical_w005
77182,0,minibatch_k64,text_pca256_lexical_w005
77183,33,minibatch_k64,text_pca256_lexical_w005
77184,2,minibatch_k64,text_pca256_lexical_w005
77185,56,minibatch_k64,text_pca256_lexical_w005
77186,62,minibatch_k64,text_pca256_lexical_w005
77187,15,minibatch_k64,text_pca256_lexical_w005
77188,33,minibatch_k64,text_pca256_lexical_w005
77189,15,minibatch_k64,text_pca256_lexical_w005
77190,15,minibatch_k64,text_pca256_lexical_w005
77191,8,minibatch_k64,text_pca256_lexical_w005
77192,8,minibatch_k64,text_pca256_lexical_w005
77193,2,minibatch_k64,text_pca256_lexical_w005
77194,15,minibatch_k64,text_pca256_lexical_w005
77195,33,minibatch_k64,text_pca256_lexical_w005
77196,23,minibatch_k64,text_pca256_lexical_w005
77197,38,minibatch_k64,text_pca256_lexical_w005
77198,23,minibatch_k64,text_pca256_lexical_w005
77199,55,minibatch_k64,text_pca256_lexical_w005
77200,23,minibatch_k64,text_pca256_lexical_w005
77201,8,minibatch_k64,text_pca256_lexical_w005
77202,47,minibatch_k64,text_pca256_lexical_w005
77203,33,minibatch_k64,text_pca256_lexical_w005
77204,0,minibatch_k64,text_pca256_lexical_w005
77205,47,minibatch_k64,text_pca256_lexical_w005
77206,25,minibatch_k64,text_pca256_lexical_w005
77207,47,minibatch_k64,text_pca256_lexical_w005
77208,62,minibatch_k64,text_pca256_lexical_w005
77209,33,minibatch_k64,text_pca256_lexical_w005
77210,15,minibatch_k64,text_pca256_lexical_w005
77211,15,minibatch_k64,text_pca256_lexical_w005
77212,33,minibatch_k64,text_pca256_lexical_w005
77213,5,minibatch_k64,text_pca256_lexical_w005
77214,42,minibatch_k64,text_pca256_lexical_w005
77215,33,minibatch_k64,text_pca256_lexical_w005
77216,23,minibatch_k64,text_pca256_lexical_w005
77217,56,minibatch_k64,text_pca256_lexical_w005
77218,61,minibatch_k64,text_pca256_lexical_w005
77219,61,minibatch_k64,text_pca256_lexical_w005
77220,62,minibatch_k64,text_pca256_lexical_w005
77221,33,minibatch_k64,text_pca256_lexical_w005
77222,33,minibatch_k64,text_pca256_lexical_w005
77223,33,minibatch_k64,text_pca256_lexical_w005
77224,62,minibatch_k64,text_pca256_lexical_w005
77225,15,minibatch_k64,text_pca256_lexical_w005
77226,15,minibatch_k64,text_pca256_lexical_w005
77227,8,minibatch_k64,text_pca256_lexical_w005
77228,33,minibatch_k64,text_pca256_lexical_w005
77229,15,minibatch_k64,text_pca256_lexical_w005
77230,15,minibatch_k64,text_pca256_lexical_w005
77231,61,minibatch_k64,text_pca256_lexical_w005
77232,33,minibatch_k64,text_pca256_lexical_w005
77233,33,minibatch_k64,text_pca256_lexical_w005
77234,59,minibatch_k64,text_pca256_lexical_w005
77235,33,minibatch_k64,text_pca256_lexical_w005
77236,33,minibatch_k64,text_pca256_lexical_w005
77237,15,minibatch_k64,text_pca256_lexical_w005
77238,15,minibatch_k64,text_pca256_lexical_w005
77239,33,minibatch_k64,text_pca256_lexical_w005
77240,56,minibatch_k64,text_pca256_lexical_w005
77241,21,minibatch_k64,text_pca256_lexical_w005
77242,33,minibatch_k64,text_pca256_lexical_w005
77243,39,minibatch_k64,text_pca256_lexical_w005
77244,0,minibatch_k64,text_pca256_lexical_w005
77245,33,minibatch_k64,text_pca256_lexical_w005
77246,5,minibatch_k64,text_pca256_lexical_w005
77247,21,minibatch_k64,text_pca256_lexical_w005
77248,33,minibatch_k64,text_pca256_lexical_w005
77249,62,minibatch_k64,text_pca256_lexical_w005
77250,15,minibatch_k64,text_pca256_lexical_w005
77251,15,minibatch_k64,text_pca256_lexical_w005
77252,62,minibatch_k64,text_pca256_lexical_w005
77253,38,minibatch_k64,text_pca256_lexical_w005
77254,62,minibatch_k64,text_pca256_lexical_w005
77255,15,minibatch_k64,text_pca256_lexical_w005
77256,45,minibatch_k64,text_pca256_lexical_w005
77257,45,minibatch_k64,text_pca256_lexical_w005
77258,55,minibatch_k64,text_pca256_lexical_w005
77259,4,minibatch_k64,text_pca256_lexical_w005
77260,62,minibatch_k64,text_pca256_lexical_w005
77261,4,minibatch_k64,text_pca256_lexical_w005
77262,21,minibatch_k64,text_pca256_lexical_w005
77263,25,minibatch_k64,text_pca256_lexical_w005
77264,0,minibatch_k64,text_pca256_lexical_w005
77265,42,minibatch_k64,text_pca256_lexical_w005
77266,45,minibatch_k64,text_pca256_lexical_w005
77267,0,minibatch_k64,text_pca256_lexical_w005
77268,45,minibatch_k64,text_pca256_lexical_w005
77269,23,minibatch_k64,text_pca256_lexical_w005
77270,42,minibatch_k64,text_pca256_lexical_w005
77271,23,minibatch_k64,text_pca256_lexical_w005
77272,0,minibatch_k64,text_pca256_lexical_w005
77273,29,minibatch_k64,text_pca256_lexical_w005
77274,33,minibatch_k64,text_pca256_lexical_w005
77275,33,minibatch_k64,text_pca256_lexical_w005
77276,23,minibatch_k64,text_pca256_lexical_w005
77277,15,minibatch_k64,text_pca256_lexical_w005
77278,23,minibatch_k64,text_pca256_lexical_w005
77279,5,minibatch_k64,text_pca256_lexical_w005
77280,23,minibatch_k64,text_pca256_lexical_w005
77281,15,minibatch_k64,text_pca256_lexical_w005
77282,15,minibatch_k64,text_pca256_lexical_w005
77283,14,minibatch_k64,text_pca256_lexical_w005
77284,33,minibatch_k64,text_pca256_lexical_w005
77285,48,minibatch_k64,text_pca256_lexical_w005
77286,38,minibatch_k64,text_pca256_lexical_w005
77287,58,minibatch_k64,text_pca256_lexical_w005
77288,15,minibatch_k64,text_pca256_lexical_w005
77289,45,minibatch_k64,text_pca256_lexical_w005
77290,23,minibatch_k64,text_pca256_lexical_w005
77291,23,minibatch_k64,text_pca256_lexical_w005
77292,15,minibatch_k64,text_pca256_lexical_w005
77293,15,minibatch_k64,text_pca256_lexical_w005
77294,25,minibatch_k64,text_pca256_lexical_w005
77295,42,minibatch_k64,text_pca256_lexical_w005
77296,0,minibatch_k64,text_pca256_lexical_w005
77297,8,minibatch_k64,text_pca256_lexical_w005
77298,47,minibatch_k64,text_pca256_lexical_w005
77299,39,minibatch_k64,text_pca256_lexical_w005
77300,23,minibatch_k64,text_pca256_lexical_w005
77301,0,minibatch_k64,text_pca256_lexical_w005
77302,33,minibatch_k64,text_pca256_lexical_w005
77303,15,minibatch_k64,text_pca256_lexical_w005
77304,15,minibatch_k64,text_pca256_lexical_w005
77305,15,minibatch_k64,text_pca256_lexical_w005
77306,12,minibatch_k64,text_pca256_lexical_w005
77307,50,minibatch_k64,text_pca256_lexical_w005
77308,8,minibatch_k64,text_pca256_lexical_w005
77309,56,minibatch_k64,text_pca256_lexical_w005
77310,4,minibatch_k64,text_pca256_lexical_w005
77311,4,minibatch_k64,text_pca256_lexical_w005
77312,15,minibatch_k64,text_pca256_lexical_w005
77313,21,minibatch_k64,text_pca256_lexical_w005
77314,50,minibatch_k64,text_pca256_lexical_w005
77315,45,minibatch_k64,text_pca256_lexical_w005
77316,45,minibatch_k64,text_pca256_lexical_w005
77317,8,minibatch_k64,text_pca256_lexical_w005
77318,62,minibatch_k64,text_pca256_lexical_w005
77319,15,minibatch_k64,text_pca256_lexical_w005
77320,62,minibatch_k64,text_pca256_lexical_w005
77321,8,minibatch_k64,text_pca256_lexical_w005
77322,15,minibatch_k64,text_pca256_lexical_w005
77323,15,minibatch_k64,text_pca256_lexical_w005
77324,50,minibatch_k64,text_pca256_lexical_w005
77325,18,minibatch_k64,text_pca256_lexical_w005
77326,62,minibatch_k64,text_pca256_lexical_w005
77327,8,minibatch_k64,text_pca256_lexical_w005
77328,42,minibatch_k64,text_pca256_lexical_w005
77329,47,minibatch_k64,text_pca256_lexical_w005
77330,62,minibatch_k64,text_pca256_lexical_w005
77331,62,minibatch_k64,text_pca256_lexical_w005
77332,0,minibatch_k64,text_pca256_lexical_w005
77333,23,minibatch_k64,text_pca256_lexical_w005
77334,8,minibatch_k64,text_pca256_lexical_w005
77335,8,minibatch_k64,text_pca256_lexical_w005
77336,15,minibatch_k64,text_pca256_lexical_w005
77337,15,minibatch_k64,text_pca256_lexical_w005
77338,47,minibatch_k64,text_pca256_lexical_w005
77339,0,minibatch_k64,text_pca256_lexical_w005
77340,8,minibatch_k64,text_pca256_lexical_w005
77341,15,minibatch_k64,text_pca256_lexical_w005
77342,21,minibatch_k64,text_pca256_lexical_w005
77343,15,minibatch_k64,text_pca256_lexical_w005
77344,0,minibatch_k64,text_pca256_lexical_w005
77345,33,minibatch_k64,text_pca256_lexical_w005
77346,15,minibatch_k64,text_pca256_lexical_w005
77347,38,minibatch_k64,text_pca256_lexical_w005
77348,45,minibatch_k64,text_pca256_lexical_w005
77349,23,minibatch_k64,text_pca256_lexical_w005
77350,4,minibatch_k64,text_pca256_lexical_w005
77351,50,minibatch_k64,text_pca256_lexical_w005
77352,8,minibatch_k64,text_pca256_lexical_w005
77353,50,minibatch_k64,text_pca256_lexical_w005
77354,4,minibatch_k64,text_pca256_lexical_w005
77355,25,minibatch_k64,text_pca256_lexical_w005
77356,45,minibatch_k64,text_pca256_lexical_w005
77357,4,minibatch_k64,text_pca256_lexical_w005
77358,14,minibatch_k64,text_pca256_lexical_w005
77359,50,minibatch_k64,text_pca256_lexical_w005
77360,5,minibatch_k64,text_pca256_lexical_w005
77361,23,minibatch_k64,text_pca256_lexical_w005
77362,4,minibatch_k64,text_pca256_lexical_w005
77363,50,minibatch_k64,text_pca256_lexical_w005
77364,0,minibatch_k64,text_pca256_lexical_w005
77365,23,minibatch_k64,text_pca256_lexical_w005
77366,45,minibatch_k64,text_pca256_lexical_w005
77367,42,minibatch_k64,text_pca256_lexical_w005
77368,4,minibatch_k64,text_pca256_lexical_w005
77369,56,minibatch_k64,text_pca256_lexical_w005
77370,15,minibatch_k64,text_pca256_lexical_w005
77371,10,minibatch_k64,text_pca256_lexical_w005
77372,14,minibatch_k64,text_pca256_lexical_w005
77373,8,minibatch_k64,text_pca256_lexical_w005
77374,42,minibatch_k64,text_pca256_lexical_w005
77375,0,minibatch_k64,text_pca256_lexical_w005
77376,23,minibatch_k64,text_pca256_lexical_w005
77377,0,minibatch_k64,text_pca256_lexical_w005
77378,0,minibatch_k64,text_pca256_lexical_w005
77379,59,minibatch_k64,text_pca256_lexical_w005
77380,15,minibatch_k64,text_pca256_lexical_w005
77381,0,minibatch_k64,text_pca256_lexical_w005
77382,15,minibatch_k64,text_pca256_lexical_w005
77383,15,minibatch_k64,text_pca256_lexical_w005
77384,33,minibatch_k64,text_pca256_lexical_w005
77385,15,minibatch_k64,text_pca256_lexical_w005
77386,15,minibatch_k64,text_pca256_lexical_w005
77387,14,minibatch_k64,text_pca256_lexical_w005
77388,62,minibatch_k64,text_pca256_lexical_w005
77389,0,minibatch_k64,text_pca256_lexical_w005
77390,62,minibatch_k64,text_pca256_lexical_w005
77391,58,minibatch_k64,text_pca256_lexical_w005
77392,23,minibatch_k64,text_pca256_lexical_w005
77393,23,minibatch_k64,text_pca256_lexical_w005
77394,62,minibatch_k64,text_pca256_lexical_w005
77395,37,minibatch_k64,text_pca256_lexical_w005
77396,0,minibatch_k64,text_pca256_lexical_w005
77397,50,minibatch_k64,text_pca256_lexical_w005
77398,59,minibatch_k64,text_pca256_lexical_w005
77399,42,minibatch_k64,text_pca256_lexical_w005
77400,25,minibatch_k64,text_pca256_lexical_w005
77401,0,minibatch_k64,text_pca256_lexical_w005
77402,62,minibatch_k64,text_pca256_lexical_w005
77403,0,minibatch_k64,text_pca256_lexical_w005
77404,33,minibatch_k64,text_pca256_lexical_w005
77405,50,minibatch_k64,text_pca256_lexical_w005
77406,8,minibatch_k64,text_pca256_lexical_w005
77407,15,minibatch_k64,text_pca256_lexical_w005
77408,8,minibatch_k64,text_pca256_lexical_w005
77409,15,minibatch_k64,text_pca256_lexical_w005
77410,62,minibatch_k64,text_pca256_lexical_w005
77411,15,minibatch_k64,text_pca256_lexical_w005
77412,15,minibatch_k64,text_pca256_lexical_w005
77413,21,minibatch_k64,text_pca256_lexical_w005
77414,5,minibatch_k64,text_pca256_lexical_w005
77415,15,minibatch_k64,text_pca256_lexical_w005
77416,2,minibatch_k64,text_pca256_lexical_w005
77417,33,minibatch_k64,text_pca256_lexical_w005
77418,15,minibatch_k64,text_pca256_lexical_w005
77419,33,minibatch_k64,text_pca256_lexical_w005
77420,8,minibatch_k64,text_pca256_lexical_w005
77421,56,minibatch_k64,text_pca256_lexical_w005
77422,8,minibatch_k64,text_pca256_lexical_w005
77423,2,minibatch_k64,text_pca256_lexical_w005
77424,0,minibatch_k64,text_pca256_lexical_w005
77425,8,minibatch_k64,text_pca256_lexical_w005
77426,8,minibatch_k64,text_pca256_lexical_w005
77427,15,minibatch_k64,text_pca256_lexical_w005
77428,62,minibatch_k64,text_pca256_lexical_w005
77429,8,minibatch_k64,text_pca256_lexical_w005
77430,21,minibatch_k64,text_pca256_lexical_w005
77431,21,minibatch_k64,text_pca256_lexical_w005
77432,15,minibatch_k64,text_pca256_lexical_w005
77433,33,minibatch_k64,text_pca256_lexical_w005
77434,33,minibatch_k64,text_pca256_lexical_w005
77435,8,minibatch_k64,text_pca256_lexical_w005
77436,15,minibatch_k64,text_pca256_lexical_w005
77437,8,minibatch_k64,text_pca256_lexical_w005
77438,14,minibatch_k64,text_pca256_lexical_w005
77439,45,minibatch_k64,text_pca256_lexical_w005
77440,33,minibatch_k64,text_pca256_lexical_w005
77441,15,minibatch_k64,text_pca256_lexical_w005
77442,8,minibatch_k64,text_pca256_lexical_w005
77443,21,minibatch_k64,text_pca256_lexical_w005
77444,15,minibatch_k64,text_pca256_lexical_w005
77445,23,minibatch_k64,text_pca256_lexical_w005
77446,58,minibatch_k64,text_pca256_lexical_w005
77447,45,minibatch_k64,text_pca256_lexical_w005
77448,62,minibatch_k64,text_pca256_lexical_w005
77449,23,minibatch_k64,text_pca256_lexical_w005
77450,55,minibatch_k64,text_pca256_lexical_w005
77451,0,minibatch_k64,text_pca256_lexical_w005
77452,22,minibatch_k64,text_pca256_lexical_w005
77453,33,minibatch_k64,text_pca256_lexical_w005
77454,33,minibatch_k64,text_pca256_lexical_w005
77455,62,minibatch_k64,text_pca256_lexical_w005
77456,15,minibatch_k64,text_pca256_lexical_w005
77457,15,minibatch_k64,text_pca256_lexical_w005
77458,0,minibatch_k64,text_pca256_lexical_w005
77459,33,minibatch_k64,text_pca256_lexical_w005
77460,8,minibatch_k64,text_pca256_lexical_w005
77461,25,minibatch_k64,text_pca256_lexical_w005
77462,62,minibatch_k64,text_pca256_lexical_w005
77463,50,minibatch_k64,text_pca256_lexical_w005
77464,15,minibatch_k64,text_pca256_lexical_w005
77465,59,minibatch_k64,text_pca256_lexical_w005
77466,15,minibatch_k64,text_pca256_lexical_w005
77467,39,minibatch_k64,text_pca256_lexical_w005
77468,0,minibatch_k64,text_pca256_lexical_w005
77469,15,minibatch_k64,text_pca256_lexical_w005
77470,33,minibatch_k64,text_pca256_lexical_w005
77471,50,minibatch_k64,text_pca256_lexical_w005
77472,50,minibatch_k64,text_pca256_lexical_w005
77473,15,minibatch_k64,text_pca256_lexical_w005
77474,15,minibatch_k64,text_pca256_lexical_w005
77475,0,minibatch_k64,text_pca256_lexical_w005
77476,23,minibatch_k64,text_pca256_lexical_w005
77477,33,minibatch_k64,text_pca256_lexical_w005
77478,8,minibatch_k64,text_pca256_lexical_w005
77479,15,minibatch_k64,text_pca256_lexical_w005
77480,56,minibatch_k64,text_pca256_lexical_w005
77481,33,minibatch_k64,text_pca256_lexical_w005
77482,0,minibatch_k64,text_pca256_lexical_w005
77483,0,minibatch_k64,text_pca256_lexical_w005
77484,33,minibatch_k64,text_pca256_lexical_w005
77485,23,minibatch_k64,text_pca256_lexical_w005
77486,33,minibatch_k64,text_pca256_lexical_w005
77487,10,minibatch_k64,text_pca256_lexical_w005
77488,45,minibatch_k64,text_pca256_lexical_w005
77489,23,minibatch_k64,text_pca256_lexical_w005
77490,50,minibatch_k64,text_pca256_lexical_w005
77491,23,minibatch_k64,text_pca256_lexical_w005
77492,23,minibatch_k64,text_pca256_lexical_w005
77493,33,minibatch_k64,text_pca256_lexical_w005
77494,0,minibatch_k64,text_pca256_lexical_w005
77495,23,minibatch_k64,text_pca256_lexical_w005
77496,0,minibatch_k64,text_pca256_lexical_w005
77497,15,minibatch_k64,text_pca256_lexical_w005
77498,8,minibatch_k64,text_pca256_lexical_w005
77499,15,minibatch_k64,text_pca256_lexical_w005
77500,33,minibatch_k64,text_pca256_lexical_w005
77501,14,minibatch_k64,text_pca256_lexical_w005
77502,8,minibatch_k64,text_pca256_lexical_w005
77503,15,minibatch_k64,text_pca256_lexical_w005
77504,8,minibatch_k64,text_pca256_lexical_w005
77505,2,minibatch_k64,text_pca256_lexical_w005
77506,38,minibatch_k64,text_pca256_lexical_w005
77507,0,minibatch_k64,text_pca256_lexical_w005
77508,55,minibatch_k64,text_pca256_lexical_w005
77509,50,minibatch_k64,text_pca256_lexical_w005
77510,35,minibatch_k64,text_pca256_lexical_w005
77511,23,minibatch_k64,text_pca256_lexical_w005
77512,25,minibatch_k64,text_pca256_lexical_w005
77513,21,minibatch_k64,text_pca256_lexical_w005
77514,62,minibatch_k64,text_pca256_lexical_w005
77515,15,minibatch_k64,text_pca256_lexical_w005
77516,33,minibatch_k64,text_pca256_lexical_w005
77517,15,minibatch_k64,text_pca256_lexical_w005
77518,0,minibatch_k64,text_pca256_lexical_w005
77519,33,minibatch_k64,text_pca256_lexical_w005
77520,0,minibatch_k64,text_pca256_lexical_w005
77521,0,minibatch_k64,text_pca256_lexical_w005
77522,8,minibatch_k64,text_pca256_lexical_w005
77523,45,minibatch_k64,text_pca256_lexical_w005
77524,15,minibatch_k64,text_pca256_lexical_w005
77525,15,minibatch_k64,text_pca256_lexical_w005
77526,15,minibatch_k64,text_pca256_lexical_w005
77527,8,minibatch_k64,text_pca256_lexical_w005
77528,33,minibatch_k64,text_pca256_lexical_w005
77529,8,minibatch_k64,text_pca256_lexical_w005
77530,23,minibatch_k64,text_pca256_lexical_w005
77531,8,minibatch_k64,text_pca256_lexical_w005
77532,33,minibatch_k64,text_pca256_lexical_w005
77533,56,minibatch_k64,text_pca256_lexical_w005
77534,15,minibatch_k64,text_pca256_lexical_w005
77535,56,minibatch_k64,text_pca256_lexical_w005
77536,5,minibatch_k64,text_pca256_lexical_w005
77537,5,minibatch_k64,text_pca256_lexical_w005
77538,62,minibatch_k64,text_pca256_lexical_w005
77539,33,minibatch_k64,text_pca256_lexical_w005
77540,0,minibatch_k64,text_pca256_lexical_w005
77541,23,minibatch_k64,text_pca256_lexical_w005
77542,0,minibatch_k64,text_pca256_lexical_w005
77543,33,minibatch_k64,text_pca256_lexical_w005
77544,50,minibatch_k64,text_pca256_lexical_w005
77545,45,minibatch_k64,text_pca256_lexical_w005
77546,48,minibatch_k64,text_pca256_lexical_w005
77547,45,minibatch_k64,text_pca256_lexical_w005
77548,56,minibatch_k64,text_pca256_lexical_w005
77549,58,minibatch_k64,text_pca256_lexical_w005
77550,2,minibatch_k64,text_pca256_lexical_w005
77551,0,minibatch_k64,text_pca256_lexical_w005
77552,23,minibatch_k64,text_pca256_lexical_w005
77553,25,minibatch_k64,text_pca256_lexical_w005
77554,63,minibatch_k64,text_pca256_lexical_w005
77555,4,minibatch_k64,text_pca256_lexical_w005
77556,33,minibatch_k64,text_pca256_lexical_w005
77557,33,minibatch_k64,text_pca256_lexical_w005
77558,62,minibatch_k64,text_pca256_lexical_w005
77559,45,minibatch_k64,text_pca256_lexical_w005
77560,15,minibatch_k64,text_pca256_lexical_w005
77561,4,minibatch_k64,text_pca256_lexical_w005
77562,33,minibatch_k64,text_pca256_lexical_w005
77563,61,minibatch_k64,text_pca256_lexical_w005
77564,33,minibatch_k64,text_pca256_lexical_w005
77565,33,minibatch_k64,text_pca256_lexical_w005
77566,15,minibatch_k64,text_pca256_lexical_w005
77567,4,minibatch_k64,text_pca256_lexical_w005
77568,15,minibatch_k64,text_pca256_lexical_w005
77569,33,minibatch_k64,text_pca256_lexical_w005
77570,15,minibatch_k64,text_pca256_lexical_w005
77571,10,minibatch_k64,text_pca256_lexical_w005
77572,0,minibatch_k64,text_pca256_lexical_w005
77573,14,minibatch_k64,text_pca256_lexical_w005
77574,4,minibatch_k64,text_pca256_lexical_w005
77575,10,minibatch_k64,text_pca256_lexical_w005
77576,61,minibatch_k64,text_pca256_lexical_w005
77577,62,minibatch_k64,text_pca256_lexical_w005
77578,5,minibatch_k64,text_pca256_lexical_w005
77579,61,minibatch_k64,text_pca256_lexical_w005
77580,0,minibatch_k64,text_pca256_lexical_w005
77581,61,minibatch_k64,text_pca256_lexical_w005
77582,61,minibatch_k64,text_pca256_lexical_w005
77583,33,minibatch_k64,text_pca256_lexical_w005
77584,23,minibatch_k64,text_pca256_lexical_w005
77585,10,minibatch_k64,text_pca256_lexical_w005
77586,23,minibatch_k64,text_pca256_lexical_w005
77587,4,minibatch_k64,text_pca256_lexical_w005
77588,33,minibatch_k64,text_pca256_lexical_w005
77589,61,minibatch_k64,text_pca256_lexical_w005
77590,15,minibatch_k64,text_pca256_lexical_w005
77591,33,minibatch_k64,text_pca256_lexical_w005
77592,23,minibatch_k64,text_pca256_lexical_w005
77593,59,minibatch_k64,text_pca256_lexical_w005
77594,5,minibatch_k64,text_pca256_lexical_w005
77595,62,minibatch_k64,text_pca256_lexical_w005
77596,10,minibatch_k64,text_pca256_lexical_w005
77597,8,minibatch_k64,text_pca256_lexical_w005
77598,10,minibatch_k64,text_pca256_lexical_w005
77599,62,minibatch_k64,text_pca256_lexical_w005
77600,33,minibatch_k64,text_pca256_lexical_w005
77601,45,minibatch_k64,text_pca256_lexical_w005
77602,39,minibatch_k64,text_pca256_lexical_w005
77603,4,minibatch_k64,text_pca256_lexical_w005
77604,62,minibatch_k64,text_pca256_lexical_w005
77605,23,minibatch_k64,text_pca256_lexical_w005
77606,39,minibatch_k64,text_pca256_lexical_w005
77607,39,minibatch_k64,text_pca256_lexical_w005
77608,15,minibatch_k64,text_pca256_lexical_w005
77609,15,minibatch_k64,text_pca256_lexical_w005
77610,56,minibatch_k64,text_pca256_lexical_w005
77611,33,minibatch_k64,text_pca256_lexical_w005
77612,8,minibatch_k64,text_pca256_lexical_w005
77613,2,minibatch_k64,text_pca256_lexical_w005
77614,39,minibatch_k64,text_pca256_lexical_w005
77615,62,minibatch_k64,text_pca256_lexical_w005
77616,15,minibatch_k64,text_pca256_lexical_w005
77617,62,minibatch_k64,text_pca256_lexical_w005
77618,8,minibatch_k64,text_pca256_lexical_w005
77619,56,minibatch_k64,text_pca256_lexical_w005
77620,15,minibatch_k64,text_pca256_lexical_w005
77621,15,minibatch_k64,text_pca256_lexical_w005
77622,33,minibatch_k64,text_pca256_lexical_w005
77623,23,minibatch_k64,text_pca256_lexical_w005
77624,15,minibatch_k64,text_pca256_lexical_w005
77625,56,minibatch_k64,text_pca256_lexical_w005
77626,33,minibatch_k64,text_pca256_lexical_w005
77627,18,minibatch_k64,text_pca256_lexical_w005
77628,33,minibatch_k64,text_pca256_lexical_w005
77629,50,minibatch_k64,text_pca256_lexical_w005
77630,8,minibatch_k64,text_pca256_lexical_w005
77631,33,minibatch_k64,text_pca256_lexical_w005
77632,0,minibatch_k64,text_pca256_lexical_w005
77633,15,minibatch_k64,text_pca256_lexical_w005
77634,33,minibatch_k64,text_pca256_lexical_w005
77635,15,minibatch_k64,text_pca256_lexical_w005
77636,15,minibatch_k64,text_pca256_lexical_w005
77637,8,minibatch_k64,text_pca256_lexical_w005
77638,33,minibatch_k64,text_pca256_lexical_w005
77639,23,minibatch_k64,text_pca256_lexical_w005
77640,23,minibatch_k64,text_pca256_lexical_w005
77641,23,minibatch_k64,text_pca256_lexical_w005
77642,4,minibatch_k64,text_pca256_lexical_w005
77643,5,minibatch_k64,text_pca256_lexical_w005
77644,4,minibatch_k64,text_pca256_lexical_w005
77645,62,minibatch_k64,text_pca256_lexical_w005
77646,33,minibatch_k64,text_pca256_lexical_w005
77647,62,minibatch_k64,text_pca256_lexical_w005
77648,33,minibatch_k64,text_pca256_lexical_w005
77649,8,minibatch_k64,text_pca256_lexical_w005
77650,56,minibatch_k64,text_pca256_lexical_w005
77651,5,minibatch_k64,text_pca256_lexical_w005
77652,18,minibatch_k64,text_pca256_lexical_w005
77653,33,minibatch_k64,text_pca256_lexical_w005
77654,5,minibatch_k64,text_pca256_lexical_w005
77655,0,minibatch_k64,text_pca256_lexical_w005
77656,56,minibatch_k64,text_pca256_lexical_w005
77657,8,minibatch_k64,text_pca256_lexical_w005
77658,10,minibatch_k64,text_pca256_lexical_w005
77659,45,minibatch_k64,text_pca256_lexical_w005
77660,45,minibatch_k64,text_pca256_lexical_w005
77661,23,minibatch_k64,text_pca256_lexical_w005
77662,45,minibatch_k64,text_pca256_lexical_w005
77663,33,minibatch_k64,text_pca256_lexical_w005
77664,33,minibatch_k64,text_pca256_lexical_w005
77665,15,minibatch_k64,text_pca256_lexical_w005
77666,15,minibatch_k64,text_pca256_lexical_w005
77667,23,minibatch_k64,text_pca256_lexical_w005
77668,5,minibatch_k64,text_pca256_lexical_w005
77669,53,minibatch_k64,text_pca256_lexical_w005
77670,42,minibatch_k64,text_pca256_lexical_w005
77671,33,minibatch_k64,text_pca256_lexical_w005
77672,15,minibatch_k64,text_pca256_lexical_w005
77673,33,minibatch_k64,text_pca256_lexical_w005
77674,23,minibatch_k64,text_pca256_lexical_w005
77675,33,minibatch_k64,text_pca256_lexical_w005
77676,8,minibatch_k64,text_pca256_lexical_w005
77677,53,minibatch_k64,text_pca256_lexical_w005
77678,33,minibatch_k64,text_pca256_lexical_w005
77679,33,minibatch_k64,text_pca256_lexical_w005
77680,15,minibatch_k64,text_pca256_lexical_w005
77681,48,minibatch_k64,text_pca256_lexical_w005
77682,45,minibatch_k64,text_pca256_lexical_w005
77683,58,minibatch_k64,text_pca256_lexical_w005
77684,55,minibatch_k64,text_pca256_lexical_w005
77685,54,minibatch_k64,text_pca256_lexical_w005
77686,10,minibatch_k64,text_pca256_lexical_w005
77687,33,minibatch_k64,text_pca256_lexical_w005
77688,8,minibatch_k64,text_pca256_lexical_w005
77689,25,minibatch_k64,text_pca256_lexical_w005
77690,23,minibatch_k64,text_pca256_lexical_w005
77691,20,minibatch_k64,text_pca256_lexical_w005
77692,33,minibatch_k64,text_pca256_lexical_w005
77693,5,minibatch_k64,text_pca256_lexical_w005
77694,8,minibatch_k64,text_pca256_lexical_w005
77695,0,minibatch_k64,text_pca256_lexical_w005
77696,8,minibatch_k64,text_pca256_lexical_w005
77697,23,minibatch_k64,text_pca256_lexical_w005
77698,56,minibatch_k64,text_pca256_lexical_w005
77699,0,minibatch_k64,text_pca256_lexical_w005
77700,33,minibatch_k64,text_pca256_lexical_w005
77701,56,minibatch_k64,text_pca256_lexical_w005
77702,15,minibatch_k64,text_pca256_lexical_w005
77703,33,minibatch_k64,text_pca256_lexical_w005
77704,21,minibatch_k64,text_pca256_lexical_w005
77705,50,minibatch_k64,text_pca256_lexical_w005
77706,62,minibatch_k64,text_pca256_lexical_w005
77707,15,minibatch_k64,text_pca256_lexical_w005
77708,33,minibatch_k64,text_pca256_lexical_w005
77709,15,minibatch_k64,text_pca256_lexical_w005
77710,33,minibatch_k64,text_pca256_lexical_w005
77711,8,minibatch_k64,text_pca256_lexical_w005
77712,39,minibatch_k64,text_pca256_lexical_w005
77713,8,minibatch_k64,text_pca256_lexical_w005
77714,0,minibatch_k64,text_pca256_lexical_w005
77715,53,minibatch_k64,text_pca256_lexical_w005
77716,8,minibatch_k64,text_pca256_lexical_w005
77717,56,minibatch_k64,text_pca256_lexical_w005
77718,8,minibatch_k64,text_pca256_lexical_w005
77719,33,minibatch_k64,text_pca256_lexical_w005
77720,8,minibatch_k64,text_pca256_lexical_w005
77721,58,minibatch_k64,text_pca256_lexical_w005
77722,55,minibatch_k64,text_pca256_lexical_w005
77723,35,minibatch_k64,text_pca256_lexical_w005
77724,10,minibatch_k64,text_pca256_lexical_w005
77725,59,minibatch_k64,text_pca256_lexical_w005
77726,25,minibatch_k64,text_pca256_lexical_w005
77727,8,minibatch_k64,text_pca256_lexical_w005
77728,33,minibatch_k64,text_pca256_lexical_w005
77729,33,minibatch_k64,text_pca256_lexical_w005
77730,8,minibatch_k64,text_pca256_lexical_w005
77731,15,minibatch_k64,text_pca256_lexical_w005
77732,50,minibatch_k64,text_pca256_lexical_w005
77733,15,minibatch_k64,text_pca256_lexical_w005
77734,33,minibatch_k64,text_pca256_lexical_w005
77735,3,minibatch_k64,text_pca256_lexical_w005
77736,23,minibatch_k64,text_pca256_lexical_w005
77737,56,minibatch_k64,text_pca256_lexical_w005
77738,0,minibatch_k64,text_pca256_lexical_w005
77739,0,minibatch_k64,text_pca256_lexical_w005
77740,59,minibatch_k64,text_pca256_lexical_w005
77741,55,minibatch_k64,text_pca256_lexical_w005
77742,22,minibatch_k64,text_pca256_lexical_w005
77743,20,minibatch_k64,text_pca256_lexical_w005
77744,21,minibatch_k64,text_pca256_lexical_w005
77745,62,minibatch_k64,text_pca256_lexical_w005
77746,8,minibatch_k64,text_pca256_lexical_w005
77747,15,minibatch_k64,text_pca256_lexical_w005
77748,62,minibatch_k64,text_pca256_lexical_w005
77749,0,minibatch_k64,text_pca256_lexical_w005
77750,4,minibatch_k64,text_pca256_lexical_w005
77751,2,minibatch_k64,text_pca256_lexical_w005
77752,62,minibatch_k64,text_pca256_lexical_w005
77753,33,minibatch_k64,text_pca256_lexical_w005
77754,15,minibatch_k64,text_pca256_lexical_w005
77755,62,minibatch_k64,text_pca256_lexical_w005
77756,8,minibatch_k64,text_pca256_lexical_w005
77757,62,minibatch_k64,text_pca256_lexical_w005
77758,4,minibatch_k64,text_pca256_lexical_w005
77759,21,minibatch_k64,text_pca256_lexical_w005
77760,39,minibatch_k64,text_pca256_lexical_w005
77761,10,minibatch_k64,text_pca256_lexical_w005
77762,59,minibatch_k64,text_pca256_lexical_w005
77763,33,minibatch_k64,text_pca256_lexical_w005
77764,50,minibatch_k64,text_pca256_lexical_w005
77765,10,minibatch_k64,text_pca256_lexical_w005
77766,56,minibatch_k64,text_pca256_lexical_w005
77767,33,minibatch_k64,text_pca256_lexical_w005
77768,10,minibatch_k64,text_pca256_lexical_w005
77769,33,minibatch_k64,text_pca256_lexical_w005
77770,8,minibatch_k64,text_pca256_lexical_w005
77771,8,minibatch_k64,text_pca256_lexical_w005
77772,56,minibatch_k64,text_pca256_lexical_w005
77773,33,minibatch_k64,text_pca256_lexical_w005
77774,0,minibatch_k64,text_pca256_lexical_w005
77775,56,minibatch_k64,text_pca256_lexical_w005
77776,33,minibatch_k64,text_pca256_lexical_w005
77777,15,minibatch_k64,text_pca256_lexical_w005
77778,50,minibatch_k64,text_pca256_lexical_w005
77779,33,minibatch_k64,text_pca256_lexical_w005
77780,0,minibatch_k64,text_pca256_lexical_w005
77781,0,minibatch_k64,text_pca256_lexical_w005
77782,33,minibatch_k64,text_pca256_lexical_w005
77783,8,minibatch_k64,text_pca256_lexical_w005
77784,33,minibatch_k64,text_pca256_lexical_w005
77785,38,minibatch_k64,text_pca256_lexical_w005
77786,62,minibatch_k64,text_pca256_lexical_w005
77787,45,minibatch_k64,text_pca256_lexical_w005
77788,33,minibatch_k64,text_pca256_lexical_w005
77789,33,minibatch_k64,text_pca256_lexical_w005
77790,39,minibatch_k64,text_pca256_lexical_w005
77791,56,minibatch_k64,text_pca256_lexical_w005
77792,62,minibatch_k64,text_pca256_lexical_w005
77793,45,minibatch_k64,text_pca256_lexical_w005
77794,45,minibatch_k64,text_pca256_lexical_w005
77795,23,minibatch_k64,text_pca256_lexical_w005
77796,33,minibatch_k64,text_pca256_lexical_w005
77797,20,minibatch_k64,text_pca256_lexical_w005
77798,15,minibatch_k64,text_pca256_lexical_w005
77799,33,minibatch_k64,text_pca256_lexical_w005
77800,33,minibatch_k64,text_pca256_lexical_w005
77801,15,minibatch_k64,text_pca256_lexical_w005
77802,10,minibatch_k64,text_pca256_lexical_w005
77803,0,minibatch_k64,text_pca256_lexical_w005
77804,33,minibatch_k64,text_pca256_lexical_w005
77805,8,minibatch_k64,text_pca256_lexical_w005
77806,0,minibatch_k64,text_pca256_lexical_w005
77807,33,minibatch_k64,text_pca256_lexical_w005
77808,56,minibatch_k64,text_pca256_lexical_w005
77809,15,minibatch_k64,text_pca256_lexical_w005
77810,38,minibatch_k64,text_pca256_lexical_w005
77811,15,minibatch_k64,text_pca256_lexical_w005
77812,55,minibatch_k64,text_pca256_lexical_w005
77813,22,minibatch_k64,text_pca256_lexical_w005
77814,15,minibatch_k64,text_pca256_lexical_w005
77815,25,minibatch_k64,text_pca256_lexical_w005
77816,33,minibatch_k64,text_pca256_lexical_w005
77817,50,minibatch_k64,text_pca256_lexical_w005
77818,15,minibatch_k64,text_pca256_lexical_w005
77819,62,minibatch_k64,text_pca256_lexical_w005
77820,33,minibatch_k64,text_pca256_lexical_w005
77821,8,minibatch_k64,text_pca256_lexical_w005
77822,8,minibatch_k64,text_pca256_lexical_w005
77823,15,minibatch_k64,text_pca256_lexical_w005
77824,50,minibatch_k64,text_pca256_lexical_w005
77825,23,minibatch_k64,text_pca256_lexical_w005
77826,15,minibatch_k64,text_pca256_lexical_w005
77827,15,minibatch_k64,text_pca256_lexical_w005
77828,62,minibatch_k64,text_pca256_lexical_w005
77829,8,minibatch_k64,text_pca256_lexical_w005
77830,33,minibatch_k64,text_pca256_lexical_w005
77831,15,minibatch_k64,text_pca256_lexical_w005
77832,33,minibatch_k64,text_pca256_lexical_w005
77833,62,minibatch_k64,text_pca256_lexical_w005
77834,53,minibatch_k64,text_pca256_lexical_w005
77835,21,minibatch_k64,text_pca256_lexical_w005
77836,21,minibatch_k64,text_pca256_lexical_w005
77837,62,minibatch_k64,text_pca256_lexical_w005
77838,33,minibatch_k64,text_pca256_lexical_w005
77839,15,minibatch_k64,text_pca256_lexical_w005
77840,33,minibatch_k64,text_pca256_lexical_w005
77841,59,minibatch_k64,text_pca256_lexical_w005
77842,62,minibatch_k64,text_pca256_lexical_w005
77843,23,minibatch_k64,text_pca256_lexical_w005
77844,33,minibatch_k64,text_pca256_lexical_w005
77845,2,minibatch_k64,text_pca256_lexical_w005
77846,15,minibatch_k64,text_pca256_lexical_w005
77847,8,minibatch_k64,text_pca256_lexical_w005
77848,0,minibatch_k64,text_pca256_lexical_w005
77849,50,minibatch_k64,text_pca256_lexical_w005
77850,33,minibatch_k64,text_pca256_lexical_w005
77851,33,minibatch_k64,text_pca256_lexical_w005
77852,56,minibatch_k64,text_pca256_lexical_w005
77853,33,minibatch_k64,text_pca256_lexical_w005
77854,15,minibatch_k64,text_pca256_lexical_w005
77855,0,minibatch_k64,text_pca256_lexical_w005
77856,0,minibatch_k64,text_pca256_lexical_w005
77857,23,minibatch_k64,text_pca256_lexical_w005
77858,8,minibatch_k64,text_pca256_lexical_w005
77859,38,minibatch_k64,text_pca256_lexical_w005
77860,55,minibatch_k64,text_pca256_lexical_w005
77861,45,minibatch_k64,text_pca256_lexical_w005
77862,25,minibatch_k64,text_pca256_lexical_w005
77863,8,minibatch_k64,text_pca256_lexical_w005
77864,62,minibatch_k64,text_pca256_lexical_w005
77865,10,minibatch_k64,text_pca256_lexical_w005
77866,23,minibatch_k64,text_pca256_lexical_w005
77867,62,minibatch_k64,text_pca256_lexical_w005
77868,23,minibatch_k64,text_pca256_lexical_w005
77869,15,minibatch_k64,text_pca256_lexical_w005
77870,23,minibatch_k64,text_pca256_lexical_w005
77871,8,minibatch_k64,text_pca256_lexical_w005
77872,33,minibatch_k64,text_pca256_lexical_w005
77873,33,minibatch_k64,text_pca256_lexical_w005
77874,33,minibatch_k64,text_pca256_lexical_w005
77875,8,minibatch_k64,text_pca256_lexical_w005
77876,62,minibatch_k64,text_pca256_lexical_w005
77877,8,minibatch_k64,text_pca256_lexical_w005
77878,62,minibatch_k64,text_pca256_lexical_w005
77879,62,minibatch_k64,text_pca256_lexical_w005
77880,4,minibatch_k64,text_pca256_lexical_w005
77881,0,minibatch_k64,text_pca256_lexical_w005
77882,62,minibatch_k64,text_pca256_lexical_w005
77883,62,minibatch_k64,text_pca256_lexical_w005
77884,45,minibatch_k64,text_pca256_lexical_w005
77885,33,minibatch_k64,text_pca256_lexical_w005
77886,33,minibatch_k64,text_pca256_lexical_w005
77887,33,minibatch_k64,text_pca256_lexical_w005
77888,8,minibatch_k64,text_pca256_lexical_w005
77889,42,minibatch_k64,text_pca256_lexical_w005
77890,45,minibatch_k64,text_pca256_lexical_w005
77891,56,minibatch_k64,text_pca256_lexical_w005
77892,56,minibatch_k64,text_pca256_lexical_w005
77893,21,minibatch_k64,text_pca256_lexical_w005
77894,45,minibatch_k64,text_pca256_lexical_w005
77895,38,minibatch_k64,text_pca256_lexical_w005
77896,55,minibatch_k64,text_pca256_lexical_w005
77897,25,minibatch_k64,text_pca256_lexical_w005
77898,62,minibatch_k64,text_pca256_lexical_w005
77899,33,minibatch_k64,text_pca256_lexical_w005
77900,61,minibatch_k64,text_pca256_lexical_w005
77901,2,minibatch_k64,text_pca256_lexical_w005
77902,23,minibatch_k64,text_pca256_lexical_w005
77903,10,minibatch_k64,text_pca256_lexical_w005
77904,33,minibatch_k64,text_pca256_lexical_w005
77905,23,minibatch_k64,text_pca256_lexical_w005
77906,59,minibatch_k64,text_pca256_lexical_w005
77907,15,minibatch_k64,text_pca256_lexical_w005
77908,0,minibatch_k64,text_pca256_lexical_w005
77909,23,minibatch_k64,text_pca256_lexical_w005
77910,8,minibatch_k64,text_pca256_lexical_w005
77911,15,minibatch_k64,text_pca256_lexical_w005
77912,33,minibatch_k64,text_pca256_lexical_w005
77913,10,minibatch_k64,text_pca256_lexical_w005
77914,0,minibatch_k64,text_pca256_lexical_w005
77915,45,minibatch_k64,text_pca256_lexical_w005
77916,33,minibatch_k64,text_pca256_lexical_w005
77917,33,minibatch_k64,text_pca256_lexical_w005
77918,21,minibatch_k64,text_pca256_lexical_w005
77919,39,minibatch_k64,text_pca256_lexical_w005
77920,0,minibatch_k64,text_pca256_lexical_w005
77921,62,minibatch_k64,text_pca256_lexical_w005
77922,15,minibatch_k64,text_pca256_lexical_w005
77923,0,minibatch_k64,text_pca256_lexical_w005
77924,0,minibatch_k64,text_pca256_lexical_w005
77925,38,minibatch_k64,text_pca256_lexical_w005
77926,55,minibatch_k64,text_pca256_lexical_w005
77927,15,minibatch_k64,text_pca256_lexical_w005
77928,54,minibatch_k64,text_pca256_lexical_w005
77929,42,minibatch_k64,text_pca256_lexical_w005
77930,23,minibatch_k64,text_pca256_lexical_w005
77931,50,minibatch_k64,text_pca256_lexical_w005
77932,25,minibatch_k64,text_pca256_lexical_w005
77933,0,minibatch_k64,text_pca256_lexical_w005
77934,4,minibatch_k64,text_pca256_lexical_w005
77935,62,minibatch_k64,text_pca256_lexical_w005
77936,33,minibatch_k64,text_pca256_lexical_w005
77937,2,minibatch_k64,text_pca256_lexical_w005
77938,0,minibatch_k64,text_pca256_lexical_w005
77939,30,minibatch_k64,text_pca256_lexical_w005
77940,21,minibatch_k64,text_pca256_lexical_w005
77941,59,minibatch_k64,text_pca256_lexical_w005
77942,21,minibatch_k64,text_pca256_lexical_w005
77943,62,minibatch_k64,text_pca256_lexical_w005
77944,0,minibatch_k64,text_pca256_lexical_w005
77945,2,minibatch_k64,text_pca256_lexical_w005
77946,0,minibatch_k64,text_pca256_lexical_w005
77947,8,minibatch_k64,text_pca256_lexical_w005
77948,0,minibatch_k64,text_pca256_lexical_w005
77949,0,minibatch_k64,text_pca256_lexical_w005
77950,59,minibatch_k64,text_pca256_lexical_w005
77951,59,minibatch_k64,text_pca256_lexical_w005
77952,62,minibatch_k64,text_pca256_lexical_w005
77953,0,minibatch_k64,text_pca256_lexical_w005
77954,4,minibatch_k64,text_pca256_lexical_w005
77955,45,minibatch_k64,text_pca256_lexical_w005
77956,23,minibatch_k64,text_pca256_lexical_w005
77957,0,minibatch_k64,text_pca256_lexical_w005
77958,10,minibatch_k64,text_pca256_lexical_w005
77959,0,minibatch_k64,text_pca256_lexical_w005
77960,0,minibatch_k64,text_pca256_lexical_w005
77961,2,minibatch_k64,text_pca256_lexical_w005
77962,59,minibatch_k64,text_pca256_lexical_w005
77963,62,minibatch_k64,text_pca256_lexical_w005
77964,45,minibatch_k64,text_pca256_lexical_w005
77965,45,minibatch_k64,text_pca256_lexical_w005
77966,17,minibatch_k64,text_pca256_lexical_w005
77967,33,minibatch_k64,text_pca256_lexical_w005
77968,2,minibatch_k64,text_pca256_lexical_w005
77969,15,minibatch_k64,text_pca256_lexical_w005
77970,33,minibatch_k64,text_pca256_lexical_w005
77971,15,minibatch_k64,text_pca256_lexical_w005
77972,0,minibatch_k64,text_pca256_lexical_w005
77973,33,minibatch_k64,text_pca256_lexical_w005
77974,59,minibatch_k64,text_pca256_lexical_w005
77975,53,minibatch_k64,text_pca256_lexical_w005
77976,8,minibatch_k64,text_pca256_lexical_w005
77977,23,minibatch_k64,text_pca256_lexical_w005
77978,62,minibatch_k64,text_pca256_lexical_w005
77979,0,minibatch_k64,text_pca256_lexical_w005
77980,39,minibatch_k64,text_pca256_lexical_w005
77981,8,minibatch_k64,text_pca256_lexical_w005
77982,8,minibatch_k64,text_pca256_lexical_w005
77983,23,minibatch_k64,text_pca256_lexical_w005
77984,62,minibatch_k64,text_pca256_lexical_w005
77985,10,minibatch_k64,text_pca256_lexical_w005
77986,40,minibatch_k64,text_pca256_lexical_w005
77987,16,minibatch_k64,text_pca256_lexical_w005
77988,23,minibatch_k64,text_pca256_lexical_w005
77989,23,minibatch_k64,text_pca256_lexical_w005
77990,10,minibatch_k64,text_pca256_lexical_w005
77991,0,minibatch_k64,text_pca256_lexical_w005
77992,38,minibatch_k64,text_pca256_lexical_w005
77993,55,minibatch_k64,text_pca256_lexical_w005
77994,55,minibatch_k64,text_pca256_lexical_w005
77995,37,minibatch_k64,text_pca256_lexical_w005
77996,38,minibatch_k64,text_pca256_lexical_w005
77997,55,minibatch_k64,text_pca256_lexical_w005
77998,60,minibatch_k64,text_pca256_lexical_w005
77999,23,minibatch_k64,text_pca256_lexical_w005
78000,8,minibatch_k64,text_pca256_lexical_w005
78001,10,minibatch_k64,text_pca256_lexical_w005
78002,38,minibatch_k64,text_pca256_lexical_w005
78003,36,minibatch_k64,text_pca256_lexical_w005
78004,23,minibatch_k64,text_pca256_lexical_w005
78005,23,minibatch_k64,text_pca256_lexical_w005
78006,32,minibatch_k64,text_pca256_lexical_w005
78007,21,minibatch_k64,text_pca256_lexical_w005
78008,7,minibatch_k64,text_pca256_lexical_w005
78009,34,minibatch_k64,text_pca256_lexical_w005
78010,34,minibatch_k64,text_pca256_lexical_w005
78011,34,minibatch_k64,text_pca256_lexical_w005
78012,34,minibatch_k64,text_pca256_lexical_w005
78013,21,minibatch_k64,text_pca256_lexical_w005
78014,0,minibatch_k64,text_pca256_lexical_w005
78015,21,minibatch_k64,text_pca256_lexical_w005
78016,62,minibatch_k64,text_pca256_lexical_w005
78017,62,minibatch_k64,text_pca256_lexical_w005
78018,59,minibatch_k64,text_pca256_lexical_w005
78019,10,minibatch_k64,text_pca256_lexical_w005
78020,0,minibatch_k64,text_pca256_lexical_w005
78021,21,minibatch_k64,text_pca256_lexical_w005
78022,16,minibatch_k64,text_pca256_lexical_w005
78023,0,minibatch_k64,text_pca256_lexical_w005
78024,5,minibatch_k64,text_pca256_lexical_w005
78025,5,minibatch_k64,text_pca256_lexical_w005
78026,5,minibatch_k64,text_pca256_lexical_w005
78027,23,minibatch_k64,text_pca256_lexical_w005
78028,0,minibatch_k64,text_pca256_lexical_w005
78029,50,minibatch_k64,text_pca256_lexical_w005
78030,59,minibatch_k64,text_pca256_lexical_w005
78031,62,minibatch_k64,text_pca256_lexical_w005
78032,50,minibatch_k64,text_pca256_lexical_w005
78033,8,minibatch_k64,text_pca256_lexical_w005
78034,23,minibatch_k64,text_pca256_lexical_w005
78035,12,minibatch_k64,text_pca256_lexical_w005
78036,0,minibatch_k64,text_pca256_lexical_w005
78037,8,minibatch_k64,text_pca256_lexical_w005
78038,12,minibatch_k64,text_pca256_lexical_w005
78039,40,minibatch_k64,text_pca256_lexical_w005
78040,40,minibatch_k64,text_pca256_lexical_w005
78041,12,minibatch_k64,text_pca256_lexical_w005
78042,0,minibatch_k64,text_pca256_lexical_w005
78043,40,minibatch_k64,text_pca256_lexical_w005
78044,12,minibatch_k64,text_pca256_lexical_w005
78045,8,minibatch_k64,text_pca256_lexical_w005
78046,40,minibatch_k64,text_pca256_lexical_w005
78047,12,minibatch_k64,text_pca256_lexical_w005
78048,40,minibatch_k64,text_pca256_lexical_w005
78049,40,minibatch_k64,text_pca256_lexical_w005
78050,12,minibatch_k64,text_pca256_lexical_w005
78051,40,minibatch_k64,text_pca256_lexical_w005
78052,23,minibatch_k64,text_pca256_lexical_w005
78053,40,minibatch_k64,text_pca256_lexical_w005
78054,10,minibatch_k64,text_pca256_lexical_w005
78055,38,minibatch_k64,text_pca256_lexical_w005
78056,23,minibatch_k64,text_pca256_lexical_w005
78057,55,minibatch_k64,text_pca256_lexical_w005
78058,23,minibatch_k64,text_pca256_lexical_w005
78059,0,minibatch_k64,text_pca256_lexical_w005
78060,23,minibatch_k64,text_pca256_lexical_w005
78061,62,minibatch_k64,text_pca256_lexical_w005
78062,23,minibatch_k64,text_pca256_lexical_w005
78063,53,minibatch_k64,text_pca256_lexical_w005
78064,38,minibatch_k64,text_pca256_lexical_w005
78065,55,minibatch_k64,text_pca256_lexical_w005
78066,2,minibatch_k64,text_pca256_lexical_w005
78067,23,minibatch_k64,text_pca256_lexical_w005
78068,40,minibatch_k64,text_pca256_lexical_w005
78069,38,minibatch_k64,text_pca256_lexical_w005
78070,55,minibatch_k64,text_pca256_lexical_w005
78071,42,minibatch_k64,text_pca256_lexical_w005
78072,32,minibatch_k64,text_pca256_lexical_w005
78073,23,minibatch_k64,text_pca256_lexical_w005
78074,40,minibatch_k64,text_pca256_lexical_w005
78075,16,minibatch_k64,text_pca256_lexical_w005
78076,42,minibatch_k64,text_pca256_lexical_w005
78077,38,minibatch_k64,text_pca256_lexical_w005
78078,42,minibatch_k64,text_pca256_lexical_w005
78079,42,minibatch_k64,text_pca256_lexical_w005
78080,0,minibatch_k64,text_pca256_lexical_w005
78081,2,minibatch_k64,text_pca256_lexical_w005
78082,32,minibatch_k64,text_pca256_lexical_w005
78083,2,minibatch_k64,text_pca256_lexical_w005
78084,42,minibatch_k64,text_pca256_lexical_w005
78085,23,minibatch_k64,text_pca256_lexical_w005
78086,38,minibatch_k64,text_pca256_lexical_w005
78087,23,minibatch_k64,text_pca256_lexical_w005
78088,57,minibatch_k64,text_pca256_lexical_w005
78089,57,minibatch_k64,text_pca256_lexical_w005
78090,32,minibatch_k64,text_pca256_lexical_w005
78091,33,minibatch_k64,text_pca256_lexical_w005
78092,16,minibatch_k64,text_pca256_lexical_w005
78093,23,minibatch_k64,text_pca256_lexical_w005
78094,16,minibatch_k64,text_pca256_lexical_w005
78095,2,minibatch_k64,text_pca256_lexical_w005
78096,62,minibatch_k64,text_pca256_lexical_w005
78097,38,minibatch_k64,text_pca256_lexical_w005
78098,23,minibatch_k64,text_pca256_lexical_w005
78099,38,minibatch_k64,text_pca256_lexical_w005
78100,55,minibatch_k64,text_pca256_lexical_w005
78101,23,minibatch_k64,text_pca256_lexical_w005
78102,38,minibatch_k64,text_pca256_lexical_w005
78103,23,minibatch_k64,text_pca256_lexical_w005
78104,62,minibatch_k64,text_pca256_lexical_w005
78105,62,minibatch_k64,text_pca256_lexical_w005
78106,5,minibatch_k64,text_pca256_lexical_w005
78107,45,minibatch_k64,text_pca256_lexical_w005
78108,45,minibatch_k64,text_pca256_lexical_w005
78109,2,minibatch_k64,text_pca256_lexical_w005
78110,0,minibatch_k64,text_pca256_lexical_w005
78111,45,minibatch_k64,text_pca256_lexical_w005
78112,59,minibatch_k64,text_pca256_lexical_w005
78113,23,minibatch_k64,text_pca256_lexical_w005
78114,2,minibatch_k64,text_pca256_lexical_w005
78115,5,minibatch_k64,text_pca256_lexical_w005
78116,2,minibatch_k64,text_pca256_lexical_w005
78117,4,minibatch_k64,text_pca256_lexical_w005
78118,4,minibatch_k64,text_pca256_lexical_w005
78119,56,minibatch_k64,text_pca256_lexical_w005
78120,0,minibatch_k64,text_pca256_lexical_w005
78121,5,minibatch_k64,text_pca256_lexical_w005
78122,5,minibatch_k64,text_pca256_lexical_w005
78123,23,minibatch_k64,text_pca256_lexical_w005
78124,2,minibatch_k64,text_pca256_lexical_w005
78125,0,minibatch_k64,text_pca256_lexical_w005
78126,0,minibatch_k64,text_pca256_lexical_w005
78127,0,minibatch_k64,text_pca256_lexical_w005
78128,0,minibatch_k64,text_pca256_lexical_w005
78129,62,minibatch_k64,text_pca256_lexical_w005
78130,8,minibatch_k64,text_pca256_lexical_w005
78131,23,minibatch_k64,text_pca256_lexical_w005
78132,5,minibatch_k64,text_pca256_lexical_w005
78133,5,minibatch_k64,text_pca256_lexical_w005
78134,5,minibatch_k64,text_pca256_lexical_w005
78135,5,minibatch_k64,text_pca256_lexical_w005
78136,5,minibatch_k64,text_pca256_lexical_w005
78137,5,minibatch_k64,text_pca256_lexical_w005
78138,45,minibatch_k64,text_pca256_lexical_w005
78139,23,minibatch_k64,text_pca256_lexical_w005
78140,2,minibatch_k64,text_pca256_lexical_w005
78141,0,minibatch_k64,text_pca256_lexical_w005
78142,2,minibatch_k64,text_pca256_lexical_w005
78143,4,minibatch_k64,text_pca256_lexical_w005
78144,5,minibatch_k64,text_pca256_lexical_w005
78145,4,minibatch_k64,text_pca256_lexical_w005
78146,0,minibatch_k64,text_pca256_lexical_w005
78147,5,minibatch_k64,text_pca256_lexical_w005
78148,5,minibatch_k64,text_pca256_lexical_w005
78149,0,minibatch_k64,text_pca256_lexical_w005
78150,8,minibatch_k64,text_pca256_lexical_w005
78151,0,minibatch_k64,text_pca256_lexical_w005
78152,62,minibatch_k64,text_pca256_lexical_w005
78153,23,minibatch_k64,text_pca256_lexical_w005
78154,45,minibatch_k64,text_pca256_lexical_w005
78155,43,minibatch_k64,text_pca256_lexical_w005
78156,62,minibatch_k64,text_pca256_lexical_w005
78157,39,minibatch_k64,text_pca256_lexical_w005
78158,45,minibatch_k64,text_pca256_lexical_w005
78159,0,minibatch_k64,text_pca256_lexical_w005
78160,23,minibatch_k64,text_pca256_lexical_w005
78161,62,minibatch_k64,text_pca256_lexical_w005
78162,2,minibatch_k64,text_pca256_lexical_w005
78163,45,minibatch_k64,text_pca256_lexical_w005
78164,23,minibatch_k64,text_pca256_lexical_w005
78165,45,minibatch_k64,text_pca256_lexical_w005
78166,62,minibatch_k64,text_pca256_lexical_w005
78167,33,minibatch_k64,text_pca256_lexical_w005
78168,39,minibatch_k64,text_pca256_lexical_w005
78169,23,minibatch_k64,text_pca256_lexical_w005
78170,2,minibatch_k64,text_pca256_lexical_w005
78171,0,minibatch_k64,text_pca256_lexical_w005
78172,62,minibatch_k64,text_pca256_lexical_w005
78173,62,minibatch_k64,text_pca256_lexical_w005
78174,59,minibatch_k64,text_pca256_lexical_w005
78175,29,minibatch_k64,text_pca256_lexical_w005
78176,5,minibatch_k64,text_pca256_lexical_w005
78177,46,minibatch_k64,text_pca256_lexical_w005
78178,46,minibatch_k64,text_pca256_lexical_w005
78179,5,minibatch_k64,text_pca256_lexical_w005
78180,45,minibatch_k64,text_pca256_lexical_w005
78181,25,minibatch_k64,text_pca256_lexical_w005
78182,2,minibatch_k64,text_pca256_lexical_w005
78183,45,minibatch_k64,text_pca256_lexical_w005
78184,45,minibatch_k64,text_pca256_lexical_w005
78185,33,minibatch_k64,text_pca256_lexical_w005
78186,0,minibatch_k64,text_pca256_lexical_w005
78187,2,minibatch_k64,text_pca256_lexical_w005
78188,38,minibatch_k64,text_pca256_lexical_w005
78189,45,minibatch_k64,text_pca256_lexical_w005
78190,55,minibatch_k64,text_pca256_lexical_w005
78191,4,minibatch_k64,text_pca256_lexical_w005
78192,10,minibatch_k64,text_pca256_lexical_w005
78193,0,minibatch_k64,text_pca256_lexical_w005
78194,0,minibatch_k64,text_pca256_lexical_w005
78195,0,minibatch_k64,text_pca256_lexical_w005
78196,5,minibatch_k64,text_pca256_lexical_w005
78197,23,minibatch_k64,text_pca256_lexical_w005
78198,0,minibatch_k64,text_pca256_lexical_w005
78199,2,minibatch_k64,text_pca256_lexical_w005
78200,2,minibatch_k64,text_pca256_lexical_w005
78201,8,minibatch_k64,text_pca256_lexical_w005
78202,33,minibatch_k64,text_pca256_lexical_w005
78203,62,minibatch_k64,text_pca256_lexical_w005
78204,8,minibatch_k64,text_pca256_lexical_w005
78205,2,minibatch_k64,text_pca256_lexical_w005
78206,2,minibatch_k64,text_pca256_lexical_w005
78207,8,minibatch_k64,text_pca256_lexical_w005
78208,8,minibatch_k64,text_pca256_lexical_w005
78209,8,minibatch_k64,text_pca256_lexical_w005
78210,0,minibatch_k64,text_pca256_lexical_w005
78211,45,minibatch_k64,text_pca256_lexical_w005
78212,45,minibatch_k64,text_pca256_lexical_w005
78213,0,minibatch_k64,text_pca256_lexical_w005
78214,25,minibatch_k64,text_pca256_lexical_w005
78215,5,minibatch_k64,text_pca256_lexical_w005
78216,38,minibatch_k64,text_pca256_lexical_w005
78217,45,minibatch_k64,text_pca256_lexical_w005
78218,45,minibatch_k64,text_pca256_lexical_w005
78219,23,minibatch_k64,text_pca256_lexical_w005
78220,55,minibatch_k64,text_pca256_lexical_w005
78221,4,minibatch_k64,text_pca256_lexical_w005
78222,4,minibatch_k64,text_pca256_lexical_w005
78223,5,minibatch_k64,text_pca256_lexical_w005
78224,23,minibatch_k64,text_pca256_lexical_w005
78225,2,minibatch_k64,text_pca256_lexical_w005
78226,23,minibatch_k64,text_pca256_lexical_w005
78227,15,minibatch_k64,text_pca256_lexical_w005
78228,62,minibatch_k64,text_pca256_lexical_w005
78229,10,minibatch_k64,text_pca256_lexical_w005
78230,62,minibatch_k64,text_pca256_lexical_w005
78231,0,minibatch_k64,text_pca256_lexical_w005
78232,62,minibatch_k64,text_pca256_lexical_w005
78233,23,minibatch_k64,text_pca256_lexical_w005
78234,4,minibatch_k64,text_pca256_lexical_w005
78235,0,minibatch_k64,text_pca256_lexical_w005
78236,5,minibatch_k64,text_pca256_lexical_w005
78237,25,minibatch_k64,text_pca256_lexical_w005
78238,15,minibatch_k64,text_pca256_lexical_w005
78239,2,minibatch_k64,text_pca256_lexical_w005
78240,62,minibatch_k64,text_pca256_lexical_w005
78241,5,minibatch_k64,text_pca256_lexical_w005
78242,29,minibatch_k64,text_pca256_lexical_w005
78243,5,minibatch_k64,text_pca256_lexical_w005
78244,62,minibatch_k64,text_pca256_lexical_w005
78245,38,minibatch_k64,text_pca256_lexical_w005
78246,45,minibatch_k64,text_pca256_lexical_w005
78247,23,minibatch_k64,text_pca256_lexical_w005
78248,55,minibatch_k64,text_pca256_lexical_w005
78249,23,minibatch_k64,text_pca256_lexical_w005
78250,4,minibatch_k64,text_pca256_lexical_w005
78251,62,minibatch_k64,text_pca256_lexical_w005
78252,45,minibatch_k64,text_pca256_lexical_w005
78253,59,minibatch_k64,text_pca256_lexical_w005
78254,62,minibatch_k64,text_pca256_lexical_w005
78255,62,minibatch_k64,text_pca256_lexical_w005
78256,10,minibatch_k64,text_pca256_lexical_w005
78257,10,minibatch_k64,text_pca256_lexical_w005
78258,15,minibatch_k64,text_pca256_lexical_w005
78259,8,minibatch_k64,text_pca256_lexical_w005
78260,15,minibatch_k64,text_pca256_lexical_w005
78261,62,minibatch_k64,text_pca256_lexical_w005
78262,15,minibatch_k64,text_pca256_lexical_w005
78263,15,minibatch_k64,text_pca256_lexical_w005
78264,21,minibatch_k64,text_pca256_lexical_w005
78265,15,minibatch_k64,text_pca256_lexical_w005
78266,62,minibatch_k64,text_pca256_lexical_w005
78267,47,minibatch_k64,text_pca256_lexical_w005
78268,0,minibatch_k64,text_pca256_lexical_w005
78269,62,minibatch_k64,text_pca256_lexical_w005
78270,10,minibatch_k64,text_pca256_lexical_w005
78271,47,minibatch_k64,text_pca256_lexical_w005
78272,0,minibatch_k64,text_pca256_lexical_w005
78273,42,minibatch_k64,text_pca256_lexical_w005
78274,0,minibatch_k64,text_pca256_lexical_w005
78275,42,minibatch_k64,text_pca256_lexical_w005
78276,45,minibatch_k64,text_pca256_lexical_w005
78277,39,minibatch_k64,text_pca256_lexical_w005
78278,45,minibatch_k64,text_pca256_lexical_w005
78279,2,minibatch_k64,text_pca256_lexical_w005
78280,2,minibatch_k64,text_pca256_lexical_w005
78281,0,minibatch_k64,text_pca256_lexical_w005
78282,0,minibatch_k64,text_pca256_lexical_w005
78283,0,minibatch_k64,text_pca256_lexical_w005
78284,15,minibatch_k64,text_pca256_lexical_w005
78285,42,minibatch_k64,text_pca256_lexical_w005
78286,29,minibatch_k64,text_pca256_lexical_w005
78287,8,minibatch_k64,text_pca256_lexical_w005
78288,45,minibatch_k64,text_pca256_lexical_w005
78289,10,minibatch_k64,text_pca256_lexical_w005
78290,29,minibatch_k64,text_pca256_lexical_w005
78291,62,minibatch_k64,text_pca256_lexical_w005
78292,15,minibatch_k64,text_pca256_lexical_w005
78293,62,minibatch_k64,text_pca256_lexical_w005
78294,45,minibatch_k64,text_pca256_lexical_w005
78295,29,minibatch_k64,text_pca256_lexical_w005
78296,45,minibatch_k64,text_pca256_lexical_w005
78297,23,minibatch_k64,text_pca256_lexical_w005
78298,29,minibatch_k64,text_pca256_lexical_w005
78299,23,minibatch_k64,text_pca256_lexical_w005
78300,10,minibatch_k64,text_pca256_lexical_w005
78301,25,minibatch_k64,text_pca256_lexical_w005
78302,0,minibatch_k64,text_pca256_lexical_w005
78303,62,minibatch_k64,text_pca256_lexical_w005
78304,21,minibatch_k64,text_pca256_lexical_w005
78305,45,minibatch_k64,text_pca256_lexical_w005
78306,23,minibatch_k64,text_pca256_lexical_w005
78307,38,minibatch_k64,text_pca256_lexical_w005
78308,55,minibatch_k64,text_pca256_lexical_w005
78309,13,minibatch_k64,text_pca256_lexical_w005
78310,23,minibatch_k64,text_pca256_lexical_w005
78311,15,minibatch_k64,text_pca256_lexical_w005
78312,15,minibatch_k64,text_pca256_lexical_w005
78313,4,minibatch_k64,text_pca256_lexical_w005
78314,62,minibatch_k64,text_pca256_lexical_w005
78315,23,minibatch_k64,text_pca256_lexical_w005
78316,0,minibatch_k64,text_pca256_lexical_w005
78317,56,minibatch_k64,text_pca256_lexical_w005
78318,56,minibatch_k64,text_pca256_lexical_w005
78319,8,minibatch_k64,text_pca256_lexical_w005
78320,56,minibatch_k64,text_pca256_lexical_w005
78321,15,minibatch_k64,text_pca256_lexical_w005
78322,56,minibatch_k64,text_pca256_lexical_w005
78323,8,minibatch_k64,text_pca256_lexical_w005
78324,8,minibatch_k64,text_pca256_lexical_w005
78325,0,minibatch_k64,text_pca256_lexical_w005
78326,0,minibatch_k64,text_pca256_lexical_w005
78327,45,minibatch_k64,text_pca256_lexical_w005
78328,62,minibatch_k64,text_pca256_lexical_w005
78329,62,minibatch_k64,text_pca256_lexical_w005
78330,2,minibatch_k64,text_pca256_lexical_w005
78331,15,minibatch_k64,text_pca256_lexical_w005
78332,15,minibatch_k64,text_pca256_lexical_w005
78333,0,minibatch_k64,text_pca256_lexical_w005
78334,15,minibatch_k64,text_pca256_lexical_w005
78335,45,minibatch_k64,text_pca256_lexical_w005
78336,56,minibatch_k64,text_pca256_lexical_w005
78337,2,minibatch_k64,text_pca256_lexical_w005
78338,59,minibatch_k64,text_pca256_lexical_w005
78339,45,minibatch_k64,text_pca256_lexical_w005
78340,45,minibatch_k64,text_pca256_lexical_w005
78341,45,minibatch_k64,text_pca256_lexical_w005
78342,8,minibatch_k64,text_pca256_lexical_w005
78343,0,minibatch_k64,text_pca256_lexical_w005
78344,45,minibatch_k64,text_pca256_lexical_w005
78345,23,minibatch_k64,text_pca256_lexical_w005
78346,62,minibatch_k64,text_pca256_lexical_w005
78347,25,minibatch_k64,text_pca256_lexical_w005
78348,45,minibatch_k64,text_pca256_lexical_w005
78349,23,minibatch_k64,text_pca256_lexical_w005
78350,23,minibatch_k64,text_pca256_lexical_w005
78351,45,minibatch_k64,text_pca256_lexical_w005
78352,4,minibatch_k64,text_pca256_lexical_w005
78353,4,minibatch_k64,text_pca256_lexical_w005
78354,45,minibatch_k64,text_pca256_lexical_w005
78355,45,minibatch_k64,text_pca256_lexical_w005
78356,45,minibatch_k64,text_pca256_lexical_w005
78357,4,minibatch_k64,text_pca256_lexical_w005
78358,58,minibatch_k64,text_pca256_lexical_w005
78359,58,minibatch_k64,text_pca256_lexical_w005
78360,45,minibatch_k64,text_pca256_lexical_w005
78361,55,minibatch_k64,text_pca256_lexical_w005
78362,63,minibatch_k64,text_pca256_lexical_w005
78363,4,minibatch_k64,text_pca256_lexical_w005
78364,45,minibatch_k64,text_pca256_lexical_w005
78365,4,minibatch_k64,text_pca256_lexical_w005
78366,45,minibatch_k64,text_pca256_lexical_w005
78367,45,minibatch_k64,text_pca256_lexical_w005
78368,0,minibatch_k64,text_pca256_lexical_w005
78369,23,minibatch_k64,text_pca256_lexical_w005
78370,45,minibatch_k64,text_pca256_lexical_w005
78371,45,minibatch_k64,text_pca256_lexical_w005
78372,45,minibatch_k64,text_pca256_lexical_w005
78373,0,minibatch_k64,text_pca256_lexical_w005
78374,4,minibatch_k64,text_pca256_lexical_w005
78375,15,minibatch_k64,text_pca256_lexical_w005
78376,45,minibatch_k64,text_pca256_lexical_w005
78377,23,minibatch_k64,text_pca256_lexical_w005
78378,45,minibatch_k64,text_pca256_lexical_w005
78379,4,minibatch_k64,text_pca256_lexical_w005
78380,4,minibatch_k64,text_pca256_lexical_w005
78381,4,minibatch_k64,text_pca256_lexical_w005
78382,4,minibatch_k64,text_pca256_lexical_w005
78383,4,minibatch_k64,text_pca256_lexical_w005
78384,4,minibatch_k64,text_pca256_lexical_w005
78385,45,minibatch_k64,text_pca256_lexical_w005
78386,10,minibatch_k64,text_pca256_lexical_w005
78387,62,minibatch_k64,text_pca256_lexical_w005
78388,15,minibatch_k64,text_pca256_lexical_w005
78389,0,minibatch_k64,text_pca256_lexical_w005
78390,0,minibatch_k64,text_pca256_lexical_w005
78391,62,minibatch_k64,text_pca256_lexical_w005
78392,0,minibatch_k64,text_pca256_lexical_w005
78393,45,minibatch_k64,text_pca256_lexical_w005
78394,0,minibatch_k64,text_pca256_lexical_w005
78395,2,minibatch_k64,text_pca256_lexical_w005
78396,62,minibatch_k64,text_pca256_lexical_w005
78397,2,minibatch_k64,text_pca256_lexical_w005
78398,62,minibatch_k64,text_pca256_lexical_w005
78399,45,minibatch_k64,text_pca256_lexical_w005
78400,25,minibatch_k64,text_pca256_lexical_w005
78401,45,minibatch_k64,text_pca256_lexical_w005
78402,58,minibatch_k64,text_pca256_lexical_w005
78403,45,minibatch_k64,text_pca256_lexical_w005
78404,2,minibatch_k64,text_pca256_lexical_w005
78405,23,minibatch_k64,text_pca256_lexical_w005
78406,55,minibatch_k64,text_pca256_lexical_w005
78407,13,minibatch_k64,text_pca256_lexical_w005
78408,62,minibatch_k64,text_pca256_lexical_w005
78409,23,minibatch_k64,text_pca256_lexical_w005
78410,0,minibatch_k64,text_pca256_lexical_w005
78411,4,minibatch_k64,text_pca256_lexical_w005
78412,18,minibatch_k64,text_pca256_lexical_w005
78413,4,minibatch_k64,text_pca256_lexical_w005
78414,45,minibatch_k64,text_pca256_lexical_w005
78415,4,minibatch_k64,text_pca256_lexical_w005
78416,45,minibatch_k64,text_pca256_lexical_w005
78417,62,minibatch_k64,text_pca256_lexical_w005
78418,62,minibatch_k64,text_pca256_lexical_w005
78419,0,minibatch_k64,text_pca256_lexical_w005
78420,23,minibatch_k64,text_pca256_lexical_w005
78421,2,minibatch_k64,text_pca256_lexical_w005
78422,0,minibatch_k64,text_pca256_lexical_w005
78423,23,minibatch_k64,text_pca256_lexical_w005
78424,0,minibatch_k64,text_pca256_lexical_w005
78425,10,minibatch_k64,text_pca256_lexical_w005
78426,62,minibatch_k64,text_pca256_lexical_w005
78427,0,minibatch_k64,text_pca256_lexical_w005
78428,0,minibatch_k64,text_pca256_lexical_w005
78429,45,minibatch_k64,text_pca256_lexical_w005
78430,25,minibatch_k64,text_pca256_lexical_w005
78431,62,minibatch_k64,text_pca256_lexical_w005
78432,45,minibatch_k64,text_pca256_lexical_w005
78433,58,minibatch_k64,text_pca256_lexical_w005
78434,45,minibatch_k64,text_pca256_lexical_w005
78435,0,minibatch_k64,text_pca256_lexical_w005
78436,55,minibatch_k64,text_pca256_lexical_w005
78437,22,minibatch_k64,text_pca256_lexical_w005
78438,4,minibatch_k64,text_pca256_lexical_w005
78439,8,minibatch_k64,text_pca256_lexical_w005
78440,45,minibatch_k64,text_pca256_lexical_w005
78441,45,minibatch_k64,text_pca256_lexical_w005
78442,23,minibatch_k64,text_pca256_lexical_w005
78443,33,minibatch_k64,text_pca256_lexical_w005
78444,42,minibatch_k64,text_pca256_lexical_w005
78445,2,minibatch_k64,text_pca256_lexical_w005
78446,62,minibatch_k64,text_pca256_lexical_w005
78447,0,minibatch_k64,text_pca256_lexical_w005
78448,0,minibatch_k64,text_pca256_lexical_w005
78449,45,minibatch_k64,text_pca256_lexical_w005
78450,23,minibatch_k64,text_pca256_lexical_w005
78451,62,minibatch_k64,text_pca256_lexical_w005
78452,23,minibatch_k64,text_pca256_lexical_w005
78453,14,minibatch_k64,text_pca256_lexical_w005
78454,62,minibatch_k64,text_pca256_lexical_w005
78455,23,minibatch_k64,text_pca256_lexical_w005
78456,45,minibatch_k64,text_pca256_lexical_w005
78457,5,minibatch_k64,text_pca256_lexical_w005
78458,2,minibatch_k64,text_pca256_lexical_w005
78459,45,minibatch_k64,text_pca256_lexical_w005
78460,10,minibatch_k64,text_pca256_lexical_w005
78461,38,minibatch_k64,text_pca256_lexical_w005
78462,25,minibatch_k64,text_pca256_lexical_w005
78463,45,minibatch_k64,text_pca256_lexical_w005
78464,55,minibatch_k64,text_pca256_lexical_w005
78465,63,minibatch_k64,text_pca256_lexical_w005
78466,28,minibatch_k64,text_pca256_lexical_w005
78467,45,minibatch_k64,text_pca256_lexical_w005
78468,45,minibatch_k64,text_pca256_lexical_w005
78469,2,minibatch_k64,text_pca256_lexical_w005
78470,50,minibatch_k64,text_pca256_lexical_w005
78471,4,minibatch_k64,text_pca256_lexical_w005
78472,39,minibatch_k64,text_pca256_lexical_w005
78473,42,minibatch_k64,text_pca256_lexical_w005
78474,45,minibatch_k64,text_pca256_lexical_w005
78475,23,minibatch_k64,text_pca256_lexical_w005
78476,23,minibatch_k64,text_pca256_lexical_w005
78477,33,minibatch_k64,text_pca256_lexical_w005
78478,0,minibatch_k64,text_pca256_lexical_w005
78479,0,minibatch_k64,text_pca256_lexical_w005
78480,0,minibatch_k64,text_pca256_lexical_w005
78481,23,minibatch_k64,text_pca256_lexical_w005
78482,2,minibatch_k64,text_pca256_lexical_w005
78483,21,minibatch_k64,text_pca256_lexical_w005
78484,62,minibatch_k64,text_pca256_lexical_w005
78485,15,minibatch_k64,text_pca256_lexical_w005
78486,62,minibatch_k64,text_pca256_lexical_w005
78487,61,minibatch_k64,text_pca256_lexical_w005
78488,10,minibatch_k64,text_pca256_lexical_w005
78489,23,minibatch_k64,text_pca256_lexical_w005
78490,8,minibatch_k64,text_pca256_lexical_w005
78491,0,minibatch_k64,text_pca256_lexical_w005
78492,23,minibatch_k64,text_pca256_lexical_w005
78493,8,minibatch_k64,text_pca256_lexical_w005
78494,45,minibatch_k64,text_pca256_lexical_w005
78495,4,minibatch_k64,text_pca256_lexical_w005
78496,23,minibatch_k64,text_pca256_lexical_w005
78497,8,minibatch_k64,text_pca256_lexical_w005
78498,23,minibatch_k64,text_pca256_lexical_w005
78499,8,minibatch_k64,text_pca256_lexical_w005
78500,0,minibatch_k64,text_pca256_lexical_w005
78501,0,minibatch_k64,text_pca256_lexical_w005
78502,8,minibatch_k64,text_pca256_lexical_w005
78503,45,minibatch_k64,text_pca256_lexical_w005
78504,23,minibatch_k64,text_pca256_lexical_w005
78505,23,minibatch_k64,text_pca256_lexical_w005
78506,0,minibatch_k64,text_pca256_lexical_w005
78507,62,minibatch_k64,text_pca256_lexical_w005
78508,39,minibatch_k64,text_pca256_lexical_w005
78509,0,minibatch_k64,text_pca256_lexical_w005
78510,62,minibatch_k64,text_pca256_lexical_w005
78511,0,minibatch_k64,text_pca256_lexical_w005
78512,0,minibatch_k64,text_pca256_lexical_w005
78513,23,minibatch_k64,text_pca256_lexical_w005
78514,46,minibatch_k64,text_pca256_lexical_w005
78515,45,minibatch_k64,text_pca256_lexical_w005
78516,62,minibatch_k64,text_pca256_lexical_w005
78517,45,minibatch_k64,text_pca256_lexical_w005
78518,5,minibatch_k64,text_pca256_lexical_w005
78519,4,minibatch_k64,text_pca256_lexical_w005
78520,2,minibatch_k64,text_pca256_lexical_w005
78521,5,minibatch_k64,text_pca256_lexical_w005
78522,2,minibatch_k64,text_pca256_lexical_w005
78523,2,minibatch_k64,text_pca256_lexical_w005
78524,14,minibatch_k64,text_pca256_lexical_w005
78525,10,minibatch_k64,text_pca256_lexical_w005
78526,62,minibatch_k64,text_pca256_lexical_w005
78527,5,minibatch_k64,text_pca256_lexical_w005
78528,25,minibatch_k64,text_pca256_lexical_w005
78529,14,minibatch_k64,text_pca256_lexical_w005
78530,15,minibatch_k64,text_pca256_lexical_w005
78531,2,minibatch_k64,text_pca256_lexical_w005
78532,58,minibatch_k64,text_pca256_lexical_w005
78533,2,minibatch_k64,text_pca256_lexical_w005
78534,59,minibatch_k64,text_pca256_lexical_w005
78535,13,minibatch_k64,text_pca256_lexical_w005
78536,8,minibatch_k64,text_pca256_lexical_w005
78537,21,minibatch_k64,text_pca256_lexical_w005
78538,14,minibatch_k64,text_pca256_lexical_w005
78539,14,minibatch_k64,text_pca256_lexical_w005
78540,39,minibatch_k64,text_pca256_lexical_w005
78541,4,minibatch_k64,text_pca256_lexical_w005
78542,0,minibatch_k64,text_pca256_lexical_w005
78543,10,minibatch_k64,text_pca256_lexical_w005
78544,25,minibatch_k64,text_pca256_lexical_w005
78545,58,minibatch_k64,text_pca256_lexical_w005
78546,55,minibatch_k64,text_pca256_lexical_w005
78547,13,minibatch_k64,text_pca256_lexical_w005
78548,15,minibatch_k64,text_pca256_lexical_w005
78549,23,minibatch_k64,text_pca256_lexical_w005
78550,10,minibatch_k64,text_pca256_lexical_w005
78551,14,minibatch_k64,text_pca256_lexical_w005
78552,14,minibatch_k64,text_pca256_lexical_w005
78553,58,minibatch_k64,text_pca256_lexical_w005
78554,0,minibatch_k64,text_pca256_lexical_w005
78555,59,minibatch_k64,text_pca256_lexical_w005
78556,25,minibatch_k64,text_pca256_lexical_w005
78557,2,minibatch_k64,text_pca256_lexical_w005
78558,63,minibatch_k64,text_pca256_lexical_w005
78559,45,minibatch_k64,text_pca256_lexical_w005
78560,0,minibatch_k64,text_pca256_lexical_w005
78561,62,minibatch_k64,text_pca256_lexical_w005
78562,0,minibatch_k64,text_pca256_lexical_w005
78563,0,minibatch_k64,text_pca256_lexical_w005
78564,15,minibatch_k64,text_pca256_lexical_w005
78565,14,minibatch_k64,text_pca256_lexical_w005
78566,0,minibatch_k64,text_pca256_lexical_w005
78567,8,minibatch_k64,text_pca256_lexical_w005
78568,25,minibatch_k64,text_pca256_lexical_w005
78569,38,minibatch_k64,text_pca256_lexical_w005
78570,8,minibatch_k64,text_pca256_lexical_w005
78571,59,minibatch_k64,text_pca256_lexical_w005
78572,62,minibatch_k64,text_pca256_lexical_w005
78573,33,minibatch_k64,text_pca256_lexical_w005
78574,8,minibatch_k64,text_pca256_lexical_w005
78575,0,minibatch_k64,text_pca256_lexical_w005
78576,39,minibatch_k64,text_pca256_lexical_w005
78577,39,minibatch_k64,text_pca256_lexical_w005
78578,2,minibatch_k64,text_pca256_lexical_w005
78579,14,minibatch_k64,text_pca256_lexical_w005
78580,38,minibatch_k64,text_pca256_lexical_w005
78581,36,minibatch_k64,text_pca256_lexical_w005
78582,2,minibatch_k64,text_pca256_lexical_w005
78583,22,minibatch_k64,text_pca256_lexical_w005
78584,25,minibatch_k64,text_pca256_lexical_w005
78585,10,minibatch_k64,text_pca256_lexical_w005
78586,62,minibatch_k64,text_pca256_lexical_w005
78587,39,minibatch_k64,text_pca256_lexical_w005
78588,8,minibatch_k64,text_pca256_lexical_w005
78589,15,minibatch_k64,text_pca256_lexical_w005
78590,62,minibatch_k64,text_pca256_lexical_w005
78591,62,minibatch_k64,text_pca256_lexical_w005
78592,8,minibatch_k64,text_pca256_lexical_w005
78593,8,minibatch_k64,text_pca256_lexical_w005
78594,14,minibatch_k64,text_pca256_lexical_w005
78595,14,minibatch_k64,text_pca256_lexical_w005
78596,14,minibatch_k64,text_pca256_lexical_w005
78597,14,minibatch_k64,text_pca256_lexical_w005
78598,14,minibatch_k64,text_pca256_lexical_w005
78599,14,minibatch_k64,text_pca256_lexical_w005
78600,14,minibatch_k64,text_pca256_lexical_w005
78601,14,minibatch_k64,text_pca256_lexical_w005
78602,14,minibatch_k64,text_pca256_lexical_w005
78603,14,minibatch_k64,text_pca256_lexical_w005
78604,14,minibatch_k64,text_pca256_lexical_w005
78605,14,minibatch_k64,text_pca256_lexical_w005
78606,14,minibatch_k64,text_pca256_lexical_w005
78607,14,minibatch_k64,text_pca256_lexical_w005
78608,62,minibatch_k64,text_pca256_lexical_w005
78609,62,minibatch_k64,text_pca256_lexical_w005
78610,62,minibatch_k64,text_pca256_lexical_w005
78611,0,minibatch_k64,text_pca256_lexical_w005
78612,8,minibatch_k64,text_pca256_lexical_w005
78613,0,minibatch_k64,text_pca256_lexical_w005
78614,62,minibatch_k64,text_pca256_lexical_w005
78615,2,minibatch_k64,text_pca256_lexical_w005
78616,10,minibatch_k64,text_pca256_lexical_w005
78617,14,minibatch_k64,text_pca256_lexical_w005
78618,33,minibatch_k64,text_pca256_lexical_w005
78619,45,minibatch_k64,text_pca256_lexical_w005
78620,59,minibatch_k64,text_pca256_lexical_w005
78621,38,minibatch_k64,text_pca256_lexical_w005
78622,45,minibatch_k64,text_pca256_lexical_w005
78623,36,minibatch_k64,text_pca256_lexical_w005
78624,2,minibatch_k64,text_pca256_lexical_w005
78625,13,minibatch_k64,text_pca256_lexical_w005
78626,45,minibatch_k64,text_pca256_lexical_w005
78627,25,minibatch_k64,text_pca256_lexical_w005
78628,0,minibatch_k64,text_pca256_lexical_w005
78629,62,minibatch_k64,text_pca256_lexical_w005
78630,0,minibatch_k64,text_pca256_lexical_w005
78631,59,minibatch_k64,text_pca256_lexical_w005
78632,8,minibatch_k64,text_pca256_lexical_w005
78633,59,minibatch_k64,text_pca256_lexical_w005
78634,8,minibatch_k64,text_pca256_lexical_w005
78635,59,minibatch_k64,text_pca256_lexical_w005
78636,2,minibatch_k64,text_pca256_lexical_w005
78637,45,minibatch_k64,text_pca256_lexical_w005
78638,2,minibatch_k64,text_pca256_lexical_w005
78639,59,minibatch_k64,text_pca256_lexical_w005
78640,59,minibatch_k64,text_pca256_lexical_w005
78641,0,minibatch_k64,text_pca256_lexical_w005
78642,2,minibatch_k64,text_pca256_lexical_w005
78643,62,minibatch_k64,text_pca256_lexical_w005
78644,0,minibatch_k64,text_pca256_lexical_w005
78645,2,minibatch_k64,text_pca256_lexical_w005
78646,2,minibatch_k64,text_pca256_lexical_w005
78647,25,minibatch_k64,text_pca256_lexical_w005
78648,45,minibatch_k64,text_pca256_lexical_w005
78649,38,minibatch_k64,text_pca256_lexical_w005
78650,36,minibatch_k64,text_pca256_lexical_w005
78651,2,minibatch_k64,text_pca256_lexical_w005
78652,22,minibatch_k64,text_pca256_lexical_w005
78653,45,minibatch_k64,text_pca256_lexical_w005
78654,8,minibatch_k64,text_pca256_lexical_w005
78655,8,minibatch_k64,text_pca256_lexical_w005
78656,8,minibatch_k64,text_pca256_lexical_w005
78657,39,minibatch_k64,text_pca256_lexical_w005
78658,45,minibatch_k64,text_pca256_lexical_w005
78659,2,minibatch_k64,text_pca256_lexical_w005
78660,8,minibatch_k64,text_pca256_lexical_w005
78661,25,minibatch_k64,text_pca256_lexical_w005
78662,38,minibatch_k64,text_pca256_lexical_w005
78663,45,minibatch_k64,text_pca256_lexical_w005
78664,45,minibatch_k64,text_pca256_lexical_w005
78665,36,minibatch_k64,text_pca256_lexical_w005
78666,55,minibatch_k64,text_pca256_lexical_w005
78667,22,minibatch_k64,text_pca256_lexical_w005
78668,2,minibatch_k64,text_pca256_lexical_w005
78669,39,minibatch_k64,text_pca256_lexical_w005
78670,2,minibatch_k64,text_pca256_lexical_w005
78671,45,minibatch_k64,text_pca256_lexical_w005
78672,45,minibatch_k64,text_pca256_lexical_w005
78673,42,minibatch_k64,text_pca256_lexical_w005
78674,62,minibatch_k64,text_pca256_lexical_w005
78675,2,minibatch_k64,text_pca256_lexical_w005
78676,62,minibatch_k64,text_pca256_lexical_w005
78677,23,minibatch_k64,text_pca256_lexical_w005
78678,59,minibatch_k64,text_pca256_lexical_w005
78679,10,minibatch_k64,text_pca256_lexical_w005
78680,0,minibatch_k64,text_pca256_lexical_w005
78681,59,minibatch_k64,text_pca256_lexical_w005
78682,0,minibatch_k64,text_pca256_lexical_w005
78683,2,minibatch_k64,text_pca256_lexical_w005
78684,18,minibatch_k64,text_pca256_lexical_w005
78685,59,minibatch_k64,text_pca256_lexical_w005
78686,45,minibatch_k64,text_pca256_lexical_w005
78687,2,minibatch_k64,text_pca256_lexical_w005
78688,62,minibatch_k64,text_pca256_lexical_w005
78689,15,minibatch_k64,text_pca256_lexical_w005
78690,45,minibatch_k64,text_pca256_lexical_w005
78691,45,minibatch_k64,text_pca256_lexical_w005
78692,23,minibatch_k64,text_pca256_lexical_w005
78693,59,minibatch_k64,text_pca256_lexical_w005
78694,59,minibatch_k64,text_pca256_lexical_w005
78695,62,minibatch_k64,text_pca256_lexical_w005
78696,8,minibatch_k64,text_pca256_lexical_w005
78697,39,minibatch_k64,text_pca256_lexical_w005
78698,45,minibatch_k64,text_pca256_lexical_w005
78699,45,minibatch_k64,text_pca256_lexical_w005
78700,48,minibatch_k64,text_pca256_lexical_w005
78701,59,minibatch_k64,text_pca256_lexical_w005
78702,45,minibatch_k64,text_pca256_lexical_w005
78703,21,minibatch_k64,text_pca256_lexical_w005
78704,23,minibatch_k64,text_pca256_lexical_w005
78705,23,minibatch_k64,text_pca256_lexical_w005
78706,59,minibatch_k64,text_pca256_lexical_w005
78707,18,minibatch_k64,text_pca256_lexical_w005
78708,45,minibatch_k64,text_pca256_lexical_w005
78709,62,minibatch_k64,text_pca256_lexical_w005
78710,59,minibatch_k64,text_pca256_lexical_w005
78711,45,minibatch_k64,text_pca256_lexical_w005
78712,18,minibatch_k64,text_pca256_lexical_w005
78713,18,minibatch_k64,text_pca256_lexical_w005
78714,39,minibatch_k64,text_pca256_lexical_w005
78715,62,minibatch_k64,text_pca256_lexical_w005
78716,62,minibatch_k64,text_pca256_lexical_w005
78717,45,minibatch_k64,text_pca256_lexical_w005
78718,10,minibatch_k64,text_pca256_lexical_w005
78719,59,minibatch_k64,text_pca256_lexical_w005
78720,62,minibatch_k64,text_pca256_lexical_w005
78721,2,minibatch_k64,text_pca256_lexical_w005
78722,48,minibatch_k64,text_pca256_lexical_w005
78723,15,minibatch_k64,text_pca256_lexical_w005
78724,15,minibatch_k64,text_pca256_lexical_w005
78725,59,minibatch_k64,text_pca256_lexical_w005
78726,59,minibatch_k64,text_pca256_lexical_w005
78727,45,minibatch_k64,text_pca256_lexical_w005
78728,45,minibatch_k64,text_pca256_lexical_w005
78729,45,minibatch_k64,text_pca256_lexical_w005
78730,59,minibatch_k64,text_pca256_lexical_w005
78731,59,minibatch_k64,text_pca256_lexical_w005
78732,23,minibatch_k64,text_pca256_lexical_w005
78733,21,minibatch_k64,text_pca256_lexical_w005
78734,10,minibatch_k64,text_pca256_lexical_w005
78735,59,minibatch_k64,text_pca256_lexical_w005
78736,62,minibatch_k64,text_pca256_lexical_w005
78737,21,minibatch_k64,text_pca256_lexical_w005
78738,59,minibatch_k64,text_pca256_lexical_w005
78739,8,minibatch_k64,text_pca256_lexical_w005
78740,45,minibatch_k64,text_pca256_lexical_w005
78741,48,minibatch_k64,text_pca256_lexical_w005
78742,45,minibatch_k64,text_pca256_lexical_w005
78743,33,minibatch_k64,text_pca256_lexical_w005
78744,5,minibatch_k64,text_pca256_lexical_w005
78745,33,minibatch_k64,text_pca256_lexical_w005
78746,23,minibatch_k64,text_pca256_lexical_w005
78747,33,minibatch_k64,text_pca256_lexical_w005
78748,59,minibatch_k64,text_pca256_lexical_w005
78749,8,minibatch_k64,text_pca256_lexical_w005
78750,59,minibatch_k64,text_pca256_lexical_w005
78751,0,minibatch_k64,text_pca256_lexical_w005
78752,15,minibatch_k64,text_pca256_lexical_w005
78753,45,minibatch_k64,text_pca256_lexical_w005
78754,8,minibatch_k64,text_pca256_lexical_w005
78755,45,minibatch_k64,text_pca256_lexical_w005
78756,62,minibatch_k64,text_pca256_lexical_w005
78757,59,minibatch_k64,text_pca256_lexical_w005
78758,59,minibatch_k64,text_pca256_lexical_w005
78759,45,minibatch_k64,text_pca256_lexical_w005
78760,23,minibatch_k64,text_pca256_lexical_w005
78761,59,minibatch_k64,text_pca256_lexical_w005
78762,62,minibatch_k64,text_pca256_lexical_w005
78763,59,minibatch_k64,text_pca256_lexical_w005
78764,0,minibatch_k64,text_pca256_lexical_w005
78765,0,minibatch_k64,text_pca256_lexical_w005
78766,62,minibatch_k64,text_pca256_lexical_w005
78767,8,minibatch_k64,text_pca256_lexical_w005
78768,2,minibatch_k64,text_pca256_lexical_w005
78769,10,minibatch_k64,text_pca256_lexical_w005
78770,59,minibatch_k64,text_pca256_lexical_w005
78771,23,minibatch_k64,text_pca256_lexical_w005
78772,59,minibatch_k64,text_pca256_lexical_w005
78773,2,minibatch_k64,text_pca256_lexical_w005
78774,8,minibatch_k64,text_pca256_lexical_w005
78775,62,minibatch_k64,text_pca256_lexical_w005
78776,59,minibatch_k64,text_pca256_lexical_w005
78777,62,minibatch_k64,text_pca256_lexical_w005
78778,23,minibatch_k64,text_pca256_lexical_w005
78779,62,minibatch_k64,text_pca256_lexical_w005
78780,34,minibatch_k64,text_pca256_lexical_w005
78781,62,minibatch_k64,text_pca256_lexical_w005
78782,0,minibatch_k64,text_pca256_lexical_w005
78783,7,minibatch_k64,text_pca256_lexical_w005
78784,5,minibatch_k64,text_pca256_lexical_w005
78785,39,minibatch_k64,text_pca256_lexical_w005
78786,62,minibatch_k64,text_pca256_lexical_w005
78787,2,minibatch_k64,text_pca256_lexical_w005
78788,42,minibatch_k64,text_pca256_lexical_w005
78789,7,minibatch_k64,text_pca256_lexical_w005
78790,7,minibatch_k64,text_pca256_lexical_w005
78791,6,minibatch_k64,text_pca256_lexical_w005
78792,62,minibatch_k64,text_pca256_lexical_w005
78793,10,minibatch_k64,text_pca256_lexical_w005
78794,33,minibatch_k64,text_pca256_lexical_w005
78795,62,minibatch_k64,text_pca256_lexical_w005
78796,2,minibatch_k64,text_pca256_lexical_w005
78797,39,minibatch_k64,text_pca256_lexical_w005
78798,34,minibatch_k64,text_pca256_lexical_w005
78799,10,minibatch_k64,text_pca256_lexical_w005
78800,2,minibatch_k64,text_pca256_lexical_w005
78801,34,minibatch_k64,text_pca256_lexical_w005
78802,7,minibatch_k64,text_pca256_lexical_w005
78803,34,minibatch_k64,text_pca256_lexical_w005
78804,39,minibatch_k64,text_pca256_lexical_w005
78805,0,minibatch_k64,text_pca256_lexical_w005
78806,10,minibatch_k64,text_pca256_lexical_w005
78807,15,minibatch_k64,text_pca256_lexical_w005
78808,0,minibatch_k64,text_pca256_lexical_w005
78809,7,minibatch_k64,text_pca256_lexical_w005
78810,59,minibatch_k64,text_pca256_lexical_w005
78811,7,minibatch_k64,text_pca256_lexical_w005
78812,34,minibatch_k64,text_pca256_lexical_w005
78813,7,minibatch_k64,text_pca256_lexical_w005
78814,34,minibatch_k64,text_pca256_lexical_w005
78815,45,minibatch_k64,text_pca256_lexical_w005
78816,34,minibatch_k64,text_pca256_lexical_w005
78817,0,minibatch_k64,text_pca256_lexical_w005
78818,45,minibatch_k64,text_pca256_lexical_w005
78819,8,minibatch_k64,text_pca256_lexical_w005
78820,23,minibatch_k64,text_pca256_lexical_w005
78821,8,minibatch_k64,text_pca256_lexical_w005
78822,5,minibatch_k64,text_pca256_lexical_w005
78823,62,minibatch_k64,text_pca256_lexical_w005
78824,0,minibatch_k64,text_pca256_lexical_w005
78825,15,minibatch_k64,text_pca256_lexical_w005
78826,8,minibatch_k64,text_pca256_lexical_w005
78827,10,minibatch_k64,text_pca256_lexical_w005
78828,0,minibatch_k64,text_pca256_lexical_w005
78829,2,minibatch_k64,text_pca256_lexical_w005
78830,10,minibatch_k64,text_pca256_lexical_w005
78831,0,minibatch_k64,text_pca256_lexical_w005
78832,8,minibatch_k64,text_pca256_lexical_w005
78833,0,minibatch_k64,text_pca256_lexical_w005
78834,3,minibatch_k64,text_pca256_lexical_w005
78835,38,minibatch_k64,text_pca256_lexical_w005
78836,62,minibatch_k64,text_pca256_lexical_w005
78837,53,minibatch_k64,text_pca256_lexical_w005
78838,23,minibatch_k64,text_pca256_lexical_w005
78839,38,minibatch_k64,text_pca256_lexical_w005
78840,23,minibatch_k64,text_pca256_lexical_w005
78841,10,minibatch_k64,text_pca256_lexical_w005
78842,0,minibatch_k64,text_pca256_lexical_w005
78843,8,minibatch_k64,text_pca256_lexical_w005
78844,15,minibatch_k64,text_pca256_lexical_w005
78845,15,minibatch_k64,text_pca256_lexical_w005
78846,23,minibatch_k64,text_pca256_lexical_w005
78847,15,minibatch_k64,text_pca256_lexical_w005
78848,15,minibatch_k64,text_pca256_lexical_w005
78849,0,minibatch_k64,text_pca256_lexical_w005
78850,53,minibatch_k64,text_pca256_lexical_w005
78851,0,minibatch_k64,text_pca256_lexical_w005
78852,62,minibatch_k64,text_pca256_lexical_w005
78853,62,minibatch_k64,text_pca256_lexical_w005
78854,0,minibatch_k64,text_pca256_lexical_w005
78855,33,minibatch_k64,text_pca256_lexical_w005
78856,15,minibatch_k64,text_pca256_lexical_w005
78857,5,minibatch_k64,text_pca256_lexical_w005
78858,5,minibatch_k64,text_pca256_lexical_w005
78859,4,minibatch_k64,text_pca256_lexical_w005
78860,0,minibatch_k64,text_pca256_lexical_w005
78861,5,minibatch_k64,text_pca256_lexical_w005
78862,5,minibatch_k64,text_pca256_lexical_w005
78863,5,minibatch_k64,text_pca256_lexical_w005
78864,5,minibatch_k64,text_pca256_lexical_w005
78865,62,minibatch_k64,text_pca256_lexical_w005
78866,42,minibatch_k64,text_pca256_lexical_w005
78867,56,minibatch_k64,text_pca256_lexical_w005
78868,62,minibatch_k64,text_pca256_lexical_w005
78869,56,minibatch_k64,text_pca256_lexical_w005
78870,56,minibatch_k64,text_pca256_lexical_w005
78871,56,minibatch_k64,text_pca256_lexical_w005
78872,0,minibatch_k64,text_pca256_lexical_w005
78873,5,minibatch_k64,text_pca256_lexical_w005
78874,8,minibatch_k64,text_pca256_lexical_w005
78875,56,minibatch_k64,text_pca256_lexical_w005
78876,5,minibatch_k64,text_pca256_lexical_w005
78877,56,minibatch_k64,text_pca256_lexical_w005
78878,56,minibatch_k64,text_pca256_lexical_w005
78879,56,minibatch_k64,text_pca256_lexical_w005
78880,56,minibatch_k64,text_pca256_lexical_w005
78881,62,minibatch_k64,text_pca256_lexical_w005
78882,56,minibatch_k64,text_pca256_lexical_w005
78883,56,minibatch_k64,text_pca256_lexical_w005
78884,62,minibatch_k64,text_pca256_lexical_w005
78885,56,minibatch_k64,text_pca256_lexical_w005
78886,56,minibatch_k64,text_pca256_lexical_w005
78887,56,minibatch_k64,text_pca256_lexical_w005
78888,62,minibatch_k64,text_pca256_lexical_w005
78889,56,minibatch_k64,text_pca256_lexical_w005
78890,56,minibatch_k64,text_pca256_lexical_w005
78891,5,minibatch_k64,text_pca256_lexical_w005
78892,21,minibatch_k64,text_pca256_lexical_w005
78893,56,minibatch_k64,text_pca256_lexical_w005
78894,56,minibatch_k64,text_pca256_lexical_w005
78895,56,minibatch_k64,text_pca256_lexical_w005
78896,50,minibatch_k64,text_pca256_lexical_w005
78897,56,minibatch_k64,text_pca256_lexical_w005
78898,23,minibatch_k64,text_pca256_lexical_w005
78899,33,minibatch_k64,text_pca256_lexical_w005
78900,0,minibatch_k64,text_pca256_lexical_w005
78901,56,minibatch_k64,text_pca256_lexical_w005
78902,0,minibatch_k64,text_pca256_lexical_w005
78903,56,minibatch_k64,text_pca256_lexical_w005
78904,56,minibatch_k64,text_pca256_lexical_w005
78905,56,minibatch_k64,text_pca256_lexical_w005
78906,5,minibatch_k64,text_pca256_lexical_w005
78907,38,minibatch_k64,text_pca256_lexical_w005
78908,56,minibatch_k64,text_pca256_lexical_w005
78909,25,minibatch_k64,text_pca256_lexical_w005
78910,56,minibatch_k64,text_pca256_lexical_w005
78911,8,minibatch_k64,text_pca256_lexical_w005
78912,56,minibatch_k64,text_pca256_lexical_w005
78913,62,minibatch_k64,text_pca256_lexical_w005
78914,56,minibatch_k64,text_pca256_lexical_w005
78915,56,minibatch_k64,text_pca256_lexical_w005
78916,62,minibatch_k64,text_pca256_lexical_w005
78917,15,minibatch_k64,text_pca256_lexical_w005
78918,56,minibatch_k64,text_pca256_lexical_w005
78919,56,minibatch_k64,text_pca256_lexical_w005
78920,56,minibatch_k64,text_pca256_lexical_w005
78921,56,minibatch_k64,text_pca256_lexical_w005
78922,56,minibatch_k64,text_pca256_lexical_w005
78923,5,minibatch_k64,text_pca256_lexical_w005
78924,56,minibatch_k64,text_pca256_lexical_w005
78925,56,minibatch_k64,text_pca256_lexical_w005
78926,56,minibatch_k64,text_pca256_lexical_w005
78927,25,minibatch_k64,text_pca256_lexical_w005
78928,38,minibatch_k64,text_pca256_lexical_w005
78929,56,minibatch_k64,text_pca256_lexical_w005
78930,56,minibatch_k64,text_pca256_lexical_w005
78931,55,minibatch_k64,text_pca256_lexical_w005
78932,0,minibatch_k64,text_pca256_lexical_w005
78933,56,minibatch_k64,text_pca256_lexical_w005
78934,33,minibatch_k64,text_pca256_lexical_w005
78935,56,minibatch_k64,text_pca256_lexical_w005
78936,56,minibatch_k64,text_pca256_lexical_w005
78937,56,minibatch_k64,text_pca256_lexical_w005
78938,15,minibatch_k64,text_pca256_lexical_w005
78939,21,minibatch_k64,text_pca256_lexical_w005
78940,0,minibatch_k64,text_pca256_lexical_w005
78941,0,minibatch_k64,text_pca256_lexical_w005
78942,25,minibatch_k64,text_pca256_lexical_w005
78943,56,minibatch_k64,text_pca256_lexical_w005
78944,38,minibatch_k64,text_pca256_lexical_w005
78945,56,minibatch_k64,text_pca256_lexical_w005
78946,56,minibatch_k64,text_pca256_lexical_w005
78947,56,minibatch_k64,text_pca256_lexical_w005
78948,55,minibatch_k64,text_pca256_lexical_w005
78949,56,minibatch_k64,text_pca256_lexical_w005
78950,2,minibatch_k64,text_pca256_lexical_w005
78951,56,minibatch_k64,text_pca256_lexical_w005
78952,2,minibatch_k64,text_pca256_lexical_w005
78953,56,minibatch_k64,text_pca256_lexical_w005
78954,56,minibatch_k64,text_pca256_lexical_w005
78955,56,minibatch_k64,text_pca256_lexical_w005
78956,38,minibatch_k64,text_pca256_lexical_w005
78957,56,minibatch_k64,text_pca256_lexical_w005
78958,25,minibatch_k64,text_pca256_lexical_w005
78959,56,minibatch_k64,text_pca256_lexical_w005
78960,33,minibatch_k64,text_pca256_lexical_w005
78961,56,minibatch_k64,text_pca256_lexical_w005
78962,56,minibatch_k64,text_pca256_lexical_w005
78963,56,minibatch_k64,text_pca256_lexical_w005
78964,56,minibatch_k64,text_pca256_lexical_w005
78965,56,minibatch_k64,text_pca256_lexical_w005
78966,56,minibatch_k64,text_pca256_lexical_w005
78967,56,minibatch_k64,text_pca256_lexical_w005
78968,15,minibatch_k64,text_pca256_lexical_w005
78969,56,minibatch_k64,text_pca256_lexical_w005
78970,56,minibatch_k64,text_pca256_lexical_w005
78971,56,minibatch_k64,text_pca256_lexical_w005
78972,56,minibatch_k64,text_pca256_lexical_w005
78973,56,minibatch_k64,text_pca256_lexical_w005
78974,56,minibatch_k64,text_pca256_lexical_w005
78975,62,minibatch_k64,text_pca256_lexical_w005
78976,0,minibatch_k64,text_pca256_lexical_w005
78977,62,minibatch_k64,text_pca256_lexical_w005
78978,33,minibatch_k64,text_pca256_lexical_w005
78979,56,minibatch_k64,text_pca256_lexical_w005
78980,39,minibatch_k64,text_pca256_lexical_w005
78981,25,minibatch_k64,text_pca256_lexical_w005
78982,38,minibatch_k64,text_pca256_lexical_w005
78983,56,minibatch_k64,text_pca256_lexical_w005
78984,25,minibatch_k64,text_pca256_lexical_w005
78985,56,minibatch_k64,text_pca256_lexical_w005
78986,21,minibatch_k64,text_pca256_lexical_w005
78987,37,minibatch_k64,text_pca256_lexical_w005
78988,56,minibatch_k64,text_pca256_lexical_w005
78989,21,minibatch_k64,text_pca256_lexical_w005
78990,23,minibatch_k64,text_pca256_lexical_w005
78991,56,minibatch_k64,text_pca256_lexical_w005
78992,56,minibatch_k64,text_pca256_lexical_w005
78993,42,minibatch_k64,text_pca256_lexical_w005
78994,56,minibatch_k64,text_pca256_lexical_w005
78995,0,minibatch_k64,text_pca256_lexical_w005
78996,56,minibatch_k64,text_pca256_lexical_w005
78997,12,minibatch_k64,text_pca256_lexical_w005
78998,33,minibatch_k64,text_pca256_lexical_w005
78999,56,minibatch_k64,text_pca256_lexical_w005
79000,56,minibatch_k64,text_pca256_lexical_w005
79001,0,minibatch_k64,text_pca256_lexical_w005
79002,56,minibatch_k64,text_pca256_lexical_w005
79003,25,minibatch_k64,text_pca256_lexical_w005
79004,38,minibatch_k64,text_pca256_lexical_w005
79005,56,minibatch_k64,text_pca256_lexical_w005
79006,56,minibatch_k64,text_pca256_lexical_w005
79007,37,minibatch_k64,text_pca256_lexical_w005
79008,56,minibatch_k64,text_pca256_lexical_w005
79009,56,minibatch_k64,text_pca256_lexical_w005
79010,56,minibatch_k64,text_pca256_lexical_w005
79011,56,minibatch_k64,text_pca256_lexical_w005
79012,56,minibatch_k64,text_pca256_lexical_w005
79013,56,minibatch_k64,text_pca256_lexical_w005
79014,56,minibatch_k64,text_pca256_lexical_w005
79015,8,minibatch_k64,text_pca256_lexical_w005
79016,56,minibatch_k64,text_pca256_lexical_w005
79017,56,minibatch_k64,text_pca256_lexical_w005
79018,56,minibatch_k64,text_pca256_lexical_w005
79019,15,minibatch_k64,text_pca256_lexical_w005
79020,56,minibatch_k64,text_pca256_lexical_w005
79021,21,minibatch_k64,text_pca256_lexical_w005
79022,39,minibatch_k64,text_pca256_lexical_w005
79023,8,minibatch_k64,text_pca256_lexical_w005
79024,56,minibatch_k64,text_pca256_lexical_w005
79025,38,minibatch_k64,text_pca256_lexical_w005
79026,25,minibatch_k64,text_pca256_lexical_w005
79027,55,minibatch_k64,text_pca256_lexical_w005
79028,37,minibatch_k64,text_pca256_lexical_w005
79029,47,minibatch_k64,text_pca256_lexical_w005
79030,56,minibatch_k64,text_pca256_lexical_w005
79031,47,minibatch_k64,text_pca256_lexical_w005
79032,33,minibatch_k64,text_pca256_lexical_w005
79033,56,minibatch_k64,text_pca256_lexical_w005
79034,56,minibatch_k64,text_pca256_lexical_w005
79035,56,minibatch_k64,text_pca256_lexical_w005
79036,56,minibatch_k64,text_pca256_lexical_w005
79037,56,minibatch_k64,text_pca256_lexical_w005
79038,38,minibatch_k64,text_pca256_lexical_w005
79039,25,minibatch_k64,text_pca256_lexical_w005
79040,56,minibatch_k64,text_pca256_lexical_w005
79041,37,minibatch_k64,text_pca256_lexical_w005
79042,56,minibatch_k64,text_pca256_lexical_w005
79043,56,minibatch_k64,text_pca256_lexical_w005
79044,0,minibatch_k64,text_pca256_lexical_w005
79045,56,minibatch_k64,text_pca256_lexical_w005
79046,53,minibatch_k64,text_pca256_lexical_w005
79047,10,minibatch_k64,text_pca256_lexical_w005
79048,56,minibatch_k64,text_pca256_lexical_w005
79049,0,minibatch_k64,text_pca256_lexical_w005
79050,5,minibatch_k64,text_pca256_lexical_w005
79051,0,minibatch_k64,text_pca256_lexical_w005
79052,5,minibatch_k64,text_pca256_lexical_w005
79053,39,minibatch_k64,text_pca256_lexical_w005
79054,20,minibatch_k64,text_pca256_lexical_w005
79055,56,minibatch_k64,text_pca256_lexical_w005
79056,56,minibatch_k64,text_pca256_lexical_w005
79057,20,minibatch_k64,text_pca256_lexical_w005
79058,56,minibatch_k64,text_pca256_lexical_w005
79059,29,minibatch_k64,text_pca256_lexical_w005
79060,38,minibatch_k64,text_pca256_lexical_w005
79061,58,minibatch_k64,text_pca256_lexical_w005
79062,25,minibatch_k64,text_pca256_lexical_w005
79063,55,minibatch_k64,text_pca256_lexical_w005
79064,37,minibatch_k64,text_pca256_lexical_w005
79065,5,minibatch_k64,text_pca256_lexical_w005
79066,2,minibatch_k64,text_pca256_lexical_w005
79067,56,minibatch_k64,text_pca256_lexical_w005
79068,21,minibatch_k64,text_pca256_lexical_w005
79069,56,minibatch_k64,text_pca256_lexical_w005
79070,56,minibatch_k64,text_pca256_lexical_w005
79071,56,minibatch_k64,text_pca256_lexical_w005
79072,56,minibatch_k64,text_pca256_lexical_w005
79073,42,minibatch_k64,text_pca256_lexical_w005
79074,56,minibatch_k64,text_pca256_lexical_w005
79075,56,minibatch_k64,text_pca256_lexical_w005
79076,0,minibatch_k64,text_pca256_lexical_w005
79077,20,minibatch_k64,text_pca256_lexical_w005
79078,8,minibatch_k64,text_pca256_lexical_w005
79079,56,minibatch_k64,text_pca256_lexical_w005
79080,56,minibatch_k64,text_pca256_lexical_w005
79081,56,minibatch_k64,text_pca256_lexical_w005
79082,20,minibatch_k64,text_pca256_lexical_w005
79083,56,minibatch_k64,text_pca256_lexical_w005
79084,33,minibatch_k64,text_pca256_lexical_w005
79085,20,minibatch_k64,text_pca256_lexical_w005
79086,56,minibatch_k64,text_pca256_lexical_w005
79087,38,minibatch_k64,text_pca256_lexical_w005
79088,55,minibatch_k64,text_pca256_lexical_w005
79089,37,minibatch_k64,text_pca256_lexical_w005
79090,25,minibatch_k64,text_pca256_lexical_w005
79091,39,minibatch_k64,text_pca256_lexical_w005
79092,56,minibatch_k64,text_pca256_lexical_w005
79093,56,minibatch_k64,text_pca256_lexical_w005
79094,56,minibatch_k64,text_pca256_lexical_w005
79095,20,minibatch_k64,text_pca256_lexical_w005
79096,62,minibatch_k64,text_pca256_lexical_w005
79097,56,minibatch_k64,text_pca256_lexical_w005
79098,56,minibatch_k64,text_pca256_lexical_w005
79099,0,minibatch_k64,text_pca256_lexical_w005
79100,42,minibatch_k64,text_pca256_lexical_w005
79101,38,minibatch_k64,text_pca256_lexical_w005
79102,55,minibatch_k64,text_pca256_lexical_w005
79103,37,minibatch_k64,text_pca256_lexical_w005
79104,25,minibatch_k64,text_pca256_lexical_w005
79105,56,minibatch_k64,text_pca256_lexical_w005
79106,33,minibatch_k64,text_pca256_lexical_w005
79107,56,minibatch_k64,text_pca256_lexical_w005
79108,20,minibatch_k64,text_pca256_lexical_w005
79109,23,minibatch_k64,text_pca256_lexical_w005
79110,56,minibatch_k64,text_pca256_lexical_w005
79111,39,minibatch_k64,text_pca256_lexical_w005
79112,56,minibatch_k64,text_pca256_lexical_w005
79113,8,minibatch_k64,text_pca256_lexical_w005
79114,56,minibatch_k64,text_pca256_lexical_w005
79115,38,minibatch_k64,text_pca256_lexical_w005
79116,37,minibatch_k64,text_pca256_lexical_w005
79117,56,minibatch_k64,text_pca256_lexical_w005
79118,42,minibatch_k64,text_pca256_lexical_w005
79119,8,minibatch_k64,text_pca256_lexical_w005
79120,38,minibatch_k64,text_pca256_lexical_w005
79121,56,minibatch_k64,text_pca256_lexical_w005
79122,25,minibatch_k64,text_pca256_lexical_w005
79123,56,minibatch_k64,text_pca256_lexical_w005
79124,37,minibatch_k64,text_pca256_lexical_w005
79125,33,minibatch_k64,text_pca256_lexical_w005
79126,61,minibatch_k64,text_pca256_lexical_w005
79127,53,minibatch_k64,text_pca256_lexical_w005
79128,56,minibatch_k64,text_pca256_lexical_w005
79129,56,minibatch_k64,text_pca256_lexical_w005
79130,56,minibatch_k64,text_pca256_lexical_w005
79131,59,minibatch_k64,text_pca256_lexical_w005
79132,15,minibatch_k64,text_pca256_lexical_w005
79133,56,minibatch_k64,text_pca256_lexical_w005
79134,56,minibatch_k64,text_pca256_lexical_w005
79135,56,minibatch_k64,text_pca256_lexical_w005
79136,33,minibatch_k64,text_pca256_lexical_w005
79137,56,minibatch_k64,text_pca256_lexical_w005
79138,38,minibatch_k64,text_pca256_lexical_w005
79139,25,minibatch_k64,text_pca256_lexical_w005
79140,56,minibatch_k64,text_pca256_lexical_w005
79141,56,minibatch_k64,text_pca256_lexical_w005
79142,42,minibatch_k64,text_pca256_lexical_w005
79143,21,minibatch_k64,text_pca256_lexical_w005
79144,62,minibatch_k64,text_pca256_lexical_w005
79145,56,minibatch_k64,text_pca256_lexical_w005
79146,20,minibatch_k64,text_pca256_lexical_w005
79147,20,minibatch_k64,text_pca256_lexical_w005
79148,56,minibatch_k64,text_pca256_lexical_w005
79149,38,minibatch_k64,text_pca256_lexical_w005
79150,56,minibatch_k64,text_pca256_lexical_w005
79151,56,minibatch_k64,text_pca256_lexical_w005
79152,37,minibatch_k64,text_pca256_lexical_w005
79153,56,minibatch_k64,text_pca256_lexical_w005
79154,56,minibatch_k64,text_pca256_lexical_w005
79155,21,minibatch_k64,text_pca256_lexical_w005
79156,59,minibatch_k64,text_pca256_lexical_w005
79157,8,minibatch_k64,text_pca256_lexical_w005
79158,20,minibatch_k64,text_pca256_lexical_w005
79159,20,minibatch_k64,text_pca256_lexical_w005
79160,56,minibatch_k64,text_pca256_lexical_w005
79161,38,minibatch_k64,text_pca256_lexical_w005
79162,56,minibatch_k64,text_pca256_lexical_w005
79163,25,minibatch_k64,text_pca256_lexical_w005
79164,55,minibatch_k64,text_pca256_lexical_w005
79165,62,minibatch_k64,text_pca256_lexical_w005
79166,56,minibatch_k64,text_pca256_lexical_w005
79167,23,minibatch_k64,text_pca256_lexical_w005
79168,4,minibatch_k64,text_pca256_lexical_w005
79169,4,minibatch_k64,text_pca256_lexical_w005
79170,23,minibatch_k64,text_pca256_lexical_w005
79171,56,minibatch_k64,text_pca256_lexical_w005
79172,56,minibatch_k64,text_pca256_lexical_w005
79173,56,minibatch_k64,text_pca256_lexical_w005
79174,56,minibatch_k64,text_pca256_lexical_w005
79175,56,minibatch_k64,text_pca256_lexical_w005
79176,56,minibatch_k64,text_pca256_lexical_w005
79177,56,minibatch_k64,text_pca256_lexical_w005
79178,56,minibatch_k64,text_pca256_lexical_w005
79179,56,minibatch_k64,text_pca256_lexical_w005
79180,56,minibatch_k64,text_pca256_lexical_w005
79181,56,minibatch_k64,text_pca256_lexical_w005
79182,42,minibatch_k64,text_pca256_lexical_w005
79183,56,minibatch_k64,text_pca256_lexical_w005
79184,8,minibatch_k64,text_pca256_lexical_w005
79185,39,minibatch_k64,text_pca256_lexical_w005
79186,23,minibatch_k64,text_pca256_lexical_w005
79187,23,minibatch_k64,text_pca256_lexical_w005
79188,23,minibatch_k64,text_pca256_lexical_w005
79189,33,minibatch_k64,text_pca256_lexical_w005
79190,8,minibatch_k64,text_pca256_lexical_w005
79191,23,minibatch_k64,text_pca256_lexical_w005
79192,45,minibatch_k64,text_pca256_lexical_w005
79193,20,minibatch_k64,text_pca256_lexical_w005
79194,23,minibatch_k64,text_pca256_lexical_w005
79195,0,minibatch_k64,text_pca256_lexical_w005
79196,0,minibatch_k64,text_pca256_lexical_w005
79197,50,minibatch_k64,text_pca256_lexical_w005
79198,0,minibatch_k64,text_pca256_lexical_w005
79199,0,minibatch_k64,text_pca256_lexical_w005
79200,6,minibatch_k64,text_pca256_lexical_w005
79201,0,minibatch_k64,text_pca256_lexical_w005
79202,21,minibatch_k64,text_pca256_lexical_w005
79203,21,minibatch_k64,text_pca256_lexical_w005
79204,6,minibatch_k64,text_pca256_lexical_w005
79205,61,minibatch_k64,text_pca256_lexical_w005
79206,61,minibatch_k64,text_pca256_lexical_w005
79207,33,minibatch_k64,text_pca256_lexical_w005
79208,61,minibatch_k64,text_pca256_lexical_w005
79209,61,minibatch_k64,text_pca256_lexical_w005
79210,0,minibatch_k64,text_pca256_lexical_w005
79211,62,minibatch_k64,text_pca256_lexical_w005
79212,61,minibatch_k64,text_pca256_lexical_w005
79213,2,minibatch_k64,text_pca256_lexical_w005
79214,61,minibatch_k64,text_pca256_lexical_w005
79215,62,minibatch_k64,text_pca256_lexical_w005
79216,42,minibatch_k64,text_pca256_lexical_w005
79217,33,minibatch_k64,text_pca256_lexical_w005
79218,8,minibatch_k64,text_pca256_lexical_w005
79219,8,minibatch_k64,text_pca256_lexical_w005
79220,0,minibatch_k64,text_pca256_lexical_w005
79221,0,minibatch_k64,text_pca256_lexical_w005
79222,33,minibatch_k64,text_pca256_lexical_w005
79223,2,minibatch_k64,text_pca256_lexical_w005
79224,62,minibatch_k64,text_pca256_lexical_w005
79225,33,minibatch_k64,text_pca256_lexical_w005
79226,5,minibatch_k64,text_pca256_lexical_w005
79227,0,minibatch_k64,text_pca256_lexical_w005
79228,46,minibatch_k64,text_pca256_lexical_w005
79229,62,minibatch_k64,text_pca256_lexical_w005
79230,0,minibatch_k64,text_pca256_lexical_w005
79231,21,minibatch_k64,text_pca256_lexical_w005
79232,56,minibatch_k64,text_pca256_lexical_w005
79233,10,minibatch_k64,text_pca256_lexical_w005
79234,0,minibatch_k64,text_pca256_lexical_w005
79235,8,minibatch_k64,text_pca256_lexical_w005
79236,10,minibatch_k64,text_pca256_lexical_w005
79237,15,minibatch_k64,text_pca256_lexical_w005
79238,8,minibatch_k64,text_pca256_lexical_w005
79239,15,minibatch_k64,text_pca256_lexical_w005
79240,42,minibatch_k64,text_pca256_lexical_w005
79241,5,minibatch_k64,text_pca256_lexical_w005
79242,0,minibatch_k64,text_pca256_lexical_w005
79243,2,minibatch_k64,text_pca256_lexical_w005
79244,15,minibatch_k64,text_pca256_lexical_w005
79245,2,minibatch_k64,text_pca256_lexical_w005
79246,10,minibatch_k64,text_pca256_lexical_w005
79247,0,minibatch_k64,text_pca256_lexical_w005
79248,8,minibatch_k64,text_pca256_lexical_w005
79249,15,minibatch_k64,text_pca256_lexical_w005
79250,15,minibatch_k64,text_pca256_lexical_w005
79251,8,minibatch_k64,text_pca256_lexical_w005
79252,0,minibatch_k64,text_pca256_lexical_w005
79253,45,minibatch_k64,text_pca256_lexical_w005
79254,15,minibatch_k64,text_pca256_lexical_w005
79255,15,minibatch_k64,text_pca256_lexical_w005
79256,8,minibatch_k64,text_pca256_lexical_w005
79257,15,minibatch_k64,text_pca256_lexical_w005
79258,39,minibatch_k64,text_pca256_lexical_w005
79259,42,minibatch_k64,text_pca256_lexical_w005
79260,15,minibatch_k64,text_pca256_lexical_w005
79261,8,minibatch_k64,text_pca256_lexical_w005
79262,21,minibatch_k64,text_pca256_lexical_w005
79263,42,minibatch_k64,text_pca256_lexical_w005
79264,10,minibatch_k64,text_pca256_lexical_w005
79265,0,minibatch_k64,text_pca256_lexical_w005
79266,15,minibatch_k64,text_pca256_lexical_w005
79267,10,minibatch_k64,text_pca256_lexical_w005
79268,38,minibatch_k64,text_pca256_lexical_w005
79269,21,minibatch_k64,text_pca256_lexical_w005
79270,10,minibatch_k64,text_pca256_lexical_w005
79271,42,minibatch_k64,text_pca256_lexical_w005
79272,15,minibatch_k64,text_pca256_lexical_w005
79273,25,minibatch_k64,text_pca256_lexical_w005
79274,0,minibatch_k64,text_pca256_lexical_w005
79275,39,minibatch_k64,text_pca256_lexical_w005
79276,0,minibatch_k64,text_pca256_lexical_w005
79277,8,minibatch_k64,text_pca256_lexical_w005
79278,42,minibatch_k64,text_pca256_lexical_w005
79279,33,minibatch_k64,text_pca256_lexical_w005
79280,33,minibatch_k64,text_pca256_lexical_w005
79281,40,minibatch_k64,text_pca256_lexical_w005
79282,21,minibatch_k64,text_pca256_lexical_w005
79283,40,minibatch_k64,text_pca256_lexical_w005
79284,8,minibatch_k64,text_pca256_lexical_w005
79285,21,minibatch_k64,text_pca256_lexical_w005
79286,62,minibatch_k64,text_pca256_lexical_w005
79287,8,minibatch_k64,text_pca256_lexical_w005
79288,0,minibatch_k64,text_pca256_lexical_w005
79289,42,minibatch_k64,text_pca256_lexical_w005
79290,8,minibatch_k64,text_pca256_lexical_w005
79291,33,minibatch_k64,text_pca256_lexical_w005
79292,21,minibatch_k64,text_pca256_lexical_w005
79293,0,minibatch_k64,text_pca256_lexical_w005
79294,8,minibatch_k64,text_pca256_lexical_w005
79295,40,minibatch_k64,text_pca256_lexical_w005
79296,8,minibatch_k64,text_pca256_lexical_w005
79297,21,minibatch_k64,text_pca256_lexical_w005
79298,40,minibatch_k64,text_pca256_lexical_w005
79299,42,minibatch_k64,text_pca256_lexical_w005
79300,10,minibatch_k64,text_pca256_lexical_w005
79301,10,minibatch_k64,text_pca256_lexical_w005
79302,38,minibatch_k64,text_pca256_lexical_w005
79303,0,minibatch_k64,text_pca256_lexical_w005
79304,10,minibatch_k64,text_pca256_lexical_w005
79305,8,minibatch_k64,text_pca256_lexical_w005
79306,40,minibatch_k64,text_pca256_lexical_w005
79307,56,minibatch_k64,text_pca256_lexical_w005
79308,21,minibatch_k64,text_pca256_lexical_w005
79309,40,minibatch_k64,text_pca256_lexical_w005
79310,21,minibatch_k64,text_pca256_lexical_w005
79311,40,minibatch_k64,text_pca256_lexical_w005
79312,8,minibatch_k64,text_pca256_lexical_w005
79313,10,minibatch_k64,text_pca256_lexical_w005
79314,8,minibatch_k64,text_pca256_lexical_w005
79315,40,minibatch_k64,text_pca256_lexical_w005
79316,12,minibatch_k64,text_pca256_lexical_w005
79317,8,minibatch_k64,text_pca256_lexical_w005
79318,25,minibatch_k64,text_pca256_lexical_w005
79319,40,minibatch_k64,text_pca256_lexical_w005
79320,10,minibatch_k64,text_pca256_lexical_w005
79321,42,minibatch_k64,text_pca256_lexical_w005
79322,15,minibatch_k64,text_pca256_lexical_w005
79323,10,minibatch_k64,text_pca256_lexical_w005
79324,21,minibatch_k64,text_pca256_lexical_w005
79325,0,minibatch_k64,text_pca256_lexical_w005
79326,40,minibatch_k64,text_pca256_lexical_w005
79327,8,minibatch_k64,text_pca256_lexical_w005
79328,42,minibatch_k64,text_pca256_lexical_w005
79329,10,minibatch_k64,text_pca256_lexical_w005
79330,0,minibatch_k64,text_pca256_lexical_w005
79331,40,minibatch_k64,text_pca256_lexical_w005
79332,10,minibatch_k64,text_pca256_lexical_w005
79333,42,minibatch_k64,text_pca256_lexical_w005
79334,42,minibatch_k64,text_pca256_lexical_w005
79335,62,minibatch_k64,text_pca256_lexical_w005
79336,62,minibatch_k64,text_pca256_lexical_w005
79337,21,minibatch_k64,text_pca256_lexical_w005
79338,0,minibatch_k64,text_pca256_lexical_w005
79339,8,minibatch_k64,text_pca256_lexical_w005
79340,38,minibatch_k64,text_pca256_lexical_w005
79341,55,minibatch_k64,text_pca256_lexical_w005
79342,42,minibatch_k64,text_pca256_lexical_w005
79343,62,minibatch_k64,text_pca256_lexical_w005
79344,25,minibatch_k64,text_pca256_lexical_w005
79345,42,minibatch_k64,text_pca256_lexical_w005
79346,21,minibatch_k64,text_pca256_lexical_w005
79347,10,minibatch_k64,text_pca256_lexical_w005
79348,38,minibatch_k64,text_pca256_lexical_w005
79349,10,minibatch_k64,text_pca256_lexical_w005
79350,21,minibatch_k64,text_pca256_lexical_w005
79351,33,minibatch_k64,text_pca256_lexical_w005
79352,15,minibatch_k64,text_pca256_lexical_w005
79353,8,minibatch_k64,text_pca256_lexical_w005
79354,8,minibatch_k64,text_pca256_lexical_w005
79355,33,minibatch_k64,text_pca256_lexical_w005
79356,10,minibatch_k64,text_pca256_lexical_w005
79357,25,minibatch_k64,text_pca256_lexical_w005
79358,8,minibatch_k64,text_pca256_lexical_w005
79359,33,minibatch_k64,text_pca256_lexical_w005
79360,21,minibatch_k64,text_pca256_lexical_w005
79361,0,minibatch_k64,text_pca256_lexical_w005
79362,15,minibatch_k64,text_pca256_lexical_w005
79363,42,minibatch_k64,text_pca256_lexical_w005
79364,62,minibatch_k64,text_pca256_lexical_w005
79365,62,minibatch_k64,text_pca256_lexical_w005
79366,45,minibatch_k64,text_pca256_lexical_w005
79367,0,minibatch_k64,text_pca256_lexical_w005
79368,5,minibatch_k64,text_pca256_lexical_w005
79369,5,minibatch_k64,text_pca256_lexical_w005
79370,5,minibatch_k64,text_pca256_lexical_w005
79371,5,minibatch_k64,text_pca256_lexical_w005
79372,2,minibatch_k64,text_pca256_lexical_w005
79373,15,minibatch_k64,text_pca256_lexical_w005
79374,10,minibatch_k64,text_pca256_lexical_w005
79375,0,minibatch_k64,text_pca256_lexical_w005
79376,38,minibatch_k64,text_pca256_lexical_w005
79377,58,minibatch_k64,text_pca256_lexical_w005
79378,10,minibatch_k64,text_pca256_lexical_w005
79379,0,minibatch_k64,text_pca256_lexical_w005
79380,10,minibatch_k64,text_pca256_lexical_w005
79381,8,minibatch_k64,text_pca256_lexical_w005
79382,10,minibatch_k64,text_pca256_lexical_w005
79383,23,minibatch_k64,text_pca256_lexical_w005
79384,25,minibatch_k64,text_pca256_lexical_w005
79385,5,minibatch_k64,text_pca256_lexical_w005
79386,62,minibatch_k64,text_pca256_lexical_w005
79387,10,minibatch_k64,text_pca256_lexical_w005
79388,15,minibatch_k64,text_pca256_lexical_w005
79389,8,minibatch_k64,text_pca256_lexical_w005
79390,8,minibatch_k64,text_pca256_lexical_w005
79391,20,minibatch_k64,text_pca256_lexical_w005
79392,10,minibatch_k64,text_pca256_lexical_w005
79393,38,minibatch_k64,text_pca256_lexical_w005
79394,55,minibatch_k64,text_pca256_lexical_w005
79395,2,minibatch_k64,text_pca256_lexical_w005
79396,42,minibatch_k64,text_pca256_lexical_w005
79397,10,minibatch_k64,text_pca256_lexical_w005
79398,56,minibatch_k64,text_pca256_lexical_w005
79399,2,minibatch_k64,text_pca256_lexical_w005
79400,21,minibatch_k64,text_pca256_lexical_w005
79401,10,minibatch_k64,text_pca256_lexical_w005
79402,33,minibatch_k64,text_pca256_lexical_w005
79403,10,minibatch_k64,text_pca256_lexical_w005
79404,10,minibatch_k64,text_pca256_lexical_w005
79405,25,minibatch_k64,text_pca256_lexical_w005
79406,42,minibatch_k64,text_pca256_lexical_w005
79407,0,minibatch_k64,text_pca256_lexical_w005
79408,0,minibatch_k64,text_pca256_lexical_w005
79409,62,minibatch_k64,text_pca256_lexical_w005
79410,62,minibatch_k64,text_pca256_lexical_w005
79411,62,minibatch_k64,text_pca256_lexical_w005
79412,62,minibatch_k64,text_pca256_lexical_w005
79413,62,minibatch_k64,text_pca256_lexical_w005
79414,62,minibatch_k64,text_pca256_lexical_w005
79415,21,minibatch_k64,text_pca256_lexical_w005
79416,33,minibatch_k64,text_pca256_lexical_w005
79417,21,minibatch_k64,text_pca256_lexical_w005
79418,8,minibatch_k64,text_pca256_lexical_w005
79419,8,minibatch_k64,text_pca256_lexical_w005
79420,20,minibatch_k64,text_pca256_lexical_w005
79421,20,minibatch_k64,text_pca256_lexical_w005
79422,10,minibatch_k64,text_pca256_lexical_w005
79423,20,minibatch_k64,text_pca256_lexical_w005
79424,0,minibatch_k64,text_pca256_lexical_w005
79425,38,minibatch_k64,text_pca256_lexical_w005
79426,10,minibatch_k64,text_pca256_lexical_w005
79427,42,minibatch_k64,text_pca256_lexical_w005
79428,20,minibatch_k64,text_pca256_lexical_w005
79429,25,minibatch_k64,text_pca256_lexical_w005
79430,56,minibatch_k64,text_pca256_lexical_w005
79431,39,minibatch_k64,text_pca256_lexical_w005
79432,8,minibatch_k64,text_pca256_lexical_w005
79433,62,minibatch_k64,text_pca256_lexical_w005
79434,15,minibatch_k64,text_pca256_lexical_w005
79435,8,minibatch_k64,text_pca256_lexical_w005
79436,38,minibatch_k64,text_pca256_lexical_w005
79437,55,minibatch_k64,text_pca256_lexical_w005
79438,33,minibatch_k64,text_pca256_lexical_w005
79439,39,minibatch_k64,text_pca256_lexical_w005
79440,8,minibatch_k64,text_pca256_lexical_w005
79441,0,minibatch_k64,text_pca256_lexical_w005
79442,16,minibatch_k64,text_pca256_lexical_w005
79443,33,minibatch_k64,text_pca256_lexical_w005
79444,25,minibatch_k64,text_pca256_lexical_w005
79445,39,minibatch_k64,text_pca256_lexical_w005
79446,10,minibatch_k64,text_pca256_lexical_w005
79447,33,minibatch_k64,text_pca256_lexical_w005
79448,8,minibatch_k64,text_pca256_lexical_w005
79449,8,minibatch_k64,text_pca256_lexical_w005
79450,8,minibatch_k64,text_pca256_lexical_w005
79451,33,minibatch_k64,text_pca256_lexical_w005
79452,39,minibatch_k64,text_pca256_lexical_w005
79453,20,minibatch_k64,text_pca256_lexical_w005
79454,20,minibatch_k64,text_pca256_lexical_w005
79455,20,minibatch_k64,text_pca256_lexical_w005
79456,10,minibatch_k64,text_pca256_lexical_w005
79457,33,minibatch_k64,text_pca256_lexical_w005
79458,20,minibatch_k64,text_pca256_lexical_w005
79459,8,minibatch_k64,text_pca256_lexical_w005
79460,42,minibatch_k64,text_pca256_lexical_w005
79461,25,minibatch_k64,text_pca256_lexical_w005
79462,53,minibatch_k64,text_pca256_lexical_w005
79463,10,minibatch_k64,text_pca256_lexical_w005
79464,10,minibatch_k64,text_pca256_lexical_w005
79465,0,minibatch_k64,text_pca256_lexical_w005
79466,33,minibatch_k64,text_pca256_lexical_w005
79467,20,minibatch_k64,text_pca256_lexical_w005
79468,10,minibatch_k64,text_pca256_lexical_w005
79469,20,minibatch_k64,text_pca256_lexical_w005
79470,8,minibatch_k64,text_pca256_lexical_w005
79471,20,minibatch_k64,text_pca256_lexical_w005
79472,42,minibatch_k64,text_pca256_lexical_w005
79473,33,minibatch_k64,text_pca256_lexical_w005
79474,62,minibatch_k64,text_pca256_lexical_w005
79475,33,minibatch_k64,text_pca256_lexical_w005
79476,42,minibatch_k64,text_pca256_lexical_w005
79477,8,minibatch_k64,text_pca256_lexical_w005
79478,8,minibatch_k64,text_pca256_lexical_w005
79479,21,minibatch_k64,text_pca256_lexical_w005
79480,33,minibatch_k64,text_pca256_lexical_w005
79481,20,minibatch_k64,text_pca256_lexical_w005
79482,16,minibatch_k64,text_pca256_lexical_w005
79483,21,minibatch_k64,text_pca256_lexical_w005
79484,33,minibatch_k64,text_pca256_lexical_w005
79485,10,minibatch_k64,text_pca256_lexical_w005
79486,53,minibatch_k64,text_pca256_lexical_w005
79487,38,minibatch_k64,text_pca256_lexical_w005
79488,10,minibatch_k64,text_pca256_lexical_w005
79489,32,minibatch_k64,text_pca256_lexical_w005
79490,33,minibatch_k64,text_pca256_lexical_w005
79491,55,minibatch_k64,text_pca256_lexical_w005
79492,10,minibatch_k64,text_pca256_lexical_w005
79493,47,minibatch_k64,text_pca256_lexical_w005
79494,38,minibatch_k64,text_pca256_lexical_w005
79495,17,minibatch_k64,text_pca256_lexical_w005
79496,55,minibatch_k64,text_pca256_lexical_w005
79497,55,minibatch_k64,text_pca256_lexical_w005
79498,8,minibatch_k64,text_pca256_lexical_w005
79499,38,minibatch_k64,text_pca256_lexical_w005
79500,10,minibatch_k64,text_pca256_lexical_w005
79501,0,minibatch_k64,text_pca256_lexical_w005
79502,30,minibatch_k64,text_pca256_lexical_w005
79503,25,minibatch_k64,text_pca256_lexical_w005
79504,8,minibatch_k64,text_pca256_lexical_w005
79505,0,minibatch_k64,text_pca256_lexical_w005
79506,18,minibatch_k64,text_pca256_lexical_w005
79507,59,minibatch_k64,text_pca256_lexical_w005
79508,62,minibatch_k64,text_pca256_lexical_w005
79509,10,minibatch_k64,text_pca256_lexical_w005
79510,18,minibatch_k64,text_pca256_lexical_w005
79511,62,minibatch_k64,text_pca256_lexical_w005
79512,33,minibatch_k64,text_pca256_lexical_w005
79513,33,minibatch_k64,text_pca256_lexical_w005
79514,45,minibatch_k64,text_pca256_lexical_w005
79515,45,minibatch_k64,text_pca256_lexical_w005
79516,59,minibatch_k64,text_pca256_lexical_w005
79517,59,minibatch_k64,text_pca256_lexical_w005
79518,0,minibatch_k64,text_pca256_lexical_w005
79519,59,minibatch_k64,text_pca256_lexical_w005
79520,41,minibatch_k64,text_pca256_lexical_w005
79521,17,minibatch_k64,text_pca256_lexical_w005
79522,41,minibatch_k64,text_pca256_lexical_w005
79523,21,minibatch_k64,text_pca256_lexical_w005
79524,21,minibatch_k64,text_pca256_lexical_w005
79525,41,minibatch_k64,text_pca256_lexical_w005
79526,21,minibatch_k64,text_pca256_lexical_w005
79527,7,minibatch_k64,text_pca256_lexical_w005
79528,34,minibatch_k64,text_pca256_lexical_w005
79529,34,minibatch_k64,text_pca256_lexical_w005
79530,34,minibatch_k64,text_pca256_lexical_w005
79531,34,minibatch_k64,text_pca256_lexical_w005
79532,10,minibatch_k64,text_pca256_lexical_w005
79533,59,minibatch_k64,text_pca256_lexical_w005
79534,10,minibatch_k64,text_pca256_lexical_w005
79535,5,minibatch_k64,text_pca256_lexical_w005
79536,5,minibatch_k64,text_pca256_lexical_w005
79537,46,minibatch_k64,text_pca256_lexical_w005
79538,42,minibatch_k64,text_pca256_lexical_w005
79539,42,minibatch_k64,text_pca256_lexical_w005
79540,5,minibatch_k64,text_pca256_lexical_w005
79541,42,minibatch_k64,text_pca256_lexical_w005
79542,46,minibatch_k64,text_pca256_lexical_w005
79543,5,minibatch_k64,text_pca256_lexical_w005
79544,5,minibatch_k64,text_pca256_lexical_w005
79545,5,minibatch_k64,text_pca256_lexical_w005
79546,5,minibatch_k64,text_pca256_lexical_w005
79547,5,minibatch_k64,text_pca256_lexical_w005
79548,5,minibatch_k64,text_pca256_lexical_w005
79549,46,minibatch_k64,text_pca256_lexical_w005
79550,46,minibatch_k64,text_pca256_lexical_w005
79551,21,minibatch_k64,text_pca256_lexical_w005
79552,10,minibatch_k64,text_pca256_lexical_w005
79553,5,minibatch_k64,text_pca256_lexical_w005
79554,5,minibatch_k64,text_pca256_lexical_w005
79555,5,minibatch_k64,text_pca256_lexical_w005
79556,46,minibatch_k64,text_pca256_lexical_w005
79557,42,minibatch_k64,text_pca256_lexical_w005
79558,46,minibatch_k64,text_pca256_lexical_w005
79559,42,minibatch_k64,text_pca256_lexical_w005
79560,5,minibatch_k64,text_pca256_lexical_w005
79561,5,minibatch_k64,text_pca256_lexical_w005
79562,21,minibatch_k64,text_pca256_lexical_w005
79563,59,minibatch_k64,text_pca256_lexical_w005
79564,46,minibatch_k64,text_pca256_lexical_w005
79565,5,minibatch_k64,text_pca256_lexical_w005
79566,5,minibatch_k64,text_pca256_lexical_w005
79567,5,minibatch_k64,text_pca256_lexical_w005
79568,23,minibatch_k64,text_pca256_lexical_w005
79569,42,minibatch_k64,text_pca256_lexical_w005
79570,42,minibatch_k64,text_pca256_lexical_w005
79571,59,minibatch_k64,text_pca256_lexical_w005
79572,10,minibatch_k64,text_pca256_lexical_w005
79573,59,minibatch_k64,text_pca256_lexical_w005
79574,59,minibatch_k64,text_pca256_lexical_w005
79575,10,minibatch_k64,text_pca256_lexical_w005
79576,23,minibatch_k64,text_pca256_lexical_w005
79577,23,minibatch_k64,text_pca256_lexical_w005
79578,23,minibatch_k64,text_pca256_lexical_w005
79579,10,minibatch_k64,text_pca256_lexical_w005
79580,21,minibatch_k64,text_pca256_lexical_w005
79581,21,minibatch_k64,text_pca256_lexical_w005
79582,23,minibatch_k64,text_pca256_lexical_w005
79583,5,minibatch_k64,text_pca256_lexical_w005
79584,33,minibatch_k64,text_pca256_lexical_w005
79585,33,minibatch_k64,text_pca256_lexical_w005
79586,8,minibatch_k64,text_pca256_lexical_w005
79587,0,minibatch_k64,text_pca256_lexical_w005
79588,21,minibatch_k64,text_pca256_lexical_w005
79589,5,minibatch_k64,text_pca256_lexical_w005
79590,46,minibatch_k64,text_pca256_lexical_w005
79591,5,minibatch_k64,text_pca256_lexical_w005
79592,42,minibatch_k64,text_pca256_lexical_w005
79593,10,minibatch_k64,text_pca256_lexical_w005
79594,21,minibatch_k64,text_pca256_lexical_w005
79595,33,minibatch_k64,text_pca256_lexical_w005
79596,42,minibatch_k64,text_pca256_lexical_w005
79597,42,minibatch_k64,text_pca256_lexical_w005
79598,62,minibatch_k64,text_pca256_lexical_w005
79599,42,minibatch_k64,text_pca256_lexical_w005
79600,21,minibatch_k64,text_pca256_lexical_w005
79601,10,minibatch_k64,text_pca256_lexical_w005
79602,8,minibatch_k64,text_pca256_lexical_w005
79603,21,minibatch_k64,text_pca256_lexical_w005
79604,10,minibatch_k64,text_pca256_lexical_w005
79605,39,minibatch_k64,text_pca256_lexical_w005
79606,10,minibatch_k64,text_pca256_lexical_w005
79607,62,minibatch_k64,text_pca256_lexical_w005
79608,10,minibatch_k64,text_pca256_lexical_w005
79609,21,minibatch_k64,text_pca256_lexical_w005
79610,45,minibatch_k64,text_pca256_lexical_w005
79611,42,minibatch_k64,text_pca256_lexical_w005
79612,62,minibatch_k64,text_pca256_lexical_w005
79613,46,minibatch_k64,text_pca256_lexical_w005
79614,10,minibatch_k64,text_pca256_lexical_w005
79615,21,minibatch_k64,text_pca256_lexical_w005
79616,21,minibatch_k64,text_pca256_lexical_w005
79617,42,minibatch_k64,text_pca256_lexical_w005
79618,21,minibatch_k64,text_pca256_lexical_w005
79619,4,minibatch_k64,text_pca256_lexical_w005
79620,10,minibatch_k64,text_pca256_lexical_w005
79621,5,minibatch_k64,text_pca256_lexical_w005
79622,4,minibatch_k64,text_pca256_lexical_w005
79623,21,minibatch_k64,text_pca256_lexical_w005
79624,33,minibatch_k64,text_pca256_lexical_w005
79625,21,minibatch_k64,text_pca256_lexical_w005
79626,5,minibatch_k64,text_pca256_lexical_w005
79627,10,minibatch_k64,text_pca256_lexical_w005
79628,21,minibatch_k64,text_pca256_lexical_w005
79629,62,minibatch_k64,text_pca256_lexical_w005
79630,33,minibatch_k64,text_pca256_lexical_w005
79631,4,minibatch_k64,text_pca256_lexical_w005
79632,33,minibatch_k64,text_pca256_lexical_w005
79633,10,minibatch_k64,text_pca256_lexical_w005
79634,10,minibatch_k64,text_pca256_lexical_w005
79635,10,minibatch_k64,text_pca256_lexical_w005
79636,5,minibatch_k64,text_pca256_lexical_w005
79637,33,minibatch_k64,text_pca256_lexical_w005
79638,46,minibatch_k64,text_pca256_lexical_w005
79639,10,minibatch_k64,text_pca256_lexical_w005
79640,8,minibatch_k64,text_pca256_lexical_w005
79641,10,minibatch_k64,text_pca256_lexical_w005
79642,15,minibatch_k64,text_pca256_lexical_w005
79643,21,minibatch_k64,text_pca256_lexical_w005
79644,21,minibatch_k64,text_pca256_lexical_w005
79645,15,minibatch_k64,text_pca256_lexical_w005
79646,21,minibatch_k64,text_pca256_lexical_w005
79647,56,minibatch_k64,text_pca256_lexical_w005
79648,8,minibatch_k64,text_pca256_lexical_w005
79649,50,minibatch_k64,text_pca256_lexical_w005
79650,56,minibatch_k64,text_pca256_lexical_w005
79651,42,minibatch_k64,text_pca256_lexical_w005
79652,46,minibatch_k64,text_pca256_lexical_w005
79653,21,minibatch_k64,text_pca256_lexical_w005
79654,42,minibatch_k64,text_pca256_lexical_w005
79655,62,minibatch_k64,text_pca256_lexical_w005
79656,10,minibatch_k64,text_pca256_lexical_w005
79657,42,minibatch_k64,text_pca256_lexical_w005
79658,33,minibatch_k64,text_pca256_lexical_w005
79659,21,minibatch_k64,text_pca256_lexical_w005
79660,33,minibatch_k64,text_pca256_lexical_w005
79661,62,minibatch_k64,text_pca256_lexical_w005
79662,4,minibatch_k64,text_pca256_lexical_w005
79663,8,minibatch_k64,text_pca256_lexical_w005
79664,33,minibatch_k64,text_pca256_lexical_w005
79665,33,minibatch_k64,text_pca256_lexical_w005
79666,4,minibatch_k64,text_pca256_lexical_w005
79667,8,minibatch_k64,text_pca256_lexical_w005
79668,21,minibatch_k64,text_pca256_lexical_w005
79669,10,minibatch_k64,text_pca256_lexical_w005
79670,50,minibatch_k64,text_pca256_lexical_w005
79671,10,minibatch_k64,text_pca256_lexical_w005
79672,10,minibatch_k64,text_pca256_lexical_w005
79673,10,minibatch_k64,text_pca256_lexical_w005
79674,33,minibatch_k64,text_pca256_lexical_w005
79675,8,minibatch_k64,text_pca256_lexical_w005
79676,12,minibatch_k64,text_pca256_lexical_w005
79677,0,minibatch_k64,text_pca256_lexical_w005
79678,62,minibatch_k64,text_pca256_lexical_w005
79679,8,minibatch_k64,text_pca256_lexical_w005
79680,10,minibatch_k64,text_pca256_lexical_w005
79681,10,minibatch_k64,text_pca256_lexical_w005
79682,8,minibatch_k64,text_pca256_lexical_w005
79683,33,minibatch_k64,text_pca256_lexical_w005
79684,62,minibatch_k64,text_pca256_lexical_w005
79685,12,minibatch_k64,text_pca256_lexical_w005
79686,33,minibatch_k64,text_pca256_lexical_w005
79687,0,minibatch_k64,text_pca256_lexical_w005
79688,33,minibatch_k64,text_pca256_lexical_w005
79689,21,minibatch_k64,text_pca256_lexical_w005
79690,21,minibatch_k64,text_pca256_lexical_w005
79691,46,minibatch_k64,text_pca256_lexical_w005
79692,5,minibatch_k64,text_pca256_lexical_w005
79693,0,minibatch_k64,text_pca256_lexical_w005
79694,10,minibatch_k64,text_pca256_lexical_w005
79695,5,minibatch_k64,text_pca256_lexical_w005
79696,33,minibatch_k64,text_pca256_lexical_w005
79697,0,minibatch_k64,text_pca256_lexical_w005
79698,5,minibatch_k64,text_pca256_lexical_w005
79699,33,minibatch_k64,text_pca256_lexical_w005
79700,5,minibatch_k64,text_pca256_lexical_w005
79701,46,minibatch_k64,text_pca256_lexical_w005
79702,46,minibatch_k64,text_pca256_lexical_w005
79703,21,minibatch_k64,text_pca256_lexical_w005
79704,0,minibatch_k64,text_pca256_lexical_w005
79705,5,minibatch_k64,text_pca256_lexical_w005
79706,5,minibatch_k64,text_pca256_lexical_w005
79707,8,minibatch_k64,text_pca256_lexical_w005
79708,21,minibatch_k64,text_pca256_lexical_w005
79709,33,minibatch_k64,text_pca256_lexical_w005
79710,15,minibatch_k64,text_pca256_lexical_w005
79711,62,minibatch_k64,text_pca256_lexical_w005
79712,21,minibatch_k64,text_pca256_lexical_w005
79713,15,minibatch_k64,text_pca256_lexical_w005
79714,12,minibatch_k64,text_pca256_lexical_w005
79715,8,minibatch_k64,text_pca256_lexical_w005
79716,33,minibatch_k64,text_pca256_lexical_w005
79717,62,minibatch_k64,text_pca256_lexical_w005
79718,42,minibatch_k64,text_pca256_lexical_w005
79719,5,minibatch_k64,text_pca256_lexical_w005
79720,5,minibatch_k64,text_pca256_lexical_w005
79721,5,minibatch_k64,text_pca256_lexical_w005
79722,0,minibatch_k64,text_pca256_lexical_w005
79723,42,minibatch_k64,text_pca256_lexical_w005
79724,46,minibatch_k64,text_pca256_lexical_w005
79725,46,minibatch_k64,text_pca256_lexical_w005
79726,42,minibatch_k64,text_pca256_lexical_w005
79727,5,minibatch_k64,text_pca256_lexical_w005
79728,5,minibatch_k64,text_pca256_lexical_w005
79729,5,minibatch_k64,text_pca256_lexical_w005
79730,8,minibatch_k64,text_pca256_lexical_w005
79731,42,minibatch_k64,text_pca256_lexical_w005
79732,39,minibatch_k64,text_pca256_lexical_w005
79733,8,minibatch_k64,text_pca256_lexical_w005
79734,8,minibatch_k64,text_pca256_lexical_w005
79735,42,minibatch_k64,text_pca256_lexical_w005
79736,5,minibatch_k64,text_pca256_lexical_w005
79737,46,minibatch_k64,text_pca256_lexical_w005
79738,5,minibatch_k64,text_pca256_lexical_w005
79739,21,minibatch_k64,text_pca256_lexical_w005
79740,61,minibatch_k64,text_pca256_lexical_w005
79741,50,minibatch_k64,text_pca256_lexical_w005
79742,0,minibatch_k64,text_pca256_lexical_w005
79743,21,minibatch_k64,text_pca256_lexical_w005
79744,5,minibatch_k64,text_pca256_lexical_w005
79745,42,minibatch_k64,text_pca256_lexical_w005
79746,5,minibatch_k64,text_pca256_lexical_w005
79747,8,minibatch_k64,text_pca256_lexical_w005
79748,21,minibatch_k64,text_pca256_lexical_w005
79749,42,minibatch_k64,text_pca256_lexical_w005
79750,5,minibatch_k64,text_pca256_lexical_w005
79751,5,minibatch_k64,text_pca256_lexical_w005
79752,42,minibatch_k64,text_pca256_lexical_w005
79753,12,minibatch_k64,text_pca256_lexical_w005
79754,42,minibatch_k64,text_pca256_lexical_w005
79755,10,minibatch_k64,text_pca256_lexical_w005
79756,2,minibatch_k64,text_pca256_lexical_w005
79757,42,minibatch_k64,text_pca256_lexical_w005
79758,42,minibatch_k64,text_pca256_lexical_w005
79759,42,minibatch_k64,text_pca256_lexical_w005
79760,33,minibatch_k64,text_pca256_lexical_w005
79761,8,minibatch_k64,text_pca256_lexical_w005
79762,8,minibatch_k64,text_pca256_lexical_w005
79763,33,minibatch_k64,text_pca256_lexical_w005
79764,21,minibatch_k64,text_pca256_lexical_w005
79765,10,minibatch_k64,text_pca256_lexical_w005
79766,0,minibatch_k64,text_pca256_lexical_w005
79767,39,minibatch_k64,text_pca256_lexical_w005
79768,8,minibatch_k64,text_pca256_lexical_w005
79769,62,minibatch_k64,text_pca256_lexical_w005
79770,62,minibatch_k64,text_pca256_lexical_w005
79771,62,minibatch_k64,text_pca256_lexical_w005
79772,62,minibatch_k64,text_pca256_lexical_w005
79773,62,minibatch_k64,text_pca256_lexical_w005
79774,0,minibatch_k64,text_pca256_lexical_w005
79775,8,minibatch_k64,text_pca256_lexical_w005
79776,42,minibatch_k64,text_pca256_lexical_w005
79777,21,minibatch_k64,text_pca256_lexical_w005
79778,21,minibatch_k64,text_pca256_lexical_w005
79779,42,minibatch_k64,text_pca256_lexical_w005
79780,10,minibatch_k64,text_pca256_lexical_w005
79781,0,minibatch_k64,text_pca256_lexical_w005
79782,21,minibatch_k64,text_pca256_lexical_w005
79783,45,minibatch_k64,text_pca256_lexical_w005
79784,62,minibatch_k64,text_pca256_lexical_w005
79785,42,minibatch_k64,text_pca256_lexical_w005
79786,42,minibatch_k64,text_pca256_lexical_w005
79787,8,minibatch_k64,text_pca256_lexical_w005
79788,0,minibatch_k64,text_pca256_lexical_w005
79789,50,minibatch_k64,text_pca256_lexical_w005
79790,33,minibatch_k64,text_pca256_lexical_w005
79791,12,minibatch_k64,text_pca256_lexical_w005
79792,50,minibatch_k64,text_pca256_lexical_w005
79793,10,minibatch_k64,text_pca256_lexical_w005
79794,10,minibatch_k64,text_pca256_lexical_w005
79795,42,minibatch_k64,text_pca256_lexical_w005
79796,33,minibatch_k64,text_pca256_lexical_w005
79797,12,minibatch_k64,text_pca256_lexical_w005
79798,56,minibatch_k64,text_pca256_lexical_w005
79799,33,minibatch_k64,text_pca256_lexical_w005
79800,42,minibatch_k64,text_pca256_lexical_w005
79801,23,minibatch_k64,text_pca256_lexical_w005
79802,62,minibatch_k64,text_pca256_lexical_w005
79803,62,minibatch_k64,text_pca256_lexical_w005
79804,62,minibatch_k64,text_pca256_lexical_w005
79805,4,minibatch_k64,text_pca256_lexical_w005
79806,10,minibatch_k64,text_pca256_lexical_w005
79807,62,minibatch_k64,text_pca256_lexical_w005
79808,12,minibatch_k64,text_pca256_lexical_w005
79809,21,minibatch_k64,text_pca256_lexical_w005
79810,12,minibatch_k64,text_pca256_lexical_w005
79811,10,minibatch_k64,text_pca256_lexical_w005
79812,42,minibatch_k64,text_pca256_lexical_w005
79813,0,minibatch_k64,text_pca256_lexical_w005
79814,42,minibatch_k64,text_pca256_lexical_w005
79815,42,minibatch_k64,text_pca256_lexical_w005
79816,62,minibatch_k64,text_pca256_lexical_w005
79817,12,minibatch_k64,text_pca256_lexical_w005
79818,12,minibatch_k64,text_pca256_lexical_w005
79819,62,minibatch_k64,text_pca256_lexical_w005
79820,10,minibatch_k64,text_pca256_lexical_w005
79821,23,minibatch_k64,text_pca256_lexical_w005
79822,33,minibatch_k64,text_pca256_lexical_w005
79823,53,minibatch_k64,text_pca256_lexical_w005
79824,21,minibatch_k64,text_pca256_lexical_w005
79825,15,minibatch_k64,text_pca256_lexical_w005
79826,21,minibatch_k64,text_pca256_lexical_w005
79827,53,minibatch_k64,text_pca256_lexical_w005
79828,10,minibatch_k64,text_pca256_lexical_w005
79829,4,minibatch_k64,text_pca256_lexical_w005
79830,10,minibatch_k64,text_pca256_lexical_w005
79831,10,minibatch_k64,text_pca256_lexical_w005
79832,8,minibatch_k64,text_pca256_lexical_w005
79833,42,minibatch_k64,text_pca256_lexical_w005
79834,0,minibatch_k64,text_pca256_lexical_w005
79835,15,minibatch_k64,text_pca256_lexical_w005
79836,0,minibatch_k64,text_pca256_lexical_w005
79837,0,minibatch_k64,text_pca256_lexical_w005
79838,4,minibatch_k64,text_pca256_lexical_w005
79839,0,minibatch_k64,text_pca256_lexical_w005
79840,21,minibatch_k64,text_pca256_lexical_w005
79841,10,minibatch_k64,text_pca256_lexical_w005
79842,39,minibatch_k64,text_pca256_lexical_w005
79843,42,minibatch_k64,text_pca256_lexical_w005
79844,33,minibatch_k64,text_pca256_lexical_w005
79845,8,minibatch_k64,text_pca256_lexical_w005
79846,62,minibatch_k64,text_pca256_lexical_w005
79847,33,minibatch_k64,text_pca256_lexical_w005
79848,0,minibatch_k64,text_pca256_lexical_w005
79849,8,minibatch_k64,text_pca256_lexical_w005
79850,10,minibatch_k64,text_pca256_lexical_w005
79851,59,minibatch_k64,text_pca256_lexical_w005
79852,62,minibatch_k64,text_pca256_lexical_w005
79853,21,minibatch_k64,text_pca256_lexical_w005
79854,8,minibatch_k64,text_pca256_lexical_w005
79855,33,minibatch_k64,text_pca256_lexical_w005
79856,12,minibatch_k64,text_pca256_lexical_w005
79857,50,minibatch_k64,text_pca256_lexical_w005
79858,8,minibatch_k64,text_pca256_lexical_w005
79859,8,minibatch_k64,text_pca256_lexical_w005
79860,21,minibatch_k64,text_pca256_lexical_w005
79861,10,minibatch_k64,text_pca256_lexical_w005
79862,8,minibatch_k64,text_pca256_lexical_w005
79863,59,minibatch_k64,text_pca256_lexical_w005
79864,12,minibatch_k64,text_pca256_lexical_w005
79865,8,minibatch_k64,text_pca256_lexical_w005
79866,0,minibatch_k64,text_pca256_lexical_w005
79867,12,minibatch_k64,text_pca256_lexical_w005
79868,42,minibatch_k64,text_pca256_lexical_w005
79869,0,minibatch_k64,text_pca256_lexical_w005
79870,59,minibatch_k64,text_pca256_lexical_w005
79871,15,minibatch_k64,text_pca256_lexical_w005
79872,50,minibatch_k64,text_pca256_lexical_w005
79873,42,minibatch_k64,text_pca256_lexical_w005
79874,23,minibatch_k64,text_pca256_lexical_w005
79875,21,minibatch_k64,text_pca256_lexical_w005
79876,33,minibatch_k64,text_pca256_lexical_w005
79877,42,minibatch_k64,text_pca256_lexical_w005
79878,0,minibatch_k64,text_pca256_lexical_w005
79879,10,minibatch_k64,text_pca256_lexical_w005
79880,12,minibatch_k64,text_pca256_lexical_w005
79881,33,minibatch_k64,text_pca256_lexical_w005
79882,10,minibatch_k64,text_pca256_lexical_w005
79883,21,minibatch_k64,text_pca256_lexical_w005
79884,42,minibatch_k64,text_pca256_lexical_w005
79885,42,minibatch_k64,text_pca256_lexical_w005
79886,0,minibatch_k64,text_pca256_lexical_w005
79887,62,minibatch_k64,text_pca256_lexical_w005
79888,8,minibatch_k64,text_pca256_lexical_w005
79889,33,minibatch_k64,text_pca256_lexical_w005
79890,33,minibatch_k64,text_pca256_lexical_w005
79891,42,minibatch_k64,text_pca256_lexical_w005
79892,50,minibatch_k64,text_pca256_lexical_w005
79893,33,minibatch_k64,text_pca256_lexical_w005
79894,12,minibatch_k64,text_pca256_lexical_w005
79895,21,minibatch_k64,text_pca256_lexical_w005
79896,33,minibatch_k64,text_pca256_lexical_w005
79897,56,minibatch_k64,text_pca256_lexical_w005
79898,39,minibatch_k64,text_pca256_lexical_w005
79899,10,minibatch_k64,text_pca256_lexical_w005
79900,42,minibatch_k64,text_pca256_lexical_w005
79901,42,minibatch_k64,text_pca256_lexical_w005
79902,33,minibatch_k64,text_pca256_lexical_w005
79903,59,minibatch_k64,text_pca256_lexical_w005
79904,42,minibatch_k64,text_pca256_lexical_w005
79905,42,minibatch_k64,text_pca256_lexical_w005
79906,59,minibatch_k64,text_pca256_lexical_w005
79907,21,minibatch_k64,text_pca256_lexical_w005
79908,0,minibatch_k64,text_pca256_lexical_w005
79909,21,minibatch_k64,text_pca256_lexical_w005
79910,42,minibatch_k64,text_pca256_lexical_w005
79911,42,minibatch_k64,text_pca256_lexical_w005
79912,42,minibatch_k64,text_pca256_lexical_w005
79913,59,minibatch_k64,text_pca256_lexical_w005
79914,42,minibatch_k64,text_pca256_lexical_w005
79915,50,minibatch_k64,text_pca256_lexical_w005
79916,42,minibatch_k64,text_pca256_lexical_w005
79917,39,minibatch_k64,text_pca256_lexical_w005
79918,21,minibatch_k64,text_pca256_lexical_w005
79919,42,minibatch_k64,text_pca256_lexical_w005
79920,59,minibatch_k64,text_pca256_lexical_w005
79921,42,minibatch_k64,text_pca256_lexical_w005
79922,10,minibatch_k64,text_pca256_lexical_w005
79923,59,minibatch_k64,text_pca256_lexical_w005
79924,42,minibatch_k64,text_pca256_lexical_w005
79925,59,minibatch_k64,text_pca256_lexical_w005
79926,59,minibatch_k64,text_pca256_lexical_w005
79927,42,minibatch_k64,text_pca256_lexical_w005
79928,42,minibatch_k64,text_pca256_lexical_w005
79929,8,minibatch_k64,text_pca256_lexical_w005
79930,8,minibatch_k64,text_pca256_lexical_w005
79931,42,minibatch_k64,text_pca256_lexical_w005
79932,59,minibatch_k64,text_pca256_lexical_w005
79933,42,minibatch_k64,text_pca256_lexical_w005
79934,42,minibatch_k64,text_pca256_lexical_w005
79935,59,minibatch_k64,text_pca256_lexical_w005
79936,10,minibatch_k64,text_pca256_lexical_w005
79937,10,minibatch_k64,text_pca256_lexical_w005
79938,42,minibatch_k64,text_pca256_lexical_w005
79939,0,minibatch_k64,text_pca256_lexical_w005
79940,42,minibatch_k64,text_pca256_lexical_w005
79941,59,minibatch_k64,text_pca256_lexical_w005
79942,10,minibatch_k64,text_pca256_lexical_w005
79943,59,minibatch_k64,text_pca256_lexical_w005
79944,10,minibatch_k64,text_pca256_lexical_w005
79945,50,minibatch_k64,text_pca256_lexical_w005
79946,10,minibatch_k64,text_pca256_lexical_w005
79947,10,minibatch_k64,text_pca256_lexical_w005
79948,42,minibatch_k64,text_pca256_lexical_w005
79949,42,minibatch_k64,text_pca256_lexical_w005
79950,10,minibatch_k64,text_pca256_lexical_w005
79951,42,minibatch_k64,text_pca256_lexical_w005
79952,42,minibatch_k64,text_pca256_lexical_w005
79953,62,minibatch_k64,text_pca256_lexical_w005
79954,42,minibatch_k64,text_pca256_lexical_w005
79955,42,minibatch_k64,text_pca256_lexical_w005
79956,10,minibatch_k64,text_pca256_lexical_w005
79957,62,minibatch_k64,text_pca256_lexical_w005
79958,0,minibatch_k64,text_pca256_lexical_w005
79959,42,minibatch_k64,text_pca256_lexical_w005
79960,42,minibatch_k64,text_pca256_lexical_w005
79961,15,minibatch_k64,text_pca256_lexical_w005
79962,8,minibatch_k64,text_pca256_lexical_w005
79963,21,minibatch_k64,text_pca256_lexical_w005
79964,62,minibatch_k64,text_pca256_lexical_w005
79965,8,minibatch_k64,text_pca256_lexical_w005
79966,21,minibatch_k64,text_pca256_lexical_w005
79967,42,minibatch_k64,text_pca256_lexical_w005
79968,42,minibatch_k64,text_pca256_lexical_w005
79969,62,minibatch_k64,text_pca256_lexical_w005
79970,62,minibatch_k64,text_pca256_lexical_w005
79971,15,minibatch_k64,text_pca256_lexical_w005
79972,21,minibatch_k64,text_pca256_lexical_w005
79973,39,minibatch_k64,text_pca256_lexical_w005
79974,62,minibatch_k64,text_pca256_lexical_w005
79975,8,minibatch_k64,text_pca256_lexical_w005
79976,10,minibatch_k64,text_pca256_lexical_w005
79977,50,minibatch_k64,text_pca256_lexical_w005
79978,39,minibatch_k64,text_pca256_lexical_w005
79979,10,minibatch_k64,text_pca256_lexical_w005
79980,0,minibatch_k64,text_pca256_lexical_w005
79981,42,minibatch_k64,text_pca256_lexical_w005
79982,8,minibatch_k64,text_pca256_lexical_w005
79983,45,minibatch_k64,text_pca256_lexical_w005
79984,45,minibatch_k64,text_pca256_lexical_w005
79985,45,minibatch_k64,text_pca256_lexical_w005
79986,4,minibatch_k64,text_pca256_lexical_w005
79987,0,minibatch_k64,text_pca256_lexical_w005
79988,0,minibatch_k64,text_pca256_lexical_w005
79989,62,minibatch_k64,text_pca256_lexical_w005
79990,59,minibatch_k64,text_pca256_lexical_w005
79991,0,minibatch_k64,text_pca256_lexical_w005
79992,59,minibatch_k64,text_pca256_lexical_w005
79993,62,minibatch_k64,text_pca256_lexical_w005
79994,0,minibatch_k64,text_pca256_lexical_w005
79995,10,minibatch_k64,text_pca256_lexical_w005
79996,62,minibatch_k64,text_pca256_lexical_w005
79997,0,minibatch_k64,text_pca256_lexical_w005
79998,62,minibatch_k64,text_pca256_lexical_w005
79999,39,minibatch_k64,text_pca256_lexical_w005
80000,15,minibatch_k64,text_pca256_lexical_w005
80001,0,minibatch_k64,text_pca256_lexical_w005
80002,56,minibatch_k64,text_pca256_lexical_w005
80003,39,minibatch_k64,text_pca256_lexical_w005
80004,39,minibatch_k64,text_pca256_lexical_w005
80005,0,minibatch_k64,text_pca256_lexical_w005
80006,62,minibatch_k64,text_pca256_lexical_w005
80007,0,minibatch_k64,text_pca256_lexical_w005
80008,0,minibatch_k64,text_pca256_lexical_w005
80009,4,minibatch_k64,text_pca256_lexical_w005
80010,10,minibatch_k64,text_pca256_lexical_w005
80011,0,minibatch_k64,text_pca256_lexical_w005
80012,8,minibatch_k64,text_pca256_lexical_w005
80013,23,minibatch_k64,text_pca256_lexical_w005
80014,0,minibatch_k64,text_pca256_lexical_w005
80015,62,minibatch_k64,text_pca256_lexical_w005
80016,5,minibatch_k64,text_pca256_lexical_w005
80017,23,minibatch_k64,text_pca256_lexical_w005
80018,62,minibatch_k64,text_pca256_lexical_w005
80019,4,minibatch_k64,text_pca256_lexical_w005
80020,8,minibatch_k64,text_pca256_lexical_w005
80021,25,minibatch_k64,text_pca256_lexical_w005
80022,55,minibatch_k64,text_pca256_lexical_w005
80023,33,minibatch_k64,text_pca256_lexical_w005
80024,0,minibatch_k64,text_pca256_lexical_w005
80025,8,minibatch_k64,text_pca256_lexical_w005
80026,25,minibatch_k64,text_pca256_lexical_w005
80027,4,minibatch_k64,text_pca256_lexical_w005
80028,62,minibatch_k64,text_pca256_lexical_w005
80029,8,minibatch_k64,text_pca256_lexical_w005
80030,8,minibatch_k64,text_pca256_lexical_w005
80031,25,minibatch_k64,text_pca256_lexical_w005
80032,45,minibatch_k64,text_pca256_lexical_w005
80033,55,minibatch_k64,text_pca256_lexical_w005
80034,23,minibatch_k64,text_pca256_lexical_w005
80035,8,minibatch_k64,text_pca256_lexical_w005
80036,15,minibatch_k64,text_pca256_lexical_w005
80037,15,minibatch_k64,text_pca256_lexical_w005
80038,8,minibatch_k64,text_pca256_lexical_w005
80039,42,minibatch_k64,text_pca256_lexical_w005
80040,62,minibatch_k64,text_pca256_lexical_w005
80041,8,minibatch_k64,text_pca256_lexical_w005
80042,25,minibatch_k64,text_pca256_lexical_w005
80043,8,minibatch_k64,text_pca256_lexical_w005
80044,23,minibatch_k64,text_pca256_lexical_w005
80045,23,minibatch_k64,text_pca256_lexical_w005
80046,0,minibatch_k64,text_pca256_lexical_w005
80047,18,minibatch_k64,text_pca256_lexical_w005
80048,8,minibatch_k64,text_pca256_lexical_w005
80049,25,minibatch_k64,text_pca256_lexical_w005
80050,55,minibatch_k64,text_pca256_lexical_w005
80051,4,minibatch_k64,text_pca256_lexical_w005
80052,62,minibatch_k64,text_pca256_lexical_w005
80053,62,minibatch_k64,text_pca256_lexical_w005
80054,42,minibatch_k64,text_pca256_lexical_w005
80055,59,minibatch_k64,text_pca256_lexical_w005
80056,8,minibatch_k64,text_pca256_lexical_w005
80057,8,minibatch_k64,text_pca256_lexical_w005
80058,23,minibatch_k64,text_pca256_lexical_w005
80059,25,minibatch_k64,text_pca256_lexical_w005
80060,8,minibatch_k64,text_pca256_lexical_w005
80061,25,minibatch_k64,text_pca256_lexical_w005
80062,55,minibatch_k64,text_pca256_lexical_w005
80063,8,minibatch_k64,text_pca256_lexical_w005
80064,62,minibatch_k64,text_pca256_lexical_w005
80065,8,minibatch_k64,text_pca256_lexical_w005
80066,62,minibatch_k64,text_pca256_lexical_w005
80067,25,minibatch_k64,text_pca256_lexical_w005
80068,42,minibatch_k64,text_pca256_lexical_w005
80069,55,minibatch_k64,text_pca256_lexical_w005
80070,46,minibatch_k64,text_pca256_lexical_w005
80071,25,minibatch_k64,text_pca256_lexical_w005
80072,62,minibatch_k64,text_pca256_lexical_w005
80073,29,minibatch_k64,text_pca256_lexical_w005
80074,25,minibatch_k64,text_pca256_lexical_w005
80075,29,minibatch_k64,text_pca256_lexical_w005
80076,55,minibatch_k64,text_pca256_lexical_w005
80077,25,minibatch_k64,text_pca256_lexical_w005
80078,20,minibatch_k64,text_pca256_lexical_w005
80079,55,minibatch_k64,text_pca256_lexical_w005
80080,23,minibatch_k64,text_pca256_lexical_w005
80081,25,minibatch_k64,text_pca256_lexical_w005
80082,62,minibatch_k64,text_pca256_lexical_w005
80083,23,minibatch_k64,text_pca256_lexical_w005
80084,4,minibatch_k64,text_pca256_lexical_w005
80085,5,minibatch_k64,text_pca256_lexical_w005
80086,62,minibatch_k64,text_pca256_lexical_w005
80087,0,minibatch_k64,text_pca256_lexical_w005
80088,38,minibatch_k64,text_pca256_lexical_w005
80089,58,minibatch_k64,text_pca256_lexical_w005
80090,55,minibatch_k64,text_pca256_lexical_w005
80091,25,minibatch_k64,text_pca256_lexical_w005
80092,0,minibatch_k64,text_pca256_lexical_w005
80093,47,minibatch_k64,text_pca256_lexical_w005
80094,15,minibatch_k64,text_pca256_lexical_w005
80095,5,minibatch_k64,text_pca256_lexical_w005
80096,38,minibatch_k64,text_pca256_lexical_w005
80097,58,minibatch_k64,text_pca256_lexical_w005
80098,25,minibatch_k64,text_pca256_lexical_w005
80099,59,minibatch_k64,text_pca256_lexical_w005
80100,10,minibatch_k64,text_pca256_lexical_w005
80101,15,minibatch_k64,text_pca256_lexical_w005
80102,47,minibatch_k64,text_pca256_lexical_w005
80103,47,minibatch_k64,text_pca256_lexical_w005
80104,47,minibatch_k64,text_pca256_lexical_w005
80105,38,minibatch_k64,text_pca256_lexical_w005
80106,15,minibatch_k64,text_pca256_lexical_w005
80107,58,minibatch_k64,text_pca256_lexical_w005
80108,25,minibatch_k64,text_pca256_lexical_w005
80109,55,minibatch_k64,text_pca256_lexical_w005
80110,21,minibatch_k64,text_pca256_lexical_w005
80111,38,minibatch_k64,text_pca256_lexical_w005
80112,39,minibatch_k64,text_pca256_lexical_w005
80113,0,minibatch_k64,text_pca256_lexical_w005
80114,0,minibatch_k64,text_pca256_lexical_w005
80115,50,minibatch_k64,text_pca256_lexical_w005
80116,62,minibatch_k64,text_pca256_lexical_w005
80117,62,minibatch_k64,text_pca256_lexical_w005
80118,0,minibatch_k64,text_pca256_lexical_w005
80119,0,minibatch_k64,text_pca256_lexical_w005
80120,58,minibatch_k64,text_pca256_lexical_w005
80121,21,minibatch_k64,text_pca256_lexical_w005
80122,0,minibatch_k64,text_pca256_lexical_w005
80123,0,minibatch_k64,text_pca256_lexical_w005
80124,8,minibatch_k64,text_pca256_lexical_w005
80125,5,minibatch_k64,text_pca256_lexical_w005
80126,4,minibatch_k64,text_pca256_lexical_w005
80127,62,minibatch_k64,text_pca256_lexical_w005
80128,4,minibatch_k64,text_pca256_lexical_w005
80129,5,minibatch_k64,text_pca256_lexical_w005
80130,5,minibatch_k64,text_pca256_lexical_w005
80131,46,minibatch_k64,text_pca256_lexical_w005
80132,0,minibatch_k64,text_pca256_lexical_w005
80133,0,minibatch_k64,text_pca256_lexical_w005
80134,8,minibatch_k64,text_pca256_lexical_w005
80135,8,minibatch_k64,text_pca256_lexical_w005
80136,62,minibatch_k64,text_pca256_lexical_w005
80137,8,minibatch_k64,text_pca256_lexical_w005
80138,42,minibatch_k64,text_pca256_lexical_w005
80139,10,minibatch_k64,text_pca256_lexical_w005
80140,10,minibatch_k64,text_pca256_lexical_w005
80141,0,minibatch_k64,text_pca256_lexical_w005
80142,29,minibatch_k64,text_pca256_lexical_w005
80143,0,minibatch_k64,text_pca256_lexical_w005
80144,0,minibatch_k64,text_pca256_lexical_w005
80145,0,minibatch_k64,text_pca256_lexical_w005
80146,33,minibatch_k64,text_pca256_lexical_w005
80147,62,minibatch_k64,text_pca256_lexical_w005
80148,62,minibatch_k64,text_pca256_lexical_w005
80149,62,minibatch_k64,text_pca256_lexical_w005
80150,8,minibatch_k64,text_pca256_lexical_w005
80151,8,minibatch_k64,text_pca256_lexical_w005
80152,62,minibatch_k64,text_pca256_lexical_w005
80153,0,minibatch_k64,text_pca256_lexical_w005
80154,21,minibatch_k64,text_pca256_lexical_w005
80155,62,minibatch_k64,text_pca256_lexical_w005
80156,42,minibatch_k64,text_pca256_lexical_w005
80157,2,minibatch_k64,text_pca256_lexical_w005
80158,45,minibatch_k64,text_pca256_lexical_w005
80159,8,minibatch_k64,text_pca256_lexical_w005
80160,62,minibatch_k64,text_pca256_lexical_w005
80161,23,minibatch_k64,text_pca256_lexical_w005
80162,62,minibatch_k64,text_pca256_lexical_w005
80163,10,minibatch_k64,text_pca256_lexical_w005
80164,45,minibatch_k64,text_pca256_lexical_w005
80165,62,minibatch_k64,text_pca256_lexical_w005
80166,4,minibatch_k64,text_pca256_lexical_w005
80167,62,minibatch_k64,text_pca256_lexical_w005
80168,0,minibatch_k64,text_pca256_lexical_w005
80169,5,minibatch_k64,text_pca256_lexical_w005
80170,59,minibatch_k64,text_pca256_lexical_w005
80171,62,minibatch_k64,text_pca256_lexical_w005
80172,62,minibatch_k64,text_pca256_lexical_w005
80173,62,minibatch_k64,text_pca256_lexical_w005
80174,62,minibatch_k64,text_pca256_lexical_w005
80175,42,minibatch_k64,text_pca256_lexical_w005
80176,62,minibatch_k64,text_pca256_lexical_w005
80177,62,minibatch_k64,text_pca256_lexical_w005
80178,33,minibatch_k64,text_pca256_lexical_w005
80179,21,minibatch_k64,text_pca256_lexical_w005
80180,23,minibatch_k64,text_pca256_lexical_w005
80181,15,minibatch_k64,text_pca256_lexical_w005
80182,39,minibatch_k64,text_pca256_lexical_w005
80183,62,minibatch_k64,text_pca256_lexical_w005
80184,59,minibatch_k64,text_pca256_lexical_w005
80185,39,minibatch_k64,text_pca256_lexical_w005
80186,56,minibatch_k64,text_pca256_lexical_w005
80187,5,minibatch_k64,text_pca256_lexical_w005
80188,0,minibatch_k64,text_pca256_lexical_w005
80189,52,minibatch_k64,text_pca256_lexical_w005
80190,39,minibatch_k64,text_pca256_lexical_w005
80191,0,minibatch_k64,text_pca256_lexical_w005
80192,52,minibatch_k64,text_pca256_lexical_w005
80193,46,minibatch_k64,text_pca256_lexical_w005
80194,0,minibatch_k64,text_pca256_lexical_w005
80195,23,minibatch_k64,text_pca256_lexical_w005
80196,38,minibatch_k64,text_pca256_lexical_w005
80197,58,minibatch_k64,text_pca256_lexical_w005
80198,45,minibatch_k64,text_pca256_lexical_w005
80199,25,minibatch_k64,text_pca256_lexical_w005
80200,55,minibatch_k64,text_pca256_lexical_w005
80201,23,minibatch_k64,text_pca256_lexical_w005
80202,10,minibatch_k64,text_pca256_lexical_w005
80203,5,minibatch_k64,text_pca256_lexical_w005
80204,62,minibatch_k64,text_pca256_lexical_w005
80205,42,minibatch_k64,text_pca256_lexical_w005
80206,5,minibatch_k64,text_pca256_lexical_w005
80207,56,minibatch_k64,text_pca256_lexical_w005
80208,45,minibatch_k64,text_pca256_lexical_w005
80209,5,minibatch_k64,text_pca256_lexical_w005
80210,0,minibatch_k64,text_pca256_lexical_w005
80211,8,minibatch_k64,text_pca256_lexical_w005
80212,62,minibatch_k64,text_pca256_lexical_w005
80213,23,minibatch_k64,text_pca256_lexical_w005
80214,50,minibatch_k64,text_pca256_lexical_w005
80215,5,minibatch_k64,text_pca256_lexical_w005
80216,0,minibatch_k64,text_pca256_lexical_w005
80217,0,minibatch_k64,text_pca256_lexical_w005
80218,0,minibatch_k64,text_pca256_lexical_w005
80219,10,minibatch_k64,text_pca256_lexical_w005
80220,0,minibatch_k64,text_pca256_lexical_w005
80221,62,minibatch_k64,text_pca256_lexical_w005
80222,10,minibatch_k64,text_pca256_lexical_w005
80223,23,minibatch_k64,text_pca256_lexical_w005
80224,56,minibatch_k64,text_pca256_lexical_w005
80225,39,minibatch_k64,text_pca256_lexical_w005
80226,50,minibatch_k64,text_pca256_lexical_w005
80227,29,minibatch_k64,text_pca256_lexical_w005
80228,0,minibatch_k64,text_pca256_lexical_w005
80229,62,minibatch_k64,text_pca256_lexical_w005
80230,39,minibatch_k64,text_pca256_lexical_w005
80231,0,minibatch_k64,text_pca256_lexical_w005
80232,39,minibatch_k64,text_pca256_lexical_w005
80233,15,minibatch_k64,text_pca256_lexical_w005
80234,0,minibatch_k64,text_pca256_lexical_w005
80235,62,minibatch_k64,text_pca256_lexical_w005
80236,62,minibatch_k64,text_pca256_lexical_w005
80237,42,minibatch_k64,text_pca256_lexical_w005
80238,4,minibatch_k64,text_pca256_lexical_w005
80239,0,minibatch_k64,text_pca256_lexical_w005
80240,23,minibatch_k64,text_pca256_lexical_w005
80241,62,minibatch_k64,text_pca256_lexical_w005
80242,39,minibatch_k64,text_pca256_lexical_w005
80243,0,minibatch_k64,text_pca256_lexical_w005
80244,56,minibatch_k64,text_pca256_lexical_w005
80245,62,minibatch_k64,text_pca256_lexical_w005
80246,10,minibatch_k64,text_pca256_lexical_w005
80247,0,minibatch_k64,text_pca256_lexical_w005
80248,29,minibatch_k64,text_pca256_lexical_w005
80249,4,minibatch_k64,text_pca256_lexical_w005
80250,29,minibatch_k64,text_pca256_lexical_w005
80251,62,minibatch_k64,text_pca256_lexical_w005
80252,62,minibatch_k64,text_pca256_lexical_w005
80253,5,minibatch_k64,text_pca256_lexical_w005
80254,0,minibatch_k64,text_pca256_lexical_w005
80255,52,minibatch_k64,text_pca256_lexical_w005
80256,62,minibatch_k64,text_pca256_lexical_w005
80257,62,minibatch_k64,text_pca256_lexical_w005
80258,62,minibatch_k64,text_pca256_lexical_w005
80259,50,minibatch_k64,text_pca256_lexical_w005
80260,46,minibatch_k64,text_pca256_lexical_w005
80261,29,minibatch_k64,text_pca256_lexical_w005
80262,0,minibatch_k64,text_pca256_lexical_w005
80263,52,minibatch_k64,text_pca256_lexical_w005
80264,23,minibatch_k64,text_pca256_lexical_w005
80265,38,minibatch_k64,text_pca256_lexical_w005
80266,58,minibatch_k64,text_pca256_lexical_w005
80267,45,minibatch_k64,text_pca256_lexical_w005
80268,45,minibatch_k64,text_pca256_lexical_w005
80269,25,minibatch_k64,text_pca256_lexical_w005
80270,60,minibatch_k64,text_pca256_lexical_w005
80271,62,minibatch_k64,text_pca256_lexical_w005
80272,0,minibatch_k64,text_pca256_lexical_w005
80273,45,minibatch_k64,text_pca256_lexical_w005
80274,45,minibatch_k64,text_pca256_lexical_w005
80275,56,minibatch_k64,text_pca256_lexical_w005
80276,0,minibatch_k64,text_pca256_lexical_w005
80277,4,minibatch_k64,text_pca256_lexical_w005
80278,62,minibatch_k64,text_pca256_lexical_w005
80279,5,minibatch_k64,text_pca256_lexical_w005
80280,8,minibatch_k64,text_pca256_lexical_w005
80281,62,minibatch_k64,text_pca256_lexical_w005
80282,15,minibatch_k64,text_pca256_lexical_w005
80283,23,minibatch_k64,text_pca256_lexical_w005
80284,62,minibatch_k64,text_pca256_lexical_w005
80285,0,minibatch_k64,text_pca256_lexical_w005
80286,23,minibatch_k64,text_pca256_lexical_w005
80287,62,minibatch_k64,text_pca256_lexical_w005
80288,29,minibatch_k64,text_pca256_lexical_w005
80289,29,minibatch_k64,text_pca256_lexical_w005
80290,62,minibatch_k64,text_pca256_lexical_w005
80291,33,minibatch_k64,text_pca256_lexical_w005
80292,8,minibatch_k64,text_pca256_lexical_w005
80293,56,minibatch_k64,text_pca256_lexical_w005
80294,62,minibatch_k64,text_pca256_lexical_w005
80295,23,minibatch_k64,text_pca256_lexical_w005
80296,0,minibatch_k64,text_pca256_lexical_w005
80297,62,minibatch_k64,text_pca256_lexical_w005
80298,23,minibatch_k64,text_pca256_lexical_w005
80299,0,minibatch_k64,text_pca256_lexical_w005
80300,50,minibatch_k64,text_pca256_lexical_w005
80301,8,minibatch_k64,text_pca256_lexical_w005
80302,0,minibatch_k64,text_pca256_lexical_w005
80303,0,minibatch_k64,text_pca256_lexical_w005
80304,62,minibatch_k64,text_pca256_lexical_w005
80305,62,minibatch_k64,text_pca256_lexical_w005
80306,62,minibatch_k64,text_pca256_lexical_w005
80307,62,minibatch_k64,text_pca256_lexical_w005
80308,0,minibatch_k64,text_pca256_lexical_w005
80309,62,minibatch_k64,text_pca256_lexical_w005
80310,56,minibatch_k64,text_pca256_lexical_w005
80311,29,minibatch_k64,text_pca256_lexical_w005
80312,29,minibatch_k64,text_pca256_lexical_w005
80313,29,minibatch_k64,text_pca256_lexical_w005
80314,8,minibatch_k64,text_pca256_lexical_w005
80315,0,minibatch_k64,text_pca256_lexical_w005
80316,0,minibatch_k64,text_pca256_lexical_w005
80317,0,minibatch_k64,text_pca256_lexical_w005
80318,23,minibatch_k64,text_pca256_lexical_w005
80319,39,minibatch_k64,text_pca256_lexical_w005
80320,21,minibatch_k64,text_pca256_lexical_w005
80321,45,minibatch_k64,text_pca256_lexical_w005
80322,38,minibatch_k64,text_pca256_lexical_w005
80323,25,minibatch_k64,text_pca256_lexical_w005
80324,55,minibatch_k64,text_pca256_lexical_w005
80325,60,minibatch_k64,text_pca256_lexical_w005
80326,4,minibatch_k64,text_pca256_lexical_w005
80327,15,minibatch_k64,text_pca256_lexical_w005
80328,21,minibatch_k64,text_pca256_lexical_w005
80329,56,minibatch_k64,text_pca256_lexical_w005
80330,45,minibatch_k64,text_pca256_lexical_w005
80331,50,minibatch_k64,text_pca256_lexical_w005
80332,62,minibatch_k64,text_pca256_lexical_w005
80333,39,minibatch_k64,text_pca256_lexical_w005
80334,0,minibatch_k64,text_pca256_lexical_w005
80335,0,minibatch_k64,text_pca256_lexical_w005
80336,0,minibatch_k64,text_pca256_lexical_w005
80337,0,minibatch_k64,text_pca256_lexical_w005
80338,0,minibatch_k64,text_pca256_lexical_w005
80339,0,minibatch_k64,text_pca256_lexical_w005
80340,23,minibatch_k64,text_pca256_lexical_w005
80341,39,minibatch_k64,text_pca256_lexical_w005
80342,56,minibatch_k64,text_pca256_lexical_w005
80343,39,minibatch_k64,text_pca256_lexical_w005
80344,21,minibatch_k64,text_pca256_lexical_w005
80345,42,minibatch_k64,text_pca256_lexical_w005
80346,39,minibatch_k64,text_pca256_lexical_w005
80347,8,minibatch_k64,text_pca256_lexical_w005
80348,33,minibatch_k64,text_pca256_lexical_w005
80349,10,minibatch_k64,text_pca256_lexical_w005
80350,21,minibatch_k64,text_pca256_lexical_w005
80351,21,minibatch_k64,text_pca256_lexical_w005
80352,39,minibatch_k64,text_pca256_lexical_w005
80353,59,minibatch_k64,text_pca256_lexical_w005
80354,59,minibatch_k64,text_pca256_lexical_w005
80355,0,minibatch_k64,text_pca256_lexical_w005
80356,39,minibatch_k64,text_pca256_lexical_w005
80357,0,minibatch_k64,text_pca256_lexical_w005
80358,39,minibatch_k64,text_pca256_lexical_w005
80359,39,minibatch_k64,text_pca256_lexical_w005
80360,0,minibatch_k64,text_pca256_lexical_w005
80361,23,minibatch_k64,text_pca256_lexical_w005
80362,39,minibatch_k64,text_pca256_lexical_w005
80363,38,minibatch_k64,text_pca256_lexical_w005
80364,33,minibatch_k64,text_pca256_lexical_w005
80365,55,minibatch_k64,text_pca256_lexical_w005
80366,25,minibatch_k64,text_pca256_lexical_w005
80367,60,minibatch_k64,text_pca256_lexical_w005
80368,23,minibatch_k64,text_pca256_lexical_w005
80369,45,minibatch_k64,text_pca256_lexical_w005
80370,4,minibatch_k64,text_pca256_lexical_w005
80371,8,minibatch_k64,text_pca256_lexical_w005
80372,45,minibatch_k64,text_pca256_lexical_w005
80373,45,minibatch_k64,text_pca256_lexical_w005
80374,0,minibatch_k64,text_pca256_lexical_w005
80375,0,minibatch_k64,text_pca256_lexical_w005
80376,0,minibatch_k64,text_pca256_lexical_w005
80377,56,minibatch_k64,text_pca256_lexical_w005
80378,39,minibatch_k64,text_pca256_lexical_w005
80379,8,minibatch_k64,text_pca256_lexical_w005
80380,0,minibatch_k64,text_pca256_lexical_w005
80381,0,minibatch_k64,text_pca256_lexical_w005
80382,50,minibatch_k64,text_pca256_lexical_w005
80383,8,minibatch_k64,text_pca256_lexical_w005
80384,0,minibatch_k64,text_pca256_lexical_w005
80385,0,minibatch_k64,text_pca256_lexical_w005
80386,8,minibatch_k64,text_pca256_lexical_w005
80387,15,minibatch_k64,text_pca256_lexical_w005
80388,0,minibatch_k64,text_pca256_lexical_w005
80389,42,minibatch_k64,text_pca256_lexical_w005
80390,50,minibatch_k64,text_pca256_lexical_w005
80391,62,minibatch_k64,text_pca256_lexical_w005
80392,8,minibatch_k64,text_pca256_lexical_w005
80393,0,minibatch_k64,text_pca256_lexical_w005
80394,5,minibatch_k64,text_pca256_lexical_w005
80395,10,minibatch_k64,text_pca256_lexical_w005
80396,5,minibatch_k64,text_pca256_lexical_w005
80397,62,minibatch_k64,text_pca256_lexical_w005
80398,20,minibatch_k64,text_pca256_lexical_w005
80399,0,minibatch_k64,text_pca256_lexical_w005
80400,10,minibatch_k64,text_pca256_lexical_w005
80401,45,minibatch_k64,text_pca256_lexical_w005
80402,45,minibatch_k64,text_pca256_lexical_w005
80403,58,minibatch_k64,text_pca256_lexical_w005
80404,45,minibatch_k64,text_pca256_lexical_w005
80405,58,minibatch_k64,text_pca256_lexical_w005
80406,10,minibatch_k64,text_pca256_lexical_w005
80407,45,minibatch_k64,text_pca256_lexical_w005
80408,0,minibatch_k64,text_pca256_lexical_w005
80409,45,minibatch_k64,text_pca256_lexical_w005
80410,55,minibatch_k64,text_pca256_lexical_w005
80411,25,minibatch_k64,text_pca256_lexical_w005
80412,54,minibatch_k64,text_pca256_lexical_w005
80413,4,minibatch_k64,text_pca256_lexical_w005
80414,62,minibatch_k64,text_pca256_lexical_w005
80415,62,minibatch_k64,text_pca256_lexical_w005
80416,59,minibatch_k64,text_pca256_lexical_w005
80417,8,minibatch_k64,text_pca256_lexical_w005
80418,0,minibatch_k64,text_pca256_lexical_w005
80419,45,minibatch_k64,text_pca256_lexical_w005
80420,62,minibatch_k64,text_pca256_lexical_w005
80421,0,minibatch_k64,text_pca256_lexical_w005
80422,4,minibatch_k64,text_pca256_lexical_w005
80423,4,minibatch_k64,text_pca256_lexical_w005
80424,4,minibatch_k64,text_pca256_lexical_w005
80425,45,minibatch_k64,text_pca256_lexical_w005
80426,4,minibatch_k64,text_pca256_lexical_w005
80427,2,minibatch_k64,text_pca256_lexical_w005
80428,4,minibatch_k64,text_pca256_lexical_w005
80429,62,minibatch_k64,text_pca256_lexical_w005
80430,8,minibatch_k64,text_pca256_lexical_w005
80431,10,minibatch_k64,text_pca256_lexical_w005
80432,59,minibatch_k64,text_pca256_lexical_w005
80433,23,minibatch_k64,text_pca256_lexical_w005
80434,8,minibatch_k64,text_pca256_lexical_w005
80435,50,minibatch_k64,text_pca256_lexical_w005
80436,0,minibatch_k64,text_pca256_lexical_w005
80437,0,minibatch_k64,text_pca256_lexical_w005
80438,59,minibatch_k64,text_pca256_lexical_w005
80439,8,minibatch_k64,text_pca256_lexical_w005
80440,0,minibatch_k64,text_pca256_lexical_w005
80441,33,minibatch_k64,text_pca256_lexical_w005
80442,62,minibatch_k64,text_pca256_lexical_w005
80443,8,minibatch_k64,text_pca256_lexical_w005
80444,62,minibatch_k64,text_pca256_lexical_w005
80445,0,minibatch_k64,text_pca256_lexical_w005
80446,8,minibatch_k64,text_pca256_lexical_w005
80447,56,minibatch_k64,text_pca256_lexical_w005
80448,2,minibatch_k64,text_pca256_lexical_w005
80449,0,minibatch_k64,text_pca256_lexical_w005
80450,8,minibatch_k64,text_pca256_lexical_w005
80451,62,minibatch_k64,text_pca256_lexical_w005
80452,23,minibatch_k64,text_pca256_lexical_w005
80453,8,minibatch_k64,text_pca256_lexical_w005
80454,10,minibatch_k64,text_pca256_lexical_w005
80455,15,minibatch_k64,text_pca256_lexical_w005
80456,33,minibatch_k64,text_pca256_lexical_w005
80457,10,minibatch_k64,text_pca256_lexical_w005
80458,62,minibatch_k64,text_pca256_lexical_w005
80459,0,minibatch_k64,text_pca256_lexical_w005
80460,0,minibatch_k64,text_pca256_lexical_w005
80461,0,minibatch_k64,text_pca256_lexical_w005
80462,59,minibatch_k64,text_pca256_lexical_w005
80463,8,minibatch_k64,text_pca256_lexical_w005
80464,45,minibatch_k64,text_pca256_lexical_w005
80465,15,minibatch_k64,text_pca256_lexical_w005
80466,45,minibatch_k64,text_pca256_lexical_w005
80467,0,minibatch_k64,text_pca256_lexical_w005
80468,10,minibatch_k64,text_pca256_lexical_w005
80469,15,minibatch_k64,text_pca256_lexical_w005
80470,5,minibatch_k64,text_pca256_lexical_w005
80471,58,minibatch_k64,text_pca256_lexical_w005
80472,45,minibatch_k64,text_pca256_lexical_w005
80473,4,minibatch_k64,text_pca256_lexical_w005
80474,58,minibatch_k64,text_pca256_lexical_w005
80475,45,minibatch_k64,text_pca256_lexical_w005
80476,45,minibatch_k64,text_pca256_lexical_w005
80477,25,minibatch_k64,text_pca256_lexical_w005
80478,55,minibatch_k64,text_pca256_lexical_w005
80479,21,minibatch_k64,text_pca256_lexical_w005
80480,54,minibatch_k64,text_pca256_lexical_w005
80481,62,minibatch_k64,text_pca256_lexical_w005
80482,42,minibatch_k64,text_pca256_lexical_w005
80483,0,minibatch_k64,text_pca256_lexical_w005
80484,45,minibatch_k64,text_pca256_lexical_w005
80485,62,minibatch_k64,text_pca256_lexical_w005
80486,45,minibatch_k64,text_pca256_lexical_w005
80487,0,minibatch_k64,text_pca256_lexical_w005
80488,0,minibatch_k64,text_pca256_lexical_w005
80489,62,minibatch_k64,text_pca256_lexical_w005
80490,0,minibatch_k64,text_pca256_lexical_w005
80491,8,minibatch_k64,text_pca256_lexical_w005
80492,42,minibatch_k64,text_pca256_lexical_w005
80493,33,minibatch_k64,text_pca256_lexical_w005
80494,42,minibatch_k64,text_pca256_lexical_w005
80495,0,minibatch_k64,text_pca256_lexical_w005
80496,0,minibatch_k64,text_pca256_lexical_w005
80497,33,minibatch_k64,text_pca256_lexical_w005
80498,45,minibatch_k64,text_pca256_lexical_w005
80499,0,minibatch_k64,text_pca256_lexical_w005
80500,39,minibatch_k64,text_pca256_lexical_w005
80501,2,minibatch_k64,text_pca256_lexical_w005
80502,5,minibatch_k64,text_pca256_lexical_w005
80503,33,minibatch_k64,text_pca256_lexical_w005
80504,62,minibatch_k64,text_pca256_lexical_w005
80505,45,minibatch_k64,text_pca256_lexical_w005
80506,10,minibatch_k64,text_pca256_lexical_w005
80507,0,minibatch_k64,text_pca256_lexical_w005
80508,21,minibatch_k64,text_pca256_lexical_w005
80509,8,minibatch_k64,text_pca256_lexical_w005
80510,45,minibatch_k64,text_pca256_lexical_w005
80511,45,minibatch_k64,text_pca256_lexical_w005
80512,45,minibatch_k64,text_pca256_lexical_w005
80513,45,minibatch_k64,text_pca256_lexical_w005
80514,8,minibatch_k64,text_pca256_lexical_w005
80515,45,minibatch_k64,text_pca256_lexical_w005
80516,45,minibatch_k64,text_pca256_lexical_w005
80517,45,minibatch_k64,text_pca256_lexical_w005
80518,58,minibatch_k64,text_pca256_lexical_w005
80519,38,minibatch_k64,text_pca256_lexical_w005
80520,25,minibatch_k64,text_pca256_lexical_w005
80521,55,minibatch_k64,text_pca256_lexical_w005
80522,35,minibatch_k64,text_pca256_lexical_w005
80523,62,minibatch_k64,text_pca256_lexical_w005
80524,45,minibatch_k64,text_pca256_lexical_w005
80525,0,minibatch_k64,text_pca256_lexical_w005
80526,8,minibatch_k64,text_pca256_lexical_w005
80527,50,minibatch_k64,text_pca256_lexical_w005
80528,8,minibatch_k64,text_pca256_lexical_w005
80529,45,minibatch_k64,text_pca256_lexical_w005
80530,0,minibatch_k64,text_pca256_lexical_w005
80531,0,minibatch_k64,text_pca256_lexical_w005
80532,10,minibatch_k64,text_pca256_lexical_w005
80533,59,minibatch_k64,text_pca256_lexical_w005
80534,59,minibatch_k64,text_pca256_lexical_w005
80535,62,minibatch_k64,text_pca256_lexical_w005
80536,62,minibatch_k64,text_pca256_lexical_w005
80537,62,minibatch_k64,text_pca256_lexical_w005
80538,5,minibatch_k64,text_pca256_lexical_w005
80539,8,minibatch_k64,text_pca256_lexical_w005
80540,0,minibatch_k64,text_pca256_lexical_w005
80541,45,minibatch_k64,text_pca256_lexical_w005
80542,61,minibatch_k64,text_pca256_lexical_w005
80543,62,minibatch_k64,text_pca256_lexical_w005
80544,62,minibatch_k64,text_pca256_lexical_w005
80545,62,minibatch_k64,text_pca256_lexical_w005
80546,62,minibatch_k64,text_pca256_lexical_w005
80547,8,minibatch_k64,text_pca256_lexical_w005
80548,8,minibatch_k64,text_pca256_lexical_w005
80549,8,minibatch_k64,text_pca256_lexical_w005
80550,8,minibatch_k64,text_pca256_lexical_w005
80551,0,minibatch_k64,text_pca256_lexical_w005
80552,45,minibatch_k64,text_pca256_lexical_w005
80553,5,minibatch_k64,text_pca256_lexical_w005
80554,45,minibatch_k64,text_pca256_lexical_w005
80555,45,minibatch_k64,text_pca256_lexical_w005
80556,45,minibatch_k64,text_pca256_lexical_w005
80557,45,minibatch_k64,text_pca256_lexical_w005
80558,5,minibatch_k64,text_pca256_lexical_w005
80559,61,minibatch_k64,text_pca256_lexical_w005
80560,45,minibatch_k64,text_pca256_lexical_w005
80561,10,minibatch_k64,text_pca256_lexical_w005
80562,5,minibatch_k64,text_pca256_lexical_w005
80563,5,minibatch_k64,text_pca256_lexical_w005
80564,62,minibatch_k64,text_pca256_lexical_w005
80565,45,minibatch_k64,text_pca256_lexical_w005
80566,58,minibatch_k64,text_pca256_lexical_w005
80567,23,minibatch_k64,text_pca256_lexical_w005
80568,25,minibatch_k64,text_pca256_lexical_w005
80569,60,minibatch_k64,text_pca256_lexical_w005
80570,10,minibatch_k64,text_pca256_lexical_w005
80571,4,minibatch_k64,text_pca256_lexical_w005
80572,23,minibatch_k64,text_pca256_lexical_w005
80573,0,minibatch_k64,text_pca256_lexical_w005
80574,62,minibatch_k64,text_pca256_lexical_w005
80575,8,minibatch_k64,text_pca256_lexical_w005
80576,8,minibatch_k64,text_pca256_lexical_w005
80577,50,minibatch_k64,text_pca256_lexical_w005
80578,0,minibatch_k64,text_pca256_lexical_w005
80579,39,minibatch_k64,text_pca256_lexical_w005
80580,61,minibatch_k64,text_pca256_lexical_w005
80581,62,minibatch_k64,text_pca256_lexical_w005
80582,8,minibatch_k64,text_pca256_lexical_w005
80583,0,minibatch_k64,text_pca256_lexical_w005
80584,42,minibatch_k64,text_pca256_lexical_w005
80585,2,minibatch_k64,text_pca256_lexical_w005
80586,50,minibatch_k64,text_pca256_lexical_w005
80587,21,minibatch_k64,text_pca256_lexical_w005
80588,62,minibatch_k64,text_pca256_lexical_w005
80589,62,minibatch_k64,text_pca256_lexical_w005
80590,0,minibatch_k64,text_pca256_lexical_w005
80591,33,minibatch_k64,text_pca256_lexical_w005
80592,62,minibatch_k64,text_pca256_lexical_w005
80593,62,minibatch_k64,text_pca256_lexical_w005
80594,39,minibatch_k64,text_pca256_lexical_w005
80595,10,minibatch_k64,text_pca256_lexical_w005
80596,5,minibatch_k64,text_pca256_lexical_w005
80597,29,minibatch_k64,text_pca256_lexical_w005
80598,45,minibatch_k64,text_pca256_lexical_w005
80599,45,minibatch_k64,text_pca256_lexical_w005
80600,45,minibatch_k64,text_pca256_lexical_w005
80601,45,minibatch_k64,text_pca256_lexical_w005
80602,62,minibatch_k64,text_pca256_lexical_w005
80603,10,minibatch_k64,text_pca256_lexical_w005
80604,45,minibatch_k64,text_pca256_lexical_w005
80605,0,minibatch_k64,text_pca256_lexical_w005
80606,53,minibatch_k64,text_pca256_lexical_w005
80607,62,minibatch_k64,text_pca256_lexical_w005
80608,33,minibatch_k64,text_pca256_lexical_w005
80609,0,minibatch_k64,text_pca256_lexical_w005
80610,10,minibatch_k64,text_pca256_lexical_w005
80611,62,minibatch_k64,text_pca256_lexical_w005
80612,29,minibatch_k64,text_pca256_lexical_w005
80613,2,minibatch_k64,text_pca256_lexical_w005
80614,8,minibatch_k64,text_pca256_lexical_w005
80615,23,minibatch_k64,text_pca256_lexical_w005
80616,62,minibatch_k64,text_pca256_lexical_w005
80617,62,minibatch_k64,text_pca256_lexical_w005
80618,45,minibatch_k64,text_pca256_lexical_w005
80619,62,minibatch_k64,text_pca256_lexical_w005
80620,62,minibatch_k64,text_pca256_lexical_w005
80621,2,minibatch_k64,text_pca256_lexical_w005
80622,0,minibatch_k64,text_pca256_lexical_w005
80623,42,minibatch_k64,text_pca256_lexical_w005
80624,39,minibatch_k64,text_pca256_lexical_w005
80625,23,minibatch_k64,text_pca256_lexical_w005
80626,62,minibatch_k64,text_pca256_lexical_w005
80627,45,minibatch_k64,text_pca256_lexical_w005
80628,5,minibatch_k64,text_pca256_lexical_w005
80629,45,minibatch_k64,text_pca256_lexical_w005
80630,45,minibatch_k64,text_pca256_lexical_w005
80631,45,minibatch_k64,text_pca256_lexical_w005
80632,10,minibatch_k64,text_pca256_lexical_w005
80633,45,minibatch_k64,text_pca256_lexical_w005
80634,45,minibatch_k64,text_pca256_lexical_w005
80635,62,minibatch_k64,text_pca256_lexical_w005
80636,45,minibatch_k64,text_pca256_lexical_w005
80637,45,minibatch_k64,text_pca256_lexical_w005
80638,8,minibatch_k64,text_pca256_lexical_w005
80639,0,minibatch_k64,text_pca256_lexical_w005
80640,5,minibatch_k64,text_pca256_lexical_w005
80641,5,minibatch_k64,text_pca256_lexical_w005
80642,5,minibatch_k64,text_pca256_lexical_w005
80643,5,minibatch_k64,text_pca256_lexical_w005
80644,5,minibatch_k64,text_pca256_lexical_w005
80645,0,minibatch_k64,text_pca256_lexical_w005
80646,4,minibatch_k64,text_pca256_lexical_w005
80647,4,minibatch_k64,text_pca256_lexical_w005
80648,5,minibatch_k64,text_pca256_lexical_w005
80649,5,minibatch_k64,text_pca256_lexical_w005
80650,42,minibatch_k64,text_pca256_lexical_w005
80651,8,minibatch_k64,text_pca256_lexical_w005
80652,42,minibatch_k64,text_pca256_lexical_w005
80653,62,minibatch_k64,text_pca256_lexical_w005
80654,56,minibatch_k64,text_pca256_lexical_w005
80655,8,minibatch_k64,text_pca256_lexical_w005
80656,42,minibatch_k64,text_pca256_lexical_w005
80657,5,minibatch_k64,text_pca256_lexical_w005
80658,61,minibatch_k64,text_pca256_lexical_w005
80659,45,minibatch_k64,text_pca256_lexical_w005
80660,62,minibatch_k64,text_pca256_lexical_w005
80661,39,minibatch_k64,text_pca256_lexical_w005
80662,33,minibatch_k64,text_pca256_lexical_w005
80663,42,minibatch_k64,text_pca256_lexical_w005
80664,5,minibatch_k64,text_pca256_lexical_w005
80665,56,minibatch_k64,text_pca256_lexical_w005
80666,0,minibatch_k64,text_pca256_lexical_w005
80667,56,minibatch_k64,text_pca256_lexical_w005
80668,33,minibatch_k64,text_pca256_lexical_w005
80669,38,minibatch_k64,text_pca256_lexical_w005
80670,40,minibatch_k64,text_pca256_lexical_w005
80671,58,minibatch_k64,text_pca256_lexical_w005
80672,25,minibatch_k64,text_pca256_lexical_w005
80673,55,minibatch_k64,text_pca256_lexical_w005
80674,60,minibatch_k64,text_pca256_lexical_w005
80675,23,minibatch_k64,text_pca256_lexical_w005
80676,8,minibatch_k64,text_pca256_lexical_w005
80677,56,minibatch_k64,text_pca256_lexical_w005
80678,0,minibatch_k64,text_pca256_lexical_w005
80679,33,minibatch_k64,text_pca256_lexical_w005
80680,15,minibatch_k64,text_pca256_lexical_w005
80681,0,minibatch_k64,text_pca256_lexical_w005
80682,8,minibatch_k64,text_pca256_lexical_w005
80683,50,minibatch_k64,text_pca256_lexical_w005
80684,42,minibatch_k64,text_pca256_lexical_w005
80685,53,minibatch_k64,text_pca256_lexical_w005
80686,39,minibatch_k64,text_pca256_lexical_w005
80687,21,minibatch_k64,text_pca256_lexical_w005
80688,62,minibatch_k64,text_pca256_lexical_w005
80689,8,minibatch_k64,text_pca256_lexical_w005
80690,56,minibatch_k64,text_pca256_lexical_w005
80691,42,minibatch_k64,text_pca256_lexical_w005
80692,39,minibatch_k64,text_pca256_lexical_w005
80693,8,minibatch_k64,text_pca256_lexical_w005
80694,8,minibatch_k64,text_pca256_lexical_w005
80695,39,minibatch_k64,text_pca256_lexical_w005
80696,56,minibatch_k64,text_pca256_lexical_w005
80697,8,minibatch_k64,text_pca256_lexical_w005
80698,42,minibatch_k64,text_pca256_lexical_w005
80699,15,minibatch_k64,text_pca256_lexical_w005
80700,58,minibatch_k64,text_pca256_lexical_w005
80701,25,minibatch_k64,text_pca256_lexical_w005
80702,55,minibatch_k64,text_pca256_lexical_w005
80703,0,minibatch_k64,text_pca256_lexical_w005
80704,54,minibatch_k64,text_pca256_lexical_w005
80705,15,minibatch_k64,text_pca256_lexical_w005
80706,0,minibatch_k64,text_pca256_lexical_w005
80707,53,minibatch_k64,text_pca256_lexical_w005
80708,50,minibatch_k64,text_pca256_lexical_w005
80709,53,minibatch_k64,text_pca256_lexical_w005
80710,56,minibatch_k64,text_pca256_lexical_w005
80711,56,minibatch_k64,text_pca256_lexical_w005
80712,15,minibatch_k64,text_pca256_lexical_w005
80713,39,minibatch_k64,text_pca256_lexical_w005
80714,42,minibatch_k64,text_pca256_lexical_w005
80715,21,minibatch_k64,text_pca256_lexical_w005
80716,33,minibatch_k64,text_pca256_lexical_w005
80717,59,minibatch_k64,text_pca256_lexical_w005
80718,42,minibatch_k64,text_pca256_lexical_w005
80719,33,minibatch_k64,text_pca256_lexical_w005
80720,56,minibatch_k64,text_pca256_lexical_w005
80721,21,minibatch_k64,text_pca256_lexical_w005
80722,42,minibatch_k64,text_pca256_lexical_w005
80723,33,minibatch_k64,text_pca256_lexical_w005
80724,59,minibatch_k64,text_pca256_lexical_w005
80725,0,minibatch_k64,text_pca256_lexical_w005
80726,38,minibatch_k64,text_pca256_lexical_w005
80727,55,minibatch_k64,text_pca256_lexical_w005
80728,25,minibatch_k64,text_pca256_lexical_w005
80729,54,minibatch_k64,text_pca256_lexical_w005
80730,62,minibatch_k64,text_pca256_lexical_w005
80731,62,minibatch_k64,text_pca256_lexical_w005
80732,8,minibatch_k64,text_pca256_lexical_w005
80733,42,minibatch_k64,text_pca256_lexical_w005
80734,59,minibatch_k64,text_pca256_lexical_w005
80735,56,minibatch_k64,text_pca256_lexical_w005
80736,50,minibatch_k64,text_pca256_lexical_w005
80737,8,minibatch_k64,text_pca256_lexical_w005
80738,20,minibatch_k64,text_pca256_lexical_w005
80739,15,minibatch_k64,text_pca256_lexical_w005
80740,62,minibatch_k64,text_pca256_lexical_w005
80741,62,minibatch_k64,text_pca256_lexical_w005
80742,42,minibatch_k64,text_pca256_lexical_w005
80743,59,minibatch_k64,text_pca256_lexical_w005
80744,4,minibatch_k64,text_pca256_lexical_w005
80745,8,minibatch_k64,text_pca256_lexical_w005
80746,4,minibatch_k64,text_pca256_lexical_w005
80747,42,minibatch_k64,text_pca256_lexical_w005
80748,42,minibatch_k64,text_pca256_lexical_w005
80749,10,minibatch_k64,text_pca256_lexical_w005
80750,0,minibatch_k64,text_pca256_lexical_w005
80751,59,minibatch_k64,text_pca256_lexical_w005
80752,62,minibatch_k64,text_pca256_lexical_w005
80753,0,minibatch_k64,text_pca256_lexical_w005
80754,42,minibatch_k64,text_pca256_lexical_w005
80755,33,minibatch_k64,text_pca256_lexical_w005
80756,21,minibatch_k64,text_pca256_lexical_w005
80757,8,minibatch_k64,text_pca256_lexical_w005
80758,0,minibatch_k64,text_pca256_lexical_w005
80759,42,minibatch_k64,text_pca256_lexical_w005
80760,8,minibatch_k64,text_pca256_lexical_w005
80761,62,minibatch_k64,text_pca256_lexical_w005
80762,39,minibatch_k64,text_pca256_lexical_w005
80763,39,minibatch_k64,text_pca256_lexical_w005
80764,50,minibatch_k64,text_pca256_lexical_w005
80765,15,minibatch_k64,text_pca256_lexical_w005
80766,50,minibatch_k64,text_pca256_lexical_w005
80767,8,minibatch_k64,text_pca256_lexical_w005
80768,0,minibatch_k64,text_pca256_lexical_w005
80769,42,minibatch_k64,text_pca256_lexical_w005
80770,8,minibatch_k64,text_pca256_lexical_w005
80771,62,minibatch_k64,text_pca256_lexical_w005
80772,62,minibatch_k64,text_pca256_lexical_w005
80773,42,minibatch_k64,text_pca256_lexical_w005
80774,59,minibatch_k64,text_pca256_lexical_w005
80775,42,minibatch_k64,text_pca256_lexical_w005
80776,59,minibatch_k64,text_pca256_lexical_w005
80777,14,minibatch_k64,text_pca256_lexical_w005
80778,8,minibatch_k64,text_pca256_lexical_w005
80779,21,minibatch_k64,text_pca256_lexical_w005
80780,8,minibatch_k64,text_pca256_lexical_w005
80781,42,minibatch_k64,text_pca256_lexical_w005
80782,0,minibatch_k64,text_pca256_lexical_w005
80783,38,minibatch_k64,text_pca256_lexical_w005
80784,21,minibatch_k64,text_pca256_lexical_w005
80785,60,minibatch_k64,text_pca256_lexical_w005
80786,8,minibatch_k64,text_pca256_lexical_w005
80787,8,minibatch_k64,text_pca256_lexical_w005
80788,62,minibatch_k64,text_pca256_lexical_w005
80789,50,minibatch_k64,text_pca256_lexical_w005
80790,62,minibatch_k64,text_pca256_lexical_w005
80791,59,minibatch_k64,text_pca256_lexical_w005
80792,0,minibatch_k64,text_pca256_lexical_w005
80793,8,minibatch_k64,text_pca256_lexical_w005
80794,8,minibatch_k64,text_pca256_lexical_w005
80795,21,minibatch_k64,text_pca256_lexical_w005
80796,0,minibatch_k64,text_pca256_lexical_w005
80797,8,minibatch_k64,text_pca256_lexical_w005
80798,8,minibatch_k64,text_pca256_lexical_w005
80799,8,minibatch_k64,text_pca256_lexical_w005
80800,39,minibatch_k64,text_pca256_lexical_w005
80801,38,minibatch_k64,text_pca256_lexical_w005
80802,0,minibatch_k64,text_pca256_lexical_w005
80803,25,minibatch_k64,text_pca256_lexical_w005
80804,55,minibatch_k64,text_pca256_lexical_w005
80805,60,minibatch_k64,text_pca256_lexical_w005
80806,4,minibatch_k64,text_pca256_lexical_w005
80807,23,minibatch_k64,text_pca256_lexical_w005
80808,45,minibatch_k64,text_pca256_lexical_w005
80809,39,minibatch_k64,text_pca256_lexical_w005
80810,45,minibatch_k64,text_pca256_lexical_w005
80811,8,minibatch_k64,text_pca256_lexical_w005
80812,21,minibatch_k64,text_pca256_lexical_w005
80813,53,minibatch_k64,text_pca256_lexical_w005
80814,42,minibatch_k64,text_pca256_lexical_w005
80815,8,minibatch_k64,text_pca256_lexical_w005
80816,42,minibatch_k64,text_pca256_lexical_w005
80817,21,minibatch_k64,text_pca256_lexical_w005
80818,39,minibatch_k64,text_pca256_lexical_w005
80819,8,minibatch_k64,text_pca256_lexical_w005
80820,39,minibatch_k64,text_pca256_lexical_w005
80821,0,minibatch_k64,text_pca256_lexical_w005
80822,0,minibatch_k64,text_pca256_lexical_w005
80823,11,minibatch_k64,text_pca256_lexical_w005
80824,14,minibatch_k64,text_pca256_lexical_w005
80825,45,minibatch_k64,text_pca256_lexical_w005
80826,57,minibatch_k64,text_pca256_lexical_w005
80827,42,minibatch_k64,text_pca256_lexical_w005
80828,39,minibatch_k64,text_pca256_lexical_w005
80829,39,minibatch_k64,text_pca256_lexical_w005
80830,23,minibatch_k64,text_pca256_lexical_w005
80831,8,minibatch_k64,text_pca256_lexical_w005
80832,11,minibatch_k64,text_pca256_lexical_w005
80833,0,minibatch_k64,text_pca256_lexical_w005
80834,62,minibatch_k64,text_pca256_lexical_w005
80835,45,minibatch_k64,text_pca256_lexical_w005
80836,33,minibatch_k64,text_pca256_lexical_w005
80837,45,minibatch_k64,text_pca256_lexical_w005
80838,45,minibatch_k64,text_pca256_lexical_w005
80839,45,minibatch_k64,text_pca256_lexical_w005
80840,38,minibatch_k64,text_pca256_lexical_w005
80841,45,minibatch_k64,text_pca256_lexical_w005
80842,11,minibatch_k64,text_pca256_lexical_w005
80843,25,minibatch_k64,text_pca256_lexical_w005
80844,8,minibatch_k64,text_pca256_lexical_w005
80845,60,minibatch_k64,text_pca256_lexical_w005
80846,0,minibatch_k64,text_pca256_lexical_w005
80847,23,minibatch_k64,text_pca256_lexical_w005
80848,45,minibatch_k64,text_pca256_lexical_w005
80849,57,minibatch_k64,text_pca256_lexical_w005
80850,45,minibatch_k64,text_pca256_lexical_w005
80851,45,minibatch_k64,text_pca256_lexical_w005
80852,45,minibatch_k64,text_pca256_lexical_w005
80853,62,minibatch_k64,text_pca256_lexical_w005
80854,57,minibatch_k64,text_pca256_lexical_w005
80855,53,minibatch_k64,text_pca256_lexical_w005
80856,11,minibatch_k64,text_pca256_lexical_w005
80857,57,minibatch_k64,text_pca256_lexical_w005
80858,15,minibatch_k64,text_pca256_lexical_w005
80859,11,minibatch_k64,text_pca256_lexical_w005
80860,23,minibatch_k64,text_pca256_lexical_w005
80861,20,minibatch_k64,text_pca256_lexical_w005
80862,33,minibatch_k64,text_pca256_lexical_w005
80863,57,minibatch_k64,text_pca256_lexical_w005
80864,14,minibatch_k64,text_pca256_lexical_w005
80865,0,minibatch_k64,text_pca256_lexical_w005
80866,62,minibatch_k64,text_pca256_lexical_w005
80867,8,minibatch_k64,text_pca256_lexical_w005
80868,59,minibatch_k64,text_pca256_lexical_w005
80869,11,minibatch_k64,text_pca256_lexical_w005
80870,45,minibatch_k64,text_pca256_lexical_w005
80871,57,minibatch_k64,text_pca256_lexical_w005
80872,59,minibatch_k64,text_pca256_lexical_w005
80873,33,minibatch_k64,text_pca256_lexical_w005
80874,11,minibatch_k64,text_pca256_lexical_w005
80875,57,minibatch_k64,text_pca256_lexical_w005
80876,8,minibatch_k64,text_pca256_lexical_w005
80877,8,minibatch_k64,text_pca256_lexical_w005
80878,45,minibatch_k64,text_pca256_lexical_w005
80879,45,minibatch_k64,text_pca256_lexical_w005
80880,45,minibatch_k64,text_pca256_lexical_w005
80881,11,minibatch_k64,text_pca256_lexical_w005
80882,38,minibatch_k64,text_pca256_lexical_w005
80883,0,minibatch_k64,text_pca256_lexical_w005
80884,45,minibatch_k64,text_pca256_lexical_w005
80885,55,minibatch_k64,text_pca256_lexical_w005
80886,60,minibatch_k64,text_pca256_lexical_w005
80887,62,minibatch_k64,text_pca256_lexical_w005
80888,23,minibatch_k64,text_pca256_lexical_w005
80889,0,minibatch_k64,text_pca256_lexical_w005
80890,45,minibatch_k64,text_pca256_lexical_w005
80891,8,minibatch_k64,text_pca256_lexical_w005
80892,45,minibatch_k64,text_pca256_lexical_w005
80893,45,minibatch_k64,text_pca256_lexical_w005
80894,8,minibatch_k64,text_pca256_lexical_w005
80895,45,minibatch_k64,text_pca256_lexical_w005
80896,45,minibatch_k64,text_pca256_lexical_w005
80897,45,minibatch_k64,text_pca256_lexical_w005
80898,57,minibatch_k64,text_pca256_lexical_w005
80899,45,minibatch_k64,text_pca256_lexical_w005
80900,45,minibatch_k64,text_pca256_lexical_w005
80901,11,minibatch_k64,text_pca256_lexical_w005
80902,8,minibatch_k64,text_pca256_lexical_w005
80903,33,minibatch_k64,text_pca256_lexical_w005
80904,11,minibatch_k64,text_pca256_lexical_w005
80905,8,minibatch_k64,text_pca256_lexical_w005
80906,62,minibatch_k64,text_pca256_lexical_w005
80907,10,minibatch_k64,text_pca256_lexical_w005
80908,10,minibatch_k64,text_pca256_lexical_w005
80909,33,minibatch_k64,text_pca256_lexical_w005
80910,62,minibatch_k64,text_pca256_lexical_w005
80911,56,minibatch_k64,text_pca256_lexical_w005
80912,62,minibatch_k64,text_pca256_lexical_w005
80913,8,minibatch_k64,text_pca256_lexical_w005
80914,57,minibatch_k64,text_pca256_lexical_w005
80915,11,minibatch_k64,text_pca256_lexical_w005
80916,62,minibatch_k64,text_pca256_lexical_w005
80917,62,minibatch_k64,text_pca256_lexical_w005
80918,39,minibatch_k64,text_pca256_lexical_w005
80919,45,minibatch_k64,text_pca256_lexical_w005
80920,21,minibatch_k64,text_pca256_lexical_w005
80921,45,minibatch_k64,text_pca256_lexical_w005
80922,59,minibatch_k64,text_pca256_lexical_w005
80923,8,minibatch_k64,text_pca256_lexical_w005
80924,14,minibatch_k64,text_pca256_lexical_w005
80925,42,minibatch_k64,text_pca256_lexical_w005
80926,45,minibatch_k64,text_pca256_lexical_w005
80927,8,minibatch_k64,text_pca256_lexical_w005
80928,62,minibatch_k64,text_pca256_lexical_w005
80929,20,minibatch_k64,text_pca256_lexical_w005
80930,8,minibatch_k64,text_pca256_lexical_w005
80931,45,minibatch_k64,text_pca256_lexical_w005
80932,21,minibatch_k64,text_pca256_lexical_w005
80933,59,minibatch_k64,text_pca256_lexical_w005
80934,58,minibatch_k64,text_pca256_lexical_w005
80935,45,minibatch_k64,text_pca256_lexical_w005
80936,25,minibatch_k64,text_pca256_lexical_w005
80937,55,minibatch_k64,text_pca256_lexical_w005
80938,45,minibatch_k64,text_pca256_lexical_w005
80939,45,minibatch_k64,text_pca256_lexical_w005
80940,60,minibatch_k64,text_pca256_lexical_w005
80941,45,minibatch_k64,text_pca256_lexical_w005
80942,45,minibatch_k64,text_pca256_lexical_w005
80943,62,minibatch_k64,text_pca256_lexical_w005
80944,45,minibatch_k64,text_pca256_lexical_w005
80945,45,minibatch_k64,text_pca256_lexical_w005
80946,45,minibatch_k64,text_pca256_lexical_w005
80947,45,minibatch_k64,text_pca256_lexical_w005
80948,45,minibatch_k64,text_pca256_lexical_w005
80949,15,minibatch_k64,text_pca256_lexical_w005
80950,45,minibatch_k64,text_pca256_lexical_w005
80951,45,minibatch_k64,text_pca256_lexical_w005
80952,45,minibatch_k64,text_pca256_lexical_w005
80953,45,minibatch_k64,text_pca256_lexical_w005
80954,0,minibatch_k64,text_pca256_lexical_w005
80955,33,minibatch_k64,text_pca256_lexical_w005
80956,0,minibatch_k64,text_pca256_lexical_w005
80957,59,minibatch_k64,text_pca256_lexical_w005
80958,59,minibatch_k64,text_pca256_lexical_w005
80959,62,minibatch_k64,text_pca256_lexical_w005
80960,62,minibatch_k64,text_pca256_lexical_w005
80961,39,minibatch_k64,text_pca256_lexical_w005
80962,62,minibatch_k64,text_pca256_lexical_w005
80963,62,minibatch_k64,text_pca256_lexical_w005
80964,45,minibatch_k64,text_pca256_lexical_w005
80965,45,minibatch_k64,text_pca256_lexical_w005
80966,45,minibatch_k64,text_pca256_lexical_w005
80967,45,minibatch_k64,text_pca256_lexical_w005
80968,45,minibatch_k64,text_pca256_lexical_w005
80969,23,minibatch_k64,text_pca256_lexical_w005
80970,45,minibatch_k64,text_pca256_lexical_w005
80971,45,minibatch_k64,text_pca256_lexical_w005
80972,45,minibatch_k64,text_pca256_lexical_w005
80973,45,minibatch_k64,text_pca256_lexical_w005
80974,45,minibatch_k64,text_pca256_lexical_w005
80975,45,minibatch_k64,text_pca256_lexical_w005
80976,62,minibatch_k64,text_pca256_lexical_w005
80977,10,minibatch_k64,text_pca256_lexical_w005
80978,0,minibatch_k64,text_pca256_lexical_w005
80979,62,minibatch_k64,text_pca256_lexical_w005
80980,0,minibatch_k64,text_pca256_lexical_w005
80981,0,minibatch_k64,text_pca256_lexical_w005
80982,45,minibatch_k64,text_pca256_lexical_w005
80983,45,minibatch_k64,text_pca256_lexical_w005
80984,0,minibatch_k64,text_pca256_lexical_w005
80985,0,minibatch_k64,text_pca256_lexical_w005
80986,45,minibatch_k64,text_pca256_lexical_w005
80987,45,minibatch_k64,text_pca256_lexical_w005
80988,0,minibatch_k64,text_pca256_lexical_w005
80989,59,minibatch_k64,text_pca256_lexical_w005
80990,45,minibatch_k64,text_pca256_lexical_w005
80991,45,minibatch_k64,text_pca256_lexical_w005
80992,45,minibatch_k64,text_pca256_lexical_w005
80993,45,minibatch_k64,text_pca256_lexical_w005
80994,45,minibatch_k64,text_pca256_lexical_w005
80995,21,minibatch_k64,text_pca256_lexical_w005
80996,2,minibatch_k64,text_pca256_lexical_w005
80997,59,minibatch_k64,text_pca256_lexical_w005
80998,45,minibatch_k64,text_pca256_lexical_w005
80999,59,minibatch_k64,text_pca256_lexical_w005
81000,59,minibatch_k64,text_pca256_lexical_w005
81001,0,minibatch_k64,text_pca256_lexical_w005
81002,59,minibatch_k64,text_pca256_lexical_w005
81003,59,minibatch_k64,text_pca256_lexical_w005
81004,62,minibatch_k64,text_pca256_lexical_w005
81005,59,minibatch_k64,text_pca256_lexical_w005
81006,59,minibatch_k64,text_pca256_lexical_w005
81007,59,minibatch_k64,text_pca256_lexical_w005
81008,59,minibatch_k64,text_pca256_lexical_w005
81009,42,minibatch_k64,text_pca256_lexical_w005
81010,2,minibatch_k64,text_pca256_lexical_w005
81011,45,minibatch_k64,text_pca256_lexical_w005
81012,45,minibatch_k64,text_pca256_lexical_w005
81013,45,minibatch_k64,text_pca256_lexical_w005
81014,59,minibatch_k64,text_pca256_lexical_w005
81015,45,minibatch_k64,text_pca256_lexical_w005
81016,8,minibatch_k64,text_pca256_lexical_w005
81017,45,minibatch_k64,text_pca256_lexical_w005
81018,59,minibatch_k64,text_pca256_lexical_w005
81019,45,minibatch_k64,text_pca256_lexical_w005
81020,45,minibatch_k64,text_pca256_lexical_w005
81021,45,minibatch_k64,text_pca256_lexical_w005
81022,45,minibatch_k64,text_pca256_lexical_w005
81023,45,minibatch_k64,text_pca256_lexical_w005
81024,59,minibatch_k64,text_pca256_lexical_w005
81025,45,minibatch_k64,text_pca256_lexical_w005
81026,62,minibatch_k64,text_pca256_lexical_w005
81027,45,minibatch_k64,text_pca256_lexical_w005
81028,45,minibatch_k64,text_pca256_lexical_w005
81029,59,minibatch_k64,text_pca256_lexical_w005
81030,45,minibatch_k64,text_pca256_lexical_w005
81031,45,minibatch_k64,text_pca256_lexical_w005
81032,33,minibatch_k64,text_pca256_lexical_w005
81033,0,minibatch_k64,text_pca256_lexical_w005
81034,59,minibatch_k64,text_pca256_lexical_w005
81035,23,minibatch_k64,text_pca256_lexical_w005
81036,10,minibatch_k64,text_pca256_lexical_w005
81037,62,minibatch_k64,text_pca256_lexical_w005
81038,33,minibatch_k64,text_pca256_lexical_w005
81039,45,minibatch_k64,text_pca256_lexical_w005
81040,0,minibatch_k64,text_pca256_lexical_w005
81041,45,minibatch_k64,text_pca256_lexical_w005
81042,45,minibatch_k64,text_pca256_lexical_w005
81043,45,minibatch_k64,text_pca256_lexical_w005
81044,45,minibatch_k64,text_pca256_lexical_w005
81045,45,minibatch_k64,text_pca256_lexical_w005
81046,45,minibatch_k64,text_pca256_lexical_w005
81047,59,minibatch_k64,text_pca256_lexical_w005
81048,45,minibatch_k64,text_pca256_lexical_w005
81049,62,minibatch_k64,text_pca256_lexical_w005
81050,8,minibatch_k64,text_pca256_lexical_w005
81051,59,minibatch_k64,text_pca256_lexical_w005
81052,8,minibatch_k64,text_pca256_lexical_w005
81053,45,minibatch_k64,text_pca256_lexical_w005
81054,59,minibatch_k64,text_pca256_lexical_w005
81055,59,minibatch_k64,text_pca256_lexical_w005
81056,15,minibatch_k64,text_pca256_lexical_w005
81057,8,minibatch_k64,text_pca256_lexical_w005
81058,59,minibatch_k64,text_pca256_lexical_w005
81059,50,minibatch_k64,text_pca256_lexical_w005
81060,18,minibatch_k64,text_pca256_lexical_w005
81061,45,minibatch_k64,text_pca256_lexical_w005
81062,45,minibatch_k64,text_pca256_lexical_w005
81063,45,minibatch_k64,text_pca256_lexical_w005
81064,45,minibatch_k64,text_pca256_lexical_w005
81065,45,minibatch_k64,text_pca256_lexical_w005
81066,45,minibatch_k64,text_pca256_lexical_w005
81067,45,minibatch_k64,text_pca256_lexical_w005
81068,59,minibatch_k64,text_pca256_lexical_w005
81069,62,minibatch_k64,text_pca256_lexical_w005
81070,59,minibatch_k64,text_pca256_lexical_w005
81071,2,minibatch_k64,text_pca256_lexical_w005
81072,59,minibatch_k64,text_pca256_lexical_w005
81073,59,minibatch_k64,text_pca256_lexical_w005
81074,59,minibatch_k64,text_pca256_lexical_w005
81075,59,minibatch_k64,text_pca256_lexical_w005
81076,8,minibatch_k64,text_pca256_lexical_w005
81077,33,minibatch_k64,text_pca256_lexical_w005
81078,8,minibatch_k64,text_pca256_lexical_w005
81079,8,minibatch_k64,text_pca256_lexical_w005
81080,59,minibatch_k64,text_pca256_lexical_w005
81081,59,minibatch_k64,text_pca256_lexical_w005
81082,59,minibatch_k64,text_pca256_lexical_w005
81083,0,minibatch_k64,text_pca256_lexical_w005
81084,45,minibatch_k64,text_pca256_lexical_w005
81085,59,minibatch_k64,text_pca256_lexical_w005
81086,59,minibatch_k64,text_pca256_lexical_w005
81087,8,minibatch_k64,text_pca256_lexical_w005
81088,45,minibatch_k64,text_pca256_lexical_w005
81089,45,minibatch_k64,text_pca256_lexical_w005
81090,8,minibatch_k64,text_pca256_lexical_w005
81091,45,minibatch_k64,text_pca256_lexical_w005
81092,59,minibatch_k64,text_pca256_lexical_w005
81093,59,minibatch_k64,text_pca256_lexical_w005
81094,23,minibatch_k64,text_pca256_lexical_w005
81095,53,minibatch_k64,text_pca256_lexical_w005
81096,59,minibatch_k64,text_pca256_lexical_w005
81097,0,minibatch_k64,text_pca256_lexical_w005
81098,10,minibatch_k64,text_pca256_lexical_w005
81099,10,minibatch_k64,text_pca256_lexical_w005
81100,10,minibatch_k64,text_pca256_lexical_w005
81101,39,minibatch_k64,text_pca256_lexical_w005
81102,59,minibatch_k64,text_pca256_lexical_w005
81103,10,minibatch_k64,text_pca256_lexical_w005
81104,39,minibatch_k64,text_pca256_lexical_w005
81105,39,minibatch_k64,text_pca256_lexical_w005
81106,10,minibatch_k64,text_pca256_lexical_w005
81107,39,minibatch_k64,text_pca256_lexical_w005
81108,10,minibatch_k64,text_pca256_lexical_w005
81109,10,minibatch_k64,text_pca256_lexical_w005
81110,10,minibatch_k64,text_pca256_lexical_w005
81111,10,minibatch_k64,text_pca256_lexical_w005
81112,59,minibatch_k64,text_pca256_lexical_w005
81113,2,minibatch_k64,text_pca256_lexical_w005
81114,2,minibatch_k64,text_pca256_lexical_w005
81115,10,minibatch_k64,text_pca256_lexical_w005
81116,0,minibatch_k64,text_pca256_lexical_w005
81117,39,minibatch_k64,text_pca256_lexical_w005
81118,2,minibatch_k64,text_pca256_lexical_w005
81119,8,minibatch_k64,text_pca256_lexical_w005
81120,2,minibatch_k64,text_pca256_lexical_w005
81121,45,minibatch_k64,text_pca256_lexical_w005
81122,39,minibatch_k64,text_pca256_lexical_w005
81123,10,minibatch_k64,text_pca256_lexical_w005
81124,2,minibatch_k64,text_pca256_lexical_w005
81125,10,minibatch_k64,text_pca256_lexical_w005
81126,62,minibatch_k64,text_pca256_lexical_w005
81127,39,minibatch_k64,text_pca256_lexical_w005
81128,62,minibatch_k64,text_pca256_lexical_w005
81129,39,minibatch_k64,text_pca256_lexical_w005
81130,59,minibatch_k64,text_pca256_lexical_w005
81131,10,minibatch_k64,text_pca256_lexical_w005
81132,10,minibatch_k64,text_pca256_lexical_w005
81133,59,minibatch_k64,text_pca256_lexical_w005
81134,45,minibatch_k64,text_pca256_lexical_w005
81135,10,minibatch_k64,text_pca256_lexical_w005
81136,45,minibatch_k64,text_pca256_lexical_w005
81137,10,minibatch_k64,text_pca256_lexical_w005
81138,10,minibatch_k64,text_pca256_lexical_w005
81139,10,minibatch_k64,text_pca256_lexical_w005
81140,45,minibatch_k64,text_pca256_lexical_w005
81141,59,minibatch_k64,text_pca256_lexical_w005
81142,53,minibatch_k64,text_pca256_lexical_w005
81143,62,minibatch_k64,text_pca256_lexical_w005
81144,53,minibatch_k64,text_pca256_lexical_w005
81145,50,minibatch_k64,text_pca256_lexical_w005
81146,10,minibatch_k64,text_pca256_lexical_w005
81147,0,minibatch_k64,text_pca256_lexical_w005
81148,39,minibatch_k64,text_pca256_lexical_w005
81149,10,minibatch_k64,text_pca256_lexical_w005
81150,10,minibatch_k64,text_pca256_lexical_w005
81151,8,minibatch_k64,text_pca256_lexical_w005
81152,62,minibatch_k64,text_pca256_lexical_w005
81153,62,minibatch_k64,text_pca256_lexical_w005
81154,59,minibatch_k64,text_pca256_lexical_w005
81155,33,minibatch_k64,text_pca256_lexical_w005
81156,33,minibatch_k64,text_pca256_lexical_w005
81157,33,minibatch_k64,text_pca256_lexical_w005
81158,39,minibatch_k64,text_pca256_lexical_w005
81159,8,minibatch_k64,text_pca256_lexical_w005
81160,62,minibatch_k64,text_pca256_lexical_w005
81161,62,minibatch_k64,text_pca256_lexical_w005
81162,2,minibatch_k64,text_pca256_lexical_w005
81163,62,minibatch_k64,text_pca256_lexical_w005
81164,0,minibatch_k64,text_pca256_lexical_w005
81165,62,minibatch_k64,text_pca256_lexical_w005
81166,62,minibatch_k64,text_pca256_lexical_w005
81167,62,minibatch_k64,text_pca256_lexical_w005
81168,62,minibatch_k64,text_pca256_lexical_w005
81169,2,minibatch_k64,text_pca256_lexical_w005
81170,45,minibatch_k64,text_pca256_lexical_w005
81171,10,minibatch_k64,text_pca256_lexical_w005
81172,2,minibatch_k64,text_pca256_lexical_w005
81173,59,minibatch_k64,text_pca256_lexical_w005
81174,10,minibatch_k64,text_pca256_lexical_w005
81175,59,minibatch_k64,text_pca256_lexical_w005
81176,2,minibatch_k64,text_pca256_lexical_w005
81177,10,minibatch_k64,text_pca256_lexical_w005
81178,10,minibatch_k64,text_pca256_lexical_w005
81179,39,minibatch_k64,text_pca256_lexical_w005
81180,2,minibatch_k64,text_pca256_lexical_w005
81181,10,minibatch_k64,text_pca256_lexical_w005
81182,62,minibatch_k64,text_pca256_lexical_w005
81183,62,minibatch_k64,text_pca256_lexical_w005
81184,62,minibatch_k64,text_pca256_lexical_w005
81185,62,minibatch_k64,text_pca256_lexical_w005
81186,62,minibatch_k64,text_pca256_lexical_w005
81187,62,minibatch_k64,text_pca256_lexical_w005
81188,62,minibatch_k64,text_pca256_lexical_w005
81189,10,minibatch_k64,text_pca256_lexical_w005
81190,10,minibatch_k64,text_pca256_lexical_w005
81191,62,minibatch_k64,text_pca256_lexical_w005
81192,10,minibatch_k64,text_pca256_lexical_w005
81193,62,minibatch_k64,text_pca256_lexical_w005
81194,10,minibatch_k64,text_pca256_lexical_w005
81195,62,minibatch_k64,text_pca256_lexical_w005
81196,10,minibatch_k64,text_pca256_lexical_w005
81197,53,minibatch_k64,text_pca256_lexical_w005
81198,39,minibatch_k64,text_pca256_lexical_w005
81199,10,minibatch_k64,text_pca256_lexical_w005
81200,10,minibatch_k64,text_pca256_lexical_w005
81201,50,minibatch_k64,text_pca256_lexical_w005
81202,62,minibatch_k64,text_pca256_lexical_w005
81203,10,minibatch_k64,text_pca256_lexical_w005
81204,10,minibatch_k64,text_pca256_lexical_w005
81205,10,minibatch_k64,text_pca256_lexical_w005
81206,6,minibatch_k64,text_pca256_lexical_w005
81207,33,minibatch_k64,text_pca256_lexical_w005
81208,8,minibatch_k64,text_pca256_lexical_w005
81209,2,minibatch_k64,text_pca256_lexical_w005
81210,39,minibatch_k64,text_pca256_lexical_w005
81211,10,minibatch_k64,text_pca256_lexical_w005
81212,39,minibatch_k64,text_pca256_lexical_w005
81213,10,minibatch_k64,text_pca256_lexical_w005
81214,15,minibatch_k64,text_pca256_lexical_w005
81215,59,minibatch_k64,text_pca256_lexical_w005
81216,10,minibatch_k64,text_pca256_lexical_w005
81217,39,minibatch_k64,text_pca256_lexical_w005
81218,8,minibatch_k64,text_pca256_lexical_w005
81219,8,minibatch_k64,text_pca256_lexical_w005
81220,59,minibatch_k64,text_pca256_lexical_w005
81221,53,minibatch_k64,text_pca256_lexical_w005
81222,39,minibatch_k64,text_pca256_lexical_w005
81223,10,minibatch_k64,text_pca256_lexical_w005
81224,59,minibatch_k64,text_pca256_lexical_w005
81225,10,minibatch_k64,text_pca256_lexical_w005
81226,39,minibatch_k64,text_pca256_lexical_w005
81227,59,minibatch_k64,text_pca256_lexical_w005
81228,39,minibatch_k64,text_pca256_lexical_w005
81229,10,minibatch_k64,text_pca256_lexical_w005
81230,59,minibatch_k64,text_pca256_lexical_w005
81231,5,minibatch_k64,text_pca256_lexical_w005
81232,39,minibatch_k64,text_pca256_lexical_w005
81233,0,minibatch_k64,text_pca256_lexical_w005
81234,39,minibatch_k64,text_pca256_lexical_w005
81235,39,minibatch_k64,text_pca256_lexical_w005
81236,10,minibatch_k64,text_pca256_lexical_w005
81237,10,minibatch_k64,text_pca256_lexical_w005
81238,10,minibatch_k64,text_pca256_lexical_w005
81239,10,minibatch_k64,text_pca256_lexical_w005
81240,8,minibatch_k64,text_pca256_lexical_w005
81241,62,minibatch_k64,text_pca256_lexical_w005
81242,10,minibatch_k64,text_pca256_lexical_w005
81243,10,minibatch_k64,text_pca256_lexical_w005
81244,62,minibatch_k64,text_pca256_lexical_w005
81245,2,minibatch_k64,text_pca256_lexical_w005
81246,10,minibatch_k64,text_pca256_lexical_w005
81247,6,minibatch_k64,text_pca256_lexical_w005
81248,10,minibatch_k64,text_pca256_lexical_w005
81249,10,minibatch_k64,text_pca256_lexical_w005
81250,10,minibatch_k64,text_pca256_lexical_w005
81251,21,minibatch_k64,text_pca256_lexical_w005
81252,23,minibatch_k64,text_pca256_lexical_w005
81253,10,minibatch_k64,text_pca256_lexical_w005
81254,39,minibatch_k64,text_pca256_lexical_w005
81255,0,minibatch_k64,text_pca256_lexical_w005
81256,10,minibatch_k64,text_pca256_lexical_w005
81257,53,minibatch_k64,text_pca256_lexical_w005
81258,10,minibatch_k64,text_pca256_lexical_w005
81259,39,minibatch_k64,text_pca256_lexical_w005
81260,39,minibatch_k64,text_pca256_lexical_w005
81261,59,minibatch_k64,text_pca256_lexical_w005
81262,10,minibatch_k64,text_pca256_lexical_w005
81263,39,minibatch_k64,text_pca256_lexical_w005
81264,10,minibatch_k64,text_pca256_lexical_w005
81265,10,minibatch_k64,text_pca256_lexical_w005
81266,39,minibatch_k64,text_pca256_lexical_w005
81267,56,minibatch_k64,text_pca256_lexical_w005
81268,39,minibatch_k64,text_pca256_lexical_w005
81269,2,minibatch_k64,text_pca256_lexical_w005
81270,39,minibatch_k64,text_pca256_lexical_w005
81271,39,minibatch_k64,text_pca256_lexical_w005
81272,10,minibatch_k64,text_pca256_lexical_w005
81273,10,minibatch_k64,text_pca256_lexical_w005
81274,10,minibatch_k64,text_pca256_lexical_w005
81275,10,minibatch_k64,text_pca256_lexical_w005
81276,8,minibatch_k64,text_pca256_lexical_w005
81277,33,minibatch_k64,text_pca256_lexical_w005
81278,33,minibatch_k64,text_pca256_lexical_w005
81279,10,minibatch_k64,text_pca256_lexical_w005
81280,10,minibatch_k64,text_pca256_lexical_w005
81281,39,minibatch_k64,text_pca256_lexical_w005
81282,39,minibatch_k64,text_pca256_lexical_w005
81283,62,minibatch_k64,text_pca256_lexical_w005
81284,62,minibatch_k64,text_pca256_lexical_w005
81285,10,minibatch_k64,text_pca256_lexical_w005
81286,10,minibatch_k64,text_pca256_lexical_w005
81287,15,minibatch_k64,text_pca256_lexical_w005
81288,10,minibatch_k64,text_pca256_lexical_w005
81289,10,minibatch_k64,text_pca256_lexical_w005
81290,6,minibatch_k64,text_pca256_lexical_w005
81291,56,minibatch_k64,text_pca256_lexical_w005
81292,0,minibatch_k64,text_pca256_lexical_w005
81293,62,minibatch_k64,text_pca256_lexical_w005
81294,62,minibatch_k64,text_pca256_lexical_w005
81295,59,minibatch_k64,text_pca256_lexical_w005
81296,62,minibatch_k64,text_pca256_lexical_w005
81297,62,minibatch_k64,text_pca256_lexical_w005
81298,62,minibatch_k64,text_pca256_lexical_w005
81299,45,minibatch_k64,text_pca256_lexical_w005
81300,6,minibatch_k64,text_pca256_lexical_w005
81301,42,minibatch_k64,text_pca256_lexical_w005
81302,10,minibatch_k64,text_pca256_lexical_w005
81303,10,minibatch_k64,text_pca256_lexical_w005
81304,62,minibatch_k64,text_pca256_lexical_w005
81305,39,minibatch_k64,text_pca256_lexical_w005
81306,62,minibatch_k64,text_pca256_lexical_w005
81307,45,minibatch_k64,text_pca256_lexical_w005
81308,21,minibatch_k64,text_pca256_lexical_w005
81309,59,minibatch_k64,text_pca256_lexical_w005
81310,10,minibatch_k64,text_pca256_lexical_w005
81311,33,minibatch_k64,text_pca256_lexical_w005
81312,10,minibatch_k64,text_pca256_lexical_w005
81313,39,minibatch_k64,text_pca256_lexical_w005
81314,39,minibatch_k64,text_pca256_lexical_w005
81315,8,minibatch_k64,text_pca256_lexical_w005
81316,10,minibatch_k64,text_pca256_lexical_w005
81317,8,minibatch_k64,text_pca256_lexical_w005
81318,45,minibatch_k64,text_pca256_lexical_w005
81319,15,minibatch_k64,text_pca256_lexical_w005
81320,8,minibatch_k64,text_pca256_lexical_w005
81321,45,minibatch_k64,text_pca256_lexical_w005
81322,62,minibatch_k64,text_pca256_lexical_w005
81323,59,minibatch_k64,text_pca256_lexical_w005
81324,59,minibatch_k64,text_pca256_lexical_w005
81325,33,minibatch_k64,text_pca256_lexical_w005
81326,59,minibatch_k64,text_pca256_lexical_w005
81327,8,minibatch_k64,text_pca256_lexical_w005
81328,62,minibatch_k64,text_pca256_lexical_w005
81329,23,minibatch_k64,text_pca256_lexical_w005
81330,45,minibatch_k64,text_pca256_lexical_w005
81331,48,minibatch_k64,text_pca256_lexical_w005
81332,42,minibatch_k64,text_pca256_lexical_w005
81333,0,minibatch_k64,text_pca256_lexical_w005
81334,53,minibatch_k64,text_pca256_lexical_w005
81335,59,minibatch_k64,text_pca256_lexical_w005
81336,59,minibatch_k64,text_pca256_lexical_w005
81337,53,minibatch_k64,text_pca256_lexical_w005
81338,34,minibatch_k64,text_pca256_lexical_w005
81339,48,minibatch_k64,text_pca256_lexical_w005
81340,59,minibatch_k64,text_pca256_lexical_w005
81341,62,minibatch_k64,text_pca256_lexical_w005
81342,8,minibatch_k64,text_pca256_lexical_w005
81343,8,minibatch_k64,text_pca256_lexical_w005
81344,53,minibatch_k64,text_pca256_lexical_w005
81345,42,minibatch_k64,text_pca256_lexical_w005
81346,8,minibatch_k64,text_pca256_lexical_w005
81347,10,minibatch_k64,text_pca256_lexical_w005
81348,0,minibatch_k64,text_pca256_lexical_w005
81349,42,minibatch_k64,text_pca256_lexical_w005
81350,10,minibatch_k64,text_pca256_lexical_w005
81351,23,minibatch_k64,text_pca256_lexical_w005
81352,23,minibatch_k64,text_pca256_lexical_w005
81353,46,minibatch_k64,text_pca256_lexical_w005
81354,18,minibatch_k64,text_pca256_lexical_w005
81355,23,minibatch_k64,text_pca256_lexical_w005
81356,0,minibatch_k64,text_pca256_lexical_w005
81357,23,minibatch_k64,text_pca256_lexical_w005
81358,23,minibatch_k64,text_pca256_lexical_w005
81359,59,minibatch_k64,text_pca256_lexical_w005
81360,21,minibatch_k64,text_pca256_lexical_w005
81361,61,minibatch_k64,text_pca256_lexical_w005
81362,5,minibatch_k64,text_pca256_lexical_w005
81363,21,minibatch_k64,text_pca256_lexical_w005
81364,23,minibatch_k64,text_pca256_lexical_w005
81365,62,minibatch_k64,text_pca256_lexical_w005
81366,59,minibatch_k64,text_pca256_lexical_w005
81367,15,minibatch_k64,text_pca256_lexical_w005
81368,62,minibatch_k64,text_pca256_lexical_w005
81369,0,minibatch_k64,text_pca256_lexical_w005
81370,59,minibatch_k64,text_pca256_lexical_w005
81371,0,minibatch_k64,text_pca256_lexical_w005
81372,0,minibatch_k64,text_pca256_lexical_w005
81373,33,minibatch_k64,text_pca256_lexical_w005
81374,21,minibatch_k64,text_pca256_lexical_w005
81375,23,minibatch_k64,text_pca256_lexical_w005
81376,23,minibatch_k64,text_pca256_lexical_w005
81377,50,minibatch_k64,text_pca256_lexical_w005
81378,61,minibatch_k64,text_pca256_lexical_w005
81379,10,minibatch_k64,text_pca256_lexical_w005
81380,61,minibatch_k64,text_pca256_lexical_w005
81381,61,minibatch_k64,text_pca256_lexical_w005
81382,61,minibatch_k64,text_pca256_lexical_w005
81383,10,minibatch_k64,text_pca256_lexical_w005
81384,61,minibatch_k64,text_pca256_lexical_w005
81385,61,minibatch_k64,text_pca256_lexical_w005
81386,61,minibatch_k64,text_pca256_lexical_w005
81387,61,minibatch_k64,text_pca256_lexical_w005
81388,61,minibatch_k64,text_pca256_lexical_w005
81389,61,minibatch_k64,text_pca256_lexical_w005
81390,23,minibatch_k64,text_pca256_lexical_w005
81391,8,minibatch_k64,text_pca256_lexical_w005
81392,8,minibatch_k64,text_pca256_lexical_w005
81393,12,minibatch_k64,text_pca256_lexical_w005
81394,40,minibatch_k64,text_pca256_lexical_w005
81395,10,minibatch_k64,text_pca256_lexical_w005
81396,40,minibatch_k64,text_pca256_lexical_w005
81397,12,minibatch_k64,text_pca256_lexical_w005
81398,23,minibatch_k64,text_pca256_lexical_w005
81399,40,minibatch_k64,text_pca256_lexical_w005
81400,40,minibatch_k64,text_pca256_lexical_w005
81401,0,minibatch_k64,text_pca256_lexical_w005
81402,12,minibatch_k64,text_pca256_lexical_w005
81403,40,minibatch_k64,text_pca256_lexical_w005
81404,0,minibatch_k64,text_pca256_lexical_w005
81405,10,minibatch_k64,text_pca256_lexical_w005
81406,12,minibatch_k64,text_pca256_lexical_w005
81407,23,minibatch_k64,text_pca256_lexical_w005
81408,33,minibatch_k64,text_pca256_lexical_w005
81409,59,minibatch_k64,text_pca256_lexical_w005
81410,8,minibatch_k64,text_pca256_lexical_w005
81411,23,minibatch_k64,text_pca256_lexical_w005
81412,12,minibatch_k64,text_pca256_lexical_w005
81413,40,minibatch_k64,text_pca256_lexical_w005
81414,23,minibatch_k64,text_pca256_lexical_w005
81415,61,minibatch_k64,text_pca256_lexical_w005
81416,62,minibatch_k64,text_pca256_lexical_w005
81417,8,minibatch_k64,text_pca256_lexical_w005
81418,0,minibatch_k64,text_pca256_lexical_w005
81419,23,minibatch_k64,text_pca256_lexical_w005
81420,12,minibatch_k64,text_pca256_lexical_w005
81421,40,minibatch_k64,text_pca256_lexical_w005
81422,40,minibatch_k64,text_pca256_lexical_w005
81423,40,minibatch_k64,text_pca256_lexical_w005
81424,16,minibatch_k64,text_pca256_lexical_w005
81425,0,minibatch_k64,text_pca256_lexical_w005
81426,32,minibatch_k64,text_pca256_lexical_w005
81427,40,minibatch_k64,text_pca256_lexical_w005
81428,40,minibatch_k64,text_pca256_lexical_w005
81429,62,minibatch_k64,text_pca256_lexical_w005
81430,15,minibatch_k64,text_pca256_lexical_w005
81431,23,minibatch_k64,text_pca256_lexical_w005
81432,23,minibatch_k64,text_pca256_lexical_w005
81433,40,minibatch_k64,text_pca256_lexical_w005
81434,40,minibatch_k64,text_pca256_lexical_w005
81435,40,minibatch_k64,text_pca256_lexical_w005
81436,23,minibatch_k64,text_pca256_lexical_w005
81437,23,minibatch_k64,text_pca256_lexical_w005
81438,8,minibatch_k64,text_pca256_lexical_w005
81439,39,minibatch_k64,text_pca256_lexical_w005
81440,32,minibatch_k64,text_pca256_lexical_w005
81441,40,minibatch_k64,text_pca256_lexical_w005
81442,0,minibatch_k64,text_pca256_lexical_w005
81443,40,minibatch_k64,text_pca256_lexical_w005
81444,2,minibatch_k64,text_pca256_lexical_w005
81445,23,minibatch_k64,text_pca256_lexical_w005
81446,8,minibatch_k64,text_pca256_lexical_w005
81447,15,minibatch_k64,text_pca256_lexical_w005
81448,23,minibatch_k64,text_pca256_lexical_w005
81449,15,minibatch_k64,text_pca256_lexical_w005
81450,0,minibatch_k64,text_pca256_lexical_w005
81451,23,minibatch_k64,text_pca256_lexical_w005
81452,32,minibatch_k64,text_pca256_lexical_w005
81453,16,minibatch_k64,text_pca256_lexical_w005
81454,23,minibatch_k64,text_pca256_lexical_w005
81455,16,minibatch_k64,text_pca256_lexical_w005
81456,16,minibatch_k64,text_pca256_lexical_w005
81457,16,minibatch_k64,text_pca256_lexical_w005
81458,45,minibatch_k64,text_pca256_lexical_w005
81459,16,minibatch_k64,text_pca256_lexical_w005
81460,16,minibatch_k64,text_pca256_lexical_w005
81461,23,minibatch_k64,text_pca256_lexical_w005
81462,0,minibatch_k64,text_pca256_lexical_w005
81463,23,minibatch_k64,text_pca256_lexical_w005
81464,32,minibatch_k64,text_pca256_lexical_w005
81465,23,minibatch_k64,text_pca256_lexical_w005
81466,16,minibatch_k64,text_pca256_lexical_w005
81467,33,minibatch_k64,text_pca256_lexical_w005
81468,12,minibatch_k64,text_pca256_lexical_w005
81469,62,minibatch_k64,text_pca256_lexical_w005
81470,16,minibatch_k64,text_pca256_lexical_w005
81471,50,minibatch_k64,text_pca256_lexical_w005
81472,23,minibatch_k64,text_pca256_lexical_w005
81473,0,minibatch_k64,text_pca256_lexical_w005
81474,0,minibatch_k64,text_pca256_lexical_w005
81475,18,minibatch_k64,text_pca256_lexical_w005
81476,23,minibatch_k64,text_pca256_lexical_w005
81477,0,minibatch_k64,text_pca256_lexical_w005
81478,59,minibatch_k64,text_pca256_lexical_w005
81479,18,minibatch_k64,text_pca256_lexical_w005
81480,18,minibatch_k64,text_pca256_lexical_w005
81481,0,minibatch_k64,text_pca256_lexical_w005
81482,18,minibatch_k64,text_pca256_lexical_w005
81483,10,minibatch_k64,text_pca256_lexical_w005
81484,18,minibatch_k64,text_pca256_lexical_w005
81485,15,minibatch_k64,text_pca256_lexical_w005
81486,18,minibatch_k64,text_pca256_lexical_w005
81487,61,minibatch_k64,text_pca256_lexical_w005
81488,23,minibatch_k64,text_pca256_lexical_w005
81489,23,minibatch_k64,text_pca256_lexical_w005
81490,15,minibatch_k64,text_pca256_lexical_w005
81491,15,minibatch_k64,text_pca256_lexical_w005
81492,56,minibatch_k64,text_pca256_lexical_w005
81493,8,minibatch_k64,text_pca256_lexical_w005
81494,8,minibatch_k64,text_pca256_lexical_w005
81495,8,minibatch_k64,text_pca256_lexical_w005
81496,0,minibatch_k64,text_pca256_lexical_w005
81497,56,minibatch_k64,text_pca256_lexical_w005
81498,62,minibatch_k64,text_pca256_lexical_w005
81499,62,minibatch_k64,text_pca256_lexical_w005
81500,0,minibatch_k64,text_pca256_lexical_w005
81501,23,minibatch_k64,text_pca256_lexical_w005
81502,62,minibatch_k64,text_pca256_lexical_w005
81503,62,minibatch_k64,text_pca256_lexical_w005
81504,48,minibatch_k64,text_pca256_lexical_w005
81505,33,minibatch_k64,text_pca256_lexical_w005
81506,33,minibatch_k64,text_pca256_lexical_w005
81507,0,minibatch_k64,text_pca256_lexical_w005
81508,56,minibatch_k64,text_pca256_lexical_w005
81509,0,minibatch_k64,text_pca256_lexical_w005
81510,0,minibatch_k64,text_pca256_lexical_w005
81511,8,minibatch_k64,text_pca256_lexical_w005
81512,10,minibatch_k64,text_pca256_lexical_w005
81513,23,minibatch_k64,text_pca256_lexical_w005
81514,0,minibatch_k64,text_pca256_lexical_w005
81515,23,minibatch_k64,text_pca256_lexical_w005
81516,15,minibatch_k64,text_pca256_lexical_w005
81517,0,minibatch_k64,text_pca256_lexical_w005
81518,23,minibatch_k64,text_pca256_lexical_w005
81519,23,minibatch_k64,text_pca256_lexical_w005
81520,0,minibatch_k64,text_pca256_lexical_w005
81521,23,minibatch_k64,text_pca256_lexical_w005
81522,23,minibatch_k64,text_pca256_lexical_w005
81523,39,minibatch_k64,text_pca256_lexical_w005
81524,61,minibatch_k64,text_pca256_lexical_w005
81525,0,minibatch_k64,text_pca256_lexical_w005
81526,23,minibatch_k64,text_pca256_lexical_w005
81527,8,minibatch_k64,text_pca256_lexical_w005
81528,0,minibatch_k64,text_pca256_lexical_w005
81529,33,minibatch_k64,text_pca256_lexical_w005
81530,0,minibatch_k64,text_pca256_lexical_w005
81531,0,minibatch_k64,text_pca256_lexical_w005
81532,38,minibatch_k64,text_pca256_lexical_w005
81533,21,minibatch_k64,text_pca256_lexical_w005
81534,55,minibatch_k64,text_pca256_lexical_w005
81535,23,minibatch_k64,text_pca256_lexical_w005
81536,2,minibatch_k64,text_pca256_lexical_w005
81537,0,minibatch_k64,text_pca256_lexical_w005
81538,23,minibatch_k64,text_pca256_lexical_w005
81539,0,minibatch_k64,text_pca256_lexical_w005
81540,59,minibatch_k64,text_pca256_lexical_w005
81541,21,minibatch_k64,text_pca256_lexical_w005
81542,58,minibatch_k64,text_pca256_lexical_w005
81543,0,minibatch_k64,text_pca256_lexical_w005
81544,23,minibatch_k64,text_pca256_lexical_w005
81545,0,minibatch_k64,text_pca256_lexical_w005
81546,61,minibatch_k64,text_pca256_lexical_w005
81547,0,minibatch_k64,text_pca256_lexical_w005
81548,0,minibatch_k64,text_pca256_lexical_w005
81549,10,minibatch_k64,text_pca256_lexical_w005
81550,8,minibatch_k64,text_pca256_lexical_w005
81551,8,minibatch_k64,text_pca256_lexical_w005
81552,58,minibatch_k64,text_pca256_lexical_w005
81553,23,minibatch_k64,text_pca256_lexical_w005
81554,55,minibatch_k64,text_pca256_lexical_w005
81555,62,minibatch_k64,text_pca256_lexical_w005
81556,62,minibatch_k64,text_pca256_lexical_w005
81557,23,minibatch_k64,text_pca256_lexical_w005
81558,23,minibatch_k64,text_pca256_lexical_w005
81559,62,minibatch_k64,text_pca256_lexical_w005
81560,23,minibatch_k64,text_pca256_lexical_w005
81561,23,minibatch_k64,text_pca256_lexical_w005
81562,23,minibatch_k64,text_pca256_lexical_w005
81563,23,minibatch_k64,text_pca256_lexical_w005
81564,2,minibatch_k64,text_pca256_lexical_w005
81565,45,minibatch_k64,text_pca256_lexical_w005
81566,38,minibatch_k64,text_pca256_lexical_w005
81567,45,minibatch_k64,text_pca256_lexical_w005
81568,55,minibatch_k64,text_pca256_lexical_w005
81569,62,minibatch_k64,text_pca256_lexical_w005
81570,0,minibatch_k64,text_pca256_lexical_w005
81571,15,minibatch_k64,text_pca256_lexical_w005
81572,15,minibatch_k64,text_pca256_lexical_w005
81573,62,minibatch_k64,text_pca256_lexical_w005
81574,23,minibatch_k64,text_pca256_lexical_w005
81575,23,minibatch_k64,text_pca256_lexical_w005
81576,8,minibatch_k64,text_pca256_lexical_w005
81577,23,minibatch_k64,text_pca256_lexical_w005
81578,62,minibatch_k64,text_pca256_lexical_w005
81579,23,minibatch_k64,text_pca256_lexical_w005
81580,39,minibatch_k64,text_pca256_lexical_w005
81581,62,minibatch_k64,text_pca256_lexical_w005
81582,62,minibatch_k64,text_pca256_lexical_w005
81583,23,minibatch_k64,text_pca256_lexical_w005
81584,62,minibatch_k64,text_pca256_lexical_w005
81585,23,minibatch_k64,text_pca256_lexical_w005
81586,18,minibatch_k64,text_pca256_lexical_w005
81587,0,minibatch_k64,text_pca256_lexical_w005
81588,33,minibatch_k64,text_pca256_lexical_w005
81589,0,minibatch_k64,text_pca256_lexical_w005
81590,23,minibatch_k64,text_pca256_lexical_w005
81591,23,minibatch_k64,text_pca256_lexical_w005
81592,0,minibatch_k64,text_pca256_lexical_w005
81593,58,minibatch_k64,text_pca256_lexical_w005
81594,55,minibatch_k64,text_pca256_lexical_w005
81595,23,minibatch_k64,text_pca256_lexical_w005
81596,37,minibatch_k64,text_pca256_lexical_w005
81597,8,minibatch_k64,text_pca256_lexical_w005
81598,23,minibatch_k64,text_pca256_lexical_w005
81599,23,minibatch_k64,text_pca256_lexical_w005
81600,0,minibatch_k64,text_pca256_lexical_w005
81601,62,minibatch_k64,text_pca256_lexical_w005
81602,15,minibatch_k64,text_pca256_lexical_w005
81603,33,minibatch_k64,text_pca256_lexical_w005
81604,62,minibatch_k64,text_pca256_lexical_w005
81605,0,minibatch_k64,text_pca256_lexical_w005
81606,8,minibatch_k64,text_pca256_lexical_w005
81607,50,minibatch_k64,text_pca256_lexical_w005
81608,42,minibatch_k64,text_pca256_lexical_w005
81609,42,minibatch_k64,text_pca256_lexical_w005
81610,42,minibatch_k64,text_pca256_lexical_w005
81611,42,minibatch_k64,text_pca256_lexical_w005
81612,42,minibatch_k64,text_pca256_lexical_w005
81613,23,minibatch_k64,text_pca256_lexical_w005
81614,8,minibatch_k64,text_pca256_lexical_w005
81615,62,minibatch_k64,text_pca256_lexical_w005
81616,59,minibatch_k64,text_pca256_lexical_w005
81617,4,minibatch_k64,text_pca256_lexical_w005
81618,8,minibatch_k64,text_pca256_lexical_w005
81619,18,minibatch_k64,text_pca256_lexical_w005
81620,62,minibatch_k64,text_pca256_lexical_w005
81621,5,minibatch_k64,text_pca256_lexical_w005
81622,56,minibatch_k64,text_pca256_lexical_w005
81623,50,minibatch_k64,text_pca256_lexical_w005
81624,47,minibatch_k64,text_pca256_lexical_w005
81625,0,minibatch_k64,text_pca256_lexical_w005
81626,46,minibatch_k64,text_pca256_lexical_w005
81627,8,minibatch_k64,text_pca256_lexical_w005
81628,25,minibatch_k64,text_pca256_lexical_w005
81629,55,minibatch_k64,text_pca256_lexical_w005
81630,8,minibatch_k64,text_pca256_lexical_w005
81631,62,minibatch_k64,text_pca256_lexical_w005
81632,38,minibatch_k64,text_pca256_lexical_w005
81633,25,minibatch_k64,text_pca256_lexical_w005
81634,23,minibatch_k64,text_pca256_lexical_w005
81635,55,minibatch_k64,text_pca256_lexical_w005
81636,23,minibatch_k64,text_pca256_lexical_w005
81637,15,minibatch_k64,text_pca256_lexical_w005
81638,0,minibatch_k64,text_pca256_lexical_w005
81639,38,minibatch_k64,text_pca256_lexical_w005
81640,25,minibatch_k64,text_pca256_lexical_w005
81641,23,minibatch_k64,text_pca256_lexical_w005
81642,0,minibatch_k64,text_pca256_lexical_w005
81643,5,minibatch_k64,text_pca256_lexical_w005
81644,56,minibatch_k64,text_pca256_lexical_w005
81645,0,minibatch_k64,text_pca256_lexical_w005
81646,62,minibatch_k64,text_pca256_lexical_w005
81647,4,minibatch_k64,text_pca256_lexical_w005
81648,62,minibatch_k64,text_pca256_lexical_w005
81649,0,minibatch_k64,text_pca256_lexical_w005
81650,56,minibatch_k64,text_pca256_lexical_w005
81651,62,minibatch_k64,text_pca256_lexical_w005
81652,0,minibatch_k64,text_pca256_lexical_w005
81653,62,minibatch_k64,text_pca256_lexical_w005
81654,8,minibatch_k64,text_pca256_lexical_w005
81655,0,minibatch_k64,text_pca256_lexical_w005
81656,62,minibatch_k64,text_pca256_lexical_w005
81657,45,minibatch_k64,text_pca256_lexical_w005
81658,4,minibatch_k64,text_pca256_lexical_w005
81659,8,minibatch_k64,text_pca256_lexical_w005
81660,5,minibatch_k64,text_pca256_lexical_w005
81661,5,minibatch_k64,text_pca256_lexical_w005
81662,59,minibatch_k64,text_pca256_lexical_w005
81663,5,minibatch_k64,text_pca256_lexical_w005
81664,39,minibatch_k64,text_pca256_lexical_w005
81665,58,minibatch_k64,text_pca256_lexical_w005
81666,38,minibatch_k64,text_pca256_lexical_w005
81667,55,minibatch_k64,text_pca256_lexical_w005
81668,13,minibatch_k64,text_pca256_lexical_w005
81669,62,minibatch_k64,text_pca256_lexical_w005
81670,56,minibatch_k64,text_pca256_lexical_w005
81671,56,minibatch_k64,text_pca256_lexical_w005
81672,8,minibatch_k64,text_pca256_lexical_w005
81673,62,minibatch_k64,text_pca256_lexical_w005
81674,0,minibatch_k64,text_pca256_lexical_w005
81675,62,minibatch_k64,text_pca256_lexical_w005
81676,18,minibatch_k64,text_pca256_lexical_w005
81677,33,minibatch_k64,text_pca256_lexical_w005
81678,62,minibatch_k64,text_pca256_lexical_w005
81679,62,minibatch_k64,text_pca256_lexical_w005
81680,38,minibatch_k64,text_pca256_lexical_w005
81681,58,minibatch_k64,text_pca256_lexical_w005
81682,45,minibatch_k64,text_pca256_lexical_w005
81683,45,minibatch_k64,text_pca256_lexical_w005
81684,55,minibatch_k64,text_pca256_lexical_w005
81685,23,minibatch_k64,text_pca256_lexical_w005
81686,8,minibatch_k64,text_pca256_lexical_w005
81687,62,minibatch_k64,text_pca256_lexical_w005
81688,62,minibatch_k64,text_pca256_lexical_w005
81689,62,minibatch_k64,text_pca256_lexical_w005
81690,8,minibatch_k64,text_pca256_lexical_w005
81691,38,minibatch_k64,text_pca256_lexical_w005
81692,59,minibatch_k64,text_pca256_lexical_w005
81693,55,minibatch_k64,text_pca256_lexical_w005
81694,23,minibatch_k64,text_pca256_lexical_w005
81695,0,minibatch_k64,text_pca256_lexical_w005
81696,0,minibatch_k64,text_pca256_lexical_w005
81697,8,minibatch_k64,text_pca256_lexical_w005
81698,15,minibatch_k64,text_pca256_lexical_w005
81699,62,minibatch_k64,text_pca256_lexical_w005
81700,0,minibatch_k64,text_pca256_lexical_w005
81701,38,minibatch_k64,text_pca256_lexical_w005
81702,0,minibatch_k64,text_pca256_lexical_w005
81703,58,minibatch_k64,text_pca256_lexical_w005
81704,55,minibatch_k64,text_pca256_lexical_w005
81705,22,minibatch_k64,text_pca256_lexical_w005
81706,62,minibatch_k64,text_pca256_lexical_w005
81707,21,minibatch_k64,text_pca256_lexical_w005
81708,4,minibatch_k64,text_pca256_lexical_w005
81709,62,minibatch_k64,text_pca256_lexical_w005
81710,42,minibatch_k64,text_pca256_lexical_w005
81711,59,minibatch_k64,text_pca256_lexical_w005
81712,62,minibatch_k64,text_pca256_lexical_w005
81713,62,minibatch_k64,text_pca256_lexical_w005
81714,0,minibatch_k64,text_pca256_lexical_w005
81715,56,minibatch_k64,text_pca256_lexical_w005
81716,62,minibatch_k64,text_pca256_lexical_w005
81717,0,minibatch_k64,text_pca256_lexical_w005
81718,38,minibatch_k64,text_pca256_lexical_w005
81719,58,minibatch_k64,text_pca256_lexical_w005
81720,45,minibatch_k64,text_pca256_lexical_w005
81721,55,minibatch_k64,text_pca256_lexical_w005
81722,13,minibatch_k64,text_pca256_lexical_w005
81723,4,minibatch_k64,text_pca256_lexical_w005
81724,42,minibatch_k64,text_pca256_lexical_w005
81725,62,minibatch_k64,text_pca256_lexical_w005
81726,62,minibatch_k64,text_pca256_lexical_w005
81727,0,minibatch_k64,text_pca256_lexical_w005
81728,38,minibatch_k64,text_pca256_lexical_w005
81729,23,minibatch_k64,text_pca256_lexical_w005
81730,55,minibatch_k64,text_pca256_lexical_w005
81731,13,minibatch_k64,text_pca256_lexical_w005
81732,42,minibatch_k64,text_pca256_lexical_w005
81733,42,minibatch_k64,text_pca256_lexical_w005
81734,45,minibatch_k64,text_pca256_lexical_w005
81735,59,minibatch_k64,text_pca256_lexical_w005
81736,58,minibatch_k64,text_pca256_lexical_w005
81737,38,minibatch_k64,text_pca256_lexical_w005
81738,23,minibatch_k64,text_pca256_lexical_w005
81739,13,minibatch_k64,text_pca256_lexical_w005
81740,0,minibatch_k64,text_pca256_lexical_w005
81741,0,minibatch_k64,text_pca256_lexical_w005
81742,15,minibatch_k64,text_pca256_lexical_w005
81743,39,minibatch_k64,text_pca256_lexical_w005
81744,33,minibatch_k64,text_pca256_lexical_w005
81745,15,minibatch_k64,text_pca256_lexical_w005
81746,0,minibatch_k64,text_pca256_lexical_w005
81747,0,minibatch_k64,text_pca256_lexical_w005
81748,62,minibatch_k64,text_pca256_lexical_w005
81749,38,minibatch_k64,text_pca256_lexical_w005
81750,12,minibatch_k64,text_pca256_lexical_w005
81751,58,minibatch_k64,text_pca256_lexical_w005
81752,23,minibatch_k64,text_pca256_lexical_w005
81753,13,minibatch_k64,text_pca256_lexical_w005
81754,0,minibatch_k64,text_pca256_lexical_w005
81755,0,minibatch_k64,text_pca256_lexical_w005
81756,0,minibatch_k64,text_pca256_lexical_w005
81757,38,minibatch_k64,text_pca256_lexical_w005
81758,0,minibatch_k64,text_pca256_lexical_w005
81759,55,minibatch_k64,text_pca256_lexical_w005
81760,63,minibatch_k64,text_pca256_lexical_w005
81761,0,minibatch_k64,text_pca256_lexical_w005
81762,59,minibatch_k64,text_pca256_lexical_w005
81763,8,minibatch_k64,text_pca256_lexical_w005
81764,56,minibatch_k64,text_pca256_lexical_w005
81765,8,minibatch_k64,text_pca256_lexical_w005
81766,0,minibatch_k64,text_pca256_lexical_w005
81767,38,minibatch_k64,text_pca256_lexical_w005
81768,55,minibatch_k64,text_pca256_lexical_w005
81769,13,minibatch_k64,text_pca256_lexical_w005
81770,8,minibatch_k64,text_pca256_lexical_w005
81771,8,minibatch_k64,text_pca256_lexical_w005
81772,38,minibatch_k64,text_pca256_lexical_w005
81773,59,minibatch_k64,text_pca256_lexical_w005
81774,55,minibatch_k64,text_pca256_lexical_w005
81775,0,minibatch_k64,text_pca256_lexical_w005
81776,20,minibatch_k64,text_pca256_lexical_w005
81777,33,minibatch_k64,text_pca256_lexical_w005
81778,0,minibatch_k64,text_pca256_lexical_w005
81779,0,minibatch_k64,text_pca256_lexical_w005
81780,32,minibatch_k64,text_pca256_lexical_w005
81781,59,minibatch_k64,text_pca256_lexical_w005
81782,38,minibatch_k64,text_pca256_lexical_w005
81783,55,minibatch_k64,text_pca256_lexical_w005
81784,63,minibatch_k64,text_pca256_lexical_w005
81785,0,minibatch_k64,text_pca256_lexical_w005
81786,0,minibatch_k64,text_pca256_lexical_w005
81787,15,minibatch_k64,text_pca256_lexical_w005
81788,15,minibatch_k64,text_pca256_lexical_w005
81789,38,minibatch_k64,text_pca256_lexical_w005
81790,36,minibatch_k64,text_pca256_lexical_w005
81791,55,minibatch_k64,text_pca256_lexical_w005
81792,63,minibatch_k64,text_pca256_lexical_w005
81793,33,minibatch_k64,text_pca256_lexical_w005
81794,8,minibatch_k64,text_pca256_lexical_w005
81795,39,minibatch_k64,text_pca256_lexical_w005
81796,8,minibatch_k64,text_pca256_lexical_w005
81797,10,minibatch_k64,text_pca256_lexical_w005
81798,21,minibatch_k64,text_pca256_lexical_w005
81799,33,minibatch_k64,text_pca256_lexical_w005
81800,33,minibatch_k64,text_pca256_lexical_w005
81801,38,minibatch_k64,text_pca256_lexical_w005
81802,55,minibatch_k64,text_pca256_lexical_w005
81803,62,minibatch_k64,text_pca256_lexical_w005
81804,15,minibatch_k64,text_pca256_lexical_w005
81805,0,minibatch_k64,text_pca256_lexical_w005
81806,0,minibatch_k64,text_pca256_lexical_w005
81807,18,minibatch_k64,text_pca256_lexical_w005
81808,0,minibatch_k64,text_pca256_lexical_w005
81809,59,minibatch_k64,text_pca256_lexical_w005
81810,18,minibatch_k64,text_pca256_lexical_w005
81811,2,minibatch_k64,text_pca256_lexical_w005
81812,8,minibatch_k64,text_pca256_lexical_w005
81813,39,minibatch_k64,text_pca256_lexical_w005
81814,20,minibatch_k64,text_pca256_lexical_w005
81815,39,minibatch_k64,text_pca256_lexical_w005
81816,10,minibatch_k64,text_pca256_lexical_w005
81817,39,minibatch_k64,text_pca256_lexical_w005
81818,10,minibatch_k64,text_pca256_lexical_w005
81819,20,minibatch_k64,text_pca256_lexical_w005
81820,27,minibatch_k64,text_pca256_lexical_w005
81821,38,minibatch_k64,text_pca256_lexical_w005
81822,36,minibatch_k64,text_pca256_lexical_w005
81823,55,minibatch_k64,text_pca256_lexical_w005
81824,63,minibatch_k64,text_pca256_lexical_w005
81825,0,minibatch_k64,text_pca256_lexical_w005
81826,27,minibatch_k64,text_pca256_lexical_w005
81827,27,minibatch_k64,text_pca256_lexical_w005
81828,27,minibatch_k64,text_pca256_lexical_w005
81829,27,minibatch_k64,text_pca256_lexical_w005
81830,21,minibatch_k64,text_pca256_lexical_w005
81831,27,minibatch_k64,text_pca256_lexical_w005
81832,27,minibatch_k64,text_pca256_lexical_w005
81833,0,minibatch_k64,text_pca256_lexical_w005
81834,20,minibatch_k64,text_pca256_lexical_w005
81835,38,minibatch_k64,text_pca256_lexical_w005
81836,55,minibatch_k64,text_pca256_lexical_w005
81837,63,minibatch_k64,text_pca256_lexical_w005
81838,8,minibatch_k64,text_pca256_lexical_w005
81839,0,minibatch_k64,text_pca256_lexical_w005
81840,21,minibatch_k64,text_pca256_lexical_w005
81841,39,minibatch_k64,text_pca256_lexical_w005
81842,27,minibatch_k64,text_pca256_lexical_w005
81843,27,minibatch_k64,text_pca256_lexical_w005
81844,0,minibatch_k64,text_pca256_lexical_w005
81845,27,minibatch_k64,text_pca256_lexical_w005
81846,62,minibatch_k64,text_pca256_lexical_w005
81847,17,minibatch_k64,text_pca256_lexical_w005
81848,10,minibatch_k64,text_pca256_lexical_w005
81849,17,minibatch_k64,text_pca256_lexical_w005
81850,10,minibatch_k64,text_pca256_lexical_w005
81851,39,minibatch_k64,text_pca256_lexical_w005
81852,15,minibatch_k64,text_pca256_lexical_w005
81853,17,minibatch_k64,text_pca256_lexical_w005
81854,33,minibatch_k64,text_pca256_lexical_w005
81855,17,minibatch_k64,text_pca256_lexical_w005
81856,17,minibatch_k64,text_pca256_lexical_w005
81857,10,minibatch_k64,text_pca256_lexical_w005
81858,30,minibatch_k64,text_pca256_lexical_w005
81859,8,minibatch_k64,text_pca256_lexical_w005
81860,8,minibatch_k64,text_pca256_lexical_w005
81861,41,minibatch_k64,text_pca256_lexical_w005
81862,41,minibatch_k64,text_pca256_lexical_w005
81863,41,minibatch_k64,text_pca256_lexical_w005
81864,41,minibatch_k64,text_pca256_lexical_w005
81865,41,minibatch_k64,text_pca256_lexical_w005
81866,41,minibatch_k64,text_pca256_lexical_w005
81867,41,minibatch_k64,text_pca256_lexical_w005
81868,10,minibatch_k64,text_pca256_lexical_w005
81869,59,minibatch_k64,text_pca256_lexical_w005
81870,62,minibatch_k64,text_pca256_lexical_w005
81871,62,minibatch_k64,text_pca256_lexical_w005
81872,62,minibatch_k64,text_pca256_lexical_w005
81873,10,minibatch_k64,text_pca256_lexical_w005
81874,62,minibatch_k64,text_pca256_lexical_w005
81875,62,minibatch_k64,text_pca256_lexical_w005
81876,48,minibatch_k64,text_pca256_lexical_w005
81877,62,minibatch_k64,text_pca256_lexical_w005
81878,10,minibatch_k64,text_pca256_lexical_w005
81879,21,minibatch_k64,text_pca256_lexical_w005
81880,25,minibatch_k64,text_pca256_lexical_w005
81881,56,minibatch_k64,text_pca256_lexical_w005
81882,56,minibatch_k64,text_pca256_lexical_w005
81883,8,minibatch_k64,text_pca256_lexical_w005
81884,39,minibatch_k64,text_pca256_lexical_w005
81885,18,minibatch_k64,text_pca256_lexical_w005
81886,45,minibatch_k64,text_pca256_lexical_w005
81887,45,minibatch_k64,text_pca256_lexical_w005
81888,62,minibatch_k64,text_pca256_lexical_w005
81889,62,minibatch_k64,text_pca256_lexical_w005
81890,45,minibatch_k64,text_pca256_lexical_w005
81891,8,minibatch_k64,text_pca256_lexical_w005
81892,48,minibatch_k64,text_pca256_lexical_w005
81893,59,minibatch_k64,text_pca256_lexical_w005
81894,7,minibatch_k64,text_pca256_lexical_w005
81895,41,minibatch_k64,text_pca256_lexical_w005
81896,59,minibatch_k64,text_pca256_lexical_w005
81897,27,minibatch_k64,text_pca256_lexical_w005
81898,17,minibatch_k64,text_pca256_lexical_w005
81899,17,minibatch_k64,text_pca256_lexical_w005
81900,45,minibatch_k64,text_pca256_lexical_w005
81901,34,minibatch_k64,text_pca256_lexical_w005
81902,59,minibatch_k64,text_pca256_lexical_w005
81903,59,minibatch_k64,text_pca256_lexical_w005
81904,5,minibatch_k64,text_pca256_lexical_w005
81905,0,minibatch_k64,text_pca256_lexical_w005
81906,0,minibatch_k64,text_pca256_lexical_w005
81907,5,minibatch_k64,text_pca256_lexical_w005
81908,0,minibatch_k64,text_pca256_lexical_w005
81909,0,minibatch_k64,text_pca256_lexical_w005
81910,0,minibatch_k64,text_pca256_lexical_w005
81911,0,minibatch_k64,text_pca256_lexical_w005
81912,0,minibatch_k64,text_pca256_lexical_w005
81913,42,minibatch_k64,text_pca256_lexical_w005
81914,5,minibatch_k64,text_pca256_lexical_w005
81915,0,minibatch_k64,text_pca256_lexical_w005
81916,38,minibatch_k64,text_pca256_lexical_w005
81917,45,minibatch_k64,text_pca256_lexical_w005
81918,15,minibatch_k64,text_pca256_lexical_w005
81919,2,minibatch_k64,text_pca256_lexical_w005
81920,59,minibatch_k64,text_pca256_lexical_w005
81921,2,minibatch_k64,text_pca256_lexical_w005
81922,59,minibatch_k64,text_pca256_lexical_w005
81923,38,minibatch_k64,text_pca256_lexical_w005
81924,45,minibatch_k64,text_pca256_lexical_w005
81925,0,minibatch_k64,text_pca256_lexical_w005
81926,0,minibatch_k64,text_pca256_lexical_w005
81927,0,minibatch_k64,text_pca256_lexical_w005
81928,15,minibatch_k64,text_pca256_lexical_w005
81929,42,minibatch_k64,text_pca256_lexical_w005
81930,38,minibatch_k64,text_pca256_lexical_w005
81931,45,minibatch_k64,text_pca256_lexical_w005
81932,55,minibatch_k64,text_pca256_lexical_w005
81933,42,minibatch_k64,text_pca256_lexical_w005
81934,61,minibatch_k64,text_pca256_lexical_w005
81935,0,minibatch_k64,text_pca256_lexical_w005
81936,38,minibatch_k64,text_pca256_lexical_w005
81937,45,minibatch_k64,text_pca256_lexical_w005
81938,55,minibatch_k64,text_pca256_lexical_w005
81939,0,minibatch_k64,text_pca256_lexical_w005
81940,21,minibatch_k64,text_pca256_lexical_w005
81941,38,minibatch_k64,text_pca256_lexical_w005
81942,0,minibatch_k64,text_pca256_lexical_w005
81943,45,minibatch_k64,text_pca256_lexical_w005
81944,55,minibatch_k64,text_pca256_lexical_w005
81945,0,minibatch_k64,text_pca256_lexical_w005
81946,0,minibatch_k64,text_pca256_lexical_w005
81947,0,minibatch_k64,text_pca256_lexical_w005
81948,59,minibatch_k64,text_pca256_lexical_w005
81949,38,minibatch_k64,text_pca256_lexical_w005
81950,10,minibatch_k64,text_pca256_lexical_w005
81951,0,minibatch_k64,text_pca256_lexical_w005
81952,42,minibatch_k64,text_pca256_lexical_w005
81953,21,minibatch_k64,text_pca256_lexical_w005
81954,0,minibatch_k64,text_pca256_lexical_w005
81955,8,minibatch_k64,text_pca256_lexical_w005
81956,38,minibatch_k64,text_pca256_lexical_w005
81957,0,minibatch_k64,text_pca256_lexical_w005
81958,62,minibatch_k64,text_pca256_lexical_w005
81959,40,minibatch_k64,text_pca256_lexical_w005
81960,38,minibatch_k64,text_pca256_lexical_w005
81961,10,minibatch_k64,text_pca256_lexical_w005
81962,10,minibatch_k64,text_pca256_lexical_w005
81963,40,minibatch_k64,text_pca256_lexical_w005
81964,0,minibatch_k64,text_pca256_lexical_w005
81965,42,minibatch_k64,text_pca256_lexical_w005
81966,21,minibatch_k64,text_pca256_lexical_w005
81967,42,minibatch_k64,text_pca256_lexical_w005
81968,0,minibatch_k64,text_pca256_lexical_w005
81969,47,minibatch_k64,text_pca256_lexical_w005
81970,47,minibatch_k64,text_pca256_lexical_w005
81971,0,minibatch_k64,text_pca256_lexical_w005
81972,0,minibatch_k64,text_pca256_lexical_w005
81973,42,minibatch_k64,text_pca256_lexical_w005
81974,18,minibatch_k64,text_pca256_lexical_w005
81975,42,minibatch_k64,text_pca256_lexical_w005
81976,0,minibatch_k64,text_pca256_lexical_w005
81977,0,minibatch_k64,text_pca256_lexical_w005
81978,38,minibatch_k64,text_pca256_lexical_w005
81979,55,minibatch_k64,text_pca256_lexical_w005
81980,25,minibatch_k64,text_pca256_lexical_w005
81981,38,minibatch_k64,text_pca256_lexical_w005
81982,55,minibatch_k64,text_pca256_lexical_w005
81983,25,minibatch_k64,text_pca256_lexical_w005
81984,38,minibatch_k64,text_pca256_lexical_w005
81985,55,minibatch_k64,text_pca256_lexical_w005
81986,10,minibatch_k64,text_pca256_lexical_w005
81987,8,minibatch_k64,text_pca256_lexical_w005
81988,38,minibatch_k64,text_pca256_lexical_w005
81989,33,minibatch_k64,text_pca256_lexical_w005
81990,38,minibatch_k64,text_pca256_lexical_w005
81991,42,minibatch_k64,text_pca256_lexical_w005
81992,25,minibatch_k64,text_pca256_lexical_w005
81993,33,minibatch_k64,text_pca256_lexical_w005
81994,0,minibatch_k64,text_pca256_lexical_w005
81995,0,minibatch_k64,text_pca256_lexical_w005
81996,62,minibatch_k64,text_pca256_lexical_w005
81997,25,minibatch_k64,text_pca256_lexical_w005
81998,0,minibatch_k64,text_pca256_lexical_w005
81999,62,minibatch_k64,text_pca256_lexical_w005
82000,38,minibatch_k64,text_pca256_lexical_w005
82001,23,minibatch_k64,text_pca256_lexical_w005
82002,25,minibatch_k64,text_pca256_lexical_w005
82003,38,minibatch_k64,text_pca256_lexical_w005
82004,10,minibatch_k64,text_pca256_lexical_w005
82005,23,minibatch_k64,text_pca256_lexical_w005
82006,23,minibatch_k64,text_pca256_lexical_w005
82007,4,minibatch_k64,text_pca256_lexical_w005
82008,23,minibatch_k64,text_pca256_lexical_w005
82009,23,minibatch_k64,text_pca256_lexical_w005
82010,23,minibatch_k64,text_pca256_lexical_w005
82011,5,minibatch_k64,text_pca256_lexical_w005
82012,5,minibatch_k64,text_pca256_lexical_w005
82013,8,minibatch_k64,text_pca256_lexical_w005
82014,61,minibatch_k64,text_pca256_lexical_w005
82015,5,minibatch_k64,text_pca256_lexical_w005
82016,5,minibatch_k64,text_pca256_lexical_w005
82017,39,minibatch_k64,text_pca256_lexical_w005
82018,46,minibatch_k64,text_pca256_lexical_w005
82019,62,minibatch_k64,text_pca256_lexical_w005
82020,15,minibatch_k64,text_pca256_lexical_w005
82021,15,minibatch_k64,text_pca256_lexical_w005
82022,23,minibatch_k64,text_pca256_lexical_w005
82023,62,minibatch_k64,text_pca256_lexical_w005
82024,15,minibatch_k64,text_pca256_lexical_w005
82025,2,minibatch_k64,text_pca256_lexical_w005
82026,23,minibatch_k64,text_pca256_lexical_w005
82027,0,minibatch_k64,text_pca256_lexical_w005
82028,4,minibatch_k64,text_pca256_lexical_w005
82029,62,minibatch_k64,text_pca256_lexical_w005
82030,62,minibatch_k64,text_pca256_lexical_w005
82031,47,minibatch_k64,text_pca256_lexical_w005
82032,0,minibatch_k64,text_pca256_lexical_w005
82033,47,minibatch_k64,text_pca256_lexical_w005
82034,59,minibatch_k64,text_pca256_lexical_w005
82035,14,minibatch_k64,text_pca256_lexical_w005
82036,0,minibatch_k64,text_pca256_lexical_w005
82037,8,minibatch_k64,text_pca256_lexical_w005
82038,62,minibatch_k64,text_pca256_lexical_w005
82039,21,minibatch_k64,text_pca256_lexical_w005
82040,56,minibatch_k64,text_pca256_lexical_w005
82041,33,minibatch_k64,text_pca256_lexical_w005
82042,0,minibatch_k64,text_pca256_lexical_w005
82043,8,minibatch_k64,text_pca256_lexical_w005
82044,14,minibatch_k64,text_pca256_lexical_w005
82045,0,minibatch_k64,text_pca256_lexical_w005
82046,58,minibatch_k64,text_pca256_lexical_w005
82047,55,minibatch_k64,text_pca256_lexical_w005
82048,54,minibatch_k64,text_pca256_lexical_w005
82049,62,minibatch_k64,text_pca256_lexical_w005
82050,33,minibatch_k64,text_pca256_lexical_w005
82051,15,minibatch_k64,text_pca256_lexical_w005
82052,62,minibatch_k64,text_pca256_lexical_w005
82053,15,minibatch_k64,text_pca256_lexical_w005
82054,33,minibatch_k64,text_pca256_lexical_w005
82055,33,minibatch_k64,text_pca256_lexical_w005
82056,38,minibatch_k64,text_pca256_lexical_w005
82057,54,minibatch_k64,text_pca256_lexical_w005
82058,15,minibatch_k64,text_pca256_lexical_w005
82059,4,minibatch_k64,text_pca256_lexical_w005
82060,21,minibatch_k64,text_pca256_lexical_w005
82061,23,minibatch_k64,text_pca256_lexical_w005
82062,53,minibatch_k64,text_pca256_lexical_w005
82063,4,minibatch_k64,text_pca256_lexical_w005
82064,2,minibatch_k64,text_pca256_lexical_w005
82065,23,minibatch_k64,text_pca256_lexical_w005
82066,0,minibatch_k64,text_pca256_lexical_w005
82067,62,minibatch_k64,text_pca256_lexical_w005
82068,62,minibatch_k64,text_pca256_lexical_w005
82069,0,minibatch_k64,text_pca256_lexical_w005
82070,38,minibatch_k64,text_pca256_lexical_w005
82071,54,minibatch_k64,text_pca256_lexical_w005
82072,62,minibatch_k64,text_pca256_lexical_w005
82073,39,minibatch_k64,text_pca256_lexical_w005
82074,39,minibatch_k64,text_pca256_lexical_w005
82075,62,minibatch_k64,text_pca256_lexical_w005
82076,39,minibatch_k64,text_pca256_lexical_w005
82077,8,minibatch_k64,text_pca256_lexical_w005
82078,8,minibatch_k64,text_pca256_lexical_w005
82079,8,minibatch_k64,text_pca256_lexical_w005
82080,23,minibatch_k64,text_pca256_lexical_w005
82081,53,minibatch_k64,text_pca256_lexical_w005
82082,62,minibatch_k64,text_pca256_lexical_w005
82083,15,minibatch_k64,text_pca256_lexical_w005
82084,38,minibatch_k64,text_pca256_lexical_w005
82085,36,minibatch_k64,text_pca256_lexical_w005
82086,8,minibatch_k64,text_pca256_lexical_w005
82087,55,minibatch_k64,text_pca256_lexical_w005
82088,60,minibatch_k64,text_pca256_lexical_w005
82089,15,minibatch_k64,text_pca256_lexical_w005
82090,62,minibatch_k64,text_pca256_lexical_w005
82091,56,minibatch_k64,text_pca256_lexical_w005
82092,56,minibatch_k64,text_pca256_lexical_w005
82093,8,minibatch_k64,text_pca256_lexical_w005
82094,39,minibatch_k64,text_pca256_lexical_w005
82095,0,minibatch_k64,text_pca256_lexical_w005
82096,0,minibatch_k64,text_pca256_lexical_w005
82097,0,minibatch_k64,text_pca256_lexical_w005
82098,42,minibatch_k64,text_pca256_lexical_w005
82099,39,minibatch_k64,text_pca256_lexical_w005
82100,23,minibatch_k64,text_pca256_lexical_w005
82101,59,minibatch_k64,text_pca256_lexical_w005
82102,38,minibatch_k64,text_pca256_lexical_w005
82103,10,minibatch_k64,text_pca256_lexical_w005
82104,10,minibatch_k64,text_pca256_lexical_w005
82105,2,minibatch_k64,text_pca256_lexical_w005
82106,62,minibatch_k64,text_pca256_lexical_w005
82107,47,minibatch_k64,text_pca256_lexical_w005
82108,23,minibatch_k64,text_pca256_lexical_w005
82109,33,minibatch_k64,text_pca256_lexical_w005
82110,10,minibatch_k64,text_pca256_lexical_w005
82111,23,minibatch_k64,text_pca256_lexical_w005
82112,23,minibatch_k64,text_pca256_lexical_w005
82113,0,minibatch_k64,text_pca256_lexical_w005
82114,10,minibatch_k64,text_pca256_lexical_w005
82115,21,minibatch_k64,text_pca256_lexical_w005
82116,62,minibatch_k64,text_pca256_lexical_w005
82117,0,minibatch_k64,text_pca256_lexical_w005
82118,8,minibatch_k64,text_pca256_lexical_w005
82119,10,minibatch_k64,text_pca256_lexical_w005
82120,23,minibatch_k64,text_pca256_lexical_w005
82121,62,minibatch_k64,text_pca256_lexical_w005
82122,62,minibatch_k64,text_pca256_lexical_w005
82123,8,minibatch_k64,text_pca256_lexical_w005
82124,62,minibatch_k64,text_pca256_lexical_w005
82125,0,minibatch_k64,text_pca256_lexical_w005
82126,62,minibatch_k64,text_pca256_lexical_w005
82127,23,minibatch_k64,text_pca256_lexical_w005
82128,62,minibatch_k64,text_pca256_lexical_w005
82129,8,minibatch_k64,text_pca256_lexical_w005
82130,2,minibatch_k64,text_pca256_lexical_w005
82131,62,minibatch_k64,text_pca256_lexical_w005
82132,33,minibatch_k64,text_pca256_lexical_w005
82133,2,minibatch_k64,text_pca256_lexical_w005
82134,15,minibatch_k64,text_pca256_lexical_w005
82135,62,minibatch_k64,text_pca256_lexical_w005
82136,20,minibatch_k64,text_pca256_lexical_w005
82137,0,minibatch_k64,text_pca256_lexical_w005
82138,62,minibatch_k64,text_pca256_lexical_w005
82139,47,minibatch_k64,text_pca256_lexical_w005
82140,18,minibatch_k64,text_pca256_lexical_w005
82141,45,minibatch_k64,text_pca256_lexical_w005
82142,38,minibatch_k64,text_pca256_lexical_w005
82143,36,minibatch_k64,text_pca256_lexical_w005
82144,55,minibatch_k64,text_pca256_lexical_w005
82145,54,minibatch_k64,text_pca256_lexical_w005
82146,8,minibatch_k64,text_pca256_lexical_w005
82147,59,minibatch_k64,text_pca256_lexical_w005
82148,59,minibatch_k64,text_pca256_lexical_w005
82149,0,minibatch_k64,text_pca256_lexical_w005
82150,62,minibatch_k64,text_pca256_lexical_w005
82151,59,minibatch_k64,text_pca256_lexical_w005
82152,62,minibatch_k64,text_pca256_lexical_w005
82153,62,minibatch_k64,text_pca256_lexical_w005
82154,0,minibatch_k64,text_pca256_lexical_w005
82155,53,minibatch_k64,text_pca256_lexical_w005
82156,18,minibatch_k64,text_pca256_lexical_w005
82157,62,minibatch_k64,text_pca256_lexical_w005
82158,23,minibatch_k64,text_pca256_lexical_w005
82159,45,minibatch_k64,text_pca256_lexical_w005
82160,38,minibatch_k64,text_pca256_lexical_w005
82161,45,minibatch_k64,text_pca256_lexical_w005
82162,55,minibatch_k64,text_pca256_lexical_w005
82163,0,minibatch_k64,text_pca256_lexical_w005
82164,54,minibatch_k64,text_pca256_lexical_w005
82165,8,minibatch_k64,text_pca256_lexical_w005
82166,8,minibatch_k64,text_pca256_lexical_w005
82167,59,minibatch_k64,text_pca256_lexical_w005
82168,59,minibatch_k64,text_pca256_lexical_w005
82169,59,minibatch_k64,text_pca256_lexical_w005
82170,42,minibatch_k64,text_pca256_lexical_w005
82171,23,minibatch_k64,text_pca256_lexical_w005
82172,38,minibatch_k64,text_pca256_lexical_w005
82173,45,minibatch_k64,text_pca256_lexical_w005
82174,60,minibatch_k64,text_pca256_lexical_w005
82175,45,minibatch_k64,text_pca256_lexical_w005
82176,0,minibatch_k64,text_pca256_lexical_w005
82177,15,minibatch_k64,text_pca256_lexical_w005
82178,62,minibatch_k64,text_pca256_lexical_w005
82179,0,minibatch_k64,text_pca256_lexical_w005
82180,45,minibatch_k64,text_pca256_lexical_w005
82181,62,minibatch_k64,text_pca256_lexical_w005
82182,59,minibatch_k64,text_pca256_lexical_w005
82183,45,minibatch_k64,text_pca256_lexical_w005
82184,27,minibatch_k64,text_pca256_lexical_w005
82185,0,minibatch_k64,text_pca256_lexical_w005
82186,45,minibatch_k64,text_pca256_lexical_w005
82187,45,minibatch_k64,text_pca256_lexical_w005
82188,23,minibatch_k64,text_pca256_lexical_w005
82189,4,minibatch_k64,text_pca256_lexical_w005
82190,45,minibatch_k64,text_pca256_lexical_w005
82191,0,minibatch_k64,text_pca256_lexical_w005
82192,45,minibatch_k64,text_pca256_lexical_w005
82193,23,minibatch_k64,text_pca256_lexical_w005
82194,45,minibatch_k64,text_pca256_lexical_w005
82195,45,minibatch_k64,text_pca256_lexical_w005
82196,18,minibatch_k64,text_pca256_lexical_w005
82197,45,minibatch_k64,text_pca256_lexical_w005
82198,45,minibatch_k64,text_pca256_lexical_w005
82199,45,minibatch_k64,text_pca256_lexical_w005
82200,45,minibatch_k64,text_pca256_lexical_w005
82201,45,minibatch_k64,text_pca256_lexical_w005
82202,23,minibatch_k64,text_pca256_lexical_w005
82203,0,minibatch_k64,text_pca256_lexical_w005
82204,27,minibatch_k64,text_pca256_lexical_w005
82205,45,minibatch_k64,text_pca256_lexical_w005
82206,45,minibatch_k64,text_pca256_lexical_w005
82207,45,minibatch_k64,text_pca256_lexical_w005
82208,30,minibatch_k64,text_pca256_lexical_w005
82209,45,minibatch_k64,text_pca256_lexical_w005
82210,45,minibatch_k64,text_pca256_lexical_w005
82211,45,minibatch_k64,text_pca256_lexical_w005
82212,0,minibatch_k64,text_pca256_lexical_w005
82213,18,minibatch_k64,text_pca256_lexical_w005
82214,18,minibatch_k64,text_pca256_lexical_w005
82215,62,minibatch_k64,text_pca256_lexical_w005
82216,45,minibatch_k64,text_pca256_lexical_w005
82217,45,minibatch_k64,text_pca256_lexical_w005
82218,0,minibatch_k64,text_pca256_lexical_w005
82219,45,minibatch_k64,text_pca256_lexical_w005
82220,45,minibatch_k64,text_pca256_lexical_w005
82221,18,minibatch_k64,text_pca256_lexical_w005
82222,10,minibatch_k64,text_pca256_lexical_w005
82223,8,minibatch_k64,text_pca256_lexical_w005
82224,0,minibatch_k64,text_pca256_lexical_w005
82225,10,minibatch_k64,text_pca256_lexical_w005
82226,45,minibatch_k64,text_pca256_lexical_w005
82227,59,minibatch_k64,text_pca256_lexical_w005
82228,45,minibatch_k64,text_pca256_lexical_w005
82229,23,minibatch_k64,text_pca256_lexical_w005
82230,45,minibatch_k64,text_pca256_lexical_w005
82231,2,minibatch_k64,text_pca256_lexical_w005
82232,27,minibatch_k64,text_pca256_lexical_w005
82233,45,minibatch_k64,text_pca256_lexical_w005
82234,18,minibatch_k64,text_pca256_lexical_w005
82235,18,minibatch_k64,text_pca256_lexical_w005
82236,59,minibatch_k64,text_pca256_lexical_w005
82237,45,minibatch_k64,text_pca256_lexical_w005
82238,27,minibatch_k64,text_pca256_lexical_w005
82239,8,minibatch_k64,text_pca256_lexical_w005
82240,59,minibatch_k64,text_pca256_lexical_w005
82241,18,minibatch_k64,text_pca256_lexical_w005
82242,2,minibatch_k64,text_pca256_lexical_w005
82243,45,minibatch_k64,text_pca256_lexical_w005
82244,59,minibatch_k64,text_pca256_lexical_w005
82245,59,minibatch_k64,text_pca256_lexical_w005
82246,45,minibatch_k64,text_pca256_lexical_w005
82247,59,minibatch_k64,text_pca256_lexical_w005
82248,59,minibatch_k64,text_pca256_lexical_w005
82249,45,minibatch_k64,text_pca256_lexical_w005
82250,45,minibatch_k64,text_pca256_lexical_w005
82251,59,minibatch_k64,text_pca256_lexical_w005
82252,59,minibatch_k64,text_pca256_lexical_w005
82253,59,minibatch_k64,text_pca256_lexical_w005
82254,0,minibatch_k64,text_pca256_lexical_w005
82255,59,minibatch_k64,text_pca256_lexical_w005
82256,59,minibatch_k64,text_pca256_lexical_w005
82257,59,minibatch_k64,text_pca256_lexical_w005
82258,59,minibatch_k64,text_pca256_lexical_w005
82259,45,minibatch_k64,text_pca256_lexical_w005
82260,59,minibatch_k64,text_pca256_lexical_w005
82261,45,minibatch_k64,text_pca256_lexical_w005
82262,59,minibatch_k64,text_pca256_lexical_w005
82263,59,minibatch_k64,text_pca256_lexical_w005
82264,59,minibatch_k64,text_pca256_lexical_w005
82265,59,minibatch_k64,text_pca256_lexical_w005
82266,59,minibatch_k64,text_pca256_lexical_w005
82267,59,minibatch_k64,text_pca256_lexical_w005
82268,10,minibatch_k64,text_pca256_lexical_w005
82269,59,minibatch_k64,text_pca256_lexical_w005
82270,62,minibatch_k64,text_pca256_lexical_w005
82271,62,minibatch_k64,text_pca256_lexical_w005
82272,62,minibatch_k64,text_pca256_lexical_w005
82273,6,minibatch_k64,text_pca256_lexical_w005
82274,0,minibatch_k64,text_pca256_lexical_w005
82275,45,minibatch_k64,text_pca256_lexical_w005
82276,45,minibatch_k64,text_pca256_lexical_w005
82277,10,minibatch_k64,text_pca256_lexical_w005
82278,62,minibatch_k64,text_pca256_lexical_w005
82279,62,minibatch_k64,text_pca256_lexical_w005
82280,62,minibatch_k64,text_pca256_lexical_w005
82281,59,minibatch_k64,text_pca256_lexical_w005
82282,6,minibatch_k64,text_pca256_lexical_w005
82283,62,minibatch_k64,text_pca256_lexical_w005
82284,0,minibatch_k64,text_pca256_lexical_w005
82285,59,minibatch_k64,text_pca256_lexical_w005
82286,59,minibatch_k64,text_pca256_lexical_w005
82287,45,minibatch_k64,text_pca256_lexical_w005
82288,53,minibatch_k64,text_pca256_lexical_w005
82289,10,minibatch_k64,text_pca256_lexical_w005
82290,45,minibatch_k64,text_pca256_lexical_w005
82291,34,minibatch_k64,text_pca256_lexical_w005
82292,62,minibatch_k64,text_pca256_lexical_w005
82293,39,minibatch_k64,text_pca256_lexical_w005
82294,59,minibatch_k64,text_pca256_lexical_w005
82295,45,minibatch_k64,text_pca256_lexical_w005
82296,59,minibatch_k64,text_pca256_lexical_w005
82297,45,minibatch_k64,text_pca256_lexical_w005
82298,41,minibatch_k64,text_pca256_lexical_w005
82299,59,minibatch_k64,text_pca256_lexical_w005
82300,59,minibatch_k64,text_pca256_lexical_w005
82301,23,minibatch_k64,text_pca256_lexical_w005
82302,39,minibatch_k64,text_pca256_lexical_w005
82303,41,minibatch_k64,text_pca256_lexical_w005
82304,45,minibatch_k64,text_pca256_lexical_w005
82305,41,minibatch_k64,text_pca256_lexical_w005
82306,41,minibatch_k64,text_pca256_lexical_w005
82307,41,minibatch_k64,text_pca256_lexical_w005
82308,41,minibatch_k64,text_pca256_lexical_w005
82309,45,minibatch_k64,text_pca256_lexical_w005
82310,45,minibatch_k64,text_pca256_lexical_w005
82311,42,minibatch_k64,text_pca256_lexical_w005
82312,62,minibatch_k64,text_pca256_lexical_w005
82313,5,minibatch_k64,text_pca256_lexical_w005
82314,23,minibatch_k64,text_pca256_lexical_w005
82315,15,minibatch_k64,text_pca256_lexical_w005
82316,15,minibatch_k64,text_pca256_lexical_w005
82317,38,minibatch_k64,text_pca256_lexical_w005
82318,23,minibatch_k64,text_pca256_lexical_w005
82319,55,minibatch_k64,text_pca256_lexical_w005
82320,25,minibatch_k64,text_pca256_lexical_w005
82321,62,minibatch_k64,text_pca256_lexical_w005
82322,62,minibatch_k64,text_pca256_lexical_w005
82323,62,minibatch_k64,text_pca256_lexical_w005
82324,23,minibatch_k64,text_pca256_lexical_w005
82325,58,minibatch_k64,text_pca256_lexical_w005
82326,23,minibatch_k64,text_pca256_lexical_w005
82327,55,minibatch_k64,text_pca256_lexical_w005
82328,25,minibatch_k64,text_pca256_lexical_w005
82329,4,minibatch_k64,text_pca256_lexical_w005
82330,33,minibatch_k64,text_pca256_lexical_w005
82331,58,minibatch_k64,text_pca256_lexical_w005
82332,45,minibatch_k64,text_pca256_lexical_w005
82333,45,minibatch_k64,text_pca256_lexical_w005
82334,55,minibatch_k64,text_pca256_lexical_w005
82335,25,minibatch_k64,text_pca256_lexical_w005
82336,0,minibatch_k64,text_pca256_lexical_w005
82337,5,minibatch_k64,text_pca256_lexical_w005
82338,58,minibatch_k64,text_pca256_lexical_w005
82339,55,minibatch_k64,text_pca256_lexical_w005
82340,25,minibatch_k64,text_pca256_lexical_w005
82341,0,minibatch_k64,text_pca256_lexical_w005
82342,38,minibatch_k64,text_pca256_lexical_w005
82343,55,minibatch_k64,text_pca256_lexical_w005
82344,0,minibatch_k64,text_pca256_lexical_w005
82345,25,minibatch_k64,text_pca256_lexical_w005
82346,5,minibatch_k64,text_pca256_lexical_w005
82347,21,minibatch_k64,text_pca256_lexical_w005
82348,33,minibatch_k64,text_pca256_lexical_w005
82349,12,minibatch_k64,text_pca256_lexical_w005
82350,40,minibatch_k64,text_pca256_lexical_w005
82351,12,minibatch_k64,text_pca256_lexical_w005
82352,45,minibatch_k64,text_pca256_lexical_w005
82353,38,minibatch_k64,text_pca256_lexical_w005
82354,55,minibatch_k64,text_pca256_lexical_w005
82355,53,minibatch_k64,text_pca256_lexical_w005
82356,25,minibatch_k64,text_pca256_lexical_w005
82357,21,minibatch_k64,text_pca256_lexical_w005
82358,62,minibatch_k64,text_pca256_lexical_w005
82359,23,minibatch_k64,text_pca256_lexical_w005
82360,62,minibatch_k64,text_pca256_lexical_w005
82361,62,minibatch_k64,text_pca256_lexical_w005
82362,21,minibatch_k64,text_pca256_lexical_w005
82363,40,minibatch_k64,text_pca256_lexical_w005
82364,45,minibatch_k64,text_pca256_lexical_w005
82365,58,minibatch_k64,text_pca256_lexical_w005
82366,55,minibatch_k64,text_pca256_lexical_w005
82367,25,minibatch_k64,text_pca256_lexical_w005
82368,58,minibatch_k64,text_pca256_lexical_w005
82369,55,minibatch_k64,text_pca256_lexical_w005
82370,25,minibatch_k64,text_pca256_lexical_w005
82371,23,minibatch_k64,text_pca256_lexical_w005
82372,15,minibatch_k64,text_pca256_lexical_w005
82373,38,minibatch_k64,text_pca256_lexical_w005
82374,55,minibatch_k64,text_pca256_lexical_w005
82375,23,minibatch_k64,text_pca256_lexical_w005
82376,18,minibatch_k64,text_pca256_lexical_w005
82377,18,minibatch_k64,text_pca256_lexical_w005
82378,2,minibatch_k64,text_pca256_lexical_w005
82379,23,minibatch_k64,text_pca256_lexical_w005
82380,62,minibatch_k64,text_pca256_lexical_w005
82381,38,minibatch_k64,text_pca256_lexical_w005
82382,25,minibatch_k64,text_pca256_lexical_w005
82383,5,minibatch_k64,text_pca256_lexical_w005
82384,38,minibatch_k64,text_pca256_lexical_w005
82385,55,minibatch_k64,text_pca256_lexical_w005
82386,25,minibatch_k64,text_pca256_lexical_w005
82387,40,minibatch_k64,text_pca256_lexical_w005
82388,25,minibatch_k64,text_pca256_lexical_w005
82389,23,minibatch_k64,text_pca256_lexical_w005
82390,38,minibatch_k64,text_pca256_lexical_w005
82391,23,minibatch_k64,text_pca256_lexical_w005
82392,23,minibatch_k64,text_pca256_lexical_w005
82393,25,minibatch_k64,text_pca256_lexical_w005
82394,38,minibatch_k64,text_pca256_lexical_w005
82395,55,minibatch_k64,text_pca256_lexical_w005
82396,25,minibatch_k64,text_pca256_lexical_w005
82397,8,minibatch_k64,text_pca256_lexical_w005
82398,38,minibatch_k64,text_pca256_lexical_w005
82399,55,minibatch_k64,text_pca256_lexical_w005
82400,45,minibatch_k64,text_pca256_lexical_w005
82401,18,minibatch_k64,text_pca256_lexical_w005
82402,45,minibatch_k64,text_pca256_lexical_w005
82403,18,minibatch_k64,text_pca256_lexical_w005
82404,15,minibatch_k64,text_pca256_lexical_w005
82405,47,minibatch_k64,text_pca256_lexical_w005
82406,21,minibatch_k64,text_pca256_lexical_w005
82407,47,minibatch_k64,text_pca256_lexical_w005
82408,47,minibatch_k64,text_pca256_lexical_w005
82409,23,minibatch_k64,text_pca256_lexical_w005
82410,25,minibatch_k64,text_pca256_lexical_w005
82411,38,minibatch_k64,text_pca256_lexical_w005
82412,23,minibatch_k64,text_pca256_lexical_w005
82413,25,minibatch_k64,text_pca256_lexical_w005
82414,38,minibatch_k64,text_pca256_lexical_w005
82415,55,minibatch_k64,text_pca256_lexical_w005
82416,25,minibatch_k64,text_pca256_lexical_w005
82417,33,minibatch_k64,text_pca256_lexical_w005
82418,18,minibatch_k64,text_pca256_lexical_w005
82419,17,minibatch_k64,text_pca256_lexical_w005
82420,17,minibatch_k64,text_pca256_lexical_w005
82421,17,minibatch_k64,text_pca256_lexical_w005
82422,18,minibatch_k64,text_pca256_lexical_w005
82423,18,minibatch_k64,text_pca256_lexical_w005
82424,45,minibatch_k64,text_pca256_lexical_w005
82425,45,minibatch_k64,text_pca256_lexical_w005
82426,27,minibatch_k64,text_pca256_lexical_w005
82427,18,minibatch_k64,text_pca256_lexical_w005
82428,18,minibatch_k64,text_pca256_lexical_w005
82429,34,minibatch_k64,text_pca256_lexical_w005
82430,45,minibatch_k64,text_pca256_lexical_w005
82431,34,minibatch_k64,text_pca256_lexical_w005
82432,18,minibatch_k64,text_pca256_lexical_w005
82433,34,minibatch_k64,text_pca256_lexical_w005
82434,53,minibatch_k64,text_pca256_lexical_w005
82435,0,minibatch_k64,text_pca256_lexical_w005
82436,34,minibatch_k64,text_pca256_lexical_w005
82437,62,minibatch_k64,text_pca256_lexical_w005
82438,0,minibatch_k64,text_pca256_lexical_w005
82439,18,minibatch_k64,text_pca256_lexical_w005
82440,33,minibatch_k64,text_pca256_lexical_w005
82441,6,minibatch_k64,text_pca256_lexical_w005
82442,39,minibatch_k64,text_pca256_lexical_w005
82443,10,minibatch_k64,text_pca256_lexical_w005
82444,6,minibatch_k64,text_pca256_lexical_w005
82445,10,minibatch_k64,text_pca256_lexical_w005
82446,62,minibatch_k64,text_pca256_lexical_w005
82447,10,minibatch_k64,text_pca256_lexical_w005
82448,62,minibatch_k64,text_pca256_lexical_w005
82449,6,minibatch_k64,text_pca256_lexical_w005
82450,62,minibatch_k64,text_pca256_lexical_w005
82451,62,minibatch_k64,text_pca256_lexical_w005
82452,62,minibatch_k64,text_pca256_lexical_w005
82453,62,minibatch_k64,text_pca256_lexical_w005
82454,62,minibatch_k64,text_pca256_lexical_w005
82455,62,minibatch_k64,text_pca256_lexical_w005
82456,62,minibatch_k64,text_pca256_lexical_w005
82457,62,minibatch_k64,text_pca256_lexical_w005
82458,62,minibatch_k64,text_pca256_lexical_w005
82459,62,minibatch_k64,text_pca256_lexical_w005
82460,6,minibatch_k64,text_pca256_lexical_w005
82461,42,minibatch_k64,text_pca256_lexical_w005
82462,8,minibatch_k64,text_pca256_lexical_w005
82463,8,minibatch_k64,text_pca256_lexical_w005
82464,0,minibatch_k64,text_pca256_lexical_w005
82465,5,minibatch_k64,text_pca256_lexical_w005
82466,0,minibatch_k64,text_pca256_lexical_w005
82467,8,minibatch_k64,text_pca256_lexical_w005
82468,8,minibatch_k64,text_pca256_lexical_w005
82469,5,minibatch_k64,text_pca256_lexical_w005
82470,5,minibatch_k64,text_pca256_lexical_w005
82471,46,minibatch_k64,text_pca256_lexical_w005
82472,5,minibatch_k64,text_pca256_lexical_w005
82473,5,minibatch_k64,text_pca256_lexical_w005
82474,5,minibatch_k64,text_pca256_lexical_w005
82475,5,minibatch_k64,text_pca256_lexical_w005
82476,5,minibatch_k64,text_pca256_lexical_w005
82477,5,minibatch_k64,text_pca256_lexical_w005
82478,5,minibatch_k64,text_pca256_lexical_w005
82479,46,minibatch_k64,text_pca256_lexical_w005
82480,46,minibatch_k64,text_pca256_lexical_w005
82481,0,minibatch_k64,text_pca256_lexical_w005
82482,5,minibatch_k64,text_pca256_lexical_w005
82483,42,minibatch_k64,text_pca256_lexical_w005
82484,5,minibatch_k64,text_pca256_lexical_w005
82485,5,minibatch_k64,text_pca256_lexical_w005
82486,5,minibatch_k64,text_pca256_lexical_w005
82487,5,minibatch_k64,text_pca256_lexical_w005
82488,5,minibatch_k64,text_pca256_lexical_w005
82489,5,minibatch_k64,text_pca256_lexical_w005
82490,5,minibatch_k64,text_pca256_lexical_w005
82491,5,minibatch_k64,text_pca256_lexical_w005
82492,5,minibatch_k64,text_pca256_lexical_w005
82493,5,minibatch_k64,text_pca256_lexical_w005
82494,23,minibatch_k64,text_pca256_lexical_w005
82495,23,minibatch_k64,text_pca256_lexical_w005
82496,59,minibatch_k64,text_pca256_lexical_w005
82497,45,minibatch_k64,text_pca256_lexical_w005
82498,5,minibatch_k64,text_pca256_lexical_w005
82499,5,minibatch_k64,text_pca256_lexical_w005
82500,45,minibatch_k64,text_pca256_lexical_w005
82501,5,minibatch_k64,text_pca256_lexical_w005
82502,56,minibatch_k64,text_pca256_lexical_w005
82503,5,minibatch_k64,text_pca256_lexical_w005
82504,5,minibatch_k64,text_pca256_lexical_w005
82505,5,minibatch_k64,text_pca256_lexical_w005
82506,42,minibatch_k64,text_pca256_lexical_w005
82507,5,minibatch_k64,text_pca256_lexical_w005
82508,15,minibatch_k64,text_pca256_lexical_w005
82509,15,minibatch_k64,text_pca256_lexical_w005
82510,5,minibatch_k64,text_pca256_lexical_w005
82511,5,minibatch_k64,text_pca256_lexical_w005
82512,5,minibatch_k64,text_pca256_lexical_w005
82513,42,minibatch_k64,text_pca256_lexical_w005
82514,5,minibatch_k64,text_pca256_lexical_w005
82515,5,minibatch_k64,text_pca256_lexical_w005
82516,42,minibatch_k64,text_pca256_lexical_w005
82517,59,minibatch_k64,text_pca256_lexical_w005
82518,33,minibatch_k64,text_pca256_lexical_w005
82519,42,minibatch_k64,text_pca256_lexical_w005
82520,0,minibatch_k64,text_pca256_lexical_w005
82521,56,minibatch_k64,text_pca256_lexical_w005
82522,0,minibatch_k64,text_pca256_lexical_w005
82523,62,minibatch_k64,text_pca256_lexical_w005
82524,0,minibatch_k64,text_pca256_lexical_w005
82525,23,minibatch_k64,text_pca256_lexical_w005
82526,0,minibatch_k64,text_pca256_lexical_w005
82527,62,minibatch_k64,text_pca256_lexical_w005
82528,15,minibatch_k64,text_pca256_lexical_w005
82529,0,minibatch_k64,text_pca256_lexical_w005
82530,62,minibatch_k64,text_pca256_lexical_w005
82531,0,minibatch_k64,text_pca256_lexical_w005
82532,0,minibatch_k64,text_pca256_lexical_w005
82533,0,minibatch_k64,text_pca256_lexical_w005
82534,39,minibatch_k64,text_pca256_lexical_w005
82535,0,minibatch_k64,text_pca256_lexical_w005
82536,15,minibatch_k64,text_pca256_lexical_w005
82537,33,minibatch_k64,text_pca256_lexical_w005
82538,62,minibatch_k64,text_pca256_lexical_w005
82539,0,minibatch_k64,text_pca256_lexical_w005
82540,59,minibatch_k64,text_pca256_lexical_w005
82541,42,minibatch_k64,text_pca256_lexical_w005
82542,59,minibatch_k64,text_pca256_lexical_w005
82543,0,minibatch_k64,text_pca256_lexical_w005
82544,56,minibatch_k64,text_pca256_lexical_w005
82545,45,minibatch_k64,text_pca256_lexical_w005
82546,23,minibatch_k64,text_pca256_lexical_w005
82547,5,minibatch_k64,text_pca256_lexical_w005
82548,45,minibatch_k64,text_pca256_lexical_w005
82549,45,minibatch_k64,text_pca256_lexical_w005
82550,10,minibatch_k64,text_pca256_lexical_w005
82551,56,minibatch_k64,text_pca256_lexical_w005
82552,8,minibatch_k64,text_pca256_lexical_w005
82553,45,minibatch_k64,text_pca256_lexical_w005
82554,56,minibatch_k64,text_pca256_lexical_w005
82555,56,minibatch_k64,text_pca256_lexical_w005
82556,56,minibatch_k64,text_pca256_lexical_w005
82557,46,minibatch_k64,text_pca256_lexical_w005
82558,5,minibatch_k64,text_pca256_lexical_w005
82559,5,minibatch_k64,text_pca256_lexical_w005
82560,46,minibatch_k64,text_pca256_lexical_w005
82561,5,minibatch_k64,text_pca256_lexical_w005
82562,8,minibatch_k64,text_pca256_lexical_w005
82563,0,minibatch_k64,text_pca256_lexical_w005
82564,5,minibatch_k64,text_pca256_lexical_w005
82565,5,minibatch_k64,text_pca256_lexical_w005
82566,42,minibatch_k64,text_pca256_lexical_w005
82567,5,minibatch_k64,text_pca256_lexical_w005
82568,5,minibatch_k64,text_pca256_lexical_w005
82569,46,minibatch_k64,text_pca256_lexical_w005
82570,5,minibatch_k64,text_pca256_lexical_w005
82571,5,minibatch_k64,text_pca256_lexical_w005
82572,46,minibatch_k64,text_pca256_lexical_w005
82573,5,minibatch_k64,text_pca256_lexical_w005
82574,46,minibatch_k64,text_pca256_lexical_w005
82575,5,minibatch_k64,text_pca256_lexical_w005
82576,56,minibatch_k64,text_pca256_lexical_w005
82577,62,minibatch_k64,text_pca256_lexical_w005
82578,46,minibatch_k64,text_pca256_lexical_w005
82579,42,minibatch_k64,text_pca256_lexical_w005
82580,5,minibatch_k64,text_pca256_lexical_w005
82581,33,minibatch_k64,text_pca256_lexical_w005
82582,5,minibatch_k64,text_pca256_lexical_w005
82583,33,minibatch_k64,text_pca256_lexical_w005
82584,62,minibatch_k64,text_pca256_lexical_w005
82585,5,minibatch_k64,text_pca256_lexical_w005
82586,5,minibatch_k64,text_pca256_lexical_w005
82587,5,minibatch_k64,text_pca256_lexical_w005
82588,62,minibatch_k64,text_pca256_lexical_w005
82589,42,minibatch_k64,text_pca256_lexical_w005
82590,56,minibatch_k64,text_pca256_lexical_w005
82591,33,minibatch_k64,text_pca256_lexical_w005
82592,5,minibatch_k64,text_pca256_lexical_w005
82593,46,minibatch_k64,text_pca256_lexical_w005
82594,5,minibatch_k64,text_pca256_lexical_w005
82595,5,minibatch_k64,text_pca256_lexical_w005
82596,5,minibatch_k64,text_pca256_lexical_w005
82597,5,minibatch_k64,text_pca256_lexical_w005
82598,62,minibatch_k64,text_pca256_lexical_w005
82599,62,minibatch_k64,text_pca256_lexical_w005
82600,42,minibatch_k64,text_pca256_lexical_w005
82601,56,minibatch_k64,text_pca256_lexical_w005
82602,62,minibatch_k64,text_pca256_lexical_w005
82603,62,minibatch_k64,text_pca256_lexical_w005
82604,8,minibatch_k64,text_pca256_lexical_w005
82605,56,minibatch_k64,text_pca256_lexical_w005
82606,52,minibatch_k64,text_pca256_lexical_w005
82607,8,minibatch_k64,text_pca256_lexical_w005
82608,25,minibatch_k64,text_pca256_lexical_w005
82609,59,minibatch_k64,text_pca256_lexical_w005
82610,56,minibatch_k64,text_pca256_lexical_w005
82611,56,minibatch_k64,text_pca256_lexical_w005
82612,15,minibatch_k64,text_pca256_lexical_w005
82613,15,minibatch_k64,text_pca256_lexical_w005
82614,39,minibatch_k64,text_pca256_lexical_w005
82615,56,minibatch_k64,text_pca256_lexical_w005
82616,56,minibatch_k64,text_pca256_lexical_w005
82617,0,minibatch_k64,text_pca256_lexical_w005
82618,56,minibatch_k64,text_pca256_lexical_w005
82619,42,minibatch_k64,text_pca256_lexical_w005
82620,39,minibatch_k64,text_pca256_lexical_w005
82621,56,minibatch_k64,text_pca256_lexical_w005
82622,56,minibatch_k64,text_pca256_lexical_w005
82623,56,minibatch_k64,text_pca256_lexical_w005
82624,5,minibatch_k64,text_pca256_lexical_w005
82625,39,minibatch_k64,text_pca256_lexical_w005
82626,5,minibatch_k64,text_pca256_lexical_w005
82627,14,minibatch_k64,text_pca256_lexical_w005
82628,5,minibatch_k64,text_pca256_lexical_w005
82629,5,minibatch_k64,text_pca256_lexical_w005
82630,56,minibatch_k64,text_pca256_lexical_w005
82631,42,minibatch_k64,text_pca256_lexical_w005
82632,42,minibatch_k64,text_pca256_lexical_w005
82633,5,minibatch_k64,text_pca256_lexical_w005
82634,5,minibatch_k64,text_pca256_lexical_w005
82635,56,minibatch_k64,text_pca256_lexical_w005
82636,5,minibatch_k64,text_pca256_lexical_w005
82637,5,minibatch_k64,text_pca256_lexical_w005
82638,5,minibatch_k64,text_pca256_lexical_w005
82639,14,minibatch_k64,text_pca256_lexical_w005
82640,33,minibatch_k64,text_pca256_lexical_w005
82641,42,minibatch_k64,text_pca256_lexical_w005
82642,33,minibatch_k64,text_pca256_lexical_w005
82643,0,minibatch_k64,text_pca256_lexical_w005
82644,38,minibatch_k64,text_pca256_lexical_w005
82645,23,minibatch_k64,text_pca256_lexical_w005
82646,58,minibatch_k64,text_pca256_lexical_w005
82647,23,minibatch_k64,text_pca256_lexical_w005
82648,8,minibatch_k64,text_pca256_lexical_w005
82649,55,minibatch_k64,text_pca256_lexical_w005
82650,56,minibatch_k64,text_pca256_lexical_w005
82651,23,minibatch_k64,text_pca256_lexical_w005
82652,23,minibatch_k64,text_pca256_lexical_w005
82653,62,minibatch_k64,text_pca256_lexical_w005
82654,4,minibatch_k64,text_pca256_lexical_w005
82655,56,minibatch_k64,text_pca256_lexical_w005
82656,56,minibatch_k64,text_pca256_lexical_w005
82657,5,minibatch_k64,text_pca256_lexical_w005
82658,46,minibatch_k64,text_pca256_lexical_w005
82659,62,minibatch_k64,text_pca256_lexical_w005
82660,62,minibatch_k64,text_pca256_lexical_w005
82661,56,minibatch_k64,text_pca256_lexical_w005
82662,5,minibatch_k64,text_pca256_lexical_w005
82663,0,minibatch_k64,text_pca256_lexical_w005
82664,5,minibatch_k64,text_pca256_lexical_w005
82665,5,minibatch_k64,text_pca256_lexical_w005
82666,62,minibatch_k64,text_pca256_lexical_w005
82667,46,minibatch_k64,text_pca256_lexical_w005
82668,56,minibatch_k64,text_pca256_lexical_w005
82669,56,minibatch_k64,text_pca256_lexical_w005
82670,5,minibatch_k64,text_pca256_lexical_w005
82671,10,minibatch_k64,text_pca256_lexical_w005
82672,33,minibatch_k64,text_pca256_lexical_w005
82673,56,minibatch_k64,text_pca256_lexical_w005
82674,4,minibatch_k64,text_pca256_lexical_w005
82675,18,minibatch_k64,text_pca256_lexical_w005
82676,52,minibatch_k64,text_pca256_lexical_w005
82677,0,minibatch_k64,text_pca256_lexical_w005
82678,62,minibatch_k64,text_pca256_lexical_w005
82679,62,minibatch_k64,text_pca256_lexical_w005
82680,10,minibatch_k64,text_pca256_lexical_w005
82681,5,minibatch_k64,text_pca256_lexical_w005
82682,59,minibatch_k64,text_pca256_lexical_w005
82683,56,minibatch_k64,text_pca256_lexical_w005
82684,62,minibatch_k64,text_pca256_lexical_w005
82685,0,minibatch_k64,text_pca256_lexical_w005
82686,59,minibatch_k64,text_pca256_lexical_w005
82687,33,minibatch_k64,text_pca256_lexical_w005
82688,10,minibatch_k64,text_pca256_lexical_w005
82689,10,minibatch_k64,text_pca256_lexical_w005
82690,5,minibatch_k64,text_pca256_lexical_w005
82691,42,minibatch_k64,text_pca256_lexical_w005
82692,21,minibatch_k64,text_pca256_lexical_w005
82693,62,minibatch_k64,text_pca256_lexical_w005
82694,56,minibatch_k64,text_pca256_lexical_w005
82695,33,minibatch_k64,text_pca256_lexical_w005
82696,33,minibatch_k64,text_pca256_lexical_w005
82697,62,minibatch_k64,text_pca256_lexical_w005
82698,0,minibatch_k64,text_pca256_lexical_w005
82699,62,minibatch_k64,text_pca256_lexical_w005
82700,23,minibatch_k64,text_pca256_lexical_w005
82701,42,minibatch_k64,text_pca256_lexical_w005
82702,56,minibatch_k64,text_pca256_lexical_w005
82703,53,minibatch_k64,text_pca256_lexical_w005
82704,0,minibatch_k64,text_pca256_lexical_w005
82705,42,minibatch_k64,text_pca256_lexical_w005
82706,3,minibatch_k64,text_pca256_lexical_w005
82707,56,minibatch_k64,text_pca256_lexical_w005
82708,52,minibatch_k64,text_pca256_lexical_w005
82709,21,minibatch_k64,text_pca256_lexical_w005
82710,62,minibatch_k64,text_pca256_lexical_w005
82711,56,minibatch_k64,text_pca256_lexical_w005
82712,56,minibatch_k64,text_pca256_lexical_w005
82713,33,minibatch_k64,text_pca256_lexical_w005
82714,15,minibatch_k64,text_pca256_lexical_w005
82715,62,minibatch_k64,text_pca256_lexical_w005
82716,33,minibatch_k64,text_pca256_lexical_w005
82717,0,minibatch_k64,text_pca256_lexical_w005
82718,62,minibatch_k64,text_pca256_lexical_w005
82719,42,minibatch_k64,text_pca256_lexical_w005
82720,15,minibatch_k64,text_pca256_lexical_w005
82721,15,minibatch_k64,text_pca256_lexical_w005
82722,56,minibatch_k64,text_pca256_lexical_w005
82723,42,minibatch_k64,text_pca256_lexical_w005
82724,0,minibatch_k64,text_pca256_lexical_w005
82725,5,minibatch_k64,text_pca256_lexical_w005
82726,0,minibatch_k64,text_pca256_lexical_w005
82727,56,minibatch_k64,text_pca256_lexical_w005
82728,8,minibatch_k64,text_pca256_lexical_w005
82729,21,minibatch_k64,text_pca256_lexical_w005
82730,14,minibatch_k64,text_pca256_lexical_w005
82731,5,minibatch_k64,text_pca256_lexical_w005
82732,56,minibatch_k64,text_pca256_lexical_w005
82733,42,minibatch_k64,text_pca256_lexical_w005
82734,8,minibatch_k64,text_pca256_lexical_w005
82735,15,minibatch_k64,text_pca256_lexical_w005
82736,15,minibatch_k64,text_pca256_lexical_w005
82737,46,minibatch_k64,text_pca256_lexical_w005
82738,0,minibatch_k64,text_pca256_lexical_w005
82739,2,minibatch_k64,text_pca256_lexical_w005
82740,5,minibatch_k64,text_pca256_lexical_w005
82741,5,minibatch_k64,text_pca256_lexical_w005
82742,5,minibatch_k64,text_pca256_lexical_w005
82743,5,minibatch_k64,text_pca256_lexical_w005
82744,56,minibatch_k64,text_pca256_lexical_w005
82745,8,minibatch_k64,text_pca256_lexical_w005
82746,62,minibatch_k64,text_pca256_lexical_w005
82747,5,minibatch_k64,text_pca256_lexical_w005
82748,23,minibatch_k64,text_pca256_lexical_w005
82749,56,minibatch_k64,text_pca256_lexical_w005
82750,5,minibatch_k64,text_pca256_lexical_w005
82751,38,minibatch_k64,text_pca256_lexical_w005
82752,58,minibatch_k64,text_pca256_lexical_w005
82753,0,minibatch_k64,text_pca256_lexical_w005
82754,55,minibatch_k64,text_pca256_lexical_w005
82755,56,minibatch_k64,text_pca256_lexical_w005
82756,0,minibatch_k64,text_pca256_lexical_w005
82757,2,minibatch_k64,text_pca256_lexical_w005
82758,2,minibatch_k64,text_pca256_lexical_w005
82759,14,minibatch_k64,text_pca256_lexical_w005
82760,56,minibatch_k64,text_pca256_lexical_w005
82761,23,minibatch_k64,text_pca256_lexical_w005
82762,8,minibatch_k64,text_pca256_lexical_w005
82763,62,minibatch_k64,text_pca256_lexical_w005
82764,29,minibatch_k64,text_pca256_lexical_w005
82765,45,minibatch_k64,text_pca256_lexical_w005
82766,5,minibatch_k64,text_pca256_lexical_w005
82767,33,minibatch_k64,text_pca256_lexical_w005
82768,4,minibatch_k64,text_pca256_lexical_w005
82769,21,minibatch_k64,text_pca256_lexical_w005
82770,56,minibatch_k64,text_pca256_lexical_w005
82771,52,minibatch_k64,text_pca256_lexical_w005
82772,62,minibatch_k64,text_pca256_lexical_w005
82773,5,minibatch_k64,text_pca256_lexical_w005
82774,50,minibatch_k64,text_pca256_lexical_w005
82775,62,minibatch_k64,text_pca256_lexical_w005
82776,62,minibatch_k64,text_pca256_lexical_w005
82777,10,minibatch_k64,text_pca256_lexical_w005
82778,33,minibatch_k64,text_pca256_lexical_w005
82779,56,minibatch_k64,text_pca256_lexical_w005
82780,56,minibatch_k64,text_pca256_lexical_w005
82781,52,minibatch_k64,text_pca256_lexical_w005
82782,8,minibatch_k64,text_pca256_lexical_w005
82783,42,minibatch_k64,text_pca256_lexical_w005
82784,21,minibatch_k64,text_pca256_lexical_w005
82785,42,minibatch_k64,text_pca256_lexical_w005
82786,62,minibatch_k64,text_pca256_lexical_w005
82787,8,minibatch_k64,text_pca256_lexical_w005
82788,5,minibatch_k64,text_pca256_lexical_w005
82789,15,minibatch_k64,text_pca256_lexical_w005
82790,8,minibatch_k64,text_pca256_lexical_w005
82791,0,minibatch_k64,text_pca256_lexical_w005
82792,15,minibatch_k64,text_pca256_lexical_w005
82793,21,minibatch_k64,text_pca256_lexical_w005
82794,0,minibatch_k64,text_pca256_lexical_w005
82795,0,minibatch_k64,text_pca256_lexical_w005
82796,33,minibatch_k64,text_pca256_lexical_w005
82797,62,minibatch_k64,text_pca256_lexical_w005
82798,56,minibatch_k64,text_pca256_lexical_w005
82799,56,minibatch_k64,text_pca256_lexical_w005
82800,56,minibatch_k64,text_pca256_lexical_w005
82801,21,minibatch_k64,text_pca256_lexical_w005
82802,21,minibatch_k64,text_pca256_lexical_w005
82803,56,minibatch_k64,text_pca256_lexical_w005
82804,8,minibatch_k64,text_pca256_lexical_w005
82805,52,minibatch_k64,text_pca256_lexical_w005
82806,33,minibatch_k64,text_pca256_lexical_w005
82807,21,minibatch_k64,text_pca256_lexical_w005
82808,25,minibatch_k64,text_pca256_lexical_w005
82809,59,minibatch_k64,text_pca256_lexical_w005
82810,58,minibatch_k64,text_pca256_lexical_w005
82811,59,minibatch_k64,text_pca256_lexical_w005
82812,23,minibatch_k64,text_pca256_lexical_w005
82813,56,minibatch_k64,text_pca256_lexical_w005
82814,21,minibatch_k64,text_pca256_lexical_w005
82815,50,minibatch_k64,text_pca256_lexical_w005
82816,56,minibatch_k64,text_pca256_lexical_w005
82817,5,minibatch_k64,text_pca256_lexical_w005
82818,39,minibatch_k64,text_pca256_lexical_w005
82819,5,minibatch_k64,text_pca256_lexical_w005
82820,50,minibatch_k64,text_pca256_lexical_w005
82821,14,minibatch_k64,text_pca256_lexical_w005
82822,14,minibatch_k64,text_pca256_lexical_w005
82823,62,minibatch_k64,text_pca256_lexical_w005
82824,5,minibatch_k64,text_pca256_lexical_w005
82825,5,minibatch_k64,text_pca256_lexical_w005
82826,21,minibatch_k64,text_pca256_lexical_w005
82827,62,minibatch_k64,text_pca256_lexical_w005
82828,5,minibatch_k64,text_pca256_lexical_w005
82829,38,minibatch_k64,text_pca256_lexical_w005
82830,45,minibatch_k64,text_pca256_lexical_w005
82831,56,minibatch_k64,text_pca256_lexical_w005
82832,23,minibatch_k64,text_pca256_lexical_w005
82833,55,minibatch_k64,text_pca256_lexical_w005
82834,62,minibatch_k64,text_pca256_lexical_w005
82835,23,minibatch_k64,text_pca256_lexical_w005
82836,22,minibatch_k64,text_pca256_lexical_w005
82837,5,minibatch_k64,text_pca256_lexical_w005
82838,56,minibatch_k64,text_pca256_lexical_w005
82839,56,minibatch_k64,text_pca256_lexical_w005
82840,4,minibatch_k64,text_pca256_lexical_w005
82841,62,minibatch_k64,text_pca256_lexical_w005
82842,39,minibatch_k64,text_pca256_lexical_w005
82843,56,minibatch_k64,text_pca256_lexical_w005
82844,62,minibatch_k64,text_pca256_lexical_w005
82845,5,minibatch_k64,text_pca256_lexical_w005
82846,5,minibatch_k64,text_pca256_lexical_w005
82847,2,minibatch_k64,text_pca256_lexical_w005
82848,5,minibatch_k64,text_pca256_lexical_w005
82849,5,minibatch_k64,text_pca256_lexical_w005
82850,56,minibatch_k64,text_pca256_lexical_w005
82851,46,minibatch_k64,text_pca256_lexical_w005
82852,42,minibatch_k64,text_pca256_lexical_w005
82853,5,minibatch_k64,text_pca256_lexical_w005
82854,56,minibatch_k64,text_pca256_lexical_w005
82855,39,minibatch_k64,text_pca256_lexical_w005
82856,0,minibatch_k64,text_pca256_lexical_w005
82857,62,minibatch_k64,text_pca256_lexical_w005
82858,5,minibatch_k64,text_pca256_lexical_w005
82859,0,minibatch_k64,text_pca256_lexical_w005
82860,5,minibatch_k64,text_pca256_lexical_w005
82861,5,minibatch_k64,text_pca256_lexical_w005
82862,5,minibatch_k64,text_pca256_lexical_w005
82863,5,minibatch_k64,text_pca256_lexical_w005
82864,8,minibatch_k64,text_pca256_lexical_w005
82865,5,minibatch_k64,text_pca256_lexical_w005
82866,0,minibatch_k64,text_pca256_lexical_w005
82867,62,minibatch_k64,text_pca256_lexical_w005
82868,39,minibatch_k64,text_pca256_lexical_w005
82869,42,minibatch_k64,text_pca256_lexical_w005
82870,39,minibatch_k64,text_pca256_lexical_w005
82871,56,minibatch_k64,text_pca256_lexical_w005
82872,8,minibatch_k64,text_pca256_lexical_w005
82873,62,minibatch_k64,text_pca256_lexical_w005
82874,56,minibatch_k64,text_pca256_lexical_w005
82875,56,minibatch_k64,text_pca256_lexical_w005
82876,8,minibatch_k64,text_pca256_lexical_w005
82877,14,minibatch_k64,text_pca256_lexical_w005
82878,25,minibatch_k64,text_pca256_lexical_w005
82879,56,minibatch_k64,text_pca256_lexical_w005
82880,39,minibatch_k64,text_pca256_lexical_w005
82881,0,minibatch_k64,text_pca256_lexical_w005
82882,21,minibatch_k64,text_pca256_lexical_w005
82883,15,minibatch_k64,text_pca256_lexical_w005
82884,15,minibatch_k64,text_pca256_lexical_w005
82885,8,minibatch_k64,text_pca256_lexical_w005
82886,56,minibatch_k64,text_pca256_lexical_w005
82887,62,minibatch_k64,text_pca256_lexical_w005
82888,38,minibatch_k64,text_pca256_lexical_w005
82889,45,minibatch_k64,text_pca256_lexical_w005
82890,55,minibatch_k64,text_pca256_lexical_w005
82891,55,minibatch_k64,text_pca256_lexical_w005
82892,22,minibatch_k64,text_pca256_lexical_w005
82893,4,minibatch_k64,text_pca256_lexical_w005
82894,39,minibatch_k64,text_pca256_lexical_w005
82895,4,minibatch_k64,text_pca256_lexical_w005
82896,45,minibatch_k64,text_pca256_lexical_w005
82897,10,minibatch_k64,text_pca256_lexical_w005
82898,56,minibatch_k64,text_pca256_lexical_w005
82899,0,minibatch_k64,text_pca256_lexical_w005
82900,4,minibatch_k64,text_pca256_lexical_w005
82901,39,minibatch_k64,text_pca256_lexical_w005
82902,4,minibatch_k64,text_pca256_lexical_w005
82903,4,minibatch_k64,text_pca256_lexical_w005
82904,56,minibatch_k64,text_pca256_lexical_w005
82905,0,minibatch_k64,text_pca256_lexical_w005
82906,4,minibatch_k64,text_pca256_lexical_w005
82907,23,minibatch_k64,text_pca256_lexical_w005
82908,8,minibatch_k64,text_pca256_lexical_w005
82909,56,minibatch_k64,text_pca256_lexical_w005
82910,0,minibatch_k64,text_pca256_lexical_w005
82911,4,minibatch_k64,text_pca256_lexical_w005
82912,56,minibatch_k64,text_pca256_lexical_w005
82913,39,minibatch_k64,text_pca256_lexical_w005
82914,45,minibatch_k64,text_pca256_lexical_w005
82915,4,minibatch_k64,text_pca256_lexical_w005
82916,45,minibatch_k64,text_pca256_lexical_w005
82917,56,minibatch_k64,text_pca256_lexical_w005
82918,4,minibatch_k64,text_pca256_lexical_w005
82919,4,minibatch_k64,text_pca256_lexical_w005
82920,4,minibatch_k64,text_pca256_lexical_w005
82921,56,minibatch_k64,text_pca256_lexical_w005
82922,14,minibatch_k64,text_pca256_lexical_w005
82923,62,minibatch_k64,text_pca256_lexical_w005
82924,39,minibatch_k64,text_pca256_lexical_w005
82925,4,minibatch_k64,text_pca256_lexical_w005
82926,53,minibatch_k64,text_pca256_lexical_w005
82927,56,minibatch_k64,text_pca256_lexical_w005
82928,23,minibatch_k64,text_pca256_lexical_w005
82929,4,minibatch_k64,text_pca256_lexical_w005
82930,4,minibatch_k64,text_pca256_lexical_w005
82931,0,minibatch_k64,text_pca256_lexical_w005
82932,59,minibatch_k64,text_pca256_lexical_w005
82933,4,minibatch_k64,text_pca256_lexical_w005
82934,8,minibatch_k64,text_pca256_lexical_w005
82935,4,minibatch_k64,text_pca256_lexical_w005
82936,4,minibatch_k64,text_pca256_lexical_w005
82937,8,minibatch_k64,text_pca256_lexical_w005
82938,59,minibatch_k64,text_pca256_lexical_w005
82939,56,minibatch_k64,text_pca256_lexical_w005
82940,56,minibatch_k64,text_pca256_lexical_w005
82941,0,minibatch_k64,text_pca256_lexical_w005
82942,0,minibatch_k64,text_pca256_lexical_w005
82943,33,minibatch_k64,text_pca256_lexical_w005
82944,39,minibatch_k64,text_pca256_lexical_w005
82945,62,minibatch_k64,text_pca256_lexical_w005
82946,33,minibatch_k64,text_pca256_lexical_w005
82947,56,minibatch_k64,text_pca256_lexical_w005
82948,39,minibatch_k64,text_pca256_lexical_w005
82949,56,minibatch_k64,text_pca256_lexical_w005
82950,56,minibatch_k64,text_pca256_lexical_w005
82951,15,minibatch_k64,text_pca256_lexical_w005
82952,10,minibatch_k64,text_pca256_lexical_w005
82953,42,minibatch_k64,text_pca256_lexical_w005
82954,39,minibatch_k64,text_pca256_lexical_w005
82955,8,minibatch_k64,text_pca256_lexical_w005
82956,33,minibatch_k64,text_pca256_lexical_w005
82957,56,minibatch_k64,text_pca256_lexical_w005
82958,4,minibatch_k64,text_pca256_lexical_w005
82959,62,minibatch_k64,text_pca256_lexical_w005
82960,8,minibatch_k64,text_pca256_lexical_w005
82961,8,minibatch_k64,text_pca256_lexical_w005
82962,0,minibatch_k64,text_pca256_lexical_w005
82963,8,minibatch_k64,text_pca256_lexical_w005
82964,56,minibatch_k64,text_pca256_lexical_w005
82965,15,minibatch_k64,text_pca256_lexical_w005
82966,8,minibatch_k64,text_pca256_lexical_w005
82967,25,minibatch_k64,text_pca256_lexical_w005
82968,0,minibatch_k64,text_pca256_lexical_w005
82969,21,minibatch_k64,text_pca256_lexical_w005
82970,62,minibatch_k64,text_pca256_lexical_w005
82971,62,minibatch_k64,text_pca256_lexical_w005
82972,21,minibatch_k64,text_pca256_lexical_w005
82973,0,minibatch_k64,text_pca256_lexical_w005
82974,62,minibatch_k64,text_pca256_lexical_w005
82975,14,minibatch_k64,text_pca256_lexical_w005
82976,0,minibatch_k64,text_pca256_lexical_w005
82977,5,minibatch_k64,text_pca256_lexical_w005
82978,62,minibatch_k64,text_pca256_lexical_w005
82979,10,minibatch_k64,text_pca256_lexical_w005
82980,62,minibatch_k64,text_pca256_lexical_w005
82981,0,minibatch_k64,text_pca256_lexical_w005
82982,59,minibatch_k64,text_pca256_lexical_w005
82983,56,minibatch_k64,text_pca256_lexical_w005
82984,62,minibatch_k64,text_pca256_lexical_w005
82985,23,minibatch_k64,text_pca256_lexical_w005
82986,56,minibatch_k64,text_pca256_lexical_w005
82987,0,minibatch_k64,text_pca256_lexical_w005
82988,14,minibatch_k64,text_pca256_lexical_w005
82989,21,minibatch_k64,text_pca256_lexical_w005
82990,56,minibatch_k64,text_pca256_lexical_w005
82991,0,minibatch_k64,text_pca256_lexical_w005
82992,0,minibatch_k64,text_pca256_lexical_w005
82993,56,minibatch_k64,text_pca256_lexical_w005
82994,8,minibatch_k64,text_pca256_lexical_w005
82995,53,minibatch_k64,text_pca256_lexical_w005
82996,18,minibatch_k64,text_pca256_lexical_w005
82997,58,minibatch_k64,text_pca256_lexical_w005
82998,58,minibatch_k64,text_pca256_lexical_w005
82999,45,minibatch_k64,text_pca256_lexical_w005
83000,45,minibatch_k64,text_pca256_lexical_w005
83001,45,minibatch_k64,text_pca256_lexical_w005
83002,55,minibatch_k64,text_pca256_lexical_w005
83003,13,minibatch_k64,text_pca256_lexical_w005
83004,8,minibatch_k64,text_pca256_lexical_w005
83005,33,minibatch_k64,text_pca256_lexical_w005
83006,5,minibatch_k64,text_pca256_lexical_w005
83007,8,minibatch_k64,text_pca256_lexical_w005
83008,33,minibatch_k64,text_pca256_lexical_w005
83009,45,minibatch_k64,text_pca256_lexical_w005
83010,56,minibatch_k64,text_pca256_lexical_w005
83011,21,minibatch_k64,text_pca256_lexical_w005
83012,0,minibatch_k64,text_pca256_lexical_w005
83013,33,minibatch_k64,text_pca256_lexical_w005
83014,8,minibatch_k64,text_pca256_lexical_w005
83015,56,minibatch_k64,text_pca256_lexical_w005
83016,0,minibatch_k64,text_pca256_lexical_w005
83017,56,minibatch_k64,text_pca256_lexical_w005
83018,0,minibatch_k64,text_pca256_lexical_w005
83019,8,minibatch_k64,text_pca256_lexical_w005
83020,0,minibatch_k64,text_pca256_lexical_w005
83021,8,minibatch_k64,text_pca256_lexical_w005
83022,21,minibatch_k64,text_pca256_lexical_w005
83023,39,minibatch_k64,text_pca256_lexical_w005
83024,8,minibatch_k64,text_pca256_lexical_w005
83025,56,minibatch_k64,text_pca256_lexical_w005
83026,8,minibatch_k64,text_pca256_lexical_w005
83027,25,minibatch_k64,text_pca256_lexical_w005
83028,14,minibatch_k64,text_pca256_lexical_w005
83029,56,minibatch_k64,text_pca256_lexical_w005
83030,56,minibatch_k64,text_pca256_lexical_w005
83031,0,minibatch_k64,text_pca256_lexical_w005
83032,0,minibatch_k64,text_pca256_lexical_w005
83033,8,minibatch_k64,text_pca256_lexical_w005
83034,21,minibatch_k64,text_pca256_lexical_w005
83035,56,minibatch_k64,text_pca256_lexical_w005
83036,8,minibatch_k64,text_pca256_lexical_w005
83037,0,minibatch_k64,text_pca256_lexical_w005
83038,5,minibatch_k64,text_pca256_lexical_w005
83039,5,minibatch_k64,text_pca256_lexical_w005
83040,48,minibatch_k64,text_pca256_lexical_w005
83041,0,minibatch_k64,text_pca256_lexical_w005
83042,62,minibatch_k64,text_pca256_lexical_w005
83043,33,minibatch_k64,text_pca256_lexical_w005
83044,8,minibatch_k64,text_pca256_lexical_w005
83045,8,minibatch_k64,text_pca256_lexical_w005
83046,62,minibatch_k64,text_pca256_lexical_w005
83047,56,minibatch_k64,text_pca256_lexical_w005
83048,14,minibatch_k64,text_pca256_lexical_w005
83049,61,minibatch_k64,text_pca256_lexical_w005
83050,50,minibatch_k64,text_pca256_lexical_w005
83051,56,minibatch_k64,text_pca256_lexical_w005
83052,56,minibatch_k64,text_pca256_lexical_w005
83053,56,minibatch_k64,text_pca256_lexical_w005
83054,10,minibatch_k64,text_pca256_lexical_w005
83055,58,minibatch_k64,text_pca256_lexical_w005
83056,50,minibatch_k64,text_pca256_lexical_w005
83057,58,minibatch_k64,text_pca256_lexical_w005
83058,23,minibatch_k64,text_pca256_lexical_w005
83059,56,minibatch_k64,text_pca256_lexical_w005
83060,23,minibatch_k64,text_pca256_lexical_w005
83061,56,minibatch_k64,text_pca256_lexical_w005
83062,55,minibatch_k64,text_pca256_lexical_w005
83063,13,minibatch_k64,text_pca256_lexical_w005
83064,23,minibatch_k64,text_pca256_lexical_w005
83065,23,minibatch_k64,text_pca256_lexical_w005
83066,15,minibatch_k64,text_pca256_lexical_w005
83067,33,minibatch_k64,text_pca256_lexical_w005
83068,21,minibatch_k64,text_pca256_lexical_w005
83069,56,minibatch_k64,text_pca256_lexical_w005
83070,45,minibatch_k64,text_pca256_lexical_w005
83071,33,minibatch_k64,text_pca256_lexical_w005
83072,4,minibatch_k64,text_pca256_lexical_w005
83073,62,minibatch_k64,text_pca256_lexical_w005
83074,56,minibatch_k64,text_pca256_lexical_w005
83075,56,minibatch_k64,text_pca256_lexical_w005
83076,56,minibatch_k64,text_pca256_lexical_w005
83077,62,minibatch_k64,text_pca256_lexical_w005
83078,0,minibatch_k64,text_pca256_lexical_w005
83079,0,minibatch_k64,text_pca256_lexical_w005
83080,56,minibatch_k64,text_pca256_lexical_w005
83081,0,minibatch_k64,text_pca256_lexical_w005
83082,53,minibatch_k64,text_pca256_lexical_w005
83083,0,minibatch_k64,text_pca256_lexical_w005
83084,62,minibatch_k64,text_pca256_lexical_w005
83085,46,minibatch_k64,text_pca256_lexical_w005
83086,62,minibatch_k64,text_pca256_lexical_w005
83087,33,minibatch_k64,text_pca256_lexical_w005
83088,62,minibatch_k64,text_pca256_lexical_w005
83089,0,minibatch_k64,text_pca256_lexical_w005
83090,8,minibatch_k64,text_pca256_lexical_w005
83091,8,minibatch_k64,text_pca256_lexical_w005
83092,8,minibatch_k64,text_pca256_lexical_w005
83093,56,minibatch_k64,text_pca256_lexical_w005
83094,42,minibatch_k64,text_pca256_lexical_w005
83095,42,minibatch_k64,text_pca256_lexical_w005
83096,0,minibatch_k64,text_pca256_lexical_w005
83097,0,minibatch_k64,text_pca256_lexical_w005
83098,8,minibatch_k64,text_pca256_lexical_w005
83099,62,minibatch_k64,text_pca256_lexical_w005
83100,8,minibatch_k64,text_pca256_lexical_w005
83101,0,minibatch_k64,text_pca256_lexical_w005
83102,56,minibatch_k64,text_pca256_lexical_w005
83103,8,minibatch_k64,text_pca256_lexical_w005
83104,8,minibatch_k64,text_pca256_lexical_w005
83105,39,minibatch_k64,text_pca256_lexical_w005
83106,33,minibatch_k64,text_pca256_lexical_w005
83107,56,minibatch_k64,text_pca256_lexical_w005
83108,42,minibatch_k64,text_pca256_lexical_w005
83109,56,minibatch_k64,text_pca256_lexical_w005
83110,62,minibatch_k64,text_pca256_lexical_w005
83111,8,minibatch_k64,text_pca256_lexical_w005
83112,10,minibatch_k64,text_pca256_lexical_w005
83113,33,minibatch_k64,text_pca256_lexical_w005
83114,56,minibatch_k64,text_pca256_lexical_w005
83115,15,minibatch_k64,text_pca256_lexical_w005
83116,14,minibatch_k64,text_pca256_lexical_w005
83117,62,minibatch_k64,text_pca256_lexical_w005
83118,25,minibatch_k64,text_pca256_lexical_w005
83119,56,minibatch_k64,text_pca256_lexical_w005
83120,62,minibatch_k64,text_pca256_lexical_w005
83121,0,minibatch_k64,text_pca256_lexical_w005
83122,56,minibatch_k64,text_pca256_lexical_w005
83123,56,minibatch_k64,text_pca256_lexical_w005
83124,33,minibatch_k64,text_pca256_lexical_w005
83125,42,minibatch_k64,text_pca256_lexical_w005
83126,0,minibatch_k64,text_pca256_lexical_w005
83127,56,minibatch_k64,text_pca256_lexical_w005
83128,33,minibatch_k64,text_pca256_lexical_w005
83129,8,minibatch_k64,text_pca256_lexical_w005
83130,0,minibatch_k64,text_pca256_lexical_w005
83131,14,minibatch_k64,text_pca256_lexical_w005
83132,42,minibatch_k64,text_pca256_lexical_w005
83133,0,minibatch_k64,text_pca256_lexical_w005
83134,62,minibatch_k64,text_pca256_lexical_w005
83135,0,minibatch_k64,text_pca256_lexical_w005
83136,56,minibatch_k64,text_pca256_lexical_w005
83137,0,minibatch_k64,text_pca256_lexical_w005
83138,56,minibatch_k64,text_pca256_lexical_w005
83139,0,minibatch_k64,text_pca256_lexical_w005
83140,56,minibatch_k64,text_pca256_lexical_w005
83141,23,minibatch_k64,text_pca256_lexical_w005
83142,58,minibatch_k64,text_pca256_lexical_w005
83143,23,minibatch_k64,text_pca256_lexical_w005
83144,58,minibatch_k64,text_pca256_lexical_w005
83145,8,minibatch_k64,text_pca256_lexical_w005
83146,55,minibatch_k64,text_pca256_lexical_w005
83147,13,minibatch_k64,text_pca256_lexical_w005
83148,56,minibatch_k64,text_pca256_lexical_w005
83149,23,minibatch_k64,text_pca256_lexical_w005
83150,15,minibatch_k64,text_pca256_lexical_w005
83151,56,minibatch_k64,text_pca256_lexical_w005
83152,23,minibatch_k64,text_pca256_lexical_w005
83153,0,minibatch_k64,text_pca256_lexical_w005
83154,4,minibatch_k64,text_pca256_lexical_w005
83155,5,minibatch_k64,text_pca256_lexical_w005
83156,5,minibatch_k64,text_pca256_lexical_w005
83157,0,minibatch_k64,text_pca256_lexical_w005
83158,0,minibatch_k64,text_pca256_lexical_w005
83159,45,minibatch_k64,text_pca256_lexical_w005
83160,56,minibatch_k64,text_pca256_lexical_w005
83161,56,minibatch_k64,text_pca256_lexical_w005
83162,8,minibatch_k64,text_pca256_lexical_w005
83163,23,minibatch_k64,text_pca256_lexical_w005
83164,59,minibatch_k64,text_pca256_lexical_w005
83165,56,minibatch_k64,text_pca256_lexical_w005
83166,4,minibatch_k64,text_pca256_lexical_w005
83167,33,minibatch_k64,text_pca256_lexical_w005
83168,21,minibatch_k64,text_pca256_lexical_w005
83169,56,minibatch_k64,text_pca256_lexical_w005
83170,23,minibatch_k64,text_pca256_lexical_w005
83171,62,minibatch_k64,text_pca256_lexical_w005
83172,0,minibatch_k64,text_pca256_lexical_w005
83173,33,minibatch_k64,text_pca256_lexical_w005
83174,62,minibatch_k64,text_pca256_lexical_w005
83175,62,minibatch_k64,text_pca256_lexical_w005
83176,8,minibatch_k64,text_pca256_lexical_w005
83177,0,minibatch_k64,text_pca256_lexical_w005
83178,0,minibatch_k64,text_pca256_lexical_w005
83179,42,minibatch_k64,text_pca256_lexical_w005
83180,0,minibatch_k64,text_pca256_lexical_w005
83181,56,minibatch_k64,text_pca256_lexical_w005
83182,15,minibatch_k64,text_pca256_lexical_w005
83183,21,minibatch_k64,text_pca256_lexical_w005
83184,8,minibatch_k64,text_pca256_lexical_w005
83185,56,minibatch_k64,text_pca256_lexical_w005
83186,42,minibatch_k64,text_pca256_lexical_w005
83187,56,minibatch_k64,text_pca256_lexical_w005
83188,25,minibatch_k64,text_pca256_lexical_w005
83189,62,minibatch_k64,text_pca256_lexical_w005
83190,0,minibatch_k64,text_pca256_lexical_w005
83191,59,minibatch_k64,text_pca256_lexical_w005
83192,56,minibatch_k64,text_pca256_lexical_w005
83193,56,minibatch_k64,text_pca256_lexical_w005
83194,10,minibatch_k64,text_pca256_lexical_w005
83195,21,minibatch_k64,text_pca256_lexical_w005
83196,33,minibatch_k64,text_pca256_lexical_w005
83197,58,minibatch_k64,text_pca256_lexical_w005
83198,48,minibatch_k64,text_pca256_lexical_w005
83199,58,minibatch_k64,text_pca256_lexical_w005
83200,45,minibatch_k64,text_pca256_lexical_w005
83201,2,minibatch_k64,text_pca256_lexical_w005
83202,45,minibatch_k64,text_pca256_lexical_w005
83203,45,minibatch_k64,text_pca256_lexical_w005
83204,45,minibatch_k64,text_pca256_lexical_w005
83205,55,minibatch_k64,text_pca256_lexical_w005
83206,13,minibatch_k64,text_pca256_lexical_w005
83207,48,minibatch_k64,text_pca256_lexical_w005
83208,14,minibatch_k64,text_pca256_lexical_w005
83209,23,minibatch_k64,text_pca256_lexical_w005
83210,56,minibatch_k64,text_pca256_lexical_w005
83211,42,minibatch_k64,text_pca256_lexical_w005
83212,62,minibatch_k64,text_pca256_lexical_w005
83213,14,minibatch_k64,text_pca256_lexical_w005
83214,5,minibatch_k64,text_pca256_lexical_w005
83215,48,minibatch_k64,text_pca256_lexical_w005
83216,5,minibatch_k64,text_pca256_lexical_w005
83217,5,minibatch_k64,text_pca256_lexical_w005
83218,46,minibatch_k64,text_pca256_lexical_w005
83219,23,minibatch_k64,text_pca256_lexical_w005
83220,0,minibatch_k64,text_pca256_lexical_w005
83221,0,minibatch_k64,text_pca256_lexical_w005
83222,62,minibatch_k64,text_pca256_lexical_w005
83223,56,minibatch_k64,text_pca256_lexical_w005
83224,62,minibatch_k64,text_pca256_lexical_w005
83225,0,minibatch_k64,text_pca256_lexical_w005
83226,56,minibatch_k64,text_pca256_lexical_w005
83227,21,minibatch_k64,text_pca256_lexical_w005
83228,4,minibatch_k64,text_pca256_lexical_w005
83229,15,minibatch_k64,text_pca256_lexical_w005
83230,0,minibatch_k64,text_pca256_lexical_w005
83231,56,minibatch_k64,text_pca256_lexical_w005
83232,56,minibatch_k64,text_pca256_lexical_w005
83233,8,minibatch_k64,text_pca256_lexical_w005
83234,39,minibatch_k64,text_pca256_lexical_w005
83235,42,minibatch_k64,text_pca256_lexical_w005
83236,56,minibatch_k64,text_pca256_lexical_w005
83237,23,minibatch_k64,text_pca256_lexical_w005
83238,42,minibatch_k64,text_pca256_lexical_w005
83239,56,minibatch_k64,text_pca256_lexical_w005
83240,0,minibatch_k64,text_pca256_lexical_w005
83241,0,minibatch_k64,text_pca256_lexical_w005
83242,56,minibatch_k64,text_pca256_lexical_w005
83243,56,minibatch_k64,text_pca256_lexical_w005
83244,56,minibatch_k64,text_pca256_lexical_w005
83245,56,minibatch_k64,text_pca256_lexical_w005
83246,0,minibatch_k64,text_pca256_lexical_w005
83247,8,minibatch_k64,text_pca256_lexical_w005
83248,10,minibatch_k64,text_pca256_lexical_w005
83249,56,minibatch_k64,text_pca256_lexical_w005
83250,15,minibatch_k64,text_pca256_lexical_w005
83251,0,minibatch_k64,text_pca256_lexical_w005
83252,56,minibatch_k64,text_pca256_lexical_w005
83253,15,minibatch_k64,text_pca256_lexical_w005
83254,3,minibatch_k64,text_pca256_lexical_w005
83255,39,minibatch_k64,text_pca256_lexical_w005
83256,8,minibatch_k64,text_pca256_lexical_w005
83257,8,minibatch_k64,text_pca256_lexical_w005
83258,56,minibatch_k64,text_pca256_lexical_w005
83259,33,minibatch_k64,text_pca256_lexical_w005
83260,56,minibatch_k64,text_pca256_lexical_w005
83261,56,minibatch_k64,text_pca256_lexical_w005
83262,56,minibatch_k64,text_pca256_lexical_w005
83263,21,minibatch_k64,text_pca256_lexical_w005
83264,42,minibatch_k64,text_pca256_lexical_w005
83265,56,minibatch_k64,text_pca256_lexical_w005
83266,56,minibatch_k64,text_pca256_lexical_w005
83267,8,minibatch_k64,text_pca256_lexical_w005
83268,62,minibatch_k64,text_pca256_lexical_w005
83269,42,minibatch_k64,text_pca256_lexical_w005
83270,33,minibatch_k64,text_pca256_lexical_w005
83271,56,minibatch_k64,text_pca256_lexical_w005
83272,56,minibatch_k64,text_pca256_lexical_w005
83273,0,minibatch_k64,text_pca256_lexical_w005
83274,56,minibatch_k64,text_pca256_lexical_w005
83275,2,minibatch_k64,text_pca256_lexical_w005
83276,21,minibatch_k64,text_pca256_lexical_w005
83277,14,minibatch_k64,text_pca256_lexical_w005
83278,15,minibatch_k64,text_pca256_lexical_w005
83279,15,minibatch_k64,text_pca256_lexical_w005
83280,56,minibatch_k64,text_pca256_lexical_w005
83281,8,minibatch_k64,text_pca256_lexical_w005
83282,10,minibatch_k64,text_pca256_lexical_w005
83283,5,minibatch_k64,text_pca256_lexical_w005
83284,42,minibatch_k64,text_pca256_lexical_w005
83285,62,minibatch_k64,text_pca256_lexical_w005
83286,23,minibatch_k64,text_pca256_lexical_w005
83287,5,minibatch_k64,text_pca256_lexical_w005
83288,56,minibatch_k64,text_pca256_lexical_w005
83289,5,minibatch_k64,text_pca256_lexical_w005
83290,5,minibatch_k64,text_pca256_lexical_w005
83291,8,minibatch_k64,text_pca256_lexical_w005
83292,5,minibatch_k64,text_pca256_lexical_w005
83293,23,minibatch_k64,text_pca256_lexical_w005
83294,56,minibatch_k64,text_pca256_lexical_w005
83295,45,minibatch_k64,text_pca256_lexical_w005
83296,45,minibatch_k64,text_pca256_lexical_w005
83297,5,minibatch_k64,text_pca256_lexical_w005
83298,5,minibatch_k64,text_pca256_lexical_w005
83299,5,minibatch_k64,text_pca256_lexical_w005
83300,4,minibatch_k64,text_pca256_lexical_w005
83301,46,minibatch_k64,text_pca256_lexical_w005
83302,56,minibatch_k64,text_pca256_lexical_w005
83303,42,minibatch_k64,text_pca256_lexical_w005
83304,42,minibatch_k64,text_pca256_lexical_w005
83305,62,minibatch_k64,text_pca256_lexical_w005
83306,23,minibatch_k64,text_pca256_lexical_w005
83307,0,minibatch_k64,text_pca256_lexical_w005
83308,62,minibatch_k64,text_pca256_lexical_w005
83309,56,minibatch_k64,text_pca256_lexical_w005
83310,56,minibatch_k64,text_pca256_lexical_w005
83311,56,minibatch_k64,text_pca256_lexical_w005
83312,56,minibatch_k64,text_pca256_lexical_w005
83313,56,minibatch_k64,text_pca256_lexical_w005
83314,56,minibatch_k64,text_pca256_lexical_w005
83315,5,minibatch_k64,text_pca256_lexical_w005
83316,56,minibatch_k64,text_pca256_lexical_w005
83317,56,minibatch_k64,text_pca256_lexical_w005
83318,23,minibatch_k64,text_pca256_lexical_w005
83319,45,minibatch_k64,text_pca256_lexical_w005
83320,5,minibatch_k64,text_pca256_lexical_w005
83321,23,minibatch_k64,text_pca256_lexical_w005
83322,0,minibatch_k64,text_pca256_lexical_w005
83323,46,minibatch_k64,text_pca256_lexical_w005
83324,59,minibatch_k64,text_pca256_lexical_w005
83325,62,minibatch_k64,text_pca256_lexical_w005
83326,0,minibatch_k64,text_pca256_lexical_w005
83327,23,minibatch_k64,text_pca256_lexical_w005
83328,50,minibatch_k64,text_pca256_lexical_w005
83329,5,minibatch_k64,text_pca256_lexical_w005
83330,5,minibatch_k64,text_pca256_lexical_w005
83331,33,minibatch_k64,text_pca256_lexical_w005
83332,33,minibatch_k64,text_pca256_lexical_w005
83333,46,minibatch_k64,text_pca256_lexical_w005
83334,5,minibatch_k64,text_pca256_lexical_w005
83335,5,minibatch_k64,text_pca256_lexical_w005
83336,0,minibatch_k64,text_pca256_lexical_w005
83337,0,minibatch_k64,text_pca256_lexical_w005
83338,46,minibatch_k64,text_pca256_lexical_w005
83339,56,minibatch_k64,text_pca256_lexical_w005
83340,5,minibatch_k64,text_pca256_lexical_w005
83341,5,minibatch_k64,text_pca256_lexical_w005
83342,2,minibatch_k64,text_pca256_lexical_w005
83343,21,minibatch_k64,text_pca256_lexical_w005
83344,59,minibatch_k64,text_pca256_lexical_w005
83345,42,minibatch_k64,text_pca256_lexical_w005
83346,56,minibatch_k64,text_pca256_lexical_w005
83347,56,minibatch_k64,text_pca256_lexical_w005
83348,8,minibatch_k64,text_pca256_lexical_w005
83349,8,minibatch_k64,text_pca256_lexical_w005
83350,56,minibatch_k64,text_pca256_lexical_w005
83351,8,minibatch_k64,text_pca256_lexical_w005
83352,42,minibatch_k64,text_pca256_lexical_w005
83353,42,minibatch_k64,text_pca256_lexical_w005
83354,62,minibatch_k64,text_pca256_lexical_w005
83355,25,minibatch_k64,text_pca256_lexical_w005
83356,56,minibatch_k64,text_pca256_lexical_w005
83357,23,minibatch_k64,text_pca256_lexical_w005
83358,56,minibatch_k64,text_pca256_lexical_w005
83359,0,minibatch_k64,text_pca256_lexical_w005
83360,38,minibatch_k64,text_pca256_lexical_w005
83361,48,minibatch_k64,text_pca256_lexical_w005
83362,45,minibatch_k64,text_pca256_lexical_w005
83363,58,minibatch_k64,text_pca256_lexical_w005
83364,45,minibatch_k64,text_pca256_lexical_w005
83365,55,minibatch_k64,text_pca256_lexical_w005
83366,22,minibatch_k64,text_pca256_lexical_w005
83367,59,minibatch_k64,text_pca256_lexical_w005
83368,14,minibatch_k64,text_pca256_lexical_w005
83369,42,minibatch_k64,text_pca256_lexical_w005
83370,5,minibatch_k64,text_pca256_lexical_w005
83371,46,minibatch_k64,text_pca256_lexical_w005
83372,44,minibatch_k64,text_pca256_lexical_w005
83373,5,minibatch_k64,text_pca256_lexical_w005
83374,14,minibatch_k64,text_pca256_lexical_w005
83375,42,minibatch_k64,text_pca256_lexical_w005
83376,44,minibatch_k64,text_pca256_lexical_w005
83377,44,minibatch_k64,text_pca256_lexical_w005
83378,44,minibatch_k64,text_pca256_lexical_w005
83379,56,minibatch_k64,text_pca256_lexical_w005
83380,8,minibatch_k64,text_pca256_lexical_w005
83381,44,minibatch_k64,text_pca256_lexical_w005
83382,10,minibatch_k64,text_pca256_lexical_w005
83383,46,minibatch_k64,text_pca256_lexical_w005
83384,44,minibatch_k64,text_pca256_lexical_w005
83385,5,minibatch_k64,text_pca256_lexical_w005
83386,23,minibatch_k64,text_pca256_lexical_w005
83387,44,minibatch_k64,text_pca256_lexical_w005
83388,44,minibatch_k64,text_pca256_lexical_w005
83389,44,minibatch_k64,text_pca256_lexical_w005
83390,5,minibatch_k64,text_pca256_lexical_w005
83391,44,minibatch_k64,text_pca256_lexical_w005
83392,56,minibatch_k64,text_pca256_lexical_w005
83393,44,minibatch_k64,text_pca256_lexical_w005
83394,44,minibatch_k64,text_pca256_lexical_w005
83395,44,minibatch_k64,text_pca256_lexical_w005
83396,10,minibatch_k64,text_pca256_lexical_w005
83397,5,minibatch_k64,text_pca256_lexical_w005
83398,0,minibatch_k64,text_pca256_lexical_w005
83399,15,minibatch_k64,text_pca256_lexical_w005
83400,5,minibatch_k64,text_pca256_lexical_w005
83401,5,minibatch_k64,text_pca256_lexical_w005
83402,42,minibatch_k64,text_pca256_lexical_w005
83403,5,minibatch_k64,text_pca256_lexical_w005
83404,0,minibatch_k64,text_pca256_lexical_w005
83405,10,minibatch_k64,text_pca256_lexical_w005
83406,62,minibatch_k64,text_pca256_lexical_w005
83407,39,minibatch_k64,text_pca256_lexical_w005
83408,56,minibatch_k64,text_pca256_lexical_w005
83409,39,minibatch_k64,text_pca256_lexical_w005
83410,8,minibatch_k64,text_pca256_lexical_w005
83411,0,minibatch_k64,text_pca256_lexical_w005
83412,15,minibatch_k64,text_pca256_lexical_w005
83413,56,minibatch_k64,text_pca256_lexical_w005
83414,23,minibatch_k64,text_pca256_lexical_w005
83415,62,minibatch_k64,text_pca256_lexical_w005
83416,25,minibatch_k64,text_pca256_lexical_w005
83417,10,minibatch_k64,text_pca256_lexical_w005
83418,23,minibatch_k64,text_pca256_lexical_w005
83419,0,minibatch_k64,text_pca256_lexical_w005
83420,39,minibatch_k64,text_pca256_lexical_w005
83421,39,minibatch_k64,text_pca256_lexical_w005
83422,8,minibatch_k64,text_pca256_lexical_w005
83423,62,minibatch_k64,text_pca256_lexical_w005
83424,10,minibatch_k64,text_pca256_lexical_w005
83425,23,minibatch_k64,text_pca256_lexical_w005
83426,0,minibatch_k64,text_pca256_lexical_w005
83427,56,minibatch_k64,text_pca256_lexical_w005
83428,33,minibatch_k64,text_pca256_lexical_w005
83429,23,minibatch_k64,text_pca256_lexical_w005
83430,56,minibatch_k64,text_pca256_lexical_w005
83431,62,minibatch_k64,text_pca256_lexical_w005
83432,14,minibatch_k64,text_pca256_lexical_w005
83433,39,minibatch_k64,text_pca256_lexical_w005
83434,58,minibatch_k64,text_pca256_lexical_w005
83435,58,minibatch_k64,text_pca256_lexical_w005
83436,56,minibatch_k64,text_pca256_lexical_w005
83437,55,minibatch_k64,text_pca256_lexical_w005
83438,63,minibatch_k64,text_pca256_lexical_w005
83439,56,minibatch_k64,text_pca256_lexical_w005
83440,21,minibatch_k64,text_pca256_lexical_w005
83441,42,minibatch_k64,text_pca256_lexical_w005
83442,23,minibatch_k64,text_pca256_lexical_w005
83443,8,minibatch_k64,text_pca256_lexical_w005
83444,56,minibatch_k64,text_pca256_lexical_w005
83445,21,minibatch_k64,text_pca256_lexical_w005
83446,25,minibatch_k64,text_pca256_lexical_w005
83447,23,minibatch_k64,text_pca256_lexical_w005
83448,56,minibatch_k64,text_pca256_lexical_w005
83449,56,minibatch_k64,text_pca256_lexical_w005
83450,62,minibatch_k64,text_pca256_lexical_w005
83451,21,minibatch_k64,text_pca256_lexical_w005
83452,62,minibatch_k64,text_pca256_lexical_w005
83453,0,minibatch_k64,text_pca256_lexical_w005
83454,33,minibatch_k64,text_pca256_lexical_w005
83455,14,minibatch_k64,text_pca256_lexical_w005
83456,62,minibatch_k64,text_pca256_lexical_w005
83457,38,minibatch_k64,text_pca256_lexical_w005
83458,62,minibatch_k64,text_pca256_lexical_w005
83459,58,minibatch_k64,text_pca256_lexical_w005
83460,55,minibatch_k64,text_pca256_lexical_w005
83461,0,minibatch_k64,text_pca256_lexical_w005
83462,63,minibatch_k64,text_pca256_lexical_w005
83463,62,minibatch_k64,text_pca256_lexical_w005
83464,56,minibatch_k64,text_pca256_lexical_w005
83465,8,minibatch_k64,text_pca256_lexical_w005
83466,62,minibatch_k64,text_pca256_lexical_w005
83467,21,minibatch_k64,text_pca256_lexical_w005
83468,0,minibatch_k64,text_pca256_lexical_w005
83469,53,minibatch_k64,text_pca256_lexical_w005
83470,0,minibatch_k64,text_pca256_lexical_w005
83471,56,minibatch_k64,text_pca256_lexical_w005
83472,14,minibatch_k64,text_pca256_lexical_w005
83473,23,minibatch_k64,text_pca256_lexical_w005
83474,8,minibatch_k64,text_pca256_lexical_w005
83475,21,minibatch_k64,text_pca256_lexical_w005
83476,21,minibatch_k64,text_pca256_lexical_w005
83477,62,minibatch_k64,text_pca256_lexical_w005
83478,39,minibatch_k64,text_pca256_lexical_w005
83479,56,minibatch_k64,text_pca256_lexical_w005
83480,8,minibatch_k64,text_pca256_lexical_w005
83481,8,minibatch_k64,text_pca256_lexical_w005
83482,57,minibatch_k64,text_pca256_lexical_w005
83483,8,minibatch_k64,text_pca256_lexical_w005
83484,25,minibatch_k64,text_pca256_lexical_w005
83485,11,minibatch_k64,text_pca256_lexical_w005
83486,57,minibatch_k64,text_pca256_lexical_w005
83487,8,minibatch_k64,text_pca256_lexical_w005
83488,11,minibatch_k64,text_pca256_lexical_w005
83489,57,minibatch_k64,text_pca256_lexical_w005
83490,0,minibatch_k64,text_pca256_lexical_w005
83491,56,minibatch_k64,text_pca256_lexical_w005
83492,10,minibatch_k64,text_pca256_lexical_w005
83493,0,minibatch_k64,text_pca256_lexical_w005
83494,38,minibatch_k64,text_pca256_lexical_w005
83495,56,minibatch_k64,text_pca256_lexical_w005
83496,57,minibatch_k64,text_pca256_lexical_w005
83497,11,minibatch_k64,text_pca256_lexical_w005
83498,0,minibatch_k64,text_pca256_lexical_w005
83499,8,minibatch_k64,text_pca256_lexical_w005
83500,15,minibatch_k64,text_pca256_lexical_w005
83501,21,minibatch_k64,text_pca256_lexical_w005
83502,8,minibatch_k64,text_pca256_lexical_w005
83503,23,minibatch_k64,text_pca256_lexical_w005
83504,57,minibatch_k64,text_pca256_lexical_w005
83505,56,minibatch_k64,text_pca256_lexical_w005
83506,39,minibatch_k64,text_pca256_lexical_w005
83507,33,minibatch_k64,text_pca256_lexical_w005
83508,11,minibatch_k64,text_pca256_lexical_w005
83509,0,minibatch_k64,text_pca256_lexical_w005
83510,57,minibatch_k64,text_pca256_lexical_w005
83511,56,minibatch_k64,text_pca256_lexical_w005
83512,33,minibatch_k64,text_pca256_lexical_w005
83513,5,minibatch_k64,text_pca256_lexical_w005
83514,5,minibatch_k64,text_pca256_lexical_w005
83515,42,minibatch_k64,text_pca256_lexical_w005
83516,5,minibatch_k64,text_pca256_lexical_w005
83517,5,minibatch_k64,text_pca256_lexical_w005
83518,5,minibatch_k64,text_pca256_lexical_w005
83519,5,minibatch_k64,text_pca256_lexical_w005
83520,5,minibatch_k64,text_pca256_lexical_w005
83521,42,minibatch_k64,text_pca256_lexical_w005
83522,10,minibatch_k64,text_pca256_lexical_w005
83523,23,minibatch_k64,text_pca256_lexical_w005
83524,23,minibatch_k64,text_pca256_lexical_w005
83525,23,minibatch_k64,text_pca256_lexical_w005
83526,45,minibatch_k64,text_pca256_lexical_w005
83527,33,minibatch_k64,text_pca256_lexical_w005
83528,61,minibatch_k64,text_pca256_lexical_w005
83529,10,minibatch_k64,text_pca256_lexical_w005
83530,59,minibatch_k64,text_pca256_lexical_w005
83531,8,minibatch_k64,text_pca256_lexical_w005
83532,8,minibatch_k64,text_pca256_lexical_w005
83533,10,minibatch_k64,text_pca256_lexical_w005
83534,33,minibatch_k64,text_pca256_lexical_w005
83535,10,minibatch_k64,text_pca256_lexical_w005
83536,62,minibatch_k64,text_pca256_lexical_w005
83537,0,minibatch_k64,text_pca256_lexical_w005
83538,5,minibatch_k64,text_pca256_lexical_w005
83539,5,minibatch_k64,text_pca256_lexical_w005
83540,5,minibatch_k64,text_pca256_lexical_w005
83541,5,minibatch_k64,text_pca256_lexical_w005
83542,5,minibatch_k64,text_pca256_lexical_w005
83543,5,minibatch_k64,text_pca256_lexical_w005
83544,5,minibatch_k64,text_pca256_lexical_w005
83545,5,minibatch_k64,text_pca256_lexical_w005
83546,0,minibatch_k64,text_pca256_lexical_w005
83547,61,minibatch_k64,text_pca256_lexical_w005
83548,42,minibatch_k64,text_pca256_lexical_w005
83549,10,minibatch_k64,text_pca256_lexical_w005
83550,23,minibatch_k64,text_pca256_lexical_w005
83551,0,minibatch_k64,text_pca256_lexical_w005
83552,23,minibatch_k64,text_pca256_lexical_w005
83553,0,minibatch_k64,text_pca256_lexical_w005
83554,5,minibatch_k64,text_pca256_lexical_w005
83555,23,minibatch_k64,text_pca256_lexical_w005
83556,0,minibatch_k64,text_pca256_lexical_w005
83557,0,minibatch_k64,text_pca256_lexical_w005
83558,23,minibatch_k64,text_pca256_lexical_w005
83559,23,minibatch_k64,text_pca256_lexical_w005
83560,8,minibatch_k64,text_pca256_lexical_w005
83561,45,minibatch_k64,text_pca256_lexical_w005
83562,62,minibatch_k64,text_pca256_lexical_w005
83563,8,minibatch_k64,text_pca256_lexical_w005
83564,45,minibatch_k64,text_pca256_lexical_w005
83565,0,minibatch_k64,text_pca256_lexical_w005
83566,62,minibatch_k64,text_pca256_lexical_w005
83567,0,minibatch_k64,text_pca256_lexical_w005
83568,4,minibatch_k64,text_pca256_lexical_w005
83569,0,minibatch_k64,text_pca256_lexical_w005
83570,15,minibatch_k64,text_pca256_lexical_w005
83571,62,minibatch_k64,text_pca256_lexical_w005
83572,62,minibatch_k64,text_pca256_lexical_w005
83573,8,minibatch_k64,text_pca256_lexical_w005
83574,45,minibatch_k64,text_pca256_lexical_w005
83575,42,minibatch_k64,text_pca256_lexical_w005
83576,62,minibatch_k64,text_pca256_lexical_w005
83577,4,minibatch_k64,text_pca256_lexical_w005
83578,62,minibatch_k64,text_pca256_lexical_w005
83579,0,minibatch_k64,text_pca256_lexical_w005
83580,10,minibatch_k64,text_pca256_lexical_w005
83581,10,minibatch_k64,text_pca256_lexical_w005
83582,0,minibatch_k64,text_pca256_lexical_w005
83583,42,minibatch_k64,text_pca256_lexical_w005
83584,21,minibatch_k64,text_pca256_lexical_w005
83585,23,minibatch_k64,text_pca256_lexical_w005
83586,8,minibatch_k64,text_pca256_lexical_w005
83587,8,minibatch_k64,text_pca256_lexical_w005
83588,62,minibatch_k64,text_pca256_lexical_w005
83589,0,minibatch_k64,text_pca256_lexical_w005
83590,8,minibatch_k64,text_pca256_lexical_w005
83591,62,minibatch_k64,text_pca256_lexical_w005
83592,0,minibatch_k64,text_pca256_lexical_w005
83593,8,minibatch_k64,text_pca256_lexical_w005
83594,56,minibatch_k64,text_pca256_lexical_w005
83595,10,minibatch_k64,text_pca256_lexical_w005
83596,42,minibatch_k64,text_pca256_lexical_w005
83597,62,minibatch_k64,text_pca256_lexical_w005
83598,53,minibatch_k64,text_pca256_lexical_w005
83599,8,minibatch_k64,text_pca256_lexical_w005
83600,53,minibatch_k64,text_pca256_lexical_w005
83601,62,minibatch_k64,text_pca256_lexical_w005
83602,15,minibatch_k64,text_pca256_lexical_w005
83603,21,minibatch_k64,text_pca256_lexical_w005
83604,18,minibatch_k64,text_pca256_lexical_w005
83605,0,minibatch_k64,text_pca256_lexical_w005
83606,0,minibatch_k64,text_pca256_lexical_w005
83607,62,minibatch_k64,text_pca256_lexical_w005
83608,62,minibatch_k64,text_pca256_lexical_w005
83609,0,minibatch_k64,text_pca256_lexical_w005
83610,15,minibatch_k64,text_pca256_lexical_w005
83611,42,minibatch_k64,text_pca256_lexical_w005
83612,62,minibatch_k64,text_pca256_lexical_w005
83613,0,minibatch_k64,text_pca256_lexical_w005
83614,33,minibatch_k64,text_pca256_lexical_w005
83615,10,minibatch_k64,text_pca256_lexical_w005
83616,0,minibatch_k64,text_pca256_lexical_w005
83617,15,minibatch_k64,text_pca256_lexical_w005
83618,33,minibatch_k64,text_pca256_lexical_w005
83619,33,minibatch_k64,text_pca256_lexical_w005
83620,10,minibatch_k64,text_pca256_lexical_w005
83621,0,minibatch_k64,text_pca256_lexical_w005
83622,10,minibatch_k64,text_pca256_lexical_w005
83623,50,minibatch_k64,text_pca256_lexical_w005
83624,0,minibatch_k64,text_pca256_lexical_w005
83625,0,minibatch_k64,text_pca256_lexical_w005
83626,15,minibatch_k64,text_pca256_lexical_w005
83627,53,minibatch_k64,text_pca256_lexical_w005
83628,0,minibatch_k64,text_pca256_lexical_w005
83629,42,minibatch_k64,text_pca256_lexical_w005
83630,33,minibatch_k64,text_pca256_lexical_w005
83631,0,minibatch_k64,text_pca256_lexical_w005
83632,0,minibatch_k64,text_pca256_lexical_w005
83633,39,minibatch_k64,text_pca256_lexical_w005
83634,52,minibatch_k64,text_pca256_lexical_w005
83635,14,minibatch_k64,text_pca256_lexical_w005
83636,5,minibatch_k64,text_pca256_lexical_w005
83637,33,minibatch_k64,text_pca256_lexical_w005
83638,8,minibatch_k64,text_pca256_lexical_w005
83639,8,minibatch_k64,text_pca256_lexical_w005
83640,8,minibatch_k64,text_pca256_lexical_w005
83641,33,minibatch_k64,text_pca256_lexical_w005
83642,21,minibatch_k64,text_pca256_lexical_w005
83643,52,minibatch_k64,text_pca256_lexical_w005
83644,42,minibatch_k64,text_pca256_lexical_w005
83645,5,minibatch_k64,text_pca256_lexical_w005
83646,0,minibatch_k64,text_pca256_lexical_w005
83647,10,minibatch_k64,text_pca256_lexical_w005
83648,23,minibatch_k64,text_pca256_lexical_w005
83649,38,minibatch_k64,text_pca256_lexical_w005
83650,8,minibatch_k64,text_pca256_lexical_w005
83651,45,minibatch_k64,text_pca256_lexical_w005
83652,33,minibatch_k64,text_pca256_lexical_w005
83653,23,minibatch_k64,text_pca256_lexical_w005
83654,23,minibatch_k64,text_pca256_lexical_w005
83655,25,minibatch_k64,text_pca256_lexical_w005
83656,45,minibatch_k64,text_pca256_lexical_w005
83657,55,minibatch_k64,text_pca256_lexical_w005
83658,23,minibatch_k64,text_pca256_lexical_w005
83659,35,minibatch_k64,text_pca256_lexical_w005
83660,62,minibatch_k64,text_pca256_lexical_w005
83661,8,minibatch_k64,text_pca256_lexical_w005
83662,45,minibatch_k64,text_pca256_lexical_w005
83663,15,minibatch_k64,text_pca256_lexical_w005
83664,0,minibatch_k64,text_pca256_lexical_w005
83665,45,minibatch_k64,text_pca256_lexical_w005
83666,45,minibatch_k64,text_pca256_lexical_w005
83667,0,minibatch_k64,text_pca256_lexical_w005
83668,33,minibatch_k64,text_pca256_lexical_w005
83669,10,minibatch_k64,text_pca256_lexical_w005
83670,33,minibatch_k64,text_pca256_lexical_w005
83671,33,minibatch_k64,text_pca256_lexical_w005
83672,0,minibatch_k64,text_pca256_lexical_w005
83673,21,minibatch_k64,text_pca256_lexical_w005
83674,15,minibatch_k64,text_pca256_lexical_w005
83675,0,minibatch_k64,text_pca256_lexical_w005
83676,15,minibatch_k64,text_pca256_lexical_w005
83677,53,minibatch_k64,text_pca256_lexical_w005
83678,33,minibatch_k64,text_pca256_lexical_w005
83679,56,minibatch_k64,text_pca256_lexical_w005
83680,15,minibatch_k64,text_pca256_lexical_w005
83681,10,minibatch_k64,text_pca256_lexical_w005
83682,39,minibatch_k64,text_pca256_lexical_w005
83683,15,minibatch_k64,text_pca256_lexical_w005
83684,62,minibatch_k64,text_pca256_lexical_w005
83685,8,minibatch_k64,text_pca256_lexical_w005
83686,61,minibatch_k64,text_pca256_lexical_w005
83687,33,minibatch_k64,text_pca256_lexical_w005
83688,62,minibatch_k64,text_pca256_lexical_w005
83689,0,minibatch_k64,text_pca256_lexical_w005
83690,33,minibatch_k64,text_pca256_lexical_w005
83691,33,minibatch_k64,text_pca256_lexical_w005
83692,0,minibatch_k64,text_pca256_lexical_w005
83693,0,minibatch_k64,text_pca256_lexical_w005
83694,23,minibatch_k64,text_pca256_lexical_w005
83695,15,minibatch_k64,text_pca256_lexical_w005
83696,50,minibatch_k64,text_pca256_lexical_w005
83697,23,minibatch_k64,text_pca256_lexical_w005
83698,0,minibatch_k64,text_pca256_lexical_w005
83699,0,minibatch_k64,text_pca256_lexical_w005
83700,8,minibatch_k64,text_pca256_lexical_w005
83701,8,minibatch_k64,text_pca256_lexical_w005
83702,21,minibatch_k64,text_pca256_lexical_w005
83703,8,minibatch_k64,text_pca256_lexical_w005
83704,33,minibatch_k64,text_pca256_lexical_w005
83705,0,minibatch_k64,text_pca256_lexical_w005
83706,33,minibatch_k64,text_pca256_lexical_w005
83707,8,minibatch_k64,text_pca256_lexical_w005
83708,0,minibatch_k64,text_pca256_lexical_w005
83709,33,minibatch_k64,text_pca256_lexical_w005
83710,0,minibatch_k64,text_pca256_lexical_w005
83711,0,minibatch_k64,text_pca256_lexical_w005
83712,15,minibatch_k64,text_pca256_lexical_w005
83713,10,minibatch_k64,text_pca256_lexical_w005
83714,0,minibatch_k64,text_pca256_lexical_w005
83715,15,minibatch_k64,text_pca256_lexical_w005
83716,8,minibatch_k64,text_pca256_lexical_w005
83717,15,minibatch_k64,text_pca256_lexical_w005
83718,42,minibatch_k64,text_pca256_lexical_w005
83719,8,minibatch_k64,text_pca256_lexical_w005
83720,15,minibatch_k64,text_pca256_lexical_w005
83721,62,minibatch_k64,text_pca256_lexical_w005
83722,42,minibatch_k64,text_pca256_lexical_w005
83723,5,minibatch_k64,text_pca256_lexical_w005
83724,5,minibatch_k64,text_pca256_lexical_w005
83725,0,minibatch_k64,text_pca256_lexical_w005
83726,62,minibatch_k64,text_pca256_lexical_w005
83727,39,minibatch_k64,text_pca256_lexical_w005
83728,52,minibatch_k64,text_pca256_lexical_w005
83729,14,minibatch_k64,text_pca256_lexical_w005
83730,42,minibatch_k64,text_pca256_lexical_w005
83731,21,minibatch_k64,text_pca256_lexical_w005
83732,5,minibatch_k64,text_pca256_lexical_w005
83733,62,minibatch_k64,text_pca256_lexical_w005
83734,0,minibatch_k64,text_pca256_lexical_w005
83735,53,minibatch_k64,text_pca256_lexical_w005
83736,10,minibatch_k64,text_pca256_lexical_w005
83737,15,minibatch_k64,text_pca256_lexical_w005
83738,8,minibatch_k64,text_pca256_lexical_w005
83739,62,minibatch_k64,text_pca256_lexical_w005
83740,52,minibatch_k64,text_pca256_lexical_w005
83741,38,minibatch_k64,text_pca256_lexical_w005
83742,23,minibatch_k64,text_pca256_lexical_w005
83743,23,minibatch_k64,text_pca256_lexical_w005
83744,62,minibatch_k64,text_pca256_lexical_w005
83745,23,minibatch_k64,text_pca256_lexical_w005
83746,25,minibatch_k64,text_pca256_lexical_w005
83747,55,minibatch_k64,text_pca256_lexical_w005
83748,45,minibatch_k64,text_pca256_lexical_w005
83749,10,minibatch_k64,text_pca256_lexical_w005
83750,23,minibatch_k64,text_pca256_lexical_w005
83751,4,minibatch_k64,text_pca256_lexical_w005
83752,45,minibatch_k64,text_pca256_lexical_w005
83753,35,minibatch_k64,text_pca256_lexical_w005
83754,23,minibatch_k64,text_pca256_lexical_w005
83755,45,minibatch_k64,text_pca256_lexical_w005
83756,62,minibatch_k64,text_pca256_lexical_w005
83757,45,minibatch_k64,text_pca256_lexical_w005
83758,23,minibatch_k64,text_pca256_lexical_w005
83759,45,minibatch_k64,text_pca256_lexical_w005
83760,21,minibatch_k64,text_pca256_lexical_w005
83761,8,minibatch_k64,text_pca256_lexical_w005
83762,4,minibatch_k64,text_pca256_lexical_w005
83763,45,minibatch_k64,text_pca256_lexical_w005
83764,23,minibatch_k64,text_pca256_lexical_w005
83765,45,minibatch_k64,text_pca256_lexical_w005
83766,0,minibatch_k64,text_pca256_lexical_w005
83767,8,minibatch_k64,text_pca256_lexical_w005
83768,62,minibatch_k64,text_pca256_lexical_w005
83769,62,minibatch_k64,text_pca256_lexical_w005
83770,8,minibatch_k64,text_pca256_lexical_w005
83771,0,minibatch_k64,text_pca256_lexical_w005
83772,62,minibatch_k64,text_pca256_lexical_w005
83773,23,minibatch_k64,text_pca256_lexical_w005
83774,2,minibatch_k64,text_pca256_lexical_w005
83775,42,minibatch_k64,text_pca256_lexical_w005
83776,45,minibatch_k64,text_pca256_lexical_w005
83777,0,minibatch_k64,text_pca256_lexical_w005
83778,42,minibatch_k64,text_pca256_lexical_w005
83779,21,minibatch_k64,text_pca256_lexical_w005
83780,15,minibatch_k64,text_pca256_lexical_w005
83781,15,minibatch_k64,text_pca256_lexical_w005
83782,15,minibatch_k64,text_pca256_lexical_w005
83783,23,minibatch_k64,text_pca256_lexical_w005
83784,59,minibatch_k64,text_pca256_lexical_w005
83785,33,minibatch_k64,text_pca256_lexical_w005
83786,62,minibatch_k64,text_pca256_lexical_w005
83787,39,minibatch_k64,text_pca256_lexical_w005
83788,8,minibatch_k64,text_pca256_lexical_w005
83789,0,minibatch_k64,text_pca256_lexical_w005
83790,39,minibatch_k64,text_pca256_lexical_w005
83791,52,minibatch_k64,text_pca256_lexical_w005
83792,62,minibatch_k64,text_pca256_lexical_w005
83793,14,minibatch_k64,text_pca256_lexical_w005
83794,39,minibatch_k64,text_pca256_lexical_w005
83795,42,minibatch_k64,text_pca256_lexical_w005
83796,8,minibatch_k64,text_pca256_lexical_w005
83797,45,minibatch_k64,text_pca256_lexical_w005
83798,15,minibatch_k64,text_pca256_lexical_w005
83799,39,minibatch_k64,text_pca256_lexical_w005
83800,62,minibatch_k64,text_pca256_lexical_w005
83801,46,minibatch_k64,text_pca256_lexical_w005
83802,0,minibatch_k64,text_pca256_lexical_w005
83803,5,minibatch_k64,text_pca256_lexical_w005
83804,38,minibatch_k64,text_pca256_lexical_w005
83805,38,minibatch_k64,text_pca256_lexical_w005
83806,23,minibatch_k64,text_pca256_lexical_w005
83807,23,minibatch_k64,text_pca256_lexical_w005
83808,23,minibatch_k64,text_pca256_lexical_w005
83809,25,minibatch_k64,text_pca256_lexical_w005
83810,0,minibatch_k64,text_pca256_lexical_w005
83811,55,minibatch_k64,text_pca256_lexical_w005
83812,23,minibatch_k64,text_pca256_lexical_w005
83813,54,minibatch_k64,text_pca256_lexical_w005
83814,39,minibatch_k64,text_pca256_lexical_w005
83815,0,minibatch_k64,text_pca256_lexical_w005
83816,5,minibatch_k64,text_pca256_lexical_w005
83817,8,minibatch_k64,text_pca256_lexical_w005
83818,39,minibatch_k64,text_pca256_lexical_w005
83819,0,minibatch_k64,text_pca256_lexical_w005
83820,0,minibatch_k64,text_pca256_lexical_w005
83821,0,minibatch_k64,text_pca256_lexical_w005
83822,39,minibatch_k64,text_pca256_lexical_w005
83823,10,minibatch_k64,text_pca256_lexical_w005
83824,8,minibatch_k64,text_pca256_lexical_w005
83825,0,minibatch_k64,text_pca256_lexical_w005
83826,39,minibatch_k64,text_pca256_lexical_w005
83827,15,minibatch_k64,text_pca256_lexical_w005
83828,39,minibatch_k64,text_pca256_lexical_w005
83829,0,minibatch_k64,text_pca256_lexical_w005
83830,21,minibatch_k64,text_pca256_lexical_w005
83831,10,minibatch_k64,text_pca256_lexical_w005
83832,62,minibatch_k64,text_pca256_lexical_w005
83833,62,minibatch_k64,text_pca256_lexical_w005
83834,14,minibatch_k64,text_pca256_lexical_w005
83835,39,minibatch_k64,text_pca256_lexical_w005
83836,15,minibatch_k64,text_pca256_lexical_w005
83837,15,minibatch_k64,text_pca256_lexical_w005
83838,62,minibatch_k64,text_pca256_lexical_w005
83839,39,minibatch_k64,text_pca256_lexical_w005
83840,62,minibatch_k64,text_pca256_lexical_w005
83841,0,minibatch_k64,text_pca256_lexical_w005
83842,0,minibatch_k64,text_pca256_lexical_w005
83843,39,minibatch_k64,text_pca256_lexical_w005
83844,39,minibatch_k64,text_pca256_lexical_w005
83845,62,minibatch_k64,text_pca256_lexical_w005
83846,23,minibatch_k64,text_pca256_lexical_w005
83847,39,minibatch_k64,text_pca256_lexical_w005
83848,45,minibatch_k64,text_pca256_lexical_w005
83849,23,minibatch_k64,text_pca256_lexical_w005
83850,8,minibatch_k64,text_pca256_lexical_w005
83851,59,minibatch_k64,text_pca256_lexical_w005
83852,10,minibatch_k64,text_pca256_lexical_w005
83853,38,minibatch_k64,text_pca256_lexical_w005
83854,62,minibatch_k64,text_pca256_lexical_w005
83855,8,minibatch_k64,text_pca256_lexical_w005
83856,33,minibatch_k64,text_pca256_lexical_w005
83857,2,minibatch_k64,text_pca256_lexical_w005
83858,0,minibatch_k64,text_pca256_lexical_w005
83859,0,minibatch_k64,text_pca256_lexical_w005
83860,23,minibatch_k64,text_pca256_lexical_w005
83861,25,minibatch_k64,text_pca256_lexical_w005
83862,55,minibatch_k64,text_pca256_lexical_w005
83863,54,minibatch_k64,text_pca256_lexical_w005
83864,0,minibatch_k64,text_pca256_lexical_w005
83865,2,minibatch_k64,text_pca256_lexical_w005
83866,0,minibatch_k64,text_pca256_lexical_w005
83867,45,minibatch_k64,text_pca256_lexical_w005
83868,8,minibatch_k64,text_pca256_lexical_w005
83869,39,minibatch_k64,text_pca256_lexical_w005
83870,4,minibatch_k64,text_pca256_lexical_w005
83871,10,minibatch_k64,text_pca256_lexical_w005
83872,8,minibatch_k64,text_pca256_lexical_w005
83873,39,minibatch_k64,text_pca256_lexical_w005
83874,8,minibatch_k64,text_pca256_lexical_w005
83875,62,minibatch_k64,text_pca256_lexical_w005
83876,0,minibatch_k64,text_pca256_lexical_w005
83877,8,minibatch_k64,text_pca256_lexical_w005
83878,62,minibatch_k64,text_pca256_lexical_w005
83879,8,minibatch_k64,text_pca256_lexical_w005
83880,59,minibatch_k64,text_pca256_lexical_w005
83881,56,minibatch_k64,text_pca256_lexical_w005
83882,8,minibatch_k64,text_pca256_lexical_w005
83883,61,minibatch_k64,text_pca256_lexical_w005
83884,62,minibatch_k64,text_pca256_lexical_w005
83885,59,minibatch_k64,text_pca256_lexical_w005
83886,15,minibatch_k64,text_pca256_lexical_w005
83887,42,minibatch_k64,text_pca256_lexical_w005
83888,8,minibatch_k64,text_pca256_lexical_w005
83889,21,minibatch_k64,text_pca256_lexical_w005
83890,0,minibatch_k64,text_pca256_lexical_w005
83891,0,minibatch_k64,text_pca256_lexical_w005
83892,33,minibatch_k64,text_pca256_lexical_w005
83893,15,minibatch_k64,text_pca256_lexical_w005
83894,8,minibatch_k64,text_pca256_lexical_w005
83895,62,minibatch_k64,text_pca256_lexical_w005
83896,61,minibatch_k64,text_pca256_lexical_w005
83897,62,minibatch_k64,text_pca256_lexical_w005
83898,15,minibatch_k64,text_pca256_lexical_w005
83899,21,minibatch_k64,text_pca256_lexical_w005
83900,42,minibatch_k64,text_pca256_lexical_w005
83901,0,minibatch_k64,text_pca256_lexical_w005
83902,8,minibatch_k64,text_pca256_lexical_w005
83903,0,minibatch_k64,text_pca256_lexical_w005
83904,10,minibatch_k64,text_pca256_lexical_w005
83905,42,minibatch_k64,text_pca256_lexical_w005
83906,61,minibatch_k64,text_pca256_lexical_w005
83907,21,minibatch_k64,text_pca256_lexical_w005
83908,62,minibatch_k64,text_pca256_lexical_w005
83909,62,minibatch_k64,text_pca256_lexical_w005
83910,23,minibatch_k64,text_pca256_lexical_w005
83911,14,minibatch_k64,text_pca256_lexical_w005
83912,15,minibatch_k64,text_pca256_lexical_w005
83913,62,minibatch_k64,text_pca256_lexical_w005
83914,0,minibatch_k64,text_pca256_lexical_w005
83915,0,minibatch_k64,text_pca256_lexical_w005
83916,0,minibatch_k64,text_pca256_lexical_w005
83917,15,minibatch_k64,text_pca256_lexical_w005
83918,33,minibatch_k64,text_pca256_lexical_w005
83919,62,minibatch_k64,text_pca256_lexical_w005
83920,62,minibatch_k64,text_pca256_lexical_w005
83921,0,minibatch_k64,text_pca256_lexical_w005
83922,0,minibatch_k64,text_pca256_lexical_w005
83923,0,minibatch_k64,text_pca256_lexical_w005
83924,0,minibatch_k64,text_pca256_lexical_w005
83925,45,minibatch_k64,text_pca256_lexical_w005
83926,2,minibatch_k64,text_pca256_lexical_w005
83927,2,minibatch_k64,text_pca256_lexical_w005
83928,8,minibatch_k64,text_pca256_lexical_w005
83929,42,minibatch_k64,text_pca256_lexical_w005
83930,10,minibatch_k64,text_pca256_lexical_w005
83931,21,minibatch_k64,text_pca256_lexical_w005
83932,56,minibatch_k64,text_pca256_lexical_w005
83933,59,minibatch_k64,text_pca256_lexical_w005
83934,59,minibatch_k64,text_pca256_lexical_w005
83935,45,minibatch_k64,text_pca256_lexical_w005
83936,0,minibatch_k64,text_pca256_lexical_w005
83937,38,minibatch_k64,text_pca256_lexical_w005
83938,23,minibatch_k64,text_pca256_lexical_w005
83939,25,minibatch_k64,text_pca256_lexical_w005
83940,0,minibatch_k64,text_pca256_lexical_w005
83941,55,minibatch_k64,text_pca256_lexical_w005
83942,0,minibatch_k64,text_pca256_lexical_w005
83943,45,minibatch_k64,text_pca256_lexical_w005
83944,35,minibatch_k64,text_pca256_lexical_w005
83945,45,minibatch_k64,text_pca256_lexical_w005
83946,8,minibatch_k64,text_pca256_lexical_w005
83947,33,minibatch_k64,text_pca256_lexical_w005
83948,45,minibatch_k64,text_pca256_lexical_w005
83949,0,minibatch_k64,text_pca256_lexical_w005
83950,42,minibatch_k64,text_pca256_lexical_w005
83951,50,minibatch_k64,text_pca256_lexical_w005
83952,50,minibatch_k64,text_pca256_lexical_w005
83953,42,minibatch_k64,text_pca256_lexical_w005
83954,42,minibatch_k64,text_pca256_lexical_w005
83955,8,minibatch_k64,text_pca256_lexical_w005
83956,50,minibatch_k64,text_pca256_lexical_w005
83957,61,minibatch_k64,text_pca256_lexical_w005
83958,62,minibatch_k64,text_pca256_lexical_w005
83959,62,minibatch_k64,text_pca256_lexical_w005
83960,33,minibatch_k64,text_pca256_lexical_w005
83961,33,minibatch_k64,text_pca256_lexical_w005
83962,15,minibatch_k64,text_pca256_lexical_w005
83963,15,minibatch_k64,text_pca256_lexical_w005
83964,15,minibatch_k64,text_pca256_lexical_w005
83965,15,minibatch_k64,text_pca256_lexical_w005
83966,10,minibatch_k64,text_pca256_lexical_w005
83967,18,minibatch_k64,text_pca256_lexical_w005
83968,21,minibatch_k64,text_pca256_lexical_w005
83969,14,minibatch_k64,text_pca256_lexical_w005
83970,15,minibatch_k64,text_pca256_lexical_w005
83971,62,minibatch_k64,text_pca256_lexical_w005
83972,15,minibatch_k64,text_pca256_lexical_w005
83973,0,minibatch_k64,text_pca256_lexical_w005
83974,0,minibatch_k64,text_pca256_lexical_w005
83975,8,minibatch_k64,text_pca256_lexical_w005
83976,23,minibatch_k64,text_pca256_lexical_w005
83977,40,minibatch_k64,text_pca256_lexical_w005
83978,10,minibatch_k64,text_pca256_lexical_w005
83979,40,minibatch_k64,text_pca256_lexical_w005
83980,0,minibatch_k64,text_pca256_lexical_w005
83981,59,minibatch_k64,text_pca256_lexical_w005
83982,0,minibatch_k64,text_pca256_lexical_w005
83983,15,minibatch_k64,text_pca256_lexical_w005
83984,0,minibatch_k64,text_pca256_lexical_w005
83985,23,minibatch_k64,text_pca256_lexical_w005
83986,62,minibatch_k64,text_pca256_lexical_w005
83987,45,minibatch_k64,text_pca256_lexical_w005
83988,0,minibatch_k64,text_pca256_lexical_w005
83989,0,minibatch_k64,text_pca256_lexical_w005
83990,38,minibatch_k64,text_pca256_lexical_w005
83991,0,minibatch_k64,text_pca256_lexical_w005
83992,42,minibatch_k64,text_pca256_lexical_w005
83993,42,minibatch_k64,text_pca256_lexical_w005
83994,45,minibatch_k64,text_pca256_lexical_w005
83995,25,minibatch_k64,text_pca256_lexical_w005
83996,45,minibatch_k64,text_pca256_lexical_w005
83997,55,minibatch_k64,text_pca256_lexical_w005
83998,35,minibatch_k64,text_pca256_lexical_w005
83999,45,minibatch_k64,text_pca256_lexical_w005
84000,53,minibatch_k64,text_pca256_lexical_w005
84001,45,minibatch_k64,text_pca256_lexical_w005
84002,45,minibatch_k64,text_pca256_lexical_w005
84003,12,minibatch_k64,text_pca256_lexical_w005
84004,4,minibatch_k64,text_pca256_lexical_w005
84005,62,minibatch_k64,text_pca256_lexical_w005
84006,2,minibatch_k64,text_pca256_lexical_w005
84007,21,minibatch_k64,text_pca256_lexical_w005
84008,39,minibatch_k64,text_pca256_lexical_w005
84009,8,minibatch_k64,text_pca256_lexical_w005
84010,21,minibatch_k64,text_pca256_lexical_w005
84011,0,minibatch_k64,text_pca256_lexical_w005
84012,14,minibatch_k64,text_pca256_lexical_w005
84013,62,minibatch_k64,text_pca256_lexical_w005
84014,2,minibatch_k64,text_pca256_lexical_w005
84015,59,minibatch_k64,text_pca256_lexical_w005
84016,8,minibatch_k64,text_pca256_lexical_w005
84017,62,minibatch_k64,text_pca256_lexical_w005
84018,62,minibatch_k64,text_pca256_lexical_w005
84019,8,minibatch_k64,text_pca256_lexical_w005
84020,3,minibatch_k64,text_pca256_lexical_w005
84021,0,minibatch_k64,text_pca256_lexical_w005
84022,8,minibatch_k64,text_pca256_lexical_w005
84023,23,minibatch_k64,text_pca256_lexical_w005
84024,42,minibatch_k64,text_pca256_lexical_w005
84025,38,minibatch_k64,text_pca256_lexical_w005
84026,45,minibatch_k64,text_pca256_lexical_w005
84027,0,minibatch_k64,text_pca256_lexical_w005
84028,0,minibatch_k64,text_pca256_lexical_w005
84029,55,minibatch_k64,text_pca256_lexical_w005
84030,8,minibatch_k64,text_pca256_lexical_w005
84031,0,minibatch_k64,text_pca256_lexical_w005
84032,35,minibatch_k64,text_pca256_lexical_w005
84033,15,minibatch_k64,text_pca256_lexical_w005
84034,8,minibatch_k64,text_pca256_lexical_w005
84035,45,minibatch_k64,text_pca256_lexical_w005
84036,62,minibatch_k64,text_pca256_lexical_w005
84037,0,minibatch_k64,text_pca256_lexical_w005
84038,8,minibatch_k64,text_pca256_lexical_w005
84039,62,minibatch_k64,text_pca256_lexical_w005
84040,0,minibatch_k64,text_pca256_lexical_w005
84041,50,minibatch_k64,text_pca256_lexical_w005
84042,0,minibatch_k64,text_pca256_lexical_w005
84043,0,minibatch_k64,text_pca256_lexical_w005
84044,62,minibatch_k64,text_pca256_lexical_w005
84045,62,minibatch_k64,text_pca256_lexical_w005
84046,53,minibatch_k64,text_pca256_lexical_w005
84047,2,minibatch_k64,text_pca256_lexical_w005
84048,18,minibatch_k64,text_pca256_lexical_w005
84049,10,minibatch_k64,text_pca256_lexical_w005
84050,10,minibatch_k64,text_pca256_lexical_w005
84051,21,minibatch_k64,text_pca256_lexical_w005
84052,23,minibatch_k64,text_pca256_lexical_w005
84053,0,minibatch_k64,text_pca256_lexical_w005
84054,62,minibatch_k64,text_pca256_lexical_w005
84055,10,minibatch_k64,text_pca256_lexical_w005
84056,62,minibatch_k64,text_pca256_lexical_w005
84057,5,minibatch_k64,text_pca256_lexical_w005
84058,8,minibatch_k64,text_pca256_lexical_w005
84059,62,minibatch_k64,text_pca256_lexical_w005
84060,53,minibatch_k64,text_pca256_lexical_w005
84061,0,minibatch_k64,text_pca256_lexical_w005
84062,14,minibatch_k64,text_pca256_lexical_w005
84063,33,minibatch_k64,text_pca256_lexical_w005
84064,39,minibatch_k64,text_pca256_lexical_w005
84065,0,minibatch_k64,text_pca256_lexical_w005
84066,15,minibatch_k64,text_pca256_lexical_w005
84067,39,minibatch_k64,text_pca256_lexical_w005
84068,45,minibatch_k64,text_pca256_lexical_w005
84069,21,minibatch_k64,text_pca256_lexical_w005
84070,62,minibatch_k64,text_pca256_lexical_w005
84071,8,minibatch_k64,text_pca256_lexical_w005
84072,0,minibatch_k64,text_pca256_lexical_w005
84073,21,minibatch_k64,text_pca256_lexical_w005
84074,42,minibatch_k64,text_pca256_lexical_w005
84075,45,minibatch_k64,text_pca256_lexical_w005
84076,15,minibatch_k64,text_pca256_lexical_w005
84077,3,minibatch_k64,text_pca256_lexical_w005
84078,8,minibatch_k64,text_pca256_lexical_w005
84079,0,minibatch_k64,text_pca256_lexical_w005
84080,21,minibatch_k64,text_pca256_lexical_w005
84081,38,minibatch_k64,text_pca256_lexical_w005
84082,0,minibatch_k64,text_pca256_lexical_w005
84083,59,minibatch_k64,text_pca256_lexical_w005
84084,15,minibatch_k64,text_pca256_lexical_w005
84085,50,minibatch_k64,text_pca256_lexical_w005
84086,0,minibatch_k64,text_pca256_lexical_w005
84087,59,minibatch_k64,text_pca256_lexical_w005
84088,35,minibatch_k64,text_pca256_lexical_w005
84089,0,minibatch_k64,text_pca256_lexical_w005
84090,45,minibatch_k64,text_pca256_lexical_w005
84091,45,minibatch_k64,text_pca256_lexical_w005
84092,15,minibatch_k64,text_pca256_lexical_w005
84093,33,minibatch_k64,text_pca256_lexical_w005
84094,53,minibatch_k64,text_pca256_lexical_w005
84095,53,minibatch_k64,text_pca256_lexical_w005
84096,62,minibatch_k64,text_pca256_lexical_w005
84097,47,minibatch_k64,text_pca256_lexical_w005
84098,62,minibatch_k64,text_pca256_lexical_w005
84099,45,minibatch_k64,text_pca256_lexical_w005
84100,0,minibatch_k64,text_pca256_lexical_w005
84101,39,minibatch_k64,text_pca256_lexical_w005
84102,50,minibatch_k64,text_pca256_lexical_w005
84103,23,minibatch_k64,text_pca256_lexical_w005
84104,0,minibatch_k64,text_pca256_lexical_w005
84105,10,minibatch_k64,text_pca256_lexical_w005
84106,0,minibatch_k64,text_pca256_lexical_w005
84107,23,minibatch_k64,text_pca256_lexical_w005
84108,8,minibatch_k64,text_pca256_lexical_w005
84109,62,minibatch_k64,text_pca256_lexical_w005
84110,62,minibatch_k64,text_pca256_lexical_w005
84111,62,minibatch_k64,text_pca256_lexical_w005
84112,62,minibatch_k64,text_pca256_lexical_w005
84113,14,minibatch_k64,text_pca256_lexical_w005
84114,0,minibatch_k64,text_pca256_lexical_w005
84115,8,minibatch_k64,text_pca256_lexical_w005
84116,61,minibatch_k64,text_pca256_lexical_w005
84117,62,minibatch_k64,text_pca256_lexical_w005
84118,62,minibatch_k64,text_pca256_lexical_w005
84119,0,minibatch_k64,text_pca256_lexical_w005
84120,0,minibatch_k64,text_pca256_lexical_w005
84121,0,minibatch_k64,text_pca256_lexical_w005
84122,5,minibatch_k64,text_pca256_lexical_w005
84123,10,minibatch_k64,text_pca256_lexical_w005
84124,8,minibatch_k64,text_pca256_lexical_w005
84125,42,minibatch_k64,text_pca256_lexical_w005
84126,5,minibatch_k64,text_pca256_lexical_w005
84127,4,minibatch_k64,text_pca256_lexical_w005
84128,45,minibatch_k64,text_pca256_lexical_w005
84129,0,minibatch_k64,text_pca256_lexical_w005
84130,39,minibatch_k64,text_pca256_lexical_w005
84131,42,minibatch_k64,text_pca256_lexical_w005
84132,8,minibatch_k64,text_pca256_lexical_w005
84133,0,minibatch_k64,text_pca256_lexical_w005
84134,62,minibatch_k64,text_pca256_lexical_w005
84135,4,minibatch_k64,text_pca256_lexical_w005
84136,42,minibatch_k64,text_pca256_lexical_w005
84137,0,minibatch_k64,text_pca256_lexical_w005
84138,8,minibatch_k64,text_pca256_lexical_w005
84139,8,minibatch_k64,text_pca256_lexical_w005
84140,0,minibatch_k64,text_pca256_lexical_w005
84141,0,minibatch_k64,text_pca256_lexical_w005
84142,10,minibatch_k64,text_pca256_lexical_w005
84143,45,minibatch_k64,text_pca256_lexical_w005
84144,0,minibatch_k64,text_pca256_lexical_w005
84145,62,minibatch_k64,text_pca256_lexical_w005
84146,62,minibatch_k64,text_pca256_lexical_w005
84147,0,minibatch_k64,text_pca256_lexical_w005
84148,62,minibatch_k64,text_pca256_lexical_w005
84149,10,minibatch_k64,text_pca256_lexical_w005
84150,0,minibatch_k64,text_pca256_lexical_w005
84151,10,minibatch_k64,text_pca256_lexical_w005
84152,0,minibatch_k64,text_pca256_lexical_w005
84153,62,minibatch_k64,text_pca256_lexical_w005
84154,15,minibatch_k64,text_pca256_lexical_w005
84155,29,minibatch_k64,text_pca256_lexical_w005
84156,8,minibatch_k64,text_pca256_lexical_w005
84157,62,minibatch_k64,text_pca256_lexical_w005
84158,45,minibatch_k64,text_pca256_lexical_w005
84159,0,minibatch_k64,text_pca256_lexical_w005
84160,15,minibatch_k64,text_pca256_lexical_w005
84161,23,minibatch_k64,text_pca256_lexical_w005
84162,10,minibatch_k64,text_pca256_lexical_w005
84163,0,minibatch_k64,text_pca256_lexical_w005
84164,4,minibatch_k64,text_pca256_lexical_w005
84165,8,minibatch_k64,text_pca256_lexical_w005
84166,59,minibatch_k64,text_pca256_lexical_w005
84167,8,minibatch_k64,text_pca256_lexical_w005
84168,8,minibatch_k64,text_pca256_lexical_w005
84169,18,minibatch_k64,text_pca256_lexical_w005
84170,8,minibatch_k64,text_pca256_lexical_w005
84171,39,minibatch_k64,text_pca256_lexical_w005
84172,5,minibatch_k64,text_pca256_lexical_w005
84173,5,minibatch_k64,text_pca256_lexical_w005
84174,62,minibatch_k64,text_pca256_lexical_w005
84175,15,minibatch_k64,text_pca256_lexical_w005
84176,0,minibatch_k64,text_pca256_lexical_w005
84177,8,minibatch_k64,text_pca256_lexical_w005
84178,62,minibatch_k64,text_pca256_lexical_w005
84179,0,minibatch_k64,text_pca256_lexical_w005
84180,8,minibatch_k64,text_pca256_lexical_w005
84181,0,minibatch_k64,text_pca256_lexical_w005
84182,2,minibatch_k64,text_pca256_lexical_w005
84183,42,minibatch_k64,text_pca256_lexical_w005
84184,33,minibatch_k64,text_pca256_lexical_w005
84185,0,minibatch_k64,text_pca256_lexical_w005
84186,23,minibatch_k64,text_pca256_lexical_w005
84187,15,minibatch_k64,text_pca256_lexical_w005
84188,23,minibatch_k64,text_pca256_lexical_w005
84189,8,minibatch_k64,text_pca256_lexical_w005
84190,40,minibatch_k64,text_pca256_lexical_w005
84191,10,minibatch_k64,text_pca256_lexical_w005
84192,62,minibatch_k64,text_pca256_lexical_w005
84193,42,minibatch_k64,text_pca256_lexical_w005
84194,33,minibatch_k64,text_pca256_lexical_w005
84195,0,minibatch_k64,text_pca256_lexical_w005
84196,33,minibatch_k64,text_pca256_lexical_w005
84197,5,minibatch_k64,text_pca256_lexical_w005
84198,5,minibatch_k64,text_pca256_lexical_w005
84199,62,minibatch_k64,text_pca256_lexical_w005
84200,0,minibatch_k64,text_pca256_lexical_w005
84201,45,minibatch_k64,text_pca256_lexical_w005
84202,8,minibatch_k64,text_pca256_lexical_w005
84203,53,minibatch_k64,text_pca256_lexical_w005
84204,8,minibatch_k64,text_pca256_lexical_w005
84205,33,minibatch_k64,text_pca256_lexical_w005
84206,8,minibatch_k64,text_pca256_lexical_w005
84207,8,minibatch_k64,text_pca256_lexical_w005
84208,40,minibatch_k64,text_pca256_lexical_w005
84209,8,minibatch_k64,text_pca256_lexical_w005
84210,0,minibatch_k64,text_pca256_lexical_w005
84211,8,minibatch_k64,text_pca256_lexical_w005
84212,8,minibatch_k64,text_pca256_lexical_w005
84213,62,minibatch_k64,text_pca256_lexical_w005
84214,20,minibatch_k64,text_pca256_lexical_w005
84215,3,minibatch_k64,text_pca256_lexical_w005
84216,62,minibatch_k64,text_pca256_lexical_w005
84217,39,minibatch_k64,text_pca256_lexical_w005
84218,39,minibatch_k64,text_pca256_lexical_w005
84219,33,minibatch_k64,text_pca256_lexical_w005
84220,33,minibatch_k64,text_pca256_lexical_w005
84221,39,minibatch_k64,text_pca256_lexical_w005
84222,39,minibatch_k64,text_pca256_lexical_w005
84223,39,minibatch_k64,text_pca256_lexical_w005
84224,33,minibatch_k64,text_pca256_lexical_w005
84225,39,minibatch_k64,text_pca256_lexical_w005
84226,21,minibatch_k64,text_pca256_lexical_w005
84227,15,minibatch_k64,text_pca256_lexical_w005
84228,33,minibatch_k64,text_pca256_lexical_w005
84229,62,minibatch_k64,text_pca256_lexical_w005
84230,23,minibatch_k64,text_pca256_lexical_w005
84231,38,minibatch_k64,text_pca256_lexical_w005
84232,0,minibatch_k64,text_pca256_lexical_w005
84233,0,minibatch_k64,text_pca256_lexical_w005
84234,58,minibatch_k64,text_pca256_lexical_w005
84235,59,minibatch_k64,text_pca256_lexical_w005
84236,22,minibatch_k64,text_pca256_lexical_w005
84237,59,minibatch_k64,text_pca256_lexical_w005
84238,23,minibatch_k64,text_pca256_lexical_w005
84239,33,minibatch_k64,text_pca256_lexical_w005
84240,2,minibatch_k64,text_pca256_lexical_w005
84241,0,minibatch_k64,text_pca256_lexical_w005
84242,39,minibatch_k64,text_pca256_lexical_w005
84243,39,minibatch_k64,text_pca256_lexical_w005
84244,39,minibatch_k64,text_pca256_lexical_w005
84245,39,minibatch_k64,text_pca256_lexical_w005
84246,62,minibatch_k64,text_pca256_lexical_w005
84247,0,minibatch_k64,text_pca256_lexical_w005
84248,62,minibatch_k64,text_pca256_lexical_w005
84249,0,minibatch_k64,text_pca256_lexical_w005
84250,50,minibatch_k64,text_pca256_lexical_w005
84251,2,minibatch_k64,text_pca256_lexical_w005
84252,0,minibatch_k64,text_pca256_lexical_w005
84253,23,minibatch_k64,text_pca256_lexical_w005
84254,8,minibatch_k64,text_pca256_lexical_w005
84255,0,minibatch_k64,text_pca256_lexical_w005
84256,8,minibatch_k64,text_pca256_lexical_w005
84257,15,minibatch_k64,text_pca256_lexical_w005
84258,3,minibatch_k64,text_pca256_lexical_w005
84259,20,minibatch_k64,text_pca256_lexical_w005
84260,62,minibatch_k64,text_pca256_lexical_w005
84261,50,minibatch_k64,text_pca256_lexical_w005
84262,62,minibatch_k64,text_pca256_lexical_w005
84263,58,minibatch_k64,text_pca256_lexical_w005
84264,0,minibatch_k64,text_pca256_lexical_w005
84265,0,minibatch_k64,text_pca256_lexical_w005
84266,0,minibatch_k64,text_pca256_lexical_w005
84267,0,minibatch_k64,text_pca256_lexical_w005
84268,62,minibatch_k64,text_pca256_lexical_w005
84269,62,minibatch_k64,text_pca256_lexical_w005
84270,62,minibatch_k64,text_pca256_lexical_w005
84271,8,minibatch_k64,text_pca256_lexical_w005
84272,59,minibatch_k64,text_pca256_lexical_w005
84273,15,minibatch_k64,text_pca256_lexical_w005
84274,42,minibatch_k64,text_pca256_lexical_w005
84275,15,minibatch_k64,text_pca256_lexical_w005
84276,21,minibatch_k64,text_pca256_lexical_w005
84277,33,minibatch_k64,text_pca256_lexical_w005
84278,62,minibatch_k64,text_pca256_lexical_w005
84279,0,minibatch_k64,text_pca256_lexical_w005
84280,62,minibatch_k64,text_pca256_lexical_w005
84281,62,minibatch_k64,text_pca256_lexical_w005
84282,62,minibatch_k64,text_pca256_lexical_w005
84283,15,minibatch_k64,text_pca256_lexical_w005
84284,8,minibatch_k64,text_pca256_lexical_w005
84285,0,minibatch_k64,text_pca256_lexical_w005
84286,0,minibatch_k64,text_pca256_lexical_w005
84287,62,minibatch_k64,text_pca256_lexical_w005
84288,15,minibatch_k64,text_pca256_lexical_w005
84289,38,minibatch_k64,text_pca256_lexical_w005
84290,58,minibatch_k64,text_pca256_lexical_w005
84291,0,minibatch_k64,text_pca256_lexical_w005
84292,55,minibatch_k64,text_pca256_lexical_w005
84293,13,minibatch_k64,text_pca256_lexical_w005
84294,14,minibatch_k64,text_pca256_lexical_w005
84295,15,minibatch_k64,text_pca256_lexical_w005
84296,10,minibatch_k64,text_pca256_lexical_w005
84297,0,minibatch_k64,text_pca256_lexical_w005
84298,23,minibatch_k64,text_pca256_lexical_w005
84299,10,minibatch_k64,text_pca256_lexical_w005
84300,39,minibatch_k64,text_pca256_lexical_w005
84301,33,minibatch_k64,text_pca256_lexical_w005
84302,38,minibatch_k64,text_pca256_lexical_w005
84303,8,minibatch_k64,text_pca256_lexical_w005
84304,13,minibatch_k64,text_pca256_lexical_w005
84305,62,minibatch_k64,text_pca256_lexical_w005
84306,8,minibatch_k64,text_pca256_lexical_w005
84307,8,minibatch_k64,text_pca256_lexical_w005
84308,4,minibatch_k64,text_pca256_lexical_w005
84309,8,minibatch_k64,text_pca256_lexical_w005
84310,21,minibatch_k64,text_pca256_lexical_w005
84311,0,minibatch_k64,text_pca256_lexical_w005
84312,0,minibatch_k64,text_pca256_lexical_w005
84313,0,minibatch_k64,text_pca256_lexical_w005
84314,21,minibatch_k64,text_pca256_lexical_w005
84315,15,minibatch_k64,text_pca256_lexical_w005
84316,42,minibatch_k64,text_pca256_lexical_w005
84317,38,minibatch_k64,text_pca256_lexical_w005
84318,0,minibatch_k64,text_pca256_lexical_w005
84319,55,minibatch_k64,text_pca256_lexical_w005
84320,45,minibatch_k64,text_pca256_lexical_w005
84321,0,minibatch_k64,text_pca256_lexical_w005
84322,0,minibatch_k64,text_pca256_lexical_w005
84323,15,minibatch_k64,text_pca256_lexical_w005
84324,2,minibatch_k64,text_pca256_lexical_w005
84325,3,minibatch_k64,text_pca256_lexical_w005
84326,23,minibatch_k64,text_pca256_lexical_w005
84327,0,minibatch_k64,text_pca256_lexical_w005
84328,15,minibatch_k64,text_pca256_lexical_w005
84329,0,minibatch_k64,text_pca256_lexical_w005
84330,23,minibatch_k64,text_pca256_lexical_w005
84331,10,minibatch_k64,text_pca256_lexical_w005
84332,42,minibatch_k64,text_pca256_lexical_w005
84333,15,minibatch_k64,text_pca256_lexical_w005
84334,20,minibatch_k64,text_pca256_lexical_w005
84335,8,minibatch_k64,text_pca256_lexical_w005
84336,23,minibatch_k64,text_pca256_lexical_w005
84337,8,minibatch_k64,text_pca256_lexical_w005
84338,33,minibatch_k64,text_pca256_lexical_w005
84339,53,minibatch_k64,text_pca256_lexical_w005
84340,11,minibatch_k64,text_pca256_lexical_w005
84341,11,minibatch_k64,text_pca256_lexical_w005
84342,10,minibatch_k64,text_pca256_lexical_w005
84343,45,minibatch_k64,text_pca256_lexical_w005
84344,45,minibatch_k64,text_pca256_lexical_w005
84345,57,minibatch_k64,text_pca256_lexical_w005
84346,0,minibatch_k64,text_pca256_lexical_w005
84347,59,minibatch_k64,text_pca256_lexical_w005
84348,8,minibatch_k64,text_pca256_lexical_w005
84349,10,minibatch_k64,text_pca256_lexical_w005
84350,15,minibatch_k64,text_pca256_lexical_w005
84351,57,minibatch_k64,text_pca256_lexical_w005
84352,10,minibatch_k64,text_pca256_lexical_w005
84353,0,minibatch_k64,text_pca256_lexical_w005
84354,8,minibatch_k64,text_pca256_lexical_w005
84355,62,minibatch_k64,text_pca256_lexical_w005
84356,57,minibatch_k64,text_pca256_lexical_w005
84357,0,minibatch_k64,text_pca256_lexical_w005
84358,10,minibatch_k64,text_pca256_lexical_w005
84359,0,minibatch_k64,text_pca256_lexical_w005
84360,11,minibatch_k64,text_pca256_lexical_w005
84361,2,minibatch_k64,text_pca256_lexical_w005
84362,11,minibatch_k64,text_pca256_lexical_w005
84363,45,minibatch_k64,text_pca256_lexical_w005
84364,0,minibatch_k64,text_pca256_lexical_w005
84365,62,minibatch_k64,text_pca256_lexical_w005
84366,0,minibatch_k64,text_pca256_lexical_w005
84367,62,minibatch_k64,text_pca256_lexical_w005
84368,45,minibatch_k64,text_pca256_lexical_w005
84369,15,minibatch_k64,text_pca256_lexical_w005
84370,57,minibatch_k64,text_pca256_lexical_w005
84371,11,minibatch_k64,text_pca256_lexical_w005
84372,21,minibatch_k64,text_pca256_lexical_w005
84373,10,minibatch_k64,text_pca256_lexical_w005
84374,45,minibatch_k64,text_pca256_lexical_w005
84375,57,minibatch_k64,text_pca256_lexical_w005
84376,45,minibatch_k64,text_pca256_lexical_w005
84377,62,minibatch_k64,text_pca256_lexical_w005
84378,3,minibatch_k64,text_pca256_lexical_w005
84379,0,minibatch_k64,text_pca256_lexical_w005
84380,0,minibatch_k64,text_pca256_lexical_w005
84381,0,minibatch_k64,text_pca256_lexical_w005
84382,59,minibatch_k64,text_pca256_lexical_w005
84383,13,minibatch_k64,text_pca256_lexical_w005
84384,0,minibatch_k64,text_pca256_lexical_w005
84385,45,minibatch_k64,text_pca256_lexical_w005
84386,62,minibatch_k64,text_pca256_lexical_w005
84387,59,minibatch_k64,text_pca256_lexical_w005
84388,23,minibatch_k64,text_pca256_lexical_w005
84389,23,minibatch_k64,text_pca256_lexical_w005
84390,57,minibatch_k64,text_pca256_lexical_w005
84391,11,minibatch_k64,text_pca256_lexical_w005
84392,11,minibatch_k64,text_pca256_lexical_w005
84393,45,minibatch_k64,text_pca256_lexical_w005
84394,45,minibatch_k64,text_pca256_lexical_w005
84395,15,minibatch_k64,text_pca256_lexical_w005
84396,45,minibatch_k64,text_pca256_lexical_w005
84397,59,minibatch_k64,text_pca256_lexical_w005
84398,10,minibatch_k64,text_pca256_lexical_w005
84399,23,minibatch_k64,text_pca256_lexical_w005
84400,0,minibatch_k64,text_pca256_lexical_w005
84401,8,minibatch_k64,text_pca256_lexical_w005
84402,45,minibatch_k64,text_pca256_lexical_w005
84403,0,minibatch_k64,text_pca256_lexical_w005
84404,15,minibatch_k64,text_pca256_lexical_w005
84405,0,minibatch_k64,text_pca256_lexical_w005
84406,59,minibatch_k64,text_pca256_lexical_w005
84407,62,minibatch_k64,text_pca256_lexical_w005
84408,62,minibatch_k64,text_pca256_lexical_w005
84409,45,minibatch_k64,text_pca256_lexical_w005
84410,0,minibatch_k64,text_pca256_lexical_w005
84411,15,minibatch_k64,text_pca256_lexical_w005
84412,15,minibatch_k64,text_pca256_lexical_w005
84413,53,minibatch_k64,text_pca256_lexical_w005
84414,45,minibatch_k64,text_pca256_lexical_w005
84415,45,minibatch_k64,text_pca256_lexical_w005
84416,33,minibatch_k64,text_pca256_lexical_w005
84417,0,minibatch_k64,text_pca256_lexical_w005
84418,0,minibatch_k64,text_pca256_lexical_w005
84419,55,minibatch_k64,text_pca256_lexical_w005
84420,13,minibatch_k64,text_pca256_lexical_w005
84421,45,minibatch_k64,text_pca256_lexical_w005
84422,0,minibatch_k64,text_pca256_lexical_w005
84423,45,minibatch_k64,text_pca256_lexical_w005
84424,42,minibatch_k64,text_pca256_lexical_w005
84425,21,minibatch_k64,text_pca256_lexical_w005
84426,3,minibatch_k64,text_pca256_lexical_w005
84427,8,minibatch_k64,text_pca256_lexical_w005
84428,62,minibatch_k64,text_pca256_lexical_w005
84429,0,minibatch_k64,text_pca256_lexical_w005
84430,62,minibatch_k64,text_pca256_lexical_w005
84431,45,minibatch_k64,text_pca256_lexical_w005
84432,10,minibatch_k64,text_pca256_lexical_w005
84433,0,minibatch_k64,text_pca256_lexical_w005
84434,15,minibatch_k64,text_pca256_lexical_w005
84435,0,minibatch_k64,text_pca256_lexical_w005
84436,59,minibatch_k64,text_pca256_lexical_w005
84437,42,minibatch_k64,text_pca256_lexical_w005
84438,62,minibatch_k64,text_pca256_lexical_w005
84439,62,minibatch_k64,text_pca256_lexical_w005
84440,33,minibatch_k64,text_pca256_lexical_w005
84441,61,minibatch_k64,text_pca256_lexical_w005
84442,0,minibatch_k64,text_pca256_lexical_w005
84443,62,minibatch_k64,text_pca256_lexical_w005
84444,62,minibatch_k64,text_pca256_lexical_w005
84445,10,minibatch_k64,text_pca256_lexical_w005
84446,0,minibatch_k64,text_pca256_lexical_w005
84447,0,minibatch_k64,text_pca256_lexical_w005
84448,45,minibatch_k64,text_pca256_lexical_w005
84449,10,minibatch_k64,text_pca256_lexical_w005
84450,8,minibatch_k64,text_pca256_lexical_w005
84451,42,minibatch_k64,text_pca256_lexical_w005
84452,39,minibatch_k64,text_pca256_lexical_w005
84453,33,minibatch_k64,text_pca256_lexical_w005
84454,39,minibatch_k64,text_pca256_lexical_w005
84455,45,minibatch_k64,text_pca256_lexical_w005
84456,45,minibatch_k64,text_pca256_lexical_w005
84457,23,minibatch_k64,text_pca256_lexical_w005
84458,38,minibatch_k64,text_pca256_lexical_w005
84459,23,minibatch_k64,text_pca256_lexical_w005
84460,23,minibatch_k64,text_pca256_lexical_w005
84461,55,minibatch_k64,text_pca256_lexical_w005
84462,22,minibatch_k64,text_pca256_lexical_w005
84463,50,minibatch_k64,text_pca256_lexical_w005
84464,62,minibatch_k64,text_pca256_lexical_w005
84465,62,minibatch_k64,text_pca256_lexical_w005
84466,15,minibatch_k64,text_pca256_lexical_w005
84467,45,minibatch_k64,text_pca256_lexical_w005
84468,59,minibatch_k64,text_pca256_lexical_w005
84469,10,minibatch_k64,text_pca256_lexical_w005
84470,23,minibatch_k64,text_pca256_lexical_w005
84471,0,minibatch_k64,text_pca256_lexical_w005
84472,62,minibatch_k64,text_pca256_lexical_w005
84473,45,minibatch_k64,text_pca256_lexical_w005
84474,59,minibatch_k64,text_pca256_lexical_w005
84475,0,minibatch_k64,text_pca256_lexical_w005
84476,61,minibatch_k64,text_pca256_lexical_w005
84477,59,minibatch_k64,text_pca256_lexical_w005
84478,59,minibatch_k64,text_pca256_lexical_w005
84479,23,minibatch_k64,text_pca256_lexical_w005
84480,62,minibatch_k64,text_pca256_lexical_w005
84481,45,minibatch_k64,text_pca256_lexical_w005
84482,45,minibatch_k64,text_pca256_lexical_w005
84483,59,minibatch_k64,text_pca256_lexical_w005
84484,59,minibatch_k64,text_pca256_lexical_w005
84485,0,minibatch_k64,text_pca256_lexical_w005
84486,62,minibatch_k64,text_pca256_lexical_w005
84487,45,minibatch_k64,text_pca256_lexical_w005
84488,45,minibatch_k64,text_pca256_lexical_w005
84489,45,minibatch_k64,text_pca256_lexical_w005
84490,0,minibatch_k64,text_pca256_lexical_w005
84491,45,minibatch_k64,text_pca256_lexical_w005
84492,45,minibatch_k64,text_pca256_lexical_w005
84493,3,minibatch_k64,text_pca256_lexical_w005
84494,45,minibatch_k64,text_pca256_lexical_w005
84495,45,minibatch_k64,text_pca256_lexical_w005
84496,23,minibatch_k64,text_pca256_lexical_w005
84497,45,minibatch_k64,text_pca256_lexical_w005
84498,33,minibatch_k64,text_pca256_lexical_w005
84499,0,minibatch_k64,text_pca256_lexical_w005
84500,45,minibatch_k64,text_pca256_lexical_w005
84501,59,minibatch_k64,text_pca256_lexical_w005
84502,0,minibatch_k64,text_pca256_lexical_w005
84503,59,minibatch_k64,text_pca256_lexical_w005
84504,45,minibatch_k64,text_pca256_lexical_w005
84505,45,minibatch_k64,text_pca256_lexical_w005
84506,0,minibatch_k64,text_pca256_lexical_w005
84507,8,minibatch_k64,text_pca256_lexical_w005
84508,59,minibatch_k64,text_pca256_lexical_w005
84509,62,minibatch_k64,text_pca256_lexical_w005
84510,45,minibatch_k64,text_pca256_lexical_w005
84511,45,minibatch_k64,text_pca256_lexical_w005
84512,0,minibatch_k64,text_pca256_lexical_w005
84513,15,minibatch_k64,text_pca256_lexical_w005
84514,59,minibatch_k64,text_pca256_lexical_w005
84515,45,minibatch_k64,text_pca256_lexical_w005
84516,10,minibatch_k64,text_pca256_lexical_w005
84517,8,minibatch_k64,text_pca256_lexical_w005
84518,23,minibatch_k64,text_pca256_lexical_w005
84519,23,minibatch_k64,text_pca256_lexical_w005
84520,23,minibatch_k64,text_pca256_lexical_w005
84521,62,minibatch_k64,text_pca256_lexical_w005
84522,23,minibatch_k64,text_pca256_lexical_w005
84523,45,minibatch_k64,text_pca256_lexical_w005
84524,23,minibatch_k64,text_pca256_lexical_w005
84525,59,minibatch_k64,text_pca256_lexical_w005
84526,59,minibatch_k64,text_pca256_lexical_w005
84527,21,minibatch_k64,text_pca256_lexical_w005
84528,8,minibatch_k64,text_pca256_lexical_w005
84529,0,minibatch_k64,text_pca256_lexical_w005
84530,8,minibatch_k64,text_pca256_lexical_w005
84531,8,minibatch_k64,text_pca256_lexical_w005
84532,8,minibatch_k64,text_pca256_lexical_w005
84533,18,minibatch_k64,text_pca256_lexical_w005
84534,8,minibatch_k64,text_pca256_lexical_w005
84535,0,minibatch_k64,text_pca256_lexical_w005
84536,8,minibatch_k64,text_pca256_lexical_w005
84537,45,minibatch_k64,text_pca256_lexical_w005
84538,45,minibatch_k64,text_pca256_lexical_w005
84539,62,minibatch_k64,text_pca256_lexical_w005
84540,59,minibatch_k64,text_pca256_lexical_w005
84541,59,minibatch_k64,text_pca256_lexical_w005
84542,15,minibatch_k64,text_pca256_lexical_w005
84543,10,minibatch_k64,text_pca256_lexical_w005
84544,18,minibatch_k64,text_pca256_lexical_w005
84545,59,minibatch_k64,text_pca256_lexical_w005
84546,45,minibatch_k64,text_pca256_lexical_w005
84547,62,minibatch_k64,text_pca256_lexical_w005
84548,15,minibatch_k64,text_pca256_lexical_w005
84549,10,minibatch_k64,text_pca256_lexical_w005
84550,62,minibatch_k64,text_pca256_lexical_w005
84551,2,minibatch_k64,text_pca256_lexical_w005
84552,0,minibatch_k64,text_pca256_lexical_w005
84553,10,minibatch_k64,text_pca256_lexical_w005
84554,45,minibatch_k64,text_pca256_lexical_w005
84555,59,minibatch_k64,text_pca256_lexical_w005
84556,45,minibatch_k64,text_pca256_lexical_w005
84557,23,minibatch_k64,text_pca256_lexical_w005
84558,0,minibatch_k64,text_pca256_lexical_w005
84559,45,minibatch_k64,text_pca256_lexical_w005
84560,0,minibatch_k64,text_pca256_lexical_w005
84561,2,minibatch_k64,text_pca256_lexical_w005
84562,0,minibatch_k64,text_pca256_lexical_w005
84563,23,minibatch_k64,text_pca256_lexical_w005
84564,45,minibatch_k64,text_pca256_lexical_w005
84565,0,minibatch_k64,text_pca256_lexical_w005
84566,23,minibatch_k64,text_pca256_lexical_w005
84567,62,minibatch_k64,text_pca256_lexical_w005
84568,45,minibatch_k64,text_pca256_lexical_w005
84569,59,minibatch_k64,text_pca256_lexical_w005
84570,8,minibatch_k64,text_pca256_lexical_w005
84571,8,minibatch_k64,text_pca256_lexical_w005
84572,45,minibatch_k64,text_pca256_lexical_w005
84573,59,minibatch_k64,text_pca256_lexical_w005
84574,8,minibatch_k64,text_pca256_lexical_w005
84575,0,minibatch_k64,text_pca256_lexical_w005
84576,39,minibatch_k64,text_pca256_lexical_w005
84577,39,minibatch_k64,text_pca256_lexical_w005
84578,23,minibatch_k64,text_pca256_lexical_w005
84579,39,minibatch_k64,text_pca256_lexical_w005
84580,15,minibatch_k64,text_pca256_lexical_w005
84581,10,minibatch_k64,text_pca256_lexical_w005
84582,10,minibatch_k64,text_pca256_lexical_w005
84583,45,minibatch_k64,text_pca256_lexical_w005
84584,59,minibatch_k64,text_pca256_lexical_w005
84585,59,minibatch_k64,text_pca256_lexical_w005
84586,53,minibatch_k64,text_pca256_lexical_w005
84587,45,minibatch_k64,text_pca256_lexical_w005
84588,23,minibatch_k64,text_pca256_lexical_w005
84589,59,minibatch_k64,text_pca256_lexical_w005
84590,0,minibatch_k64,text_pca256_lexical_w005
84591,59,minibatch_k64,text_pca256_lexical_w005
84592,62,minibatch_k64,text_pca256_lexical_w005
84593,45,minibatch_k64,text_pca256_lexical_w005
84594,62,minibatch_k64,text_pca256_lexical_w005
84595,10,minibatch_k64,text_pca256_lexical_w005
84596,53,minibatch_k64,text_pca256_lexical_w005
84597,10,minibatch_k64,text_pca256_lexical_w005
84598,45,minibatch_k64,text_pca256_lexical_w005
84599,10,minibatch_k64,text_pca256_lexical_w005
84600,59,minibatch_k64,text_pca256_lexical_w005
84601,0,minibatch_k64,text_pca256_lexical_w005
84602,59,minibatch_k64,text_pca256_lexical_w005
84603,45,minibatch_k64,text_pca256_lexical_w005
84604,59,minibatch_k64,text_pca256_lexical_w005
84605,59,minibatch_k64,text_pca256_lexical_w005
84606,18,minibatch_k64,text_pca256_lexical_w005
84607,45,minibatch_k64,text_pca256_lexical_w005
84608,8,minibatch_k64,text_pca256_lexical_w005
84609,53,minibatch_k64,text_pca256_lexical_w005
84610,45,minibatch_k64,text_pca256_lexical_w005
84611,59,minibatch_k64,text_pca256_lexical_w005
84612,45,minibatch_k64,text_pca256_lexical_w005
84613,45,minibatch_k64,text_pca256_lexical_w005
84614,45,minibatch_k64,text_pca256_lexical_w005
84615,59,minibatch_k64,text_pca256_lexical_w005
84616,45,minibatch_k64,text_pca256_lexical_w005
84617,0,minibatch_k64,text_pca256_lexical_w005
84618,59,minibatch_k64,text_pca256_lexical_w005
84619,45,minibatch_k64,text_pca256_lexical_w005
84620,5,minibatch_k64,text_pca256_lexical_w005
84621,59,minibatch_k64,text_pca256_lexical_w005
84622,39,minibatch_k64,text_pca256_lexical_w005
84623,59,minibatch_k64,text_pca256_lexical_w005
84624,59,minibatch_k64,text_pca256_lexical_w005
84625,45,minibatch_k64,text_pca256_lexical_w005
84626,0,minibatch_k64,text_pca256_lexical_w005
84627,59,minibatch_k64,text_pca256_lexical_w005
84628,45,minibatch_k64,text_pca256_lexical_w005
84629,62,minibatch_k64,text_pca256_lexical_w005
84630,45,minibatch_k64,text_pca256_lexical_w005
84631,0,minibatch_k64,text_pca256_lexical_w005
84632,15,minibatch_k64,text_pca256_lexical_w005
84633,0,minibatch_k64,text_pca256_lexical_w005
84634,10,minibatch_k64,text_pca256_lexical_w005
84635,45,minibatch_k64,text_pca256_lexical_w005
84636,39,minibatch_k64,text_pca256_lexical_w005
84637,0,minibatch_k64,text_pca256_lexical_w005
84638,10,minibatch_k64,text_pca256_lexical_w005
84639,23,minibatch_k64,text_pca256_lexical_w005
84640,45,minibatch_k64,text_pca256_lexical_w005
84641,0,minibatch_k64,text_pca256_lexical_w005
84642,10,minibatch_k64,text_pca256_lexical_w005
84643,42,minibatch_k64,text_pca256_lexical_w005
84644,59,minibatch_k64,text_pca256_lexical_w005
84645,2,minibatch_k64,text_pca256_lexical_w005
84646,39,minibatch_k64,text_pca256_lexical_w005
84647,39,minibatch_k64,text_pca256_lexical_w005
84648,10,minibatch_k64,text_pca256_lexical_w005
84649,0,minibatch_k64,text_pca256_lexical_w005
84650,10,minibatch_k64,text_pca256_lexical_w005
84651,10,minibatch_k64,text_pca256_lexical_w005
84652,23,minibatch_k64,text_pca256_lexical_w005
84653,2,minibatch_k64,text_pca256_lexical_w005
84654,39,minibatch_k64,text_pca256_lexical_w005
84655,0,minibatch_k64,text_pca256_lexical_w005
84656,59,minibatch_k64,text_pca256_lexical_w005
84657,10,minibatch_k64,text_pca256_lexical_w005
84658,39,minibatch_k64,text_pca256_lexical_w005
84659,10,minibatch_k64,text_pca256_lexical_w005
84660,2,minibatch_k64,text_pca256_lexical_w005
84661,10,minibatch_k64,text_pca256_lexical_w005
84662,23,minibatch_k64,text_pca256_lexical_w005
84663,39,minibatch_k64,text_pca256_lexical_w005
84664,33,minibatch_k64,text_pca256_lexical_w005
84665,45,minibatch_k64,text_pca256_lexical_w005
84666,3,minibatch_k64,text_pca256_lexical_w005
84667,59,minibatch_k64,text_pca256_lexical_w005
84668,53,minibatch_k64,text_pca256_lexical_w005
84669,10,minibatch_k64,text_pca256_lexical_w005
84670,59,minibatch_k64,text_pca256_lexical_w005
84671,45,minibatch_k64,text_pca256_lexical_w005
84672,48,minibatch_k64,text_pca256_lexical_w005
84673,10,minibatch_k64,text_pca256_lexical_w005
84674,45,minibatch_k64,text_pca256_lexical_w005
84675,62,minibatch_k64,text_pca256_lexical_w005
84676,45,minibatch_k64,text_pca256_lexical_w005
84677,8,minibatch_k64,text_pca256_lexical_w005
84678,10,minibatch_k64,text_pca256_lexical_w005
84679,0,minibatch_k64,text_pca256_lexical_w005
84680,23,minibatch_k64,text_pca256_lexical_w005
84681,10,minibatch_k64,text_pca256_lexical_w005
84682,8,minibatch_k64,text_pca256_lexical_w005
84683,45,minibatch_k64,text_pca256_lexical_w005
84684,0,minibatch_k64,text_pca256_lexical_w005
84685,59,minibatch_k64,text_pca256_lexical_w005
84686,23,minibatch_k64,text_pca256_lexical_w005
84687,2,minibatch_k64,text_pca256_lexical_w005
84688,0,minibatch_k64,text_pca256_lexical_w005
84689,10,minibatch_k64,text_pca256_lexical_w005
84690,45,minibatch_k64,text_pca256_lexical_w005
84691,8,minibatch_k64,text_pca256_lexical_w005
84692,45,minibatch_k64,text_pca256_lexical_w005
84693,59,minibatch_k64,text_pca256_lexical_w005
84694,62,minibatch_k64,text_pca256_lexical_w005
84695,59,minibatch_k64,text_pca256_lexical_w005
84696,10,minibatch_k64,text_pca256_lexical_w005
84697,59,minibatch_k64,text_pca256_lexical_w005
84698,0,minibatch_k64,text_pca256_lexical_w005
84699,59,minibatch_k64,text_pca256_lexical_w005
84700,59,minibatch_k64,text_pca256_lexical_w005
84701,39,minibatch_k64,text_pca256_lexical_w005
84702,33,minibatch_k64,text_pca256_lexical_w005
84703,59,minibatch_k64,text_pca256_lexical_w005
84704,2,minibatch_k64,text_pca256_lexical_w005
84705,45,minibatch_k64,text_pca256_lexical_w005
84706,59,minibatch_k64,text_pca256_lexical_w005
84707,59,minibatch_k64,text_pca256_lexical_w005
84708,10,minibatch_k64,text_pca256_lexical_w005
84709,8,minibatch_k64,text_pca256_lexical_w005
84710,8,minibatch_k64,text_pca256_lexical_w005
84711,59,minibatch_k64,text_pca256_lexical_w005
84712,39,minibatch_k64,text_pca256_lexical_w005
84713,39,minibatch_k64,text_pca256_lexical_w005
84714,8,minibatch_k64,text_pca256_lexical_w005
84715,50,minibatch_k64,text_pca256_lexical_w005
84716,50,minibatch_k64,text_pca256_lexical_w005
84717,62,minibatch_k64,text_pca256_lexical_w005
84718,21,minibatch_k64,text_pca256_lexical_w005
84719,21,minibatch_k64,text_pca256_lexical_w005
84720,10,minibatch_k64,text_pca256_lexical_w005
84721,23,minibatch_k64,text_pca256_lexical_w005
84722,0,minibatch_k64,text_pca256_lexical_w005
84723,0,minibatch_k64,text_pca256_lexical_w005
84724,23,minibatch_k64,text_pca256_lexical_w005
84725,21,minibatch_k64,text_pca256_lexical_w005
84726,39,minibatch_k64,text_pca256_lexical_w005
84727,39,minibatch_k64,text_pca256_lexical_w005
84728,39,minibatch_k64,text_pca256_lexical_w005
84729,23,minibatch_k64,text_pca256_lexical_w005
84730,10,minibatch_k64,text_pca256_lexical_w005
84731,10,minibatch_k64,text_pca256_lexical_w005
84732,45,minibatch_k64,text_pca256_lexical_w005
84733,10,minibatch_k64,text_pca256_lexical_w005
84734,10,minibatch_k64,text_pca256_lexical_w005
84735,23,minibatch_k64,text_pca256_lexical_w005
84736,59,minibatch_k64,text_pca256_lexical_w005
84737,10,minibatch_k64,text_pca256_lexical_w005
84738,8,minibatch_k64,text_pca256_lexical_w005
84739,0,minibatch_k64,text_pca256_lexical_w005
84740,8,minibatch_k64,text_pca256_lexical_w005
84741,15,minibatch_k64,text_pca256_lexical_w005
84742,15,minibatch_k64,text_pca256_lexical_w005
84743,10,minibatch_k64,text_pca256_lexical_w005
84744,0,minibatch_k64,text_pca256_lexical_w005
84745,0,minibatch_k64,text_pca256_lexical_w005
84746,10,minibatch_k64,text_pca256_lexical_w005
84747,10,minibatch_k64,text_pca256_lexical_w005
84748,10,minibatch_k64,text_pca256_lexical_w005
84749,62,minibatch_k64,text_pca256_lexical_w005
84750,10,minibatch_k64,text_pca256_lexical_w005
84751,39,minibatch_k64,text_pca256_lexical_w005
84752,10,minibatch_k64,text_pca256_lexical_w005
84753,10,minibatch_k64,text_pca256_lexical_w005
84754,2,minibatch_k64,text_pca256_lexical_w005
84755,33,minibatch_k64,text_pca256_lexical_w005
84756,21,minibatch_k64,text_pca256_lexical_w005
84757,21,minibatch_k64,text_pca256_lexical_w005
84758,10,minibatch_k64,text_pca256_lexical_w005
84759,62,minibatch_k64,text_pca256_lexical_w005
84760,62,minibatch_k64,text_pca256_lexical_w005
84761,0,minibatch_k64,text_pca256_lexical_w005
84762,10,minibatch_k64,text_pca256_lexical_w005
84763,62,minibatch_k64,text_pca256_lexical_w005
84764,62,minibatch_k64,text_pca256_lexical_w005
84765,59,minibatch_k64,text_pca256_lexical_w005
84766,62,minibatch_k64,text_pca256_lexical_w005
84767,0,minibatch_k64,text_pca256_lexical_w005
84768,10,minibatch_k64,text_pca256_lexical_w005
84769,10,minibatch_k64,text_pca256_lexical_w005
84770,59,minibatch_k64,text_pca256_lexical_w005
84771,23,minibatch_k64,text_pca256_lexical_w005
84772,10,minibatch_k64,text_pca256_lexical_w005
84773,59,minibatch_k64,text_pca256_lexical_w005
84774,33,minibatch_k64,text_pca256_lexical_w005
84775,33,minibatch_k64,text_pca256_lexical_w005
84776,8,minibatch_k64,text_pca256_lexical_w005
84777,33,minibatch_k64,text_pca256_lexical_w005
84778,33,minibatch_k64,text_pca256_lexical_w005
84779,8,minibatch_k64,text_pca256_lexical_w005
84780,0,minibatch_k64,text_pca256_lexical_w005
84781,10,minibatch_k64,text_pca256_lexical_w005
84782,39,minibatch_k64,text_pca256_lexical_w005
84783,2,minibatch_k64,text_pca256_lexical_w005
84784,2,minibatch_k64,text_pca256_lexical_w005
84785,10,minibatch_k64,text_pca256_lexical_w005
84786,10,minibatch_k64,text_pca256_lexical_w005
84787,2,minibatch_k64,text_pca256_lexical_w005
84788,59,minibatch_k64,text_pca256_lexical_w005
84789,59,minibatch_k64,text_pca256_lexical_w005
84790,59,minibatch_k64,text_pca256_lexical_w005
84791,39,minibatch_k64,text_pca256_lexical_w005
84792,10,minibatch_k64,text_pca256_lexical_w005
84793,59,minibatch_k64,text_pca256_lexical_w005
84794,39,minibatch_k64,text_pca256_lexical_w005
84795,10,minibatch_k64,text_pca256_lexical_w005
84796,45,minibatch_k64,text_pca256_lexical_w005
84797,39,minibatch_k64,text_pca256_lexical_w005
84798,8,minibatch_k64,text_pca256_lexical_w005
84799,10,minibatch_k64,text_pca256_lexical_w005
84800,53,minibatch_k64,text_pca256_lexical_w005
84801,10,minibatch_k64,text_pca256_lexical_w005
84802,39,minibatch_k64,text_pca256_lexical_w005
84803,10,minibatch_k64,text_pca256_lexical_w005
84804,42,minibatch_k64,text_pca256_lexical_w005
84805,10,minibatch_k64,text_pca256_lexical_w005
84806,59,minibatch_k64,text_pca256_lexical_w005
84807,59,minibatch_k64,text_pca256_lexical_w005
84808,10,minibatch_k64,text_pca256_lexical_w005
84809,53,minibatch_k64,text_pca256_lexical_w005
84810,10,minibatch_k64,text_pca256_lexical_w005
84811,33,minibatch_k64,text_pca256_lexical_w005
84812,45,minibatch_k64,text_pca256_lexical_w005
84813,45,minibatch_k64,text_pca256_lexical_w005
84814,59,minibatch_k64,text_pca256_lexical_w005
84815,2,minibatch_k64,text_pca256_lexical_w005
84816,59,minibatch_k64,text_pca256_lexical_w005
84817,39,minibatch_k64,text_pca256_lexical_w005
84818,62,minibatch_k64,text_pca256_lexical_w005
84819,39,minibatch_k64,text_pca256_lexical_w005
84820,10,minibatch_k64,text_pca256_lexical_w005
84821,10,minibatch_k64,text_pca256_lexical_w005
84822,10,minibatch_k64,text_pca256_lexical_w005
84823,45,minibatch_k64,text_pca256_lexical_w005
84824,62,minibatch_k64,text_pca256_lexical_w005
84825,62,minibatch_k64,text_pca256_lexical_w005
84826,2,minibatch_k64,text_pca256_lexical_w005
84827,2,minibatch_k64,text_pca256_lexical_w005
84828,59,minibatch_k64,text_pca256_lexical_w005
84829,10,minibatch_k64,text_pca256_lexical_w005
84830,39,minibatch_k64,text_pca256_lexical_w005
84831,39,minibatch_k64,text_pca256_lexical_w005
84832,8,minibatch_k64,text_pca256_lexical_w005
84833,10,minibatch_k64,text_pca256_lexical_w005
84834,6,minibatch_k64,text_pca256_lexical_w005
84835,8,minibatch_k64,text_pca256_lexical_w005
84836,59,minibatch_k64,text_pca256_lexical_w005
84837,39,minibatch_k64,text_pca256_lexical_w005
84838,10,minibatch_k64,text_pca256_lexical_w005
84839,10,minibatch_k64,text_pca256_lexical_w005
84840,33,minibatch_k64,text_pca256_lexical_w005
84841,0,minibatch_k64,text_pca256_lexical_w005
84842,33,minibatch_k64,text_pca256_lexical_w005
84843,8,minibatch_k64,text_pca256_lexical_w005
84844,59,minibatch_k64,text_pca256_lexical_w005
84845,8,minibatch_k64,text_pca256_lexical_w005
84846,8,minibatch_k64,text_pca256_lexical_w005
84847,33,minibatch_k64,text_pca256_lexical_w005
84848,10,minibatch_k64,text_pca256_lexical_w005
84849,0,minibatch_k64,text_pca256_lexical_w005
84850,10,minibatch_k64,text_pca256_lexical_w005
84851,23,minibatch_k64,text_pca256_lexical_w005
84852,10,minibatch_k64,text_pca256_lexical_w005
84853,10,minibatch_k64,text_pca256_lexical_w005
84854,10,minibatch_k64,text_pca256_lexical_w005
84855,23,minibatch_k64,text_pca256_lexical_w005
84856,10,minibatch_k64,text_pca256_lexical_w005
84857,23,minibatch_k64,text_pca256_lexical_w005
84858,39,minibatch_k64,text_pca256_lexical_w005
84859,23,minibatch_k64,text_pca256_lexical_w005
84860,10,minibatch_k64,text_pca256_lexical_w005
84861,39,minibatch_k64,text_pca256_lexical_w005
84862,0,minibatch_k64,text_pca256_lexical_w005
84863,10,minibatch_k64,text_pca256_lexical_w005
84864,10,minibatch_k64,text_pca256_lexical_w005
84865,10,minibatch_k64,text_pca256_lexical_w005
84866,10,minibatch_k64,text_pca256_lexical_w005
84867,10,minibatch_k64,text_pca256_lexical_w005
84868,53,minibatch_k64,text_pca256_lexical_w005
84869,53,minibatch_k64,text_pca256_lexical_w005
84870,10,minibatch_k64,text_pca256_lexical_w005
84871,23,minibatch_k64,text_pca256_lexical_w005
84872,33,minibatch_k64,text_pca256_lexical_w005
84873,33,minibatch_k64,text_pca256_lexical_w005
84874,0,minibatch_k64,text_pca256_lexical_w005
84875,0,minibatch_k64,text_pca256_lexical_w005
84876,33,minibatch_k64,text_pca256_lexical_w005
84877,33,minibatch_k64,text_pca256_lexical_w005
84878,10,minibatch_k64,text_pca256_lexical_w005
84879,45,minibatch_k64,text_pca256_lexical_w005
84880,2,minibatch_k64,text_pca256_lexical_w005
84881,39,minibatch_k64,text_pca256_lexical_w005
84882,10,minibatch_k64,text_pca256_lexical_w005
84883,39,minibatch_k64,text_pca256_lexical_w005
84884,10,minibatch_k64,text_pca256_lexical_w005
84885,10,minibatch_k64,text_pca256_lexical_w005
84886,21,minibatch_k64,text_pca256_lexical_w005
84887,10,minibatch_k64,text_pca256_lexical_w005
84888,59,minibatch_k64,text_pca256_lexical_w005
84889,62,minibatch_k64,text_pca256_lexical_w005
84890,10,minibatch_k64,text_pca256_lexical_w005
84891,59,minibatch_k64,text_pca256_lexical_w005
84892,59,minibatch_k64,text_pca256_lexical_w005
84893,59,minibatch_k64,text_pca256_lexical_w005
84894,45,minibatch_k64,text_pca256_lexical_w005
84895,62,minibatch_k64,text_pca256_lexical_w005
84896,0,minibatch_k64,text_pca256_lexical_w005
84897,6,minibatch_k64,text_pca256_lexical_w005
84898,10,minibatch_k64,text_pca256_lexical_w005
84899,0,minibatch_k64,text_pca256_lexical_w005
84900,10,minibatch_k64,text_pca256_lexical_w005
84901,0,minibatch_k64,text_pca256_lexical_w005
84902,10,minibatch_k64,text_pca256_lexical_w005
84903,8,minibatch_k64,text_pca256_lexical_w005
84904,0,minibatch_k64,text_pca256_lexical_w005
84905,10,minibatch_k64,text_pca256_lexical_w005
84906,59,minibatch_k64,text_pca256_lexical_w005
84907,2,minibatch_k64,text_pca256_lexical_w005
84908,10,minibatch_k64,text_pca256_lexical_w005
84909,62,minibatch_k64,text_pca256_lexical_w005
84910,62,minibatch_k64,text_pca256_lexical_w005
84911,59,minibatch_k64,text_pca256_lexical_w005
84912,45,minibatch_k64,text_pca256_lexical_w005
84913,2,minibatch_k64,text_pca256_lexical_w005
84914,10,minibatch_k64,text_pca256_lexical_w005
84915,10,minibatch_k64,text_pca256_lexical_w005
84916,10,minibatch_k64,text_pca256_lexical_w005
84917,39,minibatch_k64,text_pca256_lexical_w005
84918,6,minibatch_k64,text_pca256_lexical_w005
84919,10,minibatch_k64,text_pca256_lexical_w005
84920,42,minibatch_k64,text_pca256_lexical_w005
84921,42,minibatch_k64,text_pca256_lexical_w005
84922,59,minibatch_k64,text_pca256_lexical_w005
84923,15,minibatch_k64,text_pca256_lexical_w005
84924,39,minibatch_k64,text_pca256_lexical_w005
84925,39,minibatch_k64,text_pca256_lexical_w005
84926,10,minibatch_k64,text_pca256_lexical_w005
84927,10,minibatch_k64,text_pca256_lexical_w005
84928,59,minibatch_k64,text_pca256_lexical_w005
84929,59,minibatch_k64,text_pca256_lexical_w005
84930,62,minibatch_k64,text_pca256_lexical_w005
84931,3,minibatch_k64,text_pca256_lexical_w005
84932,45,minibatch_k64,text_pca256_lexical_w005
84933,59,minibatch_k64,text_pca256_lexical_w005
84934,8,minibatch_k64,text_pca256_lexical_w005
84935,8,minibatch_k64,text_pca256_lexical_w005
84936,59,minibatch_k64,text_pca256_lexical_w005
84937,62,minibatch_k64,text_pca256_lexical_w005
84938,45,minibatch_k64,text_pca256_lexical_w005
84939,8,minibatch_k64,text_pca256_lexical_w005
84940,23,minibatch_k64,text_pca256_lexical_w005
84941,15,minibatch_k64,text_pca256_lexical_w005
84942,8,minibatch_k64,text_pca256_lexical_w005
84943,0,minibatch_k64,text_pca256_lexical_w005
84944,62,minibatch_k64,text_pca256_lexical_w005
84945,0,minibatch_k64,text_pca256_lexical_w005
84946,62,minibatch_k64,text_pca256_lexical_w005
84947,62,minibatch_k64,text_pca256_lexical_w005
84948,15,minibatch_k64,text_pca256_lexical_w005
84949,0,minibatch_k64,text_pca256_lexical_w005
84950,62,minibatch_k64,text_pca256_lexical_w005
84951,0,minibatch_k64,text_pca256_lexical_w005
84952,62,minibatch_k64,text_pca256_lexical_w005
84953,33,minibatch_k64,text_pca256_lexical_w005
84954,23,minibatch_k64,text_pca256_lexical_w005
84955,62,minibatch_k64,text_pca256_lexical_w005
84956,8,minibatch_k64,text_pca256_lexical_w005
84957,10,minibatch_k64,text_pca256_lexical_w005
84958,59,minibatch_k64,text_pca256_lexical_w005
84959,8,minibatch_k64,text_pca256_lexical_w005
84960,33,minibatch_k64,text_pca256_lexical_w005
84961,2,minibatch_k64,text_pca256_lexical_w005
84962,23,minibatch_k64,text_pca256_lexical_w005
84963,59,minibatch_k64,text_pca256_lexical_w005
84964,8,minibatch_k64,text_pca256_lexical_w005
84965,48,minibatch_k64,text_pca256_lexical_w005
84966,59,minibatch_k64,text_pca256_lexical_w005
84967,53,minibatch_k64,text_pca256_lexical_w005
84968,10,minibatch_k64,text_pca256_lexical_w005
84969,10,minibatch_k64,text_pca256_lexical_w005
84970,10,minibatch_k64,text_pca256_lexical_w005
84971,0,minibatch_k64,text_pca256_lexical_w005
84972,10,minibatch_k64,text_pca256_lexical_w005
84973,59,minibatch_k64,text_pca256_lexical_w005
84974,3,minibatch_k64,text_pca256_lexical_w005
84975,10,minibatch_k64,text_pca256_lexical_w005
84976,15,minibatch_k64,text_pca256_lexical_w005
84977,8,minibatch_k64,text_pca256_lexical_w005
84978,8,minibatch_k64,text_pca256_lexical_w005
84979,10,minibatch_k64,text_pca256_lexical_w005
84980,10,minibatch_k64,text_pca256_lexical_w005
84981,2,minibatch_k64,text_pca256_lexical_w005
84982,8,minibatch_k64,text_pca256_lexical_w005
84983,10,minibatch_k64,text_pca256_lexical_w005
84984,0,minibatch_k64,text_pca256_lexical_w005
84985,10,minibatch_k64,text_pca256_lexical_w005
84986,59,minibatch_k64,text_pca256_lexical_w005
84987,8,minibatch_k64,text_pca256_lexical_w005
84988,45,minibatch_k64,text_pca256_lexical_w005
84989,15,minibatch_k64,text_pca256_lexical_w005
84990,21,minibatch_k64,text_pca256_lexical_w005
84991,23,minibatch_k64,text_pca256_lexical_w005
84992,0,minibatch_k64,text_pca256_lexical_w005
84993,62,minibatch_k64,text_pca256_lexical_w005
84994,53,minibatch_k64,text_pca256_lexical_w005
84995,0,minibatch_k64,text_pca256_lexical_w005
84996,56,minibatch_k64,text_pca256_lexical_w005
84997,59,minibatch_k64,text_pca256_lexical_w005
84998,45,minibatch_k64,text_pca256_lexical_w005
84999,8,minibatch_k64,text_pca256_lexical_w005
85000,62,minibatch_k64,text_pca256_lexical_w005
85001,10,minibatch_k64,text_pca256_lexical_w005
85002,0,minibatch_k64,text_pca256_lexical_w005
85003,2,minibatch_k64,text_pca256_lexical_w005
85004,0,minibatch_k64,text_pca256_lexical_w005
85005,8,minibatch_k64,text_pca256_lexical_w005
85006,62,minibatch_k64,text_pca256_lexical_w005
85007,53,minibatch_k64,text_pca256_lexical_w005
85008,15,minibatch_k64,text_pca256_lexical_w005
85009,53,minibatch_k64,text_pca256_lexical_w005
85010,8,minibatch_k64,text_pca256_lexical_w005
85011,39,minibatch_k64,text_pca256_lexical_w005
85012,0,minibatch_k64,text_pca256_lexical_w005
85013,62,minibatch_k64,text_pca256_lexical_w005
85014,10,minibatch_k64,text_pca256_lexical_w005
85015,8,minibatch_k64,text_pca256_lexical_w005
85016,0,minibatch_k64,text_pca256_lexical_w005
85017,15,minibatch_k64,text_pca256_lexical_w005
85018,0,minibatch_k64,text_pca256_lexical_w005
85019,8,minibatch_k64,text_pca256_lexical_w005
85020,8,minibatch_k64,text_pca256_lexical_w005
85021,42,minibatch_k64,text_pca256_lexical_w005
85022,53,minibatch_k64,text_pca256_lexical_w005
85023,8,minibatch_k64,text_pca256_lexical_w005
85024,42,minibatch_k64,text_pca256_lexical_w005
85025,50,minibatch_k64,text_pca256_lexical_w005
85026,62,minibatch_k64,text_pca256_lexical_w005
85027,23,minibatch_k64,text_pca256_lexical_w005
85028,62,minibatch_k64,text_pca256_lexical_w005
85029,15,minibatch_k64,text_pca256_lexical_w005
85030,59,minibatch_k64,text_pca256_lexical_w005
85031,8,minibatch_k64,text_pca256_lexical_w005
85032,1,minibatch_k64,text_pca256_lexical_w005
85033,1,minibatch_k64,text_pca256_lexical_w005
85034,1,minibatch_k64,text_pca256_lexical_w005
85035,21,minibatch_k64,text_pca256_lexical_w005
85036,1,minibatch_k64,text_pca256_lexical_w005
85037,1,minibatch_k64,text_pca256_lexical_w005
85038,62,minibatch_k64,text_pca256_lexical_w005
85039,1,minibatch_k64,text_pca256_lexical_w005
85040,56,minibatch_k64,text_pca256_lexical_w005
85041,1,minibatch_k64,text_pca256_lexical_w005
85042,1,minibatch_k64,text_pca256_lexical_w005
85043,1,minibatch_k64,text_pca256_lexical_w005
85044,1,minibatch_k64,text_pca256_lexical_w005
85045,21,minibatch_k64,text_pca256_lexical_w005
85046,21,minibatch_k64,text_pca256_lexical_w005
85047,1,minibatch_k64,text_pca256_lexical_w005
85048,1,minibatch_k64,text_pca256_lexical_w005
85049,1,minibatch_k64,text_pca256_lexical_w005
85050,1,minibatch_k64,text_pca256_lexical_w005
85051,49,minibatch_k64,text_pca256_lexical_w005
85052,1,minibatch_k64,text_pca256_lexical_w005
85053,42,minibatch_k64,text_pca256_lexical_w005
85054,1,minibatch_k64,text_pca256_lexical_w005
85055,49,minibatch_k64,text_pca256_lexical_w005
85056,56,minibatch_k64,text_pca256_lexical_w005
85057,21,minibatch_k64,text_pca256_lexical_w005
85058,1,minibatch_k64,text_pca256_lexical_w005
85059,49,minibatch_k64,text_pca256_lexical_w005
85060,62,minibatch_k64,text_pca256_lexical_w005
85061,56,minibatch_k64,text_pca256_lexical_w005
85062,56,minibatch_k64,text_pca256_lexical_w005
85063,49,minibatch_k64,text_pca256_lexical_w005
85064,49,minibatch_k64,text_pca256_lexical_w005
85065,1,minibatch_k64,text_pca256_lexical_w005
85066,56,minibatch_k64,text_pca256_lexical_w005
85067,1,minibatch_k64,text_pca256_lexical_w005
85068,49,minibatch_k64,text_pca256_lexical_w005
85069,42,minibatch_k64,text_pca256_lexical_w005
85070,56,minibatch_k64,text_pca256_lexical_w005
85071,1,minibatch_k64,text_pca256_lexical_w005
85072,49,minibatch_k64,text_pca256_lexical_w005
85073,62,minibatch_k64,text_pca256_lexical_w005
85074,56,minibatch_k64,text_pca256_lexical_w005
85075,56,minibatch_k64,text_pca256_lexical_w005
85076,0,minibatch_k64,text_pca256_lexical_w005
85077,1,minibatch_k64,text_pca256_lexical_w005
85078,49,minibatch_k64,text_pca256_lexical_w005
85079,15,minibatch_k64,text_pca256_lexical_w005
85080,1,minibatch_k64,text_pca256_lexical_w005
85081,49,minibatch_k64,text_pca256_lexical_w005
85082,56,minibatch_k64,text_pca256_lexical_w005
85083,1,minibatch_k64,text_pca256_lexical_w005
85084,49,minibatch_k64,text_pca256_lexical_w005
85085,62,minibatch_k64,text_pca256_lexical_w005
85086,49,minibatch_k64,text_pca256_lexical_w005
85087,1,minibatch_k64,text_pca256_lexical_w005
85088,33,minibatch_k64,text_pca256_lexical_w005
85089,49,minibatch_k64,text_pca256_lexical_w005
85090,0,minibatch_k64,text_pca256_lexical_w005
85091,56,minibatch_k64,text_pca256_lexical_w005
85092,1,minibatch_k64,text_pca256_lexical_w005
85093,49,minibatch_k64,text_pca256_lexical_w005
85094,25,minibatch_k64,text_pca256_lexical_w005
85095,4,minibatch_k64,text_pca256_lexical_w005
85096,21,minibatch_k64,text_pca256_lexical_w005
85097,1,minibatch_k64,text_pca256_lexical_w005
85098,56,minibatch_k64,text_pca256_lexical_w005
85099,10,minibatch_k64,text_pca256_lexical_w005
85100,49,minibatch_k64,text_pca256_lexical_w005
85101,1,minibatch_k64,text_pca256_lexical_w005
85102,49,minibatch_k64,text_pca256_lexical_w005
85103,33,minibatch_k64,text_pca256_lexical_w005
85104,56,minibatch_k64,text_pca256_lexical_w005
85105,1,minibatch_k64,text_pca256_lexical_w005
85106,1,minibatch_k64,text_pca256_lexical_w005
85107,49,minibatch_k64,text_pca256_lexical_w005
85108,0,minibatch_k64,text_pca256_lexical_w005
85109,21,minibatch_k64,text_pca256_lexical_w005
85110,4,minibatch_k64,text_pca256_lexical_w005
85111,49,minibatch_k64,text_pca256_lexical_w005
85112,1,minibatch_k64,text_pca256_lexical_w005
85113,42,minibatch_k64,text_pca256_lexical_w005
85114,15,minibatch_k64,text_pca256_lexical_w005
85115,56,minibatch_k64,text_pca256_lexical_w005
85116,1,minibatch_k64,text_pca256_lexical_w005
85117,4,minibatch_k64,text_pca256_lexical_w005
85118,1,minibatch_k64,text_pca256_lexical_w005
85119,42,minibatch_k64,text_pca256_lexical_w005
85120,15,minibatch_k64,text_pca256_lexical_w005
85121,0,minibatch_k64,text_pca256_lexical_w005
85122,49,minibatch_k64,text_pca256_lexical_w005
85123,1,minibatch_k64,text_pca256_lexical_w005
85124,33,minibatch_k64,text_pca256_lexical_w005
85125,23,minibatch_k64,text_pca256_lexical_w005
85126,21,minibatch_k64,text_pca256_lexical_w005
85127,1,minibatch_k64,text_pca256_lexical_w005
85128,0,minibatch_k64,text_pca256_lexical_w005
85129,49,minibatch_k64,text_pca256_lexical_w005
85130,33,minibatch_k64,text_pca256_lexical_w005
85131,1,minibatch_k64,text_pca256_lexical_w005
85132,1,minibatch_k64,text_pca256_lexical_w005
85133,49,minibatch_k64,text_pca256_lexical_w005
85134,33,minibatch_k64,text_pca256_lexical_w005
85135,49,minibatch_k64,text_pca256_lexical_w005
85136,25,minibatch_k64,text_pca256_lexical_w005
85137,1,minibatch_k64,text_pca256_lexical_w005
85138,33,minibatch_k64,text_pca256_lexical_w005
85139,62,minibatch_k64,text_pca256_lexical_w005
85140,21,minibatch_k64,text_pca256_lexical_w005
85141,1,minibatch_k64,text_pca256_lexical_w005
85142,62,minibatch_k64,text_pca256_lexical_w005
85143,8,minibatch_k64,text_pca256_lexical_w005
85144,56,minibatch_k64,text_pca256_lexical_w005
85145,0,minibatch_k64,text_pca256_lexical_w005
85146,4,minibatch_k64,text_pca256_lexical_w005
85147,56,minibatch_k64,text_pca256_lexical_w005
85148,56,minibatch_k64,text_pca256_lexical_w005
85149,55,minibatch_k64,text_pca256_lexical_w005
85150,1,minibatch_k64,text_pca256_lexical_w005
85151,1,minibatch_k64,text_pca256_lexical_w005
85152,42,minibatch_k64,text_pca256_lexical_w005
85153,15,minibatch_k64,text_pca256_lexical_w005
85154,1,minibatch_k64,text_pca256_lexical_w005
85155,33,minibatch_k64,text_pca256_lexical_w005
85156,1,minibatch_k64,text_pca256_lexical_w005
85157,1,minibatch_k64,text_pca256_lexical_w005
85158,10,minibatch_k64,text_pca256_lexical_w005
85159,33,minibatch_k64,text_pca256_lexical_w005
85160,0,minibatch_k64,text_pca256_lexical_w005
85161,56,minibatch_k64,text_pca256_lexical_w005
85162,62,minibatch_k64,text_pca256_lexical_w005
85163,33,minibatch_k64,text_pca256_lexical_w005
85164,1,minibatch_k64,text_pca256_lexical_w005
85165,56,minibatch_k64,text_pca256_lexical_w005
85166,1,minibatch_k64,text_pca256_lexical_w005
85167,8,minibatch_k64,text_pca256_lexical_w005
85168,21,minibatch_k64,text_pca256_lexical_w005
85169,25,minibatch_k64,text_pca256_lexical_w005
85170,56,minibatch_k64,text_pca256_lexical_w005
85171,62,minibatch_k64,text_pca256_lexical_w005
85172,42,minibatch_k64,text_pca256_lexical_w005
85173,56,minibatch_k64,text_pca256_lexical_w005
85174,0,minibatch_k64,text_pca256_lexical_w005
85175,38,minibatch_k64,text_pca256_lexical_w005
85176,39,minibatch_k64,text_pca256_lexical_w005
85177,56,minibatch_k64,text_pca256_lexical_w005
85178,56,minibatch_k64,text_pca256_lexical_w005
85179,55,minibatch_k64,text_pca256_lexical_w005
85180,60,minibatch_k64,text_pca256_lexical_w005
85181,8,minibatch_k64,text_pca256_lexical_w005
85182,56,minibatch_k64,text_pca256_lexical_w005
85183,33,minibatch_k64,text_pca256_lexical_w005
85184,56,minibatch_k64,text_pca256_lexical_w005
85185,25,minibatch_k64,text_pca256_lexical_w005
85186,8,minibatch_k64,text_pca256_lexical_w005
85187,0,minibatch_k64,text_pca256_lexical_w005
85188,62,minibatch_k64,text_pca256_lexical_w005
85189,0,minibatch_k64,text_pca256_lexical_w005
85190,55,minibatch_k64,text_pca256_lexical_w005
85191,60,minibatch_k64,text_pca256_lexical_w005
85192,8,minibatch_k64,text_pca256_lexical_w005
85193,42,minibatch_k64,text_pca256_lexical_w005
85194,8,minibatch_k64,text_pca256_lexical_w005
85195,0,minibatch_k64,text_pca256_lexical_w005
85196,59,minibatch_k64,text_pca256_lexical_w005
85197,45,minibatch_k64,text_pca256_lexical_w005
85198,10,minibatch_k64,text_pca256_lexical_w005
85199,8,minibatch_k64,text_pca256_lexical_w005
85200,62,minibatch_k64,text_pca256_lexical_w005
85201,25,minibatch_k64,text_pca256_lexical_w005
85202,59,minibatch_k64,text_pca256_lexical_w005
85203,45,minibatch_k64,text_pca256_lexical_w005
85204,0,minibatch_k64,text_pca256_lexical_w005
85205,0,minibatch_k64,text_pca256_lexical_w005
85206,8,minibatch_k64,text_pca256_lexical_w005
85207,56,minibatch_k64,text_pca256_lexical_w005
85208,0,minibatch_k64,text_pca256_lexical_w005
85209,8,minibatch_k64,text_pca256_lexical_w005
85210,38,minibatch_k64,text_pca256_lexical_w005
85211,8,minibatch_k64,text_pca256_lexical_w005
85212,55,minibatch_k64,text_pca256_lexical_w005
85213,60,minibatch_k64,text_pca256_lexical_w005
85214,62,minibatch_k64,text_pca256_lexical_w005
85215,8,minibatch_k64,text_pca256_lexical_w005
85216,8,minibatch_k64,text_pca256_lexical_w005
85217,59,minibatch_k64,text_pca256_lexical_w005
85218,8,minibatch_k64,text_pca256_lexical_w005
85219,42,minibatch_k64,text_pca256_lexical_w005
85220,42,minibatch_k64,text_pca256_lexical_w005
85221,45,minibatch_k64,text_pca256_lexical_w005
85222,27,minibatch_k64,text_pca256_lexical_w005
85223,27,minibatch_k64,text_pca256_lexical_w005
85224,27,minibatch_k64,text_pca256_lexical_w005
85225,45,minibatch_k64,text_pca256_lexical_w005
85226,27,minibatch_k64,text_pca256_lexical_w005
85227,45,minibatch_k64,text_pca256_lexical_w005
85228,18,minibatch_k64,text_pca256_lexical_w005
85229,27,minibatch_k64,text_pca256_lexical_w005
85230,27,minibatch_k64,text_pca256_lexical_w005
85231,62,minibatch_k64,text_pca256_lexical_w005
85232,8,minibatch_k64,text_pca256_lexical_w005
85233,45,minibatch_k64,text_pca256_lexical_w005
85234,45,minibatch_k64,text_pca256_lexical_w005
85235,18,minibatch_k64,text_pca256_lexical_w005
85236,45,minibatch_k64,text_pca256_lexical_w005
85237,42,minibatch_k64,text_pca256_lexical_w005
85238,59,minibatch_k64,text_pca256_lexical_w005
85239,18,minibatch_k64,text_pca256_lexical_w005
85240,18,minibatch_k64,text_pca256_lexical_w005
85241,50,minibatch_k64,text_pca256_lexical_w005
85242,0,minibatch_k64,text_pca256_lexical_w005
85243,27,minibatch_k64,text_pca256_lexical_w005
85244,41,minibatch_k64,text_pca256_lexical_w005
85245,10,minibatch_k64,text_pca256_lexical_w005
85246,41,minibatch_k64,text_pca256_lexical_w005
85247,41,minibatch_k64,text_pca256_lexical_w005
85248,41,minibatch_k64,text_pca256_lexical_w005
85249,41,minibatch_k64,text_pca256_lexical_w005
85250,41,minibatch_k64,text_pca256_lexical_w005
85251,41,minibatch_k64,text_pca256_lexical_w005
85252,41,minibatch_k64,text_pca256_lexical_w005
85253,41,minibatch_k64,text_pca256_lexical_w005
85254,41,minibatch_k64,text_pca256_lexical_w005
85255,42,minibatch_k64,text_pca256_lexical_w005
85256,59,minibatch_k64,text_pca256_lexical_w005
85257,42,minibatch_k64,text_pca256_lexical_w005
85258,0,minibatch_k64,text_pca256_lexical_w005
85259,8,minibatch_k64,text_pca256_lexical_w005
85260,34,minibatch_k64,text_pca256_lexical_w005
85261,42,minibatch_k64,text_pca256_lexical_w005
85262,34,minibatch_k64,text_pca256_lexical_w005
85263,34,minibatch_k64,text_pca256_lexical_w005
85264,59,minibatch_k64,text_pca256_lexical_w005
85265,0,minibatch_k64,text_pca256_lexical_w005
85266,0,minibatch_k64,text_pca256_lexical_w005
85267,7,minibatch_k64,text_pca256_lexical_w005
85268,34,minibatch_k64,text_pca256_lexical_w005
85269,56,minibatch_k64,text_pca256_lexical_w005
85270,56,minibatch_k64,text_pca256_lexical_w005
85271,42,minibatch_k64,text_pca256_lexical_w005
85272,0,minibatch_k64,text_pca256_lexical_w005
85273,8,minibatch_k64,text_pca256_lexical_w005
85274,23,minibatch_k64,text_pca256_lexical_w005
85275,21,minibatch_k64,text_pca256_lexical_w005
85276,0,minibatch_k64,text_pca256_lexical_w005
85277,0,minibatch_k64,text_pca256_lexical_w005
85278,23,minibatch_k64,text_pca256_lexical_w005
85279,38,minibatch_k64,text_pca256_lexical_w005
85280,55,minibatch_k64,text_pca256_lexical_w005
85281,0,minibatch_k64,text_pca256_lexical_w005
85282,21,minibatch_k64,text_pca256_lexical_w005
85283,21,minibatch_k64,text_pca256_lexical_w005
85284,38,minibatch_k64,text_pca256_lexical_w005
85285,55,minibatch_k64,text_pca256_lexical_w005
85286,0,minibatch_k64,text_pca256_lexical_w005
85287,38,minibatch_k64,text_pca256_lexical_w005
85288,15,minibatch_k64,text_pca256_lexical_w005
85289,55,minibatch_k64,text_pca256_lexical_w005
85290,15,minibatch_k64,text_pca256_lexical_w005
85291,8,minibatch_k64,text_pca256_lexical_w005
85292,2,minibatch_k64,text_pca256_lexical_w005
85293,38,minibatch_k64,text_pca256_lexical_w005
85294,0,minibatch_k64,text_pca256_lexical_w005
85295,0,minibatch_k64,text_pca256_lexical_w005
85296,42,minibatch_k64,text_pca256_lexical_w005
85297,15,minibatch_k64,text_pca256_lexical_w005
85298,15,minibatch_k64,text_pca256_lexical_w005
85299,15,minibatch_k64,text_pca256_lexical_w005
85300,0,minibatch_k64,text_pca256_lexical_w005
85301,23,minibatch_k64,text_pca256_lexical_w005
85302,0,minibatch_k64,text_pca256_lexical_w005
85303,38,minibatch_k64,text_pca256_lexical_w005
85304,55,minibatch_k64,text_pca256_lexical_w005
85305,40,minibatch_k64,text_pca256_lexical_w005
85306,40,minibatch_k64,text_pca256_lexical_w005
85307,12,minibatch_k64,text_pca256_lexical_w005
85308,40,minibatch_k64,text_pca256_lexical_w005
85309,40,minibatch_k64,text_pca256_lexical_w005
85310,33,minibatch_k64,text_pca256_lexical_w005
85311,40,minibatch_k64,text_pca256_lexical_w005
85312,32,minibatch_k64,text_pca256_lexical_w005
85313,15,minibatch_k64,text_pca256_lexical_w005
85314,15,minibatch_k64,text_pca256_lexical_w005
85315,2,minibatch_k64,text_pca256_lexical_w005
85316,0,minibatch_k64,text_pca256_lexical_w005
85317,38,minibatch_k64,text_pca256_lexical_w005
85318,55,minibatch_k64,text_pca256_lexical_w005
85319,40,minibatch_k64,text_pca256_lexical_w005
85320,40,minibatch_k64,text_pca256_lexical_w005
85321,12,minibatch_k64,text_pca256_lexical_w005
85322,40,minibatch_k64,text_pca256_lexical_w005
85323,62,minibatch_k64,text_pca256_lexical_w005
85324,38,minibatch_k64,text_pca256_lexical_w005
85325,55,minibatch_k64,text_pca256_lexical_w005
85326,40,minibatch_k64,text_pca256_lexical_w005
85327,0,minibatch_k64,text_pca256_lexical_w005
85328,38,minibatch_k64,text_pca256_lexical_w005
85329,40,minibatch_k64,text_pca256_lexical_w005
85330,55,minibatch_k64,text_pca256_lexical_w005
85331,40,minibatch_k64,text_pca256_lexical_w005
85332,40,minibatch_k64,text_pca256_lexical_w005
85333,40,minibatch_k64,text_pca256_lexical_w005
85334,12,minibatch_k64,text_pca256_lexical_w005
85335,12,minibatch_k64,text_pca256_lexical_w005
85336,12,minibatch_k64,text_pca256_lexical_w005
85337,40,minibatch_k64,text_pca256_lexical_w005
85338,12,minibatch_k64,text_pca256_lexical_w005
85339,40,minibatch_k64,text_pca256_lexical_w005
85340,12,minibatch_k64,text_pca256_lexical_w005
85341,40,minibatch_k64,text_pca256_lexical_w005
85342,12,minibatch_k64,text_pca256_lexical_w005
85343,56,minibatch_k64,text_pca256_lexical_w005
85344,40,minibatch_k64,text_pca256_lexical_w005
85345,40,minibatch_k64,text_pca256_lexical_w005
85346,55,minibatch_k64,text_pca256_lexical_w005
85347,38,minibatch_k64,text_pca256_lexical_w005
85348,40,minibatch_k64,text_pca256_lexical_w005
85349,40,minibatch_k64,text_pca256_lexical_w005
85350,38,minibatch_k64,text_pca256_lexical_w005
85351,55,minibatch_k64,text_pca256_lexical_w005
85352,40,minibatch_k64,text_pca256_lexical_w005
85353,32,minibatch_k64,text_pca256_lexical_w005
85354,40,minibatch_k64,text_pca256_lexical_w005
85355,32,minibatch_k64,text_pca256_lexical_w005
85356,40,minibatch_k64,text_pca256_lexical_w005
85357,40,minibatch_k64,text_pca256_lexical_w005
85358,40,minibatch_k64,text_pca256_lexical_w005
85359,32,minibatch_k64,text_pca256_lexical_w005
85360,38,minibatch_k64,text_pca256_lexical_w005
85361,0,minibatch_k64,text_pca256_lexical_w005
85362,40,minibatch_k64,text_pca256_lexical_w005
85363,62,minibatch_k64,text_pca256_lexical_w005
85364,38,minibatch_k64,text_pca256_lexical_w005
85365,0,minibatch_k64,text_pca256_lexical_w005
85366,0,minibatch_k64,text_pca256_lexical_w005
85367,0,minibatch_k64,text_pca256_lexical_w005
85368,8,minibatch_k64,text_pca256_lexical_w005
85369,0,minibatch_k64,text_pca256_lexical_w005
85370,38,minibatch_k64,text_pca256_lexical_w005
85371,0,minibatch_k64,text_pca256_lexical_w005
85372,0,minibatch_k64,text_pca256_lexical_w005
85373,0,minibatch_k64,text_pca256_lexical_w005
85374,0,minibatch_k64,text_pca256_lexical_w005
85375,0,minibatch_k64,text_pca256_lexical_w005
85376,23,minibatch_k64,text_pca256_lexical_w005
85377,23,minibatch_k64,text_pca256_lexical_w005
85378,0,minibatch_k64,text_pca256_lexical_w005
85379,0,minibatch_k64,text_pca256_lexical_w005
85380,15,minibatch_k64,text_pca256_lexical_w005
85381,45,minibatch_k64,text_pca256_lexical_w005
85382,0,minibatch_k64,text_pca256_lexical_w005
85383,0,minibatch_k64,text_pca256_lexical_w005
85384,50,minibatch_k64,text_pca256_lexical_w005
85385,33,minibatch_k64,text_pca256_lexical_w005
85386,32,minibatch_k64,text_pca256_lexical_w005
85387,38,minibatch_k64,text_pca256_lexical_w005
85388,0,minibatch_k64,text_pca256_lexical_w005
85389,32,minibatch_k64,text_pca256_lexical_w005
85390,0,minibatch_k64,text_pca256_lexical_w005
85391,0,minibatch_k64,text_pca256_lexical_w005
85392,62,minibatch_k64,text_pca256_lexical_w005
85393,0,minibatch_k64,text_pca256_lexical_w005
85394,45,minibatch_k64,text_pca256_lexical_w005
85395,59,minibatch_k64,text_pca256_lexical_w005
85396,62,minibatch_k64,text_pca256_lexical_w005
85397,45,minibatch_k64,text_pca256_lexical_w005
85398,15,minibatch_k64,text_pca256_lexical_w005
85399,10,minibatch_k64,text_pca256_lexical_w005
85400,62,minibatch_k64,text_pca256_lexical_w005
85401,0,minibatch_k64,text_pca256_lexical_w005
85402,62,minibatch_k64,text_pca256_lexical_w005
85403,62,minibatch_k64,text_pca256_lexical_w005
85404,62,minibatch_k64,text_pca256_lexical_w005
85405,62,minibatch_k64,text_pca256_lexical_w005
85406,0,minibatch_k64,text_pca256_lexical_w005
85407,62,minibatch_k64,text_pca256_lexical_w005
85408,10,minibatch_k64,text_pca256_lexical_w005
85409,0,minibatch_k64,text_pca256_lexical_w005
85410,62,minibatch_k64,text_pca256_lexical_w005
85411,0,minibatch_k64,text_pca256_lexical_w005
85412,38,minibatch_k64,text_pca256_lexical_w005
85413,23,minibatch_k64,text_pca256_lexical_w005
85414,55,minibatch_k64,text_pca256_lexical_w005
85415,13,minibatch_k64,text_pca256_lexical_w005
85416,47,minibatch_k64,text_pca256_lexical_w005
85417,56,minibatch_k64,text_pca256_lexical_w005
85418,62,minibatch_k64,text_pca256_lexical_w005
85419,62,minibatch_k64,text_pca256_lexical_w005
85420,47,minibatch_k64,text_pca256_lexical_w005
85421,0,minibatch_k64,text_pca256_lexical_w005
85422,56,minibatch_k64,text_pca256_lexical_w005
85423,62,minibatch_k64,text_pca256_lexical_w005
85424,56,minibatch_k64,text_pca256_lexical_w005
85425,62,minibatch_k64,text_pca256_lexical_w005
85426,62,minibatch_k64,text_pca256_lexical_w005
85427,56,minibatch_k64,text_pca256_lexical_w005
85428,15,minibatch_k64,text_pca256_lexical_w005
85429,0,minibatch_k64,text_pca256_lexical_w005
85430,62,minibatch_k64,text_pca256_lexical_w005
85431,62,minibatch_k64,text_pca256_lexical_w005
85432,62,minibatch_k64,text_pca256_lexical_w005
85433,0,minibatch_k64,text_pca256_lexical_w005
85434,0,minibatch_k64,text_pca256_lexical_w005
85435,0,minibatch_k64,text_pca256_lexical_w005
85436,29,minibatch_k64,text_pca256_lexical_w005
85437,0,minibatch_k64,text_pca256_lexical_w005
85438,56,minibatch_k64,text_pca256_lexical_w005
85439,62,minibatch_k64,text_pca256_lexical_w005
85440,62,minibatch_k64,text_pca256_lexical_w005
85441,62,minibatch_k64,text_pca256_lexical_w005
85442,62,minibatch_k64,text_pca256_lexical_w005
85443,62,minibatch_k64,text_pca256_lexical_w005
85444,38,minibatch_k64,text_pca256_lexical_w005
85445,23,minibatch_k64,text_pca256_lexical_w005
85446,55,minibatch_k64,text_pca256_lexical_w005
85447,23,minibatch_k64,text_pca256_lexical_w005
85448,13,minibatch_k64,text_pca256_lexical_w005
85449,5,minibatch_k64,text_pca256_lexical_w005
85450,62,minibatch_k64,text_pca256_lexical_w005
85451,62,minibatch_k64,text_pca256_lexical_w005
85452,23,minibatch_k64,text_pca256_lexical_w005
85453,45,minibatch_k64,text_pca256_lexical_w005
85454,0,minibatch_k64,text_pca256_lexical_w005
85455,0,minibatch_k64,text_pca256_lexical_w005
85456,62,minibatch_k64,text_pca256_lexical_w005
85457,0,minibatch_k64,text_pca256_lexical_w005
85458,62,minibatch_k64,text_pca256_lexical_w005
85459,8,minibatch_k64,text_pca256_lexical_w005
85460,47,minibatch_k64,text_pca256_lexical_w005
85461,0,minibatch_k64,text_pca256_lexical_w005
85462,47,minibatch_k64,text_pca256_lexical_w005
85463,47,minibatch_k64,text_pca256_lexical_w005
85464,47,minibatch_k64,text_pca256_lexical_w005
85465,62,minibatch_k64,text_pca256_lexical_w005
85466,56,minibatch_k64,text_pca256_lexical_w005
85467,38,minibatch_k64,text_pca256_lexical_w005
85468,59,minibatch_k64,text_pca256_lexical_w005
85469,55,minibatch_k64,text_pca256_lexical_w005
85470,13,minibatch_k64,text_pca256_lexical_w005
85471,23,minibatch_k64,text_pca256_lexical_w005
85472,39,minibatch_k64,text_pca256_lexical_w005
85473,23,minibatch_k64,text_pca256_lexical_w005
85474,62,minibatch_k64,text_pca256_lexical_w005
85475,4,minibatch_k64,text_pca256_lexical_w005
85476,0,minibatch_k64,text_pca256_lexical_w005
85477,0,minibatch_k64,text_pca256_lexical_w005
85478,0,minibatch_k64,text_pca256_lexical_w005
85479,0,minibatch_k64,text_pca256_lexical_w005
85480,62,minibatch_k64,text_pca256_lexical_w005
85481,59,minibatch_k64,text_pca256_lexical_w005
85482,38,minibatch_k64,text_pca256_lexical_w005
85483,55,minibatch_k64,text_pca256_lexical_w005
85484,62,minibatch_k64,text_pca256_lexical_w005
85485,0,minibatch_k64,text_pca256_lexical_w005
85486,0,minibatch_k64,text_pca256_lexical_w005
85487,5,minibatch_k64,text_pca256_lexical_w005
85488,23,minibatch_k64,text_pca256_lexical_w005
85489,21,minibatch_k64,text_pca256_lexical_w005
85490,62,minibatch_k64,text_pca256_lexical_w005
85491,62,minibatch_k64,text_pca256_lexical_w005
85492,62,minibatch_k64,text_pca256_lexical_w005
85493,10,minibatch_k64,text_pca256_lexical_w005
85494,29,minibatch_k64,text_pca256_lexical_w005
85495,62,minibatch_k64,text_pca256_lexical_w005
85496,39,minibatch_k64,text_pca256_lexical_w005
85497,29,minibatch_k64,text_pca256_lexical_w005
85498,59,minibatch_k64,text_pca256_lexical_w005
85499,47,minibatch_k64,text_pca256_lexical_w005
85500,2,minibatch_k64,text_pca256_lexical_w005
85501,47,minibatch_k64,text_pca256_lexical_w005
85502,0,minibatch_k64,text_pca256_lexical_w005
85503,62,minibatch_k64,text_pca256_lexical_w005
85504,0,minibatch_k64,text_pca256_lexical_w005
85505,62,minibatch_k64,text_pca256_lexical_w005
85506,21,minibatch_k64,text_pca256_lexical_w005
85507,0,minibatch_k64,text_pca256_lexical_w005
85508,0,minibatch_k64,text_pca256_lexical_w005
85509,21,minibatch_k64,text_pca256_lexical_w005
85510,8,minibatch_k64,text_pca256_lexical_w005
85511,23,minibatch_k64,text_pca256_lexical_w005
85512,23,minibatch_k64,text_pca256_lexical_w005
85513,39,minibatch_k64,text_pca256_lexical_w005
85514,5,minibatch_k64,text_pca256_lexical_w005
85515,23,minibatch_k64,text_pca256_lexical_w005
85516,23,minibatch_k64,text_pca256_lexical_w005
85517,59,minibatch_k64,text_pca256_lexical_w005
85518,15,minibatch_k64,text_pca256_lexical_w005
85519,23,minibatch_k64,text_pca256_lexical_w005
85520,0,minibatch_k64,text_pca256_lexical_w005
85521,0,minibatch_k64,text_pca256_lexical_w005
85522,0,minibatch_k64,text_pca256_lexical_w005
85523,8,minibatch_k64,text_pca256_lexical_w005
85524,0,minibatch_k64,text_pca256_lexical_w005
85525,3,minibatch_k64,text_pca256_lexical_w005
85526,14,minibatch_k64,text_pca256_lexical_w005
85527,45,minibatch_k64,text_pca256_lexical_w005
85528,15,minibatch_k64,text_pca256_lexical_w005
85529,0,minibatch_k64,text_pca256_lexical_w005
85530,15,minibatch_k64,text_pca256_lexical_w005
85531,10,minibatch_k64,text_pca256_lexical_w005
85532,38,minibatch_k64,text_pca256_lexical_w005
85533,0,minibatch_k64,text_pca256_lexical_w005
85534,8,minibatch_k64,text_pca256_lexical_w005
85535,8,minibatch_k64,text_pca256_lexical_w005
85536,8,minibatch_k64,text_pca256_lexical_w005
85537,2,minibatch_k64,text_pca256_lexical_w005
85538,62,minibatch_k64,text_pca256_lexical_w005
85539,62,minibatch_k64,text_pca256_lexical_w005
85540,0,minibatch_k64,text_pca256_lexical_w005
85541,8,minibatch_k64,text_pca256_lexical_w005
85542,8,minibatch_k64,text_pca256_lexical_w005
85543,5,minibatch_k64,text_pca256_lexical_w005
85544,42,minibatch_k64,text_pca256_lexical_w005
85545,14,minibatch_k64,text_pca256_lexical_w005
85546,38,minibatch_k64,text_pca256_lexical_w005
85547,0,minibatch_k64,text_pca256_lexical_w005
85548,3,minibatch_k64,text_pca256_lexical_w005
85549,8,minibatch_k64,text_pca256_lexical_w005
85550,0,minibatch_k64,text_pca256_lexical_w005
85551,0,minibatch_k64,text_pca256_lexical_w005
85552,47,minibatch_k64,text_pca256_lexical_w005
85553,0,minibatch_k64,text_pca256_lexical_w005
85554,47,minibatch_k64,text_pca256_lexical_w005
85555,33,minibatch_k64,text_pca256_lexical_w005
85556,15,minibatch_k64,text_pca256_lexical_w005
85557,10,minibatch_k64,text_pca256_lexical_w005
85558,42,minibatch_k64,text_pca256_lexical_w005
85559,14,minibatch_k64,text_pca256_lexical_w005
85560,47,minibatch_k64,text_pca256_lexical_w005
85561,50,minibatch_k64,text_pca256_lexical_w005
85562,38,minibatch_k64,text_pca256_lexical_w005
85563,0,minibatch_k64,text_pca256_lexical_w005
85564,23,minibatch_k64,text_pca256_lexical_w005
85565,8,minibatch_k64,text_pca256_lexical_w005
85566,42,minibatch_k64,text_pca256_lexical_w005
85567,0,minibatch_k64,text_pca256_lexical_w005
85568,10,minibatch_k64,text_pca256_lexical_w005
85569,38,minibatch_k64,text_pca256_lexical_w005
85570,58,minibatch_k64,text_pca256_lexical_w005
85571,0,minibatch_k64,text_pca256_lexical_w005
85572,45,minibatch_k64,text_pca256_lexical_w005
85573,33,minibatch_k64,text_pca256_lexical_w005
85574,14,minibatch_k64,text_pca256_lexical_w005
85575,8,minibatch_k64,text_pca256_lexical_w005
85576,33,minibatch_k64,text_pca256_lexical_w005
85577,15,minibatch_k64,text_pca256_lexical_w005
85578,0,minibatch_k64,text_pca256_lexical_w005
85579,0,minibatch_k64,text_pca256_lexical_w005
85580,23,minibatch_k64,text_pca256_lexical_w005
85581,47,minibatch_k64,text_pca256_lexical_w005
85582,2,minibatch_k64,text_pca256_lexical_w005
85583,42,minibatch_k64,text_pca256_lexical_w005
85584,23,minibatch_k64,text_pca256_lexical_w005
85585,0,minibatch_k64,text_pca256_lexical_w005
85586,21,minibatch_k64,text_pca256_lexical_w005
85587,10,minibatch_k64,text_pca256_lexical_w005
85588,14,minibatch_k64,text_pca256_lexical_w005
85589,38,minibatch_k64,text_pca256_lexical_w005
85590,0,minibatch_k64,text_pca256_lexical_w005
85591,0,minibatch_k64,text_pca256_lexical_w005
85592,23,minibatch_k64,text_pca256_lexical_w005
85593,10,minibatch_k64,text_pca256_lexical_w005
85594,8,minibatch_k64,text_pca256_lexical_w005
85595,8,minibatch_k64,text_pca256_lexical_w005
85596,46,minibatch_k64,text_pca256_lexical_w005
85597,56,minibatch_k64,text_pca256_lexical_w005
85598,8,minibatch_k64,text_pca256_lexical_w005
85599,0,minibatch_k64,text_pca256_lexical_w005
85600,58,minibatch_k64,text_pca256_lexical_w005
85601,62,minibatch_k64,text_pca256_lexical_w005
85602,38,minibatch_k64,text_pca256_lexical_w005
85603,0,minibatch_k64,text_pca256_lexical_w005
85604,50,minibatch_k64,text_pca256_lexical_w005
85605,10,minibatch_k64,text_pca256_lexical_w005
85606,10,minibatch_k64,text_pca256_lexical_w005
85607,0,minibatch_k64,text_pca256_lexical_w005
85608,21,minibatch_k64,text_pca256_lexical_w005
85609,15,minibatch_k64,text_pca256_lexical_w005
85610,50,minibatch_k64,text_pca256_lexical_w005
85611,50,minibatch_k64,text_pca256_lexical_w005
85612,14,minibatch_k64,text_pca256_lexical_w005
85613,58,minibatch_k64,text_pca256_lexical_w005
85614,0,minibatch_k64,text_pca256_lexical_w005
85615,45,minibatch_k64,text_pca256_lexical_w005
85616,8,minibatch_k64,text_pca256_lexical_w005
85617,0,minibatch_k64,text_pca256_lexical_w005
85618,8,minibatch_k64,text_pca256_lexical_w005
85619,23,minibatch_k64,text_pca256_lexical_w005
85620,0,minibatch_k64,text_pca256_lexical_w005
85621,8,minibatch_k64,text_pca256_lexical_w005
85622,0,minibatch_k64,text_pca256_lexical_w005
85623,10,minibatch_k64,text_pca256_lexical_w005
85624,0,minibatch_k64,text_pca256_lexical_w005
85625,23,minibatch_k64,text_pca256_lexical_w005
85626,23,minibatch_k64,text_pca256_lexical_w005
85627,23,minibatch_k64,text_pca256_lexical_w005
85628,38,minibatch_k64,text_pca256_lexical_w005
85629,58,minibatch_k64,text_pca256_lexical_w005
85630,0,minibatch_k64,text_pca256_lexical_w005
85631,0,minibatch_k64,text_pca256_lexical_w005
85632,0,minibatch_k64,text_pca256_lexical_w005
85633,8,minibatch_k64,text_pca256_lexical_w005
85634,23,minibatch_k64,text_pca256_lexical_w005
85635,0,minibatch_k64,text_pca256_lexical_w005
85636,59,minibatch_k64,text_pca256_lexical_w005
85637,0,minibatch_k64,text_pca256_lexical_w005
85638,23,minibatch_k64,text_pca256_lexical_w005
85639,23,minibatch_k64,text_pca256_lexical_w005
85640,0,minibatch_k64,text_pca256_lexical_w005
85641,0,minibatch_k64,text_pca256_lexical_w005
85642,8,minibatch_k64,text_pca256_lexical_w005
85643,5,minibatch_k64,text_pca256_lexical_w005
85644,0,minibatch_k64,text_pca256_lexical_w005
85645,23,minibatch_k64,text_pca256_lexical_w005
85646,23,minibatch_k64,text_pca256_lexical_w005
85647,45,minibatch_k64,text_pca256_lexical_w005
85648,62,minibatch_k64,text_pca256_lexical_w005
85649,45,minibatch_k64,text_pca256_lexical_w005
85650,62,minibatch_k64,text_pca256_lexical_w005
85651,15,minibatch_k64,text_pca256_lexical_w005
85652,23,minibatch_k64,text_pca256_lexical_w005
85653,45,minibatch_k64,text_pca256_lexical_w005
85654,0,minibatch_k64,text_pca256_lexical_w005
85655,47,minibatch_k64,text_pca256_lexical_w005
85656,2,minibatch_k64,text_pca256_lexical_w005
85657,45,minibatch_k64,text_pca256_lexical_w005
85658,23,minibatch_k64,text_pca256_lexical_w005
85659,23,minibatch_k64,text_pca256_lexical_w005
85660,15,minibatch_k64,text_pca256_lexical_w005
85661,62,minibatch_k64,text_pca256_lexical_w005
85662,62,minibatch_k64,text_pca256_lexical_w005
85663,23,minibatch_k64,text_pca256_lexical_w005
85664,4,minibatch_k64,text_pca256_lexical_w005
85665,23,minibatch_k64,text_pca256_lexical_w005
85666,8,minibatch_k64,text_pca256_lexical_w005
85667,15,minibatch_k64,text_pca256_lexical_w005
85668,29,minibatch_k64,text_pca256_lexical_w005
85669,8,minibatch_k64,text_pca256_lexical_w005
85670,29,minibatch_k64,text_pca256_lexical_w005
85671,62,minibatch_k64,text_pca256_lexical_w005
85672,0,minibatch_k64,text_pca256_lexical_w005
85673,23,minibatch_k64,text_pca256_lexical_w005
85674,23,minibatch_k64,text_pca256_lexical_w005
85675,15,minibatch_k64,text_pca256_lexical_w005
85676,8,minibatch_k64,text_pca256_lexical_w005
85677,62,minibatch_k64,text_pca256_lexical_w005
85678,45,minibatch_k64,text_pca256_lexical_w005
85679,10,minibatch_k64,text_pca256_lexical_w005
85680,23,minibatch_k64,text_pca256_lexical_w005
85681,48,minibatch_k64,text_pca256_lexical_w005
85682,62,minibatch_k64,text_pca256_lexical_w005
85683,45,minibatch_k64,text_pca256_lexical_w005
85684,4,minibatch_k64,text_pca256_lexical_w005
85685,23,minibatch_k64,text_pca256_lexical_w005
85686,62,minibatch_k64,text_pca256_lexical_w005
85687,0,minibatch_k64,text_pca256_lexical_w005
85688,42,minibatch_k64,text_pca256_lexical_w005
85689,61,minibatch_k64,text_pca256_lexical_w005
85690,23,minibatch_k64,text_pca256_lexical_w005
85691,0,minibatch_k64,text_pca256_lexical_w005
85692,59,minibatch_k64,text_pca256_lexical_w005
85693,10,minibatch_k64,text_pca256_lexical_w005
85694,5,minibatch_k64,text_pca256_lexical_w005
85695,57,minibatch_k64,text_pca256_lexical_w005
85696,11,minibatch_k64,text_pca256_lexical_w005
85697,57,minibatch_k64,text_pca256_lexical_w005
85698,5,minibatch_k64,text_pca256_lexical_w005
85699,57,minibatch_k64,text_pca256_lexical_w005
85700,57,minibatch_k64,text_pca256_lexical_w005
85701,11,minibatch_k64,text_pca256_lexical_w005
85702,8,minibatch_k64,text_pca256_lexical_w005
85703,0,minibatch_k64,text_pca256_lexical_w005
85704,62,minibatch_k64,text_pca256_lexical_w005
85705,33,minibatch_k64,text_pca256_lexical_w005
85706,15,minibatch_k64,text_pca256_lexical_w005
85707,8,minibatch_k64,text_pca256_lexical_w005
85708,5,minibatch_k64,text_pca256_lexical_w005
85709,57,minibatch_k64,text_pca256_lexical_w005
85710,8,minibatch_k64,text_pca256_lexical_w005
85711,8,minibatch_k64,text_pca256_lexical_w005
85712,11,minibatch_k64,text_pca256_lexical_w005
85713,0,minibatch_k64,text_pca256_lexical_w005
85714,0,minibatch_k64,text_pca256_lexical_w005
85715,57,minibatch_k64,text_pca256_lexical_w005
85716,11,minibatch_k64,text_pca256_lexical_w005
85717,11,minibatch_k64,text_pca256_lexical_w005
85718,45,minibatch_k64,text_pca256_lexical_w005
85719,33,minibatch_k64,text_pca256_lexical_w005
85720,11,minibatch_k64,text_pca256_lexical_w005
85721,57,minibatch_k64,text_pca256_lexical_w005
85722,15,minibatch_k64,text_pca256_lexical_w005
85723,0,minibatch_k64,text_pca256_lexical_w005
85724,23,minibatch_k64,text_pca256_lexical_w005
85725,50,minibatch_k64,text_pca256_lexical_w005
85726,23,minibatch_k64,text_pca256_lexical_w005
85727,33,minibatch_k64,text_pca256_lexical_w005
85728,15,minibatch_k64,text_pca256_lexical_w005
85729,15,minibatch_k64,text_pca256_lexical_w005
85730,23,minibatch_k64,text_pca256_lexical_w005
85731,0,minibatch_k64,text_pca256_lexical_w005
85732,15,minibatch_k64,text_pca256_lexical_w005
85733,8,minibatch_k64,text_pca256_lexical_w005
85734,62,minibatch_k64,text_pca256_lexical_w005
85735,38,minibatch_k64,text_pca256_lexical_w005
85736,0,minibatch_k64,text_pca256_lexical_w005
85737,0,minibatch_k64,text_pca256_lexical_w005
85738,0,minibatch_k64,text_pca256_lexical_w005
85739,62,minibatch_k64,text_pca256_lexical_w005
85740,15,minibatch_k64,text_pca256_lexical_w005
85741,15,minibatch_k64,text_pca256_lexical_w005
85742,62,minibatch_k64,text_pca256_lexical_w005
85743,62,minibatch_k64,text_pca256_lexical_w005
85744,15,minibatch_k64,text_pca256_lexical_w005
85745,0,minibatch_k64,text_pca256_lexical_w005
85746,0,minibatch_k64,text_pca256_lexical_w005
85747,21,minibatch_k64,text_pca256_lexical_w005
85748,0,minibatch_k64,text_pca256_lexical_w005
85749,16,minibatch_k64,text_pca256_lexical_w005
85750,62,minibatch_k64,text_pca256_lexical_w005
85751,0,minibatch_k64,text_pca256_lexical_w005
85752,45,minibatch_k64,text_pca256_lexical_w005
85753,21,minibatch_k64,text_pca256_lexical_w005
85754,8,minibatch_k64,text_pca256_lexical_w005
85755,15,minibatch_k64,text_pca256_lexical_w005
85756,62,minibatch_k64,text_pca256_lexical_w005
85757,23,minibatch_k64,text_pca256_lexical_w005
85758,62,minibatch_k64,text_pca256_lexical_w005
85759,8,minibatch_k64,text_pca256_lexical_w005
85760,15,minibatch_k64,text_pca256_lexical_w005
85761,21,minibatch_k64,text_pca256_lexical_w005
85762,15,minibatch_k64,text_pca256_lexical_w005
85763,10,minibatch_k64,text_pca256_lexical_w005
85764,15,minibatch_k64,text_pca256_lexical_w005
85765,0,minibatch_k64,text_pca256_lexical_w005
85766,8,minibatch_k64,text_pca256_lexical_w005
85767,62,minibatch_k64,text_pca256_lexical_w005
85768,21,minibatch_k64,text_pca256_lexical_w005
85769,21,minibatch_k64,text_pca256_lexical_w005
85770,62,minibatch_k64,text_pca256_lexical_w005
85771,21,minibatch_k64,text_pca256_lexical_w005
85772,38,minibatch_k64,text_pca256_lexical_w005
85773,10,minibatch_k64,text_pca256_lexical_w005
85774,0,minibatch_k64,text_pca256_lexical_w005
85775,0,minibatch_k64,text_pca256_lexical_w005
85776,15,minibatch_k64,text_pca256_lexical_w005
85777,15,minibatch_k64,text_pca256_lexical_w005
85778,53,minibatch_k64,text_pca256_lexical_w005
85779,8,minibatch_k64,text_pca256_lexical_w005
85780,15,minibatch_k64,text_pca256_lexical_w005
85781,39,minibatch_k64,text_pca256_lexical_w005
85782,62,minibatch_k64,text_pca256_lexical_w005
85783,23,minibatch_k64,text_pca256_lexical_w005
85784,23,minibatch_k64,text_pca256_lexical_w005
85785,10,minibatch_k64,text_pca256_lexical_w005
85786,38,minibatch_k64,text_pca256_lexical_w005
85787,8,minibatch_k64,text_pca256_lexical_w005
85788,62,minibatch_k64,text_pca256_lexical_w005
85789,23,minibatch_k64,text_pca256_lexical_w005
85790,0,minibatch_k64,text_pca256_lexical_w005
85791,0,minibatch_k64,text_pca256_lexical_w005
85792,10,minibatch_k64,text_pca256_lexical_w005
85793,0,minibatch_k64,text_pca256_lexical_w005
85794,0,minibatch_k64,text_pca256_lexical_w005
85795,8,minibatch_k64,text_pca256_lexical_w005
85796,15,minibatch_k64,text_pca256_lexical_w005
85797,0,minibatch_k64,text_pca256_lexical_w005
85798,62,minibatch_k64,text_pca256_lexical_w005
85799,10,minibatch_k64,text_pca256_lexical_w005
85800,2,minibatch_k64,text_pca256_lexical_w005
85801,2,minibatch_k64,text_pca256_lexical_w005
85802,23,minibatch_k64,text_pca256_lexical_w005
85803,23,minibatch_k64,text_pca256_lexical_w005
85804,23,minibatch_k64,text_pca256_lexical_w005
85805,23,minibatch_k64,text_pca256_lexical_w005
85806,23,minibatch_k64,text_pca256_lexical_w005
85807,62,minibatch_k64,text_pca256_lexical_w005
85808,8,minibatch_k64,text_pca256_lexical_w005
85809,45,minibatch_k64,text_pca256_lexical_w005
85810,47,minibatch_k64,text_pca256_lexical_w005
85811,33,minibatch_k64,text_pca256_lexical_w005
85812,38,minibatch_k64,text_pca256_lexical_w005
85813,0,minibatch_k64,text_pca256_lexical_w005
85814,0,minibatch_k64,text_pca256_lexical_w005
85815,45,minibatch_k64,text_pca256_lexical_w005
85816,23,minibatch_k64,text_pca256_lexical_w005
85817,23,minibatch_k64,text_pca256_lexical_w005
85818,23,minibatch_k64,text_pca256_lexical_w005
85819,2,minibatch_k64,text_pca256_lexical_w005
85820,10,minibatch_k64,text_pca256_lexical_w005
85821,0,minibatch_k64,text_pca256_lexical_w005
85822,8,minibatch_k64,text_pca256_lexical_w005
85823,62,minibatch_k64,text_pca256_lexical_w005
85824,23,minibatch_k64,text_pca256_lexical_w005
85825,42,minibatch_k64,text_pca256_lexical_w005
85826,56,minibatch_k64,text_pca256_lexical_w005
85827,23,minibatch_k64,text_pca256_lexical_w005
85828,23,minibatch_k64,text_pca256_lexical_w005
85829,0,minibatch_k64,text_pca256_lexical_w005
85830,33,minibatch_k64,text_pca256_lexical_w005
85831,62,minibatch_k64,text_pca256_lexical_w005
85832,61,minibatch_k64,text_pca256_lexical_w005
85833,15,minibatch_k64,text_pca256_lexical_w005
85834,45,minibatch_k64,text_pca256_lexical_w005
85835,0,minibatch_k64,text_pca256_lexical_w005
85836,23,minibatch_k64,text_pca256_lexical_w005
85837,8,minibatch_k64,text_pca256_lexical_w005
85838,62,minibatch_k64,text_pca256_lexical_w005
85839,0,minibatch_k64,text_pca256_lexical_w005
85840,50,minibatch_k64,text_pca256_lexical_w005
85841,45,minibatch_k64,text_pca256_lexical_w005
85842,47,minibatch_k64,text_pca256_lexical_w005
85843,0,minibatch_k64,text_pca256_lexical_w005
85844,45,minibatch_k64,text_pca256_lexical_w005
85845,62,minibatch_k64,text_pca256_lexical_w005
85846,0,minibatch_k64,text_pca256_lexical_w005
85847,23,minibatch_k64,text_pca256_lexical_w005
85848,23,minibatch_k64,text_pca256_lexical_w005
85849,59,minibatch_k64,text_pca256_lexical_w005
85850,0,minibatch_k64,text_pca256_lexical_w005
85851,45,minibatch_k64,text_pca256_lexical_w005
85852,0,minibatch_k64,text_pca256_lexical_w005
85853,59,minibatch_k64,text_pca256_lexical_w005
85854,50,minibatch_k64,text_pca256_lexical_w005
85855,45,minibatch_k64,text_pca256_lexical_w005
85856,62,minibatch_k64,text_pca256_lexical_w005
85857,2,minibatch_k64,text_pca256_lexical_w005
85858,10,minibatch_k64,text_pca256_lexical_w005
85859,23,minibatch_k64,text_pca256_lexical_w005
85860,0,minibatch_k64,text_pca256_lexical_w005
85861,23,minibatch_k64,text_pca256_lexical_w005
85862,8,minibatch_k64,text_pca256_lexical_w005
85863,10,minibatch_k64,text_pca256_lexical_w005
85864,8,minibatch_k64,text_pca256_lexical_w005
85865,59,minibatch_k64,text_pca256_lexical_w005
85866,62,minibatch_k64,text_pca256_lexical_w005
85867,62,minibatch_k64,text_pca256_lexical_w005
85868,56,minibatch_k64,text_pca256_lexical_w005
85869,23,minibatch_k64,text_pca256_lexical_w005
85870,59,minibatch_k64,text_pca256_lexical_w005
85871,2,minibatch_k64,text_pca256_lexical_w005
85872,59,minibatch_k64,text_pca256_lexical_w005
85873,59,minibatch_k64,text_pca256_lexical_w005
85874,10,minibatch_k64,text_pca256_lexical_w005
85875,8,minibatch_k64,text_pca256_lexical_w005
85876,0,minibatch_k64,text_pca256_lexical_w005
85877,10,minibatch_k64,text_pca256_lexical_w005
85878,59,minibatch_k64,text_pca256_lexical_w005
85879,0,minibatch_k64,text_pca256_lexical_w005
85880,62,minibatch_k64,text_pca256_lexical_w005
85881,15,minibatch_k64,text_pca256_lexical_w005
85882,45,minibatch_k64,text_pca256_lexical_w005
85883,45,minibatch_k64,text_pca256_lexical_w005
85884,15,minibatch_k64,text_pca256_lexical_w005
85885,0,minibatch_k64,text_pca256_lexical_w005
85886,23,minibatch_k64,text_pca256_lexical_w005
85887,23,minibatch_k64,text_pca256_lexical_w005
85888,17,minibatch_k64,text_pca256_lexical_w005
85889,10,minibatch_k64,text_pca256_lexical_w005
85890,10,minibatch_k64,text_pca256_lexical_w005
85891,15,minibatch_k64,text_pca256_lexical_w005
85892,17,minibatch_k64,text_pca256_lexical_w005
85893,59,minibatch_k64,text_pca256_lexical_w005
85894,59,minibatch_k64,text_pca256_lexical_w005
85895,45,minibatch_k64,text_pca256_lexical_w005
85896,33,minibatch_k64,text_pca256_lexical_w005
85897,15,minibatch_k64,text_pca256_lexical_w005
85898,2,minibatch_k64,text_pca256_lexical_w005
85899,23,minibatch_k64,text_pca256_lexical_w005
85900,33,minibatch_k64,text_pca256_lexical_w005
85901,8,minibatch_k64,text_pca256_lexical_w005
85902,8,minibatch_k64,text_pca256_lexical_w005
85903,62,minibatch_k64,text_pca256_lexical_w005
85904,23,minibatch_k64,text_pca256_lexical_w005
85905,21,minibatch_k64,text_pca256_lexical_w005
85906,10,minibatch_k64,text_pca256_lexical_w005
85907,0,minibatch_k64,text_pca256_lexical_w005
85908,23,minibatch_k64,text_pca256_lexical_w005
85909,59,minibatch_k64,text_pca256_lexical_w005
85910,59,minibatch_k64,text_pca256_lexical_w005
85911,33,minibatch_k64,text_pca256_lexical_w005
85912,45,minibatch_k64,text_pca256_lexical_w005
85913,0,minibatch_k64,text_pca256_lexical_w005
85914,8,minibatch_k64,text_pca256_lexical_w005
85915,59,minibatch_k64,text_pca256_lexical_w005
85916,42,minibatch_k64,text_pca256_lexical_w005
85917,61,minibatch_k64,text_pca256_lexical_w005
85918,45,minibatch_k64,text_pca256_lexical_w005
85919,0,minibatch_k64,text_pca256_lexical_w005
85920,8,minibatch_k64,text_pca256_lexical_w005
85921,45,minibatch_k64,text_pca256_lexical_w005
85922,23,minibatch_k64,text_pca256_lexical_w005
85923,0,minibatch_k64,text_pca256_lexical_w005
85924,23,minibatch_k64,text_pca256_lexical_w005
85925,59,minibatch_k64,text_pca256_lexical_w005
85926,2,minibatch_k64,text_pca256_lexical_w005
85927,8,minibatch_k64,text_pca256_lexical_w005
85928,59,minibatch_k64,text_pca256_lexical_w005
85929,23,minibatch_k64,text_pca256_lexical_w005
85930,18,minibatch_k64,text_pca256_lexical_w005
85931,62,minibatch_k64,text_pca256_lexical_w005
85932,45,minibatch_k64,text_pca256_lexical_w005
85933,8,minibatch_k64,text_pca256_lexical_w005
85934,45,minibatch_k64,text_pca256_lexical_w005
85935,62,minibatch_k64,text_pca256_lexical_w005
85936,56,minibatch_k64,text_pca256_lexical_w005
85937,2,minibatch_k64,text_pca256_lexical_w005
85938,10,minibatch_k64,text_pca256_lexical_w005
85939,10,minibatch_k64,text_pca256_lexical_w005
85940,62,minibatch_k64,text_pca256_lexical_w005
85941,45,minibatch_k64,text_pca256_lexical_w005
85942,15,minibatch_k64,text_pca256_lexical_w005
85943,59,minibatch_k64,text_pca256_lexical_w005
85944,33,minibatch_k64,text_pca256_lexical_w005
85945,62,minibatch_k64,text_pca256_lexical_w005
85946,59,minibatch_k64,text_pca256_lexical_w005
85947,23,minibatch_k64,text_pca256_lexical_w005
85948,33,minibatch_k64,text_pca256_lexical_w005
85949,50,minibatch_k64,text_pca256_lexical_w005
85950,33,minibatch_k64,text_pca256_lexical_w005
85951,10,minibatch_k64,text_pca256_lexical_w005
85952,45,minibatch_k64,text_pca256_lexical_w005
85953,0,minibatch_k64,text_pca256_lexical_w005
85954,0,minibatch_k64,text_pca256_lexical_w005
85955,33,minibatch_k64,text_pca256_lexical_w005
85956,8,minibatch_k64,text_pca256_lexical_w005
85957,8,minibatch_k64,text_pca256_lexical_w005
85958,2,minibatch_k64,text_pca256_lexical_w005
85959,15,minibatch_k64,text_pca256_lexical_w005
85960,0,minibatch_k64,text_pca256_lexical_w005
85961,59,minibatch_k64,text_pca256_lexical_w005
85962,0,minibatch_k64,text_pca256_lexical_w005
85963,23,minibatch_k64,text_pca256_lexical_w005
85964,50,minibatch_k64,text_pca256_lexical_w005
85965,62,minibatch_k64,text_pca256_lexical_w005
85966,50,minibatch_k64,text_pca256_lexical_w005
85967,18,minibatch_k64,text_pca256_lexical_w005
85968,59,minibatch_k64,text_pca256_lexical_w005
85969,45,minibatch_k64,text_pca256_lexical_w005
85970,0,minibatch_k64,text_pca256_lexical_w005
85971,50,minibatch_k64,text_pca256_lexical_w005
85972,2,minibatch_k64,text_pca256_lexical_w005
85973,59,minibatch_k64,text_pca256_lexical_w005
85974,59,minibatch_k64,text_pca256_lexical_w005
85975,56,minibatch_k64,text_pca256_lexical_w005
85976,45,minibatch_k64,text_pca256_lexical_w005
85977,45,minibatch_k64,text_pca256_lexical_w005
85978,33,minibatch_k64,text_pca256_lexical_w005
85979,23,minibatch_k64,text_pca256_lexical_w005
85980,23,minibatch_k64,text_pca256_lexical_w005
85981,45,minibatch_k64,text_pca256_lexical_w005
85982,59,minibatch_k64,text_pca256_lexical_w005
85983,59,minibatch_k64,text_pca256_lexical_w005
85984,45,minibatch_k64,text_pca256_lexical_w005
85985,59,minibatch_k64,text_pca256_lexical_w005
85986,0,minibatch_k64,text_pca256_lexical_w005
85987,2,minibatch_k64,text_pca256_lexical_w005
85988,62,minibatch_k64,text_pca256_lexical_w005
85989,59,minibatch_k64,text_pca256_lexical_w005
85990,62,minibatch_k64,text_pca256_lexical_w005
85991,0,minibatch_k64,text_pca256_lexical_w005
85992,2,minibatch_k64,text_pca256_lexical_w005
85993,23,minibatch_k64,text_pca256_lexical_w005
85994,45,minibatch_k64,text_pca256_lexical_w005
85995,21,minibatch_k64,text_pca256_lexical_w005
85996,2,minibatch_k64,text_pca256_lexical_w005
85997,23,minibatch_k64,text_pca256_lexical_w005
85998,45,minibatch_k64,text_pca256_lexical_w005
85999,23,minibatch_k64,text_pca256_lexical_w005
86000,10,minibatch_k64,text_pca256_lexical_w005
86001,45,minibatch_k64,text_pca256_lexical_w005
86002,53,minibatch_k64,text_pca256_lexical_w005
86003,8,minibatch_k64,text_pca256_lexical_w005
86004,59,minibatch_k64,text_pca256_lexical_w005
86005,50,minibatch_k64,text_pca256_lexical_w005
86006,0,minibatch_k64,text_pca256_lexical_w005
86007,23,minibatch_k64,text_pca256_lexical_w005
86008,0,minibatch_k64,text_pca256_lexical_w005
86009,10,minibatch_k64,text_pca256_lexical_w005
86010,45,minibatch_k64,text_pca256_lexical_w005
86011,8,minibatch_k64,text_pca256_lexical_w005
86012,10,minibatch_k64,text_pca256_lexical_w005
86013,59,minibatch_k64,text_pca256_lexical_w005
86014,59,minibatch_k64,text_pca256_lexical_w005
86015,59,minibatch_k64,text_pca256_lexical_w005
86016,45,minibatch_k64,text_pca256_lexical_w005
86017,8,minibatch_k64,text_pca256_lexical_w005
86018,62,minibatch_k64,text_pca256_lexical_w005
86019,8,minibatch_k64,text_pca256_lexical_w005
86020,33,minibatch_k64,text_pca256_lexical_w005
86021,8,minibatch_k64,text_pca256_lexical_w005
86022,23,minibatch_k64,text_pca256_lexical_w005
86023,45,minibatch_k64,text_pca256_lexical_w005
86024,8,minibatch_k64,text_pca256_lexical_w005
86025,2,minibatch_k64,text_pca256_lexical_w005
86026,39,minibatch_k64,text_pca256_lexical_w005
86027,45,minibatch_k64,text_pca256_lexical_w005
86028,62,minibatch_k64,text_pca256_lexical_w005
86029,10,minibatch_k64,text_pca256_lexical_w005
86030,45,minibatch_k64,text_pca256_lexical_w005
86031,45,minibatch_k64,text_pca256_lexical_w005
86032,45,minibatch_k64,text_pca256_lexical_w005
86033,23,minibatch_k64,text_pca256_lexical_w005
86034,10,minibatch_k64,text_pca256_lexical_w005
86035,62,minibatch_k64,text_pca256_lexical_w005
86036,62,minibatch_k64,text_pca256_lexical_w005
86037,45,minibatch_k64,text_pca256_lexical_w005
86038,59,minibatch_k64,text_pca256_lexical_w005
86039,0,minibatch_k64,text_pca256_lexical_w005
86040,59,minibatch_k64,text_pca256_lexical_w005
86041,59,minibatch_k64,text_pca256_lexical_w005
86042,8,minibatch_k64,text_pca256_lexical_w005
86043,33,minibatch_k64,text_pca256_lexical_w005
86044,0,minibatch_k64,text_pca256_lexical_w005
86045,33,minibatch_k64,text_pca256_lexical_w005
86046,59,minibatch_k64,text_pca256_lexical_w005
86047,33,minibatch_k64,text_pca256_lexical_w005
86048,2,minibatch_k64,text_pca256_lexical_w005
86049,8,minibatch_k64,text_pca256_lexical_w005
86050,59,minibatch_k64,text_pca256_lexical_w005
86051,43,minibatch_k64,text_pca256_lexical_w005
86052,45,minibatch_k64,text_pca256_lexical_w005
86053,2,minibatch_k64,text_pca256_lexical_w005
86054,39,minibatch_k64,text_pca256_lexical_w005
86055,45,minibatch_k64,text_pca256_lexical_w005
86056,39,minibatch_k64,text_pca256_lexical_w005
86057,0,minibatch_k64,text_pca256_lexical_w005
86058,62,minibatch_k64,text_pca256_lexical_w005
86059,59,minibatch_k64,text_pca256_lexical_w005
86060,0,minibatch_k64,text_pca256_lexical_w005
86061,59,minibatch_k64,text_pca256_lexical_w005
86062,59,minibatch_k64,text_pca256_lexical_w005
86063,59,minibatch_k64,text_pca256_lexical_w005
86064,10,minibatch_k64,text_pca256_lexical_w005
86065,2,minibatch_k64,text_pca256_lexical_w005
86066,59,minibatch_k64,text_pca256_lexical_w005
86067,59,minibatch_k64,text_pca256_lexical_w005
86068,59,minibatch_k64,text_pca256_lexical_w005
86069,15,minibatch_k64,text_pca256_lexical_w005
86070,2,minibatch_k64,text_pca256_lexical_w005
86071,23,minibatch_k64,text_pca256_lexical_w005
86072,39,minibatch_k64,text_pca256_lexical_w005
86073,23,minibatch_k64,text_pca256_lexical_w005
86074,59,minibatch_k64,text_pca256_lexical_w005
86075,39,minibatch_k64,text_pca256_lexical_w005
86076,45,minibatch_k64,text_pca256_lexical_w005
86077,45,minibatch_k64,text_pca256_lexical_w005
86078,45,minibatch_k64,text_pca256_lexical_w005
86079,2,minibatch_k64,text_pca256_lexical_w005
86080,23,minibatch_k64,text_pca256_lexical_w005
86081,59,minibatch_k64,text_pca256_lexical_w005
86082,15,minibatch_k64,text_pca256_lexical_w005
86083,33,minibatch_k64,text_pca256_lexical_w005
86084,23,minibatch_k64,text_pca256_lexical_w005
86085,45,minibatch_k64,text_pca256_lexical_w005
86086,2,minibatch_k64,text_pca256_lexical_w005
86087,59,minibatch_k64,text_pca256_lexical_w005
86088,53,minibatch_k64,text_pca256_lexical_w005
86089,59,minibatch_k64,text_pca256_lexical_w005
86090,59,minibatch_k64,text_pca256_lexical_w005
86091,42,minibatch_k64,text_pca256_lexical_w005
86092,59,minibatch_k64,text_pca256_lexical_w005
86093,59,minibatch_k64,text_pca256_lexical_w005
86094,59,minibatch_k64,text_pca256_lexical_w005
86095,2,minibatch_k64,text_pca256_lexical_w005
86096,39,minibatch_k64,text_pca256_lexical_w005
86097,45,minibatch_k64,text_pca256_lexical_w005
86098,2,minibatch_k64,text_pca256_lexical_w005
86099,45,minibatch_k64,text_pca256_lexical_w005
86100,59,minibatch_k64,text_pca256_lexical_w005
86101,59,minibatch_k64,text_pca256_lexical_w005
86102,59,minibatch_k64,text_pca256_lexical_w005
86103,59,minibatch_k64,text_pca256_lexical_w005
86104,45,minibatch_k64,text_pca256_lexical_w005
86105,59,minibatch_k64,text_pca256_lexical_w005
86106,0,minibatch_k64,text_pca256_lexical_w005
86107,59,minibatch_k64,text_pca256_lexical_w005
86108,59,minibatch_k64,text_pca256_lexical_w005
86109,21,minibatch_k64,text_pca256_lexical_w005
86110,8,minibatch_k64,text_pca256_lexical_w005
86111,2,minibatch_k64,text_pca256_lexical_w005
86112,8,minibatch_k64,text_pca256_lexical_w005
86113,59,minibatch_k64,text_pca256_lexical_w005
86114,59,minibatch_k64,text_pca256_lexical_w005
86115,15,minibatch_k64,text_pca256_lexical_w005
86116,8,minibatch_k64,text_pca256_lexical_w005
86117,23,minibatch_k64,text_pca256_lexical_w005
86118,56,minibatch_k64,text_pca256_lexical_w005
86119,23,minibatch_k64,text_pca256_lexical_w005
86120,45,minibatch_k64,text_pca256_lexical_w005
86121,62,minibatch_k64,text_pca256_lexical_w005
86122,42,minibatch_k64,text_pca256_lexical_w005
86123,23,minibatch_k64,text_pca256_lexical_w005
86124,2,minibatch_k64,text_pca256_lexical_w005
86125,45,minibatch_k64,text_pca256_lexical_w005
86126,2,minibatch_k64,text_pca256_lexical_w005
86127,2,minibatch_k64,text_pca256_lexical_w005
86128,45,minibatch_k64,text_pca256_lexical_w005
86129,59,minibatch_k64,text_pca256_lexical_w005
86130,0,minibatch_k64,text_pca256_lexical_w005
86131,59,minibatch_k64,text_pca256_lexical_w005
86132,10,minibatch_k64,text_pca256_lexical_w005
86133,59,minibatch_k64,text_pca256_lexical_w005
86134,21,minibatch_k64,text_pca256_lexical_w005
86135,2,minibatch_k64,text_pca256_lexical_w005
86136,2,minibatch_k64,text_pca256_lexical_w005
86137,61,minibatch_k64,text_pca256_lexical_w005
86138,15,minibatch_k64,text_pca256_lexical_w005
86139,59,minibatch_k64,text_pca256_lexical_w005
86140,59,minibatch_k64,text_pca256_lexical_w005
86141,59,minibatch_k64,text_pca256_lexical_w005
86142,10,minibatch_k64,text_pca256_lexical_w005
86143,15,minibatch_k64,text_pca256_lexical_w005
86144,59,minibatch_k64,text_pca256_lexical_w005
86145,59,minibatch_k64,text_pca256_lexical_w005
86146,0,minibatch_k64,text_pca256_lexical_w005
86147,23,minibatch_k64,text_pca256_lexical_w005
86148,2,minibatch_k64,text_pca256_lexical_w005
86149,15,minibatch_k64,text_pca256_lexical_w005
86150,23,minibatch_k64,text_pca256_lexical_w005
86151,30,minibatch_k64,text_pca256_lexical_w005
86152,59,minibatch_k64,text_pca256_lexical_w005
86153,2,minibatch_k64,text_pca256_lexical_w005
86154,2,minibatch_k64,text_pca256_lexical_w005
86155,39,minibatch_k64,text_pca256_lexical_w005
86156,10,minibatch_k64,text_pca256_lexical_w005
86157,59,minibatch_k64,text_pca256_lexical_w005
86158,45,minibatch_k64,text_pca256_lexical_w005
86159,2,minibatch_k64,text_pca256_lexical_w005
86160,45,minibatch_k64,text_pca256_lexical_w005
86161,50,minibatch_k64,text_pca256_lexical_w005
86162,17,minibatch_k64,text_pca256_lexical_w005
86163,62,minibatch_k64,text_pca256_lexical_w005
86164,59,minibatch_k64,text_pca256_lexical_w005
86165,45,minibatch_k64,text_pca256_lexical_w005
86166,45,minibatch_k64,text_pca256_lexical_w005
86167,59,minibatch_k64,text_pca256_lexical_w005
86168,45,minibatch_k64,text_pca256_lexical_w005
86169,2,minibatch_k64,text_pca256_lexical_w005
86170,59,minibatch_k64,text_pca256_lexical_w005
86171,59,minibatch_k64,text_pca256_lexical_w005
86172,59,minibatch_k64,text_pca256_lexical_w005
86173,59,minibatch_k64,text_pca256_lexical_w005
86174,59,minibatch_k64,text_pca256_lexical_w005
86175,59,minibatch_k64,text_pca256_lexical_w005
86176,59,minibatch_k64,text_pca256_lexical_w005
86177,10,minibatch_k64,text_pca256_lexical_w005
86178,59,minibatch_k64,text_pca256_lexical_w005
86179,10,minibatch_k64,text_pca256_lexical_w005
86180,59,minibatch_k64,text_pca256_lexical_w005
86181,2,minibatch_k64,text_pca256_lexical_w005
86182,53,minibatch_k64,text_pca256_lexical_w005
86183,59,minibatch_k64,text_pca256_lexical_w005
86184,10,minibatch_k64,text_pca256_lexical_w005
86185,59,minibatch_k64,text_pca256_lexical_w005
86186,62,minibatch_k64,text_pca256_lexical_w005
86187,23,minibatch_k64,text_pca256_lexical_w005
86188,0,minibatch_k64,text_pca256_lexical_w005
86189,0,minibatch_k64,text_pca256_lexical_w005
86190,59,minibatch_k64,text_pca256_lexical_w005
86191,45,minibatch_k64,text_pca256_lexical_w005
86192,2,minibatch_k64,text_pca256_lexical_w005
86193,45,minibatch_k64,text_pca256_lexical_w005
86194,23,minibatch_k64,text_pca256_lexical_w005
86195,59,minibatch_k64,text_pca256_lexical_w005
86196,45,minibatch_k64,text_pca256_lexical_w005
86197,45,minibatch_k64,text_pca256_lexical_w005
86198,62,minibatch_k64,text_pca256_lexical_w005
86199,33,minibatch_k64,text_pca256_lexical_w005
86200,59,minibatch_k64,text_pca256_lexical_w005
86201,0,minibatch_k64,text_pca256_lexical_w005
86202,59,minibatch_k64,text_pca256_lexical_w005
86203,41,minibatch_k64,text_pca256_lexical_w005
86204,10,minibatch_k64,text_pca256_lexical_w005
86205,42,minibatch_k64,text_pca256_lexical_w005
86206,15,minibatch_k64,text_pca256_lexical_w005
86207,2,minibatch_k64,text_pca256_lexical_w005
86208,59,minibatch_k64,text_pca256_lexical_w005
86209,2,minibatch_k64,text_pca256_lexical_w005
86210,0,minibatch_k64,text_pca256_lexical_w005
86211,62,minibatch_k64,text_pca256_lexical_w005
86212,2,minibatch_k64,text_pca256_lexical_w005
86213,2,minibatch_k64,text_pca256_lexical_w005
86214,45,minibatch_k64,text_pca256_lexical_w005
86215,50,minibatch_k64,text_pca256_lexical_w005
86216,59,minibatch_k64,text_pca256_lexical_w005
86217,45,minibatch_k64,text_pca256_lexical_w005
86218,45,minibatch_k64,text_pca256_lexical_w005
86219,59,minibatch_k64,text_pca256_lexical_w005
86220,8,minibatch_k64,text_pca256_lexical_w005
86221,15,minibatch_k64,text_pca256_lexical_w005
86222,0,minibatch_k64,text_pca256_lexical_w005
86223,59,minibatch_k64,text_pca256_lexical_w005
86224,59,minibatch_k64,text_pca256_lexical_w005
86225,50,minibatch_k64,text_pca256_lexical_w005
86226,0,minibatch_k64,text_pca256_lexical_w005
86227,15,minibatch_k64,text_pca256_lexical_w005
86228,23,minibatch_k64,text_pca256_lexical_w005
86229,10,minibatch_k64,text_pca256_lexical_w005
86230,59,minibatch_k64,text_pca256_lexical_w005
86231,59,minibatch_k64,text_pca256_lexical_w005
86232,59,minibatch_k64,text_pca256_lexical_w005
86233,23,minibatch_k64,text_pca256_lexical_w005
86234,23,minibatch_k64,text_pca256_lexical_w005
86235,42,minibatch_k64,text_pca256_lexical_w005
86236,59,minibatch_k64,text_pca256_lexical_w005
86237,59,minibatch_k64,text_pca256_lexical_w005
86238,59,minibatch_k64,text_pca256_lexical_w005
86239,53,minibatch_k64,text_pca256_lexical_w005
86240,33,minibatch_k64,text_pca256_lexical_w005
86241,23,minibatch_k64,text_pca256_lexical_w005
86242,59,minibatch_k64,text_pca256_lexical_w005
86243,62,minibatch_k64,text_pca256_lexical_w005
86244,59,minibatch_k64,text_pca256_lexical_w005
86245,2,minibatch_k64,text_pca256_lexical_w005
86246,8,minibatch_k64,text_pca256_lexical_w005
86247,21,minibatch_k64,text_pca256_lexical_w005
86248,62,minibatch_k64,text_pca256_lexical_w005
86249,10,minibatch_k64,text_pca256_lexical_w005
86250,61,minibatch_k64,text_pca256_lexical_w005
86251,59,minibatch_k64,text_pca256_lexical_w005
86252,2,minibatch_k64,text_pca256_lexical_w005
86253,45,minibatch_k64,text_pca256_lexical_w005
86254,59,minibatch_k64,text_pca256_lexical_w005
86255,33,minibatch_k64,text_pca256_lexical_w005
86256,59,minibatch_k64,text_pca256_lexical_w005
86257,53,minibatch_k64,text_pca256_lexical_w005
86258,59,minibatch_k64,text_pca256_lexical_w005
86259,45,minibatch_k64,text_pca256_lexical_w005
86260,2,minibatch_k64,text_pca256_lexical_w005
86261,0,minibatch_k64,text_pca256_lexical_w005
86262,45,minibatch_k64,text_pca256_lexical_w005
86263,15,minibatch_k64,text_pca256_lexical_w005
86264,2,minibatch_k64,text_pca256_lexical_w005
86265,45,minibatch_k64,text_pca256_lexical_w005
86266,10,minibatch_k64,text_pca256_lexical_w005
86267,10,minibatch_k64,text_pca256_lexical_w005
86268,10,minibatch_k64,text_pca256_lexical_w005
86269,62,minibatch_k64,text_pca256_lexical_w005
86270,59,minibatch_k64,text_pca256_lexical_w005
86271,33,minibatch_k64,text_pca256_lexical_w005
86272,59,minibatch_k64,text_pca256_lexical_w005
86273,59,minibatch_k64,text_pca256_lexical_w005
86274,45,minibatch_k64,text_pca256_lexical_w005
86275,62,minibatch_k64,text_pca256_lexical_w005
86276,33,minibatch_k64,text_pca256_lexical_w005
86277,45,minibatch_k64,text_pca256_lexical_w005
86278,33,minibatch_k64,text_pca256_lexical_w005
86279,62,minibatch_k64,text_pca256_lexical_w005
86280,2,minibatch_k64,text_pca256_lexical_w005
86281,59,minibatch_k64,text_pca256_lexical_w005
86282,59,minibatch_k64,text_pca256_lexical_w005
86283,10,minibatch_k64,text_pca256_lexical_w005
86284,0,minibatch_k64,text_pca256_lexical_w005
86285,33,minibatch_k64,text_pca256_lexical_w005
86286,59,minibatch_k64,text_pca256_lexical_w005
86287,59,minibatch_k64,text_pca256_lexical_w005
86288,45,minibatch_k64,text_pca256_lexical_w005
86289,2,minibatch_k64,text_pca256_lexical_w005
86290,53,minibatch_k64,text_pca256_lexical_w005
86291,45,minibatch_k64,text_pca256_lexical_w005
86292,62,minibatch_k64,text_pca256_lexical_w005
86293,59,minibatch_k64,text_pca256_lexical_w005
86294,21,minibatch_k64,text_pca256_lexical_w005
86295,59,minibatch_k64,text_pca256_lexical_w005
86296,59,minibatch_k64,text_pca256_lexical_w005
86297,59,minibatch_k64,text_pca256_lexical_w005
86298,45,minibatch_k64,text_pca256_lexical_w005
86299,59,minibatch_k64,text_pca256_lexical_w005
86300,62,minibatch_k64,text_pca256_lexical_w005
86301,59,minibatch_k64,text_pca256_lexical_w005
86302,59,minibatch_k64,text_pca256_lexical_w005
86303,8,minibatch_k64,text_pca256_lexical_w005
86304,59,minibatch_k64,text_pca256_lexical_w005
86305,2,minibatch_k64,text_pca256_lexical_w005
86306,45,minibatch_k64,text_pca256_lexical_w005
86307,59,minibatch_k64,text_pca256_lexical_w005
86308,59,minibatch_k64,text_pca256_lexical_w005
86309,59,minibatch_k64,text_pca256_lexical_w005
86310,45,minibatch_k64,text_pca256_lexical_w005
86311,59,minibatch_k64,text_pca256_lexical_w005
86312,59,minibatch_k64,text_pca256_lexical_w005
86313,2,minibatch_k64,text_pca256_lexical_w005
86314,59,minibatch_k64,text_pca256_lexical_w005
86315,59,minibatch_k64,text_pca256_lexical_w005
86316,59,minibatch_k64,text_pca256_lexical_w005
86317,59,minibatch_k64,text_pca256_lexical_w005
86318,59,minibatch_k64,text_pca256_lexical_w005
86319,59,minibatch_k64,text_pca256_lexical_w005
86320,39,minibatch_k64,text_pca256_lexical_w005
86321,39,minibatch_k64,text_pca256_lexical_w005
86322,10,minibatch_k64,text_pca256_lexical_w005
86323,59,minibatch_k64,text_pca256_lexical_w005
86324,59,minibatch_k64,text_pca256_lexical_w005
86325,45,minibatch_k64,text_pca256_lexical_w005
86326,33,minibatch_k64,text_pca256_lexical_w005
86327,59,minibatch_k64,text_pca256_lexical_w005
86328,42,minibatch_k64,text_pca256_lexical_w005
86329,39,minibatch_k64,text_pca256_lexical_w005
86330,42,minibatch_k64,text_pca256_lexical_w005
86331,15,minibatch_k64,text_pca256_lexical_w005
86332,39,minibatch_k64,text_pca256_lexical_w005
86333,33,minibatch_k64,text_pca256_lexical_w005
86334,33,minibatch_k64,text_pca256_lexical_w005
86335,33,minibatch_k64,text_pca256_lexical_w005
86336,10,minibatch_k64,text_pca256_lexical_w005
86337,33,minibatch_k64,text_pca256_lexical_w005
86338,62,minibatch_k64,text_pca256_lexical_w005
86339,39,minibatch_k64,text_pca256_lexical_w005
86340,23,minibatch_k64,text_pca256_lexical_w005
86341,62,minibatch_k64,text_pca256_lexical_w005
86342,10,minibatch_k64,text_pca256_lexical_w005
86343,5,minibatch_k64,text_pca256_lexical_w005
86344,15,minibatch_k64,text_pca256_lexical_w005
86345,10,minibatch_k64,text_pca256_lexical_w005
86346,62,minibatch_k64,text_pca256_lexical_w005
86347,39,minibatch_k64,text_pca256_lexical_w005
86348,10,minibatch_k64,text_pca256_lexical_w005
86349,10,minibatch_k64,text_pca256_lexical_w005
86350,42,minibatch_k64,text_pca256_lexical_w005
86351,10,minibatch_k64,text_pca256_lexical_w005
86352,10,minibatch_k64,text_pca256_lexical_w005
86353,42,minibatch_k64,text_pca256_lexical_w005
86354,62,minibatch_k64,text_pca256_lexical_w005
86355,8,minibatch_k64,text_pca256_lexical_w005
86356,15,minibatch_k64,text_pca256_lexical_w005
86357,21,minibatch_k64,text_pca256_lexical_w005
86358,21,minibatch_k64,text_pca256_lexical_w005
86359,59,minibatch_k64,text_pca256_lexical_w005
86360,10,minibatch_k64,text_pca256_lexical_w005
86361,25,minibatch_k64,text_pca256_lexical_w005
86362,21,minibatch_k64,text_pca256_lexical_w005
86363,2,minibatch_k64,text_pca256_lexical_w005
86364,42,minibatch_k64,text_pca256_lexical_w005
86365,23,minibatch_k64,text_pca256_lexical_w005
86366,8,minibatch_k64,text_pca256_lexical_w005
86367,10,minibatch_k64,text_pca256_lexical_w005
86368,25,minibatch_k64,text_pca256_lexical_w005
86369,59,minibatch_k64,text_pca256_lexical_w005
86370,21,minibatch_k64,text_pca256_lexical_w005
86371,42,minibatch_k64,text_pca256_lexical_w005
86372,10,minibatch_k64,text_pca256_lexical_w005
86373,10,minibatch_k64,text_pca256_lexical_w005
86374,25,minibatch_k64,text_pca256_lexical_w005
86375,33,minibatch_k64,text_pca256_lexical_w005
86376,59,minibatch_k64,text_pca256_lexical_w005
86377,10,minibatch_k64,text_pca256_lexical_w005
86378,23,minibatch_k64,text_pca256_lexical_w005
86379,25,minibatch_k64,text_pca256_lexical_w005
86380,23,minibatch_k64,text_pca256_lexical_w005
86381,23,minibatch_k64,text_pca256_lexical_w005
86382,42,minibatch_k64,text_pca256_lexical_w005
86383,10,minibatch_k64,text_pca256_lexical_w005
86384,25,minibatch_k64,text_pca256_lexical_w005
86385,23,minibatch_k64,text_pca256_lexical_w005
86386,21,minibatch_k64,text_pca256_lexical_w005
86387,21,minibatch_k64,text_pca256_lexical_w005
86388,23,minibatch_k64,text_pca256_lexical_w005
86389,0,minibatch_k64,text_pca256_lexical_w005
86390,50,minibatch_k64,text_pca256_lexical_w005
86391,42,minibatch_k64,text_pca256_lexical_w005
86392,0,minibatch_k64,text_pca256_lexical_w005
86393,0,minibatch_k64,text_pca256_lexical_w005
86394,62,minibatch_k64,text_pca256_lexical_w005
86395,61,minibatch_k64,text_pca256_lexical_w005
86396,61,minibatch_k64,text_pca256_lexical_w005
86397,33,minibatch_k64,text_pca256_lexical_w005
86398,21,minibatch_k64,text_pca256_lexical_w005
86399,45,minibatch_k64,text_pca256_lexical_w005
86400,55,minibatch_k64,text_pca256_lexical_w005
86401,8,minibatch_k64,text_pca256_lexical_w005
86402,15,minibatch_k64,text_pca256_lexical_w005
86403,21,minibatch_k64,text_pca256_lexical_w005
86404,33,minibatch_k64,text_pca256_lexical_w005
86405,8,minibatch_k64,text_pca256_lexical_w005
86406,0,minibatch_k64,text_pca256_lexical_w005
86407,8,minibatch_k64,text_pca256_lexical_w005
86408,8,minibatch_k64,text_pca256_lexical_w005
86409,39,minibatch_k64,text_pca256_lexical_w005
86410,8,minibatch_k64,text_pca256_lexical_w005
86411,8,minibatch_k64,text_pca256_lexical_w005
86412,62,minibatch_k64,text_pca256_lexical_w005
86413,0,minibatch_k64,text_pca256_lexical_w005
86414,18,minibatch_k64,text_pca256_lexical_w005
86415,62,minibatch_k64,text_pca256_lexical_w005
86416,42,minibatch_k64,text_pca256_lexical_w005
86417,18,minibatch_k64,text_pca256_lexical_w005
86418,0,minibatch_k64,text_pca256_lexical_w005
86419,59,minibatch_k64,text_pca256_lexical_w005
86420,59,minibatch_k64,text_pca256_lexical_w005
86421,40,minibatch_k64,text_pca256_lexical_w005
86422,42,minibatch_k64,text_pca256_lexical_w005
86423,45,minibatch_k64,text_pca256_lexical_w005
86424,59,minibatch_k64,text_pca256_lexical_w005
86425,21,minibatch_k64,text_pca256_lexical_w005
86426,0,minibatch_k64,text_pca256_lexical_w005
86427,5,minibatch_k64,text_pca256_lexical_w005
86428,23,minibatch_k64,text_pca256_lexical_w005
86429,0,minibatch_k64,text_pca256_lexical_w005
86430,45,minibatch_k64,text_pca256_lexical_w005
86431,2,minibatch_k64,text_pca256_lexical_w005
86432,59,minibatch_k64,text_pca256_lexical_w005
86433,0,minibatch_k64,text_pca256_lexical_w005
86434,62,minibatch_k64,text_pca256_lexical_w005
86435,23,minibatch_k64,text_pca256_lexical_w005
86436,8,minibatch_k64,text_pca256_lexical_w005
86437,15,minibatch_k64,text_pca256_lexical_w005
86438,33,minibatch_k64,text_pca256_lexical_w005
86439,42,minibatch_k64,text_pca256_lexical_w005
86440,8,minibatch_k64,text_pca256_lexical_w005
86441,10,minibatch_k64,text_pca256_lexical_w005
86442,29,minibatch_k64,text_pca256_lexical_w005
86443,0,minibatch_k64,text_pca256_lexical_w005
86444,2,minibatch_k64,text_pca256_lexical_w005
86445,29,minibatch_k64,text_pca256_lexical_w005
86446,62,minibatch_k64,text_pca256_lexical_w005
86447,21,minibatch_k64,text_pca256_lexical_w005
86448,29,minibatch_k64,text_pca256_lexical_w005
86449,21,minibatch_k64,text_pca256_lexical_w005
86450,21,minibatch_k64,text_pca256_lexical_w005
86451,21,minibatch_k64,text_pca256_lexical_w005
86452,42,minibatch_k64,text_pca256_lexical_w005
86453,21,minibatch_k64,text_pca256_lexical_w005
86454,21,minibatch_k64,text_pca256_lexical_w005
86455,21,minibatch_k64,text_pca256_lexical_w005
86456,21,minibatch_k64,text_pca256_lexical_w005
86457,21,minibatch_k64,text_pca256_lexical_w005
86458,23,minibatch_k64,text_pca256_lexical_w005
86459,21,minibatch_k64,text_pca256_lexical_w005
86460,21,minibatch_k64,text_pca256_lexical_w005
86461,21,minibatch_k64,text_pca256_lexical_w005
86462,21,minibatch_k64,text_pca256_lexical_w005
86463,21,minibatch_k64,text_pca256_lexical_w005
86464,21,minibatch_k64,text_pca256_lexical_w005
86465,21,minibatch_k64,text_pca256_lexical_w005
86466,10,minibatch_k64,text_pca256_lexical_w005
86467,8,minibatch_k64,text_pca256_lexical_w005
86468,21,minibatch_k64,text_pca256_lexical_w005
86469,21,minibatch_k64,text_pca256_lexical_w005
86470,21,minibatch_k64,text_pca256_lexical_w005
86471,21,minibatch_k64,text_pca256_lexical_w005
86472,21,minibatch_k64,text_pca256_lexical_w005
86473,21,minibatch_k64,text_pca256_lexical_w005
86474,42,minibatch_k64,text_pca256_lexical_w005
86475,0,minibatch_k64,text_pca256_lexical_w005
86476,21,minibatch_k64,text_pca256_lexical_w005
86477,0,minibatch_k64,text_pca256_lexical_w005
86478,21,minibatch_k64,text_pca256_lexical_w005
86479,21,minibatch_k64,text_pca256_lexical_w005
86480,21,minibatch_k64,text_pca256_lexical_w005
86481,21,minibatch_k64,text_pca256_lexical_w005
86482,42,minibatch_k64,text_pca256_lexical_w005
86483,21,minibatch_k64,text_pca256_lexical_w005
86484,21,minibatch_k64,text_pca256_lexical_w005
86485,21,minibatch_k64,text_pca256_lexical_w005
86486,0,minibatch_k64,text_pca256_lexical_w005
86487,21,minibatch_k64,text_pca256_lexical_w005
86488,42,minibatch_k64,text_pca256_lexical_w005
86489,21,minibatch_k64,text_pca256_lexical_w005
86490,0,minibatch_k64,text_pca256_lexical_w005
86491,0,minibatch_k64,text_pca256_lexical_w005
86492,21,minibatch_k64,text_pca256_lexical_w005
86493,21,minibatch_k64,text_pca256_lexical_w005
86494,0,minibatch_k64,text_pca256_lexical_w005
86495,21,minibatch_k64,text_pca256_lexical_w005
86496,21,minibatch_k64,text_pca256_lexical_w005
86497,21,minibatch_k64,text_pca256_lexical_w005
86498,21,minibatch_k64,text_pca256_lexical_w005
86499,21,minibatch_k64,text_pca256_lexical_w005
86500,0,minibatch_k64,text_pca256_lexical_w005
86501,21,minibatch_k64,text_pca256_lexical_w005
86502,21,minibatch_k64,text_pca256_lexical_w005
86503,0,minibatch_k64,text_pca256_lexical_w005
86504,21,minibatch_k64,text_pca256_lexical_w005
86505,21,minibatch_k64,text_pca256_lexical_w005
86506,21,minibatch_k64,text_pca256_lexical_w005
86507,21,minibatch_k64,text_pca256_lexical_w005
86508,21,minibatch_k64,text_pca256_lexical_w005
86509,21,minibatch_k64,text_pca256_lexical_w005
86510,21,minibatch_k64,text_pca256_lexical_w005
86511,21,minibatch_k64,text_pca256_lexical_w005
86512,21,minibatch_k64,text_pca256_lexical_w005
86513,21,minibatch_k64,text_pca256_lexical_w005
86514,21,minibatch_k64,text_pca256_lexical_w005
86515,2,minibatch_k64,text_pca256_lexical_w005
86516,10,minibatch_k64,text_pca256_lexical_w005
86517,45,minibatch_k64,text_pca256_lexical_w005
86518,21,minibatch_k64,text_pca256_lexical_w005
86519,0,minibatch_k64,text_pca256_lexical_w005
86520,21,minibatch_k64,text_pca256_lexical_w005
86521,21,minibatch_k64,text_pca256_lexical_w005
86522,0,minibatch_k64,text_pca256_lexical_w005
86523,21,minibatch_k64,text_pca256_lexical_w005
86524,21,minibatch_k64,text_pca256_lexical_w005
86525,21,minibatch_k64,text_pca256_lexical_w005
86526,21,minibatch_k64,text_pca256_lexical_w005
86527,21,minibatch_k64,text_pca256_lexical_w005
86528,21,minibatch_k64,text_pca256_lexical_w005
86529,8,minibatch_k64,text_pca256_lexical_w005
86530,21,minibatch_k64,text_pca256_lexical_w005
86531,21,minibatch_k64,text_pca256_lexical_w005
86532,8,minibatch_k64,text_pca256_lexical_w005
86533,21,minibatch_k64,text_pca256_lexical_w005
86534,21,minibatch_k64,text_pca256_lexical_w005
86535,21,minibatch_k64,text_pca256_lexical_w005
86536,0,minibatch_k64,text_pca256_lexical_w005
86537,21,minibatch_k64,text_pca256_lexical_w005
86538,21,minibatch_k64,text_pca256_lexical_w005
86539,21,minibatch_k64,text_pca256_lexical_w005
86540,21,minibatch_k64,text_pca256_lexical_w005
86541,21,minibatch_k64,text_pca256_lexical_w005
86542,21,minibatch_k64,text_pca256_lexical_w005
86543,21,minibatch_k64,text_pca256_lexical_w005
86544,8,minibatch_k64,text_pca256_lexical_w005
86545,21,minibatch_k64,text_pca256_lexical_w005
86546,21,minibatch_k64,text_pca256_lexical_w005
86547,21,minibatch_k64,text_pca256_lexical_w005
86548,21,minibatch_k64,text_pca256_lexical_w005
86549,21,minibatch_k64,text_pca256_lexical_w005
86550,21,minibatch_k64,text_pca256_lexical_w005
86551,21,minibatch_k64,text_pca256_lexical_w005
86552,62,minibatch_k64,text_pca256_lexical_w005
86553,8,minibatch_k64,text_pca256_lexical_w005
86554,5,minibatch_k64,text_pca256_lexical_w005
86555,33,minibatch_k64,text_pca256_lexical_w005
86556,15,minibatch_k64,text_pca256_lexical_w005
86557,50,minibatch_k64,text_pca256_lexical_w005
86558,39,minibatch_k64,text_pca256_lexical_w005
86559,0,minibatch_k64,text_pca256_lexical_w005
86560,14,minibatch_k64,text_pca256_lexical_w005
86561,0,minibatch_k64,text_pca256_lexical_w005
86562,59,minibatch_k64,text_pca256_lexical_w005
86563,59,minibatch_k64,text_pca256_lexical_w005
86564,39,minibatch_k64,text_pca256_lexical_w005
86565,15,minibatch_k64,text_pca256_lexical_w005
86566,62,minibatch_k64,text_pca256_lexical_w005
86567,39,minibatch_k64,text_pca256_lexical_w005
86568,39,minibatch_k64,text_pca256_lexical_w005
86569,62,minibatch_k64,text_pca256_lexical_w005
86570,45,minibatch_k64,text_pca256_lexical_w005
86571,38,minibatch_k64,text_pca256_lexical_w005
86572,45,minibatch_k64,text_pca256_lexical_w005
86573,0,minibatch_k64,text_pca256_lexical_w005
86574,55,minibatch_k64,text_pca256_lexical_w005
86575,13,minibatch_k64,text_pca256_lexical_w005
86576,23,minibatch_k64,text_pca256_lexical_w005
86577,15,minibatch_k64,text_pca256_lexical_w005
86578,59,minibatch_k64,text_pca256_lexical_w005
86579,15,minibatch_k64,text_pca256_lexical_w005
86580,39,minibatch_k64,text_pca256_lexical_w005
86581,39,minibatch_k64,text_pca256_lexical_w005
86582,39,minibatch_k64,text_pca256_lexical_w005
86583,39,minibatch_k64,text_pca256_lexical_w005
86584,0,minibatch_k64,text_pca256_lexical_w005
86585,23,minibatch_k64,text_pca256_lexical_w005
86586,33,minibatch_k64,text_pca256_lexical_w005
86587,39,minibatch_k64,text_pca256_lexical_w005
86588,62,minibatch_k64,text_pca256_lexical_w005
86589,2,minibatch_k64,text_pca256_lexical_w005
86590,8,minibatch_k64,text_pca256_lexical_w005
86591,14,minibatch_k64,text_pca256_lexical_w005
86592,33,minibatch_k64,text_pca256_lexical_w005
86593,56,minibatch_k64,text_pca256_lexical_w005
86594,62,minibatch_k64,text_pca256_lexical_w005
86595,0,minibatch_k64,text_pca256_lexical_w005
86596,62,minibatch_k64,text_pca256_lexical_w005
86597,0,minibatch_k64,text_pca256_lexical_w005
86598,15,minibatch_k64,text_pca256_lexical_w005
86599,59,minibatch_k64,text_pca256_lexical_w005
86600,0,minibatch_k64,text_pca256_lexical_w005
86601,23,minibatch_k64,text_pca256_lexical_w005
86602,0,minibatch_k64,text_pca256_lexical_w005
86603,0,minibatch_k64,text_pca256_lexical_w005
86604,62,minibatch_k64,text_pca256_lexical_w005
86605,62,minibatch_k64,text_pca256_lexical_w005
86606,59,minibatch_k64,text_pca256_lexical_w005
86607,0,minibatch_k64,text_pca256_lexical_w005
86608,10,minibatch_k64,text_pca256_lexical_w005
86609,39,minibatch_k64,text_pca256_lexical_w005
86610,0,minibatch_k64,text_pca256_lexical_w005
86611,45,minibatch_k64,text_pca256_lexical_w005
86612,38,minibatch_k64,text_pca256_lexical_w005
86613,8,minibatch_k64,text_pca256_lexical_w005
86614,2,minibatch_k64,text_pca256_lexical_w005
86615,55,minibatch_k64,text_pca256_lexical_w005
86616,55,minibatch_k64,text_pca256_lexical_w005
86617,45,minibatch_k64,text_pca256_lexical_w005
86618,62,minibatch_k64,text_pca256_lexical_w005
86619,13,minibatch_k64,text_pca256_lexical_w005
86620,23,minibatch_k64,text_pca256_lexical_w005
86621,33,minibatch_k64,text_pca256_lexical_w005
86622,0,minibatch_k64,text_pca256_lexical_w005
86623,0,minibatch_k64,text_pca256_lexical_w005
86624,23,minibatch_k64,text_pca256_lexical_w005
86625,33,minibatch_k64,text_pca256_lexical_w005
86626,62,minibatch_k64,text_pca256_lexical_w005
86627,62,minibatch_k64,text_pca256_lexical_w005
86628,62,minibatch_k64,text_pca256_lexical_w005
86629,0,minibatch_k64,text_pca256_lexical_w005
86630,15,minibatch_k64,text_pca256_lexical_w005
86631,2,minibatch_k64,text_pca256_lexical_w005
86632,0,minibatch_k64,text_pca256_lexical_w005
86633,0,minibatch_k64,text_pca256_lexical_w005
86634,23,minibatch_k64,text_pca256_lexical_w005
86635,10,minibatch_k64,text_pca256_lexical_w005
86636,10,minibatch_k64,text_pca256_lexical_w005
86637,0,minibatch_k64,text_pca256_lexical_w005
86638,15,minibatch_k64,text_pca256_lexical_w005
86639,0,minibatch_k64,text_pca256_lexical_w005
86640,0,minibatch_k64,text_pca256_lexical_w005
86641,62,minibatch_k64,text_pca256_lexical_w005
86642,62,minibatch_k64,text_pca256_lexical_w005
86643,14,minibatch_k64,text_pca256_lexical_w005
86644,59,minibatch_k64,text_pca256_lexical_w005
86645,23,minibatch_k64,text_pca256_lexical_w005
86646,0,minibatch_k64,text_pca256_lexical_w005
86647,45,minibatch_k64,text_pca256_lexical_w005
86648,38,minibatch_k64,text_pca256_lexical_w005
86649,45,minibatch_k64,text_pca256_lexical_w005
86650,55,minibatch_k64,text_pca256_lexical_w005
86651,22,minibatch_k64,text_pca256_lexical_w005
86652,23,minibatch_k64,text_pca256_lexical_w005
86653,47,minibatch_k64,text_pca256_lexical_w005
86654,62,minibatch_k64,text_pca256_lexical_w005
86655,15,minibatch_k64,text_pca256_lexical_w005
86656,0,minibatch_k64,text_pca256_lexical_w005
86657,33,minibatch_k64,text_pca256_lexical_w005
86658,33,minibatch_k64,text_pca256_lexical_w005
86659,47,minibatch_k64,text_pca256_lexical_w005
86660,33,minibatch_k64,text_pca256_lexical_w005
86661,62,minibatch_k64,text_pca256_lexical_w005
86662,0,minibatch_k64,text_pca256_lexical_w005
86663,62,minibatch_k64,text_pca256_lexical_w005
86664,0,minibatch_k64,text_pca256_lexical_w005
86665,8,minibatch_k64,text_pca256_lexical_w005
86666,23,minibatch_k64,text_pca256_lexical_w005
86667,14,minibatch_k64,text_pca256_lexical_w005
86668,47,minibatch_k64,text_pca256_lexical_w005
86669,10,minibatch_k64,text_pca256_lexical_w005
86670,33,minibatch_k64,text_pca256_lexical_w005
86671,38,minibatch_k64,text_pca256_lexical_w005
86672,0,minibatch_k64,text_pca256_lexical_w005
86673,59,minibatch_k64,text_pca256_lexical_w005
86674,62,minibatch_k64,text_pca256_lexical_w005
86675,0,minibatch_k64,text_pca256_lexical_w005
86676,55,minibatch_k64,text_pca256_lexical_w005
86677,22,minibatch_k64,text_pca256_lexical_w005
86678,23,minibatch_k64,text_pca256_lexical_w005
86679,62,minibatch_k64,text_pca256_lexical_w005
86680,23,minibatch_k64,text_pca256_lexical_w005
86681,2,minibatch_k64,text_pca256_lexical_w005
86682,2,minibatch_k64,text_pca256_lexical_w005
86683,8,minibatch_k64,text_pca256_lexical_w005
86684,0,minibatch_k64,text_pca256_lexical_w005
86685,0,minibatch_k64,text_pca256_lexical_w005
86686,8,minibatch_k64,text_pca256_lexical_w005
86687,2,minibatch_k64,text_pca256_lexical_w005
86688,2,minibatch_k64,text_pca256_lexical_w005
86689,23,minibatch_k64,text_pca256_lexical_w005
86690,0,minibatch_k64,text_pca256_lexical_w005
86691,8,minibatch_k64,text_pca256_lexical_w005
86692,23,minibatch_k64,text_pca256_lexical_w005
86693,23,minibatch_k64,text_pca256_lexical_w005
86694,14,minibatch_k64,text_pca256_lexical_w005
86695,62,minibatch_k64,text_pca256_lexical_w005
86696,59,minibatch_k64,text_pca256_lexical_w005
86697,21,minibatch_k64,text_pca256_lexical_w005
86698,1,minibatch_k64,text_pca256_lexical_w005
86699,15,minibatch_k64,text_pca256_lexical_w005
86700,21,minibatch_k64,text_pca256_lexical_w005
86701,0,minibatch_k64,text_pca256_lexical_w005
86702,62,minibatch_k64,text_pca256_lexical_w005
86703,55,minibatch_k64,text_pca256_lexical_w005
86704,13,minibatch_k64,text_pca256_lexical_w005
86705,21,minibatch_k64,text_pca256_lexical_w005
86706,21,minibatch_k64,text_pca256_lexical_w005
86707,59,minibatch_k64,text_pca256_lexical_w005
86708,1,minibatch_k64,text_pca256_lexical_w005
86709,59,minibatch_k64,text_pca256_lexical_w005
86710,33,minibatch_k64,text_pca256_lexical_w005
86711,62,minibatch_k64,text_pca256_lexical_w005
86712,10,minibatch_k64,text_pca256_lexical_w005
86713,15,minibatch_k64,text_pca256_lexical_w005
86714,15,minibatch_k64,text_pca256_lexical_w005
86715,15,minibatch_k64,text_pca256_lexical_w005
86716,33,minibatch_k64,text_pca256_lexical_w005
86717,42,minibatch_k64,text_pca256_lexical_w005
86718,2,minibatch_k64,text_pca256_lexical_w005
86719,42,minibatch_k64,text_pca256_lexical_w005
86720,8,minibatch_k64,text_pca256_lexical_w005
86721,0,minibatch_k64,text_pca256_lexical_w005
86722,5,minibatch_k64,text_pca256_lexical_w005
86723,33,minibatch_k64,text_pca256_lexical_w005
86724,1,minibatch_k64,text_pca256_lexical_w005
86725,49,minibatch_k64,text_pca256_lexical_w005
86726,14,minibatch_k64,text_pca256_lexical_w005
86727,2,minibatch_k64,text_pca256_lexical_w005
86728,33,minibatch_k64,text_pca256_lexical_w005
86729,39,minibatch_k64,text_pca256_lexical_w005
86730,45,minibatch_k64,text_pca256_lexical_w005
86731,0,minibatch_k64,text_pca256_lexical_w005
86732,55,minibatch_k64,text_pca256_lexical_w005
86733,22,minibatch_k64,text_pca256_lexical_w005
86734,0,minibatch_k64,text_pca256_lexical_w005
86735,33,minibatch_k64,text_pca256_lexical_w005
86736,15,minibatch_k64,text_pca256_lexical_w005
86737,8,minibatch_k64,text_pca256_lexical_w005
86738,0,minibatch_k64,text_pca256_lexical_w005
86739,8,minibatch_k64,text_pca256_lexical_w005
86740,14,minibatch_k64,text_pca256_lexical_w005
86741,0,minibatch_k64,text_pca256_lexical_w005
86742,10,minibatch_k64,text_pca256_lexical_w005
86743,33,minibatch_k64,text_pca256_lexical_w005
86744,0,minibatch_k64,text_pca256_lexical_w005
86745,15,minibatch_k64,text_pca256_lexical_w005
86746,45,minibatch_k64,text_pca256_lexical_w005
86747,38,minibatch_k64,text_pca256_lexical_w005
86748,59,minibatch_k64,text_pca256_lexical_w005
86749,0,minibatch_k64,text_pca256_lexical_w005
86750,13,minibatch_k64,text_pca256_lexical_w005
86751,56,minibatch_k64,text_pca256_lexical_w005
86752,23,minibatch_k64,text_pca256_lexical_w005
86753,23,minibatch_k64,text_pca256_lexical_w005
86754,62,minibatch_k64,text_pca256_lexical_w005
86755,56,minibatch_k64,text_pca256_lexical_w005
86756,2,minibatch_k64,text_pca256_lexical_w005
86757,62,minibatch_k64,text_pca256_lexical_w005
86758,53,minibatch_k64,text_pca256_lexical_w005
86759,62,minibatch_k64,text_pca256_lexical_w005
86760,8,minibatch_k64,text_pca256_lexical_w005
86761,23,minibatch_k64,text_pca256_lexical_w005
86762,0,minibatch_k64,text_pca256_lexical_w005
86763,21,minibatch_k64,text_pca256_lexical_w005
86764,14,minibatch_k64,text_pca256_lexical_w005
86765,15,minibatch_k64,text_pca256_lexical_w005
86766,2,minibatch_k64,text_pca256_lexical_w005
86767,42,minibatch_k64,text_pca256_lexical_w005
86768,45,minibatch_k64,text_pca256_lexical_w005
86769,38,minibatch_k64,text_pca256_lexical_w005
86770,55,minibatch_k64,text_pca256_lexical_w005
86771,63,minibatch_k64,text_pca256_lexical_w005
86772,5,minibatch_k64,text_pca256_lexical_w005
86773,10,minibatch_k64,text_pca256_lexical_w005
86774,62,minibatch_k64,text_pca256_lexical_w005
86775,23,minibatch_k64,text_pca256_lexical_w005
86776,33,minibatch_k64,text_pca256_lexical_w005
86777,62,minibatch_k64,text_pca256_lexical_w005
86778,59,minibatch_k64,text_pca256_lexical_w005
86779,10,minibatch_k64,text_pca256_lexical_w005
86780,15,minibatch_k64,text_pca256_lexical_w005
86781,33,minibatch_k64,text_pca256_lexical_w005
86782,62,minibatch_k64,text_pca256_lexical_w005
86783,33,minibatch_k64,text_pca256_lexical_w005
86784,10,minibatch_k64,text_pca256_lexical_w005
86785,15,minibatch_k64,text_pca256_lexical_w005
86786,14,minibatch_k64,text_pca256_lexical_w005
86787,10,minibatch_k64,text_pca256_lexical_w005
86788,0,minibatch_k64,text_pca256_lexical_w005
86789,45,minibatch_k64,text_pca256_lexical_w005
86790,42,minibatch_k64,text_pca256_lexical_w005
86791,5,minibatch_k64,text_pca256_lexical_w005
86792,46,minibatch_k64,text_pca256_lexical_w005
86793,0,minibatch_k64,text_pca256_lexical_w005
86794,62,minibatch_k64,text_pca256_lexical_w005
86795,5,minibatch_k64,text_pca256_lexical_w005
86796,0,minibatch_k64,text_pca256_lexical_w005
86797,10,minibatch_k64,text_pca256_lexical_w005
86798,10,minibatch_k64,text_pca256_lexical_w005
86799,47,minibatch_k64,text_pca256_lexical_w005
86800,5,minibatch_k64,text_pca256_lexical_w005
86801,15,minibatch_k64,text_pca256_lexical_w005
86802,15,minibatch_k64,text_pca256_lexical_w005
86803,45,minibatch_k64,text_pca256_lexical_w005
86804,45,minibatch_k64,text_pca256_lexical_w005
86805,5,minibatch_k64,text_pca256_lexical_w005
86806,5,minibatch_k64,text_pca256_lexical_w005
86807,4,minibatch_k64,text_pca256_lexical_w005
86808,2,minibatch_k64,text_pca256_lexical_w005
86809,2,minibatch_k64,text_pca256_lexical_w005
86810,15,minibatch_k64,text_pca256_lexical_w005
86811,62,minibatch_k64,text_pca256_lexical_w005
86812,2,minibatch_k64,text_pca256_lexical_w005
86813,15,minibatch_k64,text_pca256_lexical_w005
86814,8,minibatch_k64,text_pca256_lexical_w005
86815,0,minibatch_k64,text_pca256_lexical_w005
86816,5,minibatch_k64,text_pca256_lexical_w005
86817,62,minibatch_k64,text_pca256_lexical_w005
86818,21,minibatch_k64,text_pca256_lexical_w005
86819,5,minibatch_k64,text_pca256_lexical_w005
86820,8,minibatch_k64,text_pca256_lexical_w005
86821,0,minibatch_k64,text_pca256_lexical_w005
86822,8,minibatch_k64,text_pca256_lexical_w005
86823,50,minibatch_k64,text_pca256_lexical_w005
86824,2,minibatch_k64,text_pca256_lexical_w005
86825,0,minibatch_k64,text_pca256_lexical_w005
86826,14,minibatch_k64,text_pca256_lexical_w005
86827,14,minibatch_k64,text_pca256_lexical_w005
86828,21,minibatch_k64,text_pca256_lexical_w005
86829,39,minibatch_k64,text_pca256_lexical_w005
86830,45,minibatch_k64,text_pca256_lexical_w005
86831,45,minibatch_k64,text_pca256_lexical_w005
86832,47,minibatch_k64,text_pca256_lexical_w005
86833,5,minibatch_k64,text_pca256_lexical_w005
86834,8,minibatch_k64,text_pca256_lexical_w005
86835,5,minibatch_k64,text_pca256_lexical_w005
86836,0,minibatch_k64,text_pca256_lexical_w005
86837,0,minibatch_k64,text_pca256_lexical_w005
86838,23,minibatch_k64,text_pca256_lexical_w005
86839,0,minibatch_k64,text_pca256_lexical_w005
86840,55,minibatch_k64,text_pca256_lexical_w005
86841,22,minibatch_k64,text_pca256_lexical_w005
86842,23,minibatch_k64,text_pca256_lexical_w005
86843,62,minibatch_k64,text_pca256_lexical_w005
86844,33,minibatch_k64,text_pca256_lexical_w005
86845,8,minibatch_k64,text_pca256_lexical_w005
86846,15,minibatch_k64,text_pca256_lexical_w005
86847,33,minibatch_k64,text_pca256_lexical_w005
86848,33,minibatch_k64,text_pca256_lexical_w005
86849,8,minibatch_k64,text_pca256_lexical_w005
86850,33,minibatch_k64,text_pca256_lexical_w005
86851,59,minibatch_k64,text_pca256_lexical_w005
86852,50,minibatch_k64,text_pca256_lexical_w005
86853,8,minibatch_k64,text_pca256_lexical_w005
86854,21,minibatch_k64,text_pca256_lexical_w005
86855,59,minibatch_k64,text_pca256_lexical_w005
86856,14,minibatch_k64,text_pca256_lexical_w005
86857,0,minibatch_k64,text_pca256_lexical_w005
86858,50,minibatch_k64,text_pca256_lexical_w005
86859,0,minibatch_k64,text_pca256_lexical_w005
86860,0,minibatch_k64,text_pca256_lexical_w005
86861,23,minibatch_k64,text_pca256_lexical_w005
86862,59,minibatch_k64,text_pca256_lexical_w005
86863,55,minibatch_k64,text_pca256_lexical_w005
86864,21,minibatch_k64,text_pca256_lexical_w005
86865,39,minibatch_k64,text_pca256_lexical_w005
86866,0,minibatch_k64,text_pca256_lexical_w005
86867,50,minibatch_k64,text_pca256_lexical_w005
86868,62,minibatch_k64,text_pca256_lexical_w005
86869,15,minibatch_k64,text_pca256_lexical_w005
86870,0,minibatch_k64,text_pca256_lexical_w005
86871,56,minibatch_k64,text_pca256_lexical_w005
86872,62,minibatch_k64,text_pca256_lexical_w005
86873,21,minibatch_k64,text_pca256_lexical_w005
86874,21,minibatch_k64,text_pca256_lexical_w005
86875,0,minibatch_k64,text_pca256_lexical_w005
86876,0,minibatch_k64,text_pca256_lexical_w005
86877,21,minibatch_k64,text_pca256_lexical_w005
86878,33,minibatch_k64,text_pca256_lexical_w005
86879,0,minibatch_k64,text_pca256_lexical_w005
86880,14,minibatch_k64,text_pca256_lexical_w005
86881,23,minibatch_k64,text_pca256_lexical_w005
86882,15,minibatch_k64,text_pca256_lexical_w005
86883,23,minibatch_k64,text_pca256_lexical_w005
86884,2,minibatch_k64,text_pca256_lexical_w005
86885,50,minibatch_k64,text_pca256_lexical_w005
86886,38,minibatch_k64,text_pca256_lexical_w005
86887,0,minibatch_k64,text_pca256_lexical_w005
86888,62,minibatch_k64,text_pca256_lexical_w005
86889,55,minibatch_k64,text_pca256_lexical_w005
86890,22,minibatch_k64,text_pca256_lexical_w005
86891,21,minibatch_k64,text_pca256_lexical_w005
86892,56,minibatch_k64,text_pca256_lexical_w005
86893,4,minibatch_k64,text_pca256_lexical_w005
86894,10,minibatch_k64,text_pca256_lexical_w005
86895,8,minibatch_k64,text_pca256_lexical_w005
86896,8,minibatch_k64,text_pca256_lexical_w005
86897,15,minibatch_k64,text_pca256_lexical_w005
86898,21,minibatch_k64,text_pca256_lexical_w005
86899,0,minibatch_k64,text_pca256_lexical_w005
86900,14,minibatch_k64,text_pca256_lexical_w005
86901,33,minibatch_k64,text_pca256_lexical_w005
86902,62,minibatch_k64,text_pca256_lexical_w005
86903,8,minibatch_k64,text_pca256_lexical_w005
86904,23,minibatch_k64,text_pca256_lexical_w005
86905,2,minibatch_k64,text_pca256_lexical_w005
86906,21,minibatch_k64,text_pca256_lexical_w005
86907,23,minibatch_k64,text_pca256_lexical_w005
86908,0,minibatch_k64,text_pca256_lexical_w005
86909,62,minibatch_k64,text_pca256_lexical_w005
86910,38,minibatch_k64,text_pca256_lexical_w005
86911,0,minibatch_k64,text_pca256_lexical_w005
86912,45,minibatch_k64,text_pca256_lexical_w005
86913,2,minibatch_k64,text_pca256_lexical_w005
86914,22,minibatch_k64,text_pca256_lexical_w005
86915,62,minibatch_k64,text_pca256_lexical_w005
86916,45,minibatch_k64,text_pca256_lexical_w005
86917,21,minibatch_k64,text_pca256_lexical_w005
86918,0,minibatch_k64,text_pca256_lexical_w005
86919,33,minibatch_k64,text_pca256_lexical_w005
86920,0,minibatch_k64,text_pca256_lexical_w005
86921,39,minibatch_k64,text_pca256_lexical_w005
86922,21,minibatch_k64,text_pca256_lexical_w005
86923,23,minibatch_k64,text_pca256_lexical_w005
86924,8,minibatch_k64,text_pca256_lexical_w005
86925,42,minibatch_k64,text_pca256_lexical_w005
86926,2,minibatch_k64,text_pca256_lexical_w005
86927,62,minibatch_k64,text_pca256_lexical_w005
86928,14,minibatch_k64,text_pca256_lexical_w005
86929,62,minibatch_k64,text_pca256_lexical_w005
86930,0,minibatch_k64,text_pca256_lexical_w005
86931,20,minibatch_k64,text_pca256_lexical_w005
86932,20,minibatch_k64,text_pca256_lexical_w005
86933,20,minibatch_k64,text_pca256_lexical_w005
86934,20,minibatch_k64,text_pca256_lexical_w005
86935,59,minibatch_k64,text_pca256_lexical_w005
86936,38,minibatch_k64,text_pca256_lexical_w005
86937,36,minibatch_k64,text_pca256_lexical_w005
86938,45,minibatch_k64,text_pca256_lexical_w005
86939,55,minibatch_k64,text_pca256_lexical_w005
86940,63,minibatch_k64,text_pca256_lexical_w005
86941,21,minibatch_k64,text_pca256_lexical_w005
86942,15,minibatch_k64,text_pca256_lexical_w005
86943,0,minibatch_k64,text_pca256_lexical_w005
86944,21,minibatch_k64,text_pca256_lexical_w005
86945,10,minibatch_k64,text_pca256_lexical_w005
86946,50,minibatch_k64,text_pca256_lexical_w005
86947,21,minibatch_k64,text_pca256_lexical_w005
86948,33,minibatch_k64,text_pca256_lexical_w005
86949,0,minibatch_k64,text_pca256_lexical_w005
86950,33,minibatch_k64,text_pca256_lexical_w005
86951,15,minibatch_k64,text_pca256_lexical_w005
86952,15,minibatch_k64,text_pca256_lexical_w005
86953,0,minibatch_k64,text_pca256_lexical_w005
86954,0,minibatch_k64,text_pca256_lexical_w005
86955,50,minibatch_k64,text_pca256_lexical_w005
86956,15,minibatch_k64,text_pca256_lexical_w005
86957,8,minibatch_k64,text_pca256_lexical_w005
86958,2,minibatch_k64,text_pca256_lexical_w005
86959,21,minibatch_k64,text_pca256_lexical_w005
86960,62,minibatch_k64,text_pca256_lexical_w005
86961,2,minibatch_k64,text_pca256_lexical_w005
86962,0,minibatch_k64,text_pca256_lexical_w005
86963,50,minibatch_k64,text_pca256_lexical_w005
86964,0,minibatch_k64,text_pca256_lexical_w005
86965,8,minibatch_k64,text_pca256_lexical_w005
86966,0,minibatch_k64,text_pca256_lexical_w005
86967,62,minibatch_k64,text_pca256_lexical_w005
86968,21,minibatch_k64,text_pca256_lexical_w005
86969,45,minibatch_k64,text_pca256_lexical_w005
86970,0,minibatch_k64,text_pca256_lexical_w005
86971,42,minibatch_k64,text_pca256_lexical_w005
86972,14,minibatch_k64,text_pca256_lexical_w005
86973,45,minibatch_k64,text_pca256_lexical_w005
86974,2,minibatch_k64,text_pca256_lexical_w005
86975,62,minibatch_k64,text_pca256_lexical_w005
86976,4,minibatch_k64,text_pca256_lexical_w005
86977,45,minibatch_k64,text_pca256_lexical_w005
86978,2,minibatch_k64,text_pca256_lexical_w005
86979,23,minibatch_k64,text_pca256_lexical_w005
86980,42,minibatch_k64,text_pca256_lexical_w005
86981,42,minibatch_k64,text_pca256_lexical_w005
86982,42,minibatch_k64,text_pca256_lexical_w005
86983,62,minibatch_k64,text_pca256_lexical_w005
86984,2,minibatch_k64,text_pca256_lexical_w005
86985,15,minibatch_k64,text_pca256_lexical_w005
86986,8,minibatch_k64,text_pca256_lexical_w005
86987,0,minibatch_k64,text_pca256_lexical_w005
86988,0,minibatch_k64,text_pca256_lexical_w005
86989,0,minibatch_k64,text_pca256_lexical_w005
86990,62,minibatch_k64,text_pca256_lexical_w005
86991,2,minibatch_k64,text_pca256_lexical_w005
86992,0,minibatch_k64,text_pca256_lexical_w005
86993,0,minibatch_k64,text_pca256_lexical_w005
86994,0,minibatch_k64,text_pca256_lexical_w005
86995,0,minibatch_k64,text_pca256_lexical_w005
86996,10,minibatch_k64,text_pca256_lexical_w005
86997,8,minibatch_k64,text_pca256_lexical_w005
86998,38,minibatch_k64,text_pca256_lexical_w005
86999,45,minibatch_k64,text_pca256_lexical_w005
87000,62,minibatch_k64,text_pca256_lexical_w005
87001,45,minibatch_k64,text_pca256_lexical_w005
87002,45,minibatch_k64,text_pca256_lexical_w005
87003,8,minibatch_k64,text_pca256_lexical_w005
87004,55,minibatch_k64,text_pca256_lexical_w005
87005,23,minibatch_k64,text_pca256_lexical_w005
87006,22,minibatch_k64,text_pca256_lexical_w005
87007,10,minibatch_k64,text_pca256_lexical_w005
87008,62,minibatch_k64,text_pca256_lexical_w005
87009,45,minibatch_k64,text_pca256_lexical_w005
87010,20,minibatch_k64,text_pca256_lexical_w005
87011,45,minibatch_k64,text_pca256_lexical_w005
87012,20,minibatch_k64,text_pca256_lexical_w005
87013,45,minibatch_k64,text_pca256_lexical_w005
87014,8,minibatch_k64,text_pca256_lexical_w005
87015,45,minibatch_k64,text_pca256_lexical_w005
87016,0,minibatch_k64,text_pca256_lexical_w005
87017,0,minibatch_k64,text_pca256_lexical_w005
87018,0,minibatch_k64,text_pca256_lexical_w005
87019,0,minibatch_k64,text_pca256_lexical_w005
87020,20,minibatch_k64,text_pca256_lexical_w005
87021,45,minibatch_k64,text_pca256_lexical_w005
87022,62,minibatch_k64,text_pca256_lexical_w005
87023,62,minibatch_k64,text_pca256_lexical_w005
87024,45,minibatch_k64,text_pca256_lexical_w005
87025,20,minibatch_k64,text_pca256_lexical_w005
87026,62,minibatch_k64,text_pca256_lexical_w005
87027,20,minibatch_k64,text_pca256_lexical_w005
87028,39,minibatch_k64,text_pca256_lexical_w005
87029,62,minibatch_k64,text_pca256_lexical_w005
87030,45,minibatch_k64,text_pca256_lexical_w005
87031,39,minibatch_k64,text_pca256_lexical_w005
87032,20,minibatch_k64,text_pca256_lexical_w005
87033,8,minibatch_k64,text_pca256_lexical_w005
87034,45,minibatch_k64,text_pca256_lexical_w005
87035,0,minibatch_k64,text_pca256_lexical_w005
87036,33,minibatch_k64,text_pca256_lexical_w005
87037,62,minibatch_k64,text_pca256_lexical_w005
87038,0,minibatch_k64,text_pca256_lexical_w005
87039,20,minibatch_k64,text_pca256_lexical_w005
87040,62,minibatch_k64,text_pca256_lexical_w005
87041,15,minibatch_k64,text_pca256_lexical_w005
87042,2,minibatch_k64,text_pca256_lexical_w005
87043,20,minibatch_k64,text_pca256_lexical_w005
87044,20,minibatch_k64,text_pca256_lexical_w005
87045,0,minibatch_k64,text_pca256_lexical_w005
87046,0,minibatch_k64,text_pca256_lexical_w005
87047,45,minibatch_k64,text_pca256_lexical_w005
87048,45,minibatch_k64,text_pca256_lexical_w005
87049,45,minibatch_k64,text_pca256_lexical_w005
87050,33,minibatch_k64,text_pca256_lexical_w005
87051,20,minibatch_k64,text_pca256_lexical_w005
87052,45,minibatch_k64,text_pca256_lexical_w005
87053,62,minibatch_k64,text_pca256_lexical_w005
87054,45,minibatch_k64,text_pca256_lexical_w005
87055,10,minibatch_k64,text_pca256_lexical_w005
87056,38,minibatch_k64,text_pca256_lexical_w005
87057,45,minibatch_k64,text_pca256_lexical_w005
87058,36,minibatch_k64,text_pca256_lexical_w005
87059,0,minibatch_k64,text_pca256_lexical_w005
87060,45,minibatch_k64,text_pca256_lexical_w005
87061,0,minibatch_k64,text_pca256_lexical_w005
87062,55,minibatch_k64,text_pca256_lexical_w005
87063,0,minibatch_k64,text_pca256_lexical_w005
87064,22,minibatch_k64,text_pca256_lexical_w005
87065,45,minibatch_k64,text_pca256_lexical_w005
87066,45,minibatch_k64,text_pca256_lexical_w005
87067,0,minibatch_k64,text_pca256_lexical_w005
87068,23,minibatch_k64,text_pca256_lexical_w005
87069,59,minibatch_k64,text_pca256_lexical_w005
87070,62,minibatch_k64,text_pca256_lexical_w005
87071,62,minibatch_k64,text_pca256_lexical_w005
87072,45,minibatch_k64,text_pca256_lexical_w005
87073,10,minibatch_k64,text_pca256_lexical_w005
87074,45,minibatch_k64,text_pca256_lexical_w005
87075,0,minibatch_k64,text_pca256_lexical_w005
87076,45,minibatch_k64,text_pca256_lexical_w005
87077,0,minibatch_k64,text_pca256_lexical_w005
87078,0,minibatch_k64,text_pca256_lexical_w005
87079,21,minibatch_k64,text_pca256_lexical_w005
87080,8,minibatch_k64,text_pca256_lexical_w005
87081,2,minibatch_k64,text_pca256_lexical_w005
87082,45,minibatch_k64,text_pca256_lexical_w005
87083,45,minibatch_k64,text_pca256_lexical_w005
87084,33,minibatch_k64,text_pca256_lexical_w005
87085,0,minibatch_k64,text_pca256_lexical_w005
87086,50,minibatch_k64,text_pca256_lexical_w005
87087,15,minibatch_k64,text_pca256_lexical_w005
87088,45,minibatch_k64,text_pca256_lexical_w005
87089,45,minibatch_k64,text_pca256_lexical_w005
87090,23,minibatch_k64,text_pca256_lexical_w005
87091,15,minibatch_k64,text_pca256_lexical_w005
87092,0,minibatch_k64,text_pca256_lexical_w005
87093,45,minibatch_k64,text_pca256_lexical_w005
87094,39,minibatch_k64,text_pca256_lexical_w005
87095,38,minibatch_k64,text_pca256_lexical_w005
87096,0,minibatch_k64,text_pca256_lexical_w005
87097,39,minibatch_k64,text_pca256_lexical_w005
87098,15,minibatch_k64,text_pca256_lexical_w005
87099,36,minibatch_k64,text_pca256_lexical_w005
87100,45,minibatch_k64,text_pca256_lexical_w005
87101,45,minibatch_k64,text_pca256_lexical_w005
87102,45,minibatch_k64,text_pca256_lexical_w005
87103,55,minibatch_k64,text_pca256_lexical_w005
87104,13,minibatch_k64,text_pca256_lexical_w005
87105,23,minibatch_k64,text_pca256_lexical_w005
87106,2,minibatch_k64,text_pca256_lexical_w005
87107,23,minibatch_k64,text_pca256_lexical_w005
87108,23,minibatch_k64,text_pca256_lexical_w005
87109,33,minibatch_k64,text_pca256_lexical_w005
87110,23,minibatch_k64,text_pca256_lexical_w005
87111,23,minibatch_k64,text_pca256_lexical_w005
87112,62,minibatch_k64,text_pca256_lexical_w005
87113,2,minibatch_k64,text_pca256_lexical_w005
87114,33,minibatch_k64,text_pca256_lexical_w005
87115,62,minibatch_k64,text_pca256_lexical_w005
87116,45,minibatch_k64,text_pca256_lexical_w005
87117,0,minibatch_k64,text_pca256_lexical_w005
87118,0,minibatch_k64,text_pca256_lexical_w005
87119,0,minibatch_k64,text_pca256_lexical_w005
87120,62,minibatch_k64,text_pca256_lexical_w005
87121,18,minibatch_k64,text_pca256_lexical_w005
87122,8,minibatch_k64,text_pca256_lexical_w005
87123,45,minibatch_k64,text_pca256_lexical_w005
87124,45,minibatch_k64,text_pca256_lexical_w005
87125,18,minibatch_k64,text_pca256_lexical_w005
87126,59,minibatch_k64,text_pca256_lexical_w005
87127,15,minibatch_k64,text_pca256_lexical_w005
87128,62,minibatch_k64,text_pca256_lexical_w005
87129,48,minibatch_k64,text_pca256_lexical_w005
87130,15,minibatch_k64,text_pca256_lexical_w005
87131,45,minibatch_k64,text_pca256_lexical_w005
87132,0,minibatch_k64,text_pca256_lexical_w005
87133,0,minibatch_k64,text_pca256_lexical_w005
87134,45,minibatch_k64,text_pca256_lexical_w005
87135,8,minibatch_k64,text_pca256_lexical_w005
87136,23,minibatch_k64,text_pca256_lexical_w005
87137,23,minibatch_k64,text_pca256_lexical_w005
87138,8,minibatch_k64,text_pca256_lexical_w005
87139,62,minibatch_k64,text_pca256_lexical_w005
87140,62,minibatch_k64,text_pca256_lexical_w005
87141,23,minibatch_k64,text_pca256_lexical_w005
87142,62,minibatch_k64,text_pca256_lexical_w005
87143,45,minibatch_k64,text_pca256_lexical_w005
87144,23,minibatch_k64,text_pca256_lexical_w005
87145,0,minibatch_k64,text_pca256_lexical_w005
87146,0,minibatch_k64,text_pca256_lexical_w005
87147,59,minibatch_k64,text_pca256_lexical_w005
87148,23,minibatch_k64,text_pca256_lexical_w005
87149,0,minibatch_k64,text_pca256_lexical_w005
87150,39,minibatch_k64,text_pca256_lexical_w005
87151,10,minibatch_k64,text_pca256_lexical_w005
87152,48,minibatch_k64,text_pca256_lexical_w005
87153,18,minibatch_k64,text_pca256_lexical_w005
87154,45,minibatch_k64,text_pca256_lexical_w005
87155,0,minibatch_k64,text_pca256_lexical_w005
87156,45,minibatch_k64,text_pca256_lexical_w005
87157,45,minibatch_k64,text_pca256_lexical_w005
87158,23,minibatch_k64,text_pca256_lexical_w005
87159,15,minibatch_k64,text_pca256_lexical_w005
87160,15,minibatch_k64,text_pca256_lexical_w005
87161,15,minibatch_k64,text_pca256_lexical_w005
87162,27,minibatch_k64,text_pca256_lexical_w005
87163,0,minibatch_k64,text_pca256_lexical_w005
87164,45,minibatch_k64,text_pca256_lexical_w005
87165,61,minibatch_k64,text_pca256_lexical_w005
87166,45,minibatch_k64,text_pca256_lexical_w005
87167,0,minibatch_k64,text_pca256_lexical_w005
87168,45,minibatch_k64,text_pca256_lexical_w005
87169,2,minibatch_k64,text_pca256_lexical_w005
87170,59,minibatch_k64,text_pca256_lexical_w005
87171,45,minibatch_k64,text_pca256_lexical_w005
87172,62,minibatch_k64,text_pca256_lexical_w005
87173,23,minibatch_k64,text_pca256_lexical_w005
87174,45,minibatch_k64,text_pca256_lexical_w005
87175,59,minibatch_k64,text_pca256_lexical_w005
87176,23,minibatch_k64,text_pca256_lexical_w005
87177,45,minibatch_k64,text_pca256_lexical_w005
87178,23,minibatch_k64,text_pca256_lexical_w005
87179,0,minibatch_k64,text_pca256_lexical_w005
87180,2,minibatch_k64,text_pca256_lexical_w005
87181,45,minibatch_k64,text_pca256_lexical_w005
87182,39,minibatch_k64,text_pca256_lexical_w005
87183,18,minibatch_k64,text_pca256_lexical_w005
87184,0,minibatch_k64,text_pca256_lexical_w005
87185,45,minibatch_k64,text_pca256_lexical_w005
87186,45,minibatch_k64,text_pca256_lexical_w005
87187,23,minibatch_k64,text_pca256_lexical_w005
87188,59,minibatch_k64,text_pca256_lexical_w005
87189,45,minibatch_k64,text_pca256_lexical_w005
87190,8,minibatch_k64,text_pca256_lexical_w005
87191,8,minibatch_k64,text_pca256_lexical_w005
87192,0,minibatch_k64,text_pca256_lexical_w005
87193,0,minibatch_k64,text_pca256_lexical_w005
87194,59,minibatch_k64,text_pca256_lexical_w005
87195,45,minibatch_k64,text_pca256_lexical_w005
87196,45,minibatch_k64,text_pca256_lexical_w005
87197,23,minibatch_k64,text_pca256_lexical_w005
87198,45,minibatch_k64,text_pca256_lexical_w005
87199,2,minibatch_k64,text_pca256_lexical_w005
87200,10,minibatch_k64,text_pca256_lexical_w005
87201,45,minibatch_k64,text_pca256_lexical_w005
87202,59,minibatch_k64,text_pca256_lexical_w005
87203,21,minibatch_k64,text_pca256_lexical_w005
87204,0,minibatch_k64,text_pca256_lexical_w005
87205,45,minibatch_k64,text_pca256_lexical_w005
87206,45,minibatch_k64,text_pca256_lexical_w005
87207,62,minibatch_k64,text_pca256_lexical_w005
87208,45,minibatch_k64,text_pca256_lexical_w005
87209,45,minibatch_k64,text_pca256_lexical_w005
87210,23,minibatch_k64,text_pca256_lexical_w005
87211,23,minibatch_k64,text_pca256_lexical_w005
87212,59,minibatch_k64,text_pca256_lexical_w005
87213,45,minibatch_k64,text_pca256_lexical_w005
87214,45,minibatch_k64,text_pca256_lexical_w005
87215,10,minibatch_k64,text_pca256_lexical_w005
87216,2,minibatch_k64,text_pca256_lexical_w005
87217,45,minibatch_k64,text_pca256_lexical_w005
87218,0,minibatch_k64,text_pca256_lexical_w005
87219,45,minibatch_k64,text_pca256_lexical_w005
87220,15,minibatch_k64,text_pca256_lexical_w005
87221,21,minibatch_k64,text_pca256_lexical_w005
87222,0,minibatch_k64,text_pca256_lexical_w005
87223,39,minibatch_k64,text_pca256_lexical_w005
87224,33,minibatch_k64,text_pca256_lexical_w005
87225,0,minibatch_k64,text_pca256_lexical_w005
87226,45,minibatch_k64,text_pca256_lexical_w005
87227,8,minibatch_k64,text_pca256_lexical_w005
87228,45,minibatch_k64,text_pca256_lexical_w005
87229,45,minibatch_k64,text_pca256_lexical_w005
87230,45,minibatch_k64,text_pca256_lexical_w005
87231,45,minibatch_k64,text_pca256_lexical_w005
87232,45,minibatch_k64,text_pca256_lexical_w005
87233,45,minibatch_k64,text_pca256_lexical_w005
87234,45,minibatch_k64,text_pca256_lexical_w005
87235,45,minibatch_k64,text_pca256_lexical_w005
87236,15,minibatch_k64,text_pca256_lexical_w005
87237,45,minibatch_k64,text_pca256_lexical_w005
87238,2,minibatch_k64,text_pca256_lexical_w005
87239,59,minibatch_k64,text_pca256_lexical_w005
87240,0,minibatch_k64,text_pca256_lexical_w005
87241,59,minibatch_k64,text_pca256_lexical_w005
87242,59,minibatch_k64,text_pca256_lexical_w005
87243,33,minibatch_k64,text_pca256_lexical_w005
87244,59,minibatch_k64,text_pca256_lexical_w005
87245,0,minibatch_k64,text_pca256_lexical_w005
87246,59,minibatch_k64,text_pca256_lexical_w005
87247,33,minibatch_k64,text_pca256_lexical_w005
87248,62,minibatch_k64,text_pca256_lexical_w005
87249,45,minibatch_k64,text_pca256_lexical_w005
87250,59,minibatch_k64,text_pca256_lexical_w005
87251,45,minibatch_k64,text_pca256_lexical_w005
87252,33,minibatch_k64,text_pca256_lexical_w005
87253,50,minibatch_k64,text_pca256_lexical_w005
87254,33,minibatch_k64,text_pca256_lexical_w005
87255,10,minibatch_k64,text_pca256_lexical_w005
87256,62,minibatch_k64,text_pca256_lexical_w005
87257,45,minibatch_k64,text_pca256_lexical_w005
87258,45,minibatch_k64,text_pca256_lexical_w005
87259,59,minibatch_k64,text_pca256_lexical_w005
87260,45,minibatch_k64,text_pca256_lexical_w005
87261,33,minibatch_k64,text_pca256_lexical_w005
87262,45,minibatch_k64,text_pca256_lexical_w005
87263,50,minibatch_k64,text_pca256_lexical_w005
87264,45,minibatch_k64,text_pca256_lexical_w005
87265,45,minibatch_k64,text_pca256_lexical_w005
87266,33,minibatch_k64,text_pca256_lexical_w005
87267,45,minibatch_k64,text_pca256_lexical_w005
87268,2,minibatch_k64,text_pca256_lexical_w005
87269,23,minibatch_k64,text_pca256_lexical_w005
87270,45,minibatch_k64,text_pca256_lexical_w005
87271,45,minibatch_k64,text_pca256_lexical_w005
87272,62,minibatch_k64,text_pca256_lexical_w005
87273,33,minibatch_k64,text_pca256_lexical_w005
87274,23,minibatch_k64,text_pca256_lexical_w005
87275,62,minibatch_k64,text_pca256_lexical_w005
87276,62,minibatch_k64,text_pca256_lexical_w005
87277,59,minibatch_k64,text_pca256_lexical_w005
87278,62,minibatch_k64,text_pca256_lexical_w005
87279,33,minibatch_k64,text_pca256_lexical_w005
87280,23,minibatch_k64,text_pca256_lexical_w005
87281,0,minibatch_k64,text_pca256_lexical_w005
87282,33,minibatch_k64,text_pca256_lexical_w005
87283,33,minibatch_k64,text_pca256_lexical_w005
87284,45,minibatch_k64,text_pca256_lexical_w005
87285,33,minibatch_k64,text_pca256_lexical_w005
87286,45,minibatch_k64,text_pca256_lexical_w005
87287,59,minibatch_k64,text_pca256_lexical_w005
87288,33,minibatch_k64,text_pca256_lexical_w005
87289,45,minibatch_k64,text_pca256_lexical_w005
87290,59,minibatch_k64,text_pca256_lexical_w005
87291,45,minibatch_k64,text_pca256_lexical_w005
87292,0,minibatch_k64,text_pca256_lexical_w005
87293,21,minibatch_k64,text_pca256_lexical_w005
87294,21,minibatch_k64,text_pca256_lexical_w005
87295,10,minibatch_k64,text_pca256_lexical_w005
87296,0,minibatch_k64,text_pca256_lexical_w005
87297,62,minibatch_k64,text_pca256_lexical_w005
87298,33,minibatch_k64,text_pca256_lexical_w005
87299,0,minibatch_k64,text_pca256_lexical_w005
87300,45,minibatch_k64,text_pca256_lexical_w005
87301,0,minibatch_k64,text_pca256_lexical_w005
87302,33,minibatch_k64,text_pca256_lexical_w005
87303,2,minibatch_k64,text_pca256_lexical_w005
87304,15,minibatch_k64,text_pca256_lexical_w005
87305,8,minibatch_k64,text_pca256_lexical_w005
87306,8,minibatch_k64,text_pca256_lexical_w005
87307,59,minibatch_k64,text_pca256_lexical_w005
87308,45,minibatch_k64,text_pca256_lexical_w005
87309,45,minibatch_k64,text_pca256_lexical_w005
87310,45,minibatch_k64,text_pca256_lexical_w005
87311,62,minibatch_k64,text_pca256_lexical_w005
87312,62,minibatch_k64,text_pca256_lexical_w005
87313,59,minibatch_k64,text_pca256_lexical_w005
87314,59,minibatch_k64,text_pca256_lexical_w005
87315,2,minibatch_k64,text_pca256_lexical_w005
87316,0,minibatch_k64,text_pca256_lexical_w005
87317,10,minibatch_k64,text_pca256_lexical_w005
87318,23,minibatch_k64,text_pca256_lexical_w005
87319,33,minibatch_k64,text_pca256_lexical_w005
87320,33,minibatch_k64,text_pca256_lexical_w005
87321,59,minibatch_k64,text_pca256_lexical_w005
87322,0,minibatch_k64,text_pca256_lexical_w005
87323,59,minibatch_k64,text_pca256_lexical_w005
87324,23,minibatch_k64,text_pca256_lexical_w005
87325,33,minibatch_k64,text_pca256_lexical_w005
87326,45,minibatch_k64,text_pca256_lexical_w005
87327,8,minibatch_k64,text_pca256_lexical_w005
87328,62,minibatch_k64,text_pca256_lexical_w005
87329,62,minibatch_k64,text_pca256_lexical_w005
87330,0,minibatch_k64,text_pca256_lexical_w005
87331,62,minibatch_k64,text_pca256_lexical_w005
87332,62,minibatch_k64,text_pca256_lexical_w005
87333,53,minibatch_k64,text_pca256_lexical_w005
87334,48,minibatch_k64,text_pca256_lexical_w005
87335,6,minibatch_k64,text_pca256_lexical_w005
87336,0,minibatch_k64,text_pca256_lexical_w005
87337,45,minibatch_k64,text_pca256_lexical_w005
87338,59,minibatch_k64,text_pca256_lexical_w005
87339,59,minibatch_k64,text_pca256_lexical_w005
87340,0,minibatch_k64,text_pca256_lexical_w005
87341,33,minibatch_k64,text_pca256_lexical_w005
87342,33,minibatch_k64,text_pca256_lexical_w005
87343,0,minibatch_k64,text_pca256_lexical_w005
87344,8,minibatch_k64,text_pca256_lexical_w005
87345,0,minibatch_k64,text_pca256_lexical_w005
87346,0,minibatch_k64,text_pca256_lexical_w005
87347,33,minibatch_k64,text_pca256_lexical_w005
87348,45,minibatch_k64,text_pca256_lexical_w005
87349,0,minibatch_k64,text_pca256_lexical_w005
87350,15,minibatch_k64,text_pca256_lexical_w005
87351,59,minibatch_k64,text_pca256_lexical_w005
87352,0,minibatch_k64,text_pca256_lexical_w005
87353,0,minibatch_k64,text_pca256_lexical_w005
87354,42,minibatch_k64,text_pca256_lexical_w005
87355,62,minibatch_k64,text_pca256_lexical_w005
87356,8,minibatch_k64,text_pca256_lexical_w005
87357,0,minibatch_k64,text_pca256_lexical_w005
87358,0,minibatch_k64,text_pca256_lexical_w005
87359,0,minibatch_k64,text_pca256_lexical_w005
87360,33,minibatch_k64,text_pca256_lexical_w005
87361,33,minibatch_k64,text_pca256_lexical_w005
87362,2,minibatch_k64,text_pca256_lexical_w005
87363,59,minibatch_k64,text_pca256_lexical_w005
87364,10,minibatch_k64,text_pca256_lexical_w005
87365,10,minibatch_k64,text_pca256_lexical_w005
87366,21,minibatch_k64,text_pca256_lexical_w005
87367,45,minibatch_k64,text_pca256_lexical_w005
87368,33,minibatch_k64,text_pca256_lexical_w005
87369,62,minibatch_k64,text_pca256_lexical_w005
87370,62,minibatch_k64,text_pca256_lexical_w005
87371,39,minibatch_k64,text_pca256_lexical_w005
87372,33,minibatch_k64,text_pca256_lexical_w005
87373,0,minibatch_k64,text_pca256_lexical_w005
87374,45,minibatch_k64,text_pca256_lexical_w005
87375,10,minibatch_k64,text_pca256_lexical_w005
87376,33,minibatch_k64,text_pca256_lexical_w005
87377,59,minibatch_k64,text_pca256_lexical_w005
87378,39,minibatch_k64,text_pca256_lexical_w005
87379,53,minibatch_k64,text_pca256_lexical_w005
87380,33,minibatch_k64,text_pca256_lexical_w005
87381,0,minibatch_k64,text_pca256_lexical_w005
87382,42,minibatch_k64,text_pca256_lexical_w005
87383,0,minibatch_k64,text_pca256_lexical_w005
87384,45,minibatch_k64,text_pca256_lexical_w005
87385,62,minibatch_k64,text_pca256_lexical_w005
87386,62,minibatch_k64,text_pca256_lexical_w005
87387,62,minibatch_k64,text_pca256_lexical_w005
87388,45,minibatch_k64,text_pca256_lexical_w005
87389,45,minibatch_k64,text_pca256_lexical_w005
87390,34,minibatch_k64,text_pca256_lexical_w005
87391,15,minibatch_k64,text_pca256_lexical_w005
87392,6,minibatch_k64,text_pca256_lexical_w005
87393,45,minibatch_k64,text_pca256_lexical_w005
87394,59,minibatch_k64,text_pca256_lexical_w005
87395,2,minibatch_k64,text_pca256_lexical_w005
87396,45,minibatch_k64,text_pca256_lexical_w005
87397,23,minibatch_k64,text_pca256_lexical_w005
87398,10,minibatch_k64,text_pca256_lexical_w005
87399,33,minibatch_k64,text_pca256_lexical_w005
87400,59,minibatch_k64,text_pca256_lexical_w005
87401,33,minibatch_k64,text_pca256_lexical_w005
87402,53,minibatch_k64,text_pca256_lexical_w005
87403,59,minibatch_k64,text_pca256_lexical_w005
87404,59,minibatch_k64,text_pca256_lexical_w005
87405,56,minibatch_k64,text_pca256_lexical_w005
87406,7,minibatch_k64,text_pca256_lexical_w005
87407,33,minibatch_k64,text_pca256_lexical_w005
87408,7,minibatch_k64,text_pca256_lexical_w005
87409,45,minibatch_k64,text_pca256_lexical_w005
87410,59,minibatch_k64,text_pca256_lexical_w005
87411,34,minibatch_k64,text_pca256_lexical_w005
87412,59,minibatch_k64,text_pca256_lexical_w005
87413,0,minibatch_k64,text_pca256_lexical_w005
87414,0,minibatch_k64,text_pca256_lexical_w005
87415,10,minibatch_k64,text_pca256_lexical_w005
87416,62,minibatch_k64,text_pca256_lexical_w005
87417,34,minibatch_k64,text_pca256_lexical_w005
87418,10,minibatch_k64,text_pca256_lexical_w005
87419,59,minibatch_k64,text_pca256_lexical_w005
87420,7,minibatch_k64,text_pca256_lexical_w005
87421,33,minibatch_k64,text_pca256_lexical_w005
87422,15,minibatch_k64,text_pca256_lexical_w005
87423,62,minibatch_k64,text_pca256_lexical_w005
87424,45,minibatch_k64,text_pca256_lexical_w005
87425,6,minibatch_k64,text_pca256_lexical_w005
87426,2,minibatch_k64,text_pca256_lexical_w005
87427,45,minibatch_k64,text_pca256_lexical_w005
87428,10,minibatch_k64,text_pca256_lexical_w005
87429,45,minibatch_k64,text_pca256_lexical_w005
87430,0,minibatch_k64,text_pca256_lexical_w005
87431,10,minibatch_k64,text_pca256_lexical_w005
87432,10,minibatch_k64,text_pca256_lexical_w005
87433,10,minibatch_k64,text_pca256_lexical_w005
87434,62,minibatch_k64,text_pca256_lexical_w005
87435,4,minibatch_k64,text_pca256_lexical_w005
87436,59,minibatch_k64,text_pca256_lexical_w005
87437,42,minibatch_k64,text_pca256_lexical_w005
87438,0,minibatch_k64,text_pca256_lexical_w005
87439,45,minibatch_k64,text_pca256_lexical_w005
87440,45,minibatch_k64,text_pca256_lexical_w005
87441,45,minibatch_k64,text_pca256_lexical_w005
87442,0,minibatch_k64,text_pca256_lexical_w005
87443,10,minibatch_k64,text_pca256_lexical_w005
87444,15,minibatch_k64,text_pca256_lexical_w005
87445,10,minibatch_k64,text_pca256_lexical_w005
87446,15,minibatch_k64,text_pca256_lexical_w005
87447,10,minibatch_k64,text_pca256_lexical_w005
87448,0,minibatch_k64,text_pca256_lexical_w005
87449,10,minibatch_k64,text_pca256_lexical_w005
87450,2,minibatch_k64,text_pca256_lexical_w005
87451,2,minibatch_k64,text_pca256_lexical_w005
87452,56,minibatch_k64,text_pca256_lexical_w005
87453,0,minibatch_k64,text_pca256_lexical_w005
87454,33,minibatch_k64,text_pca256_lexical_w005
87455,10,minibatch_k64,text_pca256_lexical_w005
87456,45,minibatch_k64,text_pca256_lexical_w005
87457,33,minibatch_k64,text_pca256_lexical_w005
87458,62,minibatch_k64,text_pca256_lexical_w005
87459,10,minibatch_k64,text_pca256_lexical_w005
87460,10,minibatch_k64,text_pca256_lexical_w005
87461,10,minibatch_k64,text_pca256_lexical_w005
87462,10,minibatch_k64,text_pca256_lexical_w005
87463,5,minibatch_k64,text_pca256_lexical_w005
87464,6,minibatch_k64,text_pca256_lexical_w005
87465,10,minibatch_k64,text_pca256_lexical_w005
87466,34,minibatch_k64,text_pca256_lexical_w005
87467,62,minibatch_k64,text_pca256_lexical_w005
87468,62,minibatch_k64,text_pca256_lexical_w005
87469,23,minibatch_k64,text_pca256_lexical_w005
87470,45,minibatch_k64,text_pca256_lexical_w005
87471,62,minibatch_k64,text_pca256_lexical_w005
87472,33,minibatch_k64,text_pca256_lexical_w005
87473,62,minibatch_k64,text_pca256_lexical_w005
87474,34,minibatch_k64,text_pca256_lexical_w005
87475,59,minibatch_k64,text_pca256_lexical_w005
87476,10,minibatch_k64,text_pca256_lexical_w005
87477,8,minibatch_k64,text_pca256_lexical_w005
87478,45,minibatch_k64,text_pca256_lexical_w005
87479,59,minibatch_k64,text_pca256_lexical_w005
87480,62,minibatch_k64,text_pca256_lexical_w005
87481,62,minibatch_k64,text_pca256_lexical_w005
87482,0,minibatch_k64,text_pca256_lexical_w005
87483,10,minibatch_k64,text_pca256_lexical_w005
87484,62,minibatch_k64,text_pca256_lexical_w005
87485,59,minibatch_k64,text_pca256_lexical_w005
87486,10,minibatch_k64,text_pca256_lexical_w005
87487,10,minibatch_k64,text_pca256_lexical_w005
87488,10,minibatch_k64,text_pca256_lexical_w005
87489,62,minibatch_k64,text_pca256_lexical_w005
87490,10,minibatch_k64,text_pca256_lexical_w005
87491,62,minibatch_k64,text_pca256_lexical_w005
87492,6,minibatch_k64,text_pca256_lexical_w005
87493,48,minibatch_k64,text_pca256_lexical_w005
87494,45,minibatch_k64,text_pca256_lexical_w005
87495,0,minibatch_k64,text_pca256_lexical_w005
87496,59,minibatch_k64,text_pca256_lexical_w005
87497,59,minibatch_k64,text_pca256_lexical_w005
87498,39,minibatch_k64,text_pca256_lexical_w005
87499,62,minibatch_k64,text_pca256_lexical_w005
87500,45,minibatch_k64,text_pca256_lexical_w005
87501,59,minibatch_k64,text_pca256_lexical_w005
87502,0,minibatch_k64,text_pca256_lexical_w005
87503,10,minibatch_k64,text_pca256_lexical_w005
87504,39,minibatch_k64,text_pca256_lexical_w005
87505,42,minibatch_k64,text_pca256_lexical_w005
87506,45,minibatch_k64,text_pca256_lexical_w005
87507,39,minibatch_k64,text_pca256_lexical_w005
87508,8,minibatch_k64,text_pca256_lexical_w005
87509,45,minibatch_k64,text_pca256_lexical_w005
87510,59,minibatch_k64,text_pca256_lexical_w005
87511,45,minibatch_k64,text_pca256_lexical_w005
87512,59,minibatch_k64,text_pca256_lexical_w005
87513,59,minibatch_k64,text_pca256_lexical_w005
87514,45,minibatch_k64,text_pca256_lexical_w005
87515,59,minibatch_k64,text_pca256_lexical_w005
87516,45,minibatch_k64,text_pca256_lexical_w005
87517,33,minibatch_k64,text_pca256_lexical_w005
87518,45,minibatch_k64,text_pca256_lexical_w005
87519,45,minibatch_k64,text_pca256_lexical_w005
87520,53,minibatch_k64,text_pca256_lexical_w005
87521,0,minibatch_k64,text_pca256_lexical_w005
87522,59,minibatch_k64,text_pca256_lexical_w005
87523,45,minibatch_k64,text_pca256_lexical_w005
87524,59,minibatch_k64,text_pca256_lexical_w005
87525,62,minibatch_k64,text_pca256_lexical_w005
87526,45,minibatch_k64,text_pca256_lexical_w005
87527,48,minibatch_k64,text_pca256_lexical_w005
87528,59,minibatch_k64,text_pca256_lexical_w005
87529,59,minibatch_k64,text_pca256_lexical_w005
87530,2,minibatch_k64,text_pca256_lexical_w005
87531,33,minibatch_k64,text_pca256_lexical_w005
87532,10,minibatch_k64,text_pca256_lexical_w005
87533,10,minibatch_k64,text_pca256_lexical_w005
87534,42,minibatch_k64,text_pca256_lexical_w005
87535,59,minibatch_k64,text_pca256_lexical_w005
87536,62,minibatch_k64,text_pca256_lexical_w005
87537,33,minibatch_k64,text_pca256_lexical_w005
87538,45,minibatch_k64,text_pca256_lexical_w005
87539,33,minibatch_k64,text_pca256_lexical_w005
87540,62,minibatch_k64,text_pca256_lexical_w005
87541,59,minibatch_k64,text_pca256_lexical_w005
87542,53,minibatch_k64,text_pca256_lexical_w005
87543,56,minibatch_k64,text_pca256_lexical_w005
87544,53,minibatch_k64,text_pca256_lexical_w005
87545,0,minibatch_k64,text_pca256_lexical_w005
87546,62,minibatch_k64,text_pca256_lexical_w005
87547,21,minibatch_k64,text_pca256_lexical_w005
87548,23,minibatch_k64,text_pca256_lexical_w005
87549,62,minibatch_k64,text_pca256_lexical_w005
87550,62,minibatch_k64,text_pca256_lexical_w005
87551,15,minibatch_k64,text_pca256_lexical_w005
87552,23,minibatch_k64,text_pca256_lexical_w005
87553,4,minibatch_k64,text_pca256_lexical_w005
87554,62,minibatch_k64,text_pca256_lexical_w005
87555,23,minibatch_k64,text_pca256_lexical_w005
87556,23,minibatch_k64,text_pca256_lexical_w005
87557,0,minibatch_k64,text_pca256_lexical_w005
87558,10,minibatch_k64,text_pca256_lexical_w005
87559,62,minibatch_k64,text_pca256_lexical_w005
87560,0,minibatch_k64,text_pca256_lexical_w005
87561,10,minibatch_k64,text_pca256_lexical_w005
87562,23,minibatch_k64,text_pca256_lexical_w005
87563,15,minibatch_k64,text_pca256_lexical_w005
87564,20,minibatch_k64,text_pca256_lexical_w005
87565,15,minibatch_k64,text_pca256_lexical_w005
87566,62,minibatch_k64,text_pca256_lexical_w005
87567,0,minibatch_k64,text_pca256_lexical_w005
87568,32,minibatch_k64,text_pca256_lexical_w005
87569,23,minibatch_k64,text_pca256_lexical_w005
87570,62,minibatch_k64,text_pca256_lexical_w005
87571,16,minibatch_k64,text_pca256_lexical_w005
87572,62,minibatch_k64,text_pca256_lexical_w005
87573,0,minibatch_k64,text_pca256_lexical_w005
87574,62,minibatch_k64,text_pca256_lexical_w005
87575,38,minibatch_k64,text_pca256_lexical_w005
87576,13,minibatch_k64,text_pca256_lexical_w005
87577,20,minibatch_k64,text_pca256_lexical_w005
87578,23,minibatch_k64,text_pca256_lexical_w005
87579,53,minibatch_k64,text_pca256_lexical_w005
87580,38,minibatch_k64,text_pca256_lexical_w005
87581,12,minibatch_k64,text_pca256_lexical_w005
87582,36,minibatch_k64,text_pca256_lexical_w005
87583,55,minibatch_k64,text_pca256_lexical_w005
87584,35,minibatch_k64,text_pca256_lexical_w005
87585,23,minibatch_k64,text_pca256_lexical_w005
87586,10,minibatch_k64,text_pca256_lexical_w005
87587,39,minibatch_k64,text_pca256_lexical_w005
87588,39,minibatch_k64,text_pca256_lexical_w005
87589,15,minibatch_k64,text_pca256_lexical_w005
87590,20,minibatch_k64,text_pca256_lexical_w005
87591,20,minibatch_k64,text_pca256_lexical_w005
87592,15,minibatch_k64,text_pca256_lexical_w005
87593,20,minibatch_k64,text_pca256_lexical_w005
87594,8,minibatch_k64,text_pca256_lexical_w005
87595,21,minibatch_k64,text_pca256_lexical_w005
87596,23,minibatch_k64,text_pca256_lexical_w005
87597,33,minibatch_k64,text_pca256_lexical_w005
87598,0,minibatch_k64,text_pca256_lexical_w005
87599,59,minibatch_k64,text_pca256_lexical_w005
87600,15,minibatch_k64,text_pca256_lexical_w005
87601,23,minibatch_k64,text_pca256_lexical_w005
87602,0,minibatch_k64,text_pca256_lexical_w005
87603,15,minibatch_k64,text_pca256_lexical_w005
87604,21,minibatch_k64,text_pca256_lexical_w005
87605,8,minibatch_k64,text_pca256_lexical_w005
87606,8,minibatch_k64,text_pca256_lexical_w005
87607,15,minibatch_k64,text_pca256_lexical_w005
87608,33,minibatch_k64,text_pca256_lexical_w005
87609,23,minibatch_k64,text_pca256_lexical_w005
87610,45,minibatch_k64,text_pca256_lexical_w005
87611,45,minibatch_k64,text_pca256_lexical_w005
87612,45,minibatch_k64,text_pca256_lexical_w005
87613,38,minibatch_k64,text_pca256_lexical_w005
87614,55,minibatch_k64,text_pca256_lexical_w005
87615,45,minibatch_k64,text_pca256_lexical_w005
87616,45,minibatch_k64,text_pca256_lexical_w005
87617,45,minibatch_k64,text_pca256_lexical_w005
87618,45,minibatch_k64,text_pca256_lexical_w005
87619,37,minibatch_k64,text_pca256_lexical_w005
87620,45,minibatch_k64,text_pca256_lexical_w005
87621,45,minibatch_k64,text_pca256_lexical_w005
87622,43,minibatch_k64,text_pca256_lexical_w005
87623,45,minibatch_k64,text_pca256_lexical_w005
87624,45,minibatch_k64,text_pca256_lexical_w005
87625,45,minibatch_k64,text_pca256_lexical_w005
87626,39,minibatch_k64,text_pca256_lexical_w005
87627,45,minibatch_k64,text_pca256_lexical_w005
87628,45,minibatch_k64,text_pca256_lexical_w005
87629,45,minibatch_k64,text_pca256_lexical_w005
87630,45,minibatch_k64,text_pca256_lexical_w005
87631,45,minibatch_k64,text_pca256_lexical_w005
87632,45,minibatch_k64,text_pca256_lexical_w005
87633,62,minibatch_k64,text_pca256_lexical_w005
87634,8,minibatch_k64,text_pca256_lexical_w005
87635,45,minibatch_k64,text_pca256_lexical_w005
87636,45,minibatch_k64,text_pca256_lexical_w005
87637,53,minibatch_k64,text_pca256_lexical_w005
87638,59,minibatch_k64,text_pca256_lexical_w005
87639,45,minibatch_k64,text_pca256_lexical_w005
87640,39,minibatch_k64,text_pca256_lexical_w005
87641,33,minibatch_k64,text_pca256_lexical_w005
87642,23,minibatch_k64,text_pca256_lexical_w005
87643,59,minibatch_k64,text_pca256_lexical_w005
87644,59,minibatch_k64,text_pca256_lexical_w005
87645,23,minibatch_k64,text_pca256_lexical_w005
87646,23,minibatch_k64,text_pca256_lexical_w005
87647,23,minibatch_k64,text_pca256_lexical_w005
87648,0,minibatch_k64,text_pca256_lexical_w005
87649,18,minibatch_k64,text_pca256_lexical_w005
87650,33,minibatch_k64,text_pca256_lexical_w005
87651,15,minibatch_k64,text_pca256_lexical_w005
87652,23,minibatch_k64,text_pca256_lexical_w005
87653,15,minibatch_k64,text_pca256_lexical_w005
87654,15,minibatch_k64,text_pca256_lexical_w005
87655,32,minibatch_k64,text_pca256_lexical_w005
87656,23,minibatch_k64,text_pca256_lexical_w005
87657,0,minibatch_k64,text_pca256_lexical_w005
87658,0,minibatch_k64,text_pca256_lexical_w005
87659,16,minibatch_k64,text_pca256_lexical_w005
87660,23,minibatch_k64,text_pca256_lexical_w005
87661,23,minibatch_k64,text_pca256_lexical_w005
87662,0,minibatch_k64,text_pca256_lexical_w005
87663,0,minibatch_k64,text_pca256_lexical_w005
87664,47,minibatch_k64,text_pca256_lexical_w005
87665,50,minibatch_k64,text_pca256_lexical_w005
87666,18,minibatch_k64,text_pca256_lexical_w005
87667,0,minibatch_k64,text_pca256_lexical_w005
87668,23,minibatch_k64,text_pca256_lexical_w005
87669,23,minibatch_k64,text_pca256_lexical_w005
87670,15,minibatch_k64,text_pca256_lexical_w005
87671,39,minibatch_k64,text_pca256_lexical_w005
87672,59,minibatch_k64,text_pca256_lexical_w005
87673,15,minibatch_k64,text_pca256_lexical_w005
87674,59,minibatch_k64,text_pca256_lexical_w005
87675,23,minibatch_k64,text_pca256_lexical_w005
87676,8,minibatch_k64,text_pca256_lexical_w005
87677,8,minibatch_k64,text_pca256_lexical_w005
87678,8,minibatch_k64,text_pca256_lexical_w005
87679,8,minibatch_k64,text_pca256_lexical_w005
87680,8,minibatch_k64,text_pca256_lexical_w005
87681,8,minibatch_k64,text_pca256_lexical_w005
87682,8,minibatch_k64,text_pca256_lexical_w005
87683,8,minibatch_k64,text_pca256_lexical_w005
87684,8,minibatch_k64,text_pca256_lexical_w005
87685,15,minibatch_k64,text_pca256_lexical_w005
87686,8,minibatch_k64,text_pca256_lexical_w005
87687,0,minibatch_k64,text_pca256_lexical_w005
87688,8,minibatch_k64,text_pca256_lexical_w005
87689,59,minibatch_k64,text_pca256_lexical_w005
87690,8,minibatch_k64,text_pca256_lexical_w005
87691,8,minibatch_k64,text_pca256_lexical_w005
87692,0,minibatch_k64,text_pca256_lexical_w005
87693,8,minibatch_k64,text_pca256_lexical_w005
87694,23,minibatch_k64,text_pca256_lexical_w005
87695,23,minibatch_k64,text_pca256_lexical_w005
87696,0,minibatch_k64,text_pca256_lexical_w005
87697,23,minibatch_k64,text_pca256_lexical_w005
87698,23,minibatch_k64,text_pca256_lexical_w005
87699,0,minibatch_k64,text_pca256_lexical_w005
87700,45,minibatch_k64,text_pca256_lexical_w005
87701,45,minibatch_k64,text_pca256_lexical_w005
87702,38,minibatch_k64,text_pca256_lexical_w005
87703,59,minibatch_k64,text_pca256_lexical_w005
87704,37,minibatch_k64,text_pca256_lexical_w005
87705,62,minibatch_k64,text_pca256_lexical_w005
87706,62,minibatch_k64,text_pca256_lexical_w005
87707,0,minibatch_k64,text_pca256_lexical_w005
87708,23,minibatch_k64,text_pca256_lexical_w005
87709,23,minibatch_k64,text_pca256_lexical_w005
87710,59,minibatch_k64,text_pca256_lexical_w005
87711,62,minibatch_k64,text_pca256_lexical_w005
87712,32,minibatch_k64,text_pca256_lexical_w005
87713,45,minibatch_k64,text_pca256_lexical_w005
87714,45,minibatch_k64,text_pca256_lexical_w005
87715,16,minibatch_k64,text_pca256_lexical_w005
87716,0,minibatch_k64,text_pca256_lexical_w005
87717,55,minibatch_k64,text_pca256_lexical_w005
87718,54,minibatch_k64,text_pca256_lexical_w005
87719,0,minibatch_k64,text_pca256_lexical_w005
87720,0,minibatch_k64,text_pca256_lexical_w005
87721,10,minibatch_k64,text_pca256_lexical_w005
87722,10,minibatch_k64,text_pca256_lexical_w005
87723,45,minibatch_k64,text_pca256_lexical_w005
87724,38,minibatch_k64,text_pca256_lexical_w005
87725,8,minibatch_k64,text_pca256_lexical_w005
87726,36,minibatch_k64,text_pca256_lexical_w005
87727,55,minibatch_k64,text_pca256_lexical_w005
87728,54,minibatch_k64,text_pca256_lexical_w005
87729,8,minibatch_k64,text_pca256_lexical_w005
87730,59,minibatch_k64,text_pca256_lexical_w005
87731,45,minibatch_k64,text_pca256_lexical_w005
87732,8,minibatch_k64,text_pca256_lexical_w005
87733,45,minibatch_k64,text_pca256_lexical_w005
87734,45,minibatch_k64,text_pca256_lexical_w005
87735,10,minibatch_k64,text_pca256_lexical_w005
87736,45,minibatch_k64,text_pca256_lexical_w005
87737,23,minibatch_k64,text_pca256_lexical_w005
87738,23,minibatch_k64,text_pca256_lexical_w005
87739,45,minibatch_k64,text_pca256_lexical_w005
87740,45,minibatch_k64,text_pca256_lexical_w005
87741,59,minibatch_k64,text_pca256_lexical_w005
87742,2,minibatch_k64,text_pca256_lexical_w005
87743,23,minibatch_k64,text_pca256_lexical_w005
87744,59,minibatch_k64,text_pca256_lexical_w005
87745,23,minibatch_k64,text_pca256_lexical_w005
87746,23,minibatch_k64,text_pca256_lexical_w005
87747,8,minibatch_k64,text_pca256_lexical_w005
87748,10,minibatch_k64,text_pca256_lexical_w005
87749,18,minibatch_k64,text_pca256_lexical_w005
87750,59,minibatch_k64,text_pca256_lexical_w005
87751,18,minibatch_k64,text_pca256_lexical_w005
87752,23,minibatch_k64,text_pca256_lexical_w005
87753,2,minibatch_k64,text_pca256_lexical_w005
87754,45,minibatch_k64,text_pca256_lexical_w005
87755,23,minibatch_k64,text_pca256_lexical_w005
87756,23,minibatch_k64,text_pca256_lexical_w005
87757,45,minibatch_k64,text_pca256_lexical_w005
87758,59,minibatch_k64,text_pca256_lexical_w005
87759,45,minibatch_k64,text_pca256_lexical_w005
87760,59,minibatch_k64,text_pca256_lexical_w005
87761,33,minibatch_k64,text_pca256_lexical_w005
87762,23,minibatch_k64,text_pca256_lexical_w005
87763,10,minibatch_k64,text_pca256_lexical_w005
87764,2,minibatch_k64,text_pca256_lexical_w005
87765,23,minibatch_k64,text_pca256_lexical_w005
87766,59,minibatch_k64,text_pca256_lexical_w005
87767,59,minibatch_k64,text_pca256_lexical_w005
87768,2,minibatch_k64,text_pca256_lexical_w005
87769,59,minibatch_k64,text_pca256_lexical_w005
87770,59,minibatch_k64,text_pca256_lexical_w005
87771,59,minibatch_k64,text_pca256_lexical_w005
87772,45,minibatch_k64,text_pca256_lexical_w005
87773,45,minibatch_k64,text_pca256_lexical_w005
87774,45,minibatch_k64,text_pca256_lexical_w005
87775,23,minibatch_k64,text_pca256_lexical_w005
87776,59,minibatch_k64,text_pca256_lexical_w005
87777,45,minibatch_k64,text_pca256_lexical_w005
87778,59,minibatch_k64,text_pca256_lexical_w005
87779,59,minibatch_k64,text_pca256_lexical_w005
87780,2,minibatch_k64,text_pca256_lexical_w005
87781,59,minibatch_k64,text_pca256_lexical_w005
87782,59,minibatch_k64,text_pca256_lexical_w005
87783,59,minibatch_k64,text_pca256_lexical_w005
87784,23,minibatch_k64,text_pca256_lexical_w005
87785,59,minibatch_k64,text_pca256_lexical_w005
87786,62,minibatch_k64,text_pca256_lexical_w005
87787,34,minibatch_k64,text_pca256_lexical_w005
87788,34,minibatch_k64,text_pca256_lexical_w005
87789,7,minibatch_k64,text_pca256_lexical_w005
87790,34,minibatch_k64,text_pca256_lexical_w005
87791,34,minibatch_k64,text_pca256_lexical_w005
87792,34,minibatch_k64,text_pca256_lexical_w005
87793,34,minibatch_k64,text_pca256_lexical_w005
87794,34,minibatch_k64,text_pca256_lexical_w005
87795,34,minibatch_k64,text_pca256_lexical_w005
87796,6,minibatch_k64,text_pca256_lexical_w005
87797,34,minibatch_k64,text_pca256_lexical_w005
87798,7,minibatch_k64,text_pca256_lexical_w005
87799,45,minibatch_k64,text_pca256_lexical_w005
87800,2,minibatch_k64,text_pca256_lexical_w005
87801,59,minibatch_k64,text_pca256_lexical_w005
87802,0,minibatch_k64,text_pca256_lexical_w005
87803,45,minibatch_k64,text_pca256_lexical_w005
87804,62,minibatch_k64,text_pca256_lexical_w005
87805,23,minibatch_k64,text_pca256_lexical_w005
87806,45,minibatch_k64,text_pca256_lexical_w005
87807,45,minibatch_k64,text_pca256_lexical_w005
87808,8,minibatch_k64,text_pca256_lexical_w005
87809,33,minibatch_k64,text_pca256_lexical_w005
87810,62,minibatch_k64,text_pca256_lexical_w005
87811,6,minibatch_k64,text_pca256_lexical_w005
87812,59,minibatch_k64,text_pca256_lexical_w005
87813,62,minibatch_k64,text_pca256_lexical_w005
87814,23,minibatch_k64,text_pca256_lexical_w005
87815,42,minibatch_k64,text_pca256_lexical_w005
87816,59,minibatch_k64,text_pca256_lexical_w005
87817,6,minibatch_k64,text_pca256_lexical_w005
87818,62,minibatch_k64,text_pca256_lexical_w005
87819,62,minibatch_k64,text_pca256_lexical_w005
87820,59,minibatch_k64,text_pca256_lexical_w005
87821,23,minibatch_k64,text_pca256_lexical_w005
87822,41,minibatch_k64,text_pca256_lexical_w005
87823,41,minibatch_k64,text_pca256_lexical_w005
87824,59,minibatch_k64,text_pca256_lexical_w005
87825,41,minibatch_k64,text_pca256_lexical_w005
87826,41,minibatch_k64,text_pca256_lexical_w005
87827,59,minibatch_k64,text_pca256_lexical_w005
87828,41,minibatch_k64,text_pca256_lexical_w005
87829,41,minibatch_k64,text_pca256_lexical_w005
87830,41,minibatch_k64,text_pca256_lexical_w005
87831,59,minibatch_k64,text_pca256_lexical_w005
87832,59,minibatch_k64,text_pca256_lexical_w005
87833,59,minibatch_k64,text_pca256_lexical_w005
87834,23,minibatch_k64,text_pca256_lexical_w005
87835,10,minibatch_k64,text_pca256_lexical_w005
87836,8,minibatch_k64,text_pca256_lexical_w005
87837,5,minibatch_k64,text_pca256_lexical_w005
87838,23,minibatch_k64,text_pca256_lexical_w005
87839,8,minibatch_k64,text_pca256_lexical_w005
87840,42,minibatch_k64,text_pca256_lexical_w005
87841,42,minibatch_k64,text_pca256_lexical_w005
87842,42,minibatch_k64,text_pca256_lexical_w005
87843,8,minibatch_k64,text_pca256_lexical_w005
87844,14,minibatch_k64,text_pca256_lexical_w005
87845,23,minibatch_k64,text_pca256_lexical_w005
87846,25,minibatch_k64,text_pca256_lexical_w005
87847,21,minibatch_k64,text_pca256_lexical_w005
87848,14,minibatch_k64,text_pca256_lexical_w005
87849,23,minibatch_k64,text_pca256_lexical_w005
87850,33,minibatch_k64,text_pca256_lexical_w005
87851,39,minibatch_k64,text_pca256_lexical_w005
87852,39,minibatch_k64,text_pca256_lexical_w005
87853,14,minibatch_k64,text_pca256_lexical_w005
87854,62,minibatch_k64,text_pca256_lexical_w005
87855,23,minibatch_k64,text_pca256_lexical_w005
87856,23,minibatch_k64,text_pca256_lexical_w005
87857,25,minibatch_k64,text_pca256_lexical_w005
87858,0,minibatch_k64,text_pca256_lexical_w005
87859,25,minibatch_k64,text_pca256_lexical_w005
87860,42,minibatch_k64,text_pca256_lexical_w005
87861,23,minibatch_k64,text_pca256_lexical_w005
87862,14,minibatch_k64,text_pca256_lexical_w005
87863,14,minibatch_k64,text_pca256_lexical_w005
87864,42,minibatch_k64,text_pca256_lexical_w005
87865,25,minibatch_k64,text_pca256_lexical_w005
87866,23,minibatch_k64,text_pca256_lexical_w005
87867,8,minibatch_k64,text_pca256_lexical_w005
87868,53,minibatch_k64,text_pca256_lexical_w005
87869,14,minibatch_k64,text_pca256_lexical_w005
87870,5,minibatch_k64,text_pca256_lexical_w005
87871,25,minibatch_k64,text_pca256_lexical_w005
87872,23,minibatch_k64,text_pca256_lexical_w005
87873,39,minibatch_k64,text_pca256_lexical_w005
87874,62,minibatch_k64,text_pca256_lexical_w005
87875,25,minibatch_k64,text_pca256_lexical_w005
87876,23,minibatch_k64,text_pca256_lexical_w005
87877,5,minibatch_k64,text_pca256_lexical_w005
87878,25,minibatch_k64,text_pca256_lexical_w005
87879,14,minibatch_k64,text_pca256_lexical_w005
87880,23,minibatch_k64,text_pca256_lexical_w005
87881,14,minibatch_k64,text_pca256_lexical_w005
87882,5,minibatch_k64,text_pca256_lexical_w005
87883,42,minibatch_k64,text_pca256_lexical_w005
87884,62,minibatch_k64,text_pca256_lexical_w005
87885,23,minibatch_k64,text_pca256_lexical_w005
87886,25,minibatch_k64,text_pca256_lexical_w005
87887,42,minibatch_k64,text_pca256_lexical_w005
87888,0,minibatch_k64,text_pca256_lexical_w005
87889,23,minibatch_k64,text_pca256_lexical_w005
87890,14,minibatch_k64,text_pca256_lexical_w005
87891,14,minibatch_k64,text_pca256_lexical_w005
87892,25,minibatch_k64,text_pca256_lexical_w005
87893,23,minibatch_k64,text_pca256_lexical_w005
87894,14,minibatch_k64,text_pca256_lexical_w005
87895,25,minibatch_k64,text_pca256_lexical_w005
87896,23,minibatch_k64,text_pca256_lexical_w005
87897,8,minibatch_k64,text_pca256_lexical_w005
87898,14,minibatch_k64,text_pca256_lexical_w005
87899,62,minibatch_k64,text_pca256_lexical_w005
87900,23,minibatch_k64,text_pca256_lexical_w005
87901,39,minibatch_k64,text_pca256_lexical_w005
87902,25,minibatch_k64,text_pca256_lexical_w005
87903,23,minibatch_k64,text_pca256_lexical_w005
87904,14,minibatch_k64,text_pca256_lexical_w005
87905,62,minibatch_k64,text_pca256_lexical_w005
87906,0,minibatch_k64,text_pca256_lexical_w005
87907,20,minibatch_k64,text_pca256_lexical_w005
87908,0,minibatch_k64,text_pca256_lexical_w005
87909,14,minibatch_k64,text_pca256_lexical_w005
87910,25,minibatch_k64,text_pca256_lexical_w005
87911,23,minibatch_k64,text_pca256_lexical_w005
87912,0,minibatch_k64,text_pca256_lexical_w005
87913,14,minibatch_k64,text_pca256_lexical_w005
87914,0,minibatch_k64,text_pca256_lexical_w005
87915,25,minibatch_k64,text_pca256_lexical_w005
87916,23,minibatch_k64,text_pca256_lexical_w005
87917,0,minibatch_k64,text_pca256_lexical_w005
87918,62,minibatch_k64,text_pca256_lexical_w005
87919,25,minibatch_k64,text_pca256_lexical_w005
87920,23,minibatch_k64,text_pca256_lexical_w005
87921,14,minibatch_k64,text_pca256_lexical_w005
87922,0,minibatch_k64,text_pca256_lexical_w005
87923,33,minibatch_k64,text_pca256_lexical_w005
87924,15,minibatch_k64,text_pca256_lexical_w005
87925,6,minibatch_k64,text_pca256_lexical_w005
87926,6,minibatch_k64,text_pca256_lexical_w005
87927,6,minibatch_k64,text_pca256_lexical_w005
87928,21,minibatch_k64,text_pca256_lexical_w005
87929,6,minibatch_k64,text_pca256_lexical_w005
87930,6,minibatch_k64,text_pca256_lexical_w005
87931,2,minibatch_k64,text_pca256_lexical_w005
87932,62,minibatch_k64,text_pca256_lexical_w005
87933,55,minibatch_k64,text_pca256_lexical_w005
87934,8,minibatch_k64,text_pca256_lexical_w005
87935,8,minibatch_k64,text_pca256_lexical_w005
87936,62,minibatch_k64,text_pca256_lexical_w005
87937,5,minibatch_k64,text_pca256_lexical_w005
87938,56,minibatch_k64,text_pca256_lexical_w005
87939,0,minibatch_k64,text_pca256_lexical_w005
87940,42,minibatch_k64,text_pca256_lexical_w005
87941,55,minibatch_k64,text_pca256_lexical_w005
87942,8,minibatch_k64,text_pca256_lexical_w005
87943,0,minibatch_k64,text_pca256_lexical_w005
87944,0,minibatch_k64,text_pca256_lexical_w005
87945,32,minibatch_k64,text_pca256_lexical_w005
87946,15,minibatch_k64,text_pca256_lexical_w005
87947,32,minibatch_k64,text_pca256_lexical_w005
87948,59,minibatch_k64,text_pca256_lexical_w005
87949,32,minibatch_k64,text_pca256_lexical_w005
87950,62,minibatch_k64,text_pca256_lexical_w005
87951,23,minibatch_k64,text_pca256_lexical_w005
87952,23,minibatch_k64,text_pca256_lexical_w005
87953,10,minibatch_k64,text_pca256_lexical_w005
87954,53,minibatch_k64,text_pca256_lexical_w005
87955,59,minibatch_k64,text_pca256_lexical_w005
87956,59,minibatch_k64,text_pca256_lexical_w005
87957,53,minibatch_k64,text_pca256_lexical_w005
87958,62,minibatch_k64,text_pca256_lexical_w005
87959,41,minibatch_k64,text_pca256_lexical_w005
87960,41,minibatch_k64,text_pca256_lexical_w005
87961,41,minibatch_k64,text_pca256_lexical_w005
87962,41,minibatch_k64,text_pca256_lexical_w005
87963,41,minibatch_k64,text_pca256_lexical_w005
87964,41,minibatch_k64,text_pca256_lexical_w005
87965,41,minibatch_k64,text_pca256_lexical_w005
87966,41,minibatch_k64,text_pca256_lexical_w005
87967,41,minibatch_k64,text_pca256_lexical_w005
87968,8,minibatch_k64,text_pca256_lexical_w005
87969,23,minibatch_k64,text_pca256_lexical_w005
87970,23,minibatch_k64,text_pca256_lexical_w005
87971,8,minibatch_k64,text_pca256_lexical_w005
87972,8,minibatch_k64,text_pca256_lexical_w005
87973,8,minibatch_k64,text_pca256_lexical_w005
87974,8,minibatch_k64,text_pca256_lexical_w005
87975,61,minibatch_k64,text_pca256_lexical_w005
87976,38,minibatch_k64,text_pca256_lexical_w005
87977,25,minibatch_k64,text_pca256_lexical_w005
87978,21,minibatch_k64,text_pca256_lexical_w005
87979,21,minibatch_k64,text_pca256_lexical_w005
87980,0,minibatch_k64,text_pca256_lexical_w005
87981,42,minibatch_k64,text_pca256_lexical_w005
87982,33,minibatch_k64,text_pca256_lexical_w005
87983,21,minibatch_k64,text_pca256_lexical_w005
87984,8,minibatch_k64,text_pca256_lexical_w005
87985,8,minibatch_k64,text_pca256_lexical_w005
87986,0,minibatch_k64,text_pca256_lexical_w005
87987,50,minibatch_k64,text_pca256_lexical_w005
87988,21,minibatch_k64,text_pca256_lexical_w005
87989,0,minibatch_k64,text_pca256_lexical_w005
87990,33,minibatch_k64,text_pca256_lexical_w005
87991,33,minibatch_k64,text_pca256_lexical_w005
87992,4,minibatch_k64,text_pca256_lexical_w005
87993,33,minibatch_k64,text_pca256_lexical_w005
87994,33,minibatch_k64,text_pca256_lexical_w005
87995,21,minibatch_k64,text_pca256_lexical_w005
87996,21,minibatch_k64,text_pca256_lexical_w005
87997,33,minibatch_k64,text_pca256_lexical_w005
87998,62,minibatch_k64,text_pca256_lexical_w005
87999,59,minibatch_k64,text_pca256_lexical_w005
88000,59,minibatch_k64,text_pca256_lexical_w005
88001,33,minibatch_k64,text_pca256_lexical_w005
88002,33,minibatch_k64,text_pca256_lexical_w005
88003,33,minibatch_k64,text_pca256_lexical_w005
88004,62,minibatch_k64,text_pca256_lexical_w005
88005,42,minibatch_k64,text_pca256_lexical_w005
88006,21,minibatch_k64,text_pca256_lexical_w005
88007,42,minibatch_k64,text_pca256_lexical_w005
88008,46,minibatch_k64,text_pca256_lexical_w005
88009,42,minibatch_k64,text_pca256_lexical_w005
88010,0,minibatch_k64,text_pca256_lexical_w005
88011,62,minibatch_k64,text_pca256_lexical_w005
88012,23,minibatch_k64,text_pca256_lexical_w005
88013,42,minibatch_k64,text_pca256_lexical_w005
88014,5,minibatch_k64,text_pca256_lexical_w005
88015,46,minibatch_k64,text_pca256_lexical_w005
88016,5,minibatch_k64,text_pca256_lexical_w005
88017,5,minibatch_k64,text_pca256_lexical_w005
88018,5,minibatch_k64,text_pca256_lexical_w005
88019,5,minibatch_k64,text_pca256_lexical_w005
88020,23,minibatch_k64,text_pca256_lexical_w005
88021,23,minibatch_k64,text_pca256_lexical_w005
88022,5,minibatch_k64,text_pca256_lexical_w005
88023,45,minibatch_k64,text_pca256_lexical_w005
88024,59,minibatch_k64,text_pca256_lexical_w005
88025,4,minibatch_k64,text_pca256_lexical_w005
88026,62,minibatch_k64,text_pca256_lexical_w005
88027,4,minibatch_k64,text_pca256_lexical_w005
88028,4,minibatch_k64,text_pca256_lexical_w005
88029,62,minibatch_k64,text_pca256_lexical_w005
88030,0,minibatch_k64,text_pca256_lexical_w005
88031,0,minibatch_k64,text_pca256_lexical_w005
88032,23,minibatch_k64,text_pca256_lexical_w005
88033,23,minibatch_k64,text_pca256_lexical_w005
88034,15,minibatch_k64,text_pca256_lexical_w005
88035,45,minibatch_k64,text_pca256_lexical_w005
88036,5,minibatch_k64,text_pca256_lexical_w005
88037,5,minibatch_k64,text_pca256_lexical_w005
88038,5,minibatch_k64,text_pca256_lexical_w005
88039,23,minibatch_k64,text_pca256_lexical_w005
88040,42,minibatch_k64,text_pca256_lexical_w005
88041,59,minibatch_k64,text_pca256_lexical_w005
88042,8,minibatch_k64,text_pca256_lexical_w005
88043,18,minibatch_k64,text_pca256_lexical_w005
88044,0,minibatch_k64,text_pca256_lexical_w005
88045,23,minibatch_k64,text_pca256_lexical_w005
88046,59,minibatch_k64,text_pca256_lexical_w005
88047,59,minibatch_k64,text_pca256_lexical_w005
88048,62,minibatch_k64,text_pca256_lexical_w005
88049,45,minibatch_k64,text_pca256_lexical_w005
88050,10,minibatch_k64,text_pca256_lexical_w005
88051,48,minibatch_k64,text_pca256_lexical_w005
88052,5,minibatch_k64,text_pca256_lexical_w005
88053,23,minibatch_k64,text_pca256_lexical_w005
88054,5,minibatch_k64,text_pca256_lexical_w005
88055,5,minibatch_k64,text_pca256_lexical_w005
88056,5,minibatch_k64,text_pca256_lexical_w005
88057,45,minibatch_k64,text_pca256_lexical_w005
88058,5,minibatch_k64,text_pca256_lexical_w005
88059,5,minibatch_k64,text_pca256_lexical_w005
88060,5,minibatch_k64,text_pca256_lexical_w005
88061,4,minibatch_k64,text_pca256_lexical_w005
88062,45,minibatch_k64,text_pca256_lexical_w005
88063,4,minibatch_k64,text_pca256_lexical_w005
88064,5,minibatch_k64,text_pca256_lexical_w005
88065,46,minibatch_k64,text_pca256_lexical_w005
88066,23,minibatch_k64,text_pca256_lexical_w005
88067,5,minibatch_k64,text_pca256_lexical_w005
88068,45,minibatch_k64,text_pca256_lexical_w005
88069,23,minibatch_k64,text_pca256_lexical_w005
88070,23,minibatch_k64,text_pca256_lexical_w005
88071,23,minibatch_k64,text_pca256_lexical_w005
88072,62,minibatch_k64,text_pca256_lexical_w005
88073,46,minibatch_k64,text_pca256_lexical_w005
88074,59,minibatch_k64,text_pca256_lexical_w005
88075,5,minibatch_k64,text_pca256_lexical_w005
88076,0,minibatch_k64,text_pca256_lexical_w005
88077,39,minibatch_k64,text_pca256_lexical_w005
88078,62,minibatch_k64,text_pca256_lexical_w005
88079,62,minibatch_k64,text_pca256_lexical_w005
88080,8,minibatch_k64,text_pca256_lexical_w005
88081,8,minibatch_k64,text_pca256_lexical_w005
88082,15,minibatch_k64,text_pca256_lexical_w005
88083,62,minibatch_k64,text_pca256_lexical_w005
88084,15,minibatch_k64,text_pca256_lexical_w005
88085,23,minibatch_k64,text_pca256_lexical_w005
88086,8,minibatch_k64,text_pca256_lexical_w005
88087,5,minibatch_k64,text_pca256_lexical_w005
88088,5,minibatch_k64,text_pca256_lexical_w005
88089,61,minibatch_k64,text_pca256_lexical_w005
88090,5,minibatch_k64,text_pca256_lexical_w005
88091,15,minibatch_k64,text_pca256_lexical_w005
88092,8,minibatch_k64,text_pca256_lexical_w005
88093,15,minibatch_k64,text_pca256_lexical_w005
88094,15,minibatch_k64,text_pca256_lexical_w005
88095,59,minibatch_k64,text_pca256_lexical_w005
88096,61,minibatch_k64,text_pca256_lexical_w005
88097,4,minibatch_k64,text_pca256_lexical_w005
88098,23,minibatch_k64,text_pca256_lexical_w005
88099,33,minibatch_k64,text_pca256_lexical_w005
88100,10,minibatch_k64,text_pca256_lexical_w005
88101,58,minibatch_k64,text_pca256_lexical_w005
88102,33,minibatch_k64,text_pca256_lexical_w005
88103,15,minibatch_k64,text_pca256_lexical_w005
88104,15,minibatch_k64,text_pca256_lexical_w005
88105,15,minibatch_k64,text_pca256_lexical_w005
88106,15,minibatch_k64,text_pca256_lexical_w005
88107,8,minibatch_k64,text_pca256_lexical_w005
88108,53,minibatch_k64,text_pca256_lexical_w005
88109,15,minibatch_k64,text_pca256_lexical_w005
88110,15,minibatch_k64,text_pca256_lexical_w005
88111,15,minibatch_k64,text_pca256_lexical_w005
88112,45,minibatch_k64,text_pca256_lexical_w005
88113,38,minibatch_k64,text_pca256_lexical_w005
88114,0,minibatch_k64,text_pca256_lexical_w005
88115,15,minibatch_k64,text_pca256_lexical_w005
88116,15,minibatch_k64,text_pca256_lexical_w005
88117,45,minibatch_k64,text_pca256_lexical_w005
88118,2,minibatch_k64,text_pca256_lexical_w005
88119,23,minibatch_k64,text_pca256_lexical_w005
88120,55,minibatch_k64,text_pca256_lexical_w005
88121,37,minibatch_k64,text_pca256_lexical_w005
88122,10,minibatch_k64,text_pca256_lexical_w005
88123,33,minibatch_k64,text_pca256_lexical_w005
88124,15,minibatch_k64,text_pca256_lexical_w005
88125,5,minibatch_k64,text_pca256_lexical_w005
88126,62,minibatch_k64,text_pca256_lexical_w005
88127,62,minibatch_k64,text_pca256_lexical_w005
88128,8,minibatch_k64,text_pca256_lexical_w005
88129,5,minibatch_k64,text_pca256_lexical_w005
88130,23,minibatch_k64,text_pca256_lexical_w005
88131,39,minibatch_k64,text_pca256_lexical_w005
88132,15,minibatch_k64,text_pca256_lexical_w005
88133,0,minibatch_k64,text_pca256_lexical_w005
88134,15,minibatch_k64,text_pca256_lexical_w005
88135,4,minibatch_k64,text_pca256_lexical_w005
88136,2,minibatch_k64,text_pca256_lexical_w005
88137,59,minibatch_k64,text_pca256_lexical_w005
88138,8,minibatch_k64,text_pca256_lexical_w005
88139,15,minibatch_k64,text_pca256_lexical_w005
88140,5,minibatch_k64,text_pca256_lexical_w005
88141,5,minibatch_k64,text_pca256_lexical_w005
88142,5,minibatch_k64,text_pca256_lexical_w005
88143,33,minibatch_k64,text_pca256_lexical_w005
88144,15,minibatch_k64,text_pca256_lexical_w005
88145,5,minibatch_k64,text_pca256_lexical_w005
88146,15,minibatch_k64,text_pca256_lexical_w005
88147,15,minibatch_k64,text_pca256_lexical_w005
88148,5,minibatch_k64,text_pca256_lexical_w005
88149,23,minibatch_k64,text_pca256_lexical_w005
88150,5,minibatch_k64,text_pca256_lexical_w005
88151,8,minibatch_k64,text_pca256_lexical_w005
88152,23,minibatch_k64,text_pca256_lexical_w005
88153,58,minibatch_k64,text_pca256_lexical_w005
88154,21,minibatch_k64,text_pca256_lexical_w005
88155,5,minibatch_k64,text_pca256_lexical_w005
88156,8,minibatch_k64,text_pca256_lexical_w005
88157,62,minibatch_k64,text_pca256_lexical_w005
88158,21,minibatch_k64,text_pca256_lexical_w005
88159,38,minibatch_k64,text_pca256_lexical_w005
88160,8,minibatch_k64,text_pca256_lexical_w005
88161,45,minibatch_k64,text_pca256_lexical_w005
88162,5,minibatch_k64,text_pca256_lexical_w005
88163,45,minibatch_k64,text_pca256_lexical_w005
88164,55,minibatch_k64,text_pca256_lexical_w005
88165,0,minibatch_k64,text_pca256_lexical_w005
88166,33,minibatch_k64,text_pca256_lexical_w005
88167,23,minibatch_k64,text_pca256_lexical_w005
88168,0,minibatch_k64,text_pca256_lexical_w005
88169,15,minibatch_k64,text_pca256_lexical_w005
88170,23,minibatch_k64,text_pca256_lexical_w005
88171,62,minibatch_k64,text_pca256_lexical_w005
88172,23,minibatch_k64,text_pca256_lexical_w005
88173,0,minibatch_k64,text_pca256_lexical_w005
88174,33,minibatch_k64,text_pca256_lexical_w005
88175,59,minibatch_k64,text_pca256_lexical_w005
88176,15,minibatch_k64,text_pca256_lexical_w005
88177,62,minibatch_k64,text_pca256_lexical_w005
88178,62,minibatch_k64,text_pca256_lexical_w005
88179,0,minibatch_k64,text_pca256_lexical_w005
88180,5,minibatch_k64,text_pca256_lexical_w005
88181,33,minibatch_k64,text_pca256_lexical_w005
88182,0,minibatch_k64,text_pca256_lexical_w005
88183,62,minibatch_k64,text_pca256_lexical_w005
88184,62,minibatch_k64,text_pca256_lexical_w005
88185,10,minibatch_k64,text_pca256_lexical_w005
88186,0,minibatch_k64,text_pca256_lexical_w005
88187,0,minibatch_k64,text_pca256_lexical_w005
88188,39,minibatch_k64,text_pca256_lexical_w005
88189,0,minibatch_k64,text_pca256_lexical_w005
88190,62,minibatch_k64,text_pca256_lexical_w005
88191,8,minibatch_k64,text_pca256_lexical_w005
88192,23,minibatch_k64,text_pca256_lexical_w005
88193,33,minibatch_k64,text_pca256_lexical_w005
88194,10,minibatch_k64,text_pca256_lexical_w005
88195,39,minibatch_k64,text_pca256_lexical_w005
88196,0,minibatch_k64,text_pca256_lexical_w005
88197,33,minibatch_k64,text_pca256_lexical_w005
88198,5,minibatch_k64,text_pca256_lexical_w005
88199,23,minibatch_k64,text_pca256_lexical_w005
88200,15,minibatch_k64,text_pca256_lexical_w005
88201,23,minibatch_k64,text_pca256_lexical_w005
88202,42,minibatch_k64,text_pca256_lexical_w005
88203,8,minibatch_k64,text_pca256_lexical_w005
88204,5,minibatch_k64,text_pca256_lexical_w005
88205,33,minibatch_k64,text_pca256_lexical_w005
88206,33,minibatch_k64,text_pca256_lexical_w005
88207,23,minibatch_k64,text_pca256_lexical_w005
88208,62,minibatch_k64,text_pca256_lexical_w005
88209,4,minibatch_k64,text_pca256_lexical_w005
88210,15,minibatch_k64,text_pca256_lexical_w005
88211,0,minibatch_k64,text_pca256_lexical_w005
88212,8,minibatch_k64,text_pca256_lexical_w005
88213,62,minibatch_k64,text_pca256_lexical_w005
88214,58,minibatch_k64,text_pca256_lexical_w005
88215,15,minibatch_k64,text_pca256_lexical_w005
88216,45,minibatch_k64,text_pca256_lexical_w005
88217,38,minibatch_k64,text_pca256_lexical_w005
88218,15,minibatch_k64,text_pca256_lexical_w005
88219,0,minibatch_k64,text_pca256_lexical_w005
88220,0,minibatch_k64,text_pca256_lexical_w005
88221,15,minibatch_k64,text_pca256_lexical_w005
88222,5,minibatch_k64,text_pca256_lexical_w005
88223,45,minibatch_k64,text_pca256_lexical_w005
88224,45,minibatch_k64,text_pca256_lexical_w005
88225,55,minibatch_k64,text_pca256_lexical_w005
88226,23,minibatch_k64,text_pca256_lexical_w005
88227,23,minibatch_k64,text_pca256_lexical_w005
88228,62,minibatch_k64,text_pca256_lexical_w005
88229,62,minibatch_k64,text_pca256_lexical_w005
88230,5,minibatch_k64,text_pca256_lexical_w005
88231,15,minibatch_k64,text_pca256_lexical_w005
88232,15,minibatch_k64,text_pca256_lexical_w005
88233,15,minibatch_k64,text_pca256_lexical_w005
88234,5,minibatch_k64,text_pca256_lexical_w005
88235,0,minibatch_k64,text_pca256_lexical_w005
88236,15,minibatch_k64,text_pca256_lexical_w005
88237,8,minibatch_k64,text_pca256_lexical_w005
88238,0,minibatch_k64,text_pca256_lexical_w005
88239,62,minibatch_k64,text_pca256_lexical_w005
88240,62,minibatch_k64,text_pca256_lexical_w005
88241,59,minibatch_k64,text_pca256_lexical_w005
88242,62,minibatch_k64,text_pca256_lexical_w005
88243,5,minibatch_k64,text_pca256_lexical_w005
88244,62,minibatch_k64,text_pca256_lexical_w005
88245,2,minibatch_k64,text_pca256_lexical_w005
88246,62,minibatch_k64,text_pca256_lexical_w005
88247,10,minibatch_k64,text_pca256_lexical_w005
88248,21,minibatch_k64,text_pca256_lexical_w005
88249,62,minibatch_k64,text_pca256_lexical_w005
88250,0,minibatch_k64,text_pca256_lexical_w005
88251,23,minibatch_k64,text_pca256_lexical_w005
88252,62,minibatch_k64,text_pca256_lexical_w005
88253,62,minibatch_k64,text_pca256_lexical_w005
88254,0,minibatch_k64,text_pca256_lexical_w005
88255,56,minibatch_k64,text_pca256_lexical_w005
88256,62,minibatch_k64,text_pca256_lexical_w005
88257,62,minibatch_k64,text_pca256_lexical_w005
88258,0,minibatch_k64,text_pca256_lexical_w005
88259,2,minibatch_k64,text_pca256_lexical_w005
88260,0,minibatch_k64,text_pca256_lexical_w005
88261,0,minibatch_k64,text_pca256_lexical_w005
88262,8,minibatch_k64,text_pca256_lexical_w005
88263,33,minibatch_k64,text_pca256_lexical_w005
88264,59,minibatch_k64,text_pca256_lexical_w005
88265,0,minibatch_k64,text_pca256_lexical_w005
88266,21,minibatch_k64,text_pca256_lexical_w005
88267,4,minibatch_k64,text_pca256_lexical_w005
88268,15,minibatch_k64,text_pca256_lexical_w005
88269,0,minibatch_k64,text_pca256_lexical_w005
88270,8,minibatch_k64,text_pca256_lexical_w005
88271,62,minibatch_k64,text_pca256_lexical_w005
88272,62,minibatch_k64,text_pca256_lexical_w005
88273,62,minibatch_k64,text_pca256_lexical_w005
88274,23,minibatch_k64,text_pca256_lexical_w005
88275,8,minibatch_k64,text_pca256_lexical_w005
88276,15,minibatch_k64,text_pca256_lexical_w005
88277,59,minibatch_k64,text_pca256_lexical_w005
88278,62,minibatch_k64,text_pca256_lexical_w005
88279,15,minibatch_k64,text_pca256_lexical_w005
88280,0,minibatch_k64,text_pca256_lexical_w005
88281,2,minibatch_k64,text_pca256_lexical_w005
88282,2,minibatch_k64,text_pca256_lexical_w005
88283,8,minibatch_k64,text_pca256_lexical_w005
88284,0,minibatch_k64,text_pca256_lexical_w005
88285,0,minibatch_k64,text_pca256_lexical_w005
88286,0,minibatch_k64,text_pca256_lexical_w005
88287,62,minibatch_k64,text_pca256_lexical_w005
88288,8,minibatch_k64,text_pca256_lexical_w005
88289,0,minibatch_k64,text_pca256_lexical_w005
88290,15,minibatch_k64,text_pca256_lexical_w005
88291,0,minibatch_k64,text_pca256_lexical_w005
88292,33,minibatch_k64,text_pca256_lexical_w005
88293,23,minibatch_k64,text_pca256_lexical_w005
88294,23,minibatch_k64,text_pca256_lexical_w005
88295,62,minibatch_k64,text_pca256_lexical_w005
88296,15,minibatch_k64,text_pca256_lexical_w005
88297,62,minibatch_k64,text_pca256_lexical_w005
88298,8,minibatch_k64,text_pca256_lexical_w005
88299,42,minibatch_k64,text_pca256_lexical_w005
88300,0,minibatch_k64,text_pca256_lexical_w005
88301,59,minibatch_k64,text_pca256_lexical_w005
88302,62,minibatch_k64,text_pca256_lexical_w005
88303,23,minibatch_k64,text_pca256_lexical_w005
88304,45,minibatch_k64,text_pca256_lexical_w005
88305,0,minibatch_k64,text_pca256_lexical_w005
88306,62,minibatch_k64,text_pca256_lexical_w005
88307,0,minibatch_k64,text_pca256_lexical_w005
88308,23,minibatch_k64,text_pca256_lexical_w005
88309,62,minibatch_k64,text_pca256_lexical_w005
88310,0,minibatch_k64,text_pca256_lexical_w005
88311,15,minibatch_k64,text_pca256_lexical_w005
88312,48,minibatch_k64,text_pca256_lexical_w005
88313,33,minibatch_k64,text_pca256_lexical_w005
88314,23,minibatch_k64,text_pca256_lexical_w005
88315,62,minibatch_k64,text_pca256_lexical_w005
88316,0,minibatch_k64,text_pca256_lexical_w005
88317,0,minibatch_k64,text_pca256_lexical_w005
88318,45,minibatch_k64,text_pca256_lexical_w005
88319,15,minibatch_k64,text_pca256_lexical_w005
88320,38,minibatch_k64,text_pca256_lexical_w005
88321,8,minibatch_k64,text_pca256_lexical_w005
88322,15,minibatch_k64,text_pca256_lexical_w005
88323,45,minibatch_k64,text_pca256_lexical_w005
88324,45,minibatch_k64,text_pca256_lexical_w005
88325,55,minibatch_k64,text_pca256_lexical_w005
88326,15,minibatch_k64,text_pca256_lexical_w005
88327,59,minibatch_k64,text_pca256_lexical_w005
88328,37,minibatch_k64,text_pca256_lexical_w005
88329,23,minibatch_k64,text_pca256_lexical_w005
88330,23,minibatch_k64,text_pca256_lexical_w005
88331,0,minibatch_k64,text_pca256_lexical_w005
88332,33,minibatch_k64,text_pca256_lexical_w005
88333,33,minibatch_k64,text_pca256_lexical_w005
88334,4,minibatch_k64,text_pca256_lexical_w005
88335,0,minibatch_k64,text_pca256_lexical_w005
88336,33,minibatch_k64,text_pca256_lexical_w005
88337,0,minibatch_k64,text_pca256_lexical_w005
88338,62,minibatch_k64,text_pca256_lexical_w005
88339,45,minibatch_k64,text_pca256_lexical_w005
88340,23,minibatch_k64,text_pca256_lexical_w005
88341,2,minibatch_k64,text_pca256_lexical_w005
88342,0,minibatch_k64,text_pca256_lexical_w005
88343,45,minibatch_k64,text_pca256_lexical_w005
88344,0,minibatch_k64,text_pca256_lexical_w005
88345,39,minibatch_k64,text_pca256_lexical_w005
88346,2,minibatch_k64,text_pca256_lexical_w005
88347,62,minibatch_k64,text_pca256_lexical_w005
88348,53,minibatch_k64,text_pca256_lexical_w005
88349,62,minibatch_k64,text_pca256_lexical_w005
88350,15,minibatch_k64,text_pca256_lexical_w005
88351,0,minibatch_k64,text_pca256_lexical_w005
88352,21,minibatch_k64,text_pca256_lexical_w005
88353,21,minibatch_k64,text_pca256_lexical_w005
88354,39,minibatch_k64,text_pca256_lexical_w005
88355,10,minibatch_k64,text_pca256_lexical_w005
88356,21,minibatch_k64,text_pca256_lexical_w005
88357,8,minibatch_k64,text_pca256_lexical_w005
88358,21,minibatch_k64,text_pca256_lexical_w005
88359,2,minibatch_k64,text_pca256_lexical_w005
88360,0,minibatch_k64,text_pca256_lexical_w005
88361,21,minibatch_k64,text_pca256_lexical_w005
88362,62,minibatch_k64,text_pca256_lexical_w005
88363,46,minibatch_k64,text_pca256_lexical_w005
88364,8,minibatch_k64,text_pca256_lexical_w005
88365,8,minibatch_k64,text_pca256_lexical_w005
88366,23,minibatch_k64,text_pca256_lexical_w005
88367,62,minibatch_k64,text_pca256_lexical_w005
88368,0,minibatch_k64,text_pca256_lexical_w005
88369,23,minibatch_k64,text_pca256_lexical_w005
88370,45,minibatch_k64,text_pca256_lexical_w005
88371,0,minibatch_k64,text_pca256_lexical_w005
88372,45,minibatch_k64,text_pca256_lexical_w005
88373,0,minibatch_k64,text_pca256_lexical_w005
88374,8,minibatch_k64,text_pca256_lexical_w005
88375,62,minibatch_k64,text_pca256_lexical_w005
88376,23,minibatch_k64,text_pca256_lexical_w005
88377,15,minibatch_k64,text_pca256_lexical_w005
88378,23,minibatch_k64,text_pca256_lexical_w005
88379,56,minibatch_k64,text_pca256_lexical_w005
88380,0,minibatch_k64,text_pca256_lexical_w005
88381,8,minibatch_k64,text_pca256_lexical_w005
88382,62,minibatch_k64,text_pca256_lexical_w005
88383,62,minibatch_k64,text_pca256_lexical_w005
88384,62,minibatch_k64,text_pca256_lexical_w005
88385,45,minibatch_k64,text_pca256_lexical_w005
88386,23,minibatch_k64,text_pca256_lexical_w005
88387,45,minibatch_k64,text_pca256_lexical_w005
88388,45,minibatch_k64,text_pca256_lexical_w005
88389,62,minibatch_k64,text_pca256_lexical_w005
88390,0,minibatch_k64,text_pca256_lexical_w005
88391,4,minibatch_k64,text_pca256_lexical_w005
88392,0,minibatch_k64,text_pca256_lexical_w005
88393,23,minibatch_k64,text_pca256_lexical_w005
88394,45,minibatch_k64,text_pca256_lexical_w005
88395,8,minibatch_k64,text_pca256_lexical_w005
88396,45,minibatch_k64,text_pca256_lexical_w005
88397,15,minibatch_k64,text_pca256_lexical_w005
88398,0,minibatch_k64,text_pca256_lexical_w005
88399,0,minibatch_k64,text_pca256_lexical_w005
88400,4,minibatch_k64,text_pca256_lexical_w005
88401,45,minibatch_k64,text_pca256_lexical_w005
88402,15,minibatch_k64,text_pca256_lexical_w005
88403,58,minibatch_k64,text_pca256_lexical_w005
88404,0,minibatch_k64,text_pca256_lexical_w005
88405,45,minibatch_k64,text_pca256_lexical_w005
88406,55,minibatch_k64,text_pca256_lexical_w005
88407,37,minibatch_k64,text_pca256_lexical_w005
88408,23,minibatch_k64,text_pca256_lexical_w005
88409,0,minibatch_k64,text_pca256_lexical_w005
88410,0,minibatch_k64,text_pca256_lexical_w005
88411,23,minibatch_k64,text_pca256_lexical_w005
88412,23,minibatch_k64,text_pca256_lexical_w005
88413,10,minibatch_k64,text_pca256_lexical_w005
88414,21,minibatch_k64,text_pca256_lexical_w005
88415,0,minibatch_k64,text_pca256_lexical_w005
88416,23,minibatch_k64,text_pca256_lexical_w005
88417,0,minibatch_k64,text_pca256_lexical_w005
88418,15,minibatch_k64,text_pca256_lexical_w005
88419,0,minibatch_k64,text_pca256_lexical_w005
88420,15,minibatch_k64,text_pca256_lexical_w005
88421,62,minibatch_k64,text_pca256_lexical_w005
88422,46,minibatch_k64,text_pca256_lexical_w005
88423,15,minibatch_k64,text_pca256_lexical_w005
88424,39,minibatch_k64,text_pca256_lexical_w005
88425,59,minibatch_k64,text_pca256_lexical_w005
88426,23,minibatch_k64,text_pca256_lexical_w005
88427,0,minibatch_k64,text_pca256_lexical_w005
88428,62,minibatch_k64,text_pca256_lexical_w005
88429,23,minibatch_k64,text_pca256_lexical_w005
88430,0,minibatch_k64,text_pca256_lexical_w005
88431,62,minibatch_k64,text_pca256_lexical_w005
88432,53,minibatch_k64,text_pca256_lexical_w005
88433,8,minibatch_k64,text_pca256_lexical_w005
88434,62,minibatch_k64,text_pca256_lexical_w005
88435,0,minibatch_k64,text_pca256_lexical_w005
88436,18,minibatch_k64,text_pca256_lexical_w005
88437,62,minibatch_k64,text_pca256_lexical_w005
88438,15,minibatch_k64,text_pca256_lexical_w005
88439,62,minibatch_k64,text_pca256_lexical_w005
88440,23,minibatch_k64,text_pca256_lexical_w005
88441,23,minibatch_k64,text_pca256_lexical_w005
88442,23,minibatch_k64,text_pca256_lexical_w005
88443,5,minibatch_k64,text_pca256_lexical_w005
88444,8,minibatch_k64,text_pca256_lexical_w005
88445,0,minibatch_k64,text_pca256_lexical_w005
88446,8,minibatch_k64,text_pca256_lexical_w005
88447,33,minibatch_k64,text_pca256_lexical_w005
88448,61,minibatch_k64,text_pca256_lexical_w005
88449,23,minibatch_k64,text_pca256_lexical_w005
88450,0,minibatch_k64,text_pca256_lexical_w005
88451,58,minibatch_k64,text_pca256_lexical_w005
88452,45,minibatch_k64,text_pca256_lexical_w005
88453,45,minibatch_k64,text_pca256_lexical_w005
88454,0,minibatch_k64,text_pca256_lexical_w005
88455,45,minibatch_k64,text_pca256_lexical_w005
88456,58,minibatch_k64,text_pca256_lexical_w005
88457,45,minibatch_k64,text_pca256_lexical_w005
88458,0,minibatch_k64,text_pca256_lexical_w005
88459,5,minibatch_k64,text_pca256_lexical_w005
88460,45,minibatch_k64,text_pca256_lexical_w005
88461,37,minibatch_k64,text_pca256_lexical_w005
88462,10,minibatch_k64,text_pca256_lexical_w005
88463,0,minibatch_k64,text_pca256_lexical_w005
88464,8,minibatch_k64,text_pca256_lexical_w005
88465,62,minibatch_k64,text_pca256_lexical_w005
88466,18,minibatch_k64,text_pca256_lexical_w005
88467,8,minibatch_k64,text_pca256_lexical_w005
88468,15,minibatch_k64,text_pca256_lexical_w005
88469,62,minibatch_k64,text_pca256_lexical_w005
88470,0,minibatch_k64,text_pca256_lexical_w005
88471,45,minibatch_k64,text_pca256_lexical_w005
88472,15,minibatch_k64,text_pca256_lexical_w005
88473,23,minibatch_k64,text_pca256_lexical_w005
88474,23,minibatch_k64,text_pca256_lexical_w005
88475,8,minibatch_k64,text_pca256_lexical_w005
88476,0,minibatch_k64,text_pca256_lexical_w005
88477,23,minibatch_k64,text_pca256_lexical_w005
88478,23,minibatch_k64,text_pca256_lexical_w005
88479,23,minibatch_k64,text_pca256_lexical_w005
88480,23,minibatch_k64,text_pca256_lexical_w005
88481,0,minibatch_k64,text_pca256_lexical_w005
88482,8,minibatch_k64,text_pca256_lexical_w005
88483,15,minibatch_k64,text_pca256_lexical_w005
88484,62,minibatch_k64,text_pca256_lexical_w005
88485,0,minibatch_k64,text_pca256_lexical_w005
88486,23,minibatch_k64,text_pca256_lexical_w005
88487,33,minibatch_k64,text_pca256_lexical_w005
88488,8,minibatch_k64,text_pca256_lexical_w005
88489,15,minibatch_k64,text_pca256_lexical_w005
88490,0,minibatch_k64,text_pca256_lexical_w005
88491,62,minibatch_k64,text_pca256_lexical_w005
88492,21,minibatch_k64,text_pca256_lexical_w005
88493,59,minibatch_k64,text_pca256_lexical_w005
88494,21,minibatch_k64,text_pca256_lexical_w005
88495,0,minibatch_k64,text_pca256_lexical_w005
88496,5,minibatch_k64,text_pca256_lexical_w005
88497,23,minibatch_k64,text_pca256_lexical_w005
88498,8,minibatch_k64,text_pca256_lexical_w005
88499,5,minibatch_k64,text_pca256_lexical_w005
88500,5,minibatch_k64,text_pca256_lexical_w005
88501,45,minibatch_k64,text_pca256_lexical_w005
88502,33,minibatch_k64,text_pca256_lexical_w005
88503,8,minibatch_k64,text_pca256_lexical_w005
88504,40,minibatch_k64,text_pca256_lexical_w005
88505,23,minibatch_k64,text_pca256_lexical_w005
88506,58,minibatch_k64,text_pca256_lexical_w005
88507,58,minibatch_k64,text_pca256_lexical_w005
88508,12,minibatch_k64,text_pca256_lexical_w005
88509,23,minibatch_k64,text_pca256_lexical_w005
88510,55,minibatch_k64,text_pca256_lexical_w005
88511,37,minibatch_k64,text_pca256_lexical_w005
88512,5,minibatch_k64,text_pca256_lexical_w005
88513,21,minibatch_k64,text_pca256_lexical_w005
88514,59,minibatch_k64,text_pca256_lexical_w005
88515,33,minibatch_k64,text_pca256_lexical_w005
88516,23,minibatch_k64,text_pca256_lexical_w005
88517,0,minibatch_k64,text_pca256_lexical_w005
88518,18,minibatch_k64,text_pca256_lexical_w005
88519,0,minibatch_k64,text_pca256_lexical_w005
88520,8,minibatch_k64,text_pca256_lexical_w005
88521,53,minibatch_k64,text_pca256_lexical_w005
88522,5,minibatch_k64,text_pca256_lexical_w005
88523,15,minibatch_k64,text_pca256_lexical_w005
88524,21,minibatch_k64,text_pca256_lexical_w005
88525,23,minibatch_k64,text_pca256_lexical_w005
88526,0,minibatch_k64,text_pca256_lexical_w005
88527,62,minibatch_k64,text_pca256_lexical_w005
88528,11,minibatch_k64,text_pca256_lexical_w005
88529,23,minibatch_k64,text_pca256_lexical_w005
88530,23,minibatch_k64,text_pca256_lexical_w005
88531,0,minibatch_k64,text_pca256_lexical_w005
88532,21,minibatch_k64,text_pca256_lexical_w005
88533,0,minibatch_k64,text_pca256_lexical_w005
88534,62,minibatch_k64,text_pca256_lexical_w005
88535,62,minibatch_k64,text_pca256_lexical_w005
88536,62,minibatch_k64,text_pca256_lexical_w005
88537,57,minibatch_k64,text_pca256_lexical_w005
88538,0,minibatch_k64,text_pca256_lexical_w005
88539,62,minibatch_k64,text_pca256_lexical_w005
88540,62,minibatch_k64,text_pca256_lexical_w005
88541,0,minibatch_k64,text_pca256_lexical_w005
88542,62,minibatch_k64,text_pca256_lexical_w005
88543,8,minibatch_k64,text_pca256_lexical_w005
88544,62,minibatch_k64,text_pca256_lexical_w005
88545,23,minibatch_k64,text_pca256_lexical_w005
88546,33,minibatch_k64,text_pca256_lexical_w005
88547,33,minibatch_k64,text_pca256_lexical_w005
88548,8,minibatch_k64,text_pca256_lexical_w005
88549,62,minibatch_k64,text_pca256_lexical_w005
88550,39,minibatch_k64,text_pca256_lexical_w005
88551,0,minibatch_k64,text_pca256_lexical_w005
88552,8,minibatch_k64,text_pca256_lexical_w005
88553,0,minibatch_k64,text_pca256_lexical_w005
88554,40,minibatch_k64,text_pca256_lexical_w005
88555,0,minibatch_k64,text_pca256_lexical_w005
88556,58,minibatch_k64,text_pca256_lexical_w005
88557,12,minibatch_k64,text_pca256_lexical_w005
88558,62,minibatch_k64,text_pca256_lexical_w005
88559,40,minibatch_k64,text_pca256_lexical_w005
88560,0,minibatch_k64,text_pca256_lexical_w005
88561,33,minibatch_k64,text_pca256_lexical_w005
88562,45,minibatch_k64,text_pca256_lexical_w005
88563,38,minibatch_k64,text_pca256_lexical_w005
88564,15,minibatch_k64,text_pca256_lexical_w005
88565,12,minibatch_k64,text_pca256_lexical_w005
88566,45,minibatch_k64,text_pca256_lexical_w005
88567,55,minibatch_k64,text_pca256_lexical_w005
88568,0,minibatch_k64,text_pca256_lexical_w005
88569,0,minibatch_k64,text_pca256_lexical_w005
88570,45,minibatch_k64,text_pca256_lexical_w005
88571,37,minibatch_k64,text_pca256_lexical_w005
88572,62,minibatch_k64,text_pca256_lexical_w005
88573,8,minibatch_k64,text_pca256_lexical_w005
88574,33,minibatch_k64,text_pca256_lexical_w005
88575,23,minibatch_k64,text_pca256_lexical_w005
88576,15,minibatch_k64,text_pca256_lexical_w005
88577,18,minibatch_k64,text_pca256_lexical_w005
88578,0,minibatch_k64,text_pca256_lexical_w005
88579,0,minibatch_k64,text_pca256_lexical_w005
88580,45,minibatch_k64,text_pca256_lexical_w005
88581,62,minibatch_k64,text_pca256_lexical_w005
88582,62,minibatch_k64,text_pca256_lexical_w005
88583,50,minibatch_k64,text_pca256_lexical_w005
88584,45,minibatch_k64,text_pca256_lexical_w005
88585,62,minibatch_k64,text_pca256_lexical_w005
88586,15,minibatch_k64,text_pca256_lexical_w005
88587,21,minibatch_k64,text_pca256_lexical_w005
88588,33,minibatch_k64,text_pca256_lexical_w005
88589,33,minibatch_k64,text_pca256_lexical_w005
88590,0,minibatch_k64,text_pca256_lexical_w005
88591,15,minibatch_k64,text_pca256_lexical_w005
88592,0,minibatch_k64,text_pca256_lexical_w005
88593,23,minibatch_k64,text_pca256_lexical_w005
88594,0,minibatch_k64,text_pca256_lexical_w005
88595,21,minibatch_k64,text_pca256_lexical_w005
88596,62,minibatch_k64,text_pca256_lexical_w005
88597,8,minibatch_k64,text_pca256_lexical_w005
88598,62,minibatch_k64,text_pca256_lexical_w005
88599,59,minibatch_k64,text_pca256_lexical_w005
88600,39,minibatch_k64,text_pca256_lexical_w005
88601,39,minibatch_k64,text_pca256_lexical_w005
88602,0,minibatch_k64,text_pca256_lexical_w005
88603,39,minibatch_k64,text_pca256_lexical_w005
88604,39,minibatch_k64,text_pca256_lexical_w005
88605,0,minibatch_k64,text_pca256_lexical_w005
88606,62,minibatch_k64,text_pca256_lexical_w005
88607,0,minibatch_k64,text_pca256_lexical_w005
88608,45,minibatch_k64,text_pca256_lexical_w005
88609,4,minibatch_k64,text_pca256_lexical_w005
88610,62,minibatch_k64,text_pca256_lexical_w005
88611,23,minibatch_k64,text_pca256_lexical_w005
88612,10,minibatch_k64,text_pca256_lexical_w005
88613,33,minibatch_k64,text_pca256_lexical_w005
88614,23,minibatch_k64,text_pca256_lexical_w005
88615,0,minibatch_k64,text_pca256_lexical_w005
88616,15,minibatch_k64,text_pca256_lexical_w005
88617,62,minibatch_k64,text_pca256_lexical_w005
88618,23,minibatch_k64,text_pca256_lexical_w005
88619,8,minibatch_k64,text_pca256_lexical_w005
88620,0,minibatch_k64,text_pca256_lexical_w005
88621,0,minibatch_k64,text_pca256_lexical_w005
88622,14,minibatch_k64,text_pca256_lexical_w005
88623,33,minibatch_k64,text_pca256_lexical_w005
88624,62,minibatch_k64,text_pca256_lexical_w005
88625,58,minibatch_k64,text_pca256_lexical_w005
88626,8,minibatch_k64,text_pca256_lexical_w005
88627,5,minibatch_k64,text_pca256_lexical_w005
88628,59,minibatch_k64,text_pca256_lexical_w005
88629,62,minibatch_k64,text_pca256_lexical_w005
88630,2,minibatch_k64,text_pca256_lexical_w005
88631,59,minibatch_k64,text_pca256_lexical_w005
88632,2,minibatch_k64,text_pca256_lexical_w005
88633,15,minibatch_k64,text_pca256_lexical_w005
88634,8,minibatch_k64,text_pca256_lexical_w005
88635,4,minibatch_k64,text_pca256_lexical_w005
88636,15,minibatch_k64,text_pca256_lexical_w005
88637,62,minibatch_k64,text_pca256_lexical_w005
88638,18,minibatch_k64,text_pca256_lexical_w005
88639,8,minibatch_k64,text_pca256_lexical_w005
88640,62,minibatch_k64,text_pca256_lexical_w005
88641,0,minibatch_k64,text_pca256_lexical_w005
88642,10,minibatch_k64,text_pca256_lexical_w005
88643,8,minibatch_k64,text_pca256_lexical_w005
88644,5,minibatch_k64,text_pca256_lexical_w005
88645,45,minibatch_k64,text_pca256_lexical_w005
88646,62,minibatch_k64,text_pca256_lexical_w005
88647,62,minibatch_k64,text_pca256_lexical_w005
88648,2,minibatch_k64,text_pca256_lexical_w005
88649,45,minibatch_k64,text_pca256_lexical_w005
88650,15,minibatch_k64,text_pca256_lexical_w005
88651,0,minibatch_k64,text_pca256_lexical_w005
88652,62,minibatch_k64,text_pca256_lexical_w005
88653,23,minibatch_k64,text_pca256_lexical_w005
88654,15,minibatch_k64,text_pca256_lexical_w005
88655,0,minibatch_k64,text_pca256_lexical_w005
88656,15,minibatch_k64,text_pca256_lexical_w005
88657,0,minibatch_k64,text_pca256_lexical_w005
88658,23,minibatch_k64,text_pca256_lexical_w005
88659,18,minibatch_k64,text_pca256_lexical_w005
88660,62,minibatch_k64,text_pca256_lexical_w005
88661,62,minibatch_k64,text_pca256_lexical_w005
88662,2,minibatch_k64,text_pca256_lexical_w005
88663,0,minibatch_k64,text_pca256_lexical_w005
88664,23,minibatch_k64,text_pca256_lexical_w005
88665,8,minibatch_k64,text_pca256_lexical_w005
88666,33,minibatch_k64,text_pca256_lexical_w005
88667,59,minibatch_k64,text_pca256_lexical_w005
88668,39,minibatch_k64,text_pca256_lexical_w005
88669,23,minibatch_k64,text_pca256_lexical_w005
88670,62,minibatch_k64,text_pca256_lexical_w005
88671,18,minibatch_k64,text_pca256_lexical_w005
88672,46,minibatch_k64,text_pca256_lexical_w005
88673,15,minibatch_k64,text_pca256_lexical_w005
88674,0,minibatch_k64,text_pca256_lexical_w005
88675,0,minibatch_k64,text_pca256_lexical_w005
88676,0,minibatch_k64,text_pca256_lexical_w005
88677,0,minibatch_k64,text_pca256_lexical_w005
88678,62,minibatch_k64,text_pca256_lexical_w005
88679,15,minibatch_k64,text_pca256_lexical_w005
88680,62,minibatch_k64,text_pca256_lexical_w005
88681,8,minibatch_k64,text_pca256_lexical_w005
88682,23,minibatch_k64,text_pca256_lexical_w005
88683,0,minibatch_k64,text_pca256_lexical_w005
88684,62,minibatch_k64,text_pca256_lexical_w005
88685,62,minibatch_k64,text_pca256_lexical_w005
88686,45,minibatch_k64,text_pca256_lexical_w005
88687,0,minibatch_k64,text_pca256_lexical_w005
88688,18,minibatch_k64,text_pca256_lexical_w005
88689,8,minibatch_k64,text_pca256_lexical_w005
88690,62,minibatch_k64,text_pca256_lexical_w005
88691,45,minibatch_k64,text_pca256_lexical_w005
88692,62,minibatch_k64,text_pca256_lexical_w005
88693,39,minibatch_k64,text_pca256_lexical_w005
88694,62,minibatch_k64,text_pca256_lexical_w005
88695,45,minibatch_k64,text_pca256_lexical_w005
88696,10,minibatch_k64,text_pca256_lexical_w005
88697,0,minibatch_k64,text_pca256_lexical_w005
88698,23,minibatch_k64,text_pca256_lexical_w005
88699,15,minibatch_k64,text_pca256_lexical_w005
88700,62,minibatch_k64,text_pca256_lexical_w005
88701,62,minibatch_k64,text_pca256_lexical_w005
88702,0,minibatch_k64,text_pca256_lexical_w005
88703,62,minibatch_k64,text_pca256_lexical_w005
88704,47,minibatch_k64,text_pca256_lexical_w005
88705,57,minibatch_k64,text_pca256_lexical_w005
88706,33,minibatch_k64,text_pca256_lexical_w005
88707,62,minibatch_k64,text_pca256_lexical_w005
88708,62,minibatch_k64,text_pca256_lexical_w005
88709,8,minibatch_k64,text_pca256_lexical_w005
88710,62,minibatch_k64,text_pca256_lexical_w005
88711,62,minibatch_k64,text_pca256_lexical_w005
88712,0,minibatch_k64,text_pca256_lexical_w005
88713,33,minibatch_k64,text_pca256_lexical_w005
88714,8,minibatch_k64,text_pca256_lexical_w005
88715,5,minibatch_k64,text_pca256_lexical_w005
88716,23,minibatch_k64,text_pca256_lexical_w005
88717,0,minibatch_k64,text_pca256_lexical_w005
88718,45,minibatch_k64,text_pca256_lexical_w005
88719,5,minibatch_k64,text_pca256_lexical_w005
88720,62,minibatch_k64,text_pca256_lexical_w005
88721,23,minibatch_k64,text_pca256_lexical_w005
88722,15,minibatch_k64,text_pca256_lexical_w005
88723,39,minibatch_k64,text_pca256_lexical_w005
88724,33,minibatch_k64,text_pca256_lexical_w005
88725,62,minibatch_k64,text_pca256_lexical_w005
88726,21,minibatch_k64,text_pca256_lexical_w005
88727,62,minibatch_k64,text_pca256_lexical_w005
88728,15,minibatch_k64,text_pca256_lexical_w005
88729,8,minibatch_k64,text_pca256_lexical_w005
88730,0,minibatch_k64,text_pca256_lexical_w005
88731,42,minibatch_k64,text_pca256_lexical_w005
88732,15,minibatch_k64,text_pca256_lexical_w005
88733,8,minibatch_k64,text_pca256_lexical_w005
88734,15,minibatch_k64,text_pca256_lexical_w005
88735,33,minibatch_k64,text_pca256_lexical_w005
88736,33,minibatch_k64,text_pca256_lexical_w005
88737,39,minibatch_k64,text_pca256_lexical_w005
88738,23,minibatch_k64,text_pca256_lexical_w005
88739,8,minibatch_k64,text_pca256_lexical_w005
88740,23,minibatch_k64,text_pca256_lexical_w005
88741,10,minibatch_k64,text_pca256_lexical_w005
88742,0,minibatch_k64,text_pca256_lexical_w005
88743,2,minibatch_k64,text_pca256_lexical_w005
88744,8,minibatch_k64,text_pca256_lexical_w005
88745,20,minibatch_k64,text_pca256_lexical_w005
88746,15,minibatch_k64,text_pca256_lexical_w005
88747,45,minibatch_k64,text_pca256_lexical_w005
88748,62,minibatch_k64,text_pca256_lexical_w005
88749,8,minibatch_k64,text_pca256_lexical_w005
88750,8,minibatch_k64,text_pca256_lexical_w005
88751,8,minibatch_k64,text_pca256_lexical_w005
88752,15,minibatch_k64,text_pca256_lexical_w005
88753,0,minibatch_k64,text_pca256_lexical_w005
88754,58,minibatch_k64,text_pca256_lexical_w005
88755,58,minibatch_k64,text_pca256_lexical_w005
88756,0,minibatch_k64,text_pca256_lexical_w005
88757,45,minibatch_k64,text_pca256_lexical_w005
88758,37,minibatch_k64,text_pca256_lexical_w005
88759,23,minibatch_k64,text_pca256_lexical_w005
88760,8,minibatch_k64,text_pca256_lexical_w005
88761,5,minibatch_k64,text_pca256_lexical_w005
88762,5,minibatch_k64,text_pca256_lexical_w005
88763,33,minibatch_k64,text_pca256_lexical_w005
88764,23,minibatch_k64,text_pca256_lexical_w005
88765,39,minibatch_k64,text_pca256_lexical_w005
88766,57,minibatch_k64,text_pca256_lexical_w005
88767,42,minibatch_k64,text_pca256_lexical_w005
88768,21,minibatch_k64,text_pca256_lexical_w005
88769,11,minibatch_k64,text_pca256_lexical_w005
88770,33,minibatch_k64,text_pca256_lexical_w005
88771,10,minibatch_k64,text_pca256_lexical_w005
88772,40,minibatch_k64,text_pca256_lexical_w005
88773,0,minibatch_k64,text_pca256_lexical_w005
88774,10,minibatch_k64,text_pca256_lexical_w005
88775,0,minibatch_k64,text_pca256_lexical_w005
88776,16,minibatch_k64,text_pca256_lexical_w005
88777,8,minibatch_k64,text_pca256_lexical_w005
88778,0,minibatch_k64,text_pca256_lexical_w005
88779,8,minibatch_k64,text_pca256_lexical_w005
88780,0,minibatch_k64,text_pca256_lexical_w005
88781,0,minibatch_k64,text_pca256_lexical_w005
88782,8,minibatch_k64,text_pca256_lexical_w005
88783,8,minibatch_k64,text_pca256_lexical_w005
88784,8,minibatch_k64,text_pca256_lexical_w005
88785,20,minibatch_k64,text_pca256_lexical_w005
88786,62,minibatch_k64,text_pca256_lexical_w005
88787,15,minibatch_k64,text_pca256_lexical_w005
88788,20,minibatch_k64,text_pca256_lexical_w005
88789,20,minibatch_k64,text_pca256_lexical_w005
88790,62,minibatch_k64,text_pca256_lexical_w005
88791,62,minibatch_k64,text_pca256_lexical_w005
88792,10,minibatch_k64,text_pca256_lexical_w005
88793,10,minibatch_k64,text_pca256_lexical_w005
88794,61,minibatch_k64,text_pca256_lexical_w005
88795,0,minibatch_k64,text_pca256_lexical_w005
88796,15,minibatch_k64,text_pca256_lexical_w005
88797,0,minibatch_k64,text_pca256_lexical_w005
88798,15,minibatch_k64,text_pca256_lexical_w005
88799,33,minibatch_k64,text_pca256_lexical_w005
88800,8,minibatch_k64,text_pca256_lexical_w005
88801,53,minibatch_k64,text_pca256_lexical_w005
88802,8,minibatch_k64,text_pca256_lexical_w005
88803,33,minibatch_k64,text_pca256_lexical_w005
88804,14,minibatch_k64,text_pca256_lexical_w005
88805,33,minibatch_k64,text_pca256_lexical_w005
88806,0,minibatch_k64,text_pca256_lexical_w005
88807,23,minibatch_k64,text_pca256_lexical_w005
88808,61,minibatch_k64,text_pca256_lexical_w005
88809,8,minibatch_k64,text_pca256_lexical_w005
88810,62,minibatch_k64,text_pca256_lexical_w005
88811,23,minibatch_k64,text_pca256_lexical_w005
88812,23,minibatch_k64,text_pca256_lexical_w005
88813,15,minibatch_k64,text_pca256_lexical_w005
88814,20,minibatch_k64,text_pca256_lexical_w005
88815,20,minibatch_k64,text_pca256_lexical_w005
88816,15,minibatch_k64,text_pca256_lexical_w005
88817,62,minibatch_k64,text_pca256_lexical_w005
88818,10,minibatch_k64,text_pca256_lexical_w005
88819,10,minibatch_k64,text_pca256_lexical_w005
88820,23,minibatch_k64,text_pca256_lexical_w005
88821,0,minibatch_k64,text_pca256_lexical_w005
88822,23,minibatch_k64,text_pca256_lexical_w005
88823,62,minibatch_k64,text_pca256_lexical_w005
88824,8,minibatch_k64,text_pca256_lexical_w005
88825,23,minibatch_k64,text_pca256_lexical_w005
88826,62,minibatch_k64,text_pca256_lexical_w005
88827,15,minibatch_k64,text_pca256_lexical_w005
88828,0,minibatch_k64,text_pca256_lexical_w005
88829,39,minibatch_k64,text_pca256_lexical_w005
88830,45,minibatch_k64,text_pca256_lexical_w005
88831,58,minibatch_k64,text_pca256_lexical_w005
88832,58,minibatch_k64,text_pca256_lexical_w005
88833,55,minibatch_k64,text_pca256_lexical_w005
88834,37,minibatch_k64,text_pca256_lexical_w005
88835,62,minibatch_k64,text_pca256_lexical_w005
88836,62,minibatch_k64,text_pca256_lexical_w005
88837,21,minibatch_k64,text_pca256_lexical_w005
88838,0,minibatch_k64,text_pca256_lexical_w005
88839,23,minibatch_k64,text_pca256_lexical_w005
88840,62,minibatch_k64,text_pca256_lexical_w005
88841,20,minibatch_k64,text_pca256_lexical_w005
88842,62,minibatch_k64,text_pca256_lexical_w005
88843,8,minibatch_k64,text_pca256_lexical_w005
88844,62,minibatch_k64,text_pca256_lexical_w005
88845,8,minibatch_k64,text_pca256_lexical_w005
88846,15,minibatch_k64,text_pca256_lexical_w005
88847,8,minibatch_k64,text_pca256_lexical_w005
88848,8,minibatch_k64,text_pca256_lexical_w005
88849,56,minibatch_k64,text_pca256_lexical_w005
88850,8,minibatch_k64,text_pca256_lexical_w005
88851,53,minibatch_k64,text_pca256_lexical_w005
88852,8,minibatch_k64,text_pca256_lexical_w005
88853,8,minibatch_k64,text_pca256_lexical_w005
88854,8,minibatch_k64,text_pca256_lexical_w005
88855,20,minibatch_k64,text_pca256_lexical_w005
88856,20,minibatch_k64,text_pca256_lexical_w005
88857,20,minibatch_k64,text_pca256_lexical_w005
88858,62,minibatch_k64,text_pca256_lexical_w005
88859,21,minibatch_k64,text_pca256_lexical_w005
88860,23,minibatch_k64,text_pca256_lexical_w005
88861,23,minibatch_k64,text_pca256_lexical_w005
88862,15,minibatch_k64,text_pca256_lexical_w005
88863,0,minibatch_k64,text_pca256_lexical_w005
88864,58,minibatch_k64,text_pca256_lexical_w005
88865,38,minibatch_k64,text_pca256_lexical_w005
88866,37,minibatch_k64,text_pca256_lexical_w005
88867,20,minibatch_k64,text_pca256_lexical_w005
88868,61,minibatch_k64,text_pca256_lexical_w005
88869,0,minibatch_k64,text_pca256_lexical_w005
88870,15,minibatch_k64,text_pca256_lexical_w005
88871,23,minibatch_k64,text_pca256_lexical_w005
88872,62,minibatch_k64,text_pca256_lexical_w005
88873,20,minibatch_k64,text_pca256_lexical_w005
88874,20,minibatch_k64,text_pca256_lexical_w005
88875,14,minibatch_k64,text_pca256_lexical_w005
88876,20,minibatch_k64,text_pca256_lexical_w005
88877,62,minibatch_k64,text_pca256_lexical_w005
88878,20,minibatch_k64,text_pca256_lexical_w005
88879,39,minibatch_k64,text_pca256_lexical_w005
88880,20,minibatch_k64,text_pca256_lexical_w005
88881,45,minibatch_k64,text_pca256_lexical_w005
88882,45,minibatch_k64,text_pca256_lexical_w005
88883,37,minibatch_k64,text_pca256_lexical_w005
88884,0,minibatch_k64,text_pca256_lexical_w005
88885,23,minibatch_k64,text_pca256_lexical_w005
88886,23,minibatch_k64,text_pca256_lexical_w005
88887,0,minibatch_k64,text_pca256_lexical_w005
88888,21,minibatch_k64,text_pca256_lexical_w005
88889,23,minibatch_k64,text_pca256_lexical_w005
88890,2,minibatch_k64,text_pca256_lexical_w005
88891,62,minibatch_k64,text_pca256_lexical_w005
88892,23,minibatch_k64,text_pca256_lexical_w005
88893,23,minibatch_k64,text_pca256_lexical_w005
88894,14,minibatch_k64,text_pca256_lexical_w005
88895,23,minibatch_k64,text_pca256_lexical_w005
88896,45,minibatch_k64,text_pca256_lexical_w005
88897,21,minibatch_k64,text_pca256_lexical_w005
88898,55,minibatch_k64,text_pca256_lexical_w005
88899,37,minibatch_k64,text_pca256_lexical_w005
88900,62,minibatch_k64,text_pca256_lexical_w005
88901,10,minibatch_k64,text_pca256_lexical_w005
88902,62,minibatch_k64,text_pca256_lexical_w005
88903,23,minibatch_k64,text_pca256_lexical_w005
88904,61,minibatch_k64,text_pca256_lexical_w005
88905,0,minibatch_k64,text_pca256_lexical_w005
88906,61,minibatch_k64,text_pca256_lexical_w005
88907,39,minibatch_k64,text_pca256_lexical_w005
88908,15,minibatch_k64,text_pca256_lexical_w005
88909,59,minibatch_k64,text_pca256_lexical_w005
88910,39,minibatch_k64,text_pca256_lexical_w005
88911,61,minibatch_k64,text_pca256_lexical_w005
88912,8,minibatch_k64,text_pca256_lexical_w005
88913,39,minibatch_k64,text_pca256_lexical_w005
88914,10,minibatch_k64,text_pca256_lexical_w005
88915,8,minibatch_k64,text_pca256_lexical_w005
88916,62,minibatch_k64,text_pca256_lexical_w005
88917,62,minibatch_k64,text_pca256_lexical_w005
88918,10,minibatch_k64,text_pca256_lexical_w005
88919,23,minibatch_k64,text_pca256_lexical_w005
88920,39,minibatch_k64,text_pca256_lexical_w005
88921,33,minibatch_k64,text_pca256_lexical_w005
88922,23,minibatch_k64,text_pca256_lexical_w005
88923,14,minibatch_k64,text_pca256_lexical_w005
88924,33,minibatch_k64,text_pca256_lexical_w005
88925,33,minibatch_k64,text_pca256_lexical_w005
88926,0,minibatch_k64,text_pca256_lexical_w005
88927,23,minibatch_k64,text_pca256_lexical_w005
88928,33,minibatch_k64,text_pca256_lexical_w005
88929,23,minibatch_k64,text_pca256_lexical_w005
88930,0,minibatch_k64,text_pca256_lexical_w005
88931,0,minibatch_k64,text_pca256_lexical_w005
88932,0,minibatch_k64,text_pca256_lexical_w005
88933,61,minibatch_k64,text_pca256_lexical_w005
88934,0,minibatch_k64,text_pca256_lexical_w005
88935,23,minibatch_k64,text_pca256_lexical_w005
88936,20,minibatch_k64,text_pca256_lexical_w005
88937,14,minibatch_k64,text_pca256_lexical_w005
88938,15,minibatch_k64,text_pca256_lexical_w005
88939,20,minibatch_k64,text_pca256_lexical_w005
88940,62,minibatch_k64,text_pca256_lexical_w005
88941,8,minibatch_k64,text_pca256_lexical_w005
88942,2,minibatch_k64,text_pca256_lexical_w005
88943,0,minibatch_k64,text_pca256_lexical_w005
88944,62,minibatch_k64,text_pca256_lexical_w005
88945,10,minibatch_k64,text_pca256_lexical_w005
88946,20,minibatch_k64,text_pca256_lexical_w005
88947,8,minibatch_k64,text_pca256_lexical_w005
88948,10,minibatch_k64,text_pca256_lexical_w005
88949,62,minibatch_k64,text_pca256_lexical_w005
88950,45,minibatch_k64,text_pca256_lexical_w005
88951,62,minibatch_k64,text_pca256_lexical_w005
88952,33,minibatch_k64,text_pca256_lexical_w005
88953,8,minibatch_k64,text_pca256_lexical_w005
88954,0,minibatch_k64,text_pca256_lexical_w005
88955,2,minibatch_k64,text_pca256_lexical_w005
88956,0,minibatch_k64,text_pca256_lexical_w005
88957,15,minibatch_k64,text_pca256_lexical_w005
88958,0,minibatch_k64,text_pca256_lexical_w005
88959,37,minibatch_k64,text_pca256_lexical_w005
88960,20,minibatch_k64,text_pca256_lexical_w005
88961,15,minibatch_k64,text_pca256_lexical_w005
88962,20,minibatch_k64,text_pca256_lexical_w005
88963,0,minibatch_k64,text_pca256_lexical_w005
88964,62,minibatch_k64,text_pca256_lexical_w005
88965,20,minibatch_k64,text_pca256_lexical_w005
88966,20,minibatch_k64,text_pca256_lexical_w005
88967,0,minibatch_k64,text_pca256_lexical_w005
88968,59,minibatch_k64,text_pca256_lexical_w005
88969,47,minibatch_k64,text_pca256_lexical_w005
88970,20,minibatch_k64,text_pca256_lexical_w005
88971,0,minibatch_k64,text_pca256_lexical_w005
88972,45,minibatch_k64,text_pca256_lexical_w005
88973,59,minibatch_k64,text_pca256_lexical_w005
88974,59,minibatch_k64,text_pca256_lexical_w005
88975,62,minibatch_k64,text_pca256_lexical_w005
88976,0,minibatch_k64,text_pca256_lexical_w005
88977,20,minibatch_k64,text_pca256_lexical_w005
88978,20,minibatch_k64,text_pca256_lexical_w005
88979,33,minibatch_k64,text_pca256_lexical_w005
88980,20,minibatch_k64,text_pca256_lexical_w005
88981,23,minibatch_k64,text_pca256_lexical_w005
88982,59,minibatch_k64,text_pca256_lexical_w005
88983,20,minibatch_k64,text_pca256_lexical_w005
88984,15,minibatch_k64,text_pca256_lexical_w005
88985,15,minibatch_k64,text_pca256_lexical_w005
88986,23,minibatch_k64,text_pca256_lexical_w005
88987,0,minibatch_k64,text_pca256_lexical_w005
88988,59,minibatch_k64,text_pca256_lexical_w005
88989,0,minibatch_k64,text_pca256_lexical_w005
88990,20,minibatch_k64,text_pca256_lexical_w005
88991,0,minibatch_k64,text_pca256_lexical_w005
88992,59,minibatch_k64,text_pca256_lexical_w005
88993,10,minibatch_k64,text_pca256_lexical_w005
88994,50,minibatch_k64,text_pca256_lexical_w005
88995,0,minibatch_k64,text_pca256_lexical_w005
88996,23,minibatch_k64,text_pca256_lexical_w005
88997,10,minibatch_k64,text_pca256_lexical_w005
88998,62,minibatch_k64,text_pca256_lexical_w005
88999,23,minibatch_k64,text_pca256_lexical_w005
89000,2,minibatch_k64,text_pca256_lexical_w005
89001,62,minibatch_k64,text_pca256_lexical_w005
89002,15,minibatch_k64,text_pca256_lexical_w005
89003,62,minibatch_k64,text_pca256_lexical_w005
89004,20,minibatch_k64,text_pca256_lexical_w005
89005,23,minibatch_k64,text_pca256_lexical_w005
89006,62,minibatch_k64,text_pca256_lexical_w005
89007,62,minibatch_k64,text_pca256_lexical_w005
89008,23,minibatch_k64,text_pca256_lexical_w005
89009,45,minibatch_k64,text_pca256_lexical_w005
89010,55,minibatch_k64,text_pca256_lexical_w005
89011,37,minibatch_k64,text_pca256_lexical_w005
89012,15,minibatch_k64,text_pca256_lexical_w005
89013,15,minibatch_k64,text_pca256_lexical_w005
89014,59,minibatch_k64,text_pca256_lexical_w005
89015,27,minibatch_k64,text_pca256_lexical_w005
89016,27,minibatch_k64,text_pca256_lexical_w005
89017,18,minibatch_k64,text_pca256_lexical_w005
89018,27,minibatch_k64,text_pca256_lexical_w005
89019,59,minibatch_k64,text_pca256_lexical_w005
89020,33,minibatch_k64,text_pca256_lexical_w005
89021,27,minibatch_k64,text_pca256_lexical_w005
89022,59,minibatch_k64,text_pca256_lexical_w005
89023,62,minibatch_k64,text_pca256_lexical_w005
89024,59,minibatch_k64,text_pca256_lexical_w005
89025,15,minibatch_k64,text_pca256_lexical_w005
89026,20,minibatch_k64,text_pca256_lexical_w005
89027,2,minibatch_k64,text_pca256_lexical_w005
89028,0,minibatch_k64,text_pca256_lexical_w005
89029,2,minibatch_k64,text_pca256_lexical_w005
89030,62,minibatch_k64,text_pca256_lexical_w005
89031,23,minibatch_k64,text_pca256_lexical_w005
89032,62,minibatch_k64,text_pca256_lexical_w005
89033,23,minibatch_k64,text_pca256_lexical_w005
89034,27,minibatch_k64,text_pca256_lexical_w005
89035,23,minibatch_k64,text_pca256_lexical_w005
89036,59,minibatch_k64,text_pca256_lexical_w005
89037,27,minibatch_k64,text_pca256_lexical_w005
89038,20,minibatch_k64,text_pca256_lexical_w005
89039,62,minibatch_k64,text_pca256_lexical_w005
89040,27,minibatch_k64,text_pca256_lexical_w005
89041,15,minibatch_k64,text_pca256_lexical_w005
89042,45,minibatch_k64,text_pca256_lexical_w005
89043,16,minibatch_k64,text_pca256_lexical_w005
89044,12,minibatch_k64,text_pca256_lexical_w005
89045,45,minibatch_k64,text_pca256_lexical_w005
89046,55,minibatch_k64,text_pca256_lexical_w005
89047,37,minibatch_k64,text_pca256_lexical_w005
89048,0,minibatch_k64,text_pca256_lexical_w005
89049,61,minibatch_k64,text_pca256_lexical_w005
89050,61,minibatch_k64,text_pca256_lexical_w005
89051,10,minibatch_k64,text_pca256_lexical_w005
89052,8,minibatch_k64,text_pca256_lexical_w005
89053,53,minibatch_k64,text_pca256_lexical_w005
89054,8,minibatch_k64,text_pca256_lexical_w005
89055,0,minibatch_k64,text_pca256_lexical_w005
89056,39,minibatch_k64,text_pca256_lexical_w005
89057,61,minibatch_k64,text_pca256_lexical_w005
89058,15,minibatch_k64,text_pca256_lexical_w005
89059,0,minibatch_k64,text_pca256_lexical_w005
89060,59,minibatch_k64,text_pca256_lexical_w005
89061,15,minibatch_k64,text_pca256_lexical_w005
89062,8,minibatch_k64,text_pca256_lexical_w005
89063,8,minibatch_k64,text_pca256_lexical_w005
89064,33,minibatch_k64,text_pca256_lexical_w005
89065,33,minibatch_k64,text_pca256_lexical_w005
89066,23,minibatch_k64,text_pca256_lexical_w005
89067,62,minibatch_k64,text_pca256_lexical_w005
89068,62,minibatch_k64,text_pca256_lexical_w005
89069,0,minibatch_k64,text_pca256_lexical_w005
89070,0,minibatch_k64,text_pca256_lexical_w005
89071,42,minibatch_k64,text_pca256_lexical_w005
89072,23,minibatch_k64,text_pca256_lexical_w005
89073,42,minibatch_k64,text_pca256_lexical_w005
89074,62,minibatch_k64,text_pca256_lexical_w005
89075,23,minibatch_k64,text_pca256_lexical_w005
89076,59,minibatch_k64,text_pca256_lexical_w005
89077,23,minibatch_k64,text_pca256_lexical_w005
89078,8,minibatch_k64,text_pca256_lexical_w005
89079,62,minibatch_k64,text_pca256_lexical_w005
89080,62,minibatch_k64,text_pca256_lexical_w005
89081,18,minibatch_k64,text_pca256_lexical_w005
89082,8,minibatch_k64,text_pca256_lexical_w005
89083,59,minibatch_k64,text_pca256_lexical_w005
89084,8,minibatch_k64,text_pca256_lexical_w005
89085,23,minibatch_k64,text_pca256_lexical_w005
89086,8,minibatch_k64,text_pca256_lexical_w005
89087,27,minibatch_k64,text_pca256_lexical_w005
89088,18,minibatch_k64,text_pca256_lexical_w005
89089,0,minibatch_k64,text_pca256_lexical_w005
89090,0,minibatch_k64,text_pca256_lexical_w005
89091,50,minibatch_k64,text_pca256_lexical_w005
89092,0,minibatch_k64,text_pca256_lexical_w005
89093,15,minibatch_k64,text_pca256_lexical_w005
89094,56,minibatch_k64,text_pca256_lexical_w005
89095,8,minibatch_k64,text_pca256_lexical_w005
89096,42,minibatch_k64,text_pca256_lexical_w005
89097,23,minibatch_k64,text_pca256_lexical_w005
89098,2,minibatch_k64,text_pca256_lexical_w005
89099,23,minibatch_k64,text_pca256_lexical_w005
89100,23,minibatch_k64,text_pca256_lexical_w005
89101,42,minibatch_k64,text_pca256_lexical_w005
89102,8,minibatch_k64,text_pca256_lexical_w005
89103,42,minibatch_k64,text_pca256_lexical_w005
89104,62,minibatch_k64,text_pca256_lexical_w005
89105,23,minibatch_k64,text_pca256_lexical_w005
89106,0,minibatch_k64,text_pca256_lexical_w005
89107,15,minibatch_k64,text_pca256_lexical_w005
89108,4,minibatch_k64,text_pca256_lexical_w005
89109,4,minibatch_k64,text_pca256_lexical_w005
89110,0,minibatch_k64,text_pca256_lexical_w005
89111,0,minibatch_k64,text_pca256_lexical_w005
89112,0,minibatch_k64,text_pca256_lexical_w005
89113,8,minibatch_k64,text_pca256_lexical_w005
89114,23,minibatch_k64,text_pca256_lexical_w005
89115,0,minibatch_k64,text_pca256_lexical_w005
89116,8,minibatch_k64,text_pca256_lexical_w005
89117,23,minibatch_k64,text_pca256_lexical_w005
89118,53,minibatch_k64,text_pca256_lexical_w005
89119,53,minibatch_k64,text_pca256_lexical_w005
89120,53,minibatch_k64,text_pca256_lexical_w005
89121,62,minibatch_k64,text_pca256_lexical_w005
89122,53,minibatch_k64,text_pca256_lexical_w005
89123,15,minibatch_k64,text_pca256_lexical_w005
89124,53,minibatch_k64,text_pca256_lexical_w005
89125,23,minibatch_k64,text_pca256_lexical_w005
89126,10,minibatch_k64,text_pca256_lexical_w005
89127,23,minibatch_k64,text_pca256_lexical_w005
89128,33,minibatch_k64,text_pca256_lexical_w005
89129,53,minibatch_k64,text_pca256_lexical_w005
89130,53,minibatch_k64,text_pca256_lexical_w005
89131,62,minibatch_k64,text_pca256_lexical_w005
89132,10,minibatch_k64,text_pca256_lexical_w005
89133,8,minibatch_k64,text_pca256_lexical_w005
89134,10,minibatch_k64,text_pca256_lexical_w005
89135,23,minibatch_k64,text_pca256_lexical_w005
89136,23,minibatch_k64,text_pca256_lexical_w005
89137,47,minibatch_k64,text_pca256_lexical_w005
89138,53,minibatch_k64,text_pca256_lexical_w005
89139,23,minibatch_k64,text_pca256_lexical_w005
89140,10,minibatch_k64,text_pca256_lexical_w005
89141,33,minibatch_k64,text_pca256_lexical_w005
89142,8,minibatch_k64,text_pca256_lexical_w005
89143,53,minibatch_k64,text_pca256_lexical_w005
89144,53,minibatch_k64,text_pca256_lexical_w005
89145,53,minibatch_k64,text_pca256_lexical_w005
89146,10,minibatch_k64,text_pca256_lexical_w005
89147,62,minibatch_k64,text_pca256_lexical_w005
89148,4,minibatch_k64,text_pca256_lexical_w005
89149,53,minibatch_k64,text_pca256_lexical_w005
89150,8,minibatch_k64,text_pca256_lexical_w005
89151,4,minibatch_k64,text_pca256_lexical_w005
89152,45,minibatch_k64,text_pca256_lexical_w005
89153,53,minibatch_k64,text_pca256_lexical_w005
89154,4,minibatch_k64,text_pca256_lexical_w005
89155,53,minibatch_k64,text_pca256_lexical_w005
89156,53,minibatch_k64,text_pca256_lexical_w005
89157,5,minibatch_k64,text_pca256_lexical_w005
89158,5,minibatch_k64,text_pca256_lexical_w005
89159,33,minibatch_k64,text_pca256_lexical_w005
89160,0,minibatch_k64,text_pca256_lexical_w005
89161,8,minibatch_k64,text_pca256_lexical_w005
89162,53,minibatch_k64,text_pca256_lexical_w005
89163,62,minibatch_k64,text_pca256_lexical_w005
89164,8,minibatch_k64,text_pca256_lexical_w005
89165,42,minibatch_k64,text_pca256_lexical_w005
89166,39,minibatch_k64,text_pca256_lexical_w005
89167,33,minibatch_k64,text_pca256_lexical_w005
89168,33,minibatch_k64,text_pca256_lexical_w005
89169,0,minibatch_k64,text_pca256_lexical_w005
89170,62,minibatch_k64,text_pca256_lexical_w005
89171,0,minibatch_k64,text_pca256_lexical_w005
89172,8,minibatch_k64,text_pca256_lexical_w005
89173,53,minibatch_k64,text_pca256_lexical_w005
89174,53,minibatch_k64,text_pca256_lexical_w005
89175,38,minibatch_k64,text_pca256_lexical_w005
89176,10,minibatch_k64,text_pca256_lexical_w005
89177,53,minibatch_k64,text_pca256_lexical_w005
89178,58,minibatch_k64,text_pca256_lexical_w005
89179,53,minibatch_k64,text_pca256_lexical_w005
89180,13,minibatch_k64,text_pca256_lexical_w005
89181,53,minibatch_k64,text_pca256_lexical_w005
89182,15,minibatch_k64,text_pca256_lexical_w005
89183,15,minibatch_k64,text_pca256_lexical_w005
89184,53,minibatch_k64,text_pca256_lexical_w005
89185,0,minibatch_k64,text_pca256_lexical_w005
89186,33,minibatch_k64,text_pca256_lexical_w005
89187,0,minibatch_k64,text_pca256_lexical_w005
89188,26,minibatch_k64,text_pca256_lexical_w005
89189,5,minibatch_k64,text_pca256_lexical_w005
89190,53,minibatch_k64,text_pca256_lexical_w005
89191,21,minibatch_k64,text_pca256_lexical_w005
89192,0,minibatch_k64,text_pca256_lexical_w005
89193,62,minibatch_k64,text_pca256_lexical_w005
89194,5,minibatch_k64,text_pca256_lexical_w005
89195,45,minibatch_k64,text_pca256_lexical_w005
89196,8,minibatch_k64,text_pca256_lexical_w005
89197,62,minibatch_k64,text_pca256_lexical_w005
89198,62,minibatch_k64,text_pca256_lexical_w005
89199,15,minibatch_k64,text_pca256_lexical_w005
89200,53,minibatch_k64,text_pca256_lexical_w005
89201,0,minibatch_k64,text_pca256_lexical_w005
89202,45,minibatch_k64,text_pca256_lexical_w005
89203,15,minibatch_k64,text_pca256_lexical_w005
89204,15,minibatch_k64,text_pca256_lexical_w005
89205,62,minibatch_k64,text_pca256_lexical_w005
89206,8,minibatch_k64,text_pca256_lexical_w005
89207,0,minibatch_k64,text_pca256_lexical_w005
89208,53,minibatch_k64,text_pca256_lexical_w005
89209,0,minibatch_k64,text_pca256_lexical_w005
89210,53,minibatch_k64,text_pca256_lexical_w005
89211,15,minibatch_k64,text_pca256_lexical_w005
89212,15,minibatch_k64,text_pca256_lexical_w005
89213,4,minibatch_k64,text_pca256_lexical_w005
89214,53,minibatch_k64,text_pca256_lexical_w005
89215,0,minibatch_k64,text_pca256_lexical_w005
89216,38,minibatch_k64,text_pca256_lexical_w005
89217,10,minibatch_k64,text_pca256_lexical_w005
89218,45,minibatch_k64,text_pca256_lexical_w005
89219,8,minibatch_k64,text_pca256_lexical_w005
89220,15,minibatch_k64,text_pca256_lexical_w005
89221,58,minibatch_k64,text_pca256_lexical_w005
89222,53,minibatch_k64,text_pca256_lexical_w005
89223,53,minibatch_k64,text_pca256_lexical_w005
89224,53,minibatch_k64,text_pca256_lexical_w005
89225,63,minibatch_k64,text_pca256_lexical_w005
89226,53,minibatch_k64,text_pca256_lexical_w005
89227,53,minibatch_k64,text_pca256_lexical_w005
89228,33,minibatch_k64,text_pca256_lexical_w005
89229,50,minibatch_k64,text_pca256_lexical_w005
89230,10,minibatch_k64,text_pca256_lexical_w005
89231,53,minibatch_k64,text_pca256_lexical_w005
89232,53,minibatch_k64,text_pca256_lexical_w005
89233,53,minibatch_k64,text_pca256_lexical_w005
89234,15,minibatch_k64,text_pca256_lexical_w005
89235,53,minibatch_k64,text_pca256_lexical_w005
89236,15,minibatch_k64,text_pca256_lexical_w005
89237,15,minibatch_k64,text_pca256_lexical_w005
89238,15,minibatch_k64,text_pca256_lexical_w005
89239,21,minibatch_k64,text_pca256_lexical_w005
89240,5,minibatch_k64,text_pca256_lexical_w005
89241,53,minibatch_k64,text_pca256_lexical_w005
89242,33,minibatch_k64,text_pca256_lexical_w005
89243,8,minibatch_k64,text_pca256_lexical_w005
89244,8,minibatch_k64,text_pca256_lexical_w005
89245,8,minibatch_k64,text_pca256_lexical_w005
89246,4,minibatch_k64,text_pca256_lexical_w005
89247,8,minibatch_k64,text_pca256_lexical_w005
89248,53,minibatch_k64,text_pca256_lexical_w005
89249,53,minibatch_k64,text_pca256_lexical_w005
89250,42,minibatch_k64,text_pca256_lexical_w005
89251,33,minibatch_k64,text_pca256_lexical_w005
89252,8,minibatch_k64,text_pca256_lexical_w005
89253,2,minibatch_k64,text_pca256_lexical_w005
89254,33,minibatch_k64,text_pca256_lexical_w005
89255,15,minibatch_k64,text_pca256_lexical_w005
89256,53,minibatch_k64,text_pca256_lexical_w005
89257,53,minibatch_k64,text_pca256_lexical_w005
89258,0,minibatch_k64,text_pca256_lexical_w005
89259,8,minibatch_k64,text_pca256_lexical_w005
89260,53,minibatch_k64,text_pca256_lexical_w005
89261,53,minibatch_k64,text_pca256_lexical_w005
89262,39,minibatch_k64,text_pca256_lexical_w005
89263,8,minibatch_k64,text_pca256_lexical_w005
89264,53,minibatch_k64,text_pca256_lexical_w005
89265,62,minibatch_k64,text_pca256_lexical_w005
89266,33,minibatch_k64,text_pca256_lexical_w005
89267,8,minibatch_k64,text_pca256_lexical_w005
89268,53,minibatch_k64,text_pca256_lexical_w005
89269,53,minibatch_k64,text_pca256_lexical_w005
89270,33,minibatch_k64,text_pca256_lexical_w005
89271,15,minibatch_k64,text_pca256_lexical_w005
89272,62,minibatch_k64,text_pca256_lexical_w005
89273,50,minibatch_k64,text_pca256_lexical_w005
89274,21,minibatch_k64,text_pca256_lexical_w005
89275,8,minibatch_k64,text_pca256_lexical_w005
89276,15,minibatch_k64,text_pca256_lexical_w005
89277,33,minibatch_k64,text_pca256_lexical_w005
89278,53,minibatch_k64,text_pca256_lexical_w005
89279,53,minibatch_k64,text_pca256_lexical_w005
89280,0,minibatch_k64,text_pca256_lexical_w005
89281,29,minibatch_k64,text_pca256_lexical_w005
89282,48,minibatch_k64,text_pca256_lexical_w005
89283,33,minibatch_k64,text_pca256_lexical_w005
89284,53,minibatch_k64,text_pca256_lexical_w005
89285,15,minibatch_k64,text_pca256_lexical_w005
89286,33,minibatch_k64,text_pca256_lexical_w005
89287,53,minibatch_k64,text_pca256_lexical_w005
89288,59,minibatch_k64,text_pca256_lexical_w005
89289,58,minibatch_k64,text_pca256_lexical_w005
89290,0,minibatch_k64,text_pca256_lexical_w005
89291,38,minibatch_k64,text_pca256_lexical_w005
89292,53,minibatch_k64,text_pca256_lexical_w005
89293,15,minibatch_k64,text_pca256_lexical_w005
89294,10,minibatch_k64,text_pca256_lexical_w005
89295,45,minibatch_k64,text_pca256_lexical_w005
89296,15,minibatch_k64,text_pca256_lexical_w005
89297,53,minibatch_k64,text_pca256_lexical_w005
89298,53,minibatch_k64,text_pca256_lexical_w005
89299,62,minibatch_k64,text_pca256_lexical_w005
89300,53,minibatch_k64,text_pca256_lexical_w005
89301,53,minibatch_k64,text_pca256_lexical_w005
89302,15,minibatch_k64,text_pca256_lexical_w005
89303,22,minibatch_k64,text_pca256_lexical_w005
89304,53,minibatch_k64,text_pca256_lexical_w005
89305,53,minibatch_k64,text_pca256_lexical_w005
89306,45,minibatch_k64,text_pca256_lexical_w005
89307,8,minibatch_k64,text_pca256_lexical_w005
89308,45,minibatch_k64,text_pca256_lexical_w005
89309,4,minibatch_k64,text_pca256_lexical_w005
89310,62,minibatch_k64,text_pca256_lexical_w005
89311,15,minibatch_k64,text_pca256_lexical_w005
89312,15,minibatch_k64,text_pca256_lexical_w005
89313,45,minibatch_k64,text_pca256_lexical_w005
89314,45,minibatch_k64,text_pca256_lexical_w005
89315,45,minibatch_k64,text_pca256_lexical_w005
89316,10,minibatch_k64,text_pca256_lexical_w005
89317,53,minibatch_k64,text_pca256_lexical_w005
89318,0,minibatch_k64,text_pca256_lexical_w005
89319,53,minibatch_k64,text_pca256_lexical_w005
89320,45,minibatch_k64,text_pca256_lexical_w005
89321,53,minibatch_k64,text_pca256_lexical_w005
89322,4,minibatch_k64,text_pca256_lexical_w005
89323,53,minibatch_k64,text_pca256_lexical_w005
89324,53,minibatch_k64,text_pca256_lexical_w005
89325,8,minibatch_k64,text_pca256_lexical_w005
89326,2,minibatch_k64,text_pca256_lexical_w005
89327,4,minibatch_k64,text_pca256_lexical_w005
89328,53,minibatch_k64,text_pca256_lexical_w005
89329,4,minibatch_k64,text_pca256_lexical_w005
89330,23,minibatch_k64,text_pca256_lexical_w005
89331,23,minibatch_k64,text_pca256_lexical_w005
89332,53,minibatch_k64,text_pca256_lexical_w005
89333,53,minibatch_k64,text_pca256_lexical_w005
89334,53,minibatch_k64,text_pca256_lexical_w005
89335,23,minibatch_k64,text_pca256_lexical_w005
89336,15,minibatch_k64,text_pca256_lexical_w005
89337,53,minibatch_k64,text_pca256_lexical_w005
89338,15,minibatch_k64,text_pca256_lexical_w005
89339,53,minibatch_k64,text_pca256_lexical_w005
89340,15,minibatch_k64,text_pca256_lexical_w005
89341,53,minibatch_k64,text_pca256_lexical_w005
89342,59,minibatch_k64,text_pca256_lexical_w005
89343,53,minibatch_k64,text_pca256_lexical_w005
89344,0,minibatch_k64,text_pca256_lexical_w005
89345,53,minibatch_k64,text_pca256_lexical_w005
89346,8,minibatch_k64,text_pca256_lexical_w005
89347,53,minibatch_k64,text_pca256_lexical_w005
89348,53,minibatch_k64,text_pca256_lexical_w005
89349,0,minibatch_k64,text_pca256_lexical_w005
89350,21,minibatch_k64,text_pca256_lexical_w005
89351,0,minibatch_k64,text_pca256_lexical_w005
89352,62,minibatch_k64,text_pca256_lexical_w005
89353,53,minibatch_k64,text_pca256_lexical_w005
89354,45,minibatch_k64,text_pca256_lexical_w005
89355,53,minibatch_k64,text_pca256_lexical_w005
89356,15,minibatch_k64,text_pca256_lexical_w005
89357,8,minibatch_k64,text_pca256_lexical_w005
89358,15,minibatch_k64,text_pca256_lexical_w005
89359,15,minibatch_k64,text_pca256_lexical_w005
89360,0,minibatch_k64,text_pca256_lexical_w005
89361,42,minibatch_k64,text_pca256_lexical_w005
89362,53,minibatch_k64,text_pca256_lexical_w005
89363,45,minibatch_k64,text_pca256_lexical_w005
89364,10,minibatch_k64,text_pca256_lexical_w005
89365,15,minibatch_k64,text_pca256_lexical_w005
89366,53,minibatch_k64,text_pca256_lexical_w005
89367,0,minibatch_k64,text_pca256_lexical_w005
89368,33,minibatch_k64,text_pca256_lexical_w005
89369,45,minibatch_k64,text_pca256_lexical_w005
89370,62,minibatch_k64,text_pca256_lexical_w005
89371,0,minibatch_k64,text_pca256_lexical_w005
89372,10,minibatch_k64,text_pca256_lexical_w005
89373,10,minibatch_k64,text_pca256_lexical_w005
89374,0,minibatch_k64,text_pca256_lexical_w005
89375,15,minibatch_k64,text_pca256_lexical_w005
89376,39,minibatch_k64,text_pca256_lexical_w005
89377,0,minibatch_k64,text_pca256_lexical_w005
89378,62,minibatch_k64,text_pca256_lexical_w005
89379,62,minibatch_k64,text_pca256_lexical_w005
89380,29,minibatch_k64,text_pca256_lexical_w005
89381,45,minibatch_k64,text_pca256_lexical_w005
89382,4,minibatch_k64,text_pca256_lexical_w005
89383,8,minibatch_k64,text_pca256_lexical_w005
89384,29,minibatch_k64,text_pca256_lexical_w005
89385,29,minibatch_k64,text_pca256_lexical_w005
89386,8,minibatch_k64,text_pca256_lexical_w005
89387,45,minibatch_k64,text_pca256_lexical_w005
89388,10,minibatch_k64,text_pca256_lexical_w005
89389,29,minibatch_k64,text_pca256_lexical_w005
89390,29,minibatch_k64,text_pca256_lexical_w005
89391,23,minibatch_k64,text_pca256_lexical_w005
89392,8,minibatch_k64,text_pca256_lexical_w005
89393,0,minibatch_k64,text_pca256_lexical_w005
89394,53,minibatch_k64,text_pca256_lexical_w005
89395,15,minibatch_k64,text_pca256_lexical_w005
89396,45,minibatch_k64,text_pca256_lexical_w005
89397,15,minibatch_k64,text_pca256_lexical_w005
89398,29,minibatch_k64,text_pca256_lexical_w005
89399,45,minibatch_k64,text_pca256_lexical_w005
89400,62,minibatch_k64,text_pca256_lexical_w005
89401,0,minibatch_k64,text_pca256_lexical_w005
89402,45,minibatch_k64,text_pca256_lexical_w005
89403,8,minibatch_k64,text_pca256_lexical_w005
89404,15,minibatch_k64,text_pca256_lexical_w005
89405,15,minibatch_k64,text_pca256_lexical_w005
89406,0,minibatch_k64,text_pca256_lexical_w005
89407,0,minibatch_k64,text_pca256_lexical_w005
89408,45,minibatch_k64,text_pca256_lexical_w005
89409,45,minibatch_k64,text_pca256_lexical_w005
89410,15,minibatch_k64,text_pca256_lexical_w005
89411,53,minibatch_k64,text_pca256_lexical_w005
89412,8,minibatch_k64,text_pca256_lexical_w005
89413,0,minibatch_k64,text_pca256_lexical_w005
89414,45,minibatch_k64,text_pca256_lexical_w005
89415,53,minibatch_k64,text_pca256_lexical_w005
89416,0,minibatch_k64,text_pca256_lexical_w005
89417,33,minibatch_k64,text_pca256_lexical_w005
89418,53,minibatch_k64,text_pca256_lexical_w005
89419,33,minibatch_k64,text_pca256_lexical_w005
89420,33,minibatch_k64,text_pca256_lexical_w005
89421,53,minibatch_k64,text_pca256_lexical_w005
89422,62,minibatch_k64,text_pca256_lexical_w005
89423,53,minibatch_k64,text_pca256_lexical_w005
89424,53,minibatch_k64,text_pca256_lexical_w005
89425,48,minibatch_k64,text_pca256_lexical_w005
89426,48,minibatch_k64,text_pca256_lexical_w005
89427,53,minibatch_k64,text_pca256_lexical_w005
89428,53,minibatch_k64,text_pca256_lexical_w005
89429,53,minibatch_k64,text_pca256_lexical_w005
89430,38,minibatch_k64,text_pca256_lexical_w005
89431,8,minibatch_k64,text_pca256_lexical_w005
89432,58,minibatch_k64,text_pca256_lexical_w005
89433,15,minibatch_k64,text_pca256_lexical_w005
89434,53,minibatch_k64,text_pca256_lexical_w005
89435,22,minibatch_k64,text_pca256_lexical_w005
89436,53,minibatch_k64,text_pca256_lexical_w005
89437,4,minibatch_k64,text_pca256_lexical_w005
89438,10,minibatch_k64,text_pca256_lexical_w005
89439,8,minibatch_k64,text_pca256_lexical_w005
89440,53,minibatch_k64,text_pca256_lexical_w005
89441,53,minibatch_k64,text_pca256_lexical_w005
89442,45,minibatch_k64,text_pca256_lexical_w005
89443,15,minibatch_k64,text_pca256_lexical_w005
89444,15,minibatch_k64,text_pca256_lexical_w005
89445,4,minibatch_k64,text_pca256_lexical_w005
89446,45,minibatch_k64,text_pca256_lexical_w005
89447,45,minibatch_k64,text_pca256_lexical_w005
89448,21,minibatch_k64,text_pca256_lexical_w005
89449,45,minibatch_k64,text_pca256_lexical_w005
89450,53,minibatch_k64,text_pca256_lexical_w005
89451,45,minibatch_k64,text_pca256_lexical_w005
89452,8,minibatch_k64,text_pca256_lexical_w005
89453,26,minibatch_k64,text_pca256_lexical_w005
89454,53,minibatch_k64,text_pca256_lexical_w005
89455,8,minibatch_k64,text_pca256_lexical_w005
89456,8,minibatch_k64,text_pca256_lexical_w005
89457,0,minibatch_k64,text_pca256_lexical_w005
89458,45,minibatch_k64,text_pca256_lexical_w005
89459,53,minibatch_k64,text_pca256_lexical_w005
89460,45,minibatch_k64,text_pca256_lexical_w005
89461,8,minibatch_k64,text_pca256_lexical_w005
89462,15,minibatch_k64,text_pca256_lexical_w005
89463,15,minibatch_k64,text_pca256_lexical_w005
89464,4,minibatch_k64,text_pca256_lexical_w005
89465,0,minibatch_k64,text_pca256_lexical_w005
89466,0,minibatch_k64,text_pca256_lexical_w005
89467,33,minibatch_k64,text_pca256_lexical_w005
89468,8,minibatch_k64,text_pca256_lexical_w005
89469,53,minibatch_k64,text_pca256_lexical_w005
89470,0,minibatch_k64,text_pca256_lexical_w005
89471,53,minibatch_k64,text_pca256_lexical_w005
89472,29,minibatch_k64,text_pca256_lexical_w005
89473,53,minibatch_k64,text_pca256_lexical_w005
89474,45,minibatch_k64,text_pca256_lexical_w005
89475,39,minibatch_k64,text_pca256_lexical_w005
89476,0,minibatch_k64,text_pca256_lexical_w005
89477,62,minibatch_k64,text_pca256_lexical_w005
89478,53,minibatch_k64,text_pca256_lexical_w005
89479,0,minibatch_k64,text_pca256_lexical_w005
89480,18,minibatch_k64,text_pca256_lexical_w005
89481,53,minibatch_k64,text_pca256_lexical_w005
89482,18,minibatch_k64,text_pca256_lexical_w005
89483,0,minibatch_k64,text_pca256_lexical_w005
89484,53,minibatch_k64,text_pca256_lexical_w005
89485,0,minibatch_k64,text_pca256_lexical_w005
89486,53,minibatch_k64,text_pca256_lexical_w005
89487,53,minibatch_k64,text_pca256_lexical_w005
89488,42,minibatch_k64,text_pca256_lexical_w005
89489,62,minibatch_k64,text_pca256_lexical_w005
89490,10,minibatch_k64,text_pca256_lexical_w005
89491,10,minibatch_k64,text_pca256_lexical_w005
89492,56,minibatch_k64,text_pca256_lexical_w005
89493,45,minibatch_k64,text_pca256_lexical_w005
89494,0,minibatch_k64,text_pca256_lexical_w005
89495,0,minibatch_k64,text_pca256_lexical_w005
89496,53,minibatch_k64,text_pca256_lexical_w005
89497,59,minibatch_k64,text_pca256_lexical_w005
89498,0,minibatch_k64,text_pca256_lexical_w005
89499,53,minibatch_k64,text_pca256_lexical_w005
89500,53,minibatch_k64,text_pca256_lexical_w005
89501,0,minibatch_k64,text_pca256_lexical_w005
89502,62,minibatch_k64,text_pca256_lexical_w005
89503,0,minibatch_k64,text_pca256_lexical_w005
89504,53,minibatch_k64,text_pca256_lexical_w005
89505,53,minibatch_k64,text_pca256_lexical_w005
89506,53,minibatch_k64,text_pca256_lexical_w005
89507,15,minibatch_k64,text_pca256_lexical_w005
89508,0,minibatch_k64,text_pca256_lexical_w005
89509,0,minibatch_k64,text_pca256_lexical_w005
89510,8,minibatch_k64,text_pca256_lexical_w005
89511,42,minibatch_k64,text_pca256_lexical_w005
89512,0,minibatch_k64,text_pca256_lexical_w005
89513,53,minibatch_k64,text_pca256_lexical_w005
89514,15,minibatch_k64,text_pca256_lexical_w005
89515,0,minibatch_k64,text_pca256_lexical_w005
89516,53,minibatch_k64,text_pca256_lexical_w005
89517,62,minibatch_k64,text_pca256_lexical_w005
89518,0,minibatch_k64,text_pca256_lexical_w005
89519,39,minibatch_k64,text_pca256_lexical_w005
89520,15,minibatch_k64,text_pca256_lexical_w005
89521,0,minibatch_k64,text_pca256_lexical_w005
89522,15,minibatch_k64,text_pca256_lexical_w005
89523,15,minibatch_k64,text_pca256_lexical_w005
89524,0,minibatch_k64,text_pca256_lexical_w005
89525,8,minibatch_k64,text_pca256_lexical_w005
89526,53,minibatch_k64,text_pca256_lexical_w005
89527,53,minibatch_k64,text_pca256_lexical_w005
89528,15,minibatch_k64,text_pca256_lexical_w005
89529,53,minibatch_k64,text_pca256_lexical_w005
89530,10,minibatch_k64,text_pca256_lexical_w005
89531,15,minibatch_k64,text_pca256_lexical_w005
89532,0,minibatch_k64,text_pca256_lexical_w005
89533,53,minibatch_k64,text_pca256_lexical_w005
89534,62,minibatch_k64,text_pca256_lexical_w005
89535,10,minibatch_k64,text_pca256_lexical_w005
89536,42,minibatch_k64,text_pca256_lexical_w005
89537,18,minibatch_k64,text_pca256_lexical_w005
89538,45,minibatch_k64,text_pca256_lexical_w005
89539,0,minibatch_k64,text_pca256_lexical_w005
89540,15,minibatch_k64,text_pca256_lexical_w005
89541,39,minibatch_k64,text_pca256_lexical_w005
89542,62,minibatch_k64,text_pca256_lexical_w005
89543,4,minibatch_k64,text_pca256_lexical_w005
89544,45,minibatch_k64,text_pca256_lexical_w005
89545,53,minibatch_k64,text_pca256_lexical_w005
89546,10,minibatch_k64,text_pca256_lexical_w005
89547,53,minibatch_k64,text_pca256_lexical_w005
89548,53,minibatch_k64,text_pca256_lexical_w005
89549,53,minibatch_k64,text_pca256_lexical_w005
89550,53,minibatch_k64,text_pca256_lexical_w005
89551,62,minibatch_k64,text_pca256_lexical_w005
89552,33,minibatch_k64,text_pca256_lexical_w005
89553,53,minibatch_k64,text_pca256_lexical_w005
89554,62,minibatch_k64,text_pca256_lexical_w005
89555,10,minibatch_k64,text_pca256_lexical_w005
89556,58,minibatch_k64,text_pca256_lexical_w005
89557,38,minibatch_k64,text_pca256_lexical_w005
89558,8,minibatch_k64,text_pca256_lexical_w005
89559,15,minibatch_k64,text_pca256_lexical_w005
89560,53,minibatch_k64,text_pca256_lexical_w005
89561,53,minibatch_k64,text_pca256_lexical_w005
89562,53,minibatch_k64,text_pca256_lexical_w005
89563,63,minibatch_k64,text_pca256_lexical_w005
89564,53,minibatch_k64,text_pca256_lexical_w005
89565,50,minibatch_k64,text_pca256_lexical_w005
89566,53,minibatch_k64,text_pca256_lexical_w005
89567,53,minibatch_k64,text_pca256_lexical_w005
89568,53,minibatch_k64,text_pca256_lexical_w005
89569,53,minibatch_k64,text_pca256_lexical_w005
89570,53,minibatch_k64,text_pca256_lexical_w005
89571,0,minibatch_k64,text_pca256_lexical_w005
89572,8,minibatch_k64,text_pca256_lexical_w005
89573,42,minibatch_k64,text_pca256_lexical_w005
89574,53,minibatch_k64,text_pca256_lexical_w005
89575,62,minibatch_k64,text_pca256_lexical_w005
89576,62,minibatch_k64,text_pca256_lexical_w005
89577,0,minibatch_k64,text_pca256_lexical_w005
89578,8,minibatch_k64,text_pca256_lexical_w005
89579,0,minibatch_k64,text_pca256_lexical_w005
89580,0,minibatch_k64,text_pca256_lexical_w005
89581,21,minibatch_k64,text_pca256_lexical_w005
89582,53,minibatch_k64,text_pca256_lexical_w005
89583,15,minibatch_k64,text_pca256_lexical_w005
89584,62,minibatch_k64,text_pca256_lexical_w005
89585,53,minibatch_k64,text_pca256_lexical_w005
89586,14,minibatch_k64,text_pca256_lexical_w005
89587,53,minibatch_k64,text_pca256_lexical_w005
89588,53,minibatch_k64,text_pca256_lexical_w005
89589,0,minibatch_k64,text_pca256_lexical_w005
89590,62,minibatch_k64,text_pca256_lexical_w005
89591,38,minibatch_k64,text_pca256_lexical_w005
89592,0,minibatch_k64,text_pca256_lexical_w005
89593,0,minibatch_k64,text_pca256_lexical_w005
89594,12,minibatch_k64,text_pca256_lexical_w005
89595,40,minibatch_k64,text_pca256_lexical_w005
89596,53,minibatch_k64,text_pca256_lexical_w005
89597,53,minibatch_k64,text_pca256_lexical_w005
89598,58,minibatch_k64,text_pca256_lexical_w005
89599,53,minibatch_k64,text_pca256_lexical_w005
89600,55,minibatch_k64,text_pca256_lexical_w005
89601,63,minibatch_k64,text_pca256_lexical_w005
89602,10,minibatch_k64,text_pca256_lexical_w005
89603,53,minibatch_k64,text_pca256_lexical_w005
89604,15,minibatch_k64,text_pca256_lexical_w005
89605,0,minibatch_k64,text_pca256_lexical_w005
89606,8,minibatch_k64,text_pca256_lexical_w005
89607,15,minibatch_k64,text_pca256_lexical_w005
89608,53,minibatch_k64,text_pca256_lexical_w005
89609,53,minibatch_k64,text_pca256_lexical_w005
89610,0,minibatch_k64,text_pca256_lexical_w005
89611,0,minibatch_k64,text_pca256_lexical_w005
89612,56,minibatch_k64,text_pca256_lexical_w005
89613,62,minibatch_k64,text_pca256_lexical_w005
89614,18,minibatch_k64,text_pca256_lexical_w005
89615,45,minibatch_k64,text_pca256_lexical_w005
89616,18,minibatch_k64,text_pca256_lexical_w005
89617,45,minibatch_k64,text_pca256_lexical_w005
89618,39,minibatch_k64,text_pca256_lexical_w005
89619,53,minibatch_k64,text_pca256_lexical_w005
89620,62,minibatch_k64,text_pca256_lexical_w005
89621,45,minibatch_k64,text_pca256_lexical_w005
89622,53,minibatch_k64,text_pca256_lexical_w005
89623,15,minibatch_k64,text_pca256_lexical_w005
89624,15,minibatch_k64,text_pca256_lexical_w005
89625,8,minibatch_k64,text_pca256_lexical_w005
89626,23,minibatch_k64,text_pca256_lexical_w005
89627,53,minibatch_k64,text_pca256_lexical_w005
89628,0,minibatch_k64,text_pca256_lexical_w005
89629,0,minibatch_k64,text_pca256_lexical_w005
89630,62,minibatch_k64,text_pca256_lexical_w005
89631,62,minibatch_k64,text_pca256_lexical_w005
89632,0,minibatch_k64,text_pca256_lexical_w005
89633,39,minibatch_k64,text_pca256_lexical_w005
89634,53,minibatch_k64,text_pca256_lexical_w005
89635,53,minibatch_k64,text_pca256_lexical_w005
89636,8,minibatch_k64,text_pca256_lexical_w005
89637,48,minibatch_k64,text_pca256_lexical_w005
89638,53,minibatch_k64,text_pca256_lexical_w005
89639,38,minibatch_k64,text_pca256_lexical_w005
89640,15,minibatch_k64,text_pca256_lexical_w005
89641,58,minibatch_k64,text_pca256_lexical_w005
89642,53,minibatch_k64,text_pca256_lexical_w005
89643,53,minibatch_k64,text_pca256_lexical_w005
89644,22,minibatch_k64,text_pca256_lexical_w005
89645,8,minibatch_k64,text_pca256_lexical_w005
89646,8,minibatch_k64,text_pca256_lexical_w005
89647,4,minibatch_k64,text_pca256_lexical_w005
89648,62,minibatch_k64,text_pca256_lexical_w005
89649,53,minibatch_k64,text_pca256_lexical_w005
89650,39,minibatch_k64,text_pca256_lexical_w005
89651,53,minibatch_k64,text_pca256_lexical_w005
89652,8,minibatch_k64,text_pca256_lexical_w005
89653,53,minibatch_k64,text_pca256_lexical_w005
89654,53,minibatch_k64,text_pca256_lexical_w005
89655,15,minibatch_k64,text_pca256_lexical_w005
89656,62,minibatch_k64,text_pca256_lexical_w005
89657,0,minibatch_k64,text_pca256_lexical_w005
89658,62,minibatch_k64,text_pca256_lexical_w005
89659,62,minibatch_k64,text_pca256_lexical_w005
89660,15,minibatch_k64,text_pca256_lexical_w005
89661,26,minibatch_k64,text_pca256_lexical_w005
89662,26,minibatch_k64,text_pca256_lexical_w005
89663,53,minibatch_k64,text_pca256_lexical_w005
89664,53,minibatch_k64,text_pca256_lexical_w005
89665,0,minibatch_k64,text_pca256_lexical_w005
89666,53,minibatch_k64,text_pca256_lexical_w005
89667,4,minibatch_k64,text_pca256_lexical_w005
89668,8,minibatch_k64,text_pca256_lexical_w005
89669,0,minibatch_k64,text_pca256_lexical_w005
89670,15,minibatch_k64,text_pca256_lexical_w005
89671,33,minibatch_k64,text_pca256_lexical_w005
89672,0,minibatch_k64,text_pca256_lexical_w005
89673,15,minibatch_k64,text_pca256_lexical_w005
89674,53,minibatch_k64,text_pca256_lexical_w005
89675,53,minibatch_k64,text_pca256_lexical_w005
89676,53,minibatch_k64,text_pca256_lexical_w005
89677,56,minibatch_k64,text_pca256_lexical_w005
89678,39,minibatch_k64,text_pca256_lexical_w005
89679,10,minibatch_k64,text_pca256_lexical_w005
89680,0,minibatch_k64,text_pca256_lexical_w005
89681,53,minibatch_k64,text_pca256_lexical_w005
89682,18,minibatch_k64,text_pca256_lexical_w005
89683,4,minibatch_k64,text_pca256_lexical_w005
89684,8,minibatch_k64,text_pca256_lexical_w005
89685,18,minibatch_k64,text_pca256_lexical_w005
89686,50,minibatch_k64,text_pca256_lexical_w005
89687,53,minibatch_k64,text_pca256_lexical_w005
89688,45,minibatch_k64,text_pca256_lexical_w005
89689,56,minibatch_k64,text_pca256_lexical_w005
89690,47,minibatch_k64,text_pca256_lexical_w005
89691,53,minibatch_k64,text_pca256_lexical_w005
89692,8,minibatch_k64,text_pca256_lexical_w005
89693,45,minibatch_k64,text_pca256_lexical_w005
89694,53,minibatch_k64,text_pca256_lexical_w005
89695,48,minibatch_k64,text_pca256_lexical_w005
89696,53,minibatch_k64,text_pca256_lexical_w005
89697,53,minibatch_k64,text_pca256_lexical_w005
89698,33,minibatch_k64,text_pca256_lexical_w005
89699,38,minibatch_k64,text_pca256_lexical_w005
89700,58,minibatch_k64,text_pca256_lexical_w005
89701,47,minibatch_k64,text_pca256_lexical_w005
89702,40,minibatch_k64,text_pca256_lexical_w005
89703,53,minibatch_k64,text_pca256_lexical_w005
89704,53,minibatch_k64,text_pca256_lexical_w005
89705,55,minibatch_k64,text_pca256_lexical_w005
89706,53,minibatch_k64,text_pca256_lexical_w005
89707,22,minibatch_k64,text_pca256_lexical_w005
89708,53,minibatch_k64,text_pca256_lexical_w005
89709,33,minibatch_k64,text_pca256_lexical_w005
89710,62,minibatch_k64,text_pca256_lexical_w005
89711,53,minibatch_k64,text_pca256_lexical_w005
89712,0,minibatch_k64,text_pca256_lexical_w005
89713,56,minibatch_k64,text_pca256_lexical_w005
89714,8,minibatch_k64,text_pca256_lexical_w005
89715,53,minibatch_k64,text_pca256_lexical_w005
89716,0,minibatch_k64,text_pca256_lexical_w005
89717,53,minibatch_k64,text_pca256_lexical_w005
89718,33,minibatch_k64,text_pca256_lexical_w005
89719,15,minibatch_k64,text_pca256_lexical_w005
89720,8,minibatch_k64,text_pca256_lexical_w005
89721,53,minibatch_k64,text_pca256_lexical_w005
89722,53,minibatch_k64,text_pca256_lexical_w005
89723,53,minibatch_k64,text_pca256_lexical_w005
89724,53,minibatch_k64,text_pca256_lexical_w005
89725,53,minibatch_k64,text_pca256_lexical_w005
89726,53,minibatch_k64,text_pca256_lexical_w005
89727,53,minibatch_k64,text_pca256_lexical_w005
89728,53,minibatch_k64,text_pca256_lexical_w005
89729,0,minibatch_k64,text_pca256_lexical_w005
89730,53,minibatch_k64,text_pca256_lexical_w005
89731,8,minibatch_k64,text_pca256_lexical_w005
89732,0,minibatch_k64,text_pca256_lexical_w005
89733,42,minibatch_k64,text_pca256_lexical_w005
89734,15,minibatch_k64,text_pca256_lexical_w005
89735,23,minibatch_k64,text_pca256_lexical_w005
89736,15,minibatch_k64,text_pca256_lexical_w005
89737,53,minibatch_k64,text_pca256_lexical_w005
89738,53,minibatch_k64,text_pca256_lexical_w005
89739,56,minibatch_k64,text_pca256_lexical_w005
89740,15,minibatch_k64,text_pca256_lexical_w005
89741,53,minibatch_k64,text_pca256_lexical_w005
89742,62,minibatch_k64,text_pca256_lexical_w005
89743,0,minibatch_k64,text_pca256_lexical_w005
89744,33,minibatch_k64,text_pca256_lexical_w005
89745,62,minibatch_k64,text_pca256_lexical_w005
89746,53,minibatch_k64,text_pca256_lexical_w005
89747,53,minibatch_k64,text_pca256_lexical_w005
89748,21,minibatch_k64,text_pca256_lexical_w005
89749,39,minibatch_k64,text_pca256_lexical_w005
89750,0,minibatch_k64,text_pca256_lexical_w005
89751,45,minibatch_k64,text_pca256_lexical_w005
89752,53,minibatch_k64,text_pca256_lexical_w005
89753,18,minibatch_k64,text_pca256_lexical_w005
89754,53,minibatch_k64,text_pca256_lexical_w005
89755,48,minibatch_k64,text_pca256_lexical_w005
89756,39,minibatch_k64,text_pca256_lexical_w005
89757,53,minibatch_k64,text_pca256_lexical_w005
89758,58,minibatch_k64,text_pca256_lexical_w005
89759,0,minibatch_k64,text_pca256_lexical_w005
89760,10,minibatch_k64,text_pca256_lexical_w005
89761,53,minibatch_k64,text_pca256_lexical_w005
89762,15,minibatch_k64,text_pca256_lexical_w005
89763,53,minibatch_k64,text_pca256_lexical_w005
89764,53,minibatch_k64,text_pca256_lexical_w005
89765,53,minibatch_k64,text_pca256_lexical_w005
89766,5,minibatch_k64,text_pca256_lexical_w005
89767,5,minibatch_k64,text_pca256_lexical_w005
89768,15,minibatch_k64,text_pca256_lexical_w005
89769,53,minibatch_k64,text_pca256_lexical_w005
89770,45,minibatch_k64,text_pca256_lexical_w005
89771,0,minibatch_k64,text_pca256_lexical_w005
89772,45,minibatch_k64,text_pca256_lexical_w005
89773,33,minibatch_k64,text_pca256_lexical_w005
89774,53,minibatch_k64,text_pca256_lexical_w005
89775,23,minibatch_k64,text_pca256_lexical_w005
89776,4,minibatch_k64,text_pca256_lexical_w005
89777,0,minibatch_k64,text_pca256_lexical_w005
89778,39,minibatch_k64,text_pca256_lexical_w005
89779,53,minibatch_k64,text_pca256_lexical_w005
89780,62,minibatch_k64,text_pca256_lexical_w005
89781,56,minibatch_k64,text_pca256_lexical_w005
89782,59,minibatch_k64,text_pca256_lexical_w005
89783,0,minibatch_k64,text_pca256_lexical_w005
89784,53,minibatch_k64,text_pca256_lexical_w005
89785,53,minibatch_k64,text_pca256_lexical_w005
89786,53,minibatch_k64,text_pca256_lexical_w005
89787,10,minibatch_k64,text_pca256_lexical_w005
89788,56,minibatch_k64,text_pca256_lexical_w005
89789,53,minibatch_k64,text_pca256_lexical_w005
89790,56,minibatch_k64,text_pca256_lexical_w005
89791,39,minibatch_k64,text_pca256_lexical_w005
89792,39,minibatch_k64,text_pca256_lexical_w005
89793,62,minibatch_k64,text_pca256_lexical_w005
89794,10,minibatch_k64,text_pca256_lexical_w005
89795,53,minibatch_k64,text_pca256_lexical_w005
89796,0,minibatch_k64,text_pca256_lexical_w005
89797,15,minibatch_k64,text_pca256_lexical_w005
89798,59,minibatch_k64,text_pca256_lexical_w005
89799,62,minibatch_k64,text_pca256_lexical_w005
89800,8,minibatch_k64,text_pca256_lexical_w005
89801,18,minibatch_k64,text_pca256_lexical_w005
89802,0,minibatch_k64,text_pca256_lexical_w005
89803,18,minibatch_k64,text_pca256_lexical_w005
89804,8,minibatch_k64,text_pca256_lexical_w005
89805,11,minibatch_k64,text_pca256_lexical_w005
89806,4,minibatch_k64,text_pca256_lexical_w005
89807,57,minibatch_k64,text_pca256_lexical_w005
89808,53,minibatch_k64,text_pca256_lexical_w005
89809,53,minibatch_k64,text_pca256_lexical_w005
89810,48,minibatch_k64,text_pca256_lexical_w005
89811,53,minibatch_k64,text_pca256_lexical_w005
89812,15,minibatch_k64,text_pca256_lexical_w005
89813,57,minibatch_k64,text_pca256_lexical_w005
89814,62,minibatch_k64,text_pca256_lexical_w005
89815,53,minibatch_k64,text_pca256_lexical_w005
89816,57,minibatch_k64,text_pca256_lexical_w005
89817,62,minibatch_k64,text_pca256_lexical_w005
89818,4,minibatch_k64,text_pca256_lexical_w005
89819,53,minibatch_k64,text_pca256_lexical_w005
89820,5,minibatch_k64,text_pca256_lexical_w005
89821,5,minibatch_k64,text_pca256_lexical_w005
89822,15,minibatch_k64,text_pca256_lexical_w005
89823,53,minibatch_k64,text_pca256_lexical_w005
89824,53,minibatch_k64,text_pca256_lexical_w005
89825,46,minibatch_k64,text_pca256_lexical_w005
89826,15,minibatch_k64,text_pca256_lexical_w005
89827,23,minibatch_k64,text_pca256_lexical_w005
89828,53,minibatch_k64,text_pca256_lexical_w005
89829,11,minibatch_k64,text_pca256_lexical_w005
89830,0,minibatch_k64,text_pca256_lexical_w005
89831,53,minibatch_k64,text_pca256_lexical_w005
89832,15,minibatch_k64,text_pca256_lexical_w005
89833,11,minibatch_k64,text_pca256_lexical_w005
89834,57,minibatch_k64,text_pca256_lexical_w005
89835,56,minibatch_k64,text_pca256_lexical_w005
89836,11,minibatch_k64,text_pca256_lexical_w005
89837,53,minibatch_k64,text_pca256_lexical_w005
89838,57,minibatch_k64,text_pca256_lexical_w005
89839,11,minibatch_k64,text_pca256_lexical_w005
89840,57,minibatch_k64,text_pca256_lexical_w005
89841,11,minibatch_k64,text_pca256_lexical_w005
89842,57,minibatch_k64,text_pca256_lexical_w005
89843,15,minibatch_k64,text_pca256_lexical_w005
89844,11,minibatch_k64,text_pca256_lexical_w005
89845,57,minibatch_k64,text_pca256_lexical_w005
89846,53,minibatch_k64,text_pca256_lexical_w005
89847,57,minibatch_k64,text_pca256_lexical_w005
89848,11,minibatch_k64,text_pca256_lexical_w005
89849,11,minibatch_k64,text_pca256_lexical_w005
89850,57,minibatch_k64,text_pca256_lexical_w005
89851,57,minibatch_k64,text_pca256_lexical_w005
89852,11,minibatch_k64,text_pca256_lexical_w005
89853,11,minibatch_k64,text_pca256_lexical_w005
89854,57,minibatch_k64,text_pca256_lexical_w005
89855,11,minibatch_k64,text_pca256_lexical_w005
89856,57,minibatch_k64,text_pca256_lexical_w005
89857,57,minibatch_k64,text_pca256_lexical_w005
89858,11,minibatch_k64,text_pca256_lexical_w005
89859,57,minibatch_k64,text_pca256_lexical_w005
89860,11,minibatch_k64,text_pca256_lexical_w005
89861,11,minibatch_k64,text_pca256_lexical_w005
89862,57,minibatch_k64,text_pca256_lexical_w005
89863,57,minibatch_k64,text_pca256_lexical_w005
89864,53,minibatch_k64,text_pca256_lexical_w005
89865,11,minibatch_k64,text_pca256_lexical_w005
89866,33,minibatch_k64,text_pca256_lexical_w005
89867,15,minibatch_k64,text_pca256_lexical_w005
89868,53,minibatch_k64,text_pca256_lexical_w005
89869,15,minibatch_k64,text_pca256_lexical_w005
89870,53,minibatch_k64,text_pca256_lexical_w005
89871,53,minibatch_k64,text_pca256_lexical_w005
89872,11,minibatch_k64,text_pca256_lexical_w005
89873,0,minibatch_k64,text_pca256_lexical_w005
89874,53,minibatch_k64,text_pca256_lexical_w005
89875,57,minibatch_k64,text_pca256_lexical_w005
89876,58,minibatch_k64,text_pca256_lexical_w005
89877,38,minibatch_k64,text_pca256_lexical_w005
89878,53,minibatch_k64,text_pca256_lexical_w005
89879,53,minibatch_k64,text_pca256_lexical_w005
89880,53,minibatch_k64,text_pca256_lexical_w005
89881,63,minibatch_k64,text_pca256_lexical_w005
89882,53,minibatch_k64,text_pca256_lexical_w005
89883,53,minibatch_k64,text_pca256_lexical_w005
89884,57,minibatch_k64,text_pca256_lexical_w005
89885,4,minibatch_k64,text_pca256_lexical_w005
89886,8,minibatch_k64,text_pca256_lexical_w005
89887,15,minibatch_k64,text_pca256_lexical_w005
89888,33,minibatch_k64,text_pca256_lexical_w005
89889,11,minibatch_k64,text_pca256_lexical_w005
89890,57,minibatch_k64,text_pca256_lexical_w005
89891,53,minibatch_k64,text_pca256_lexical_w005
89892,11,minibatch_k64,text_pca256_lexical_w005
89893,11,minibatch_k64,text_pca256_lexical_w005
89894,57,minibatch_k64,text_pca256_lexical_w005
89895,0,minibatch_k64,text_pca256_lexical_w005
89896,44,minibatch_k64,text_pca256_lexical_w005
89897,15,minibatch_k64,text_pca256_lexical_w005
89898,11,minibatch_k64,text_pca256_lexical_w005
89899,57,minibatch_k64,text_pca256_lexical_w005
89900,15,minibatch_k64,text_pca256_lexical_w005
89901,53,minibatch_k64,text_pca256_lexical_w005
89902,62,minibatch_k64,text_pca256_lexical_w005
89903,11,minibatch_k64,text_pca256_lexical_w005
89904,2,minibatch_k64,text_pca256_lexical_w005
89905,42,minibatch_k64,text_pca256_lexical_w005
89906,11,minibatch_k64,text_pca256_lexical_w005
89907,57,minibatch_k64,text_pca256_lexical_w005
89908,5,minibatch_k64,text_pca256_lexical_w005
89909,56,minibatch_k64,text_pca256_lexical_w005
89910,8,minibatch_k64,text_pca256_lexical_w005
89911,33,minibatch_k64,text_pca256_lexical_w005
89912,11,minibatch_k64,text_pca256_lexical_w005
89913,57,minibatch_k64,text_pca256_lexical_w005
89914,62,minibatch_k64,text_pca256_lexical_w005
89915,57,minibatch_k64,text_pca256_lexical_w005
89916,0,minibatch_k64,text_pca256_lexical_w005
89917,11,minibatch_k64,text_pca256_lexical_w005
89918,33,minibatch_k64,text_pca256_lexical_w005
89919,57,minibatch_k64,text_pca256_lexical_w005
89920,11,minibatch_k64,text_pca256_lexical_w005
89921,53,minibatch_k64,text_pca256_lexical_w005
89922,11,minibatch_k64,text_pca256_lexical_w005
89923,0,minibatch_k64,text_pca256_lexical_w005
89924,57,minibatch_k64,text_pca256_lexical_w005
89925,15,minibatch_k64,text_pca256_lexical_w005
89926,57,minibatch_k64,text_pca256_lexical_w005
89927,53,minibatch_k64,text_pca256_lexical_w005
89928,39,minibatch_k64,text_pca256_lexical_w005
89929,33,minibatch_k64,text_pca256_lexical_w005
89930,0,minibatch_k64,text_pca256_lexical_w005
89931,53,minibatch_k64,text_pca256_lexical_w005
89932,11,minibatch_k64,text_pca256_lexical_w005
89933,0,minibatch_k64,text_pca256_lexical_w005
89934,33,minibatch_k64,text_pca256_lexical_w005
89935,11,minibatch_k64,text_pca256_lexical_w005
89936,15,minibatch_k64,text_pca256_lexical_w005
89937,21,minibatch_k64,text_pca256_lexical_w005
89938,53,minibatch_k64,text_pca256_lexical_w005
89939,11,minibatch_k64,text_pca256_lexical_w005
89940,11,minibatch_k64,text_pca256_lexical_w005
89941,8,minibatch_k64,text_pca256_lexical_w005
89942,53,minibatch_k64,text_pca256_lexical_w005
89943,15,minibatch_k64,text_pca256_lexical_w005
89944,57,minibatch_k64,text_pca256_lexical_w005
89945,57,minibatch_k64,text_pca256_lexical_w005
89946,53,minibatch_k64,text_pca256_lexical_w005
89947,11,minibatch_k64,text_pca256_lexical_w005
89948,10,minibatch_k64,text_pca256_lexical_w005
89949,62,minibatch_k64,text_pca256_lexical_w005
89950,15,minibatch_k64,text_pca256_lexical_w005
89951,53,minibatch_k64,text_pca256_lexical_w005
89952,53,minibatch_k64,text_pca256_lexical_w005
89953,53,minibatch_k64,text_pca256_lexical_w005
89954,57,minibatch_k64,text_pca256_lexical_w005
89955,57,minibatch_k64,text_pca256_lexical_w005
89956,0,minibatch_k64,text_pca256_lexical_w005
89957,53,minibatch_k64,text_pca256_lexical_w005
89958,53,minibatch_k64,text_pca256_lexical_w005
89959,11,minibatch_k64,text_pca256_lexical_w005
89960,11,minibatch_k64,text_pca256_lexical_w005
89961,53,minibatch_k64,text_pca256_lexical_w005
89962,58,minibatch_k64,text_pca256_lexical_w005
89963,53,minibatch_k64,text_pca256_lexical_w005
89964,8,minibatch_k64,text_pca256_lexical_w005
89965,53,minibatch_k64,text_pca256_lexical_w005
89966,15,minibatch_k64,text_pca256_lexical_w005
89967,53,minibatch_k64,text_pca256_lexical_w005
89968,53,minibatch_k64,text_pca256_lexical_w005
89969,53,minibatch_k64,text_pca256_lexical_w005
89970,22,minibatch_k64,text_pca256_lexical_w005
89971,11,minibatch_k64,text_pca256_lexical_w005
89972,0,minibatch_k64,text_pca256_lexical_w005
89973,57,minibatch_k64,text_pca256_lexical_w005
89974,0,minibatch_k64,text_pca256_lexical_w005
89975,57,minibatch_k64,text_pca256_lexical_w005
89976,11,minibatch_k64,text_pca256_lexical_w005
89977,57,minibatch_k64,text_pca256_lexical_w005
89978,8,minibatch_k64,text_pca256_lexical_w005
89979,57,minibatch_k64,text_pca256_lexical_w005
89980,62,minibatch_k64,text_pca256_lexical_w005
89981,8,minibatch_k64,text_pca256_lexical_w005
89982,15,minibatch_k64,text_pca256_lexical_w005
89983,62,minibatch_k64,text_pca256_lexical_w005
89984,10,minibatch_k64,text_pca256_lexical_w005
89985,0,minibatch_k64,text_pca256_lexical_w005
89986,15,minibatch_k64,text_pca256_lexical_w005
89987,15,minibatch_k64,text_pca256_lexical_w005
89988,0,minibatch_k64,text_pca256_lexical_w005
89989,56,minibatch_k64,text_pca256_lexical_w005
89990,11,minibatch_k64,text_pca256_lexical_w005
89991,15,minibatch_k64,text_pca256_lexical_w005
89992,20,minibatch_k64,text_pca256_lexical_w005
89993,53,minibatch_k64,text_pca256_lexical_w005
89994,45,minibatch_k64,text_pca256_lexical_w005
89995,62,minibatch_k64,text_pca256_lexical_w005
89996,53,minibatch_k64,text_pca256_lexical_w005
89997,3,minibatch_k64,text_pca256_lexical_w005
89998,53,minibatch_k64,text_pca256_lexical_w005
89999,15,minibatch_k64,text_pca256_lexical_w005
90000,0,minibatch_k64,text_pca256_lexical_w005
90001,53,minibatch_k64,text_pca256_lexical_w005
90002,53,minibatch_k64,text_pca256_lexical_w005
90003,58,minibatch_k64,text_pca256_lexical_w005
90004,53,minibatch_k64,text_pca256_lexical_w005
90005,55,minibatch_k64,text_pca256_lexical_w005
90006,13,minibatch_k64,text_pca256_lexical_w005
90007,33,minibatch_k64,text_pca256_lexical_w005
90008,53,minibatch_k64,text_pca256_lexical_w005
90009,15,minibatch_k64,text_pca256_lexical_w005
90010,57,minibatch_k64,text_pca256_lexical_w005
90011,15,minibatch_k64,text_pca256_lexical_w005
90012,53,minibatch_k64,text_pca256_lexical_w005
90013,57,minibatch_k64,text_pca256_lexical_w005
90014,0,minibatch_k64,text_pca256_lexical_w005
90015,33,minibatch_k64,text_pca256_lexical_w005
90016,15,minibatch_k64,text_pca256_lexical_w005
90017,57,minibatch_k64,text_pca256_lexical_w005
90018,11,minibatch_k64,text_pca256_lexical_w005
90019,33,minibatch_k64,text_pca256_lexical_w005
90020,0,minibatch_k64,text_pca256_lexical_w005
90021,57,minibatch_k64,text_pca256_lexical_w005
90022,0,minibatch_k64,text_pca256_lexical_w005
90023,4,minibatch_k64,text_pca256_lexical_w005
90024,0,minibatch_k64,text_pca256_lexical_w005
90025,57,minibatch_k64,text_pca256_lexical_w005
90026,10,minibatch_k64,text_pca256_lexical_w005
90027,57,minibatch_k64,text_pca256_lexical_w005
90028,11,minibatch_k64,text_pca256_lexical_w005
90029,11,minibatch_k64,text_pca256_lexical_w005
90030,33,minibatch_k64,text_pca256_lexical_w005
90031,15,minibatch_k64,text_pca256_lexical_w005
90032,53,minibatch_k64,text_pca256_lexical_w005
90033,56,minibatch_k64,text_pca256_lexical_w005
90034,8,minibatch_k64,text_pca256_lexical_w005
90035,53,minibatch_k64,text_pca256_lexical_w005
90036,57,minibatch_k64,text_pca256_lexical_w005
90037,53,minibatch_k64,text_pca256_lexical_w005
90038,11,minibatch_k64,text_pca256_lexical_w005
90039,53,minibatch_k64,text_pca256_lexical_w005
90040,11,minibatch_k64,text_pca256_lexical_w005
90041,53,minibatch_k64,text_pca256_lexical_w005
90042,33,minibatch_k64,text_pca256_lexical_w005
90043,8,minibatch_k64,text_pca256_lexical_w005
90044,53,minibatch_k64,text_pca256_lexical_w005
90045,11,minibatch_k64,text_pca256_lexical_w005
90046,10,minibatch_k64,text_pca256_lexical_w005
90047,0,minibatch_k64,text_pca256_lexical_w005
90048,53,minibatch_k64,text_pca256_lexical_w005
90049,53,minibatch_k64,text_pca256_lexical_w005
90050,53,minibatch_k64,text_pca256_lexical_w005
90051,53,minibatch_k64,text_pca256_lexical_w005
90052,53,minibatch_k64,text_pca256_lexical_w005
90053,63,minibatch_k64,text_pca256_lexical_w005
90054,10,minibatch_k64,text_pca256_lexical_w005
90055,21,minibatch_k64,text_pca256_lexical_w005
90056,53,minibatch_k64,text_pca256_lexical_w005
90057,0,minibatch_k64,text_pca256_lexical_w005
90058,8,minibatch_k64,text_pca256_lexical_w005
90059,15,minibatch_k64,text_pca256_lexical_w005
90060,8,minibatch_k64,text_pca256_lexical_w005
90061,8,minibatch_k64,text_pca256_lexical_w005
90062,42,minibatch_k64,text_pca256_lexical_w005
90063,0,minibatch_k64,text_pca256_lexical_w005
90064,5,minibatch_k64,text_pca256_lexical_w005
90065,53,minibatch_k64,text_pca256_lexical_w005
90066,53,minibatch_k64,text_pca256_lexical_w005
90067,33,minibatch_k64,text_pca256_lexical_w005
90068,62,minibatch_k64,text_pca256_lexical_w005
90069,53,minibatch_k64,text_pca256_lexical_w005
90070,53,minibatch_k64,text_pca256_lexical_w005
90071,0,minibatch_k64,text_pca256_lexical_w005
90072,39,minibatch_k64,text_pca256_lexical_w005
90073,15,minibatch_k64,text_pca256_lexical_w005
90074,53,minibatch_k64,text_pca256_lexical_w005
90075,23,minibatch_k64,text_pca256_lexical_w005
90076,53,minibatch_k64,text_pca256_lexical_w005
90077,53,minibatch_k64,text_pca256_lexical_w005
90078,36,minibatch_k64,text_pca256_lexical_w005
90079,53,minibatch_k64,text_pca256_lexical_w005
90080,53,minibatch_k64,text_pca256_lexical_w005
90081,53,minibatch_k64,text_pca256_lexical_w005
90082,22,minibatch_k64,text_pca256_lexical_w005
90083,45,minibatch_k64,text_pca256_lexical_w005
90084,33,minibatch_k64,text_pca256_lexical_w005
90085,53,minibatch_k64,text_pca256_lexical_w005
90086,62,minibatch_k64,text_pca256_lexical_w005
90087,57,minibatch_k64,text_pca256_lexical_w005
90088,42,minibatch_k64,text_pca256_lexical_w005
90089,57,minibatch_k64,text_pca256_lexical_w005
90090,23,minibatch_k64,text_pca256_lexical_w005
90091,39,minibatch_k64,text_pca256_lexical_w005
90092,11,minibatch_k64,text_pca256_lexical_w005
90093,53,minibatch_k64,text_pca256_lexical_w005
90094,11,minibatch_k64,text_pca256_lexical_w005
90095,8,minibatch_k64,text_pca256_lexical_w005
90096,15,minibatch_k64,text_pca256_lexical_w005
90097,57,minibatch_k64,text_pca256_lexical_w005
90098,11,minibatch_k64,text_pca256_lexical_w005
90099,8,minibatch_k64,text_pca256_lexical_w005
90100,53,minibatch_k64,text_pca256_lexical_w005
90101,15,minibatch_k64,text_pca256_lexical_w005
90102,33,minibatch_k64,text_pca256_lexical_w005
90103,2,minibatch_k64,text_pca256_lexical_w005
90104,10,minibatch_k64,text_pca256_lexical_w005
90105,53,minibatch_k64,text_pca256_lexical_w005
90106,53,minibatch_k64,text_pca256_lexical_w005
90107,8,minibatch_k64,text_pca256_lexical_w005
90108,15,minibatch_k64,text_pca256_lexical_w005
90109,21,minibatch_k64,text_pca256_lexical_w005
90110,15,minibatch_k64,text_pca256_lexical_w005
90111,15,minibatch_k64,text_pca256_lexical_w005
90112,62,minibatch_k64,text_pca256_lexical_w005
90113,15,minibatch_k64,text_pca256_lexical_w005
90114,5,minibatch_k64,text_pca256_lexical_w005
90115,5,minibatch_k64,text_pca256_lexical_w005
90116,5,minibatch_k64,text_pca256_lexical_w005
90117,5,minibatch_k64,text_pca256_lexical_w005
90118,62,minibatch_k64,text_pca256_lexical_w005
90119,8,minibatch_k64,text_pca256_lexical_w005
90120,5,minibatch_k64,text_pca256_lexical_w005
90121,0,minibatch_k64,text_pca256_lexical_w005
90122,21,minibatch_k64,text_pca256_lexical_w005
90123,8,minibatch_k64,text_pca256_lexical_w005
90124,42,minibatch_k64,text_pca256_lexical_w005
90125,5,minibatch_k64,text_pca256_lexical_w005
90126,0,minibatch_k64,text_pca256_lexical_w005
90127,46,minibatch_k64,text_pca256_lexical_w005
90128,42,minibatch_k64,text_pca256_lexical_w005
90129,42,minibatch_k64,text_pca256_lexical_w005
90130,33,minibatch_k64,text_pca256_lexical_w005
90131,42,minibatch_k64,text_pca256_lexical_w005
90132,10,minibatch_k64,text_pca256_lexical_w005
90133,42,minibatch_k64,text_pca256_lexical_w005
90134,42,minibatch_k64,text_pca256_lexical_w005
90135,42,minibatch_k64,text_pca256_lexical_w005
90136,46,minibatch_k64,text_pca256_lexical_w005
90137,42,minibatch_k64,text_pca256_lexical_w005
90138,42,minibatch_k64,text_pca256_lexical_w005
90139,42,minibatch_k64,text_pca256_lexical_w005
90140,42,minibatch_k64,text_pca256_lexical_w005
90141,42,minibatch_k64,text_pca256_lexical_w005
90142,42,minibatch_k64,text_pca256_lexical_w005
90143,42,minibatch_k64,text_pca256_lexical_w005
90144,42,minibatch_k64,text_pca256_lexical_w005
90145,42,minibatch_k64,text_pca256_lexical_w005
90146,42,minibatch_k64,text_pca256_lexical_w005
90147,21,minibatch_k64,text_pca256_lexical_w005
90148,33,minibatch_k64,text_pca256_lexical_w005
90149,33,minibatch_k64,text_pca256_lexical_w005
90150,42,minibatch_k64,text_pca256_lexical_w005
90151,42,minibatch_k64,text_pca256_lexical_w005
90152,15,minibatch_k64,text_pca256_lexical_w005
90153,42,minibatch_k64,text_pca256_lexical_w005
90154,42,minibatch_k64,text_pca256_lexical_w005
90155,33,minibatch_k64,text_pca256_lexical_w005
90156,42,minibatch_k64,text_pca256_lexical_w005
90157,50,minibatch_k64,text_pca256_lexical_w005
90158,42,minibatch_k64,text_pca256_lexical_w005
90159,42,minibatch_k64,text_pca256_lexical_w005
90160,62,minibatch_k64,text_pca256_lexical_w005
90161,50,minibatch_k64,text_pca256_lexical_w005
90162,42,minibatch_k64,text_pca256_lexical_w005
90163,42,minibatch_k64,text_pca256_lexical_w005
90164,42,minibatch_k64,text_pca256_lexical_w005
90165,42,minibatch_k64,text_pca256_lexical_w005
90166,42,minibatch_k64,text_pca256_lexical_w005
90167,33,minibatch_k64,text_pca256_lexical_w005
90168,33,minibatch_k64,text_pca256_lexical_w005
90169,42,minibatch_k64,text_pca256_lexical_w005
90170,42,minibatch_k64,text_pca256_lexical_w005
90171,42,minibatch_k64,text_pca256_lexical_w005
90172,8,minibatch_k64,text_pca256_lexical_w005
90173,42,minibatch_k64,text_pca256_lexical_w005
90174,42,minibatch_k64,text_pca256_lexical_w005
90175,42,minibatch_k64,text_pca256_lexical_w005
90176,42,minibatch_k64,text_pca256_lexical_w005
90177,42,minibatch_k64,text_pca256_lexical_w005
90178,8,minibatch_k64,text_pca256_lexical_w005
90179,0,minibatch_k64,text_pca256_lexical_w005
90180,42,minibatch_k64,text_pca256_lexical_w005
90181,39,minibatch_k64,text_pca256_lexical_w005
90182,8,minibatch_k64,text_pca256_lexical_w005
90183,42,minibatch_k64,text_pca256_lexical_w005
90184,42,minibatch_k64,text_pca256_lexical_w005
90185,15,minibatch_k64,text_pca256_lexical_w005
90186,42,minibatch_k64,text_pca256_lexical_w005
90187,42,minibatch_k64,text_pca256_lexical_w005
90188,42,minibatch_k64,text_pca256_lexical_w005
90189,50,minibatch_k64,text_pca256_lexical_w005
90190,33,minibatch_k64,text_pca256_lexical_w005
90191,62,minibatch_k64,text_pca256_lexical_w005
90192,8,minibatch_k64,text_pca256_lexical_w005
90193,42,minibatch_k64,text_pca256_lexical_w005
90194,42,minibatch_k64,text_pca256_lexical_w005
90195,33,minibatch_k64,text_pca256_lexical_w005
90196,21,minibatch_k64,text_pca256_lexical_w005
90197,21,minibatch_k64,text_pca256_lexical_w005
90198,42,minibatch_k64,text_pca256_lexical_w005
90199,42,minibatch_k64,text_pca256_lexical_w005
90200,8,minibatch_k64,text_pca256_lexical_w005
90201,42,minibatch_k64,text_pca256_lexical_w005
90202,15,minibatch_k64,text_pca256_lexical_w005
90203,50,minibatch_k64,text_pca256_lexical_w005
90204,8,minibatch_k64,text_pca256_lexical_w005
90205,42,minibatch_k64,text_pca256_lexical_w005
90206,53,minibatch_k64,text_pca256_lexical_w005
90207,33,minibatch_k64,text_pca256_lexical_w005
90208,42,minibatch_k64,text_pca256_lexical_w005
90209,42,minibatch_k64,text_pca256_lexical_w005
90210,42,minibatch_k64,text_pca256_lexical_w005
90211,42,minibatch_k64,text_pca256_lexical_w005
90212,42,minibatch_k64,text_pca256_lexical_w005
90213,42,minibatch_k64,text_pca256_lexical_w005
90214,33,minibatch_k64,text_pca256_lexical_w005
90215,42,minibatch_k64,text_pca256_lexical_w005
90216,33,minibatch_k64,text_pca256_lexical_w005
90217,42,minibatch_k64,text_pca256_lexical_w005
90218,62,minibatch_k64,text_pca256_lexical_w005
90219,42,minibatch_k64,text_pca256_lexical_w005
90220,42,minibatch_k64,text_pca256_lexical_w005
90221,42,minibatch_k64,text_pca256_lexical_w005
90222,42,minibatch_k64,text_pca256_lexical_w005
90223,50,minibatch_k64,text_pca256_lexical_w005
90224,8,minibatch_k64,text_pca256_lexical_w005
90225,62,minibatch_k64,text_pca256_lexical_w005
90226,8,minibatch_k64,text_pca256_lexical_w005
90227,33,minibatch_k64,text_pca256_lexical_w005
90228,42,minibatch_k64,text_pca256_lexical_w005
90229,23,minibatch_k64,text_pca256_lexical_w005
90230,42,minibatch_k64,text_pca256_lexical_w005
90231,33,minibatch_k64,text_pca256_lexical_w005
90232,42,minibatch_k64,text_pca256_lexical_w005
90233,42,minibatch_k64,text_pca256_lexical_w005
90234,33,minibatch_k64,text_pca256_lexical_w005
90235,56,minibatch_k64,text_pca256_lexical_w005
90236,42,minibatch_k64,text_pca256_lexical_w005
90237,62,minibatch_k64,text_pca256_lexical_w005
90238,33,minibatch_k64,text_pca256_lexical_w005
90239,21,minibatch_k64,text_pca256_lexical_w005
90240,42,minibatch_k64,text_pca256_lexical_w005
90241,33,minibatch_k64,text_pca256_lexical_w005
90242,42,minibatch_k64,text_pca256_lexical_w005
90243,62,minibatch_k64,text_pca256_lexical_w005
90244,62,minibatch_k64,text_pca256_lexical_w005
90245,8,minibatch_k64,text_pca256_lexical_w005
90246,42,minibatch_k64,text_pca256_lexical_w005
90247,62,minibatch_k64,text_pca256_lexical_w005
90248,0,minibatch_k64,text_pca256_lexical_w005
90249,50,minibatch_k64,text_pca256_lexical_w005
90250,15,minibatch_k64,text_pca256_lexical_w005
90251,62,minibatch_k64,text_pca256_lexical_w005
90252,8,minibatch_k64,text_pca256_lexical_w005
90253,50,minibatch_k64,text_pca256_lexical_w005
90254,21,minibatch_k64,text_pca256_lexical_w005
90255,62,minibatch_k64,text_pca256_lexical_w005
90256,21,minibatch_k64,text_pca256_lexical_w005
90257,33,minibatch_k64,text_pca256_lexical_w005
90258,21,minibatch_k64,text_pca256_lexical_w005
90259,42,minibatch_k64,text_pca256_lexical_w005
90260,8,minibatch_k64,text_pca256_lexical_w005
90261,50,minibatch_k64,text_pca256_lexical_w005
90262,53,minibatch_k64,text_pca256_lexical_w005
90263,42,minibatch_k64,text_pca256_lexical_w005
90264,21,minibatch_k64,text_pca256_lexical_w005
90265,43,minibatch_k64,text_pca256_lexical_w005
90266,21,minibatch_k64,text_pca256_lexical_w005
90267,62,minibatch_k64,text_pca256_lexical_w005
90268,42,minibatch_k64,text_pca256_lexical_w005
90269,33,minibatch_k64,text_pca256_lexical_w005
90270,42,minibatch_k64,text_pca256_lexical_w005
90271,8,minibatch_k64,text_pca256_lexical_w005
90272,46,minibatch_k64,text_pca256_lexical_w005
90273,50,minibatch_k64,text_pca256_lexical_w005
90274,33,minibatch_k64,text_pca256_lexical_w005
90275,33,minibatch_k64,text_pca256_lexical_w005
90276,15,minibatch_k64,text_pca256_lexical_w005
90277,8,minibatch_k64,text_pca256_lexical_w005
90278,42,minibatch_k64,text_pca256_lexical_w005
90279,42,minibatch_k64,text_pca256_lexical_w005
90280,0,minibatch_k64,text_pca256_lexical_w005
90281,33,minibatch_k64,text_pca256_lexical_w005
90282,21,minibatch_k64,text_pca256_lexical_w005
90283,4,minibatch_k64,text_pca256_lexical_w005
90284,2,minibatch_k64,text_pca256_lexical_w005
90285,0,minibatch_k64,text_pca256_lexical_w005
90286,15,minibatch_k64,text_pca256_lexical_w005
90287,42,minibatch_k64,text_pca256_lexical_w005
90288,56,minibatch_k64,text_pca256_lexical_w005
90289,33,minibatch_k64,text_pca256_lexical_w005
90290,42,minibatch_k64,text_pca256_lexical_w005
90291,42,minibatch_k64,text_pca256_lexical_w005
90292,42,minibatch_k64,text_pca256_lexical_w005
90293,10,minibatch_k64,text_pca256_lexical_w005
90294,10,minibatch_k64,text_pca256_lexical_w005
90295,8,minibatch_k64,text_pca256_lexical_w005
90296,42,minibatch_k64,text_pca256_lexical_w005
90297,42,minibatch_k64,text_pca256_lexical_w005
90298,42,minibatch_k64,text_pca256_lexical_w005
90299,62,minibatch_k64,text_pca256_lexical_w005
90300,33,minibatch_k64,text_pca256_lexical_w005
90301,50,minibatch_k64,text_pca256_lexical_w005
90302,8,minibatch_k64,text_pca256_lexical_w005
90303,5,minibatch_k64,text_pca256_lexical_w005
90304,23,minibatch_k64,text_pca256_lexical_w005
90305,0,minibatch_k64,text_pca256_lexical_w005
90306,42,minibatch_k64,text_pca256_lexical_w005
90307,33,minibatch_k64,text_pca256_lexical_w005
90308,33,minibatch_k64,text_pca256_lexical_w005
90309,33,minibatch_k64,text_pca256_lexical_w005
90310,10,minibatch_k64,text_pca256_lexical_w005
90311,50,minibatch_k64,text_pca256_lexical_w005
90312,42,minibatch_k64,text_pca256_lexical_w005
90313,42,minibatch_k64,text_pca256_lexical_w005
90314,33,minibatch_k64,text_pca256_lexical_w005
90315,56,minibatch_k64,text_pca256_lexical_w005
90316,2,minibatch_k64,text_pca256_lexical_w005
90317,42,minibatch_k64,text_pca256_lexical_w005
90318,62,minibatch_k64,text_pca256_lexical_w005
90319,0,minibatch_k64,text_pca256_lexical_w005
90320,0,minibatch_k64,text_pca256_lexical_w005
90321,42,minibatch_k64,text_pca256_lexical_w005
90322,42,minibatch_k64,text_pca256_lexical_w005
90323,42,minibatch_k64,text_pca256_lexical_w005
90324,33,minibatch_k64,text_pca256_lexical_w005
90325,33,minibatch_k64,text_pca256_lexical_w005
90326,42,minibatch_k64,text_pca256_lexical_w005
90327,42,minibatch_k64,text_pca256_lexical_w005
90328,10,minibatch_k64,text_pca256_lexical_w005
90329,42,minibatch_k64,text_pca256_lexical_w005
90330,50,minibatch_k64,text_pca256_lexical_w005
90331,42,minibatch_k64,text_pca256_lexical_w005
90332,21,minibatch_k64,text_pca256_lexical_w005
90333,42,minibatch_k64,text_pca256_lexical_w005
90334,8,minibatch_k64,text_pca256_lexical_w005
90335,33,minibatch_k64,text_pca256_lexical_w005
90336,42,minibatch_k64,text_pca256_lexical_w005
90337,42,minibatch_k64,text_pca256_lexical_w005
90338,8,minibatch_k64,text_pca256_lexical_w005
90339,33,minibatch_k64,text_pca256_lexical_w005
90340,42,minibatch_k64,text_pca256_lexical_w005
90341,42,minibatch_k64,text_pca256_lexical_w005
90342,42,minibatch_k64,text_pca256_lexical_w005
90343,42,minibatch_k64,text_pca256_lexical_w005
90344,42,minibatch_k64,text_pca256_lexical_w005
90345,62,minibatch_k64,text_pca256_lexical_w005
90346,21,minibatch_k64,text_pca256_lexical_w005
90347,33,minibatch_k64,text_pca256_lexical_w005
90348,42,minibatch_k64,text_pca256_lexical_w005
90349,42,minibatch_k64,text_pca256_lexical_w005
90350,42,minibatch_k64,text_pca256_lexical_w005
90351,8,minibatch_k64,text_pca256_lexical_w005
90352,2,minibatch_k64,text_pca256_lexical_w005
90353,46,minibatch_k64,text_pca256_lexical_w005
90354,42,minibatch_k64,text_pca256_lexical_w005
90355,50,minibatch_k64,text_pca256_lexical_w005
90356,33,minibatch_k64,text_pca256_lexical_w005
90357,42,minibatch_k64,text_pca256_lexical_w005
90358,42,minibatch_k64,text_pca256_lexical_w005
90359,33,minibatch_k64,text_pca256_lexical_w005
90360,15,minibatch_k64,text_pca256_lexical_w005
90361,46,minibatch_k64,text_pca256_lexical_w005
90362,62,minibatch_k64,text_pca256_lexical_w005
90363,15,minibatch_k64,text_pca256_lexical_w005
90364,33,minibatch_k64,text_pca256_lexical_w005
90365,42,minibatch_k64,text_pca256_lexical_w005
90366,42,minibatch_k64,text_pca256_lexical_w005
90367,33,minibatch_k64,text_pca256_lexical_w005
90368,33,minibatch_k64,text_pca256_lexical_w005
90369,8,minibatch_k64,text_pca256_lexical_w005
90370,8,minibatch_k64,text_pca256_lexical_w005
90371,42,minibatch_k64,text_pca256_lexical_w005
90372,33,minibatch_k64,text_pca256_lexical_w005
90373,33,minibatch_k64,text_pca256_lexical_w005
90374,33,minibatch_k64,text_pca256_lexical_w005
90375,10,minibatch_k64,text_pca256_lexical_w005
90376,21,minibatch_k64,text_pca256_lexical_w005
90377,33,minibatch_k64,text_pca256_lexical_w005
90378,50,minibatch_k64,text_pca256_lexical_w005
90379,42,minibatch_k64,text_pca256_lexical_w005
90380,59,minibatch_k64,text_pca256_lexical_w005
90381,8,minibatch_k64,text_pca256_lexical_w005
90382,62,minibatch_k64,text_pca256_lexical_w005
90383,42,minibatch_k64,text_pca256_lexical_w005
90384,59,minibatch_k64,text_pca256_lexical_w005
90385,33,minibatch_k64,text_pca256_lexical_w005
90386,33,minibatch_k64,text_pca256_lexical_w005
90387,62,minibatch_k64,text_pca256_lexical_w005
90388,33,minibatch_k64,text_pca256_lexical_w005
90389,50,minibatch_k64,text_pca256_lexical_w005
90390,50,minibatch_k64,text_pca256_lexical_w005
90391,46,minibatch_k64,text_pca256_lexical_w005
90392,50,minibatch_k64,text_pca256_lexical_w005
90393,59,minibatch_k64,text_pca256_lexical_w005
90394,42,minibatch_k64,text_pca256_lexical_w005
90395,42,minibatch_k64,text_pca256_lexical_w005
90396,21,minibatch_k64,text_pca256_lexical_w005
90397,21,minibatch_k64,text_pca256_lexical_w005
90398,21,minibatch_k64,text_pca256_lexical_w005
90399,8,minibatch_k64,text_pca256_lexical_w005
90400,42,minibatch_k64,text_pca256_lexical_w005
90401,59,minibatch_k64,text_pca256_lexical_w005
90402,15,minibatch_k64,text_pca256_lexical_w005
90403,33,minibatch_k64,text_pca256_lexical_w005
90404,33,minibatch_k64,text_pca256_lexical_w005
90405,42,minibatch_k64,text_pca256_lexical_w005
90406,0,minibatch_k64,text_pca256_lexical_w005
90407,50,minibatch_k64,text_pca256_lexical_w005
90408,42,minibatch_k64,text_pca256_lexical_w005
90409,33,minibatch_k64,text_pca256_lexical_w005
90410,42,minibatch_k64,text_pca256_lexical_w005
90411,42,minibatch_k64,text_pca256_lexical_w005
90412,0,minibatch_k64,text_pca256_lexical_w005
90413,33,minibatch_k64,text_pca256_lexical_w005
90414,33,minibatch_k64,text_pca256_lexical_w005
90415,33,minibatch_k64,text_pca256_lexical_w005
90416,62,minibatch_k64,text_pca256_lexical_w005
90417,21,minibatch_k64,text_pca256_lexical_w005
90418,8,minibatch_k64,text_pca256_lexical_w005
90419,42,minibatch_k64,text_pca256_lexical_w005
90420,23,minibatch_k64,text_pca256_lexical_w005
90421,42,minibatch_k64,text_pca256_lexical_w005
90422,42,minibatch_k64,text_pca256_lexical_w005
90423,21,minibatch_k64,text_pca256_lexical_w005
90424,62,minibatch_k64,text_pca256_lexical_w005
90425,59,minibatch_k64,text_pca256_lexical_w005
90426,42,minibatch_k64,text_pca256_lexical_w005
90427,62,minibatch_k64,text_pca256_lexical_w005
90428,42,minibatch_k64,text_pca256_lexical_w005
90429,42,minibatch_k64,text_pca256_lexical_w005
90430,50,minibatch_k64,text_pca256_lexical_w005
90431,33,minibatch_k64,text_pca256_lexical_w005
90432,33,minibatch_k64,text_pca256_lexical_w005
90433,33,minibatch_k64,text_pca256_lexical_w005
90434,33,minibatch_k64,text_pca256_lexical_w005
90435,42,minibatch_k64,text_pca256_lexical_w005
90436,33,minibatch_k64,text_pca256_lexical_w005
90437,33,minibatch_k64,text_pca256_lexical_w005
90438,42,minibatch_k64,text_pca256_lexical_w005
90439,33,minibatch_k64,text_pca256_lexical_w005
90440,33,minibatch_k64,text_pca256_lexical_w005
90441,33,minibatch_k64,text_pca256_lexical_w005
90442,8,minibatch_k64,text_pca256_lexical_w005
90443,62,minibatch_k64,text_pca256_lexical_w005
90444,33,minibatch_k64,text_pca256_lexical_w005
90445,42,minibatch_k64,text_pca256_lexical_w005
90446,33,minibatch_k64,text_pca256_lexical_w005
90447,62,minibatch_k64,text_pca256_lexical_w005
90448,15,minibatch_k64,text_pca256_lexical_w005
90449,42,minibatch_k64,text_pca256_lexical_w005
90450,15,minibatch_k64,text_pca256_lexical_w005
90451,33,minibatch_k64,text_pca256_lexical_w005
90452,42,minibatch_k64,text_pca256_lexical_w005
90453,62,minibatch_k64,text_pca256_lexical_w005
90454,42,minibatch_k64,text_pca256_lexical_w005
90455,33,minibatch_k64,text_pca256_lexical_w005
90456,42,minibatch_k64,text_pca256_lexical_w005
90457,39,minibatch_k64,text_pca256_lexical_w005
90458,33,minibatch_k64,text_pca256_lexical_w005
90459,21,minibatch_k64,text_pca256_lexical_w005
90460,42,minibatch_k64,text_pca256_lexical_w005
90461,33,minibatch_k64,text_pca256_lexical_w005
90462,8,minibatch_k64,text_pca256_lexical_w005
90463,21,minibatch_k64,text_pca256_lexical_w005
90464,4,minibatch_k64,text_pca256_lexical_w005
90465,42,minibatch_k64,text_pca256_lexical_w005
90466,33,minibatch_k64,text_pca256_lexical_w005
90467,0,minibatch_k64,text_pca256_lexical_w005
90468,62,minibatch_k64,text_pca256_lexical_w005
90469,42,minibatch_k64,text_pca256_lexical_w005
90470,42,minibatch_k64,text_pca256_lexical_w005
90471,33,minibatch_k64,text_pca256_lexical_w005
90472,33,minibatch_k64,text_pca256_lexical_w005
90473,21,minibatch_k64,text_pca256_lexical_w005
90474,2,minibatch_k64,text_pca256_lexical_w005
90475,33,minibatch_k64,text_pca256_lexical_w005
90476,33,minibatch_k64,text_pca256_lexical_w005
90477,23,minibatch_k64,text_pca256_lexical_w005
90478,42,minibatch_k64,text_pca256_lexical_w005
90479,8,minibatch_k64,text_pca256_lexical_w005
90480,33,minibatch_k64,text_pca256_lexical_w005
90481,42,minibatch_k64,text_pca256_lexical_w005
90482,42,minibatch_k64,text_pca256_lexical_w005
90483,39,minibatch_k64,text_pca256_lexical_w005
90484,42,minibatch_k64,text_pca256_lexical_w005
90485,33,minibatch_k64,text_pca256_lexical_w005
90486,61,minibatch_k64,text_pca256_lexical_w005
90487,33,minibatch_k64,text_pca256_lexical_w005
90488,62,minibatch_k64,text_pca256_lexical_w005
90489,33,minibatch_k64,text_pca256_lexical_w005
90490,42,minibatch_k64,text_pca256_lexical_w005
90491,21,minibatch_k64,text_pca256_lexical_w005
90492,33,minibatch_k64,text_pca256_lexical_w005
90493,33,minibatch_k64,text_pca256_lexical_w005
90494,33,minibatch_k64,text_pca256_lexical_w005
90495,62,minibatch_k64,text_pca256_lexical_w005
90496,33,minibatch_k64,text_pca256_lexical_w005
90497,23,minibatch_k64,text_pca256_lexical_w005
90498,33,minibatch_k64,text_pca256_lexical_w005
90499,15,minibatch_k64,text_pca256_lexical_w005
90500,42,minibatch_k64,text_pca256_lexical_w005
90501,50,minibatch_k64,text_pca256_lexical_w005
90502,42,minibatch_k64,text_pca256_lexical_w005
90503,42,minibatch_k64,text_pca256_lexical_w005
90504,10,minibatch_k64,text_pca256_lexical_w005
90505,50,minibatch_k64,text_pca256_lexical_w005
90506,33,minibatch_k64,text_pca256_lexical_w005
90507,0,minibatch_k64,text_pca256_lexical_w005
90508,0,minibatch_k64,text_pca256_lexical_w005
90509,21,minibatch_k64,text_pca256_lexical_w005
90510,0,minibatch_k64,text_pca256_lexical_w005
90511,42,minibatch_k64,text_pca256_lexical_w005
90512,15,minibatch_k64,text_pca256_lexical_w005
90513,42,minibatch_k64,text_pca256_lexical_w005
90514,0,minibatch_k64,text_pca256_lexical_w005
90515,62,minibatch_k64,text_pca256_lexical_w005
90516,10,minibatch_k64,text_pca256_lexical_w005
90517,42,minibatch_k64,text_pca256_lexical_w005
90518,42,minibatch_k64,text_pca256_lexical_w005
90519,42,minibatch_k64,text_pca256_lexical_w005
90520,42,minibatch_k64,text_pca256_lexical_w005
90521,33,minibatch_k64,text_pca256_lexical_w005
90522,42,minibatch_k64,text_pca256_lexical_w005
90523,8,minibatch_k64,text_pca256_lexical_w005
90524,33,minibatch_k64,text_pca256_lexical_w005
90525,42,minibatch_k64,text_pca256_lexical_w005
90526,33,minibatch_k64,text_pca256_lexical_w005
90527,0,minibatch_k64,text_pca256_lexical_w005
90528,8,minibatch_k64,text_pca256_lexical_w005
90529,42,minibatch_k64,text_pca256_lexical_w005
90530,39,minibatch_k64,text_pca256_lexical_w005
90531,23,minibatch_k64,text_pca256_lexical_w005
90532,50,minibatch_k64,text_pca256_lexical_w005
90533,33,minibatch_k64,text_pca256_lexical_w005
90534,50,minibatch_k64,text_pca256_lexical_w005
90535,33,minibatch_k64,text_pca256_lexical_w005
90536,8,minibatch_k64,text_pca256_lexical_w005
90537,21,minibatch_k64,text_pca256_lexical_w005
90538,33,minibatch_k64,text_pca256_lexical_w005
90539,33,minibatch_k64,text_pca256_lexical_w005
90540,33,minibatch_k64,text_pca256_lexical_w005
90541,33,minibatch_k64,text_pca256_lexical_w005
90542,42,minibatch_k64,text_pca256_lexical_w005
90543,42,minibatch_k64,text_pca256_lexical_w005
90544,0,minibatch_k64,text_pca256_lexical_w005
90545,33,minibatch_k64,text_pca256_lexical_w005
90546,56,minibatch_k64,text_pca256_lexical_w005
90547,33,minibatch_k64,text_pca256_lexical_w005
90548,21,minibatch_k64,text_pca256_lexical_w005
90549,42,minibatch_k64,text_pca256_lexical_w005
90550,50,minibatch_k64,text_pca256_lexical_w005
90551,42,minibatch_k64,text_pca256_lexical_w005
90552,33,minibatch_k64,text_pca256_lexical_w005
90553,8,minibatch_k64,text_pca256_lexical_w005
90554,42,minibatch_k64,text_pca256_lexical_w005
90555,33,minibatch_k64,text_pca256_lexical_w005
90556,10,minibatch_k64,text_pca256_lexical_w005
90557,0,minibatch_k64,text_pca256_lexical_w005
90558,33,minibatch_k64,text_pca256_lexical_w005
90559,33,minibatch_k64,text_pca256_lexical_w005
90560,33,minibatch_k64,text_pca256_lexical_w005
90561,42,minibatch_k64,text_pca256_lexical_w005
90562,0,minibatch_k64,text_pca256_lexical_w005
90563,42,minibatch_k64,text_pca256_lexical_w005
90564,50,minibatch_k64,text_pca256_lexical_w005
90565,33,minibatch_k64,text_pca256_lexical_w005
90566,42,minibatch_k64,text_pca256_lexical_w005
90567,4,minibatch_k64,text_pca256_lexical_w005
90568,33,minibatch_k64,text_pca256_lexical_w005
90569,0,minibatch_k64,text_pca256_lexical_w005
90570,8,minibatch_k64,text_pca256_lexical_w005
90571,42,minibatch_k64,text_pca256_lexical_w005
90572,33,minibatch_k64,text_pca256_lexical_w005
90573,42,minibatch_k64,text_pca256_lexical_w005
90574,53,minibatch_k64,text_pca256_lexical_w005
90575,42,minibatch_k64,text_pca256_lexical_w005
90576,42,minibatch_k64,text_pca256_lexical_w005
90577,33,minibatch_k64,text_pca256_lexical_w005
90578,46,minibatch_k64,text_pca256_lexical_w005
90579,33,minibatch_k64,text_pca256_lexical_w005
90580,21,minibatch_k64,text_pca256_lexical_w005
90581,62,minibatch_k64,text_pca256_lexical_w005
90582,42,minibatch_k64,text_pca256_lexical_w005
90583,15,minibatch_k64,text_pca256_lexical_w005
90584,42,minibatch_k64,text_pca256_lexical_w005
90585,42,minibatch_k64,text_pca256_lexical_w005
90586,42,minibatch_k64,text_pca256_lexical_w005
90587,33,minibatch_k64,text_pca256_lexical_w005
90588,33,minibatch_k64,text_pca256_lexical_w005
90589,42,minibatch_k64,text_pca256_lexical_w005
90590,42,minibatch_k64,text_pca256_lexical_w005
90591,0,minibatch_k64,text_pca256_lexical_w005
90592,8,minibatch_k64,text_pca256_lexical_w005
90593,42,minibatch_k64,text_pca256_lexical_w005
90594,33,minibatch_k64,text_pca256_lexical_w005
90595,42,minibatch_k64,text_pca256_lexical_w005
90596,21,minibatch_k64,text_pca256_lexical_w005
90597,50,minibatch_k64,text_pca256_lexical_w005
90598,21,minibatch_k64,text_pca256_lexical_w005
90599,42,minibatch_k64,text_pca256_lexical_w005
90600,33,minibatch_k64,text_pca256_lexical_w005
90601,33,minibatch_k64,text_pca256_lexical_w005
90602,15,minibatch_k64,text_pca256_lexical_w005
90603,42,minibatch_k64,text_pca256_lexical_w005
90604,23,minibatch_k64,text_pca256_lexical_w005
90605,8,minibatch_k64,text_pca256_lexical_w005
90606,42,minibatch_k64,text_pca256_lexical_w005
90607,33,minibatch_k64,text_pca256_lexical_w005
90608,0,minibatch_k64,text_pca256_lexical_w005
90609,42,minibatch_k64,text_pca256_lexical_w005
90610,42,minibatch_k64,text_pca256_lexical_w005
90611,42,minibatch_k64,text_pca256_lexical_w005
90612,0,minibatch_k64,text_pca256_lexical_w005
90613,50,minibatch_k64,text_pca256_lexical_w005
90614,42,minibatch_k64,text_pca256_lexical_w005
90615,42,minibatch_k64,text_pca256_lexical_w005
90616,42,minibatch_k64,text_pca256_lexical_w005
90617,42,minibatch_k64,text_pca256_lexical_w005
90618,21,minibatch_k64,text_pca256_lexical_w005
90619,42,minibatch_k64,text_pca256_lexical_w005
90620,42,minibatch_k64,text_pca256_lexical_w005
90621,42,minibatch_k64,text_pca256_lexical_w005
90622,42,minibatch_k64,text_pca256_lexical_w005
90623,42,minibatch_k64,text_pca256_lexical_w005
90624,42,minibatch_k64,text_pca256_lexical_w005
90625,33,minibatch_k64,text_pca256_lexical_w005
90626,42,minibatch_k64,text_pca256_lexical_w005
90627,10,minibatch_k64,text_pca256_lexical_w005
90628,42,minibatch_k64,text_pca256_lexical_w005
90629,15,minibatch_k64,text_pca256_lexical_w005
90630,33,minibatch_k64,text_pca256_lexical_w005
90631,21,minibatch_k64,text_pca256_lexical_w005
90632,33,minibatch_k64,text_pca256_lexical_w005
90633,50,minibatch_k64,text_pca256_lexical_w005
90634,62,minibatch_k64,text_pca256_lexical_w005
90635,42,minibatch_k64,text_pca256_lexical_w005
90636,42,minibatch_k64,text_pca256_lexical_w005
90637,42,minibatch_k64,text_pca256_lexical_w005
90638,42,minibatch_k64,text_pca256_lexical_w005
90639,42,minibatch_k64,text_pca256_lexical_w005
90640,42,minibatch_k64,text_pca256_lexical_w005
90641,42,minibatch_k64,text_pca256_lexical_w005
90642,42,minibatch_k64,text_pca256_lexical_w005
90643,0,minibatch_k64,text_pca256_lexical_w005
90644,21,minibatch_k64,text_pca256_lexical_w005
90645,50,minibatch_k64,text_pca256_lexical_w005
90646,42,minibatch_k64,text_pca256_lexical_w005
90647,42,minibatch_k64,text_pca256_lexical_w005
90648,50,minibatch_k64,text_pca256_lexical_w005
90649,33,minibatch_k64,text_pca256_lexical_w005
90650,61,minibatch_k64,text_pca256_lexical_w005
90651,21,minibatch_k64,text_pca256_lexical_w005
90652,42,minibatch_k64,text_pca256_lexical_w005
90653,23,minibatch_k64,text_pca256_lexical_w005
90654,62,minibatch_k64,text_pca256_lexical_w005
90655,15,minibatch_k64,text_pca256_lexical_w005
90656,50,minibatch_k64,text_pca256_lexical_w005
90657,39,minibatch_k64,text_pca256_lexical_w005
90658,42,minibatch_k64,text_pca256_lexical_w005
90659,50,minibatch_k64,text_pca256_lexical_w005
90660,21,minibatch_k64,text_pca256_lexical_w005
90661,33,minibatch_k64,text_pca256_lexical_w005
90662,42,minibatch_k64,text_pca256_lexical_w005
90663,33,minibatch_k64,text_pca256_lexical_w005
90664,42,minibatch_k64,text_pca256_lexical_w005
90665,42,minibatch_k64,text_pca256_lexical_w005
90666,42,minibatch_k64,text_pca256_lexical_w005
90667,42,minibatch_k64,text_pca256_lexical_w005
90668,62,minibatch_k64,text_pca256_lexical_w005
90669,42,minibatch_k64,text_pca256_lexical_w005
90670,33,minibatch_k64,text_pca256_lexical_w005
90671,33,minibatch_k64,text_pca256_lexical_w005
90672,42,minibatch_k64,text_pca256_lexical_w005
90673,42,minibatch_k64,text_pca256_lexical_w005
90674,33,minibatch_k64,text_pca256_lexical_w005
90675,42,minibatch_k64,text_pca256_lexical_w005
90676,21,minibatch_k64,text_pca256_lexical_w005
90677,42,minibatch_k64,text_pca256_lexical_w005
90678,42,minibatch_k64,text_pca256_lexical_w005
90679,42,minibatch_k64,text_pca256_lexical_w005
90680,33,minibatch_k64,text_pca256_lexical_w005
90681,42,minibatch_k64,text_pca256_lexical_w005
90682,42,minibatch_k64,text_pca256_lexical_w005
90683,42,minibatch_k64,text_pca256_lexical_w005
90684,10,minibatch_k64,text_pca256_lexical_w005
90685,33,minibatch_k64,text_pca256_lexical_w005
90686,33,minibatch_k64,text_pca256_lexical_w005
90687,42,minibatch_k64,text_pca256_lexical_w005
90688,42,minibatch_k64,text_pca256_lexical_w005
90689,33,minibatch_k64,text_pca256_lexical_w005
90690,33,minibatch_k64,text_pca256_lexical_w005
90691,21,minibatch_k64,text_pca256_lexical_w005
90692,0,minibatch_k64,text_pca256_lexical_w005
90693,33,minibatch_k64,text_pca256_lexical_w005
90694,42,minibatch_k64,text_pca256_lexical_w005
90695,42,minibatch_k64,text_pca256_lexical_w005
90696,33,minibatch_k64,text_pca256_lexical_w005
90697,50,minibatch_k64,text_pca256_lexical_w005
90698,42,minibatch_k64,text_pca256_lexical_w005
90699,42,minibatch_k64,text_pca256_lexical_w005
90700,42,minibatch_k64,text_pca256_lexical_w005
90701,42,minibatch_k64,text_pca256_lexical_w005
90702,33,minibatch_k64,text_pca256_lexical_w005
90703,42,minibatch_k64,text_pca256_lexical_w005
90704,0,minibatch_k64,text_pca256_lexical_w005
90705,10,minibatch_k64,text_pca256_lexical_w005
90706,62,minibatch_k64,text_pca256_lexical_w005
90707,42,minibatch_k64,text_pca256_lexical_w005
90708,0,minibatch_k64,text_pca256_lexical_w005
90709,33,minibatch_k64,text_pca256_lexical_w005
90710,50,minibatch_k64,text_pca256_lexical_w005
90711,42,minibatch_k64,text_pca256_lexical_w005
90712,42,minibatch_k64,text_pca256_lexical_w005
90713,42,minibatch_k64,text_pca256_lexical_w005
90714,0,minibatch_k64,text_pca256_lexical_w005
90715,42,minibatch_k64,text_pca256_lexical_w005
90716,62,minibatch_k64,text_pca256_lexical_w005
90717,15,minibatch_k64,text_pca256_lexical_w005
90718,42,minibatch_k64,text_pca256_lexical_w005
90719,42,minibatch_k64,text_pca256_lexical_w005
90720,42,minibatch_k64,text_pca256_lexical_w005
90721,8,minibatch_k64,text_pca256_lexical_w005
90722,33,minibatch_k64,text_pca256_lexical_w005
90723,42,minibatch_k64,text_pca256_lexical_w005
90724,33,minibatch_k64,text_pca256_lexical_w005
90725,42,minibatch_k64,text_pca256_lexical_w005
90726,42,minibatch_k64,text_pca256_lexical_w005
90727,62,minibatch_k64,text_pca256_lexical_w005
90728,8,minibatch_k64,text_pca256_lexical_w005
90729,8,minibatch_k64,text_pca256_lexical_w005
90730,42,minibatch_k64,text_pca256_lexical_w005
90731,42,minibatch_k64,text_pca256_lexical_w005
90732,42,minibatch_k64,text_pca256_lexical_w005
90733,8,minibatch_k64,text_pca256_lexical_w005
90734,42,minibatch_k64,text_pca256_lexical_w005
90735,21,minibatch_k64,text_pca256_lexical_w005
90736,21,minibatch_k64,text_pca256_lexical_w005
90737,42,minibatch_k64,text_pca256_lexical_w005
90738,33,minibatch_k64,text_pca256_lexical_w005
90739,33,minibatch_k64,text_pca256_lexical_w005
90740,42,minibatch_k64,text_pca256_lexical_w005
90741,42,minibatch_k64,text_pca256_lexical_w005
90742,0,minibatch_k64,text_pca256_lexical_w005
90743,33,minibatch_k64,text_pca256_lexical_w005
90744,42,minibatch_k64,text_pca256_lexical_w005
90745,62,minibatch_k64,text_pca256_lexical_w005
90746,15,minibatch_k64,text_pca256_lexical_w005
90747,33,minibatch_k64,text_pca256_lexical_w005
90748,42,minibatch_k64,text_pca256_lexical_w005
90749,42,minibatch_k64,text_pca256_lexical_w005
90750,42,minibatch_k64,text_pca256_lexical_w005
90751,21,minibatch_k64,text_pca256_lexical_w005
90752,42,minibatch_k64,text_pca256_lexical_w005
90753,42,minibatch_k64,text_pca256_lexical_w005
90754,42,minibatch_k64,text_pca256_lexical_w005
90755,42,minibatch_k64,text_pca256_lexical_w005
90756,0,minibatch_k64,text_pca256_lexical_w005
90757,15,minibatch_k64,text_pca256_lexical_w005
90758,42,minibatch_k64,text_pca256_lexical_w005
90759,33,minibatch_k64,text_pca256_lexical_w005
90760,62,minibatch_k64,text_pca256_lexical_w005
90761,42,minibatch_k64,text_pca256_lexical_w005
90762,42,minibatch_k64,text_pca256_lexical_w005
90763,42,minibatch_k64,text_pca256_lexical_w005
90764,33,minibatch_k64,text_pca256_lexical_w005
90765,10,minibatch_k64,text_pca256_lexical_w005
90766,10,minibatch_k64,text_pca256_lexical_w005
90767,33,minibatch_k64,text_pca256_lexical_w005
90768,42,minibatch_k64,text_pca256_lexical_w005
90769,42,minibatch_k64,text_pca256_lexical_w005
90770,50,minibatch_k64,text_pca256_lexical_w005
90771,42,minibatch_k64,text_pca256_lexical_w005
90772,42,minibatch_k64,text_pca256_lexical_w005
90773,42,minibatch_k64,text_pca256_lexical_w005
90774,42,minibatch_k64,text_pca256_lexical_w005
90775,42,minibatch_k64,text_pca256_lexical_w005
90776,42,minibatch_k64,text_pca256_lexical_w005
90777,42,minibatch_k64,text_pca256_lexical_w005
90778,42,minibatch_k64,text_pca256_lexical_w005
90779,42,minibatch_k64,text_pca256_lexical_w005
90780,42,minibatch_k64,text_pca256_lexical_w005
90781,42,minibatch_k64,text_pca256_lexical_w005
90782,42,minibatch_k64,text_pca256_lexical_w005
90783,0,minibatch_k64,text_pca256_lexical_w005
90784,15,minibatch_k64,text_pca256_lexical_w005
90785,42,minibatch_k64,text_pca256_lexical_w005
90786,42,minibatch_k64,text_pca256_lexical_w005
90787,62,minibatch_k64,text_pca256_lexical_w005
90788,42,minibatch_k64,text_pca256_lexical_w005
90789,42,minibatch_k64,text_pca256_lexical_w005
90790,42,minibatch_k64,text_pca256_lexical_w005
90791,42,minibatch_k64,text_pca256_lexical_w005
90792,42,minibatch_k64,text_pca256_lexical_w005
90793,42,minibatch_k64,text_pca256_lexical_w005
90794,21,minibatch_k64,text_pca256_lexical_w005
90795,42,minibatch_k64,text_pca256_lexical_w005
90796,42,minibatch_k64,text_pca256_lexical_w005
90797,42,minibatch_k64,text_pca256_lexical_w005
90798,8,minibatch_k64,text_pca256_lexical_w005
90799,42,minibatch_k64,text_pca256_lexical_w005
90800,42,minibatch_k64,text_pca256_lexical_w005
90801,42,minibatch_k64,text_pca256_lexical_w005
90802,42,minibatch_k64,text_pca256_lexical_w005
90803,42,minibatch_k64,text_pca256_lexical_w005
90804,42,minibatch_k64,text_pca256_lexical_w005
90805,42,minibatch_k64,text_pca256_lexical_w005
90806,42,minibatch_k64,text_pca256_lexical_w005
90807,42,minibatch_k64,text_pca256_lexical_w005
90808,50,minibatch_k64,text_pca256_lexical_w005
90809,59,minibatch_k64,text_pca256_lexical_w005
90810,42,minibatch_k64,text_pca256_lexical_w005
90811,42,minibatch_k64,text_pca256_lexical_w005
90812,42,minibatch_k64,text_pca256_lexical_w005
90813,42,minibatch_k64,text_pca256_lexical_w005
90814,42,minibatch_k64,text_pca256_lexical_w005
90815,23,minibatch_k64,text_pca256_lexical_w005
90816,23,minibatch_k64,text_pca256_lexical_w005
90817,0,minibatch_k64,text_pca256_lexical_w005
90818,0,minibatch_k64,text_pca256_lexical_w005
90819,45,minibatch_k64,text_pca256_lexical_w005
90820,23,minibatch_k64,text_pca256_lexical_w005
90821,15,minibatch_k64,text_pca256_lexical_w005
90822,62,minibatch_k64,text_pca256_lexical_w005
90823,0,minibatch_k64,text_pca256_lexical_w005
90824,15,minibatch_k64,text_pca256_lexical_w005
90825,8,minibatch_k64,text_pca256_lexical_w005
90826,42,minibatch_k64,text_pca256_lexical_w005
90827,8,minibatch_k64,text_pca256_lexical_w005
90828,25,minibatch_k64,text_pca256_lexical_w005
90829,0,minibatch_k64,text_pca256_lexical_w005
90830,46,minibatch_k64,text_pca256_lexical_w005
90831,0,minibatch_k64,text_pca256_lexical_w005
90832,42,minibatch_k64,text_pca256_lexical_w005
90833,49,minibatch_k64,text_pca256_lexical_w005
90834,56,minibatch_k64,text_pca256_lexical_w005
90835,0,minibatch_k64,text_pca256_lexical_w005
90836,39,minibatch_k64,text_pca256_lexical_w005
90837,49,minibatch_k64,text_pca256_lexical_w005
90838,33,minibatch_k64,text_pca256_lexical_w005
90839,0,minibatch_k64,text_pca256_lexical_w005
90840,38,minibatch_k64,text_pca256_lexical_w005
90841,49,minibatch_k64,text_pca256_lexical_w005
90842,62,minibatch_k64,text_pca256_lexical_w005
90843,49,minibatch_k64,text_pca256_lexical_w005
90844,21,minibatch_k64,text_pca256_lexical_w005
90845,25,minibatch_k64,text_pca256_lexical_w005
90846,42,minibatch_k64,text_pca256_lexical_w005
90847,0,minibatch_k64,text_pca256_lexical_w005
90848,49,minibatch_k64,text_pca256_lexical_w005
90849,56,minibatch_k64,text_pca256_lexical_w005
90850,0,minibatch_k64,text_pca256_lexical_w005
90851,49,minibatch_k64,text_pca256_lexical_w005
90852,49,minibatch_k64,text_pca256_lexical_w005
90853,49,minibatch_k64,text_pca256_lexical_w005
90854,38,minibatch_k64,text_pca256_lexical_w005
90855,45,minibatch_k64,text_pca256_lexical_w005
90856,56,minibatch_k64,text_pca256_lexical_w005
90857,49,minibatch_k64,text_pca256_lexical_w005
90858,49,minibatch_k64,text_pca256_lexical_w005
90859,42,minibatch_k64,text_pca256_lexical_w005
90860,49,minibatch_k64,text_pca256_lexical_w005
90861,33,minibatch_k64,text_pca256_lexical_w005
90862,0,minibatch_k64,text_pca256_lexical_w005
90863,50,minibatch_k64,text_pca256_lexical_w005
90864,25,minibatch_k64,text_pca256_lexical_w005
90865,56,minibatch_k64,text_pca256_lexical_w005
90866,49,minibatch_k64,text_pca256_lexical_w005
90867,56,minibatch_k64,text_pca256_lexical_w005
90868,0,minibatch_k64,text_pca256_lexical_w005
90869,42,minibatch_k64,text_pca256_lexical_w005
90870,38,minibatch_k64,text_pca256_lexical_w005
90871,49,minibatch_k64,text_pca256_lexical_w005
90872,45,minibatch_k64,text_pca256_lexical_w005
90873,45,minibatch_k64,text_pca256_lexical_w005
90874,56,minibatch_k64,text_pca256_lexical_w005
90875,62,minibatch_k64,text_pca256_lexical_w005
90876,10,minibatch_k64,text_pca256_lexical_w005
90877,49,minibatch_k64,text_pca256_lexical_w005
90878,42,minibatch_k64,text_pca256_lexical_w005
90879,49,minibatch_k64,text_pca256_lexical_w005
90880,0,minibatch_k64,text_pca256_lexical_w005
90881,25,minibatch_k64,text_pca256_lexical_w005
90882,33,minibatch_k64,text_pca256_lexical_w005
90883,0,minibatch_k64,text_pca256_lexical_w005
90884,38,minibatch_k64,text_pca256_lexical_w005
90885,62,minibatch_k64,text_pca256_lexical_w005
90886,56,minibatch_k64,text_pca256_lexical_w005
90887,56,minibatch_k64,text_pca256_lexical_w005
90888,8,minibatch_k64,text_pca256_lexical_w005
90889,49,minibatch_k64,text_pca256_lexical_w005
90890,0,minibatch_k64,text_pca256_lexical_w005
90891,10,minibatch_k64,text_pca256_lexical_w005
90892,42,minibatch_k64,text_pca256_lexical_w005
90893,62,minibatch_k64,text_pca256_lexical_w005
90894,25,minibatch_k64,text_pca256_lexical_w005
90895,56,minibatch_k64,text_pca256_lexical_w005
90896,56,minibatch_k64,text_pca256_lexical_w005
90897,42,minibatch_k64,text_pca256_lexical_w005
90898,62,minibatch_k64,text_pca256_lexical_w005
90899,0,minibatch_k64,text_pca256_lexical_w005
90900,49,minibatch_k64,text_pca256_lexical_w005
90901,8,minibatch_k64,text_pca256_lexical_w005
90902,38,minibatch_k64,text_pca256_lexical_w005
90903,1,minibatch_k64,text_pca256_lexical_w005
90904,45,minibatch_k64,text_pca256_lexical_w005
90905,55,minibatch_k64,text_pca256_lexical_w005
90906,42,minibatch_k64,text_pca256_lexical_w005
90907,42,minibatch_k64,text_pca256_lexical_w005
90908,42,minibatch_k64,text_pca256_lexical_w005
90909,42,minibatch_k64,text_pca256_lexical_w005
90910,49,minibatch_k64,text_pca256_lexical_w005
90911,1,minibatch_k64,text_pca256_lexical_w005
90912,8,minibatch_k64,text_pca256_lexical_w005
90913,8,minibatch_k64,text_pca256_lexical_w005
90914,0,minibatch_k64,text_pca256_lexical_w005
90915,42,minibatch_k64,text_pca256_lexical_w005
90916,25,minibatch_k64,text_pca256_lexical_w005
90917,49,minibatch_k64,text_pca256_lexical_w005
90918,49,minibatch_k64,text_pca256_lexical_w005
90919,42,minibatch_k64,text_pca256_lexical_w005
90920,8,minibatch_k64,text_pca256_lexical_w005
90921,1,minibatch_k64,text_pca256_lexical_w005
90922,49,minibatch_k64,text_pca256_lexical_w005
90923,21,minibatch_k64,text_pca256_lexical_w005
90924,8,minibatch_k64,text_pca256_lexical_w005
90925,56,minibatch_k64,text_pca256_lexical_w005
90926,56,minibatch_k64,text_pca256_lexical_w005
90927,56,minibatch_k64,text_pca256_lexical_w005
90928,38,minibatch_k64,text_pca256_lexical_w005
90929,55,minibatch_k64,text_pca256_lexical_w005
90930,8,minibatch_k64,text_pca256_lexical_w005
90931,8,minibatch_k64,text_pca256_lexical_w005
90932,56,minibatch_k64,text_pca256_lexical_w005
90933,8,minibatch_k64,text_pca256_lexical_w005
90934,42,minibatch_k64,text_pca256_lexical_w005
90935,8,minibatch_k64,text_pca256_lexical_w005
90936,0,minibatch_k64,text_pca256_lexical_w005
90937,53,minibatch_k64,text_pca256_lexical_w005
90938,25,minibatch_k64,text_pca256_lexical_w005
90939,56,minibatch_k64,text_pca256_lexical_w005
90940,56,minibatch_k64,text_pca256_lexical_w005
90941,42,minibatch_k64,text_pca256_lexical_w005
90942,0,minibatch_k64,text_pca256_lexical_w005
90943,42,minibatch_k64,text_pca256_lexical_w005
90944,38,minibatch_k64,text_pca256_lexical_w005
90945,0,minibatch_k64,text_pca256_lexical_w005
90946,56,minibatch_k64,text_pca256_lexical_w005
90947,42,minibatch_k64,text_pca256_lexical_w005
90948,42,minibatch_k64,text_pca256_lexical_w005
90949,8,minibatch_k64,text_pca256_lexical_w005
90950,21,minibatch_k64,text_pca256_lexical_w005
90951,8,minibatch_k64,text_pca256_lexical_w005
90952,0,minibatch_k64,text_pca256_lexical_w005
90953,25,minibatch_k64,text_pca256_lexical_w005
90954,56,minibatch_k64,text_pca256_lexical_w005
90955,0,minibatch_k64,text_pca256_lexical_w005
90956,42,minibatch_k64,text_pca256_lexical_w005
90957,8,minibatch_k64,text_pca256_lexical_w005
90958,38,minibatch_k64,text_pca256_lexical_w005
90959,56,minibatch_k64,text_pca256_lexical_w005
90960,45,minibatch_k64,text_pca256_lexical_w005
90961,55,minibatch_k64,text_pca256_lexical_w005
90962,49,minibatch_k64,text_pca256_lexical_w005
90963,53,minibatch_k64,text_pca256_lexical_w005
90964,8,minibatch_k64,text_pca256_lexical_w005
90965,62,minibatch_k64,text_pca256_lexical_w005
90966,56,minibatch_k64,text_pca256_lexical_w005
90967,39,minibatch_k64,text_pca256_lexical_w005
90968,0,minibatch_k64,text_pca256_lexical_w005
90969,56,minibatch_k64,text_pca256_lexical_w005
90970,49,minibatch_k64,text_pca256_lexical_w005
90971,1,minibatch_k64,text_pca256_lexical_w005
90972,62,minibatch_k64,text_pca256_lexical_w005
90973,25,minibatch_k64,text_pca256_lexical_w005
90974,56,minibatch_k64,text_pca256_lexical_w005
90975,56,minibatch_k64,text_pca256_lexical_w005
90976,21,minibatch_k64,text_pca256_lexical_w005
90977,56,minibatch_k64,text_pca256_lexical_w005
90978,42,minibatch_k64,text_pca256_lexical_w005
90979,1,minibatch_k64,text_pca256_lexical_w005
90980,49,minibatch_k64,text_pca256_lexical_w005
90981,56,minibatch_k64,text_pca256_lexical_w005
90982,8,minibatch_k64,text_pca256_lexical_w005
90983,1,minibatch_k64,text_pca256_lexical_w005
90984,49,minibatch_k64,text_pca256_lexical_w005
90985,25,minibatch_k64,text_pca256_lexical_w005
90986,1,minibatch_k64,text_pca256_lexical_w005
90987,49,minibatch_k64,text_pca256_lexical_w005
90988,56,minibatch_k64,text_pca256_lexical_w005
90989,1,minibatch_k64,text_pca256_lexical_w005
90990,49,minibatch_k64,text_pca256_lexical_w005
90991,21,minibatch_k64,text_pca256_lexical_w005
90992,0,minibatch_k64,text_pca256_lexical_w005
90993,49,minibatch_k64,text_pca256_lexical_w005
90994,1,minibatch_k64,text_pca256_lexical_w005
90995,49,minibatch_k64,text_pca256_lexical_w005
90996,8,minibatch_k64,text_pca256_lexical_w005
90997,55,minibatch_k64,text_pca256_lexical_w005
90998,44,minibatch_k64,text_pca256_lexical_w005
90999,1,minibatch_k64,text_pca256_lexical_w005
91000,49,minibatch_k64,text_pca256_lexical_w005
91001,44,minibatch_k64,text_pca256_lexical_w005
91002,21,minibatch_k64,text_pca256_lexical_w005
91003,56,minibatch_k64,text_pca256_lexical_w005
91004,42,minibatch_k64,text_pca256_lexical_w005
91005,56,minibatch_k64,text_pca256_lexical_w005
91006,1,minibatch_k64,text_pca256_lexical_w005
91007,49,minibatch_k64,text_pca256_lexical_w005
91008,44,minibatch_k64,text_pca256_lexical_w005
91009,21,minibatch_k64,text_pca256_lexical_w005
91010,21,minibatch_k64,text_pca256_lexical_w005
91011,49,minibatch_k64,text_pca256_lexical_w005
91012,1,minibatch_k64,text_pca256_lexical_w005
91013,0,minibatch_k64,text_pca256_lexical_w005
91014,49,minibatch_k64,text_pca256_lexical_w005
91015,21,minibatch_k64,text_pca256_lexical_w005
91016,49,minibatch_k64,text_pca256_lexical_w005
91017,1,minibatch_k64,text_pca256_lexical_w005
91018,25,minibatch_k64,text_pca256_lexical_w005
91019,56,minibatch_k64,text_pca256_lexical_w005
91020,56,minibatch_k64,text_pca256_lexical_w005
91021,49,minibatch_k64,text_pca256_lexical_w005
91022,0,minibatch_k64,text_pca256_lexical_w005
91023,1,minibatch_k64,text_pca256_lexical_w005
91024,49,minibatch_k64,text_pca256_lexical_w005
91025,21,minibatch_k64,text_pca256_lexical_w005
91026,1,minibatch_k64,text_pca256_lexical_w005
91027,49,minibatch_k64,text_pca256_lexical_w005
91028,21,minibatch_k64,text_pca256_lexical_w005
91029,33,minibatch_k64,text_pca256_lexical_w005
91030,0,minibatch_k64,text_pca256_lexical_w005
91031,1,minibatch_k64,text_pca256_lexical_w005
91032,49,minibatch_k64,text_pca256_lexical_w005
91033,21,minibatch_k64,text_pca256_lexical_w005
91034,21,minibatch_k64,text_pca256_lexical_w005
91035,49,minibatch_k64,text_pca256_lexical_w005
91036,38,minibatch_k64,text_pca256_lexical_w005
91037,56,minibatch_k64,text_pca256_lexical_w005
91038,1,minibatch_k64,text_pca256_lexical_w005
91039,0,minibatch_k64,text_pca256_lexical_w005
91040,55,minibatch_k64,text_pca256_lexical_w005
91041,49,minibatch_k64,text_pca256_lexical_w005
91042,56,minibatch_k64,text_pca256_lexical_w005
91043,62,minibatch_k64,text_pca256_lexical_w005
91044,42,minibatch_k64,text_pca256_lexical_w005
91045,1,minibatch_k64,text_pca256_lexical_w005
91046,49,minibatch_k64,text_pca256_lexical_w005
91047,1,minibatch_k64,text_pca256_lexical_w005
91048,49,minibatch_k64,text_pca256_lexical_w005
91049,21,minibatch_k64,text_pca256_lexical_w005
91050,8,minibatch_k64,text_pca256_lexical_w005
91051,50,minibatch_k64,text_pca256_lexical_w005
91052,0,minibatch_k64,text_pca256_lexical_w005
91053,1,minibatch_k64,text_pca256_lexical_w005
91054,49,minibatch_k64,text_pca256_lexical_w005
91055,21,minibatch_k64,text_pca256_lexical_w005
91056,56,minibatch_k64,text_pca256_lexical_w005
91057,1,minibatch_k64,text_pca256_lexical_w005
91058,49,minibatch_k64,text_pca256_lexical_w005
91059,25,minibatch_k64,text_pca256_lexical_w005
91060,56,minibatch_k64,text_pca256_lexical_w005
91061,23,minibatch_k64,text_pca256_lexical_w005
91062,21,minibatch_k64,text_pca256_lexical_w005
91063,0,minibatch_k64,text_pca256_lexical_w005
91064,0,minibatch_k64,text_pca256_lexical_w005
91065,62,minibatch_k64,text_pca256_lexical_w005
91066,56,minibatch_k64,text_pca256_lexical_w005
91067,49,minibatch_k64,text_pca256_lexical_w005
91068,1,minibatch_k64,text_pca256_lexical_w005
91069,1,minibatch_k64,text_pca256_lexical_w005
91070,49,minibatch_k64,text_pca256_lexical_w005
91071,62,minibatch_k64,text_pca256_lexical_w005
91072,56,minibatch_k64,text_pca256_lexical_w005
91073,1,minibatch_k64,text_pca256_lexical_w005
91074,49,minibatch_k64,text_pca256_lexical_w005
91075,56,minibatch_k64,text_pca256_lexical_w005
91076,56,minibatch_k64,text_pca256_lexical_w005
91077,0,minibatch_k64,text_pca256_lexical_w005
91078,49,minibatch_k64,text_pca256_lexical_w005
91079,8,minibatch_k64,text_pca256_lexical_w005
91080,49,minibatch_k64,text_pca256_lexical_w005
91081,1,minibatch_k64,text_pca256_lexical_w005
91082,56,minibatch_k64,text_pca256_lexical_w005
91083,0,minibatch_k64,text_pca256_lexical_w005
91084,1,minibatch_k64,text_pca256_lexical_w005
91085,49,minibatch_k64,text_pca256_lexical_w005
91086,38,minibatch_k64,text_pca256_lexical_w005
91087,0,minibatch_k64,text_pca256_lexical_w005
91088,55,minibatch_k64,text_pca256_lexical_w005
91089,56,minibatch_k64,text_pca256_lexical_w005
91090,1,minibatch_k64,text_pca256_lexical_w005
91091,49,minibatch_k64,text_pca256_lexical_w005
91092,42,minibatch_k64,text_pca256_lexical_w005
91093,56,minibatch_k64,text_pca256_lexical_w005
91094,56,minibatch_k64,text_pca256_lexical_w005
91095,1,minibatch_k64,text_pca256_lexical_w005
91096,49,minibatch_k64,text_pca256_lexical_w005
91097,53,minibatch_k64,text_pca256_lexical_w005
91098,1,minibatch_k64,text_pca256_lexical_w005
91099,49,minibatch_k64,text_pca256_lexical_w005
91100,56,minibatch_k64,text_pca256_lexical_w005
91101,1,minibatch_k64,text_pca256_lexical_w005
91102,49,minibatch_k64,text_pca256_lexical_w005
91103,62,minibatch_k64,text_pca256_lexical_w005
91104,56,minibatch_k64,text_pca256_lexical_w005
91105,49,minibatch_k64,text_pca256_lexical_w005
91106,1,minibatch_k64,text_pca256_lexical_w005
91107,49,minibatch_k64,text_pca256_lexical_w005
91108,0,minibatch_k64,text_pca256_lexical_w005
91109,56,minibatch_k64,text_pca256_lexical_w005
91110,1,minibatch_k64,text_pca256_lexical_w005
91111,49,minibatch_k64,text_pca256_lexical_w005
91112,25,minibatch_k64,text_pca256_lexical_w005
91113,1,minibatch_k64,text_pca256_lexical_w005
91114,56,minibatch_k64,text_pca256_lexical_w005
91115,56,minibatch_k64,text_pca256_lexical_w005
91116,49,minibatch_k64,text_pca256_lexical_w005
91117,21,minibatch_k64,text_pca256_lexical_w005
91118,1,minibatch_k64,text_pca256_lexical_w005
91119,49,minibatch_k64,text_pca256_lexical_w005
91120,1,minibatch_k64,text_pca256_lexical_w005
91121,21,minibatch_k64,text_pca256_lexical_w005
91122,1,minibatch_k64,text_pca256_lexical_w005
91123,49,minibatch_k64,text_pca256_lexical_w005
91124,0,minibatch_k64,text_pca256_lexical_w005
91125,4,minibatch_k64,text_pca256_lexical_w005
91126,56,minibatch_k64,text_pca256_lexical_w005
91127,49,minibatch_k64,text_pca256_lexical_w005
91128,1,minibatch_k64,text_pca256_lexical_w005
91129,42,minibatch_k64,text_pca256_lexical_w005
91130,15,minibatch_k64,text_pca256_lexical_w005
91131,42,minibatch_k64,text_pca256_lexical_w005
91132,1,minibatch_k64,text_pca256_lexical_w005
91133,38,minibatch_k64,text_pca256_lexical_w005
91134,21,minibatch_k64,text_pca256_lexical_w005
91135,4,minibatch_k64,text_pca256_lexical_w005
91136,1,minibatch_k64,text_pca256_lexical_w005
91137,49,minibatch_k64,text_pca256_lexical_w005
91138,1,minibatch_k64,text_pca256_lexical_w005
91139,56,minibatch_k64,text_pca256_lexical_w005
91140,1,minibatch_k64,text_pca256_lexical_w005
91141,0,minibatch_k64,text_pca256_lexical_w005
91142,49,minibatch_k64,text_pca256_lexical_w005
91143,33,minibatch_k64,text_pca256_lexical_w005
91144,1,minibatch_k64,text_pca256_lexical_w005
91145,1,minibatch_k64,text_pca256_lexical_w005
91146,56,minibatch_k64,text_pca256_lexical_w005
91147,49,minibatch_k64,text_pca256_lexical_w005
91148,49,minibatch_k64,text_pca256_lexical_w005
91149,25,minibatch_k64,text_pca256_lexical_w005
91150,1,minibatch_k64,text_pca256_lexical_w005
91151,33,minibatch_k64,text_pca256_lexical_w005
91152,1,minibatch_k64,text_pca256_lexical_w005
91153,21,minibatch_k64,text_pca256_lexical_w005
91154,0,minibatch_k64,text_pca256_lexical_w005
91155,56,minibatch_k64,text_pca256_lexical_w005
91156,1,minibatch_k64,text_pca256_lexical_w005
91157,56,minibatch_k64,text_pca256_lexical_w005
91158,1,minibatch_k64,text_pca256_lexical_w005
91159,38,minibatch_k64,text_pca256_lexical_w005
91160,10,minibatch_k64,text_pca256_lexical_w005
91161,15,minibatch_k64,text_pca256_lexical_w005
91162,55,minibatch_k64,text_pca256_lexical_w005
91163,1,minibatch_k64,text_pca256_lexical_w005
91164,33,minibatch_k64,text_pca256_lexical_w005
91165,33,minibatch_k64,text_pca256_lexical_w005
91166,1,minibatch_k64,text_pca256_lexical_w005
91167,1,minibatch_k64,text_pca256_lexical_w005
91168,62,minibatch_k64,text_pca256_lexical_w005
91169,0,minibatch_k64,text_pca256_lexical_w005
91170,56,minibatch_k64,text_pca256_lexical_w005
91171,33,minibatch_k64,text_pca256_lexical_w005
91172,1,minibatch_k64,text_pca256_lexical_w005
91173,33,minibatch_k64,text_pca256_lexical_w005
91174,62,minibatch_k64,text_pca256_lexical_w005
91175,56,minibatch_k64,text_pca256_lexical_w005
91176,1,minibatch_k64,text_pca256_lexical_w005
91177,62,minibatch_k64,text_pca256_lexical_w005
91178,1,minibatch_k64,text_pca256_lexical_w005
91179,21,minibatch_k64,text_pca256_lexical_w005
91180,56,minibatch_k64,text_pca256_lexical_w005
91181,56,minibatch_k64,text_pca256_lexical_w005
91182,10,minibatch_k64,text_pca256_lexical_w005
91183,4,minibatch_k64,text_pca256_lexical_w005
91184,56,minibatch_k64,text_pca256_lexical_w005
91185,21,minibatch_k64,text_pca256_lexical_w005
91186,21,minibatch_k64,text_pca256_lexical_w005
91187,33,minibatch_k64,text_pca256_lexical_w005
91188,56,minibatch_k64,text_pca256_lexical_w005
91189,38,minibatch_k64,text_pca256_lexical_w005
91190,33,minibatch_k64,text_pca256_lexical_w005
91191,42,minibatch_k64,text_pca256_lexical_w005
91192,56,minibatch_k64,text_pca256_lexical_w005
91193,42,minibatch_k64,text_pca256_lexical_w005
91194,42,minibatch_k64,text_pca256_lexical_w005
91195,8,minibatch_k64,text_pca256_lexical_w005
91196,42,minibatch_k64,text_pca256_lexical_w005
91197,10,minibatch_k64,text_pca256_lexical_w005
91198,56,minibatch_k64,text_pca256_lexical_w005
91199,42,minibatch_k64,text_pca256_lexical_w005
91200,25,minibatch_k64,text_pca256_lexical_w005
91201,42,minibatch_k64,text_pca256_lexical_w005
91202,56,minibatch_k64,text_pca256_lexical_w005
91203,56,minibatch_k64,text_pca256_lexical_w005
91204,23,minibatch_k64,text_pca256_lexical_w005
91205,21,minibatch_k64,text_pca256_lexical_w005
91206,33,minibatch_k64,text_pca256_lexical_w005
91207,62,minibatch_k64,text_pca256_lexical_w005
91208,62,minibatch_k64,text_pca256_lexical_w005
91209,56,minibatch_k64,text_pca256_lexical_w005
91210,0,minibatch_k64,text_pca256_lexical_w005
91211,38,minibatch_k64,text_pca256_lexical_w005
91212,45,minibatch_k64,text_pca256_lexical_w005
91213,55,minibatch_k64,text_pca256_lexical_w005
91214,59,minibatch_k64,text_pca256_lexical_w005
91215,42,minibatch_k64,text_pca256_lexical_w005
91216,27,minibatch_k64,text_pca256_lexical_w005
91217,23,minibatch_k64,text_pca256_lexical_w005
91218,33,minibatch_k64,text_pca256_lexical_w005
91219,0,minibatch_k64,text_pca256_lexical_w005
91220,21,minibatch_k64,text_pca256_lexical_w005
91221,10,minibatch_k64,text_pca256_lexical_w005
91222,21,minibatch_k64,text_pca256_lexical_w005
91223,8,minibatch_k64,text_pca256_lexical_w005
91224,25,minibatch_k64,text_pca256_lexical_w005
91225,0,minibatch_k64,text_pca256_lexical_w005
91226,56,minibatch_k64,text_pca256_lexical_w005
91227,33,minibatch_k64,text_pca256_lexical_w005
91228,59,minibatch_k64,text_pca256_lexical_w005
91229,33,minibatch_k64,text_pca256_lexical_w005
91230,15,minibatch_k64,text_pca256_lexical_w005
91231,27,minibatch_k64,text_pca256_lexical_w005
91232,21,minibatch_k64,text_pca256_lexical_w005
91233,15,minibatch_k64,text_pca256_lexical_w005
91234,27,minibatch_k64,text_pca256_lexical_w005
91235,0,minibatch_k64,text_pca256_lexical_w005
91236,27,minibatch_k64,text_pca256_lexical_w005
91237,62,minibatch_k64,text_pca256_lexical_w005
91238,45,minibatch_k64,text_pca256_lexical_w005
91239,27,minibatch_k64,text_pca256_lexical_w005
91240,33,minibatch_k64,text_pca256_lexical_w005
91241,58,minibatch_k64,text_pca256_lexical_w005
91242,8,minibatch_k64,text_pca256_lexical_w005
91243,8,minibatch_k64,text_pca256_lexical_w005
91244,55,minibatch_k64,text_pca256_lexical_w005
91245,42,minibatch_k64,text_pca256_lexical_w005
91246,42,minibatch_k64,text_pca256_lexical_w005
91247,42,minibatch_k64,text_pca256_lexical_w005
91248,0,minibatch_k64,text_pca256_lexical_w005
91249,8,minibatch_k64,text_pca256_lexical_w005
91250,39,minibatch_k64,text_pca256_lexical_w005
91251,62,minibatch_k64,text_pca256_lexical_w005
91252,18,minibatch_k64,text_pca256_lexical_w005
91253,18,minibatch_k64,text_pca256_lexical_w005
91254,27,minibatch_k64,text_pca256_lexical_w005
91255,59,minibatch_k64,text_pca256_lexical_w005
91256,8,minibatch_k64,text_pca256_lexical_w005
91257,45,minibatch_k64,text_pca256_lexical_w005
91258,33,minibatch_k64,text_pca256_lexical_w005
91259,33,minibatch_k64,text_pca256_lexical_w005
91260,33,minibatch_k64,text_pca256_lexical_w005
91261,59,minibatch_k64,text_pca256_lexical_w005
91262,42,minibatch_k64,text_pca256_lexical_w005
91263,42,minibatch_k64,text_pca256_lexical_w005
91264,15,minibatch_k64,text_pca256_lexical_w005
91265,33,minibatch_k64,text_pca256_lexical_w005
91266,10,minibatch_k64,text_pca256_lexical_w005
91267,33,minibatch_k64,text_pca256_lexical_w005
91268,30,minibatch_k64,text_pca256_lexical_w005
91269,17,minibatch_k64,text_pca256_lexical_w005
91270,41,minibatch_k64,text_pca256_lexical_w005
91271,56,minibatch_k64,text_pca256_lexical_w005
91272,42,minibatch_k64,text_pca256_lexical_w005
91273,21,minibatch_k64,text_pca256_lexical_w005
91274,10,minibatch_k64,text_pca256_lexical_w005
91275,6,minibatch_k64,text_pca256_lexical_w005
91276,41,minibatch_k64,text_pca256_lexical_w005
91277,8,minibatch_k64,text_pca256_lexical_w005
91278,10,minibatch_k64,text_pca256_lexical_w005
91279,41,minibatch_k64,text_pca256_lexical_w005
91280,21,minibatch_k64,text_pca256_lexical_w005
91281,59,minibatch_k64,text_pca256_lexical_w005
91282,10,minibatch_k64,text_pca256_lexical_w005
91283,56,minibatch_k64,text_pca256_lexical_w005
91284,6,minibatch_k64,text_pca256_lexical_w005
91285,56,minibatch_k64,text_pca256_lexical_w005
91286,42,minibatch_k64,text_pca256_lexical_w005
91287,10,minibatch_k64,text_pca256_lexical_w005
91288,45,minibatch_k64,text_pca256_lexical_w005
91289,10,minibatch_k64,text_pca256_lexical_w005
91290,41,minibatch_k64,text_pca256_lexical_w005
91291,6,minibatch_k64,text_pca256_lexical_w005
91292,59,minibatch_k64,text_pca256_lexical_w005
91293,41,minibatch_k64,text_pca256_lexical_w005
91294,10,minibatch_k64,text_pca256_lexical_w005
91295,45,minibatch_k64,text_pca256_lexical_w005
91296,48,minibatch_k64,text_pca256_lexical_w005
91297,59,minibatch_k64,text_pca256_lexical_w005
91298,59,minibatch_k64,text_pca256_lexical_w005
91299,8,minibatch_k64,text_pca256_lexical_w005
91300,39,minibatch_k64,text_pca256_lexical_w005
91301,47,minibatch_k64,text_pca256_lexical_w005
91302,23,minibatch_k64,text_pca256_lexical_w005
91303,0,minibatch_k64,text_pca256_lexical_w005
91304,5,minibatch_k64,text_pca256_lexical_w005
91305,23,minibatch_k64,text_pca256_lexical_w005
91306,47,minibatch_k64,text_pca256_lexical_w005
91307,23,minibatch_k64,text_pca256_lexical_w005
91308,55,minibatch_k64,text_pca256_lexical_w005
91309,22,minibatch_k64,text_pca256_lexical_w005
91310,23,minibatch_k64,text_pca256_lexical_w005
91311,5,minibatch_k64,text_pca256_lexical_w005
91312,5,minibatch_k64,text_pca256_lexical_w005
91313,5,minibatch_k64,text_pca256_lexical_w005
91314,2,minibatch_k64,text_pca256_lexical_w005
91315,5,minibatch_k64,text_pca256_lexical_w005
91316,5,minibatch_k64,text_pca256_lexical_w005
91317,45,minibatch_k64,text_pca256_lexical_w005
91318,5,minibatch_k64,text_pca256_lexical_w005
91319,59,minibatch_k64,text_pca256_lexical_w005
91320,59,minibatch_k64,text_pca256_lexical_w005
91321,8,minibatch_k64,text_pca256_lexical_w005
91322,0,minibatch_k64,text_pca256_lexical_w005
91323,23,minibatch_k64,text_pca256_lexical_w005
91324,23,minibatch_k64,text_pca256_lexical_w005
91325,21,minibatch_k64,text_pca256_lexical_w005
91326,23,minibatch_k64,text_pca256_lexical_w005
91327,23,minibatch_k64,text_pca256_lexical_w005
91328,50,minibatch_k64,text_pca256_lexical_w005
91329,33,minibatch_k64,text_pca256_lexical_w005
91330,23,minibatch_k64,text_pca256_lexical_w005
91331,10,minibatch_k64,text_pca256_lexical_w005
91332,12,minibatch_k64,text_pca256_lexical_w005
91333,40,minibatch_k64,text_pca256_lexical_w005
91334,23,minibatch_k64,text_pca256_lexical_w005
91335,8,minibatch_k64,text_pca256_lexical_w005
91336,23,minibatch_k64,text_pca256_lexical_w005
91337,55,minibatch_k64,text_pca256_lexical_w005
91338,40,minibatch_k64,text_pca256_lexical_w005
91339,0,minibatch_k64,text_pca256_lexical_w005
91340,12,minibatch_k64,text_pca256_lexical_w005
91341,8,minibatch_k64,text_pca256_lexical_w005
91342,40,minibatch_k64,text_pca256_lexical_w005
91343,40,minibatch_k64,text_pca256_lexical_w005
91344,4,minibatch_k64,text_pca256_lexical_w005
91345,33,minibatch_k64,text_pca256_lexical_w005
91346,8,minibatch_k64,text_pca256_lexical_w005
91347,4,minibatch_k64,text_pca256_lexical_w005
91348,23,minibatch_k64,text_pca256_lexical_w005
91349,21,minibatch_k64,text_pca256_lexical_w005
91350,23,minibatch_k64,text_pca256_lexical_w005
91351,4,minibatch_k64,text_pca256_lexical_w005
91352,62,minibatch_k64,text_pca256_lexical_w005
91353,23,minibatch_k64,text_pca256_lexical_w005
91354,23,minibatch_k64,text_pca256_lexical_w005
91355,23,minibatch_k64,text_pca256_lexical_w005
91356,4,minibatch_k64,text_pca256_lexical_w005
91357,4,minibatch_k64,text_pca256_lexical_w005
91358,23,minibatch_k64,text_pca256_lexical_w005
91359,4,minibatch_k64,text_pca256_lexical_w005
91360,12,minibatch_k64,text_pca256_lexical_w005
91361,40,minibatch_k64,text_pca256_lexical_w005
91362,0,minibatch_k64,text_pca256_lexical_w005
91363,59,minibatch_k64,text_pca256_lexical_w005
91364,21,minibatch_k64,text_pca256_lexical_w005
91365,39,minibatch_k64,text_pca256_lexical_w005
91366,10,minibatch_k64,text_pca256_lexical_w005
91367,23,minibatch_k64,text_pca256_lexical_w005
91368,40,minibatch_k64,text_pca256_lexical_w005
91369,21,minibatch_k64,text_pca256_lexical_w005
91370,21,minibatch_k64,text_pca256_lexical_w005
91371,10,minibatch_k64,text_pca256_lexical_w005
91372,21,minibatch_k64,text_pca256_lexical_w005
91373,8,minibatch_k64,text_pca256_lexical_w005
91374,0,minibatch_k64,text_pca256_lexical_w005
91375,62,minibatch_k64,text_pca256_lexical_w005
91376,21,minibatch_k64,text_pca256_lexical_w005
91377,16,minibatch_k64,text_pca256_lexical_w005
91378,21,minibatch_k64,text_pca256_lexical_w005
91379,21,minibatch_k64,text_pca256_lexical_w005
91380,23,minibatch_k64,text_pca256_lexical_w005
91381,21,minibatch_k64,text_pca256_lexical_w005
91382,21,minibatch_k64,text_pca256_lexical_w005
91383,16,minibatch_k64,text_pca256_lexical_w005
91384,21,minibatch_k64,text_pca256_lexical_w005
91385,23,minibatch_k64,text_pca256_lexical_w005
91386,23,minibatch_k64,text_pca256_lexical_w005
91387,23,minibatch_k64,text_pca256_lexical_w005
91388,21,minibatch_k64,text_pca256_lexical_w005
91389,23,minibatch_k64,text_pca256_lexical_w005
91390,23,minibatch_k64,text_pca256_lexical_w005
91391,23,minibatch_k64,text_pca256_lexical_w005
91392,8,minibatch_k64,text_pca256_lexical_w005
91393,45,minibatch_k64,text_pca256_lexical_w005
91394,0,minibatch_k64,text_pca256_lexical_w005
91395,23,minibatch_k64,text_pca256_lexical_w005
91396,61,minibatch_k64,text_pca256_lexical_w005
91397,15,minibatch_k64,text_pca256_lexical_w005
91398,23,minibatch_k64,text_pca256_lexical_w005
91399,45,minibatch_k64,text_pca256_lexical_w005
91400,47,minibatch_k64,text_pca256_lexical_w005
91401,61,minibatch_k64,text_pca256_lexical_w005
91402,55,minibatch_k64,text_pca256_lexical_w005
91403,62,minibatch_k64,text_pca256_lexical_w005
91404,15,minibatch_k64,text_pca256_lexical_w005
91405,62,minibatch_k64,text_pca256_lexical_w005
91406,15,minibatch_k64,text_pca256_lexical_w005
91407,21,minibatch_k64,text_pca256_lexical_w005
91408,39,minibatch_k64,text_pca256_lexical_w005
91409,40,minibatch_k64,text_pca256_lexical_w005
91410,16,minibatch_k64,text_pca256_lexical_w005
91411,62,minibatch_k64,text_pca256_lexical_w005
91412,0,minibatch_k64,text_pca256_lexical_w005
91413,23,minibatch_k64,text_pca256_lexical_w005
91414,59,minibatch_k64,text_pca256_lexical_w005
91415,23,minibatch_k64,text_pca256_lexical_w005
91416,23,minibatch_k64,text_pca256_lexical_w005
91417,23,minibatch_k64,text_pca256_lexical_w005
91418,23,minibatch_k64,text_pca256_lexical_w005
91419,55,minibatch_k64,text_pca256_lexical_w005
91420,10,minibatch_k64,text_pca256_lexical_w005
91421,21,minibatch_k64,text_pca256_lexical_w005
91422,40,minibatch_k64,text_pca256_lexical_w005
91423,55,minibatch_k64,text_pca256_lexical_w005
91424,53,minibatch_k64,text_pca256_lexical_w005
91425,59,minibatch_k64,text_pca256_lexical_w005
91426,0,minibatch_k64,text_pca256_lexical_w005
91427,21,minibatch_k64,text_pca256_lexical_w005
91428,62,minibatch_k64,text_pca256_lexical_w005
91429,33,minibatch_k64,text_pca256_lexical_w005
91430,62,minibatch_k64,text_pca256_lexical_w005
91431,62,minibatch_k64,text_pca256_lexical_w005
91432,23,minibatch_k64,text_pca256_lexical_w005
91433,32,minibatch_k64,text_pca256_lexical_w005
91434,18,minibatch_k64,text_pca256_lexical_w005
91435,47,minibatch_k64,text_pca256_lexical_w005
91436,47,minibatch_k64,text_pca256_lexical_w005
91437,0,minibatch_k64,text_pca256_lexical_w005
91438,59,minibatch_k64,text_pca256_lexical_w005
91439,62,minibatch_k64,text_pca256_lexical_w005
91440,8,minibatch_k64,text_pca256_lexical_w005
91441,32,minibatch_k64,text_pca256_lexical_w005
91442,33,minibatch_k64,text_pca256_lexical_w005
91443,15,minibatch_k64,text_pca256_lexical_w005
91444,12,minibatch_k64,text_pca256_lexical_w005
91445,2,minibatch_k64,text_pca256_lexical_w005
91446,55,minibatch_k64,text_pca256_lexical_w005
91447,45,minibatch_k64,text_pca256_lexical_w005
91448,62,minibatch_k64,text_pca256_lexical_w005
91449,23,minibatch_k64,text_pca256_lexical_w005
91450,15,minibatch_k64,text_pca256_lexical_w005
91451,0,minibatch_k64,text_pca256_lexical_w005
91452,32,minibatch_k64,text_pca256_lexical_w005
91453,10,minibatch_k64,text_pca256_lexical_w005
91454,12,minibatch_k64,text_pca256_lexical_w005
91455,32,minibatch_k64,text_pca256_lexical_w005
91456,23,minibatch_k64,text_pca256_lexical_w005
91457,8,minibatch_k64,text_pca256_lexical_w005
91458,16,minibatch_k64,text_pca256_lexical_w005
91459,12,minibatch_k64,text_pca256_lexical_w005
91460,23,minibatch_k64,text_pca256_lexical_w005
91461,62,minibatch_k64,text_pca256_lexical_w005
91462,62,minibatch_k64,text_pca256_lexical_w005
91463,50,minibatch_k64,text_pca256_lexical_w005
91464,62,minibatch_k64,text_pca256_lexical_w005
91465,33,minibatch_k64,text_pca256_lexical_w005
91466,32,minibatch_k64,text_pca256_lexical_w005
91467,33,minibatch_k64,text_pca256_lexical_w005
91468,0,minibatch_k64,text_pca256_lexical_w005
91469,12,minibatch_k64,text_pca256_lexical_w005
91470,12,minibatch_k64,text_pca256_lexical_w005
91471,18,minibatch_k64,text_pca256_lexical_w005
91472,12,minibatch_k64,text_pca256_lexical_w005
91473,12,minibatch_k64,text_pca256_lexical_w005
91474,62,minibatch_k64,text_pca256_lexical_w005
91475,53,minibatch_k64,text_pca256_lexical_w005
91476,62,minibatch_k64,text_pca256_lexical_w005
91477,45,minibatch_k64,text_pca256_lexical_w005
91478,55,minibatch_k64,text_pca256_lexical_w005
91479,55,minibatch_k64,text_pca256_lexical_w005
91480,15,minibatch_k64,text_pca256_lexical_w005
91481,59,minibatch_k64,text_pca256_lexical_w005
91482,62,minibatch_k64,text_pca256_lexical_w005
91483,0,minibatch_k64,text_pca256_lexical_w005
91484,0,minibatch_k64,text_pca256_lexical_w005
91485,12,minibatch_k64,text_pca256_lexical_w005
91486,12,minibatch_k64,text_pca256_lexical_w005
91487,12,minibatch_k64,text_pca256_lexical_w005
91488,23,minibatch_k64,text_pca256_lexical_w005
91489,32,minibatch_k64,text_pca256_lexical_w005
91490,16,minibatch_k64,text_pca256_lexical_w005
91491,55,minibatch_k64,text_pca256_lexical_w005
91492,12,minibatch_k64,text_pca256_lexical_w005
91493,15,minibatch_k64,text_pca256_lexical_w005
91494,32,minibatch_k64,text_pca256_lexical_w005
91495,10,minibatch_k64,text_pca256_lexical_w005
91496,32,minibatch_k64,text_pca256_lexical_w005
91497,15,minibatch_k64,text_pca256_lexical_w005
91498,32,minibatch_k64,text_pca256_lexical_w005
91499,18,minibatch_k64,text_pca256_lexical_w005
91500,32,minibatch_k64,text_pca256_lexical_w005
91501,23,minibatch_k64,text_pca256_lexical_w005
91502,10,minibatch_k64,text_pca256_lexical_w005
91503,16,minibatch_k64,text_pca256_lexical_w005
91504,10,minibatch_k64,text_pca256_lexical_w005
91505,27,minibatch_k64,text_pca256_lexical_w005
91506,33,minibatch_k64,text_pca256_lexical_w005
91507,12,minibatch_k64,text_pca256_lexical_w005
91508,32,minibatch_k64,text_pca256_lexical_w005
91509,62,minibatch_k64,text_pca256_lexical_w005
91510,2,minibatch_k64,text_pca256_lexical_w005
91511,45,minibatch_k64,text_pca256_lexical_w005
91512,27,minibatch_k64,text_pca256_lexical_w005
91513,33,minibatch_k64,text_pca256_lexical_w005
91514,8,minibatch_k64,text_pca256_lexical_w005
91515,0,minibatch_k64,text_pca256_lexical_w005
91516,18,minibatch_k64,text_pca256_lexical_w005
91517,18,minibatch_k64,text_pca256_lexical_w005
91518,59,minibatch_k64,text_pca256_lexical_w005
91519,45,minibatch_k64,text_pca256_lexical_w005
91520,59,minibatch_k64,text_pca256_lexical_w005
91521,23,minibatch_k64,text_pca256_lexical_w005
91522,59,minibatch_k64,text_pca256_lexical_w005
91523,59,minibatch_k64,text_pca256_lexical_w005
91524,33,minibatch_k64,text_pca256_lexical_w005
91525,23,minibatch_k64,text_pca256_lexical_w005
91526,33,minibatch_k64,text_pca256_lexical_w005
91527,10,minibatch_k64,text_pca256_lexical_w005
91528,15,minibatch_k64,text_pca256_lexical_w005
91529,23,minibatch_k64,text_pca256_lexical_w005
91530,23,minibatch_k64,text_pca256_lexical_w005
91531,6,minibatch_k64,text_pca256_lexical_w005
91532,8,minibatch_k64,text_pca256_lexical_w005
91533,10,minibatch_k64,text_pca256_lexical_w005
91534,6,minibatch_k64,text_pca256_lexical_w005
91535,10,minibatch_k64,text_pca256_lexical_w005
91536,8,minibatch_k64,text_pca256_lexical_w005
91537,10,minibatch_k64,text_pca256_lexical_w005
91538,62,minibatch_k64,text_pca256_lexical_w005
91539,10,minibatch_k64,text_pca256_lexical_w005
91540,53,minibatch_k64,text_pca256_lexical_w005
91541,56,minibatch_k64,text_pca256_lexical_w005
91542,21,minibatch_k64,text_pca256_lexical_w005
91543,10,minibatch_k64,text_pca256_lexical_w005
91544,15,minibatch_k64,text_pca256_lexical_w005
91545,10,minibatch_k64,text_pca256_lexical_w005
91546,10,minibatch_k64,text_pca256_lexical_w005
91547,0,minibatch_k64,text_pca256_lexical_w005
91548,2,minibatch_k64,text_pca256_lexical_w005
91549,56,minibatch_k64,text_pca256_lexical_w005
91550,0,minibatch_k64,text_pca256_lexical_w005
91551,5,minibatch_k64,text_pca256_lexical_w005
91552,5,minibatch_k64,text_pca256_lexical_w005
91553,5,minibatch_k64,text_pca256_lexical_w005
91554,39,minibatch_k64,text_pca256_lexical_w005
91555,5,minibatch_k64,text_pca256_lexical_w005
91556,62,minibatch_k64,text_pca256_lexical_w005
91557,59,minibatch_k64,text_pca256_lexical_w005
91558,0,minibatch_k64,text_pca256_lexical_w005
91559,5,minibatch_k64,text_pca256_lexical_w005
91560,5,minibatch_k64,text_pca256_lexical_w005
91561,5,minibatch_k64,text_pca256_lexical_w005
91562,0,minibatch_k64,text_pca256_lexical_w005
91563,5,minibatch_k64,text_pca256_lexical_w005
91564,42,minibatch_k64,text_pca256_lexical_w005
91565,5,minibatch_k64,text_pca256_lexical_w005
91566,46,minibatch_k64,text_pca256_lexical_w005
91567,2,minibatch_k64,text_pca256_lexical_w005
91568,10,minibatch_k64,text_pca256_lexical_w005
91569,15,minibatch_k64,text_pca256_lexical_w005
91570,5,minibatch_k64,text_pca256_lexical_w005
91571,8,minibatch_k64,text_pca256_lexical_w005
91572,0,minibatch_k64,text_pca256_lexical_w005
91573,33,minibatch_k64,text_pca256_lexical_w005
91574,45,minibatch_k64,text_pca256_lexical_w005
91575,5,minibatch_k64,text_pca256_lexical_w005
91576,45,minibatch_k64,text_pca256_lexical_w005
91577,0,minibatch_k64,text_pca256_lexical_w005
91578,10,minibatch_k64,text_pca256_lexical_w005
91579,15,minibatch_k64,text_pca256_lexical_w005
91580,5,minibatch_k64,text_pca256_lexical_w005
91581,4,minibatch_k64,text_pca256_lexical_w005
91582,33,minibatch_k64,text_pca256_lexical_w005
91583,15,minibatch_k64,text_pca256_lexical_w005
91584,4,minibatch_k64,text_pca256_lexical_w005
91585,4,minibatch_k64,text_pca256_lexical_w005
91586,23,minibatch_k64,text_pca256_lexical_w005
91587,0,minibatch_k64,text_pca256_lexical_w005
91588,5,minibatch_k64,text_pca256_lexical_w005
91589,0,minibatch_k64,text_pca256_lexical_w005
91590,4,minibatch_k64,text_pca256_lexical_w005
91591,4,minibatch_k64,text_pca256_lexical_w005
91592,46,minibatch_k64,text_pca256_lexical_w005
91593,0,minibatch_k64,text_pca256_lexical_w005
91594,0,minibatch_k64,text_pca256_lexical_w005
91595,4,minibatch_k64,text_pca256_lexical_w005
91596,23,minibatch_k64,text_pca256_lexical_w005
91597,5,minibatch_k64,text_pca256_lexical_w005
91598,23,minibatch_k64,text_pca256_lexical_w005
91599,8,minibatch_k64,text_pca256_lexical_w005
91600,62,minibatch_k64,text_pca256_lexical_w005
91601,8,minibatch_k64,text_pca256_lexical_w005
91602,0,minibatch_k64,text_pca256_lexical_w005
91603,4,minibatch_k64,text_pca256_lexical_w005
91604,5,minibatch_k64,text_pca256_lexical_w005
91605,0,minibatch_k64,text_pca256_lexical_w005
91606,0,minibatch_k64,text_pca256_lexical_w005
91607,45,minibatch_k64,text_pca256_lexical_w005
91608,59,minibatch_k64,text_pca256_lexical_w005
91609,59,minibatch_k64,text_pca256_lexical_w005
91610,59,minibatch_k64,text_pca256_lexical_w005
91611,45,minibatch_k64,text_pca256_lexical_w005
91612,33,minibatch_k64,text_pca256_lexical_w005
91613,0,minibatch_k64,text_pca256_lexical_w005
91614,48,minibatch_k64,text_pca256_lexical_w005
91615,0,minibatch_k64,text_pca256_lexical_w005
91616,23,minibatch_k64,text_pca256_lexical_w005
91617,23,minibatch_k64,text_pca256_lexical_w005
91618,62,minibatch_k64,text_pca256_lexical_w005
91619,23,minibatch_k64,text_pca256_lexical_w005
91620,15,minibatch_k64,text_pca256_lexical_w005
91621,21,minibatch_k64,text_pca256_lexical_w005
91622,23,minibatch_k64,text_pca256_lexical_w005
91623,0,minibatch_k64,text_pca256_lexical_w005
91624,42,minibatch_k64,text_pca256_lexical_w005
91625,0,minibatch_k64,text_pca256_lexical_w005
91626,59,minibatch_k64,text_pca256_lexical_w005
91627,8,minibatch_k64,text_pca256_lexical_w005
91628,62,minibatch_k64,text_pca256_lexical_w005
91629,23,minibatch_k64,text_pca256_lexical_w005
91630,23,minibatch_k64,text_pca256_lexical_w005
91631,21,minibatch_k64,text_pca256_lexical_w005
91632,62,minibatch_k64,text_pca256_lexical_w005
91633,8,minibatch_k64,text_pca256_lexical_w005
91634,62,minibatch_k64,text_pca256_lexical_w005
91635,62,minibatch_k64,text_pca256_lexical_w005
91636,8,minibatch_k64,text_pca256_lexical_w005
91637,0,minibatch_k64,text_pca256_lexical_w005
91638,62,minibatch_k64,text_pca256_lexical_w005
91639,0,minibatch_k64,text_pca256_lexical_w005
91640,33,minibatch_k64,text_pca256_lexical_w005
91641,0,minibatch_k64,text_pca256_lexical_w005
91642,45,minibatch_k64,text_pca256_lexical_w005
91643,45,minibatch_k64,text_pca256_lexical_w005
91644,21,minibatch_k64,text_pca256_lexical_w005
91645,23,minibatch_k64,text_pca256_lexical_w005
91646,0,minibatch_k64,text_pca256_lexical_w005
91647,0,minibatch_k64,text_pca256_lexical_w005
91648,5,minibatch_k64,text_pca256_lexical_w005
91649,21,minibatch_k64,text_pca256_lexical_w005
91650,45,minibatch_k64,text_pca256_lexical_w005
91651,0,minibatch_k64,text_pca256_lexical_w005
91652,5,minibatch_k64,text_pca256_lexical_w005
91653,5,minibatch_k64,text_pca256_lexical_w005
91654,5,minibatch_k64,text_pca256_lexical_w005
91655,5,minibatch_k64,text_pca256_lexical_w005
91656,5,minibatch_k64,text_pca256_lexical_w005
91657,5,minibatch_k64,text_pca256_lexical_w005
91658,5,minibatch_k64,text_pca256_lexical_w005
91659,5,minibatch_k64,text_pca256_lexical_w005
91660,5,minibatch_k64,text_pca256_lexical_w005
91661,5,minibatch_k64,text_pca256_lexical_w005
91662,8,minibatch_k64,text_pca256_lexical_w005
91663,0,minibatch_k64,text_pca256_lexical_w005
91664,5,minibatch_k64,text_pca256_lexical_w005
91665,0,minibatch_k64,text_pca256_lexical_w005
91666,0,minibatch_k64,text_pca256_lexical_w005
91667,0,minibatch_k64,text_pca256_lexical_w005
91668,59,minibatch_k64,text_pca256_lexical_w005
91669,62,minibatch_k64,text_pca256_lexical_w005
91670,5,minibatch_k64,text_pca256_lexical_w005
91671,45,minibatch_k64,text_pca256_lexical_w005
91672,5,minibatch_k64,text_pca256_lexical_w005
91673,5,minibatch_k64,text_pca256_lexical_w005
91674,46,minibatch_k64,text_pca256_lexical_w005
91675,8,minibatch_k64,text_pca256_lexical_w005
91676,5,minibatch_k64,text_pca256_lexical_w005
91677,46,minibatch_k64,text_pca256_lexical_w005
91678,5,minibatch_k64,text_pca256_lexical_w005
91679,5,minibatch_k64,text_pca256_lexical_w005
91680,46,minibatch_k64,text_pca256_lexical_w005
91681,8,minibatch_k64,text_pca256_lexical_w005
91682,33,minibatch_k64,text_pca256_lexical_w005
91683,5,minibatch_k64,text_pca256_lexical_w005
91684,45,minibatch_k64,text_pca256_lexical_w005
91685,45,minibatch_k64,text_pca256_lexical_w005
91686,45,minibatch_k64,text_pca256_lexical_w005
91687,4,minibatch_k64,text_pca256_lexical_w005
91688,5,minibatch_k64,text_pca256_lexical_w005
91689,21,minibatch_k64,text_pca256_lexical_w005
91690,5,minibatch_k64,text_pca256_lexical_w005
91691,62,minibatch_k64,text_pca256_lexical_w005
91692,0,minibatch_k64,text_pca256_lexical_w005
91693,42,minibatch_k64,text_pca256_lexical_w005
91694,5,minibatch_k64,text_pca256_lexical_w005
91695,39,minibatch_k64,text_pca256_lexical_w005
91696,0,minibatch_k64,text_pca256_lexical_w005
91697,46,minibatch_k64,text_pca256_lexical_w005
91698,23,minibatch_k64,text_pca256_lexical_w005
91699,62,minibatch_k64,text_pca256_lexical_w005
91700,0,minibatch_k64,text_pca256_lexical_w005
91701,33,minibatch_k64,text_pca256_lexical_w005
91702,0,minibatch_k64,text_pca256_lexical_w005
91703,0,minibatch_k64,text_pca256_lexical_w005
91704,8,minibatch_k64,text_pca256_lexical_w005
91705,0,minibatch_k64,text_pca256_lexical_w005
91706,21,minibatch_k64,text_pca256_lexical_w005
91707,21,minibatch_k64,text_pca256_lexical_w005
91708,0,minibatch_k64,text_pca256_lexical_w005
91709,62,minibatch_k64,text_pca256_lexical_w005
91710,52,minibatch_k64,text_pca256_lexical_w005
91711,33,minibatch_k64,text_pca256_lexical_w005
91712,50,minibatch_k64,text_pca256_lexical_w005
91713,0,minibatch_k64,text_pca256_lexical_w005
91714,62,minibatch_k64,text_pca256_lexical_w005
91715,0,minibatch_k64,text_pca256_lexical_w005
91716,59,minibatch_k64,text_pca256_lexical_w005
91717,39,minibatch_k64,text_pca256_lexical_w005
91718,62,minibatch_k64,text_pca256_lexical_w005
91719,61,minibatch_k64,text_pca256_lexical_w005
91720,62,minibatch_k64,text_pca256_lexical_w005
91721,8,minibatch_k64,text_pca256_lexical_w005
91722,62,minibatch_k64,text_pca256_lexical_w005
91723,62,minibatch_k64,text_pca256_lexical_w005
91724,62,minibatch_k64,text_pca256_lexical_w005
91725,14,minibatch_k64,text_pca256_lexical_w005
91726,52,minibatch_k64,text_pca256_lexical_w005
91727,0,minibatch_k64,text_pca256_lexical_w005
91728,15,minibatch_k64,text_pca256_lexical_w005
91729,15,minibatch_k64,text_pca256_lexical_w005
91730,5,minibatch_k64,text_pca256_lexical_w005
91731,10,minibatch_k64,text_pca256_lexical_w005
91732,62,minibatch_k64,text_pca256_lexical_w005
91733,61,minibatch_k64,text_pca256_lexical_w005
91734,14,minibatch_k64,text_pca256_lexical_w005
91735,5,minibatch_k64,text_pca256_lexical_w005
91736,8,minibatch_k64,text_pca256_lexical_w005
91737,21,minibatch_k64,text_pca256_lexical_w005
91738,5,minibatch_k64,text_pca256_lexical_w005
91739,8,minibatch_k64,text_pca256_lexical_w005
91740,5,minibatch_k64,text_pca256_lexical_w005
91741,5,minibatch_k64,text_pca256_lexical_w005
91742,5,minibatch_k64,text_pca256_lexical_w005
91743,5,minibatch_k64,text_pca256_lexical_w005
91744,62,minibatch_k64,text_pca256_lexical_w005
91745,33,minibatch_k64,text_pca256_lexical_w005
91746,5,minibatch_k64,text_pca256_lexical_w005
91747,5,minibatch_k64,text_pca256_lexical_w005
91748,5,minibatch_k64,text_pca256_lexical_w005
91749,2,minibatch_k64,text_pca256_lexical_w005
91750,5,minibatch_k64,text_pca256_lexical_w005
91751,59,minibatch_k64,text_pca256_lexical_w005
91752,14,minibatch_k64,text_pca256_lexical_w005
91753,5,minibatch_k64,text_pca256_lexical_w005
91754,46,minibatch_k64,text_pca256_lexical_w005
91755,45,minibatch_k64,text_pca256_lexical_w005
91756,59,minibatch_k64,text_pca256_lexical_w005
91757,62,minibatch_k64,text_pca256_lexical_w005
91758,5,minibatch_k64,text_pca256_lexical_w005
91759,5,minibatch_k64,text_pca256_lexical_w005
91760,59,minibatch_k64,text_pca256_lexical_w005
91761,0,minibatch_k64,text_pca256_lexical_w005
91762,45,minibatch_k64,text_pca256_lexical_w005
91763,0,minibatch_k64,text_pca256_lexical_w005
91764,23,minibatch_k64,text_pca256_lexical_w005
91765,8,minibatch_k64,text_pca256_lexical_w005
91766,45,minibatch_k64,text_pca256_lexical_w005
91767,45,minibatch_k64,text_pca256_lexical_w005
91768,45,minibatch_k64,text_pca256_lexical_w005
91769,45,minibatch_k64,text_pca256_lexical_w005
91770,0,minibatch_k64,text_pca256_lexical_w005
91771,45,minibatch_k64,text_pca256_lexical_w005
91772,62,minibatch_k64,text_pca256_lexical_w005
91773,59,minibatch_k64,text_pca256_lexical_w005
91774,48,minibatch_k64,text_pca256_lexical_w005
91775,38,minibatch_k64,text_pca256_lexical_w005
91776,23,minibatch_k64,text_pca256_lexical_w005
91777,23,minibatch_k64,text_pca256_lexical_w005
91778,45,minibatch_k64,text_pca256_lexical_w005
91779,25,minibatch_k64,text_pca256_lexical_w005
91780,45,minibatch_k64,text_pca256_lexical_w005
91781,55,minibatch_k64,text_pca256_lexical_w005
91782,62,minibatch_k64,text_pca256_lexical_w005
91783,22,minibatch_k64,text_pca256_lexical_w005
91784,46,minibatch_k64,text_pca256_lexical_w005
91785,15,minibatch_k64,text_pca256_lexical_w005
91786,4,minibatch_k64,text_pca256_lexical_w005
91787,62,minibatch_k64,text_pca256_lexical_w005
91788,0,minibatch_k64,text_pca256_lexical_w005
91789,2,minibatch_k64,text_pca256_lexical_w005
91790,45,minibatch_k64,text_pca256_lexical_w005
91791,4,minibatch_k64,text_pca256_lexical_w005
91792,0,minibatch_k64,text_pca256_lexical_w005
91793,45,minibatch_k64,text_pca256_lexical_w005
91794,8,minibatch_k64,text_pca256_lexical_w005
91795,4,minibatch_k64,text_pca256_lexical_w005
91796,62,minibatch_k64,text_pca256_lexical_w005
91797,8,minibatch_k64,text_pca256_lexical_w005
91798,46,minibatch_k64,text_pca256_lexical_w005
91799,62,minibatch_k64,text_pca256_lexical_w005
91800,5,minibatch_k64,text_pca256_lexical_w005
91801,0,minibatch_k64,text_pca256_lexical_w005
91802,0,minibatch_k64,text_pca256_lexical_w005
91803,23,minibatch_k64,text_pca256_lexical_w005
91804,0,minibatch_k64,text_pca256_lexical_w005
91805,0,minibatch_k64,text_pca256_lexical_w005
91806,0,minibatch_k64,text_pca256_lexical_w005
91807,8,minibatch_k64,text_pca256_lexical_w005
91808,0,minibatch_k64,text_pca256_lexical_w005
91809,8,minibatch_k64,text_pca256_lexical_w005
91810,62,minibatch_k64,text_pca256_lexical_w005
91811,62,minibatch_k64,text_pca256_lexical_w005
91812,23,minibatch_k64,text_pca256_lexical_w005
91813,52,minibatch_k64,text_pca256_lexical_w005
91814,59,minibatch_k64,text_pca256_lexical_w005
91815,59,minibatch_k64,text_pca256_lexical_w005
91816,15,minibatch_k64,text_pca256_lexical_w005
91817,23,minibatch_k64,text_pca256_lexical_w005
91818,62,minibatch_k64,text_pca256_lexical_w005
91819,62,minibatch_k64,text_pca256_lexical_w005
91820,14,minibatch_k64,text_pca256_lexical_w005
91821,0,minibatch_k64,text_pca256_lexical_w005
91822,62,minibatch_k64,text_pca256_lexical_w005
91823,14,minibatch_k64,text_pca256_lexical_w005
91824,52,minibatch_k64,text_pca256_lexical_w005
91825,4,minibatch_k64,text_pca256_lexical_w005
91826,5,minibatch_k64,text_pca256_lexical_w005
91827,33,minibatch_k64,text_pca256_lexical_w005
91828,0,minibatch_k64,text_pca256_lexical_w005
91829,45,minibatch_k64,text_pca256_lexical_w005
91830,0,minibatch_k64,text_pca256_lexical_w005
91831,5,minibatch_k64,text_pca256_lexical_w005
91832,5,minibatch_k64,text_pca256_lexical_w005
91833,42,minibatch_k64,text_pca256_lexical_w005
91834,5,minibatch_k64,text_pca256_lexical_w005
91835,5,minibatch_k64,text_pca256_lexical_w005
91836,5,minibatch_k64,text_pca256_lexical_w005
91837,5,minibatch_k64,text_pca256_lexical_w005
91838,8,minibatch_k64,text_pca256_lexical_w005
91839,62,minibatch_k64,text_pca256_lexical_w005
91840,62,minibatch_k64,text_pca256_lexical_w005
91841,0,minibatch_k64,text_pca256_lexical_w005
91842,5,minibatch_k64,text_pca256_lexical_w005
91843,62,minibatch_k64,text_pca256_lexical_w005
91844,56,minibatch_k64,text_pca256_lexical_w005
91845,10,minibatch_k64,text_pca256_lexical_w005
91846,62,minibatch_k64,text_pca256_lexical_w005
91847,5,minibatch_k64,text_pca256_lexical_w005
91848,62,minibatch_k64,text_pca256_lexical_w005
91849,42,minibatch_k64,text_pca256_lexical_w005
91850,5,minibatch_k64,text_pca256_lexical_w005
91851,0,minibatch_k64,text_pca256_lexical_w005
91852,0,minibatch_k64,text_pca256_lexical_w005
91853,0,minibatch_k64,text_pca256_lexical_w005
91854,33,minibatch_k64,text_pca256_lexical_w005
91855,45,minibatch_k64,text_pca256_lexical_w005
91856,45,minibatch_k64,text_pca256_lexical_w005
91857,23,minibatch_k64,text_pca256_lexical_w005
91858,5,minibatch_k64,text_pca256_lexical_w005
91859,14,minibatch_k64,text_pca256_lexical_w005
91860,5,minibatch_k64,text_pca256_lexical_w005
91861,45,minibatch_k64,text_pca256_lexical_w005
91862,45,minibatch_k64,text_pca256_lexical_w005
91863,45,minibatch_k64,text_pca256_lexical_w005
91864,5,minibatch_k64,text_pca256_lexical_w005
91865,45,minibatch_k64,text_pca256_lexical_w005
91866,45,minibatch_k64,text_pca256_lexical_w005
91867,45,minibatch_k64,text_pca256_lexical_w005
91868,45,minibatch_k64,text_pca256_lexical_w005
91869,46,minibatch_k64,text_pca256_lexical_w005
91870,23,minibatch_k64,text_pca256_lexical_w005
91871,15,minibatch_k64,text_pca256_lexical_w005
91872,8,minibatch_k64,text_pca256_lexical_w005
91873,15,minibatch_k64,text_pca256_lexical_w005
91874,15,minibatch_k64,text_pca256_lexical_w005
91875,5,minibatch_k64,text_pca256_lexical_w005
91876,45,minibatch_k64,text_pca256_lexical_w005
91877,21,minibatch_k64,text_pca256_lexical_w005
91878,5,minibatch_k64,text_pca256_lexical_w005
91879,5,minibatch_k64,text_pca256_lexical_w005
91880,15,minibatch_k64,text_pca256_lexical_w005
91881,38,minibatch_k64,text_pca256_lexical_w005
91882,25,minibatch_k64,text_pca256_lexical_w005
91883,45,minibatch_k64,text_pca256_lexical_w005
91884,55,minibatch_k64,text_pca256_lexical_w005
91885,45,minibatch_k64,text_pca256_lexical_w005
91886,4,minibatch_k64,text_pca256_lexical_w005
91887,0,minibatch_k64,text_pca256_lexical_w005
91888,0,minibatch_k64,text_pca256_lexical_w005
91889,33,minibatch_k64,text_pca256_lexical_w005
91890,4,minibatch_k64,text_pca256_lexical_w005
91891,8,minibatch_k64,text_pca256_lexical_w005
91892,21,minibatch_k64,text_pca256_lexical_w005
91893,42,minibatch_k64,text_pca256_lexical_w005
91894,0,minibatch_k64,text_pca256_lexical_w005
91895,5,minibatch_k64,text_pca256_lexical_w005
91896,62,minibatch_k64,text_pca256_lexical_w005
91897,0,minibatch_k64,text_pca256_lexical_w005
91898,8,minibatch_k64,text_pca256_lexical_w005
91899,4,minibatch_k64,text_pca256_lexical_w005
91900,8,minibatch_k64,text_pca256_lexical_w005
91901,0,minibatch_k64,text_pca256_lexical_w005
91902,0,minibatch_k64,text_pca256_lexical_w005
91903,23,minibatch_k64,text_pca256_lexical_w005
91904,8,minibatch_k64,text_pca256_lexical_w005
91905,5,minibatch_k64,text_pca256_lexical_w005
91906,21,minibatch_k64,text_pca256_lexical_w005
91907,62,minibatch_k64,text_pca256_lexical_w005
91908,0,minibatch_k64,text_pca256_lexical_w005
91909,42,minibatch_k64,text_pca256_lexical_w005
91910,0,minibatch_k64,text_pca256_lexical_w005
91911,0,minibatch_k64,text_pca256_lexical_w005
91912,62,minibatch_k64,text_pca256_lexical_w005
91913,8,minibatch_k64,text_pca256_lexical_w005
91914,52,minibatch_k64,text_pca256_lexical_w005
91915,0,minibatch_k64,text_pca256_lexical_w005
91916,21,minibatch_k64,text_pca256_lexical_w005
91917,59,minibatch_k64,text_pca256_lexical_w005
91918,8,minibatch_k64,text_pca256_lexical_w005
91919,0,minibatch_k64,text_pca256_lexical_w005
91920,62,minibatch_k64,text_pca256_lexical_w005
91921,10,minibatch_k64,text_pca256_lexical_w005
91922,14,minibatch_k64,text_pca256_lexical_w005
91923,2,minibatch_k64,text_pca256_lexical_w005
91924,39,minibatch_k64,text_pca256_lexical_w005
91925,0,minibatch_k64,text_pca256_lexical_w005
91926,62,minibatch_k64,text_pca256_lexical_w005
91927,23,minibatch_k64,text_pca256_lexical_w005
91928,5,minibatch_k64,text_pca256_lexical_w005
91929,10,minibatch_k64,text_pca256_lexical_w005
91930,10,minibatch_k64,text_pca256_lexical_w005
91931,61,minibatch_k64,text_pca256_lexical_w005
91932,8,minibatch_k64,text_pca256_lexical_w005
91933,0,minibatch_k64,text_pca256_lexical_w005
91934,59,minibatch_k64,text_pca256_lexical_w005
91935,23,minibatch_k64,text_pca256_lexical_w005
91936,14,minibatch_k64,text_pca256_lexical_w005
91937,0,minibatch_k64,text_pca256_lexical_w005
91938,52,minibatch_k64,text_pca256_lexical_w005
91939,8,minibatch_k64,text_pca256_lexical_w005
91940,62,minibatch_k64,text_pca256_lexical_w005
91941,33,minibatch_k64,text_pca256_lexical_w005
91942,0,minibatch_k64,text_pca256_lexical_w005
91943,0,minibatch_k64,text_pca256_lexical_w005
91944,62,minibatch_k64,text_pca256_lexical_w005
91945,5,minibatch_k64,text_pca256_lexical_w005
91946,21,minibatch_k64,text_pca256_lexical_w005
91947,59,minibatch_k64,text_pca256_lexical_w005
91948,10,minibatch_k64,text_pca256_lexical_w005
91949,5,minibatch_k64,text_pca256_lexical_w005
91950,14,minibatch_k64,text_pca256_lexical_w005
91951,15,minibatch_k64,text_pca256_lexical_w005
91952,59,minibatch_k64,text_pca256_lexical_w005
91953,59,minibatch_k64,text_pca256_lexical_w005
91954,5,minibatch_k64,text_pca256_lexical_w005
91955,45,minibatch_k64,text_pca256_lexical_w005
91956,15,minibatch_k64,text_pca256_lexical_w005
91957,45,minibatch_k64,text_pca256_lexical_w005
91958,45,minibatch_k64,text_pca256_lexical_w005
91959,8,minibatch_k64,text_pca256_lexical_w005
91960,34,minibatch_k64,text_pca256_lexical_w005
91961,8,minibatch_k64,text_pca256_lexical_w005
91962,45,minibatch_k64,text_pca256_lexical_w005
91963,45,minibatch_k64,text_pca256_lexical_w005
91964,45,minibatch_k64,text_pca256_lexical_w005
91965,45,minibatch_k64,text_pca256_lexical_w005
91966,8,minibatch_k64,text_pca256_lexical_w005
91967,45,minibatch_k64,text_pca256_lexical_w005
91968,33,minibatch_k64,text_pca256_lexical_w005
91969,38,minibatch_k64,text_pca256_lexical_w005
91970,25,minibatch_k64,text_pca256_lexical_w005
91971,45,minibatch_k64,text_pca256_lexical_w005
91972,55,minibatch_k64,text_pca256_lexical_w005
91973,22,minibatch_k64,text_pca256_lexical_w005
91974,10,minibatch_k64,text_pca256_lexical_w005
91975,8,minibatch_k64,text_pca256_lexical_w005
91976,62,minibatch_k64,text_pca256_lexical_w005
91977,33,minibatch_k64,text_pca256_lexical_w005
91978,15,minibatch_k64,text_pca256_lexical_w005
91979,21,minibatch_k64,text_pca256_lexical_w005
91980,46,minibatch_k64,text_pca256_lexical_w005
91981,62,minibatch_k64,text_pca256_lexical_w005
91982,0,minibatch_k64,text_pca256_lexical_w005
91983,45,minibatch_k64,text_pca256_lexical_w005
91984,45,minibatch_k64,text_pca256_lexical_w005
91985,23,minibatch_k64,text_pca256_lexical_w005
91986,23,minibatch_k64,text_pca256_lexical_w005
91987,59,minibatch_k64,text_pca256_lexical_w005
91988,0,minibatch_k64,text_pca256_lexical_w005
91989,15,minibatch_k64,text_pca256_lexical_w005
91990,5,minibatch_k64,text_pca256_lexical_w005
91991,23,minibatch_k64,text_pca256_lexical_w005
91992,42,minibatch_k64,text_pca256_lexical_w005
91993,45,minibatch_k64,text_pca256_lexical_w005
91994,62,minibatch_k64,text_pca256_lexical_w005
91995,45,minibatch_k64,text_pca256_lexical_w005
91996,62,minibatch_k64,text_pca256_lexical_w005
91997,5,minibatch_k64,text_pca256_lexical_w005
91998,33,minibatch_k64,text_pca256_lexical_w005
91999,21,minibatch_k64,text_pca256_lexical_w005
92000,5,minibatch_k64,text_pca256_lexical_w005
92001,53,minibatch_k64,text_pca256_lexical_w005
92002,15,minibatch_k64,text_pca256_lexical_w005
92003,62,minibatch_k64,text_pca256_lexical_w005
92004,15,minibatch_k64,text_pca256_lexical_w005
92005,62,minibatch_k64,text_pca256_lexical_w005
92006,59,minibatch_k64,text_pca256_lexical_w005
92007,59,minibatch_k64,text_pca256_lexical_w005
92008,15,minibatch_k64,text_pca256_lexical_w005
92009,23,minibatch_k64,text_pca256_lexical_w005
92010,23,minibatch_k64,text_pca256_lexical_w005
92011,62,minibatch_k64,text_pca256_lexical_w005
92012,0,minibatch_k64,text_pca256_lexical_w005
92013,10,minibatch_k64,text_pca256_lexical_w005
92014,23,minibatch_k64,text_pca256_lexical_w005
92015,23,minibatch_k64,text_pca256_lexical_w005
92016,8,minibatch_k64,text_pca256_lexical_w005
92017,33,minibatch_k64,text_pca256_lexical_w005
92018,5,minibatch_k64,text_pca256_lexical_w005
92019,8,minibatch_k64,text_pca256_lexical_w005
92020,23,minibatch_k64,text_pca256_lexical_w005
92021,8,minibatch_k64,text_pca256_lexical_w005
92022,8,minibatch_k64,text_pca256_lexical_w005
92023,8,minibatch_k64,text_pca256_lexical_w005
92024,42,minibatch_k64,text_pca256_lexical_w005
92025,59,minibatch_k64,text_pca256_lexical_w005
92026,15,minibatch_k64,text_pca256_lexical_w005
92027,2,minibatch_k64,text_pca256_lexical_w005
92028,8,minibatch_k64,text_pca256_lexical_w005
92029,10,minibatch_k64,text_pca256_lexical_w005
92030,62,minibatch_k64,text_pca256_lexical_w005
92031,0,minibatch_k64,text_pca256_lexical_w005
92032,29,minibatch_k64,text_pca256_lexical_w005
92033,59,minibatch_k64,text_pca256_lexical_w005
92034,62,minibatch_k64,text_pca256_lexical_w005
92035,45,minibatch_k64,text_pca256_lexical_w005
92036,23,minibatch_k64,text_pca256_lexical_w005
92037,0,minibatch_k64,text_pca256_lexical_w005
92038,53,minibatch_k64,text_pca256_lexical_w005
92039,2,minibatch_k64,text_pca256_lexical_w005
92040,10,minibatch_k64,text_pca256_lexical_w005
92041,59,minibatch_k64,text_pca256_lexical_w005
92042,8,minibatch_k64,text_pca256_lexical_w005
92043,62,minibatch_k64,text_pca256_lexical_w005
92044,62,minibatch_k64,text_pca256_lexical_w005
92045,62,minibatch_k64,text_pca256_lexical_w005
92046,0,minibatch_k64,text_pca256_lexical_w005
92047,0,minibatch_k64,text_pca256_lexical_w005
92048,59,minibatch_k64,text_pca256_lexical_w005
92049,8,minibatch_k64,text_pca256_lexical_w005
92050,8,minibatch_k64,text_pca256_lexical_w005
92051,14,minibatch_k64,text_pca256_lexical_w005
92052,45,minibatch_k64,text_pca256_lexical_w005
92053,50,minibatch_k64,text_pca256_lexical_w005
92054,15,minibatch_k64,text_pca256_lexical_w005
92055,62,minibatch_k64,text_pca256_lexical_w005
92056,0,minibatch_k64,text_pca256_lexical_w005
92057,62,minibatch_k64,text_pca256_lexical_w005
92058,0,minibatch_k64,text_pca256_lexical_w005
92059,59,minibatch_k64,text_pca256_lexical_w005
92060,5,minibatch_k64,text_pca256_lexical_w005
92061,0,minibatch_k64,text_pca256_lexical_w005
92062,62,minibatch_k64,text_pca256_lexical_w005
92063,47,minibatch_k64,text_pca256_lexical_w005
92064,8,minibatch_k64,text_pca256_lexical_w005
92065,0,minibatch_k64,text_pca256_lexical_w005
92066,8,minibatch_k64,text_pca256_lexical_w005
92067,14,minibatch_k64,text_pca256_lexical_w005
92068,0,minibatch_k64,text_pca256_lexical_w005
92069,8,minibatch_k64,text_pca256_lexical_w005
92070,59,minibatch_k64,text_pca256_lexical_w005
92071,45,minibatch_k64,text_pca256_lexical_w005
92072,0,minibatch_k64,text_pca256_lexical_w005
92073,4,minibatch_k64,text_pca256_lexical_w005
92074,8,minibatch_k64,text_pca256_lexical_w005
92075,15,minibatch_k64,text_pca256_lexical_w005
92076,8,minibatch_k64,text_pca256_lexical_w005
92077,38,minibatch_k64,text_pca256_lexical_w005
92078,45,minibatch_k64,text_pca256_lexical_w005
92079,45,minibatch_k64,text_pca256_lexical_w005
92080,15,minibatch_k64,text_pca256_lexical_w005
92081,45,minibatch_k64,text_pca256_lexical_w005
92082,25,minibatch_k64,text_pca256_lexical_w005
92083,45,minibatch_k64,text_pca256_lexical_w005
92084,55,minibatch_k64,text_pca256_lexical_w005
92085,45,minibatch_k64,text_pca256_lexical_w005
92086,62,minibatch_k64,text_pca256_lexical_w005
92087,62,minibatch_k64,text_pca256_lexical_w005
92088,23,minibatch_k64,text_pca256_lexical_w005
92089,0,minibatch_k64,text_pca256_lexical_w005
92090,0,minibatch_k64,text_pca256_lexical_w005
92091,21,minibatch_k64,text_pca256_lexical_w005
92092,0,minibatch_k64,text_pca256_lexical_w005
92093,8,minibatch_k64,text_pca256_lexical_w005
92094,0,minibatch_k64,text_pca256_lexical_w005
92095,21,minibatch_k64,text_pca256_lexical_w005
92096,10,minibatch_k64,text_pca256_lexical_w005
92097,56,minibatch_k64,text_pca256_lexical_w005
92098,42,minibatch_k64,text_pca256_lexical_w005
92099,23,minibatch_k64,text_pca256_lexical_w005
92100,0,minibatch_k64,text_pca256_lexical_w005
92101,15,minibatch_k64,text_pca256_lexical_w005
92102,23,minibatch_k64,text_pca256_lexical_w005
92103,8,minibatch_k64,text_pca256_lexical_w005
92104,8,minibatch_k64,text_pca256_lexical_w005
92105,10,minibatch_k64,text_pca256_lexical_w005
92106,0,minibatch_k64,text_pca256_lexical_w005
92107,0,minibatch_k64,text_pca256_lexical_w005
92108,0,minibatch_k64,text_pca256_lexical_w005
92109,23,minibatch_k64,text_pca256_lexical_w005
92110,62,minibatch_k64,text_pca256_lexical_w005
92111,59,minibatch_k64,text_pca256_lexical_w005
92112,23,minibatch_k64,text_pca256_lexical_w005
92113,0,minibatch_k64,text_pca256_lexical_w005
92114,0,minibatch_k64,text_pca256_lexical_w005
92115,8,minibatch_k64,text_pca256_lexical_w005
92116,15,minibatch_k64,text_pca256_lexical_w005
92117,10,minibatch_k64,text_pca256_lexical_w005
92118,59,minibatch_k64,text_pca256_lexical_w005
92119,62,minibatch_k64,text_pca256_lexical_w005
92120,62,minibatch_k64,text_pca256_lexical_w005
92121,8,minibatch_k64,text_pca256_lexical_w005
92122,53,minibatch_k64,text_pca256_lexical_w005
92123,59,minibatch_k64,text_pca256_lexical_w005
92124,0,minibatch_k64,text_pca256_lexical_w005
92125,0,minibatch_k64,text_pca256_lexical_w005
92126,15,minibatch_k64,text_pca256_lexical_w005
92127,59,minibatch_k64,text_pca256_lexical_w005
92128,0,minibatch_k64,text_pca256_lexical_w005
92129,62,minibatch_k64,text_pca256_lexical_w005
92130,23,minibatch_k64,text_pca256_lexical_w005
92131,8,minibatch_k64,text_pca256_lexical_w005
92132,62,minibatch_k64,text_pca256_lexical_w005
92133,0,minibatch_k64,text_pca256_lexical_w005
92134,62,minibatch_k64,text_pca256_lexical_w005
92135,0,minibatch_k64,text_pca256_lexical_w005
92136,42,minibatch_k64,text_pca256_lexical_w005
92137,23,minibatch_k64,text_pca256_lexical_w005
92138,14,minibatch_k64,text_pca256_lexical_w005
92139,14,minibatch_k64,text_pca256_lexical_w005
92140,62,minibatch_k64,text_pca256_lexical_w005
92141,62,minibatch_k64,text_pca256_lexical_w005
92142,15,minibatch_k64,text_pca256_lexical_w005
92143,62,minibatch_k64,text_pca256_lexical_w005
92144,15,minibatch_k64,text_pca256_lexical_w005
92145,62,minibatch_k64,text_pca256_lexical_w005
92146,62,minibatch_k64,text_pca256_lexical_w005
92147,0,minibatch_k64,text_pca256_lexical_w005
92148,62,minibatch_k64,text_pca256_lexical_w005
92149,14,minibatch_k64,text_pca256_lexical_w005
92150,59,minibatch_k64,text_pca256_lexical_w005
92151,0,minibatch_k64,text_pca256_lexical_w005
92152,0,minibatch_k64,text_pca256_lexical_w005
92153,0,minibatch_k64,text_pca256_lexical_w005
92154,0,minibatch_k64,text_pca256_lexical_w005
92155,45,minibatch_k64,text_pca256_lexical_w005
92156,62,minibatch_k64,text_pca256_lexical_w005
92157,45,minibatch_k64,text_pca256_lexical_w005
92158,8,minibatch_k64,text_pca256_lexical_w005
92159,59,minibatch_k64,text_pca256_lexical_w005
92160,23,minibatch_k64,text_pca256_lexical_w005
92161,0,minibatch_k64,text_pca256_lexical_w005
92162,45,minibatch_k64,text_pca256_lexical_w005
92163,58,minibatch_k64,text_pca256_lexical_w005
92164,45,minibatch_k64,text_pca256_lexical_w005
92165,25,minibatch_k64,text_pca256_lexical_w005
92166,45,minibatch_k64,text_pca256_lexical_w005
92167,45,minibatch_k64,text_pca256_lexical_w005
92168,55,minibatch_k64,text_pca256_lexical_w005
92169,22,minibatch_k64,text_pca256_lexical_w005
92170,10,minibatch_k64,text_pca256_lexical_w005
92171,4,minibatch_k64,text_pca256_lexical_w005
92172,23,minibatch_k64,text_pca256_lexical_w005
92173,45,minibatch_k64,text_pca256_lexical_w005
92174,45,minibatch_k64,text_pca256_lexical_w005
92175,45,minibatch_k64,text_pca256_lexical_w005
92176,0,minibatch_k64,text_pca256_lexical_w005
92177,23,minibatch_k64,text_pca256_lexical_w005
92178,21,minibatch_k64,text_pca256_lexical_w005
92179,0,minibatch_k64,text_pca256_lexical_w005
92180,62,minibatch_k64,text_pca256_lexical_w005
92181,62,minibatch_k64,text_pca256_lexical_w005
92182,59,minibatch_k64,text_pca256_lexical_w005
92183,0,minibatch_k64,text_pca256_lexical_w005
92184,23,minibatch_k64,text_pca256_lexical_w005
92185,59,minibatch_k64,text_pca256_lexical_w005
92186,56,minibatch_k64,text_pca256_lexical_w005
92187,0,minibatch_k64,text_pca256_lexical_w005
92188,0,minibatch_k64,text_pca256_lexical_w005
92189,53,minibatch_k64,text_pca256_lexical_w005
92190,45,minibatch_k64,text_pca256_lexical_w005
92191,0,minibatch_k64,text_pca256_lexical_w005
92192,62,minibatch_k64,text_pca256_lexical_w005
92193,62,minibatch_k64,text_pca256_lexical_w005
92194,8,minibatch_k64,text_pca256_lexical_w005
92195,23,minibatch_k64,text_pca256_lexical_w005
92196,62,minibatch_k64,text_pca256_lexical_w005
92197,15,minibatch_k64,text_pca256_lexical_w005
92198,8,minibatch_k64,text_pca256_lexical_w005
92199,59,minibatch_k64,text_pca256_lexical_w005
92200,10,minibatch_k64,text_pca256_lexical_w005
92201,8,minibatch_k64,text_pca256_lexical_w005
92202,45,minibatch_k64,text_pca256_lexical_w005
92203,0,minibatch_k64,text_pca256_lexical_w005
92204,62,minibatch_k64,text_pca256_lexical_w005
92205,59,minibatch_k64,text_pca256_lexical_w005
92206,0,minibatch_k64,text_pca256_lexical_w005
92207,14,minibatch_k64,text_pca256_lexical_w005
92208,39,minibatch_k64,text_pca256_lexical_w005
92209,23,minibatch_k64,text_pca256_lexical_w005
92210,0,minibatch_k64,text_pca256_lexical_w005
92211,59,minibatch_k64,text_pca256_lexical_w005
92212,14,minibatch_k64,text_pca256_lexical_w005
92213,62,minibatch_k64,text_pca256_lexical_w005
92214,5,minibatch_k64,text_pca256_lexical_w005
92215,59,minibatch_k64,text_pca256_lexical_w005
92216,0,minibatch_k64,text_pca256_lexical_w005
92217,8,minibatch_k64,text_pca256_lexical_w005
92218,8,minibatch_k64,text_pca256_lexical_w005
92219,0,minibatch_k64,text_pca256_lexical_w005
92220,0,minibatch_k64,text_pca256_lexical_w005
92221,8,minibatch_k64,text_pca256_lexical_w005
92222,23,minibatch_k64,text_pca256_lexical_w005
92223,0,minibatch_k64,text_pca256_lexical_w005
92224,62,minibatch_k64,text_pca256_lexical_w005
92225,0,minibatch_k64,text_pca256_lexical_w005
92226,23,minibatch_k64,text_pca256_lexical_w005
92227,0,minibatch_k64,text_pca256_lexical_w005
92228,8,minibatch_k64,text_pca256_lexical_w005
92229,0,minibatch_k64,text_pca256_lexical_w005
92230,8,minibatch_k64,text_pca256_lexical_w005
92231,5,minibatch_k64,text_pca256_lexical_w005
92232,5,minibatch_k64,text_pca256_lexical_w005
92233,5,minibatch_k64,text_pca256_lexical_w005
92234,8,minibatch_k64,text_pca256_lexical_w005
92235,14,minibatch_k64,text_pca256_lexical_w005
92236,0,minibatch_k64,text_pca256_lexical_w005
92237,42,minibatch_k64,text_pca256_lexical_w005
92238,0,minibatch_k64,text_pca256_lexical_w005
92239,59,minibatch_k64,text_pca256_lexical_w005
92240,0,minibatch_k64,text_pca256_lexical_w005
92241,15,minibatch_k64,text_pca256_lexical_w005
92242,14,minibatch_k64,text_pca256_lexical_w005
92243,39,minibatch_k64,text_pca256_lexical_w005
92244,23,minibatch_k64,text_pca256_lexical_w005
92245,45,minibatch_k64,text_pca256_lexical_w005
92246,42,minibatch_k64,text_pca256_lexical_w005
92247,45,minibatch_k64,text_pca256_lexical_w005
92248,45,minibatch_k64,text_pca256_lexical_w005
92249,45,minibatch_k64,text_pca256_lexical_w005
92250,50,minibatch_k64,text_pca256_lexical_w005
92251,23,minibatch_k64,text_pca256_lexical_w005
92252,0,minibatch_k64,text_pca256_lexical_w005
92253,62,minibatch_k64,text_pca256_lexical_w005
92254,0,minibatch_k64,text_pca256_lexical_w005
92255,0,minibatch_k64,text_pca256_lexical_w005
92256,45,minibatch_k64,text_pca256_lexical_w005
92257,58,minibatch_k64,text_pca256_lexical_w005
92258,45,minibatch_k64,text_pca256_lexical_w005
92259,45,minibatch_k64,text_pca256_lexical_w005
92260,25,minibatch_k64,text_pca256_lexical_w005
92261,45,minibatch_k64,text_pca256_lexical_w005
92262,45,minibatch_k64,text_pca256_lexical_w005
92263,55,minibatch_k64,text_pca256_lexical_w005
92264,22,minibatch_k64,text_pca256_lexical_w005
92265,33,minibatch_k64,text_pca256_lexical_w005
92266,0,minibatch_k64,text_pca256_lexical_w005
92267,45,minibatch_k64,text_pca256_lexical_w005
92268,0,minibatch_k64,text_pca256_lexical_w005
92269,8,minibatch_k64,text_pca256_lexical_w005
92270,0,minibatch_k64,text_pca256_lexical_w005
92271,59,minibatch_k64,text_pca256_lexical_w005
92272,62,minibatch_k64,text_pca256_lexical_w005
92273,33,minibatch_k64,text_pca256_lexical_w005
92274,8,minibatch_k64,text_pca256_lexical_w005
92275,10,minibatch_k64,text_pca256_lexical_w005
92276,0,minibatch_k64,text_pca256_lexical_w005
92277,0,minibatch_k64,text_pca256_lexical_w005
92278,33,minibatch_k64,text_pca256_lexical_w005
92279,62,minibatch_k64,text_pca256_lexical_w005
92280,53,minibatch_k64,text_pca256_lexical_w005
92281,8,minibatch_k64,text_pca256_lexical_w005
92282,53,minibatch_k64,text_pca256_lexical_w005
92283,8,minibatch_k64,text_pca256_lexical_w005
92284,59,minibatch_k64,text_pca256_lexical_w005
92285,59,minibatch_k64,text_pca256_lexical_w005
92286,8,minibatch_k64,text_pca256_lexical_w005
92287,8,minibatch_k64,text_pca256_lexical_w005
92288,53,minibatch_k64,text_pca256_lexical_w005
92289,62,minibatch_k64,text_pca256_lexical_w005
92290,59,minibatch_k64,text_pca256_lexical_w005
92291,53,minibatch_k64,text_pca256_lexical_w005
92292,53,minibatch_k64,text_pca256_lexical_w005
92293,62,minibatch_k64,text_pca256_lexical_w005
92294,0,minibatch_k64,text_pca256_lexical_w005
92295,59,minibatch_k64,text_pca256_lexical_w005
92296,0,minibatch_k64,text_pca256_lexical_w005
92297,0,minibatch_k64,text_pca256_lexical_w005
92298,5,minibatch_k64,text_pca256_lexical_w005
92299,8,minibatch_k64,text_pca256_lexical_w005
92300,10,minibatch_k64,text_pca256_lexical_w005
92301,53,minibatch_k64,text_pca256_lexical_w005
92302,0,minibatch_k64,text_pca256_lexical_w005
92303,59,minibatch_k64,text_pca256_lexical_w005
92304,8,minibatch_k64,text_pca256_lexical_w005
92305,62,minibatch_k64,text_pca256_lexical_w005
92306,14,minibatch_k64,text_pca256_lexical_w005
92307,0,minibatch_k64,text_pca256_lexical_w005
92308,0,minibatch_k64,text_pca256_lexical_w005
92309,14,minibatch_k64,text_pca256_lexical_w005
92310,15,minibatch_k64,text_pca256_lexical_w005
92311,21,minibatch_k64,text_pca256_lexical_w005
92312,15,minibatch_k64,text_pca256_lexical_w005
92313,46,minibatch_k64,text_pca256_lexical_w005
92314,5,minibatch_k64,text_pca256_lexical_w005
92315,0,minibatch_k64,text_pca256_lexical_w005
92316,15,minibatch_k64,text_pca256_lexical_w005
92317,10,minibatch_k64,text_pca256_lexical_w005
92318,59,minibatch_k64,text_pca256_lexical_w005
92319,23,minibatch_k64,text_pca256_lexical_w005
92320,45,minibatch_k64,text_pca256_lexical_w005
92321,59,minibatch_k64,text_pca256_lexical_w005
92322,39,minibatch_k64,text_pca256_lexical_w005
92323,62,minibatch_k64,text_pca256_lexical_w005
92324,23,minibatch_k64,text_pca256_lexical_w005
92325,10,minibatch_k64,text_pca256_lexical_w005
92326,62,minibatch_k64,text_pca256_lexical_w005
92327,5,minibatch_k64,text_pca256_lexical_w005
92328,8,minibatch_k64,text_pca256_lexical_w005
92329,62,minibatch_k64,text_pca256_lexical_w005
92330,5,minibatch_k64,text_pca256_lexical_w005
92331,62,minibatch_k64,text_pca256_lexical_w005
92332,0,minibatch_k64,text_pca256_lexical_w005
92333,62,minibatch_k64,text_pca256_lexical_w005
92334,5,minibatch_k64,text_pca256_lexical_w005
92335,15,minibatch_k64,text_pca256_lexical_w005
92336,23,minibatch_k64,text_pca256_lexical_w005
92337,45,minibatch_k64,text_pca256_lexical_w005
92338,0,minibatch_k64,text_pca256_lexical_w005
92339,45,minibatch_k64,text_pca256_lexical_w005
92340,45,minibatch_k64,text_pca256_lexical_w005
92341,45,minibatch_k64,text_pca256_lexical_w005
92342,23,minibatch_k64,text_pca256_lexical_w005
92343,5,minibatch_k64,text_pca256_lexical_w005
92344,23,minibatch_k64,text_pca256_lexical_w005
92345,45,minibatch_k64,text_pca256_lexical_w005
92346,23,minibatch_k64,text_pca256_lexical_w005
92347,45,minibatch_k64,text_pca256_lexical_w005
92348,23,minibatch_k64,text_pca256_lexical_w005
92349,0,minibatch_k64,text_pca256_lexical_w005
92350,58,minibatch_k64,text_pca256_lexical_w005
92351,45,minibatch_k64,text_pca256_lexical_w005
92352,45,minibatch_k64,text_pca256_lexical_w005
92353,45,minibatch_k64,text_pca256_lexical_w005
92354,55,minibatch_k64,text_pca256_lexical_w005
92355,22,minibatch_k64,text_pca256_lexical_w005
92356,8,minibatch_k64,text_pca256_lexical_w005
92357,10,minibatch_k64,text_pca256_lexical_w005
92358,4,minibatch_k64,text_pca256_lexical_w005
92359,5,minibatch_k64,text_pca256_lexical_w005
92360,8,minibatch_k64,text_pca256_lexical_w005
92361,0,minibatch_k64,text_pca256_lexical_w005
92362,45,minibatch_k64,text_pca256_lexical_w005
92363,0,minibatch_k64,text_pca256_lexical_w005
92364,42,minibatch_k64,text_pca256_lexical_w005
92365,8,minibatch_k64,text_pca256_lexical_w005
92366,0,minibatch_k64,text_pca256_lexical_w005
92367,0,minibatch_k64,text_pca256_lexical_w005
92368,8,minibatch_k64,text_pca256_lexical_w005
92369,33,minibatch_k64,text_pca256_lexical_w005
92370,62,minibatch_k64,text_pca256_lexical_w005
92371,0,minibatch_k64,text_pca256_lexical_w005
92372,62,minibatch_k64,text_pca256_lexical_w005
92373,59,minibatch_k64,text_pca256_lexical_w005
92374,62,minibatch_k64,text_pca256_lexical_w005
92375,59,minibatch_k64,text_pca256_lexical_w005
92376,62,minibatch_k64,text_pca256_lexical_w005
92377,56,minibatch_k64,text_pca256_lexical_w005
92378,59,minibatch_k64,text_pca256_lexical_w005
92379,0,minibatch_k64,text_pca256_lexical_w005
92380,10,minibatch_k64,text_pca256_lexical_w005
92381,8,minibatch_k64,text_pca256_lexical_w005
92382,10,minibatch_k64,text_pca256_lexical_w005
92383,39,minibatch_k64,text_pca256_lexical_w005
92384,0,minibatch_k64,text_pca256_lexical_w005
92385,8,minibatch_k64,text_pca256_lexical_w005
92386,45,minibatch_k64,text_pca256_lexical_w005
92387,45,minibatch_k64,text_pca256_lexical_w005
92388,23,minibatch_k64,text_pca256_lexical_w005
92389,8,minibatch_k64,text_pca256_lexical_w005
92390,45,minibatch_k64,text_pca256_lexical_w005
92391,14,minibatch_k64,text_pca256_lexical_w005
92392,14,minibatch_k64,text_pca256_lexical_w005
92393,14,minibatch_k64,text_pca256_lexical_w005
92394,62,minibatch_k64,text_pca256_lexical_w005
92395,23,minibatch_k64,text_pca256_lexical_w005
92396,2,minibatch_k64,text_pca256_lexical_w005
92397,45,minibatch_k64,text_pca256_lexical_w005
92398,59,minibatch_k64,text_pca256_lexical_w005
92399,39,minibatch_k64,text_pca256_lexical_w005
92400,8,minibatch_k64,text_pca256_lexical_w005
92401,45,minibatch_k64,text_pca256_lexical_w005
92402,59,minibatch_k64,text_pca256_lexical_w005
92403,59,minibatch_k64,text_pca256_lexical_w005
92404,0,minibatch_k64,text_pca256_lexical_w005
92405,0,minibatch_k64,text_pca256_lexical_w005
92406,45,minibatch_k64,text_pca256_lexical_w005
92407,14,minibatch_k64,text_pca256_lexical_w005
92408,45,minibatch_k64,text_pca256_lexical_w005
92409,62,minibatch_k64,text_pca256_lexical_w005
92410,38,minibatch_k64,text_pca256_lexical_w005
92411,45,minibatch_k64,text_pca256_lexical_w005
92412,45,minibatch_k64,text_pca256_lexical_w005
92413,55,minibatch_k64,text_pca256_lexical_w005
92414,22,minibatch_k64,text_pca256_lexical_w005
92415,23,minibatch_k64,text_pca256_lexical_w005
92416,62,minibatch_k64,text_pca256_lexical_w005
92417,40,minibatch_k64,text_pca256_lexical_w005
92418,42,minibatch_k64,text_pca256_lexical_w005
92419,62,minibatch_k64,text_pca256_lexical_w005
92420,21,minibatch_k64,text_pca256_lexical_w005
92421,5,minibatch_k64,text_pca256_lexical_w005
92422,0,minibatch_k64,text_pca256_lexical_w005
92423,15,minibatch_k64,text_pca256_lexical_w005
92424,45,minibatch_k64,text_pca256_lexical_w005
92425,23,minibatch_k64,text_pca256_lexical_w005
92426,33,minibatch_k64,text_pca256_lexical_w005
92427,15,minibatch_k64,text_pca256_lexical_w005
92428,10,minibatch_k64,text_pca256_lexical_w005
92429,8,minibatch_k64,text_pca256_lexical_w005
92430,23,minibatch_k64,text_pca256_lexical_w005
92431,45,minibatch_k64,text_pca256_lexical_w005
92432,39,minibatch_k64,text_pca256_lexical_w005
92433,62,minibatch_k64,text_pca256_lexical_w005
92434,0,minibatch_k64,text_pca256_lexical_w005
92435,0,minibatch_k64,text_pca256_lexical_w005
92436,56,minibatch_k64,text_pca256_lexical_w005
92437,10,minibatch_k64,text_pca256_lexical_w005
92438,8,minibatch_k64,text_pca256_lexical_w005
92439,59,minibatch_k64,text_pca256_lexical_w005
92440,10,minibatch_k64,text_pca256_lexical_w005
92441,0,minibatch_k64,text_pca256_lexical_w005
92442,62,minibatch_k64,text_pca256_lexical_w005
92443,53,minibatch_k64,text_pca256_lexical_w005
92444,0,minibatch_k64,text_pca256_lexical_w005
92445,0,minibatch_k64,text_pca256_lexical_w005
92446,39,minibatch_k64,text_pca256_lexical_w005
92447,39,minibatch_k64,text_pca256_lexical_w005
92448,8,minibatch_k64,text_pca256_lexical_w005
92449,21,minibatch_k64,text_pca256_lexical_w005
92450,8,minibatch_k64,text_pca256_lexical_w005
92451,3,minibatch_k64,text_pca256_lexical_w005
92452,8,minibatch_k64,text_pca256_lexical_w005
92453,8,minibatch_k64,text_pca256_lexical_w005
92454,8,minibatch_k64,text_pca256_lexical_w005
92455,14,minibatch_k64,text_pca256_lexical_w005
92456,4,minibatch_k64,text_pca256_lexical_w005
92457,14,minibatch_k64,text_pca256_lexical_w005
92458,23,minibatch_k64,text_pca256_lexical_w005
92459,45,minibatch_k64,text_pca256_lexical_w005
92460,45,minibatch_k64,text_pca256_lexical_w005
92461,45,minibatch_k64,text_pca256_lexical_w005
92462,23,minibatch_k64,text_pca256_lexical_w005
92463,48,minibatch_k64,text_pca256_lexical_w005
92464,18,minibatch_k64,text_pca256_lexical_w005
92465,23,minibatch_k64,text_pca256_lexical_w005
92466,45,minibatch_k64,text_pca256_lexical_w005
92467,45,minibatch_k64,text_pca256_lexical_w005
92468,45,minibatch_k64,text_pca256_lexical_w005
92469,8,minibatch_k64,text_pca256_lexical_w005
92470,62,minibatch_k64,text_pca256_lexical_w005
92471,45,minibatch_k64,text_pca256_lexical_w005
92472,5,minibatch_k64,text_pca256_lexical_w005
92473,8,minibatch_k64,text_pca256_lexical_w005
92474,15,minibatch_k64,text_pca256_lexical_w005
92475,45,minibatch_k64,text_pca256_lexical_w005
92476,23,minibatch_k64,text_pca256_lexical_w005
92477,0,minibatch_k64,text_pca256_lexical_w005
92478,0,minibatch_k64,text_pca256_lexical_w005
92479,0,minibatch_k64,text_pca256_lexical_w005
92480,62,minibatch_k64,text_pca256_lexical_w005
92481,46,minibatch_k64,text_pca256_lexical_w005
92482,23,minibatch_k64,text_pca256_lexical_w005
92483,0,minibatch_k64,text_pca256_lexical_w005
92484,15,minibatch_k64,text_pca256_lexical_w005
92485,0,minibatch_k64,text_pca256_lexical_w005
92486,39,minibatch_k64,text_pca256_lexical_w005
92487,59,minibatch_k64,text_pca256_lexical_w005
92488,59,minibatch_k64,text_pca256_lexical_w005
92489,62,minibatch_k64,text_pca256_lexical_w005
92490,56,minibatch_k64,text_pca256_lexical_w005
92491,59,minibatch_k64,text_pca256_lexical_w005
92492,0,minibatch_k64,text_pca256_lexical_w005
92493,33,minibatch_k64,text_pca256_lexical_w005
92494,15,minibatch_k64,text_pca256_lexical_w005
92495,45,minibatch_k64,text_pca256_lexical_w005
92496,8,minibatch_k64,text_pca256_lexical_w005
92497,0,minibatch_k64,text_pca256_lexical_w005
92498,0,minibatch_k64,text_pca256_lexical_w005
92499,23,minibatch_k64,text_pca256_lexical_w005
92500,0,minibatch_k64,text_pca256_lexical_w005
92501,42,minibatch_k64,text_pca256_lexical_w005
92502,23,minibatch_k64,text_pca256_lexical_w005
92503,23,minibatch_k64,text_pca256_lexical_w005
92504,59,minibatch_k64,text_pca256_lexical_w005
92505,59,minibatch_k64,text_pca256_lexical_w005
92506,62,minibatch_k64,text_pca256_lexical_w005
92507,45,minibatch_k64,text_pca256_lexical_w005
92508,62,minibatch_k64,text_pca256_lexical_w005
92509,46,minibatch_k64,text_pca256_lexical_w005
92510,0,minibatch_k64,text_pca256_lexical_w005
92511,5,minibatch_k64,text_pca256_lexical_w005
92512,42,minibatch_k64,text_pca256_lexical_w005
92513,5,minibatch_k64,text_pca256_lexical_w005
92514,0,minibatch_k64,text_pca256_lexical_w005
92515,45,minibatch_k64,text_pca256_lexical_w005
92516,62,minibatch_k64,text_pca256_lexical_w005
92517,23,minibatch_k64,text_pca256_lexical_w005
92518,45,minibatch_k64,text_pca256_lexical_w005
92519,45,minibatch_k64,text_pca256_lexical_w005
92520,45,minibatch_k64,text_pca256_lexical_w005
92521,45,minibatch_k64,text_pca256_lexical_w005
92522,0,minibatch_k64,text_pca256_lexical_w005
92523,15,minibatch_k64,text_pca256_lexical_w005
92524,59,minibatch_k64,text_pca256_lexical_w005
92525,48,minibatch_k64,text_pca256_lexical_w005
92526,5,minibatch_k64,text_pca256_lexical_w005
92527,33,minibatch_k64,text_pca256_lexical_w005
92528,45,minibatch_k64,text_pca256_lexical_w005
92529,45,minibatch_k64,text_pca256_lexical_w005
92530,4,minibatch_k64,text_pca256_lexical_w005
92531,5,minibatch_k64,text_pca256_lexical_w005
92532,8,minibatch_k64,text_pca256_lexical_w005
92533,18,minibatch_k64,text_pca256_lexical_w005
92534,2,minibatch_k64,text_pca256_lexical_w005
92535,15,minibatch_k64,text_pca256_lexical_w005
92536,33,minibatch_k64,text_pca256_lexical_w005
92537,42,minibatch_k64,text_pca256_lexical_w005
92538,5,minibatch_k64,text_pca256_lexical_w005
92539,5,minibatch_k64,text_pca256_lexical_w005
92540,18,minibatch_k64,text_pca256_lexical_w005
92541,59,minibatch_k64,text_pca256_lexical_w005
92542,33,minibatch_k64,text_pca256_lexical_w005
92543,39,minibatch_k64,text_pca256_lexical_w005
92544,15,minibatch_k64,text_pca256_lexical_w005
92545,10,minibatch_k64,text_pca256_lexical_w005
92546,59,minibatch_k64,text_pca256_lexical_w005
92547,10,minibatch_k64,text_pca256_lexical_w005
92548,10,minibatch_k64,text_pca256_lexical_w005
92549,10,minibatch_k64,text_pca256_lexical_w005
92550,62,minibatch_k64,text_pca256_lexical_w005
92551,33,minibatch_k64,text_pca256_lexical_w005
92552,62,minibatch_k64,text_pca256_lexical_w005
92553,15,minibatch_k64,text_pca256_lexical_w005
92554,5,minibatch_k64,text_pca256_lexical_w005
92555,33,minibatch_k64,text_pca256_lexical_w005
92556,0,minibatch_k64,text_pca256_lexical_w005
92557,2,minibatch_k64,text_pca256_lexical_w005
92558,8,minibatch_k64,text_pca256_lexical_w005
92559,62,minibatch_k64,text_pca256_lexical_w005
92560,0,minibatch_k64,text_pca256_lexical_w005
92561,5,minibatch_k64,text_pca256_lexical_w005
92562,33,minibatch_k64,text_pca256_lexical_w005
92563,5,minibatch_k64,text_pca256_lexical_w005
92564,5,minibatch_k64,text_pca256_lexical_w005
92565,62,minibatch_k64,text_pca256_lexical_w005
92566,59,minibatch_k64,text_pca256_lexical_w005
92567,46,minibatch_k64,text_pca256_lexical_w005
92568,45,minibatch_k64,text_pca256_lexical_w005
92569,15,minibatch_k64,text_pca256_lexical_w005
92570,0,minibatch_k64,text_pca256_lexical_w005
92571,15,minibatch_k64,text_pca256_lexical_w005
92572,42,minibatch_k64,text_pca256_lexical_w005
92573,62,minibatch_k64,text_pca256_lexical_w005
92574,21,minibatch_k64,text_pca256_lexical_w005
92575,0,minibatch_k64,text_pca256_lexical_w005
92576,5,minibatch_k64,text_pca256_lexical_w005
92577,33,minibatch_k64,text_pca256_lexical_w005
92578,5,minibatch_k64,text_pca256_lexical_w005
92579,15,minibatch_k64,text_pca256_lexical_w005
92580,33,minibatch_k64,text_pca256_lexical_w005
92581,5,minibatch_k64,text_pca256_lexical_w005
92582,33,minibatch_k64,text_pca256_lexical_w005
92583,33,minibatch_k64,text_pca256_lexical_w005
92584,8,minibatch_k64,text_pca256_lexical_w005
92585,33,minibatch_k64,text_pca256_lexical_w005
92586,23,minibatch_k64,text_pca256_lexical_w005
92587,62,minibatch_k64,text_pca256_lexical_w005
92588,2,minibatch_k64,text_pca256_lexical_w005
92589,8,minibatch_k64,text_pca256_lexical_w005
92590,23,minibatch_k64,text_pca256_lexical_w005
92591,33,minibatch_k64,text_pca256_lexical_w005
92592,62,minibatch_k64,text_pca256_lexical_w005
92593,8,minibatch_k64,text_pca256_lexical_w005
92594,10,minibatch_k64,text_pca256_lexical_w005
92595,42,minibatch_k64,text_pca256_lexical_w005
92596,0,minibatch_k64,text_pca256_lexical_w005
92597,52,minibatch_k64,text_pca256_lexical_w005
92598,33,minibatch_k64,text_pca256_lexical_w005
92599,0,minibatch_k64,text_pca256_lexical_w005
92600,15,minibatch_k64,text_pca256_lexical_w005
92601,33,minibatch_k64,text_pca256_lexical_w005
92602,8,minibatch_k64,text_pca256_lexical_w005
92603,15,minibatch_k64,text_pca256_lexical_w005
92604,14,minibatch_k64,text_pca256_lexical_w005
92605,62,minibatch_k64,text_pca256_lexical_w005
92606,25,minibatch_k64,text_pca256_lexical_w005
92607,62,minibatch_k64,text_pca256_lexical_w005
92608,23,minibatch_k64,text_pca256_lexical_w005
92609,5,minibatch_k64,text_pca256_lexical_w005
92610,8,minibatch_k64,text_pca256_lexical_w005
92611,5,minibatch_k64,text_pca256_lexical_w005
92612,8,minibatch_k64,text_pca256_lexical_w005
92613,15,minibatch_k64,text_pca256_lexical_w005
92614,61,minibatch_k64,text_pca256_lexical_w005
92615,15,minibatch_k64,text_pca256_lexical_w005
92616,8,minibatch_k64,text_pca256_lexical_w005
92617,61,minibatch_k64,text_pca256_lexical_w005
92618,33,minibatch_k64,text_pca256_lexical_w005
92619,8,minibatch_k64,text_pca256_lexical_w005
92620,5,minibatch_k64,text_pca256_lexical_w005
92621,14,minibatch_k64,text_pca256_lexical_w005
92622,15,minibatch_k64,text_pca256_lexical_w005
92623,15,minibatch_k64,text_pca256_lexical_w005
92624,15,minibatch_k64,text_pca256_lexical_w005
92625,62,minibatch_k64,text_pca256_lexical_w005
92626,8,minibatch_k64,text_pca256_lexical_w005
92627,33,minibatch_k64,text_pca256_lexical_w005
92628,15,minibatch_k64,text_pca256_lexical_w005
92629,61,minibatch_k64,text_pca256_lexical_w005
92630,61,minibatch_k64,text_pca256_lexical_w005
92631,5,minibatch_k64,text_pca256_lexical_w005
92632,33,minibatch_k64,text_pca256_lexical_w005
92633,5,minibatch_k64,text_pca256_lexical_w005
92634,14,minibatch_k64,text_pca256_lexical_w005
92635,50,minibatch_k64,text_pca256_lexical_w005
92636,15,minibatch_k64,text_pca256_lexical_w005
92637,58,minibatch_k64,text_pca256_lexical_w005
92638,23,minibatch_k64,text_pca256_lexical_w005
92639,23,minibatch_k64,text_pca256_lexical_w005
92640,45,minibatch_k64,text_pca256_lexical_w005
92641,0,minibatch_k64,text_pca256_lexical_w005
92642,45,minibatch_k64,text_pca256_lexical_w005
92643,55,minibatch_k64,text_pca256_lexical_w005
92644,15,minibatch_k64,text_pca256_lexical_w005
92645,22,minibatch_k64,text_pca256_lexical_w005
92646,33,minibatch_k64,text_pca256_lexical_w005
92647,59,minibatch_k64,text_pca256_lexical_w005
92648,15,minibatch_k64,text_pca256_lexical_w005
92649,62,minibatch_k64,text_pca256_lexical_w005
92650,33,minibatch_k64,text_pca256_lexical_w005
92651,33,minibatch_k64,text_pca256_lexical_w005
92652,15,minibatch_k64,text_pca256_lexical_w005
92653,23,minibatch_k64,text_pca256_lexical_w005
92654,33,minibatch_k64,text_pca256_lexical_w005
92655,23,minibatch_k64,text_pca256_lexical_w005
92656,8,minibatch_k64,text_pca256_lexical_w005
92657,0,minibatch_k64,text_pca256_lexical_w005
92658,62,minibatch_k64,text_pca256_lexical_w005
92659,62,minibatch_k64,text_pca256_lexical_w005
92660,61,minibatch_k64,text_pca256_lexical_w005
92661,61,minibatch_k64,text_pca256_lexical_w005
92662,62,minibatch_k64,text_pca256_lexical_w005
92663,8,minibatch_k64,text_pca256_lexical_w005
92664,0,minibatch_k64,text_pca256_lexical_w005
92665,15,minibatch_k64,text_pca256_lexical_w005
92666,5,minibatch_k64,text_pca256_lexical_w005
92667,15,minibatch_k64,text_pca256_lexical_w005
92668,33,minibatch_k64,text_pca256_lexical_w005
92669,20,minibatch_k64,text_pca256_lexical_w005
92670,23,minibatch_k64,text_pca256_lexical_w005
92671,0,minibatch_k64,text_pca256_lexical_w005
92672,53,minibatch_k64,text_pca256_lexical_w005
92673,2,minibatch_k64,text_pca256_lexical_w005
92674,8,minibatch_k64,text_pca256_lexical_w005
92675,33,minibatch_k64,text_pca256_lexical_w005
92676,56,minibatch_k64,text_pca256_lexical_w005
92677,2,minibatch_k64,text_pca256_lexical_w005
92678,33,minibatch_k64,text_pca256_lexical_w005
92679,62,minibatch_k64,text_pca256_lexical_w005
92680,33,minibatch_k64,text_pca256_lexical_w005
92681,23,minibatch_k64,text_pca256_lexical_w005
92682,39,minibatch_k64,text_pca256_lexical_w005
92683,23,minibatch_k64,text_pca256_lexical_w005
92684,21,minibatch_k64,text_pca256_lexical_w005
92685,33,minibatch_k64,text_pca256_lexical_w005
92686,59,minibatch_k64,text_pca256_lexical_w005
92687,42,minibatch_k64,text_pca256_lexical_w005
92688,33,minibatch_k64,text_pca256_lexical_w005
92689,0,minibatch_k64,text_pca256_lexical_w005
92690,3,minibatch_k64,text_pca256_lexical_w005
92691,21,minibatch_k64,text_pca256_lexical_w005
92692,33,minibatch_k64,text_pca256_lexical_w005
92693,8,minibatch_k64,text_pca256_lexical_w005
92694,10,minibatch_k64,text_pca256_lexical_w005
92695,14,minibatch_k64,text_pca256_lexical_w005
92696,33,minibatch_k64,text_pca256_lexical_w005
92697,8,minibatch_k64,text_pca256_lexical_w005
92698,33,minibatch_k64,text_pca256_lexical_w005
92699,33,minibatch_k64,text_pca256_lexical_w005
92700,33,minibatch_k64,text_pca256_lexical_w005
92701,8,minibatch_k64,text_pca256_lexical_w005
92702,53,minibatch_k64,text_pca256_lexical_w005
92703,33,minibatch_k64,text_pca256_lexical_w005
92704,59,minibatch_k64,text_pca256_lexical_w005
92705,15,minibatch_k64,text_pca256_lexical_w005
92706,33,minibatch_k64,text_pca256_lexical_w005
92707,42,minibatch_k64,text_pca256_lexical_w005
92708,23,minibatch_k64,text_pca256_lexical_w005
92709,58,minibatch_k64,text_pca256_lexical_w005
92710,14,minibatch_k64,text_pca256_lexical_w005
92711,45,minibatch_k64,text_pca256_lexical_w005
92712,55,minibatch_k64,text_pca256_lexical_w005
92713,22,minibatch_k64,text_pca256_lexical_w005
92714,33,minibatch_k64,text_pca256_lexical_w005
92715,23,minibatch_k64,text_pca256_lexical_w005
92716,33,minibatch_k64,text_pca256_lexical_w005
92717,15,minibatch_k64,text_pca256_lexical_w005
92718,15,minibatch_k64,text_pca256_lexical_w005
92719,62,minibatch_k64,text_pca256_lexical_w005
92720,33,minibatch_k64,text_pca256_lexical_w005
92721,62,minibatch_k64,text_pca256_lexical_w005
92722,33,minibatch_k64,text_pca256_lexical_w005
92723,33,minibatch_k64,text_pca256_lexical_w005
92724,23,minibatch_k64,text_pca256_lexical_w005
92725,8,minibatch_k64,text_pca256_lexical_w005
92726,8,minibatch_k64,text_pca256_lexical_w005
92727,8,minibatch_k64,text_pca256_lexical_w005
92728,33,minibatch_k64,text_pca256_lexical_w005
92729,42,minibatch_k64,text_pca256_lexical_w005
92730,42,minibatch_k64,text_pca256_lexical_w005
92731,4,minibatch_k64,text_pca256_lexical_w005
92732,21,minibatch_k64,text_pca256_lexical_w005
92733,61,minibatch_k64,text_pca256_lexical_w005
92734,8,minibatch_k64,text_pca256_lexical_w005
92735,0,minibatch_k64,text_pca256_lexical_w005
92736,8,minibatch_k64,text_pca256_lexical_w005
92737,62,minibatch_k64,text_pca256_lexical_w005
92738,15,minibatch_k64,text_pca256_lexical_w005
92739,21,minibatch_k64,text_pca256_lexical_w005
92740,33,minibatch_k64,text_pca256_lexical_w005
92741,3,minibatch_k64,text_pca256_lexical_w005
92742,33,minibatch_k64,text_pca256_lexical_w005
92743,0,minibatch_k64,text_pca256_lexical_w005
92744,23,minibatch_k64,text_pca256_lexical_w005
92745,33,minibatch_k64,text_pca256_lexical_w005
92746,14,minibatch_k64,text_pca256_lexical_w005
92747,39,minibatch_k64,text_pca256_lexical_w005
92748,14,minibatch_k64,text_pca256_lexical_w005
92749,0,minibatch_k64,text_pca256_lexical_w005
92750,33,minibatch_k64,text_pca256_lexical_w005
92751,23,minibatch_k64,text_pca256_lexical_w005
92752,33,minibatch_k64,text_pca256_lexical_w005
92753,42,minibatch_k64,text_pca256_lexical_w005
92754,8,minibatch_k64,text_pca256_lexical_w005
92755,8,minibatch_k64,text_pca256_lexical_w005
92756,8,minibatch_k64,text_pca256_lexical_w005
92757,15,minibatch_k64,text_pca256_lexical_w005
92758,8,minibatch_k64,text_pca256_lexical_w005
92759,61,minibatch_k64,text_pca256_lexical_w005
92760,33,minibatch_k64,text_pca256_lexical_w005
92761,21,minibatch_k64,text_pca256_lexical_w005
92762,33,minibatch_k64,text_pca256_lexical_w005
92763,14,minibatch_k64,text_pca256_lexical_w005
92764,61,minibatch_k64,text_pca256_lexical_w005
92765,23,minibatch_k64,text_pca256_lexical_w005
92766,0,minibatch_k64,text_pca256_lexical_w005
92767,42,minibatch_k64,text_pca256_lexical_w005
92768,59,minibatch_k64,text_pca256_lexical_w005
92769,15,minibatch_k64,text_pca256_lexical_w005
92770,38,minibatch_k64,text_pca256_lexical_w005
92771,10,minibatch_k64,text_pca256_lexical_w005
92772,55,minibatch_k64,text_pca256_lexical_w005
92773,0,minibatch_k64,text_pca256_lexical_w005
92774,10,minibatch_k64,text_pca256_lexical_w005
92775,56,minibatch_k64,text_pca256_lexical_w005
92776,8,minibatch_k64,text_pca256_lexical_w005
92777,33,minibatch_k64,text_pca256_lexical_w005
92778,50,minibatch_k64,text_pca256_lexical_w005
92779,10,minibatch_k64,text_pca256_lexical_w005
92780,15,minibatch_k64,text_pca256_lexical_w005
92781,8,minibatch_k64,text_pca256_lexical_w005
92782,62,minibatch_k64,text_pca256_lexical_w005
92783,0,minibatch_k64,text_pca256_lexical_w005
92784,62,minibatch_k64,text_pca256_lexical_w005
92785,59,minibatch_k64,text_pca256_lexical_w005
92786,8,minibatch_k64,text_pca256_lexical_w005
92787,8,minibatch_k64,text_pca256_lexical_w005
92788,0,minibatch_k64,text_pca256_lexical_w005
92789,23,minibatch_k64,text_pca256_lexical_w005
92790,0,minibatch_k64,text_pca256_lexical_w005
92791,62,minibatch_k64,text_pca256_lexical_w005
92792,33,minibatch_k64,text_pca256_lexical_w005
92793,15,minibatch_k64,text_pca256_lexical_w005
92794,10,minibatch_k64,text_pca256_lexical_w005
92795,33,minibatch_k64,text_pca256_lexical_w005
92796,10,minibatch_k64,text_pca256_lexical_w005
92797,42,minibatch_k64,text_pca256_lexical_w005
92798,33,minibatch_k64,text_pca256_lexical_w005
92799,10,minibatch_k64,text_pca256_lexical_w005
92800,33,minibatch_k64,text_pca256_lexical_w005
92801,8,minibatch_k64,text_pca256_lexical_w005
92802,15,minibatch_k64,text_pca256_lexical_w005
92803,33,minibatch_k64,text_pca256_lexical_w005
92804,23,minibatch_k64,text_pca256_lexical_w005
92805,62,minibatch_k64,text_pca256_lexical_w005
92806,15,minibatch_k64,text_pca256_lexical_w005
92807,62,minibatch_k64,text_pca256_lexical_w005
92808,33,minibatch_k64,text_pca256_lexical_w005
92809,8,minibatch_k64,text_pca256_lexical_w005
92810,8,minibatch_k64,text_pca256_lexical_w005
92811,33,minibatch_k64,text_pca256_lexical_w005
92812,14,minibatch_k64,text_pca256_lexical_w005
92813,0,minibatch_k64,text_pca256_lexical_w005
92814,33,minibatch_k64,text_pca256_lexical_w005
92815,62,minibatch_k64,text_pca256_lexical_w005
92816,14,minibatch_k64,text_pca256_lexical_w005
92817,23,minibatch_k64,text_pca256_lexical_w005
92818,14,minibatch_k64,text_pca256_lexical_w005
92819,8,minibatch_k64,text_pca256_lexical_w005
92820,0,minibatch_k64,text_pca256_lexical_w005
92821,33,minibatch_k64,text_pca256_lexical_w005
92822,10,minibatch_k64,text_pca256_lexical_w005
92823,8,minibatch_k64,text_pca256_lexical_w005
92824,23,minibatch_k64,text_pca256_lexical_w005
92825,15,minibatch_k64,text_pca256_lexical_w005
92826,15,minibatch_k64,text_pca256_lexical_w005
92827,2,minibatch_k64,text_pca256_lexical_w005
92828,0,minibatch_k64,text_pca256_lexical_w005
92829,8,minibatch_k64,text_pca256_lexical_w005
92830,14,minibatch_k64,text_pca256_lexical_w005
92831,33,minibatch_k64,text_pca256_lexical_w005
92832,62,minibatch_k64,text_pca256_lexical_w005
92833,59,minibatch_k64,text_pca256_lexical_w005
92834,23,minibatch_k64,text_pca256_lexical_w005
92835,23,minibatch_k64,text_pca256_lexical_w005
92836,38,minibatch_k64,text_pca256_lexical_w005
92837,33,minibatch_k64,text_pca256_lexical_w005
92838,45,minibatch_k64,text_pca256_lexical_w005
92839,11,minibatch_k64,text_pca256_lexical_w005
92840,8,minibatch_k64,text_pca256_lexical_w005
92841,57,minibatch_k64,text_pca256_lexical_w005
92842,23,minibatch_k64,text_pca256_lexical_w005
92843,33,minibatch_k64,text_pca256_lexical_w005
92844,0,minibatch_k64,text_pca256_lexical_w005
92845,0,minibatch_k64,text_pca256_lexical_w005
92846,53,minibatch_k64,text_pca256_lexical_w005
92847,42,minibatch_k64,text_pca256_lexical_w005
92848,62,minibatch_k64,text_pca256_lexical_w005
92849,42,minibatch_k64,text_pca256_lexical_w005
92850,8,minibatch_k64,text_pca256_lexical_w005
92851,23,minibatch_k64,text_pca256_lexical_w005
92852,0,minibatch_k64,text_pca256_lexical_w005
92853,10,minibatch_k64,text_pca256_lexical_w005
92854,42,minibatch_k64,text_pca256_lexical_w005
92855,33,minibatch_k64,text_pca256_lexical_w005
92856,59,minibatch_k64,text_pca256_lexical_w005
92857,61,minibatch_k64,text_pca256_lexical_w005
92858,59,minibatch_k64,text_pca256_lexical_w005
92859,57,minibatch_k64,text_pca256_lexical_w005
92860,33,minibatch_k64,text_pca256_lexical_w005
92861,0,minibatch_k64,text_pca256_lexical_w005
92862,14,minibatch_k64,text_pca256_lexical_w005
92863,14,minibatch_k64,text_pca256_lexical_w005
92864,8,minibatch_k64,text_pca256_lexical_w005
92865,33,minibatch_k64,text_pca256_lexical_w005
92866,25,minibatch_k64,text_pca256_lexical_w005
92867,62,minibatch_k64,text_pca256_lexical_w005
92868,33,minibatch_k64,text_pca256_lexical_w005
92869,0,minibatch_k64,text_pca256_lexical_w005
92870,39,minibatch_k64,text_pca256_lexical_w005
92871,8,minibatch_k64,text_pca256_lexical_w005
92872,39,minibatch_k64,text_pca256_lexical_w005
92873,8,minibatch_k64,text_pca256_lexical_w005
92874,62,minibatch_k64,text_pca256_lexical_w005
92875,23,minibatch_k64,text_pca256_lexical_w005
92876,0,minibatch_k64,text_pca256_lexical_w005
92877,33,minibatch_k64,text_pca256_lexical_w005
92878,14,minibatch_k64,text_pca256_lexical_w005
92879,33,minibatch_k64,text_pca256_lexical_w005
92880,33,minibatch_k64,text_pca256_lexical_w005
92881,0,minibatch_k64,text_pca256_lexical_w005
92882,20,minibatch_k64,text_pca256_lexical_w005
92883,21,minibatch_k64,text_pca256_lexical_w005
92884,23,minibatch_k64,text_pca256_lexical_w005
92885,38,minibatch_k64,text_pca256_lexical_w005
92886,0,minibatch_k64,text_pca256_lexical_w005
92887,45,minibatch_k64,text_pca256_lexical_w005
92888,55,minibatch_k64,text_pca256_lexical_w005
92889,22,minibatch_k64,text_pca256_lexical_w005
92890,11,minibatch_k64,text_pca256_lexical_w005
92891,62,minibatch_k64,text_pca256_lexical_w005
92892,53,minibatch_k64,text_pca256_lexical_w005
92893,39,minibatch_k64,text_pca256_lexical_w005
92894,57,minibatch_k64,text_pca256_lexical_w005
92895,0,minibatch_k64,text_pca256_lexical_w005
92896,11,minibatch_k64,text_pca256_lexical_w005
92897,8,minibatch_k64,text_pca256_lexical_w005
92898,8,minibatch_k64,text_pca256_lexical_w005
92899,57,minibatch_k64,text_pca256_lexical_w005
92900,0,minibatch_k64,text_pca256_lexical_w005
92901,8,minibatch_k64,text_pca256_lexical_w005
92902,8,minibatch_k64,text_pca256_lexical_w005
92903,15,minibatch_k64,text_pca256_lexical_w005
92904,50,minibatch_k64,text_pca256_lexical_w005
92905,15,minibatch_k64,text_pca256_lexical_w005
92906,0,minibatch_k64,text_pca256_lexical_w005
92907,8,minibatch_k64,text_pca256_lexical_w005
92908,62,minibatch_k64,text_pca256_lexical_w005
92909,0,minibatch_k64,text_pca256_lexical_w005
92910,11,minibatch_k64,text_pca256_lexical_w005
92911,0,minibatch_k64,text_pca256_lexical_w005
92912,15,minibatch_k64,text_pca256_lexical_w005
92913,0,minibatch_k64,text_pca256_lexical_w005
92914,20,minibatch_k64,text_pca256_lexical_w005
92915,0,minibatch_k64,text_pca256_lexical_w005
92916,8,minibatch_k64,text_pca256_lexical_w005
92917,33,minibatch_k64,text_pca256_lexical_w005
92918,8,minibatch_k64,text_pca256_lexical_w005
92919,0,minibatch_k64,text_pca256_lexical_w005
92920,21,minibatch_k64,text_pca256_lexical_w005
92921,8,minibatch_k64,text_pca256_lexical_w005
92922,8,minibatch_k64,text_pca256_lexical_w005
92923,56,minibatch_k64,text_pca256_lexical_w005
92924,33,minibatch_k64,text_pca256_lexical_w005
92925,0,minibatch_k64,text_pca256_lexical_w005
92926,50,minibatch_k64,text_pca256_lexical_w005
92927,50,minibatch_k64,text_pca256_lexical_w005
92928,62,minibatch_k64,text_pca256_lexical_w005
92929,59,minibatch_k64,text_pca256_lexical_w005
92930,15,minibatch_k64,text_pca256_lexical_w005
92931,62,minibatch_k64,text_pca256_lexical_w005
92932,33,minibatch_k64,text_pca256_lexical_w005
92933,21,minibatch_k64,text_pca256_lexical_w005
92934,8,minibatch_k64,text_pca256_lexical_w005
92935,0,minibatch_k64,text_pca256_lexical_w005
92936,33,minibatch_k64,text_pca256_lexical_w005
92937,23,minibatch_k64,text_pca256_lexical_w005
92938,14,minibatch_k64,text_pca256_lexical_w005
92939,62,minibatch_k64,text_pca256_lexical_w005
92940,33,minibatch_k64,text_pca256_lexical_w005
92941,42,minibatch_k64,text_pca256_lexical_w005
92942,42,minibatch_k64,text_pca256_lexical_w005
92943,62,minibatch_k64,text_pca256_lexical_w005
92944,33,minibatch_k64,text_pca256_lexical_w005
92945,62,minibatch_k64,text_pca256_lexical_w005
92946,33,minibatch_k64,text_pca256_lexical_w005
92947,62,minibatch_k64,text_pca256_lexical_w005
92948,33,minibatch_k64,text_pca256_lexical_w005
92949,62,minibatch_k64,text_pca256_lexical_w005
92950,62,minibatch_k64,text_pca256_lexical_w005
92951,62,minibatch_k64,text_pca256_lexical_w005
92952,15,minibatch_k64,text_pca256_lexical_w005
92953,23,minibatch_k64,text_pca256_lexical_w005
92954,0,minibatch_k64,text_pca256_lexical_w005
92955,15,minibatch_k64,text_pca256_lexical_w005
92956,0,minibatch_k64,text_pca256_lexical_w005
92957,45,minibatch_k64,text_pca256_lexical_w005
92958,15,minibatch_k64,text_pca256_lexical_w005
92959,23,minibatch_k64,text_pca256_lexical_w005
92960,23,minibatch_k64,text_pca256_lexical_w005
92961,62,minibatch_k64,text_pca256_lexical_w005
92962,8,minibatch_k64,text_pca256_lexical_w005
92963,45,minibatch_k64,text_pca256_lexical_w005
92964,45,minibatch_k64,text_pca256_lexical_w005
92965,18,minibatch_k64,text_pca256_lexical_w005
92966,45,minibatch_k64,text_pca256_lexical_w005
92967,8,minibatch_k64,text_pca256_lexical_w005
92968,33,minibatch_k64,text_pca256_lexical_w005
92969,0,minibatch_k64,text_pca256_lexical_w005
92970,8,minibatch_k64,text_pca256_lexical_w005
92971,21,minibatch_k64,text_pca256_lexical_w005
92972,4,minibatch_k64,text_pca256_lexical_w005
92973,8,minibatch_k64,text_pca256_lexical_w005
92974,15,minibatch_k64,text_pca256_lexical_w005
92975,33,minibatch_k64,text_pca256_lexical_w005
92976,33,minibatch_k64,text_pca256_lexical_w005
92977,33,minibatch_k64,text_pca256_lexical_w005
92978,15,minibatch_k64,text_pca256_lexical_w005
92979,8,minibatch_k64,text_pca256_lexical_w005
92980,10,minibatch_k64,text_pca256_lexical_w005
92981,15,minibatch_k64,text_pca256_lexical_w005
92982,23,minibatch_k64,text_pca256_lexical_w005
92983,8,minibatch_k64,text_pca256_lexical_w005
92984,10,minibatch_k64,text_pca256_lexical_w005
92985,0,minibatch_k64,text_pca256_lexical_w005
92986,33,minibatch_k64,text_pca256_lexical_w005
92987,15,minibatch_k64,text_pca256_lexical_w005
92988,0,minibatch_k64,text_pca256_lexical_w005
92989,21,minibatch_k64,text_pca256_lexical_w005
92990,8,minibatch_k64,text_pca256_lexical_w005
92991,14,minibatch_k64,text_pca256_lexical_w005
92992,0,minibatch_k64,text_pca256_lexical_w005
92993,0,minibatch_k64,text_pca256_lexical_w005
92994,50,minibatch_k64,text_pca256_lexical_w005
92995,0,minibatch_k64,text_pca256_lexical_w005
92996,33,minibatch_k64,text_pca256_lexical_w005
92997,59,minibatch_k64,text_pca256_lexical_w005
92998,14,minibatch_k64,text_pca256_lexical_w005
92999,62,minibatch_k64,text_pca256_lexical_w005
93000,61,minibatch_k64,text_pca256_lexical_w005
93001,33,minibatch_k64,text_pca256_lexical_w005
93002,45,minibatch_k64,text_pca256_lexical_w005
93003,45,minibatch_k64,text_pca256_lexical_w005
93004,33,minibatch_k64,text_pca256_lexical_w005
93005,62,minibatch_k64,text_pca256_lexical_w005
93006,50,minibatch_k64,text_pca256_lexical_w005
93007,45,minibatch_k64,text_pca256_lexical_w005
93008,0,minibatch_k64,text_pca256_lexical_w005
93009,45,minibatch_k64,text_pca256_lexical_w005
93010,45,minibatch_k64,text_pca256_lexical_w005
93011,10,minibatch_k64,text_pca256_lexical_w005
93012,62,minibatch_k64,text_pca256_lexical_w005
93013,45,minibatch_k64,text_pca256_lexical_w005
93014,45,minibatch_k64,text_pca256_lexical_w005
93015,45,minibatch_k64,text_pca256_lexical_w005
93016,38,minibatch_k64,text_pca256_lexical_w005
93017,45,minibatch_k64,text_pca256_lexical_w005
93018,10,minibatch_k64,text_pca256_lexical_w005
93019,45,minibatch_k64,text_pca256_lexical_w005
93020,22,minibatch_k64,text_pca256_lexical_w005
93021,53,minibatch_k64,text_pca256_lexical_w005
93022,4,minibatch_k64,text_pca256_lexical_w005
93023,45,minibatch_k64,text_pca256_lexical_w005
93024,4,minibatch_k64,text_pca256_lexical_w005
93025,45,minibatch_k64,text_pca256_lexical_w005
93026,59,minibatch_k64,text_pca256_lexical_w005
93027,8,minibatch_k64,text_pca256_lexical_w005
93028,62,minibatch_k64,text_pca256_lexical_w005
93029,62,minibatch_k64,text_pca256_lexical_w005
93030,45,minibatch_k64,text_pca256_lexical_w005
93031,62,minibatch_k64,text_pca256_lexical_w005
93032,45,minibatch_k64,text_pca256_lexical_w005
93033,62,minibatch_k64,text_pca256_lexical_w005
93034,0,minibatch_k64,text_pca256_lexical_w005
93035,15,minibatch_k64,text_pca256_lexical_w005
93036,8,minibatch_k64,text_pca256_lexical_w005
93037,0,minibatch_k64,text_pca256_lexical_w005
93038,33,minibatch_k64,text_pca256_lexical_w005
93039,62,minibatch_k64,text_pca256_lexical_w005
93040,8,minibatch_k64,text_pca256_lexical_w005
93041,33,minibatch_k64,text_pca256_lexical_w005
93042,15,minibatch_k64,text_pca256_lexical_w005
93043,33,minibatch_k64,text_pca256_lexical_w005
93044,21,minibatch_k64,text_pca256_lexical_w005
93045,33,minibatch_k64,text_pca256_lexical_w005
93046,15,minibatch_k64,text_pca256_lexical_w005
93047,21,minibatch_k64,text_pca256_lexical_w005
93048,8,minibatch_k64,text_pca256_lexical_w005
93049,59,minibatch_k64,text_pca256_lexical_w005
93050,0,minibatch_k64,text_pca256_lexical_w005
93051,23,minibatch_k64,text_pca256_lexical_w005
93052,21,minibatch_k64,text_pca256_lexical_w005
93053,39,minibatch_k64,text_pca256_lexical_w005
93054,62,minibatch_k64,text_pca256_lexical_w005
93055,42,minibatch_k64,text_pca256_lexical_w005
93056,8,minibatch_k64,text_pca256_lexical_w005
93057,23,minibatch_k64,text_pca256_lexical_w005
93058,59,minibatch_k64,text_pca256_lexical_w005
93059,21,minibatch_k64,text_pca256_lexical_w005
93060,62,minibatch_k64,text_pca256_lexical_w005
93061,0,minibatch_k64,text_pca256_lexical_w005
93062,45,minibatch_k64,text_pca256_lexical_w005
93063,59,minibatch_k64,text_pca256_lexical_w005
93064,45,minibatch_k64,text_pca256_lexical_w005
93065,45,minibatch_k64,text_pca256_lexical_w005
93066,47,minibatch_k64,text_pca256_lexical_w005
93067,33,minibatch_k64,text_pca256_lexical_w005
93068,45,minibatch_k64,text_pca256_lexical_w005
93069,45,minibatch_k64,text_pca256_lexical_w005
93070,50,minibatch_k64,text_pca256_lexical_w005
93071,15,minibatch_k64,text_pca256_lexical_w005
93072,39,minibatch_k64,text_pca256_lexical_w005
93073,62,minibatch_k64,text_pca256_lexical_w005
93074,4,minibatch_k64,text_pca256_lexical_w005
93075,59,minibatch_k64,text_pca256_lexical_w005
93076,45,minibatch_k64,text_pca256_lexical_w005
93077,33,minibatch_k64,text_pca256_lexical_w005
93078,62,minibatch_k64,text_pca256_lexical_w005
93079,45,minibatch_k64,text_pca256_lexical_w005
93080,18,minibatch_k64,text_pca256_lexical_w005
93081,62,minibatch_k64,text_pca256_lexical_w005
93082,45,minibatch_k64,text_pca256_lexical_w005
93083,62,minibatch_k64,text_pca256_lexical_w005
93084,33,minibatch_k64,text_pca256_lexical_w005
93085,59,minibatch_k64,text_pca256_lexical_w005
93086,0,minibatch_k64,text_pca256_lexical_w005
93087,59,minibatch_k64,text_pca256_lexical_w005
93088,0,minibatch_k64,text_pca256_lexical_w005
93089,33,minibatch_k64,text_pca256_lexical_w005
93090,0,minibatch_k64,text_pca256_lexical_w005
93091,15,minibatch_k64,text_pca256_lexical_w005
93092,8,minibatch_k64,text_pca256_lexical_w005
93093,59,minibatch_k64,text_pca256_lexical_w005
93094,0,minibatch_k64,text_pca256_lexical_w005
93095,0,minibatch_k64,text_pca256_lexical_w005
93096,47,minibatch_k64,text_pca256_lexical_w005
93097,59,minibatch_k64,text_pca256_lexical_w005
93098,62,minibatch_k64,text_pca256_lexical_w005
93099,59,minibatch_k64,text_pca256_lexical_w005
93100,59,minibatch_k64,text_pca256_lexical_w005
93101,0,minibatch_k64,text_pca256_lexical_w005
93102,62,minibatch_k64,text_pca256_lexical_w005
93103,10,minibatch_k64,text_pca256_lexical_w005
93104,62,minibatch_k64,text_pca256_lexical_w005
93105,42,minibatch_k64,text_pca256_lexical_w005
93106,33,minibatch_k64,text_pca256_lexical_w005
93107,15,minibatch_k64,text_pca256_lexical_w005
93108,59,minibatch_k64,text_pca256_lexical_w005
93109,59,minibatch_k64,text_pca256_lexical_w005
93110,33,minibatch_k64,text_pca256_lexical_w005
93111,15,minibatch_k64,text_pca256_lexical_w005
93112,59,minibatch_k64,text_pca256_lexical_w005
93113,61,minibatch_k64,text_pca256_lexical_w005
93114,33,minibatch_k64,text_pca256_lexical_w005
93115,15,minibatch_k64,text_pca256_lexical_w005
93116,33,minibatch_k64,text_pca256_lexical_w005
93117,59,minibatch_k64,text_pca256_lexical_w005
93118,21,minibatch_k64,text_pca256_lexical_w005
93119,59,minibatch_k64,text_pca256_lexical_w005
93120,0,minibatch_k64,text_pca256_lexical_w005
93121,62,minibatch_k64,text_pca256_lexical_w005
93122,45,minibatch_k64,text_pca256_lexical_w005
93123,48,minibatch_k64,text_pca256_lexical_w005
93124,42,minibatch_k64,text_pca256_lexical_w005
93125,59,minibatch_k64,text_pca256_lexical_w005
93126,15,minibatch_k64,text_pca256_lexical_w005
93127,33,minibatch_k64,text_pca256_lexical_w005
93128,8,minibatch_k64,text_pca256_lexical_w005
93129,53,minibatch_k64,text_pca256_lexical_w005
93130,8,minibatch_k64,text_pca256_lexical_w005
93131,62,minibatch_k64,text_pca256_lexical_w005
93132,10,minibatch_k64,text_pca256_lexical_w005
93133,62,minibatch_k64,text_pca256_lexical_w005
93134,8,minibatch_k64,text_pca256_lexical_w005
93135,15,minibatch_k64,text_pca256_lexical_w005
93136,62,minibatch_k64,text_pca256_lexical_w005
93137,62,minibatch_k64,text_pca256_lexical_w005
93138,15,minibatch_k64,text_pca256_lexical_w005
93139,8,minibatch_k64,text_pca256_lexical_w005
93140,10,minibatch_k64,text_pca256_lexical_w005
93141,8,minibatch_k64,text_pca256_lexical_w005
93142,8,minibatch_k64,text_pca256_lexical_w005
93143,62,minibatch_k64,text_pca256_lexical_w005
93144,0,minibatch_k64,text_pca256_lexical_w005
93145,45,minibatch_k64,text_pca256_lexical_w005
93146,59,minibatch_k64,text_pca256_lexical_w005
93147,0,minibatch_k64,text_pca256_lexical_w005
93148,4,minibatch_k64,text_pca256_lexical_w005
93149,10,minibatch_k64,text_pca256_lexical_w005
93150,10,minibatch_k64,text_pca256_lexical_w005
93151,0,minibatch_k64,text_pca256_lexical_w005
93152,59,minibatch_k64,text_pca256_lexical_w005
93153,18,minibatch_k64,text_pca256_lexical_w005
93154,8,minibatch_k64,text_pca256_lexical_w005
93155,33,minibatch_k64,text_pca256_lexical_w005
93156,62,minibatch_k64,text_pca256_lexical_w005
93157,62,minibatch_k64,text_pca256_lexical_w005
93158,33,minibatch_k64,text_pca256_lexical_w005
93159,59,minibatch_k64,text_pca256_lexical_w005
93160,59,minibatch_k64,text_pca256_lexical_w005
93161,8,minibatch_k64,text_pca256_lexical_w005
93162,8,minibatch_k64,text_pca256_lexical_w005
93163,8,minibatch_k64,text_pca256_lexical_w005
93164,62,minibatch_k64,text_pca256_lexical_w005
93165,15,minibatch_k64,text_pca256_lexical_w005
93166,59,minibatch_k64,text_pca256_lexical_w005
93167,59,minibatch_k64,text_pca256_lexical_w005
93168,42,minibatch_k64,text_pca256_lexical_w005
93169,0,minibatch_k64,text_pca256_lexical_w005
93170,10,minibatch_k64,text_pca256_lexical_w005
93171,62,minibatch_k64,text_pca256_lexical_w005
93172,59,minibatch_k64,text_pca256_lexical_w005
93173,23,minibatch_k64,text_pca256_lexical_w005
93174,33,minibatch_k64,text_pca256_lexical_w005
93175,62,minibatch_k64,text_pca256_lexical_w005
93176,0,minibatch_k64,text_pca256_lexical_w005
93177,23,minibatch_k64,text_pca256_lexical_w005
93178,8,minibatch_k64,text_pca256_lexical_w005
93179,0,minibatch_k64,text_pca256_lexical_w005
93180,45,minibatch_k64,text_pca256_lexical_w005
93181,59,minibatch_k64,text_pca256_lexical_w005
93182,62,minibatch_k64,text_pca256_lexical_w005
93183,45,minibatch_k64,text_pca256_lexical_w005
93184,45,minibatch_k64,text_pca256_lexical_w005
93185,23,minibatch_k64,text_pca256_lexical_w005
93186,45,minibatch_k64,text_pca256_lexical_w005
93187,45,minibatch_k64,text_pca256_lexical_w005
93188,39,minibatch_k64,text_pca256_lexical_w005
93189,14,minibatch_k64,text_pca256_lexical_w005
93190,8,minibatch_k64,text_pca256_lexical_w005
93191,15,minibatch_k64,text_pca256_lexical_w005
93192,15,minibatch_k64,text_pca256_lexical_w005
93193,10,minibatch_k64,text_pca256_lexical_w005
93194,45,minibatch_k64,text_pca256_lexical_w005
93195,47,minibatch_k64,text_pca256_lexical_w005
93196,45,minibatch_k64,text_pca256_lexical_w005
93197,45,minibatch_k64,text_pca256_lexical_w005
93198,23,minibatch_k64,text_pca256_lexical_w005
93199,27,minibatch_k64,text_pca256_lexical_w005
93200,0,minibatch_k64,text_pca256_lexical_w005
93201,45,minibatch_k64,text_pca256_lexical_w005
93202,27,minibatch_k64,text_pca256_lexical_w005
93203,8,minibatch_k64,text_pca256_lexical_w005
93204,8,minibatch_k64,text_pca256_lexical_w005
93205,45,minibatch_k64,text_pca256_lexical_w005
93206,0,minibatch_k64,text_pca256_lexical_w005
93207,27,minibatch_k64,text_pca256_lexical_w005
93208,45,minibatch_k64,text_pca256_lexical_w005
93209,45,minibatch_k64,text_pca256_lexical_w005
93210,45,minibatch_k64,text_pca256_lexical_w005
93211,45,minibatch_k64,text_pca256_lexical_w005
93212,14,minibatch_k64,text_pca256_lexical_w005
93213,45,minibatch_k64,text_pca256_lexical_w005
93214,33,minibatch_k64,text_pca256_lexical_w005
93215,8,minibatch_k64,text_pca256_lexical_w005
93216,8,minibatch_k64,text_pca256_lexical_w005
93217,38,minibatch_k64,text_pca256_lexical_w005
93218,45,minibatch_k64,text_pca256_lexical_w005
93219,45,minibatch_k64,text_pca256_lexical_w005
93220,45,minibatch_k64,text_pca256_lexical_w005
93221,45,minibatch_k64,text_pca256_lexical_w005
93222,55,minibatch_k64,text_pca256_lexical_w005
93223,25,minibatch_k64,text_pca256_lexical_w005
93224,22,minibatch_k64,text_pca256_lexical_w005
93225,8,minibatch_k64,text_pca256_lexical_w005
93226,45,minibatch_k64,text_pca256_lexical_w005
93227,21,minibatch_k64,text_pca256_lexical_w005
93228,59,minibatch_k64,text_pca256_lexical_w005
93229,45,minibatch_k64,text_pca256_lexical_w005
93230,10,minibatch_k64,text_pca256_lexical_w005
93231,5,minibatch_k64,text_pca256_lexical_w005
93232,0,minibatch_k64,text_pca256_lexical_w005
93233,0,minibatch_k64,text_pca256_lexical_w005
93234,0,minibatch_k64,text_pca256_lexical_w005
93235,5,minibatch_k64,text_pca256_lexical_w005
93236,62,minibatch_k64,text_pca256_lexical_w005
93237,0,minibatch_k64,text_pca256_lexical_w005
93238,10,minibatch_k64,text_pca256_lexical_w005
93239,62,minibatch_k64,text_pca256_lexical_w005
93240,33,minibatch_k64,text_pca256_lexical_w005
93241,59,minibatch_k64,text_pca256_lexical_w005
93242,33,minibatch_k64,text_pca256_lexical_w005
93243,59,minibatch_k64,text_pca256_lexical_w005
93244,62,minibatch_k64,text_pca256_lexical_w005
93245,10,minibatch_k64,text_pca256_lexical_w005
93246,62,minibatch_k64,text_pca256_lexical_w005
93247,59,minibatch_k64,text_pca256_lexical_w005
93248,23,minibatch_k64,text_pca256_lexical_w005
93249,39,minibatch_k64,text_pca256_lexical_w005
93250,10,minibatch_k64,text_pca256_lexical_w005
93251,2,minibatch_k64,text_pca256_lexical_w005
93252,59,minibatch_k64,text_pca256_lexical_w005
93253,39,minibatch_k64,text_pca256_lexical_w005
93254,59,minibatch_k64,text_pca256_lexical_w005
93255,23,minibatch_k64,text_pca256_lexical_w005
93256,59,minibatch_k64,text_pca256_lexical_w005
93257,15,minibatch_k64,text_pca256_lexical_w005
93258,45,minibatch_k64,text_pca256_lexical_w005
93259,33,minibatch_k64,text_pca256_lexical_w005
93260,45,minibatch_k64,text_pca256_lexical_w005
93261,62,minibatch_k64,text_pca256_lexical_w005
93262,59,minibatch_k64,text_pca256_lexical_w005
93263,45,minibatch_k64,text_pca256_lexical_w005
93264,42,minibatch_k64,text_pca256_lexical_w005
93265,62,minibatch_k64,text_pca256_lexical_w005
93266,45,minibatch_k64,text_pca256_lexical_w005
93267,39,minibatch_k64,text_pca256_lexical_w005
93268,59,minibatch_k64,text_pca256_lexical_w005
93269,62,minibatch_k64,text_pca256_lexical_w005
93270,39,minibatch_k64,text_pca256_lexical_w005
93271,39,minibatch_k64,text_pca256_lexical_w005
93272,45,minibatch_k64,text_pca256_lexical_w005
93273,39,minibatch_k64,text_pca256_lexical_w005
93274,45,minibatch_k64,text_pca256_lexical_w005
93275,15,minibatch_k64,text_pca256_lexical_w005
93276,23,minibatch_k64,text_pca256_lexical_w005
93277,45,minibatch_k64,text_pca256_lexical_w005
93278,33,minibatch_k64,text_pca256_lexical_w005
93279,39,minibatch_k64,text_pca256_lexical_w005
93280,14,minibatch_k64,text_pca256_lexical_w005
93281,23,minibatch_k64,text_pca256_lexical_w005
93282,0,minibatch_k64,text_pca256_lexical_w005
93283,59,minibatch_k64,text_pca256_lexical_w005
93284,59,minibatch_k64,text_pca256_lexical_w005
93285,39,minibatch_k64,text_pca256_lexical_w005
93286,56,minibatch_k64,text_pca256_lexical_w005
93287,23,minibatch_k64,text_pca256_lexical_w005
93288,15,minibatch_k64,text_pca256_lexical_w005
93289,62,minibatch_k64,text_pca256_lexical_w005
93290,45,minibatch_k64,text_pca256_lexical_w005
93291,45,minibatch_k64,text_pca256_lexical_w005
93292,39,minibatch_k64,text_pca256_lexical_w005
93293,0,minibatch_k64,text_pca256_lexical_w005
93294,33,minibatch_k64,text_pca256_lexical_w005
93295,45,minibatch_k64,text_pca256_lexical_w005
93296,8,minibatch_k64,text_pca256_lexical_w005
93297,8,minibatch_k64,text_pca256_lexical_w005
93298,50,minibatch_k64,text_pca256_lexical_w005
93299,33,minibatch_k64,text_pca256_lexical_w005
93300,42,minibatch_k64,text_pca256_lexical_w005
93301,45,minibatch_k64,text_pca256_lexical_w005
93302,0,minibatch_k64,text_pca256_lexical_w005
93303,61,minibatch_k64,text_pca256_lexical_w005
93304,21,minibatch_k64,text_pca256_lexical_w005
93305,2,minibatch_k64,text_pca256_lexical_w005
93306,33,minibatch_k64,text_pca256_lexical_w005
93307,23,minibatch_k64,text_pca256_lexical_w005
93308,21,minibatch_k64,text_pca256_lexical_w005
93309,0,minibatch_k64,text_pca256_lexical_w005
93310,10,minibatch_k64,text_pca256_lexical_w005
93311,45,minibatch_k64,text_pca256_lexical_w005
93312,0,minibatch_k64,text_pca256_lexical_w005
93313,45,minibatch_k64,text_pca256_lexical_w005
93314,14,minibatch_k64,text_pca256_lexical_w005
93315,62,minibatch_k64,text_pca256_lexical_w005
93316,8,minibatch_k64,text_pca256_lexical_w005
93317,62,minibatch_k64,text_pca256_lexical_w005
93318,45,minibatch_k64,text_pca256_lexical_w005
93319,15,minibatch_k64,text_pca256_lexical_w005
93320,8,minibatch_k64,text_pca256_lexical_w005
93321,38,minibatch_k64,text_pca256_lexical_w005
93322,45,minibatch_k64,text_pca256_lexical_w005
93323,45,minibatch_k64,text_pca256_lexical_w005
93324,36,minibatch_k64,text_pca256_lexical_w005
93325,0,minibatch_k64,text_pca256_lexical_w005
93326,55,minibatch_k64,text_pca256_lexical_w005
93327,22,minibatch_k64,text_pca256_lexical_w005
93328,45,minibatch_k64,text_pca256_lexical_w005
93329,33,minibatch_k64,text_pca256_lexical_w005
93330,0,minibatch_k64,text_pca256_lexical_w005
93331,33,minibatch_k64,text_pca256_lexical_w005
93332,23,minibatch_k64,text_pca256_lexical_w005
93333,10,minibatch_k64,text_pca256_lexical_w005
93334,0,minibatch_k64,text_pca256_lexical_w005
93335,45,minibatch_k64,text_pca256_lexical_w005
93336,45,minibatch_k64,text_pca256_lexical_w005
93337,45,minibatch_k64,text_pca256_lexical_w005
93338,45,minibatch_k64,text_pca256_lexical_w005
93339,23,minibatch_k64,text_pca256_lexical_w005
93340,59,minibatch_k64,text_pca256_lexical_w005
93341,59,minibatch_k64,text_pca256_lexical_w005
93342,8,minibatch_k64,text_pca256_lexical_w005
93343,45,minibatch_k64,text_pca256_lexical_w005
93344,23,minibatch_k64,text_pca256_lexical_w005
93345,45,minibatch_k64,text_pca256_lexical_w005
93346,45,minibatch_k64,text_pca256_lexical_w005
93347,59,minibatch_k64,text_pca256_lexical_w005
93348,0,minibatch_k64,text_pca256_lexical_w005
93349,23,minibatch_k64,text_pca256_lexical_w005
93350,10,minibatch_k64,text_pca256_lexical_w005
93351,59,minibatch_k64,text_pca256_lexical_w005
93352,45,minibatch_k64,text_pca256_lexical_w005
93353,53,minibatch_k64,text_pca256_lexical_w005
93354,15,minibatch_k64,text_pca256_lexical_w005
93355,8,minibatch_k64,text_pca256_lexical_w005
93356,45,minibatch_k64,text_pca256_lexical_w005
93357,59,minibatch_k64,text_pca256_lexical_w005
93358,59,minibatch_k64,text_pca256_lexical_w005
93359,0,minibatch_k64,text_pca256_lexical_w005
93360,62,minibatch_k64,text_pca256_lexical_w005
93361,59,minibatch_k64,text_pca256_lexical_w005
93362,0,minibatch_k64,text_pca256_lexical_w005
93363,45,minibatch_k64,text_pca256_lexical_w005
93364,0,minibatch_k64,text_pca256_lexical_w005
93365,45,minibatch_k64,text_pca256_lexical_w005
93366,21,minibatch_k64,text_pca256_lexical_w005
93367,59,minibatch_k64,text_pca256_lexical_w005
93368,59,minibatch_k64,text_pca256_lexical_w005
93369,61,minibatch_k64,text_pca256_lexical_w005
93370,39,minibatch_k64,text_pca256_lexical_w005
93371,10,minibatch_k64,text_pca256_lexical_w005
93372,14,minibatch_k64,text_pca256_lexical_w005
93373,8,minibatch_k64,text_pca256_lexical_w005
93374,33,minibatch_k64,text_pca256_lexical_w005
93375,10,minibatch_k64,text_pca256_lexical_w005
93376,15,minibatch_k64,text_pca256_lexical_w005
93377,21,minibatch_k64,text_pca256_lexical_w005
93378,15,minibatch_k64,text_pca256_lexical_w005
93379,10,minibatch_k64,text_pca256_lexical_w005
93380,61,minibatch_k64,text_pca256_lexical_w005
93381,0,minibatch_k64,text_pca256_lexical_w005
93382,33,minibatch_k64,text_pca256_lexical_w005
93383,14,minibatch_k64,text_pca256_lexical_w005
93384,62,minibatch_k64,text_pca256_lexical_w005
93385,33,minibatch_k64,text_pca256_lexical_w005
93386,33,minibatch_k64,text_pca256_lexical_w005
93387,62,minibatch_k64,text_pca256_lexical_w005
93388,0,minibatch_k64,text_pca256_lexical_w005
93389,23,minibatch_k64,text_pca256_lexical_w005
93390,8,minibatch_k64,text_pca256_lexical_w005
93391,0,minibatch_k64,text_pca256_lexical_w005
93392,16,minibatch_k64,text_pca256_lexical_w005
93393,45,minibatch_k64,text_pca256_lexical_w005
93394,16,minibatch_k64,text_pca256_lexical_w005
93395,16,minibatch_k64,text_pca256_lexical_w005
93396,16,minibatch_k64,text_pca256_lexical_w005
93397,39,minibatch_k64,text_pca256_lexical_w005
93398,62,minibatch_k64,text_pca256_lexical_w005
93399,0,minibatch_k64,text_pca256_lexical_w005
93400,8,minibatch_k64,text_pca256_lexical_w005
93401,15,minibatch_k64,text_pca256_lexical_w005
93402,2,minibatch_k64,text_pca256_lexical_w005
93403,62,minibatch_k64,text_pca256_lexical_w005
93404,59,minibatch_k64,text_pca256_lexical_w005
93405,18,minibatch_k64,text_pca256_lexical_w005
93406,42,minibatch_k64,text_pca256_lexical_w005
93407,42,minibatch_k64,text_pca256_lexical_w005
93408,59,minibatch_k64,text_pca256_lexical_w005
93409,0,minibatch_k64,text_pca256_lexical_w005
93410,18,minibatch_k64,text_pca256_lexical_w005
93411,18,minibatch_k64,text_pca256_lexical_w005
93412,45,minibatch_k64,text_pca256_lexical_w005
93413,0,minibatch_k64,text_pca256_lexical_w005
93414,59,minibatch_k64,text_pca256_lexical_w005
93415,18,minibatch_k64,text_pca256_lexical_w005
93416,18,minibatch_k64,text_pca256_lexical_w005
93417,18,minibatch_k64,text_pca256_lexical_w005
93418,18,minibatch_k64,text_pca256_lexical_w005
93419,18,minibatch_k64,text_pca256_lexical_w005
93420,18,minibatch_k64,text_pca256_lexical_w005
93421,18,minibatch_k64,text_pca256_lexical_w005
93422,18,minibatch_k64,text_pca256_lexical_w005
93423,0,minibatch_k64,text_pca256_lexical_w005
93424,18,minibatch_k64,text_pca256_lexical_w005
93425,62,minibatch_k64,text_pca256_lexical_w005
93426,18,minibatch_k64,text_pca256_lexical_w005
93427,18,minibatch_k64,text_pca256_lexical_w005
93428,18,minibatch_k64,text_pca256_lexical_w005
93429,41,minibatch_k64,text_pca256_lexical_w005
93430,53,minibatch_k64,text_pca256_lexical_w005
93431,45,minibatch_k64,text_pca256_lexical_w005
93432,59,minibatch_k64,text_pca256_lexical_w005
93433,45,minibatch_k64,text_pca256_lexical_w005
93434,41,minibatch_k64,text_pca256_lexical_w005
93435,15,minibatch_k64,text_pca256_lexical_w005
93436,0,minibatch_k64,text_pca256_lexical_w005
93437,8,minibatch_k64,text_pca256_lexical_w005
93438,33,minibatch_k64,text_pca256_lexical_w005
93439,62,minibatch_k64,text_pca256_lexical_w005
93440,62,minibatch_k64,text_pca256_lexical_w005
93441,33,minibatch_k64,text_pca256_lexical_w005
93442,5,minibatch_k64,text_pca256_lexical_w005
93443,33,minibatch_k64,text_pca256_lexical_w005
93444,33,minibatch_k64,text_pca256_lexical_w005
93445,17,minibatch_k64,text_pca256_lexical_w005
93446,27,minibatch_k64,text_pca256_lexical_w005
93447,7,minibatch_k64,text_pca256_lexical_w005
93448,0,minibatch_k64,text_pca256_lexical_w005
93449,15,minibatch_k64,text_pca256_lexical_w005
93450,0,minibatch_k64,text_pca256_lexical_w005
93451,0,minibatch_k64,text_pca256_lexical_w005
93452,0,minibatch_k64,text_pca256_lexical_w005
93453,0,minibatch_k64,text_pca256_lexical_w005
93454,0,minibatch_k64,text_pca256_lexical_w005
93455,0,minibatch_k64,text_pca256_lexical_w005
93456,10,minibatch_k64,text_pca256_lexical_w005
93457,62,minibatch_k64,text_pca256_lexical_w005
93458,10,minibatch_k64,text_pca256_lexical_w005
93459,10,minibatch_k64,text_pca256_lexical_w005
93460,39,minibatch_k64,text_pca256_lexical_w005
93461,15,minibatch_k64,text_pca256_lexical_w005
93462,23,minibatch_k64,text_pca256_lexical_w005
93463,42,minibatch_k64,text_pca256_lexical_w005
93464,8,minibatch_k64,text_pca256_lexical_w005
93465,53,minibatch_k64,text_pca256_lexical_w005
93466,62,minibatch_k64,text_pca256_lexical_w005
93467,33,minibatch_k64,text_pca256_lexical_w005
93468,39,minibatch_k64,text_pca256_lexical_w005
93469,4,minibatch_k64,text_pca256_lexical_w005
93470,42,minibatch_k64,text_pca256_lexical_w005
93471,8,minibatch_k64,text_pca256_lexical_w005
93472,61,minibatch_k64,text_pca256_lexical_w005
93473,61,minibatch_k64,text_pca256_lexical_w005
93474,15,minibatch_k64,text_pca256_lexical_w005
93475,62,minibatch_k64,text_pca256_lexical_w005
93476,61,minibatch_k64,text_pca256_lexical_w005
93477,61,minibatch_k64,text_pca256_lexical_w005
93478,33,minibatch_k64,text_pca256_lexical_w005
93479,15,minibatch_k64,text_pca256_lexical_w005
93480,61,minibatch_k64,text_pca256_lexical_w005
93481,15,minibatch_k64,text_pca256_lexical_w005
93482,0,minibatch_k64,text_pca256_lexical_w005
93483,40,minibatch_k64,text_pca256_lexical_w005
93484,40,minibatch_k64,text_pca256_lexical_w005
93485,40,minibatch_k64,text_pca256_lexical_w005
93486,40,minibatch_k64,text_pca256_lexical_w005
93487,40,minibatch_k64,text_pca256_lexical_w005
93488,40,minibatch_k64,text_pca256_lexical_w005
93489,12,minibatch_k64,text_pca256_lexical_w005
93490,62,minibatch_k64,text_pca256_lexical_w005
93491,40,minibatch_k64,text_pca256_lexical_w005
93492,40,minibatch_k64,text_pca256_lexical_w005
93493,10,minibatch_k64,text_pca256_lexical_w005
93494,61,minibatch_k64,text_pca256_lexical_w005
93495,10,minibatch_k64,text_pca256_lexical_w005
93496,10,minibatch_k64,text_pca256_lexical_w005
93497,61,minibatch_k64,text_pca256_lexical_w005
93498,8,minibatch_k64,text_pca256_lexical_w005
93499,61,minibatch_k64,text_pca256_lexical_w005
93500,10,minibatch_k64,text_pca256_lexical_w005
93501,10,minibatch_k64,text_pca256_lexical_w005
93502,40,minibatch_k64,text_pca256_lexical_w005
93503,61,minibatch_k64,text_pca256_lexical_w005
93504,61,minibatch_k64,text_pca256_lexical_w005
93505,10,minibatch_k64,text_pca256_lexical_w005
93506,40,minibatch_k64,text_pca256_lexical_w005
93507,40,minibatch_k64,text_pca256_lexical_w005
93508,0,minibatch_k64,text_pca256_lexical_w005
93509,40,minibatch_k64,text_pca256_lexical_w005
93510,10,minibatch_k64,text_pca256_lexical_w005
93511,40,minibatch_k64,text_pca256_lexical_w005
93512,10,minibatch_k64,text_pca256_lexical_w005
93513,40,minibatch_k64,text_pca256_lexical_w005
93514,61,minibatch_k64,text_pca256_lexical_w005
93515,12,minibatch_k64,text_pca256_lexical_w005
93516,62,minibatch_k64,text_pca256_lexical_w005
93517,61,minibatch_k64,text_pca256_lexical_w005
93518,61,minibatch_k64,text_pca256_lexical_w005
93519,61,minibatch_k64,text_pca256_lexical_w005
93520,61,minibatch_k64,text_pca256_lexical_w005
93521,61,minibatch_k64,text_pca256_lexical_w005
93522,61,minibatch_k64,text_pca256_lexical_w005
93523,33,minibatch_k64,text_pca256_lexical_w005
93524,61,minibatch_k64,text_pca256_lexical_w005
93525,61,minibatch_k64,text_pca256_lexical_w005
93526,61,minibatch_k64,text_pca256_lexical_w005
93527,40,minibatch_k64,text_pca256_lexical_w005
93528,40,minibatch_k64,text_pca256_lexical_w005
93529,33,minibatch_k64,text_pca256_lexical_w005
93530,12,minibatch_k64,text_pca256_lexical_w005
93531,40,minibatch_k64,text_pca256_lexical_w005
93532,62,minibatch_k64,text_pca256_lexical_w005
93533,61,minibatch_k64,text_pca256_lexical_w005
93534,40,minibatch_k64,text_pca256_lexical_w005
93535,0,minibatch_k64,text_pca256_lexical_w005
93536,8,minibatch_k64,text_pca256_lexical_w005
93537,40,minibatch_k64,text_pca256_lexical_w005
93538,0,minibatch_k64,text_pca256_lexical_w005
93539,40,minibatch_k64,text_pca256_lexical_w005
93540,2,minibatch_k64,text_pca256_lexical_w005
93541,40,minibatch_k64,text_pca256_lexical_w005
93542,12,minibatch_k64,text_pca256_lexical_w005
93543,40,minibatch_k64,text_pca256_lexical_w005
93544,40,minibatch_k64,text_pca256_lexical_w005
93545,40,minibatch_k64,text_pca256_lexical_w005
93546,40,minibatch_k64,text_pca256_lexical_w005
93547,12,minibatch_k64,text_pca256_lexical_w005
93548,40,minibatch_k64,text_pca256_lexical_w005
93549,8,minibatch_k64,text_pca256_lexical_w005
93550,8,minibatch_k64,text_pca256_lexical_w005
93551,40,minibatch_k64,text_pca256_lexical_w005
93552,3,minibatch_k64,text_pca256_lexical_w005
93553,40,minibatch_k64,text_pca256_lexical_w005
93554,58,minibatch_k64,text_pca256_lexical_w005
93555,58,minibatch_k64,text_pca256_lexical_w005
93556,2,minibatch_k64,text_pca256_lexical_w005
93557,60,minibatch_k64,text_pca256_lexical_w005
93558,0,minibatch_k64,text_pca256_lexical_w005
93559,53,minibatch_k64,text_pca256_lexical_w005
93560,50,minibatch_k64,text_pca256_lexical_w005
93561,50,minibatch_k64,text_pca256_lexical_w005
93562,40,minibatch_k64,text_pca256_lexical_w005
93563,12,minibatch_k64,text_pca256_lexical_w005
93564,62,minibatch_k64,text_pca256_lexical_w005
93565,0,minibatch_k64,text_pca256_lexical_w005
93566,5,minibatch_k64,text_pca256_lexical_w005
93567,50,minibatch_k64,text_pca256_lexical_w005
93568,5,minibatch_k64,text_pca256_lexical_w005
93569,8,minibatch_k64,text_pca256_lexical_w005
93570,15,minibatch_k64,text_pca256_lexical_w005
93571,15,minibatch_k64,text_pca256_lexical_w005
93572,10,minibatch_k64,text_pca256_lexical_w005
93573,62,minibatch_k64,text_pca256_lexical_w005
93574,3,minibatch_k64,text_pca256_lexical_w005
93575,42,minibatch_k64,text_pca256_lexical_w005
93576,5,minibatch_k64,text_pca256_lexical_w005
93577,2,minibatch_k64,text_pca256_lexical_w005
93578,62,minibatch_k64,text_pca256_lexical_w005
93579,15,minibatch_k64,text_pca256_lexical_w005
93580,46,minibatch_k64,text_pca256_lexical_w005
93581,33,minibatch_k64,text_pca256_lexical_w005
93582,3,minibatch_k64,text_pca256_lexical_w005
93583,42,minibatch_k64,text_pca256_lexical_w005
93584,15,minibatch_k64,text_pca256_lexical_w005
93585,62,minibatch_k64,text_pca256_lexical_w005
93586,38,minibatch_k64,text_pca256_lexical_w005
93587,58,minibatch_k64,text_pca256_lexical_w005
93588,55,minibatch_k64,text_pca256_lexical_w005
93589,60,minibatch_k64,text_pca256_lexical_w005
93590,5,minibatch_k64,text_pca256_lexical_w005
93591,2,minibatch_k64,text_pca256_lexical_w005
93592,18,minibatch_k64,text_pca256_lexical_w005
93593,62,minibatch_k64,text_pca256_lexical_w005
93594,42,minibatch_k64,text_pca256_lexical_w005
93595,29,minibatch_k64,text_pca256_lexical_w005
93596,18,minibatch_k64,text_pca256_lexical_w005
93597,62,minibatch_k64,text_pca256_lexical_w005
93598,3,minibatch_k64,text_pca256_lexical_w005
93599,58,minibatch_k64,text_pca256_lexical_w005
93600,45,minibatch_k64,text_pca256_lexical_w005
93601,0,minibatch_k64,text_pca256_lexical_w005
93602,16,minibatch_k64,text_pca256_lexical_w005
93603,8,minibatch_k64,text_pca256_lexical_w005
93604,55,minibatch_k64,text_pca256_lexical_w005
93605,60,minibatch_k64,text_pca256_lexical_w005
93606,62,minibatch_k64,text_pca256_lexical_w005
93607,42,minibatch_k64,text_pca256_lexical_w005
93608,3,minibatch_k64,text_pca256_lexical_w005
93609,10,minibatch_k64,text_pca256_lexical_w005
93610,58,minibatch_k64,text_pca256_lexical_w005
93611,58,minibatch_k64,text_pca256_lexical_w005
93612,2,minibatch_k64,text_pca256_lexical_w005
93613,60,minibatch_k64,text_pca256_lexical_w005
93614,40,minibatch_k64,text_pca256_lexical_w005
93615,38,minibatch_k64,text_pca256_lexical_w005
93616,54,minibatch_k64,text_pca256_lexical_w005
93617,38,minibatch_k64,text_pca256_lexical_w005
93618,60,minibatch_k64,text_pca256_lexical_w005
93619,0,minibatch_k64,text_pca256_lexical_w005
93620,21,minibatch_k64,text_pca256_lexical_w005
93621,62,minibatch_k64,text_pca256_lexical_w005
93622,0,minibatch_k64,text_pca256_lexical_w005
93623,33,minibatch_k64,text_pca256_lexical_w005
93624,0,minibatch_k64,text_pca256_lexical_w005
93625,47,minibatch_k64,text_pca256_lexical_w005
93626,32,minibatch_k64,text_pca256_lexical_w005
93627,38,minibatch_k64,text_pca256_lexical_w005
93628,55,minibatch_k64,text_pca256_lexical_w005
93629,18,minibatch_k64,text_pca256_lexical_w005
93630,18,minibatch_k64,text_pca256_lexical_w005
93631,18,minibatch_k64,text_pca256_lexical_w005
93632,18,minibatch_k64,text_pca256_lexical_w005
93633,33,minibatch_k64,text_pca256_lexical_w005
93634,33,minibatch_k64,text_pca256_lexical_w005
93635,18,minibatch_k64,text_pca256_lexical_w005
93636,18,minibatch_k64,text_pca256_lexical_w005
93637,0,minibatch_k64,text_pca256_lexical_w005
93638,62,minibatch_k64,text_pca256_lexical_w005
93639,47,minibatch_k64,text_pca256_lexical_w005
93640,59,minibatch_k64,text_pca256_lexical_w005
93641,62,minibatch_k64,text_pca256_lexical_w005
93642,38,minibatch_k64,text_pca256_lexical_w005
93643,55,minibatch_k64,text_pca256_lexical_w005
93644,60,minibatch_k64,text_pca256_lexical_w005
93645,38,minibatch_k64,text_pca256_lexical_w005
93646,2,minibatch_k64,text_pca256_lexical_w005
93647,35,minibatch_k64,text_pca256_lexical_w005
93648,39,minibatch_k64,text_pca256_lexical_w005
93649,59,minibatch_k64,text_pca256_lexical_w005
93650,18,minibatch_k64,text_pca256_lexical_w005
93651,39,minibatch_k64,text_pca256_lexical_w005
93652,27,minibatch_k64,text_pca256_lexical_w005
93653,18,minibatch_k64,text_pca256_lexical_w005
93654,42,minibatch_k64,text_pca256_lexical_w005
93655,0,minibatch_k64,text_pca256_lexical_w005
93656,0,minibatch_k64,text_pca256_lexical_w005
93657,2,minibatch_k64,text_pca256_lexical_w005
93658,10,minibatch_k64,text_pca256_lexical_w005
93659,0,minibatch_k64,text_pca256_lexical_w005
93660,18,minibatch_k64,text_pca256_lexical_w005
93661,59,minibatch_k64,text_pca256_lexical_w005
93662,39,minibatch_k64,text_pca256_lexical_w005
93663,62,minibatch_k64,text_pca256_lexical_w005
93664,4,minibatch_k64,text_pca256_lexical_w005
93665,18,minibatch_k64,text_pca256_lexical_w005
93666,18,minibatch_k64,text_pca256_lexical_w005
93667,18,minibatch_k64,text_pca256_lexical_w005
93668,59,minibatch_k64,text_pca256_lexical_w005
93669,34,minibatch_k64,text_pca256_lexical_w005
93670,18,minibatch_k64,text_pca256_lexical_w005
93671,59,minibatch_k64,text_pca256_lexical_w005
93672,17,minibatch_k64,text_pca256_lexical_w005
93673,30,minibatch_k64,text_pca256_lexical_w005
93674,30,minibatch_k64,text_pca256_lexical_w005
93675,8,minibatch_k64,text_pca256_lexical_w005
93676,8,minibatch_k64,text_pca256_lexical_w005
93677,21,minibatch_k64,text_pca256_lexical_w005
93678,10,minibatch_k64,text_pca256_lexical_w005
93679,10,minibatch_k64,text_pca256_lexical_w005
93680,8,minibatch_k64,text_pca256_lexical_w005
93681,8,minibatch_k64,text_pca256_lexical_w005
93682,33,minibatch_k64,text_pca256_lexical_w005
93683,41,minibatch_k64,text_pca256_lexical_w005
93684,39,minibatch_k64,text_pca256_lexical_w005
93685,62,minibatch_k64,text_pca256_lexical_w005
93686,41,minibatch_k64,text_pca256_lexical_w005
93687,41,minibatch_k64,text_pca256_lexical_w005
93688,41,minibatch_k64,text_pca256_lexical_w005
93689,41,minibatch_k64,text_pca256_lexical_w005
93690,41,minibatch_k64,text_pca256_lexical_w005
93691,41,minibatch_k64,text_pca256_lexical_w005
93692,41,minibatch_k64,text_pca256_lexical_w005
93693,41,minibatch_k64,text_pca256_lexical_w005
93694,41,minibatch_k64,text_pca256_lexical_w005
93695,41,minibatch_k64,text_pca256_lexical_w005
93696,41,minibatch_k64,text_pca256_lexical_w005
93697,41,minibatch_k64,text_pca256_lexical_w005
93698,41,minibatch_k64,text_pca256_lexical_w005
93699,41,minibatch_k64,text_pca256_lexical_w005
93700,8,minibatch_k64,text_pca256_lexical_w005
93701,15,minibatch_k64,text_pca256_lexical_w005
93702,10,minibatch_k64,text_pca256_lexical_w005
93703,0,minibatch_k64,text_pca256_lexical_w005
93704,42,minibatch_k64,text_pca256_lexical_w005
93705,15,minibatch_k64,text_pca256_lexical_w005
93706,10,minibatch_k64,text_pca256_lexical_w005
93707,0,minibatch_k64,text_pca256_lexical_w005
93708,62,minibatch_k64,text_pca256_lexical_w005
93709,39,minibatch_k64,text_pca256_lexical_w005
93710,0,minibatch_k64,text_pca256_lexical_w005
93711,62,minibatch_k64,text_pca256_lexical_w005
93712,39,minibatch_k64,text_pca256_lexical_w005
93713,23,minibatch_k64,text_pca256_lexical_w005
93714,0,minibatch_k64,text_pca256_lexical_w005
93715,23,minibatch_k64,text_pca256_lexical_w005
93716,59,minibatch_k64,text_pca256_lexical_w005
93717,8,minibatch_k64,text_pca256_lexical_w005
93718,15,minibatch_k64,text_pca256_lexical_w005
93719,15,minibatch_k64,text_pca256_lexical_w005
93720,15,minibatch_k64,text_pca256_lexical_w005
93721,15,minibatch_k64,text_pca256_lexical_w005
93722,39,minibatch_k64,text_pca256_lexical_w005
93723,8,minibatch_k64,text_pca256_lexical_w005
93724,15,minibatch_k64,text_pca256_lexical_w005
93725,15,minibatch_k64,text_pca256_lexical_w005
93726,15,minibatch_k64,text_pca256_lexical_w005
93727,32,minibatch_k64,text_pca256_lexical_w005
93728,40,minibatch_k64,text_pca256_lexical_w005
93729,15,minibatch_k64,text_pca256_lexical_w005
93730,15,minibatch_k64,text_pca256_lexical_w005
93731,40,minibatch_k64,text_pca256_lexical_w005
93732,8,minibatch_k64,text_pca256_lexical_w005
93733,15,minibatch_k64,text_pca256_lexical_w005
93734,15,minibatch_k64,text_pca256_lexical_w005
93735,8,minibatch_k64,text_pca256_lexical_w005
93736,15,minibatch_k64,text_pca256_lexical_w005
93737,0,minibatch_k64,text_pca256_lexical_w005
93738,15,minibatch_k64,text_pca256_lexical_w005
93739,8,minibatch_k64,text_pca256_lexical_w005
93740,10,minibatch_k64,text_pca256_lexical_w005
93741,40,minibatch_k64,text_pca256_lexical_w005
93742,8,minibatch_k64,text_pca256_lexical_w005
93743,15,minibatch_k64,text_pca256_lexical_w005
93744,15,minibatch_k64,text_pca256_lexical_w005
93745,8,minibatch_k64,text_pca256_lexical_w005
93746,8,minibatch_k64,text_pca256_lexical_w005
93747,15,minibatch_k64,text_pca256_lexical_w005
93748,15,minibatch_k64,text_pca256_lexical_w005
93749,15,minibatch_k64,text_pca256_lexical_w005
93750,15,minibatch_k64,text_pca256_lexical_w005
93751,15,minibatch_k64,text_pca256_lexical_w005
93752,32,minibatch_k64,text_pca256_lexical_w005
93753,15,minibatch_k64,text_pca256_lexical_w005
93754,8,minibatch_k64,text_pca256_lexical_w005
93755,10,minibatch_k64,text_pca256_lexical_w005
93756,0,minibatch_k64,text_pca256_lexical_w005
93757,42,minibatch_k64,text_pca256_lexical_w005
93758,0,minibatch_k64,text_pca256_lexical_w005
93759,42,minibatch_k64,text_pca256_lexical_w005
93760,8,minibatch_k64,text_pca256_lexical_w005
93761,62,minibatch_k64,text_pca256_lexical_w005
93762,10,minibatch_k64,text_pca256_lexical_w005
93763,8,minibatch_k64,text_pca256_lexical_w005
93764,0,minibatch_k64,text_pca256_lexical_w005
93765,42,minibatch_k64,text_pca256_lexical_w005
93766,40,minibatch_k64,text_pca256_lexical_w005
93767,12,minibatch_k64,text_pca256_lexical_w005
93768,56,minibatch_k64,text_pca256_lexical_w005
93769,40,minibatch_k64,text_pca256_lexical_w005
93770,42,minibatch_k64,text_pca256_lexical_w005
93771,62,minibatch_k64,text_pca256_lexical_w005
93772,12,minibatch_k64,text_pca256_lexical_w005
93773,40,minibatch_k64,text_pca256_lexical_w005
93774,40,minibatch_k64,text_pca256_lexical_w005
93775,12,minibatch_k64,text_pca256_lexical_w005
93776,12,minibatch_k64,text_pca256_lexical_w005
93777,40,minibatch_k64,text_pca256_lexical_w005
93778,0,minibatch_k64,text_pca256_lexical_w005
93779,40,minibatch_k64,text_pca256_lexical_w005
93780,40,minibatch_k64,text_pca256_lexical_w005
93781,15,minibatch_k64,text_pca256_lexical_w005
93782,39,minibatch_k64,text_pca256_lexical_w005
93783,15,minibatch_k64,text_pca256_lexical_w005
93784,0,minibatch_k64,text_pca256_lexical_w005
93785,23,minibatch_k64,text_pca256_lexical_w005
93786,8,minibatch_k64,text_pca256_lexical_w005
93787,0,minibatch_k64,text_pca256_lexical_w005
93788,0,minibatch_k64,text_pca256_lexical_w005
93789,62,minibatch_k64,text_pca256_lexical_w005
93790,23,minibatch_k64,text_pca256_lexical_w005
93791,62,minibatch_k64,text_pca256_lexical_w005
93792,23,minibatch_k64,text_pca256_lexical_w005
93793,42,minibatch_k64,text_pca256_lexical_w005
93794,0,minibatch_k64,text_pca256_lexical_w005
93795,62,minibatch_k64,text_pca256_lexical_w005
93796,2,minibatch_k64,text_pca256_lexical_w005
93797,56,minibatch_k64,text_pca256_lexical_w005
93798,42,minibatch_k64,text_pca256_lexical_w005
93799,42,minibatch_k64,text_pca256_lexical_w005
93800,23,minibatch_k64,text_pca256_lexical_w005
93801,59,minibatch_k64,text_pca256_lexical_w005
93802,8,minibatch_k64,text_pca256_lexical_w005
93803,0,minibatch_k64,text_pca256_lexical_w005
93804,21,minibatch_k64,text_pca256_lexical_w005
93805,8,minibatch_k64,text_pca256_lexical_w005
93806,10,minibatch_k64,text_pca256_lexical_w005
93807,38,minibatch_k64,text_pca256_lexical_w005
93808,55,minibatch_k64,text_pca256_lexical_w005
93809,35,minibatch_k64,text_pca256_lexical_w005
93810,23,minibatch_k64,text_pca256_lexical_w005
93811,42,minibatch_k64,text_pca256_lexical_w005
93812,38,minibatch_k64,text_pca256_lexical_w005
93813,55,minibatch_k64,text_pca256_lexical_w005
93814,37,minibatch_k64,text_pca256_lexical_w005
93815,38,minibatch_k64,text_pca256_lexical_w005
93816,37,minibatch_k64,text_pca256_lexical_w005
93817,38,minibatch_k64,text_pca256_lexical_w005
93818,45,minibatch_k64,text_pca256_lexical_w005
93819,55,minibatch_k64,text_pca256_lexical_w005
93820,60,minibatch_k64,text_pca256_lexical_w005
93821,32,minibatch_k64,text_pca256_lexical_w005
93822,15,minibatch_k64,text_pca256_lexical_w005
93823,32,minibatch_k64,text_pca256_lexical_w005
93824,33,minibatch_k64,text_pca256_lexical_w005
93825,0,minibatch_k64,text_pca256_lexical_w005
93826,45,minibatch_k64,text_pca256_lexical_w005
93827,62,minibatch_k64,text_pca256_lexical_w005
93828,45,minibatch_k64,text_pca256_lexical_w005
93829,23,minibatch_k64,text_pca256_lexical_w005
93830,12,minibatch_k64,text_pca256_lexical_w005
93831,37,minibatch_k64,text_pca256_lexical_w005
93832,15,minibatch_k64,text_pca256_lexical_w005
93833,62,minibatch_k64,text_pca256_lexical_w005
93834,23,minibatch_k64,text_pca256_lexical_w005
93835,2,minibatch_k64,text_pca256_lexical_w005
93836,0,minibatch_k64,text_pca256_lexical_w005
93837,23,minibatch_k64,text_pca256_lexical_w005
93838,0,minibatch_k64,text_pca256_lexical_w005
93839,2,minibatch_k64,text_pca256_lexical_w005
93840,15,minibatch_k64,text_pca256_lexical_w005
93841,32,minibatch_k64,text_pca256_lexical_w005
93842,12,minibatch_k64,text_pca256_lexical_w005
93843,12,minibatch_k64,text_pca256_lexical_w005
93844,45,minibatch_k64,text_pca256_lexical_w005
93845,12,minibatch_k64,text_pca256_lexical_w005
93846,55,minibatch_k64,text_pca256_lexical_w005
93847,45,minibatch_k64,text_pca256_lexical_w005
93848,2,minibatch_k64,text_pca256_lexical_w005
93849,53,minibatch_k64,text_pca256_lexical_w005
93850,16,minibatch_k64,text_pca256_lexical_w005
93851,32,minibatch_k64,text_pca256_lexical_w005
93852,0,minibatch_k64,text_pca256_lexical_w005
93853,33,minibatch_k64,text_pca256_lexical_w005
93854,15,minibatch_k64,text_pca256_lexical_w005
93855,18,minibatch_k64,text_pca256_lexical_w005
93856,32,minibatch_k64,text_pca256_lexical_w005
93857,23,minibatch_k64,text_pca256_lexical_w005
93858,0,minibatch_k64,text_pca256_lexical_w005
93859,10,minibatch_k64,text_pca256_lexical_w005
93860,0,minibatch_k64,text_pca256_lexical_w005
93861,32,minibatch_k64,text_pca256_lexical_w005
93862,23,minibatch_k64,text_pca256_lexical_w005
93863,23,minibatch_k64,text_pca256_lexical_w005
93864,56,minibatch_k64,text_pca256_lexical_w005
93865,23,minibatch_k64,text_pca256_lexical_w005
93866,23,minibatch_k64,text_pca256_lexical_w005
93867,23,minibatch_k64,text_pca256_lexical_w005
93868,23,minibatch_k64,text_pca256_lexical_w005
93869,23,minibatch_k64,text_pca256_lexical_w005
93870,23,minibatch_k64,text_pca256_lexical_w005
93871,23,minibatch_k64,text_pca256_lexical_w005
93872,23,minibatch_k64,text_pca256_lexical_w005
93873,56,minibatch_k64,text_pca256_lexical_w005
93874,8,minibatch_k64,text_pca256_lexical_w005
93875,10,minibatch_k64,text_pca256_lexical_w005
93876,23,minibatch_k64,text_pca256_lexical_w005
93877,23,minibatch_k64,text_pca256_lexical_w005
93878,46,minibatch_k64,text_pca256_lexical_w005
93879,46,minibatch_k64,text_pca256_lexical_w005
93880,5,minibatch_k64,text_pca256_lexical_w005
93881,10,minibatch_k64,text_pca256_lexical_w005
93882,46,minibatch_k64,text_pca256_lexical_w005
93883,5,minibatch_k64,text_pca256_lexical_w005
93884,46,minibatch_k64,text_pca256_lexical_w005
93885,46,minibatch_k64,text_pca256_lexical_w005
93886,21,minibatch_k64,text_pca256_lexical_w005
93887,46,minibatch_k64,text_pca256_lexical_w005
93888,62,minibatch_k64,text_pca256_lexical_w005
93889,42,minibatch_k64,text_pca256_lexical_w005
93890,33,minibatch_k64,text_pca256_lexical_w005
93891,46,minibatch_k64,text_pca256_lexical_w005
93892,23,minibatch_k64,text_pca256_lexical_w005
93893,10,minibatch_k64,text_pca256_lexical_w005
93894,10,minibatch_k64,text_pca256_lexical_w005
93895,33,minibatch_k64,text_pca256_lexical_w005
93896,33,minibatch_k64,text_pca256_lexical_w005
93897,42,minibatch_k64,text_pca256_lexical_w005
93898,46,minibatch_k64,text_pca256_lexical_w005
93899,46,minibatch_k64,text_pca256_lexical_w005
93900,10,minibatch_k64,text_pca256_lexical_w005
93901,53,minibatch_k64,text_pca256_lexical_w005
93902,56,minibatch_k64,text_pca256_lexical_w005
93903,62,minibatch_k64,text_pca256_lexical_w005
93904,10,minibatch_k64,text_pca256_lexical_w005
93905,46,minibatch_k64,text_pca256_lexical_w005
93906,46,minibatch_k64,text_pca256_lexical_w005
93907,21,minibatch_k64,text_pca256_lexical_w005
93908,8,minibatch_k64,text_pca256_lexical_w005
93909,10,minibatch_k64,text_pca256_lexical_w005
93910,33,minibatch_k64,text_pca256_lexical_w005
93911,21,minibatch_k64,text_pca256_lexical_w005
93912,59,minibatch_k64,text_pca256_lexical_w005
93913,0,minibatch_k64,text_pca256_lexical_w005
93914,8,minibatch_k64,text_pca256_lexical_w005
93915,8,minibatch_k64,text_pca256_lexical_w005
93916,0,minibatch_k64,text_pca256_lexical_w005
93917,0,minibatch_k64,text_pca256_lexical_w005
93918,8,minibatch_k64,text_pca256_lexical_w005
93919,8,minibatch_k64,text_pca256_lexical_w005
93920,8,minibatch_k64,text_pca256_lexical_w005
93921,8,minibatch_k64,text_pca256_lexical_w005
93922,21,minibatch_k64,text_pca256_lexical_w005
93923,8,minibatch_k64,text_pca256_lexical_w005
93924,25,minibatch_k64,text_pca256_lexical_w005
93925,42,minibatch_k64,text_pca256_lexical_w005
93926,42,minibatch_k64,text_pca256_lexical_w005
93927,23,minibatch_k64,text_pca256_lexical_w005
93928,42,minibatch_k64,text_pca256_lexical_w005
93929,42,minibatch_k64,text_pca256_lexical_w005
93930,8,minibatch_k64,text_pca256_lexical_w005
93931,25,minibatch_k64,text_pca256_lexical_w005
93932,23,minibatch_k64,text_pca256_lexical_w005
93933,8,minibatch_k64,text_pca256_lexical_w005
93934,23,minibatch_k64,text_pca256_lexical_w005
93935,21,minibatch_k64,text_pca256_lexical_w005
93936,8,minibatch_k64,text_pca256_lexical_w005
93937,8,minibatch_k64,text_pca256_lexical_w005
93938,8,minibatch_k64,text_pca256_lexical_w005
93939,25,minibatch_k64,text_pca256_lexical_w005
93940,8,minibatch_k64,text_pca256_lexical_w005
93941,23,minibatch_k64,text_pca256_lexical_w005
93942,25,minibatch_k64,text_pca256_lexical_w005
93943,33,minibatch_k64,text_pca256_lexical_w005
93944,8,minibatch_k64,text_pca256_lexical_w005
93945,23,minibatch_k64,text_pca256_lexical_w005
93946,23,minibatch_k64,text_pca256_lexical_w005
93947,25,minibatch_k64,text_pca256_lexical_w005
93948,33,minibatch_k64,text_pca256_lexical_w005
93949,25,minibatch_k64,text_pca256_lexical_w005
93950,42,minibatch_k64,text_pca256_lexical_w005
93951,25,minibatch_k64,text_pca256_lexical_w005
93952,46,minibatch_k64,text_pca256_lexical_w005
93953,25,minibatch_k64,text_pca256_lexical_w005
93954,25,minibatch_k64,text_pca256_lexical_w005
93955,42,minibatch_k64,text_pca256_lexical_w005
93956,42,minibatch_k64,text_pca256_lexical_w005
93957,25,minibatch_k64,text_pca256_lexical_w005
93958,23,minibatch_k64,text_pca256_lexical_w005
93959,25,minibatch_k64,text_pca256_lexical_w005
93960,23,minibatch_k64,text_pca256_lexical_w005
93961,23,minibatch_k64,text_pca256_lexical_w005
93962,3,minibatch_k64,text_pca256_lexical_w005
93963,15,minibatch_k64,text_pca256_lexical_w005
93964,8,minibatch_k64,text_pca256_lexical_w005
93965,23,minibatch_k64,text_pca256_lexical_w005
93966,25,minibatch_k64,text_pca256_lexical_w005
93967,8,minibatch_k64,text_pca256_lexical_w005
93968,21,minibatch_k64,text_pca256_lexical_w005
93969,0,minibatch_k64,text_pca256_lexical_w005
93970,25,minibatch_k64,text_pca256_lexical_w005
93971,8,minibatch_k64,text_pca256_lexical_w005
93972,0,minibatch_k64,text_pca256_lexical_w005
93973,21,minibatch_k64,text_pca256_lexical_w005
93974,0,minibatch_k64,text_pca256_lexical_w005
93975,33,minibatch_k64,text_pca256_lexical_w005
93976,25,minibatch_k64,text_pca256_lexical_w005
93977,8,minibatch_k64,text_pca256_lexical_w005
93978,8,minibatch_k64,text_pca256_lexical_w005
93979,8,minibatch_k64,text_pca256_lexical_w005
93980,23,minibatch_k64,text_pca256_lexical_w005
93981,25,minibatch_k64,text_pca256_lexical_w005
93982,8,minibatch_k64,text_pca256_lexical_w005
93983,8,minibatch_k64,text_pca256_lexical_w005
93984,8,minibatch_k64,text_pca256_lexical_w005
93985,25,minibatch_k64,text_pca256_lexical_w005
93986,33,minibatch_k64,text_pca256_lexical_w005
93987,23,minibatch_k64,text_pca256_lexical_w005
93988,25,minibatch_k64,text_pca256_lexical_w005
93989,59,minibatch_k64,text_pca256_lexical_w005
93990,5,minibatch_k64,text_pca256_lexical_w005
93991,25,minibatch_k64,text_pca256_lexical_w005
93992,5,minibatch_k64,text_pca256_lexical_w005
93993,5,minibatch_k64,text_pca256_lexical_w005
93994,42,minibatch_k64,text_pca256_lexical_w005
93995,0,minibatch_k64,text_pca256_lexical_w005
93996,8,minibatch_k64,text_pca256_lexical_w005
93997,42,minibatch_k64,text_pca256_lexical_w005
93998,5,minibatch_k64,text_pca256_lexical_w005
93999,8,minibatch_k64,text_pca256_lexical_w005
94000,5,minibatch_k64,text_pca256_lexical_w005
94001,62,minibatch_k64,text_pca256_lexical_w005
94002,5,minibatch_k64,text_pca256_lexical_w005
94003,8,minibatch_k64,text_pca256_lexical_w005
94004,0,minibatch_k64,text_pca256_lexical_w005
94005,21,minibatch_k64,text_pca256_lexical_w005
94006,42,minibatch_k64,text_pca256_lexical_w005
94007,8,minibatch_k64,text_pca256_lexical_w005
94008,42,minibatch_k64,text_pca256_lexical_w005
94009,0,minibatch_k64,text_pca256_lexical_w005
94010,25,minibatch_k64,text_pca256_lexical_w005
94011,8,minibatch_k64,text_pca256_lexical_w005
94012,8,minibatch_k64,text_pca256_lexical_w005
94013,0,minibatch_k64,text_pca256_lexical_w005
94014,42,minibatch_k64,text_pca256_lexical_w005
94015,21,minibatch_k64,text_pca256_lexical_w005
94016,10,minibatch_k64,text_pca256_lexical_w005
94017,8,minibatch_k64,text_pca256_lexical_w005
94018,0,minibatch_k64,text_pca256_lexical_w005
94019,0,minibatch_k64,text_pca256_lexical_w005
94020,42,minibatch_k64,text_pca256_lexical_w005
94021,8,minibatch_k64,text_pca256_lexical_w005
94022,25,minibatch_k64,text_pca256_lexical_w005
94023,0,minibatch_k64,text_pca256_lexical_w005
94024,0,minibatch_k64,text_pca256_lexical_w005
94025,8,minibatch_k64,text_pca256_lexical_w005
94026,21,minibatch_k64,text_pca256_lexical_w005
94027,62,minibatch_k64,text_pca256_lexical_w005
94028,8,minibatch_k64,text_pca256_lexical_w005
94029,25,minibatch_k64,text_pca256_lexical_w005
94030,23,minibatch_k64,text_pca256_lexical_w005
94031,0,minibatch_k64,text_pca256_lexical_w005
94032,0,minibatch_k64,text_pca256_lexical_w005
94033,0,minibatch_k64,text_pca256_lexical_w005
94034,5,minibatch_k64,text_pca256_lexical_w005
94035,0,minibatch_k64,text_pca256_lexical_w005
94036,5,minibatch_k64,text_pca256_lexical_w005
94037,5,minibatch_k64,text_pca256_lexical_w005
94038,5,minibatch_k64,text_pca256_lexical_w005
94039,5,minibatch_k64,text_pca256_lexical_w005
94040,5,minibatch_k64,text_pca256_lexical_w005
94041,5,minibatch_k64,text_pca256_lexical_w005
94042,0,minibatch_k64,text_pca256_lexical_w005
94043,5,minibatch_k64,text_pca256_lexical_w005
94044,5,minibatch_k64,text_pca256_lexical_w005
94045,25,minibatch_k64,text_pca256_lexical_w005
94046,62,minibatch_k64,text_pca256_lexical_w005
94047,39,minibatch_k64,text_pca256_lexical_w005
94048,8,minibatch_k64,text_pca256_lexical_w005
94049,25,minibatch_k64,text_pca256_lexical_w005
94050,23,minibatch_k64,text_pca256_lexical_w005
94051,62,minibatch_k64,text_pca256_lexical_w005
94052,25,minibatch_k64,text_pca256_lexical_w005
94053,42,minibatch_k64,text_pca256_lexical_w005
94054,15,minibatch_k64,text_pca256_lexical_w005
94055,42,minibatch_k64,text_pca256_lexical_w005
94056,21,minibatch_k64,text_pca256_lexical_w005
94057,0,minibatch_k64,text_pca256_lexical_w005
94058,25,minibatch_k64,text_pca256_lexical_w005
94059,42,minibatch_k64,text_pca256_lexical_w005
94060,8,minibatch_k64,text_pca256_lexical_w005
94061,25,minibatch_k64,text_pca256_lexical_w005
94062,25,minibatch_k64,text_pca256_lexical_w005
94063,23,minibatch_k64,text_pca256_lexical_w005
94064,42,minibatch_k64,text_pca256_lexical_w005
94065,45,minibatch_k64,text_pca256_lexical_w005
94066,33,minibatch_k64,text_pca256_lexical_w005
94067,21,minibatch_k64,text_pca256_lexical_w005
94068,33,minibatch_k64,text_pca256_lexical_w005
94069,62,minibatch_k64,text_pca256_lexical_w005
94070,62,minibatch_k64,text_pca256_lexical_w005
94071,21,minibatch_k64,text_pca256_lexical_w005
94072,0,minibatch_k64,text_pca256_lexical_w005
94073,8,minibatch_k64,text_pca256_lexical_w005
94074,8,minibatch_k64,text_pca256_lexical_w005
94075,20,minibatch_k64,text_pca256_lexical_w005
94076,10,minibatch_k64,text_pca256_lexical_w005
94077,8,minibatch_k64,text_pca256_lexical_w005
94078,21,minibatch_k64,text_pca256_lexical_w005
94079,21,minibatch_k64,text_pca256_lexical_w005
94080,42,minibatch_k64,text_pca256_lexical_w005
94081,42,minibatch_k64,text_pca256_lexical_w005
94082,33,minibatch_k64,text_pca256_lexical_w005
94083,39,minibatch_k64,text_pca256_lexical_w005
94084,33,minibatch_k64,text_pca256_lexical_w005
94085,12,minibatch_k64,text_pca256_lexical_w005
94086,12,minibatch_k64,text_pca256_lexical_w005
94087,40,minibatch_k64,text_pca256_lexical_w005
94088,40,minibatch_k64,text_pca256_lexical_w005
94089,40,minibatch_k64,text_pca256_lexical_w005
94090,40,minibatch_k64,text_pca256_lexical_w005
94091,10,minibatch_k64,text_pca256_lexical_w005
94092,40,minibatch_k64,text_pca256_lexical_w005
94093,12,minibatch_k64,text_pca256_lexical_w005
94094,40,minibatch_k64,text_pca256_lexical_w005
94095,38,minibatch_k64,text_pca256_lexical_w005
94096,0,minibatch_k64,text_pca256_lexical_w005
94097,40,minibatch_k64,text_pca256_lexical_w005
94098,33,minibatch_k64,text_pca256_lexical_w005
94099,8,minibatch_k64,text_pca256_lexical_w005
94100,40,minibatch_k64,text_pca256_lexical_w005
94101,40,minibatch_k64,text_pca256_lexical_w005
94102,12,minibatch_k64,text_pca256_lexical_w005
94103,40,minibatch_k64,text_pca256_lexical_w005
94104,42,minibatch_k64,text_pca256_lexical_w005
94105,38,minibatch_k64,text_pca256_lexical_w005
94106,23,minibatch_k64,text_pca256_lexical_w005
94107,40,minibatch_k64,text_pca256_lexical_w005
94108,0,minibatch_k64,text_pca256_lexical_w005
94109,40,minibatch_k64,text_pca256_lexical_w005
94110,12,minibatch_k64,text_pca256_lexical_w005
94111,40,minibatch_k64,text_pca256_lexical_w005
94112,40,minibatch_k64,text_pca256_lexical_w005
94113,0,minibatch_k64,text_pca256_lexical_w005
94114,40,minibatch_k64,text_pca256_lexical_w005
94115,40,minibatch_k64,text_pca256_lexical_w005
94116,0,minibatch_k64,text_pca256_lexical_w005
94117,40,minibatch_k64,text_pca256_lexical_w005
94118,40,minibatch_k64,text_pca256_lexical_w005
94119,23,minibatch_k64,text_pca256_lexical_w005
94120,8,minibatch_k64,text_pca256_lexical_w005
94121,40,minibatch_k64,text_pca256_lexical_w005
94122,40,minibatch_k64,text_pca256_lexical_w005
94123,33,minibatch_k64,text_pca256_lexical_w005
94124,40,minibatch_k64,text_pca256_lexical_w005
94125,40,minibatch_k64,text_pca256_lexical_w005
94126,38,minibatch_k64,text_pca256_lexical_w005
94127,12,minibatch_k64,text_pca256_lexical_w005
94128,40,minibatch_k64,text_pca256_lexical_w005
94129,0,minibatch_k64,text_pca256_lexical_w005
94130,40,minibatch_k64,text_pca256_lexical_w005
94131,0,minibatch_k64,text_pca256_lexical_w005
94132,42,minibatch_k64,text_pca256_lexical_w005
94133,40,minibatch_k64,text_pca256_lexical_w005
94134,0,minibatch_k64,text_pca256_lexical_w005
94135,42,minibatch_k64,text_pca256_lexical_w005
94136,38,minibatch_k64,text_pca256_lexical_w005
94137,23,minibatch_k64,text_pca256_lexical_w005
94138,32,minibatch_k64,text_pca256_lexical_w005
94139,40,minibatch_k64,text_pca256_lexical_w005
94140,40,minibatch_k64,text_pca256_lexical_w005
94141,62,minibatch_k64,text_pca256_lexical_w005
94142,42,minibatch_k64,text_pca256_lexical_w005
94143,40,minibatch_k64,text_pca256_lexical_w005
94144,38,minibatch_k64,text_pca256_lexical_w005
94145,40,minibatch_k64,text_pca256_lexical_w005
94146,0,minibatch_k64,text_pca256_lexical_w005
94147,42,minibatch_k64,text_pca256_lexical_w005
94148,39,minibatch_k64,text_pca256_lexical_w005
94149,42,minibatch_k64,text_pca256_lexical_w005
94150,42,minibatch_k64,text_pca256_lexical_w005
94151,38,minibatch_k64,text_pca256_lexical_w005
94152,38,minibatch_k64,text_pca256_lexical_w005
94153,40,minibatch_k64,text_pca256_lexical_w005
94154,23,minibatch_k64,text_pca256_lexical_w005
94155,8,minibatch_k64,text_pca256_lexical_w005
94156,40,minibatch_k64,text_pca256_lexical_w005
94157,38,minibatch_k64,text_pca256_lexical_w005
94158,40,minibatch_k64,text_pca256_lexical_w005
94159,0,minibatch_k64,text_pca256_lexical_w005
94160,0,minibatch_k64,text_pca256_lexical_w005
94161,0,minibatch_k64,text_pca256_lexical_w005
94162,14,minibatch_k64,text_pca256_lexical_w005
94163,15,minibatch_k64,text_pca256_lexical_w005
94164,0,minibatch_k64,text_pca256_lexical_w005
94165,23,minibatch_k64,text_pca256_lexical_w005
94166,42,minibatch_k64,text_pca256_lexical_w005
94167,14,minibatch_k64,text_pca256_lexical_w005
94168,33,minibatch_k64,text_pca256_lexical_w005
94169,38,minibatch_k64,text_pca256_lexical_w005
94170,21,minibatch_k64,text_pca256_lexical_w005
94171,21,minibatch_k64,text_pca256_lexical_w005
94172,32,minibatch_k64,text_pca256_lexical_w005
94173,62,minibatch_k64,text_pca256_lexical_w005
94174,39,minibatch_k64,text_pca256_lexical_w005
94175,15,minibatch_k64,text_pca256_lexical_w005
94176,32,minibatch_k64,text_pca256_lexical_w005
94177,32,minibatch_k64,text_pca256_lexical_w005
94178,38,minibatch_k64,text_pca256_lexical_w005
94179,23,minibatch_k64,text_pca256_lexical_w005
94180,14,minibatch_k64,text_pca256_lexical_w005
94181,21,minibatch_k64,text_pca256_lexical_w005
94182,33,minibatch_k64,text_pca256_lexical_w005
94183,21,minibatch_k64,text_pca256_lexical_w005
94184,14,minibatch_k64,text_pca256_lexical_w005
94185,38,minibatch_k64,text_pca256_lexical_w005
94186,10,minibatch_k64,text_pca256_lexical_w005
94187,21,minibatch_k64,text_pca256_lexical_w005
94188,15,minibatch_k64,text_pca256_lexical_w005
94189,32,minibatch_k64,text_pca256_lexical_w005
94190,5,minibatch_k64,text_pca256_lexical_w005
94191,5,minibatch_k64,text_pca256_lexical_w005
94192,21,minibatch_k64,text_pca256_lexical_w005
94193,21,minibatch_k64,text_pca256_lexical_w005
94194,0,minibatch_k64,text_pca256_lexical_w005
94195,45,minibatch_k64,text_pca256_lexical_w005
94196,33,minibatch_k64,text_pca256_lexical_w005
94197,6,minibatch_k64,text_pca256_lexical_w005
94198,10,minibatch_k64,text_pca256_lexical_w005
94199,2,minibatch_k64,text_pca256_lexical_w005
94200,10,minibatch_k64,text_pca256_lexical_w005
94201,46,minibatch_k64,text_pca256_lexical_w005
94202,46,minibatch_k64,text_pca256_lexical_w005
94203,42,minibatch_k64,text_pca256_lexical_w005
94204,5,minibatch_k64,text_pca256_lexical_w005
94205,8,minibatch_k64,text_pca256_lexical_w005
94206,42,minibatch_k64,text_pca256_lexical_w005
94207,46,minibatch_k64,text_pca256_lexical_w005
94208,21,minibatch_k64,text_pca256_lexical_w005
94209,21,minibatch_k64,text_pca256_lexical_w005
94210,21,minibatch_k64,text_pca256_lexical_w005
94211,62,minibatch_k64,text_pca256_lexical_w005
94212,5,minibatch_k64,text_pca256_lexical_w005
94213,33,minibatch_k64,text_pca256_lexical_w005
94214,5,minibatch_k64,text_pca256_lexical_w005
94215,42,minibatch_k64,text_pca256_lexical_w005
94216,10,minibatch_k64,text_pca256_lexical_w005
94217,10,minibatch_k64,text_pca256_lexical_w005
94218,33,minibatch_k64,text_pca256_lexical_w005
94219,10,minibatch_k64,text_pca256_lexical_w005
94220,56,minibatch_k64,text_pca256_lexical_w005
94221,33,minibatch_k64,text_pca256_lexical_w005
94222,10,minibatch_k64,text_pca256_lexical_w005
94223,10,minibatch_k64,text_pca256_lexical_w005
94224,42,minibatch_k64,text_pca256_lexical_w005
94225,10,minibatch_k64,text_pca256_lexical_w005
94226,5,minibatch_k64,text_pca256_lexical_w005
94227,10,minibatch_k64,text_pca256_lexical_w005
94228,10,minibatch_k64,text_pca256_lexical_w005
94229,53,minibatch_k64,text_pca256_lexical_w005
94230,62,minibatch_k64,text_pca256_lexical_w005
94231,46,minibatch_k64,text_pca256_lexical_w005
94232,39,minibatch_k64,text_pca256_lexical_w005
94233,21,minibatch_k64,text_pca256_lexical_w005
94234,39,minibatch_k64,text_pca256_lexical_w005
94235,10,minibatch_k64,text_pca256_lexical_w005
94236,62,minibatch_k64,text_pca256_lexical_w005
94237,8,minibatch_k64,text_pca256_lexical_w005
94238,10,minibatch_k64,text_pca256_lexical_w005
94239,33,minibatch_k64,text_pca256_lexical_w005
94240,21,minibatch_k64,text_pca256_lexical_w005
94241,42,minibatch_k64,text_pca256_lexical_w005
94242,62,minibatch_k64,text_pca256_lexical_w005
94243,59,minibatch_k64,text_pca256_lexical_w005
94244,62,minibatch_k64,text_pca256_lexical_w005
94245,59,minibatch_k64,text_pca256_lexical_w005
94246,21,minibatch_k64,text_pca256_lexical_w005
94247,23,minibatch_k64,text_pca256_lexical_w005
94248,23,minibatch_k64,text_pca256_lexical_w005
94249,23,minibatch_k64,text_pca256_lexical_w005
94250,21,minibatch_k64,text_pca256_lexical_w005
94251,33,minibatch_k64,text_pca256_lexical_w005
94252,23,minibatch_k64,text_pca256_lexical_w005
94253,23,minibatch_k64,text_pca256_lexical_w005
94254,45,minibatch_k64,text_pca256_lexical_w005
94255,21,minibatch_k64,text_pca256_lexical_w005
94256,62,minibatch_k64,text_pca256_lexical_w005
94257,62,minibatch_k64,text_pca256_lexical_w005
94258,62,minibatch_k64,text_pca256_lexical_w005
94259,42,minibatch_k64,text_pca256_lexical_w005
94260,59,minibatch_k64,text_pca256_lexical_w005
94261,8,minibatch_k64,text_pca256_lexical_w005
94262,4,minibatch_k64,text_pca256_lexical_w005
94263,59,minibatch_k64,text_pca256_lexical_w005
94264,62,minibatch_k64,text_pca256_lexical_w005
94265,33,minibatch_k64,text_pca256_lexical_w005
94266,62,minibatch_k64,text_pca256_lexical_w005
94267,62,minibatch_k64,text_pca256_lexical_w005
94268,23,minibatch_k64,text_pca256_lexical_w005
94269,62,minibatch_k64,text_pca256_lexical_w005
94270,10,minibatch_k64,text_pca256_lexical_w005
94271,8,minibatch_k64,text_pca256_lexical_w005
94272,8,minibatch_k64,text_pca256_lexical_w005
94273,23,minibatch_k64,text_pca256_lexical_w005
94274,23,minibatch_k64,text_pca256_lexical_w005
94275,23,minibatch_k64,text_pca256_lexical_w005
94276,15,minibatch_k64,text_pca256_lexical_w005
94277,23,minibatch_k64,text_pca256_lexical_w005
94278,62,minibatch_k64,text_pca256_lexical_w005
94279,10,minibatch_k64,text_pca256_lexical_w005
94280,23,minibatch_k64,text_pca256_lexical_w005
94281,23,minibatch_k64,text_pca256_lexical_w005
94282,4,minibatch_k64,text_pca256_lexical_w005
94283,23,minibatch_k64,text_pca256_lexical_w005
94284,8,minibatch_k64,text_pca256_lexical_w005
94285,23,minibatch_k64,text_pca256_lexical_w005
94286,33,minibatch_k64,text_pca256_lexical_w005
94287,62,minibatch_k64,text_pca256_lexical_w005
94288,23,minibatch_k64,text_pca256_lexical_w005
94289,0,minibatch_k64,text_pca256_lexical_w005
94290,62,minibatch_k64,text_pca256_lexical_w005
94291,15,minibatch_k64,text_pca256_lexical_w005
94292,59,minibatch_k64,text_pca256_lexical_w005
94293,23,minibatch_k64,text_pca256_lexical_w005
94294,62,minibatch_k64,text_pca256_lexical_w005
94295,4,minibatch_k64,text_pca256_lexical_w005
94296,59,minibatch_k64,text_pca256_lexical_w005
94297,62,minibatch_k64,text_pca256_lexical_w005
94298,23,minibatch_k64,text_pca256_lexical_w005
94299,23,minibatch_k64,text_pca256_lexical_w005
94300,59,minibatch_k64,text_pca256_lexical_w005
94301,62,minibatch_k64,text_pca256_lexical_w005
94302,0,minibatch_k64,text_pca256_lexical_w005
94303,23,minibatch_k64,text_pca256_lexical_w005
94304,15,minibatch_k64,text_pca256_lexical_w005
94305,59,minibatch_k64,text_pca256_lexical_w005
94306,0,minibatch_k64,text_pca256_lexical_w005
94307,62,minibatch_k64,text_pca256_lexical_w005
94308,62,minibatch_k64,text_pca256_lexical_w005
94309,23,minibatch_k64,text_pca256_lexical_w005
94310,62,minibatch_k64,text_pca256_lexical_w005
94311,23,minibatch_k64,text_pca256_lexical_w005
94312,48,minibatch_k64,text_pca256_lexical_w005
94313,0,minibatch_k64,text_pca256_lexical_w005
94314,33,minibatch_k64,text_pca256_lexical_w005
94315,23,minibatch_k64,text_pca256_lexical_w005
94316,0,minibatch_k64,text_pca256_lexical_w005
94317,0,minibatch_k64,text_pca256_lexical_w005
94318,57,minibatch_k64,text_pca256_lexical_w005
94319,23,minibatch_k64,text_pca256_lexical_w005
94320,62,minibatch_k64,text_pca256_lexical_w005
94321,8,minibatch_k64,text_pca256_lexical_w005
94322,23,minibatch_k64,text_pca256_lexical_w005
94323,0,minibatch_k64,text_pca256_lexical_w005
94324,0,minibatch_k64,text_pca256_lexical_w005
94325,8,minibatch_k64,text_pca256_lexical_w005
94326,10,minibatch_k64,text_pca256_lexical_w005
94327,33,minibatch_k64,text_pca256_lexical_w005
94328,0,minibatch_k64,text_pca256_lexical_w005
94329,23,minibatch_k64,text_pca256_lexical_w005
94330,45,minibatch_k64,text_pca256_lexical_w005
94331,62,minibatch_k64,text_pca256_lexical_w005
94332,15,minibatch_k64,text_pca256_lexical_w005
94333,23,minibatch_k64,text_pca256_lexical_w005
94334,10,minibatch_k64,text_pca256_lexical_w005
94335,23,minibatch_k64,text_pca256_lexical_w005
94336,0,minibatch_k64,text_pca256_lexical_w005
94337,12,minibatch_k64,text_pca256_lexical_w005
94338,23,minibatch_k64,text_pca256_lexical_w005
94339,8,minibatch_k64,text_pca256_lexical_w005
94340,15,minibatch_k64,text_pca256_lexical_w005
94341,45,minibatch_k64,text_pca256_lexical_w005
94342,48,minibatch_k64,text_pca256_lexical_w005
94343,18,minibatch_k64,text_pca256_lexical_w005
94344,45,minibatch_k64,text_pca256_lexical_w005
94345,45,minibatch_k64,text_pca256_lexical_w005
94346,45,minibatch_k64,text_pca256_lexical_w005
94347,38,minibatch_k64,text_pca256_lexical_w005
94348,45,minibatch_k64,text_pca256_lexical_w005
94349,45,minibatch_k64,text_pca256_lexical_w005
94350,16,minibatch_k64,text_pca256_lexical_w005
94351,45,minibatch_k64,text_pca256_lexical_w005
94352,36,minibatch_k64,text_pca256_lexical_w005
94353,59,minibatch_k64,text_pca256_lexical_w005
94354,62,minibatch_k64,text_pca256_lexical_w005
94355,45,minibatch_k64,text_pca256_lexical_w005
94356,4,minibatch_k64,text_pca256_lexical_w005
94357,4,minibatch_k64,text_pca256_lexical_w005
94358,4,minibatch_k64,text_pca256_lexical_w005
94359,45,minibatch_k64,text_pca256_lexical_w005
94360,62,minibatch_k64,text_pca256_lexical_w005
94361,45,minibatch_k64,text_pca256_lexical_w005
94362,53,minibatch_k64,text_pca256_lexical_w005
94363,45,minibatch_k64,text_pca256_lexical_w005
94364,21,minibatch_k64,text_pca256_lexical_w005
94365,59,minibatch_k64,text_pca256_lexical_w005
94366,45,minibatch_k64,text_pca256_lexical_w005
94367,15,minibatch_k64,text_pca256_lexical_w005
94368,45,minibatch_k64,text_pca256_lexical_w005
94369,45,minibatch_k64,text_pca256_lexical_w005
94370,0,minibatch_k64,text_pca256_lexical_w005
94371,59,minibatch_k64,text_pca256_lexical_w005
94372,23,minibatch_k64,text_pca256_lexical_w005
94373,33,minibatch_k64,text_pca256_lexical_w005
94374,15,minibatch_k64,text_pca256_lexical_w005
94375,33,minibatch_k64,text_pca256_lexical_w005
94376,15,minibatch_k64,text_pca256_lexical_w005
94377,2,minibatch_k64,text_pca256_lexical_w005
94378,62,minibatch_k64,text_pca256_lexical_w005
94379,15,minibatch_k64,text_pca256_lexical_w005
94380,23,minibatch_k64,text_pca256_lexical_w005
94381,0,minibatch_k64,text_pca256_lexical_w005
94382,0,minibatch_k64,text_pca256_lexical_w005
94383,45,minibatch_k64,text_pca256_lexical_w005
94384,2,minibatch_k64,text_pca256_lexical_w005
94385,8,minibatch_k64,text_pca256_lexical_w005
94386,0,minibatch_k64,text_pca256_lexical_w005
94387,10,minibatch_k64,text_pca256_lexical_w005
94388,45,minibatch_k64,text_pca256_lexical_w005
94389,10,minibatch_k64,text_pca256_lexical_w005
94390,38,minibatch_k64,text_pca256_lexical_w005
94391,23,minibatch_k64,text_pca256_lexical_w005
94392,45,minibatch_k64,text_pca256_lexical_w005
94393,23,minibatch_k64,text_pca256_lexical_w005
94394,16,minibatch_k64,text_pca256_lexical_w005
94395,36,minibatch_k64,text_pca256_lexical_w005
94396,55,minibatch_k64,text_pca256_lexical_w005
94397,22,minibatch_k64,text_pca256_lexical_w005
94398,45,minibatch_k64,text_pca256_lexical_w005
94399,15,minibatch_k64,text_pca256_lexical_w005
94400,10,minibatch_k64,text_pca256_lexical_w005
94401,23,minibatch_k64,text_pca256_lexical_w005
94402,62,minibatch_k64,text_pca256_lexical_w005
94403,15,minibatch_k64,text_pca256_lexical_w005
94404,18,minibatch_k64,text_pca256_lexical_w005
94405,33,minibatch_k64,text_pca256_lexical_w005
94406,53,minibatch_k64,text_pca256_lexical_w005
94407,39,minibatch_k64,text_pca256_lexical_w005
94408,62,minibatch_k64,text_pca256_lexical_w005
94409,33,minibatch_k64,text_pca256_lexical_w005
94410,8,minibatch_k64,text_pca256_lexical_w005
94411,45,minibatch_k64,text_pca256_lexical_w005
94412,21,minibatch_k64,text_pca256_lexical_w005
94413,15,minibatch_k64,text_pca256_lexical_w005
94414,4,minibatch_k64,text_pca256_lexical_w005
94415,21,minibatch_k64,text_pca256_lexical_w005
94416,10,minibatch_k64,text_pca256_lexical_w005
94417,62,minibatch_k64,text_pca256_lexical_w005
94418,33,minibatch_k64,text_pca256_lexical_w005
94419,0,minibatch_k64,text_pca256_lexical_w005
94420,23,minibatch_k64,text_pca256_lexical_w005
94421,15,minibatch_k64,text_pca256_lexical_w005
94422,23,minibatch_k64,text_pca256_lexical_w005
94423,0,minibatch_k64,text_pca256_lexical_w005
94424,8,minibatch_k64,text_pca256_lexical_w005
94425,23,minibatch_k64,text_pca256_lexical_w005
94426,48,minibatch_k64,text_pca256_lexical_w005
94427,23,minibatch_k64,text_pca256_lexical_w005
94428,15,minibatch_k64,text_pca256_lexical_w005
94429,0,minibatch_k64,text_pca256_lexical_w005
94430,0,minibatch_k64,text_pca256_lexical_w005
94431,23,minibatch_k64,text_pca256_lexical_w005
94432,0,minibatch_k64,text_pca256_lexical_w005
94433,62,minibatch_k64,text_pca256_lexical_w005
94434,23,minibatch_k64,text_pca256_lexical_w005
94435,23,minibatch_k64,text_pca256_lexical_w005
94436,10,minibatch_k64,text_pca256_lexical_w005
94437,8,minibatch_k64,text_pca256_lexical_w005
94438,62,minibatch_k64,text_pca256_lexical_w005
94439,0,minibatch_k64,text_pca256_lexical_w005
94440,15,minibatch_k64,text_pca256_lexical_w005
94441,39,minibatch_k64,text_pca256_lexical_w005
94442,17,minibatch_k64,text_pca256_lexical_w005
94443,62,minibatch_k64,text_pca256_lexical_w005
94444,23,minibatch_k64,text_pca256_lexical_w005
94445,30,minibatch_k64,text_pca256_lexical_w005
94446,17,minibatch_k64,text_pca256_lexical_w005
94447,30,minibatch_k64,text_pca256_lexical_w005
94448,17,minibatch_k64,text_pca256_lexical_w005
94449,62,minibatch_k64,text_pca256_lexical_w005
94450,23,minibatch_k64,text_pca256_lexical_w005
94451,15,minibatch_k64,text_pca256_lexical_w005
94452,21,minibatch_k64,text_pca256_lexical_w005
94453,30,minibatch_k64,text_pca256_lexical_w005
94454,45,minibatch_k64,text_pca256_lexical_w005
94455,45,minibatch_k64,text_pca256_lexical_w005
94456,45,minibatch_k64,text_pca256_lexical_w005
94457,21,minibatch_k64,text_pca256_lexical_w005
94458,0,minibatch_k64,text_pca256_lexical_w005
94459,2,minibatch_k64,text_pca256_lexical_w005
94460,45,minibatch_k64,text_pca256_lexical_w005
94461,2,minibatch_k64,text_pca256_lexical_w005
94462,8,minibatch_k64,text_pca256_lexical_w005
94463,15,minibatch_k64,text_pca256_lexical_w005
94464,33,minibatch_k64,text_pca256_lexical_w005
94465,2,minibatch_k64,text_pca256_lexical_w005
94466,0,minibatch_k64,text_pca256_lexical_w005
94467,17,minibatch_k64,text_pca256_lexical_w005
94468,15,minibatch_k64,text_pca256_lexical_w005
94469,15,minibatch_k64,text_pca256_lexical_w005
94470,62,minibatch_k64,text_pca256_lexical_w005
94471,8,minibatch_k64,text_pca256_lexical_w005
94472,0,minibatch_k64,text_pca256_lexical_w005
94473,21,minibatch_k64,text_pca256_lexical_w005
94474,53,minibatch_k64,text_pca256_lexical_w005
94475,2,minibatch_k64,text_pca256_lexical_w005
94476,2,minibatch_k64,text_pca256_lexical_w005
94477,50,minibatch_k64,text_pca256_lexical_w005
94478,62,minibatch_k64,text_pca256_lexical_w005
94479,62,minibatch_k64,text_pca256_lexical_w005
94480,23,minibatch_k64,text_pca256_lexical_w005
94481,62,minibatch_k64,text_pca256_lexical_w005
94482,8,minibatch_k64,text_pca256_lexical_w005
94483,45,minibatch_k64,text_pca256_lexical_w005
94484,48,minibatch_k64,text_pca256_lexical_w005
94485,45,minibatch_k64,text_pca256_lexical_w005
94486,21,minibatch_k64,text_pca256_lexical_w005
94487,2,minibatch_k64,text_pca256_lexical_w005
94488,8,minibatch_k64,text_pca256_lexical_w005
94489,8,minibatch_k64,text_pca256_lexical_w005
94490,8,minibatch_k64,text_pca256_lexical_w005
94491,21,minibatch_k64,text_pca256_lexical_w005
94492,59,minibatch_k64,text_pca256_lexical_w005
94493,62,minibatch_k64,text_pca256_lexical_w005
94494,23,minibatch_k64,text_pca256_lexical_w005
94495,15,minibatch_k64,text_pca256_lexical_w005
94496,59,minibatch_k64,text_pca256_lexical_w005
94497,23,minibatch_k64,text_pca256_lexical_w005
94498,23,minibatch_k64,text_pca256_lexical_w005
94499,23,minibatch_k64,text_pca256_lexical_w005
94500,62,minibatch_k64,text_pca256_lexical_w005
94501,10,minibatch_k64,text_pca256_lexical_w005
94502,23,minibatch_k64,text_pca256_lexical_w005
94503,10,minibatch_k64,text_pca256_lexical_w005
94504,15,minibatch_k64,text_pca256_lexical_w005
94505,59,minibatch_k64,text_pca256_lexical_w005
94506,10,minibatch_k64,text_pca256_lexical_w005
94507,10,minibatch_k64,text_pca256_lexical_w005
94508,45,minibatch_k64,text_pca256_lexical_w005
94509,23,minibatch_k64,text_pca256_lexical_w005
94510,45,minibatch_k64,text_pca256_lexical_w005
94511,61,minibatch_k64,text_pca256_lexical_w005
94512,23,minibatch_k64,text_pca256_lexical_w005
94513,62,minibatch_k64,text_pca256_lexical_w005
94514,10,minibatch_k64,text_pca256_lexical_w005
94515,8,minibatch_k64,text_pca256_lexical_w005
94516,8,minibatch_k64,text_pca256_lexical_w005
94517,23,minibatch_k64,text_pca256_lexical_w005
94518,45,minibatch_k64,text_pca256_lexical_w005
94519,8,minibatch_k64,text_pca256_lexical_w005
94520,21,minibatch_k64,text_pca256_lexical_w005
94521,21,minibatch_k64,text_pca256_lexical_w005
94522,23,minibatch_k64,text_pca256_lexical_w005
94523,10,minibatch_k64,text_pca256_lexical_w005
94524,2,minibatch_k64,text_pca256_lexical_w005
94525,62,minibatch_k64,text_pca256_lexical_w005
94526,62,minibatch_k64,text_pca256_lexical_w005
94527,15,minibatch_k64,text_pca256_lexical_w005
94528,59,minibatch_k64,text_pca256_lexical_w005
94529,8,minibatch_k64,text_pca256_lexical_w005
94530,62,minibatch_k64,text_pca256_lexical_w005
94531,15,minibatch_k64,text_pca256_lexical_w005
94532,62,minibatch_k64,text_pca256_lexical_w005
94533,33,minibatch_k64,text_pca256_lexical_w005
94534,33,minibatch_k64,text_pca256_lexical_w005
94535,8,minibatch_k64,text_pca256_lexical_w005
94536,15,minibatch_k64,text_pca256_lexical_w005
94537,23,minibatch_k64,text_pca256_lexical_w005
94538,0,minibatch_k64,text_pca256_lexical_w005
94539,45,minibatch_k64,text_pca256_lexical_w005
94540,33,minibatch_k64,text_pca256_lexical_w005
94541,45,minibatch_k64,text_pca256_lexical_w005
94542,15,minibatch_k64,text_pca256_lexical_w005
94543,15,minibatch_k64,text_pca256_lexical_w005
94544,62,minibatch_k64,text_pca256_lexical_w005
94545,10,minibatch_k64,text_pca256_lexical_w005
94546,10,minibatch_k64,text_pca256_lexical_w005
94547,8,minibatch_k64,text_pca256_lexical_w005
94548,8,minibatch_k64,text_pca256_lexical_w005
94549,33,minibatch_k64,text_pca256_lexical_w005
94550,10,minibatch_k64,text_pca256_lexical_w005
94551,0,minibatch_k64,text_pca256_lexical_w005
94552,0,minibatch_k64,text_pca256_lexical_w005
94553,62,minibatch_k64,text_pca256_lexical_w005
94554,2,minibatch_k64,text_pca256_lexical_w005
94555,2,minibatch_k64,text_pca256_lexical_w005
94556,62,minibatch_k64,text_pca256_lexical_w005
94557,23,minibatch_k64,text_pca256_lexical_w005
94558,0,minibatch_k64,text_pca256_lexical_w005
94559,45,minibatch_k64,text_pca256_lexical_w005
94560,15,minibatch_k64,text_pca256_lexical_w005
94561,39,minibatch_k64,text_pca256_lexical_w005
94562,61,minibatch_k64,text_pca256_lexical_w005
94563,18,minibatch_k64,text_pca256_lexical_w005
94564,18,minibatch_k64,text_pca256_lexical_w005
94565,8,minibatch_k64,text_pca256_lexical_w005
94566,18,minibatch_k64,text_pca256_lexical_w005
94567,2,minibatch_k64,text_pca256_lexical_w005
94568,0,minibatch_k64,text_pca256_lexical_w005
94569,59,minibatch_k64,text_pca256_lexical_w005
94570,33,minibatch_k64,text_pca256_lexical_w005
94571,53,minibatch_k64,text_pca256_lexical_w005
94572,59,minibatch_k64,text_pca256_lexical_w005
94573,18,minibatch_k64,text_pca256_lexical_w005
94574,15,minibatch_k64,text_pca256_lexical_w005
94575,45,minibatch_k64,text_pca256_lexical_w005
94576,18,minibatch_k64,text_pca256_lexical_w005
94577,21,minibatch_k64,text_pca256_lexical_w005
94578,23,minibatch_k64,text_pca256_lexical_w005
94579,8,minibatch_k64,text_pca256_lexical_w005
94580,45,minibatch_k64,text_pca256_lexical_w005
94581,59,minibatch_k64,text_pca256_lexical_w005
94582,59,minibatch_k64,text_pca256_lexical_w005
94583,18,minibatch_k64,text_pca256_lexical_w005
94584,34,minibatch_k64,text_pca256_lexical_w005
94585,10,minibatch_k64,text_pca256_lexical_w005
94586,59,minibatch_k64,text_pca256_lexical_w005
94587,33,minibatch_k64,text_pca256_lexical_w005
94588,33,minibatch_k64,text_pca256_lexical_w005
94589,33,minibatch_k64,text_pca256_lexical_w005
94590,56,minibatch_k64,text_pca256_lexical_w005
94591,45,minibatch_k64,text_pca256_lexical_w005
94592,48,minibatch_k64,text_pca256_lexical_w005
94593,45,minibatch_k64,text_pca256_lexical_w005
94594,62,minibatch_k64,text_pca256_lexical_w005
94595,62,minibatch_k64,text_pca256_lexical_w005
94596,8,minibatch_k64,text_pca256_lexical_w005
94597,0,minibatch_k64,text_pca256_lexical_w005
94598,45,minibatch_k64,text_pca256_lexical_w005
94599,33,minibatch_k64,text_pca256_lexical_w005
94600,15,minibatch_k64,text_pca256_lexical_w005
94601,23,minibatch_k64,text_pca256_lexical_w005
94602,21,minibatch_k64,text_pca256_lexical_w005
94603,15,minibatch_k64,text_pca256_lexical_w005
94604,33,minibatch_k64,text_pca256_lexical_w005
94605,15,minibatch_k64,text_pca256_lexical_w005
94606,62,minibatch_k64,text_pca256_lexical_w005
94607,23,minibatch_k64,text_pca256_lexical_w005
94608,50,minibatch_k64,text_pca256_lexical_w005
94609,23,minibatch_k64,text_pca256_lexical_w005
94610,15,minibatch_k64,text_pca256_lexical_w005
94611,10,minibatch_k64,text_pca256_lexical_w005
94612,15,minibatch_k64,text_pca256_lexical_w005
94613,15,minibatch_k64,text_pca256_lexical_w005
94614,10,minibatch_k64,text_pca256_lexical_w005
94615,48,minibatch_k64,text_pca256_lexical_w005
94616,15,minibatch_k64,text_pca256_lexical_w005
94617,15,minibatch_k64,text_pca256_lexical_w005
94618,15,minibatch_k64,text_pca256_lexical_w005
94619,59,minibatch_k64,text_pca256_lexical_w005
94620,62,minibatch_k64,text_pca256_lexical_w005
94621,0,minibatch_k64,text_pca256_lexical_w005
94622,0,minibatch_k64,text_pca256_lexical_w005
94623,59,minibatch_k64,text_pca256_lexical_w005
94624,23,minibatch_k64,text_pca256_lexical_w005
94625,48,minibatch_k64,text_pca256_lexical_w005
94626,8,minibatch_k64,text_pca256_lexical_w005
94627,62,minibatch_k64,text_pca256_lexical_w005
94628,8,minibatch_k64,text_pca256_lexical_w005
94629,8,minibatch_k64,text_pca256_lexical_w005
94630,15,minibatch_k64,text_pca256_lexical_w005
94631,33,minibatch_k64,text_pca256_lexical_w005
94632,33,minibatch_k64,text_pca256_lexical_w005
94633,33,minibatch_k64,text_pca256_lexical_w005
94634,33,minibatch_k64,text_pca256_lexical_w005
94635,61,minibatch_k64,text_pca256_lexical_w005
94636,33,minibatch_k64,text_pca256_lexical_w005
94637,15,minibatch_k64,text_pca256_lexical_w005
94638,48,minibatch_k64,text_pca256_lexical_w005
94639,10,minibatch_k64,text_pca256_lexical_w005
94640,15,minibatch_k64,text_pca256_lexical_w005
94641,23,minibatch_k64,text_pca256_lexical_w005
94642,23,minibatch_k64,text_pca256_lexical_w005
94643,45,minibatch_k64,text_pca256_lexical_w005
94644,59,minibatch_k64,text_pca256_lexical_w005
94645,8,minibatch_k64,text_pca256_lexical_w005
94646,15,minibatch_k64,text_pca256_lexical_w005
94647,45,minibatch_k64,text_pca256_lexical_w005
94648,45,minibatch_k64,text_pca256_lexical_w005
94649,45,minibatch_k64,text_pca256_lexical_w005
94650,59,minibatch_k64,text_pca256_lexical_w005
94651,45,minibatch_k64,text_pca256_lexical_w005
94652,8,minibatch_k64,text_pca256_lexical_w005
94653,45,minibatch_k64,text_pca256_lexical_w005
94654,45,minibatch_k64,text_pca256_lexical_w005
94655,45,minibatch_k64,text_pca256_lexical_w005
94656,10,minibatch_k64,text_pca256_lexical_w005
94657,62,minibatch_k64,text_pca256_lexical_w005
94658,10,minibatch_k64,text_pca256_lexical_w005
94659,59,minibatch_k64,text_pca256_lexical_w005
94660,23,minibatch_k64,text_pca256_lexical_w005
94661,23,minibatch_k64,text_pca256_lexical_w005
94662,23,minibatch_k64,text_pca256_lexical_w005
94663,15,minibatch_k64,text_pca256_lexical_w005
94664,62,minibatch_k64,text_pca256_lexical_w005
94665,62,minibatch_k64,text_pca256_lexical_w005
94666,2,minibatch_k64,text_pca256_lexical_w005
94667,33,minibatch_k64,text_pca256_lexical_w005
94668,33,minibatch_k64,text_pca256_lexical_w005
94669,45,minibatch_k64,text_pca256_lexical_w005
94670,45,minibatch_k64,text_pca256_lexical_w005
94671,0,minibatch_k64,text_pca256_lexical_w005
94672,48,minibatch_k64,text_pca256_lexical_w005
94673,23,minibatch_k64,text_pca256_lexical_w005
94674,23,minibatch_k64,text_pca256_lexical_w005
94675,45,minibatch_k64,text_pca256_lexical_w005
94676,0,minibatch_k64,text_pca256_lexical_w005
94677,62,minibatch_k64,text_pca256_lexical_w005
94678,0,minibatch_k64,text_pca256_lexical_w005
94679,0,minibatch_k64,text_pca256_lexical_w005
94680,62,minibatch_k64,text_pca256_lexical_w005
94681,62,minibatch_k64,text_pca256_lexical_w005
94682,15,minibatch_k64,text_pca256_lexical_w005
94683,15,minibatch_k64,text_pca256_lexical_w005
94684,10,minibatch_k64,text_pca256_lexical_w005
94685,59,minibatch_k64,text_pca256_lexical_w005
94686,62,minibatch_k64,text_pca256_lexical_w005
94687,23,minibatch_k64,text_pca256_lexical_w005
94688,23,minibatch_k64,text_pca256_lexical_w005
94689,48,minibatch_k64,text_pca256_lexical_w005
94690,10,minibatch_k64,text_pca256_lexical_w005
94691,10,minibatch_k64,text_pca256_lexical_w005
94692,62,minibatch_k64,text_pca256_lexical_w005
94693,62,minibatch_k64,text_pca256_lexical_w005
94694,0,minibatch_k64,text_pca256_lexical_w005
94695,39,minibatch_k64,text_pca256_lexical_w005
94696,0,minibatch_k64,text_pca256_lexical_w005
94697,62,minibatch_k64,text_pca256_lexical_w005
94698,39,minibatch_k64,text_pca256_lexical_w005
94699,23,minibatch_k64,text_pca256_lexical_w005
94700,23,minibatch_k64,text_pca256_lexical_w005
94701,33,minibatch_k64,text_pca256_lexical_w005
94702,53,minibatch_k64,text_pca256_lexical_w005
94703,53,minibatch_k64,text_pca256_lexical_w005
94704,59,minibatch_k64,text_pca256_lexical_w005
94705,23,minibatch_k64,text_pca256_lexical_w005
94706,23,minibatch_k64,text_pca256_lexical_w005
94707,23,minibatch_k64,text_pca256_lexical_w005
94708,21,minibatch_k64,text_pca256_lexical_w005
94709,62,minibatch_k64,text_pca256_lexical_w005
94710,0,minibatch_k64,text_pca256_lexical_w005
94711,0,minibatch_k64,text_pca256_lexical_w005
94712,59,minibatch_k64,text_pca256_lexical_w005
94713,62,minibatch_k64,text_pca256_lexical_w005
94714,62,minibatch_k64,text_pca256_lexical_w005
94715,10,minibatch_k64,text_pca256_lexical_w005
94716,59,minibatch_k64,text_pca256_lexical_w005
94717,23,minibatch_k64,text_pca256_lexical_w005
94718,10,minibatch_k64,text_pca256_lexical_w005
94719,10,minibatch_k64,text_pca256_lexical_w005
94720,45,minibatch_k64,text_pca256_lexical_w005
94721,6,minibatch_k64,text_pca256_lexical_w005
94722,15,minibatch_k64,text_pca256_lexical_w005
94723,45,minibatch_k64,text_pca256_lexical_w005
94724,0,minibatch_k64,text_pca256_lexical_w005
94725,0,minibatch_k64,text_pca256_lexical_w005
94726,0,minibatch_k64,text_pca256_lexical_w005
94727,62,minibatch_k64,text_pca256_lexical_w005
94728,62,minibatch_k64,text_pca256_lexical_w005
94729,15,minibatch_k64,text_pca256_lexical_w005
94730,15,minibatch_k64,text_pca256_lexical_w005
94731,8,minibatch_k64,text_pca256_lexical_w005
94732,8,minibatch_k64,text_pca256_lexical_w005
94733,10,minibatch_k64,text_pca256_lexical_w005
94734,62,minibatch_k64,text_pca256_lexical_w005
94735,62,minibatch_k64,text_pca256_lexical_w005
94736,10,minibatch_k64,text_pca256_lexical_w005
94737,10,minibatch_k64,text_pca256_lexical_w005
94738,10,minibatch_k64,text_pca256_lexical_w005
94739,10,minibatch_k64,text_pca256_lexical_w005
94740,23,minibatch_k64,text_pca256_lexical_w005
94741,15,minibatch_k64,text_pca256_lexical_w005
94742,62,minibatch_k64,text_pca256_lexical_w005
94743,15,minibatch_k64,text_pca256_lexical_w005
94744,62,minibatch_k64,text_pca256_lexical_w005
94745,62,minibatch_k64,text_pca256_lexical_w005
94746,10,minibatch_k64,text_pca256_lexical_w005
94747,15,minibatch_k64,text_pca256_lexical_w005
94748,62,minibatch_k64,text_pca256_lexical_w005
94749,34,minibatch_k64,text_pca256_lexical_w005
94750,10,minibatch_k64,text_pca256_lexical_w005
94751,10,minibatch_k64,text_pca256_lexical_w005
94752,33,minibatch_k64,text_pca256_lexical_w005
94753,10,minibatch_k64,text_pca256_lexical_w005
94754,10,minibatch_k64,text_pca256_lexical_w005
94755,10,minibatch_k64,text_pca256_lexical_w005
94756,23,minibatch_k64,text_pca256_lexical_w005
94757,8,minibatch_k64,text_pca256_lexical_w005
94758,8,minibatch_k64,text_pca256_lexical_w005
94759,42,minibatch_k64,text_pca256_lexical_w005
94760,62,minibatch_k64,text_pca256_lexical_w005
94761,15,minibatch_k64,text_pca256_lexical_w005
94762,62,minibatch_k64,text_pca256_lexical_w005
94763,15,minibatch_k64,text_pca256_lexical_w005
94764,0,minibatch_k64,text_pca256_lexical_w005
94765,62,minibatch_k64,text_pca256_lexical_w005
94766,15,minibatch_k64,text_pca256_lexical_w005
94767,45,minibatch_k64,text_pca256_lexical_w005
94768,21,minibatch_k64,text_pca256_lexical_w005
94769,15,minibatch_k64,text_pca256_lexical_w005
94770,0,minibatch_k64,text_pca256_lexical_w005
94771,45,minibatch_k64,text_pca256_lexical_w005
94772,10,minibatch_k64,text_pca256_lexical_w005
94773,10,minibatch_k64,text_pca256_lexical_w005
94774,23,minibatch_k64,text_pca256_lexical_w005
94775,62,minibatch_k64,text_pca256_lexical_w005
94776,23,minibatch_k64,text_pca256_lexical_w005
94777,59,minibatch_k64,text_pca256_lexical_w005
94778,0,minibatch_k64,text_pca256_lexical_w005
94779,62,minibatch_k64,text_pca256_lexical_w005
94780,62,minibatch_k64,text_pca256_lexical_w005
94781,10,minibatch_k64,text_pca256_lexical_w005
94782,10,minibatch_k64,text_pca256_lexical_w005
94783,10,minibatch_k64,text_pca256_lexical_w005
94784,62,minibatch_k64,text_pca256_lexical_w005
94785,59,minibatch_k64,text_pca256_lexical_w005
94786,10,minibatch_k64,text_pca256_lexical_w005
94787,10,minibatch_k64,text_pca256_lexical_w005
94788,59,minibatch_k64,text_pca256_lexical_w005
94789,59,minibatch_k64,text_pca256_lexical_w005
94790,10,minibatch_k64,text_pca256_lexical_w005
94791,10,minibatch_k64,text_pca256_lexical_w005
94792,8,minibatch_k64,text_pca256_lexical_w005
94793,8,minibatch_k64,text_pca256_lexical_w005
94794,33,minibatch_k64,text_pca256_lexical_w005
94795,23,minibatch_k64,text_pca256_lexical_w005
94796,62,minibatch_k64,text_pca256_lexical_w005
94797,62,minibatch_k64,text_pca256_lexical_w005
94798,23,minibatch_k64,text_pca256_lexical_w005
94799,23,minibatch_k64,text_pca256_lexical_w005
94800,23,minibatch_k64,text_pca256_lexical_w005
94801,23,minibatch_k64,text_pca256_lexical_w005
94802,62,minibatch_k64,text_pca256_lexical_w005
94803,62,minibatch_k64,text_pca256_lexical_w005
94804,33,minibatch_k64,text_pca256_lexical_w005
94805,33,minibatch_k64,text_pca256_lexical_w005
94806,33,minibatch_k64,text_pca256_lexical_w005
94807,42,minibatch_k64,text_pca256_lexical_w005
94808,10,minibatch_k64,text_pca256_lexical_w005
94809,33,minibatch_k64,text_pca256_lexical_w005
94810,15,minibatch_k64,text_pca256_lexical_w005
94811,10,minibatch_k64,text_pca256_lexical_w005
94812,10,minibatch_k64,text_pca256_lexical_w005
94813,33,minibatch_k64,text_pca256_lexical_w005
94814,33,minibatch_k64,text_pca256_lexical_w005
94815,0,minibatch_k64,text_pca256_lexical_w005
94816,0,minibatch_k64,text_pca256_lexical_w005
94817,0,minibatch_k64,text_pca256_lexical_w005
94818,0,minibatch_k64,text_pca256_lexical_w005
94819,33,minibatch_k64,text_pca256_lexical_w005
94820,33,minibatch_k64,text_pca256_lexical_w005
94821,8,minibatch_k64,text_pca256_lexical_w005
94822,8,minibatch_k64,text_pca256_lexical_w005
94823,0,minibatch_k64,text_pca256_lexical_w005
94824,62,minibatch_k64,text_pca256_lexical_w005
94825,15,minibatch_k64,text_pca256_lexical_w005
94826,15,minibatch_k64,text_pca256_lexical_w005
94827,33,minibatch_k64,text_pca256_lexical_w005
94828,33,minibatch_k64,text_pca256_lexical_w005
94829,61,minibatch_k64,text_pca256_lexical_w005
94830,15,minibatch_k64,text_pca256_lexical_w005
94831,8,minibatch_k64,text_pca256_lexical_w005
94832,8,minibatch_k64,text_pca256_lexical_w005
94833,23,minibatch_k64,text_pca256_lexical_w005
94834,23,minibatch_k64,text_pca256_lexical_w005
94835,15,minibatch_k64,text_pca256_lexical_w005
94836,15,minibatch_k64,text_pca256_lexical_w005
94837,23,minibatch_k64,text_pca256_lexical_w005
94838,59,minibatch_k64,text_pca256_lexical_w005
94839,59,minibatch_k64,text_pca256_lexical_w005
94840,2,minibatch_k64,text_pca256_lexical_w005
94841,15,minibatch_k64,text_pca256_lexical_w005
94842,23,minibatch_k64,text_pca256_lexical_w005
94843,48,minibatch_k64,text_pca256_lexical_w005
94844,2,minibatch_k64,text_pca256_lexical_w005
94845,2,minibatch_k64,text_pca256_lexical_w005
94846,0,minibatch_k64,text_pca256_lexical_w005
94847,10,minibatch_k64,text_pca256_lexical_w005
94848,33,minibatch_k64,text_pca256_lexical_w005
94849,0,minibatch_k64,text_pca256_lexical_w005
94850,0,minibatch_k64,text_pca256_lexical_w005
94851,62,minibatch_k64,text_pca256_lexical_w005
94852,62,minibatch_k64,text_pca256_lexical_w005
94853,23,minibatch_k64,text_pca256_lexical_w005
94854,0,minibatch_k64,text_pca256_lexical_w005
94855,59,minibatch_k64,text_pca256_lexical_w005
94856,62,minibatch_k64,text_pca256_lexical_w005
94857,8,minibatch_k64,text_pca256_lexical_w005
94858,8,minibatch_k64,text_pca256_lexical_w005
94859,15,minibatch_k64,text_pca256_lexical_w005
94860,10,minibatch_k64,text_pca256_lexical_w005
94861,15,minibatch_k64,text_pca256_lexical_w005
94862,0,minibatch_k64,text_pca256_lexical_w005
94863,8,minibatch_k64,text_pca256_lexical_w005
94864,10,minibatch_k64,text_pca256_lexical_w005
94865,62,minibatch_k64,text_pca256_lexical_w005
94866,0,minibatch_k64,text_pca256_lexical_w005
94867,62,minibatch_k64,text_pca256_lexical_w005
94868,8,minibatch_k64,text_pca256_lexical_w005
94869,10,minibatch_k64,text_pca256_lexical_w005
94870,62,minibatch_k64,text_pca256_lexical_w005
94871,33,minibatch_k64,text_pca256_lexical_w005
94872,15,minibatch_k64,text_pca256_lexical_w005
94873,15,minibatch_k64,text_pca256_lexical_w005
94874,10,minibatch_k64,text_pca256_lexical_w005
94875,15,minibatch_k64,text_pca256_lexical_w005
94876,23,minibatch_k64,text_pca256_lexical_w005
94877,0,minibatch_k64,text_pca256_lexical_w005
94878,2,minibatch_k64,text_pca256_lexical_w005
94879,2,minibatch_k64,text_pca256_lexical_w005
94880,33,minibatch_k64,text_pca256_lexical_w005
94881,15,minibatch_k64,text_pca256_lexical_w005
94882,33,minibatch_k64,text_pca256_lexical_w005
94883,59,minibatch_k64,text_pca256_lexical_w005
94884,33,minibatch_k64,text_pca256_lexical_w005
94885,33,minibatch_k64,text_pca256_lexical_w005
94886,0,minibatch_k64,text_pca256_lexical_w005
94887,45,minibatch_k64,text_pca256_lexical_w005
94888,34,minibatch_k64,text_pca256_lexical_w005
94889,0,minibatch_k64,text_pca256_lexical_w005
94890,15,minibatch_k64,text_pca256_lexical_w005
94891,15,minibatch_k64,text_pca256_lexical_w005
94892,33,minibatch_k64,text_pca256_lexical_w005
94893,8,minibatch_k64,text_pca256_lexical_w005
94894,33,minibatch_k64,text_pca256_lexical_w005
94895,33,minibatch_k64,text_pca256_lexical_w005
94896,33,minibatch_k64,text_pca256_lexical_w005
94897,62,minibatch_k64,text_pca256_lexical_w005
94898,62,minibatch_k64,text_pca256_lexical_w005
94899,62,minibatch_k64,text_pca256_lexical_w005
94900,62,minibatch_k64,text_pca256_lexical_w005
94901,62,minibatch_k64,text_pca256_lexical_w005
94902,15,minibatch_k64,text_pca256_lexical_w005
94903,15,minibatch_k64,text_pca256_lexical_w005
94904,62,minibatch_k64,text_pca256_lexical_w005
94905,39,minibatch_k64,text_pca256_lexical_w005
94906,15,minibatch_k64,text_pca256_lexical_w005
94907,39,minibatch_k64,text_pca256_lexical_w005
94908,8,minibatch_k64,text_pca256_lexical_w005
94909,62,minibatch_k64,text_pca256_lexical_w005
94910,59,minibatch_k64,text_pca256_lexical_w005
94911,15,minibatch_k64,text_pca256_lexical_w005
94912,62,minibatch_k64,text_pca256_lexical_w005
94913,10,minibatch_k64,text_pca256_lexical_w005
94914,33,minibatch_k64,text_pca256_lexical_w005
94915,0,minibatch_k64,text_pca256_lexical_w005
94916,6,minibatch_k64,text_pca256_lexical_w005
94917,61,minibatch_k64,text_pca256_lexical_w005
94918,15,minibatch_k64,text_pca256_lexical_w005
94919,33,minibatch_k64,text_pca256_lexical_w005
94920,15,minibatch_k64,text_pca256_lexical_w005
94921,8,minibatch_k64,text_pca256_lexical_w005
94922,2,minibatch_k64,text_pca256_lexical_w005
94923,62,minibatch_k64,text_pca256_lexical_w005
94924,8,minibatch_k64,text_pca256_lexical_w005
94925,10,minibatch_k64,text_pca256_lexical_w005
94926,21,minibatch_k64,text_pca256_lexical_w005
94927,33,minibatch_k64,text_pca256_lexical_w005
94928,21,minibatch_k64,text_pca256_lexical_w005
94929,15,minibatch_k64,text_pca256_lexical_w005
94930,15,minibatch_k64,text_pca256_lexical_w005
94931,56,minibatch_k64,text_pca256_lexical_w005
94932,15,minibatch_k64,text_pca256_lexical_w005
94933,23,minibatch_k64,text_pca256_lexical_w005
94934,0,minibatch_k64,text_pca256_lexical_w005
94935,15,minibatch_k64,text_pca256_lexical_w005
94936,10,minibatch_k64,text_pca256_lexical_w005
94937,8,minibatch_k64,text_pca256_lexical_w005
94938,0,minibatch_k64,text_pca256_lexical_w005
94939,39,minibatch_k64,text_pca256_lexical_w005
94940,23,minibatch_k64,text_pca256_lexical_w005
94941,15,minibatch_k64,text_pca256_lexical_w005
94942,62,minibatch_k64,text_pca256_lexical_w005
94943,33,minibatch_k64,text_pca256_lexical_w005
94944,15,minibatch_k64,text_pca256_lexical_w005
94945,33,minibatch_k64,text_pca256_lexical_w005
94946,42,minibatch_k64,text_pca256_lexical_w005
94947,23,minibatch_k64,text_pca256_lexical_w005
94948,42,minibatch_k64,text_pca256_lexical_w005
94949,10,minibatch_k64,text_pca256_lexical_w005
94950,59,minibatch_k64,text_pca256_lexical_w005
94951,8,minibatch_k64,text_pca256_lexical_w005
94952,62,minibatch_k64,text_pca256_lexical_w005
94953,23,minibatch_k64,text_pca256_lexical_w005
94954,10,minibatch_k64,text_pca256_lexical_w005
94955,62,minibatch_k64,text_pca256_lexical_w005
94956,15,minibatch_k64,text_pca256_lexical_w005
94957,62,minibatch_k64,text_pca256_lexical_w005
94958,8,minibatch_k64,text_pca256_lexical_w005
94959,48,minibatch_k64,text_pca256_lexical_w005
94960,10,minibatch_k64,text_pca256_lexical_w005
94961,50,minibatch_k64,text_pca256_lexical_w005
94962,15,minibatch_k64,text_pca256_lexical_w005
94963,0,minibatch_k64,text_pca256_lexical_w005
94964,62,minibatch_k64,text_pca256_lexical_w005
94965,42,minibatch_k64,text_pca256_lexical_w005
94966,15,minibatch_k64,text_pca256_lexical_w005
94967,23,minibatch_k64,text_pca256_lexical_w005
94968,21,minibatch_k64,text_pca256_lexical_w005
94969,23,minibatch_k64,text_pca256_lexical_w005
94970,23,minibatch_k64,text_pca256_lexical_w005
94971,62,minibatch_k64,text_pca256_lexical_w005
94972,2,minibatch_k64,text_pca256_lexical_w005
94973,0,minibatch_k64,text_pca256_lexical_w005
94974,61,minibatch_k64,text_pca256_lexical_w005
94975,15,minibatch_k64,text_pca256_lexical_w005
94976,39,minibatch_k64,text_pca256_lexical_w005
94977,10,minibatch_k64,text_pca256_lexical_w005
94978,23,minibatch_k64,text_pca256_lexical_w005
94979,15,minibatch_k64,text_pca256_lexical_w005
94980,59,minibatch_k64,text_pca256_lexical_w005
94981,21,minibatch_k64,text_pca256_lexical_w005
94982,10,minibatch_k64,text_pca256_lexical_w005
94983,23,minibatch_k64,text_pca256_lexical_w005
94984,4,minibatch_k64,text_pca256_lexical_w005
94985,8,minibatch_k64,text_pca256_lexical_w005
94986,0,minibatch_k64,text_pca256_lexical_w005
94987,33,minibatch_k64,text_pca256_lexical_w005
94988,50,minibatch_k64,text_pca256_lexical_w005
94989,10,minibatch_k64,text_pca256_lexical_w005
94990,61,minibatch_k64,text_pca256_lexical_w005
94991,0,minibatch_k64,text_pca256_lexical_w005
94992,62,minibatch_k64,text_pca256_lexical_w005
94993,23,minibatch_k64,text_pca256_lexical_w005
94994,48,minibatch_k64,text_pca256_lexical_w005
94995,53,minibatch_k64,text_pca256_lexical_w005
94996,10,minibatch_k64,text_pca256_lexical_w005
94997,59,minibatch_k64,text_pca256_lexical_w005
94998,23,minibatch_k64,text_pca256_lexical_w005
94999,15,minibatch_k64,text_pca256_lexical_w005
95000,15,minibatch_k64,text_pca256_lexical_w005
95001,23,minibatch_k64,text_pca256_lexical_w005
95002,48,minibatch_k64,text_pca256_lexical_w005
95003,15,minibatch_k64,text_pca256_lexical_w005
95004,10,minibatch_k64,text_pca256_lexical_w005
95005,62,minibatch_k64,text_pca256_lexical_w005
95006,10,minibatch_k64,text_pca256_lexical_w005
95007,10,minibatch_k64,text_pca256_lexical_w005
95008,33,minibatch_k64,text_pca256_lexical_w005
95009,15,minibatch_k64,text_pca256_lexical_w005
95010,48,minibatch_k64,text_pca256_lexical_w005
95011,59,minibatch_k64,text_pca256_lexical_w005
95012,8,minibatch_k64,text_pca256_lexical_w005
95013,62,minibatch_k64,text_pca256_lexical_w005
95014,15,minibatch_k64,text_pca256_lexical_w005
95015,23,minibatch_k64,text_pca256_lexical_w005
95016,23,minibatch_k64,text_pca256_lexical_w005
95017,10,minibatch_k64,text_pca256_lexical_w005
95018,59,minibatch_k64,text_pca256_lexical_w005
95019,4,minibatch_k64,text_pca256_lexical_w005
95020,62,minibatch_k64,text_pca256_lexical_w005
95021,62,minibatch_k64,text_pca256_lexical_w005
95022,2,minibatch_k64,text_pca256_lexical_w005
95023,23,minibatch_k64,text_pca256_lexical_w005
95024,15,minibatch_k64,text_pca256_lexical_w005
95025,23,minibatch_k64,text_pca256_lexical_w005
95026,8,minibatch_k64,text_pca256_lexical_w005
95027,15,minibatch_k64,text_pca256_lexical_w005
95028,15,minibatch_k64,text_pca256_lexical_w005
95029,2,minibatch_k64,text_pca256_lexical_w005
95030,15,minibatch_k64,text_pca256_lexical_w005
95031,23,minibatch_k64,text_pca256_lexical_w005
95032,8,minibatch_k64,text_pca256_lexical_w005
95033,33,minibatch_k64,text_pca256_lexical_w005
95034,15,minibatch_k64,text_pca256_lexical_w005
95035,21,minibatch_k64,text_pca256_lexical_w005
95036,23,minibatch_k64,text_pca256_lexical_w005
95037,10,minibatch_k64,text_pca256_lexical_w005
95038,23,minibatch_k64,text_pca256_lexical_w005
95039,62,minibatch_k64,text_pca256_lexical_w005
95040,62,minibatch_k64,text_pca256_lexical_w005
95041,23,minibatch_k64,text_pca256_lexical_w005
95042,23,minibatch_k64,text_pca256_lexical_w005
95043,0,minibatch_k64,text_pca256_lexical_w005
95044,10,minibatch_k64,text_pca256_lexical_w005
95045,53,minibatch_k64,text_pca256_lexical_w005
95046,15,minibatch_k64,text_pca256_lexical_w005
95047,33,minibatch_k64,text_pca256_lexical_w005
95048,62,minibatch_k64,text_pca256_lexical_w005
95049,33,minibatch_k64,text_pca256_lexical_w005
95050,50,minibatch_k64,text_pca256_lexical_w005
95051,61,minibatch_k64,text_pca256_lexical_w005
95052,53,minibatch_k64,text_pca256_lexical_w005
95053,8,minibatch_k64,text_pca256_lexical_w005
95054,39,minibatch_k64,text_pca256_lexical_w005
95055,10,minibatch_k64,text_pca256_lexical_w005
95056,46,minibatch_k64,text_pca256_lexical_w005
95057,62,minibatch_k64,text_pca256_lexical_w005
95058,46,minibatch_k64,text_pca256_lexical_w005
95059,46,minibatch_k64,text_pca256_lexical_w005
95060,42,minibatch_k64,text_pca256_lexical_w005
95061,5,minibatch_k64,text_pca256_lexical_w005
95062,46,minibatch_k64,text_pca256_lexical_w005
95063,46,minibatch_k64,text_pca256_lexical_w005
95064,46,minibatch_k64,text_pca256_lexical_w005
95065,42,minibatch_k64,text_pca256_lexical_w005
95066,42,minibatch_k64,text_pca256_lexical_w005
95067,21,minibatch_k64,text_pca256_lexical_w005
95068,42,minibatch_k64,text_pca256_lexical_w005
95069,21,minibatch_k64,text_pca256_lexical_w005
95070,42,minibatch_k64,text_pca256_lexical_w005
95071,5,minibatch_k64,text_pca256_lexical_w005
95072,46,minibatch_k64,text_pca256_lexical_w005
95073,42,minibatch_k64,text_pca256_lexical_w005
95074,10,minibatch_k64,text_pca256_lexical_w005
95075,21,minibatch_k64,text_pca256_lexical_w005
95076,21,minibatch_k64,text_pca256_lexical_w005
95077,10,minibatch_k64,text_pca256_lexical_w005
95078,33,minibatch_k64,text_pca256_lexical_w005
95079,33,minibatch_k64,text_pca256_lexical_w005
95080,46,minibatch_k64,text_pca256_lexical_w005
95081,0,minibatch_k64,text_pca256_lexical_w005
95082,46,minibatch_k64,text_pca256_lexical_w005
95083,42,minibatch_k64,text_pca256_lexical_w005
95084,5,minibatch_k64,text_pca256_lexical_w005
95085,62,minibatch_k64,text_pca256_lexical_w005
95086,46,minibatch_k64,text_pca256_lexical_w005
95087,42,minibatch_k64,text_pca256_lexical_w005
95088,53,minibatch_k64,text_pca256_lexical_w005
95089,56,minibatch_k64,text_pca256_lexical_w005
95090,62,minibatch_k64,text_pca256_lexical_w005
95091,42,minibatch_k64,text_pca256_lexical_w005
95092,46,minibatch_k64,text_pca256_lexical_w005
95093,42,minibatch_k64,text_pca256_lexical_w005
95094,5,minibatch_k64,text_pca256_lexical_w005
95095,46,minibatch_k64,text_pca256_lexical_w005
95096,21,minibatch_k64,text_pca256_lexical_w005
95097,4,minibatch_k64,text_pca256_lexical_w005
95098,42,minibatch_k64,text_pca256_lexical_w005
95099,42,minibatch_k64,text_pca256_lexical_w005
95100,8,minibatch_k64,text_pca256_lexical_w005
95101,10,minibatch_k64,text_pca256_lexical_w005
95102,33,minibatch_k64,text_pca256_lexical_w005
95103,21,minibatch_k64,text_pca256_lexical_w005
95104,42,minibatch_k64,text_pca256_lexical_w005
95105,42,minibatch_k64,text_pca256_lexical_w005
95106,5,minibatch_k64,text_pca256_lexical_w005
95107,42,minibatch_k64,text_pca256_lexical_w005
95108,62,minibatch_k64,text_pca256_lexical_w005
95109,5,minibatch_k64,text_pca256_lexical_w005
95110,5,minibatch_k64,text_pca256_lexical_w005
95111,0,minibatch_k64,text_pca256_lexical_w005
95112,5,minibatch_k64,text_pca256_lexical_w005
95113,5,minibatch_k64,text_pca256_lexical_w005
95114,5,minibatch_k64,text_pca256_lexical_w005
95115,8,minibatch_k64,text_pca256_lexical_w005
95116,45,minibatch_k64,text_pca256_lexical_w005
95117,4,minibatch_k64,text_pca256_lexical_w005
95118,62,minibatch_k64,text_pca256_lexical_w005
95119,42,minibatch_k64,text_pca256_lexical_w005
95120,4,minibatch_k64,text_pca256_lexical_w005
95121,4,minibatch_k64,text_pca256_lexical_w005
95122,0,minibatch_k64,text_pca256_lexical_w005
95123,5,minibatch_k64,text_pca256_lexical_w005
95124,0,minibatch_k64,text_pca256_lexical_w005
95125,0,minibatch_k64,text_pca256_lexical_w005
95126,62,minibatch_k64,text_pca256_lexical_w005
95127,0,minibatch_k64,text_pca256_lexical_w005
95128,45,minibatch_k64,text_pca256_lexical_w005
95129,0,minibatch_k64,text_pca256_lexical_w005
95130,0,minibatch_k64,text_pca256_lexical_w005
95131,59,minibatch_k64,text_pca256_lexical_w005
95132,0,minibatch_k64,text_pca256_lexical_w005
95133,33,minibatch_k64,text_pca256_lexical_w005
95134,23,minibatch_k64,text_pca256_lexical_w005
95135,0,minibatch_k64,text_pca256_lexical_w005
95136,0,minibatch_k64,text_pca256_lexical_w005
95137,62,minibatch_k64,text_pca256_lexical_w005
95138,50,minibatch_k64,text_pca256_lexical_w005
95139,0,minibatch_k64,text_pca256_lexical_w005
95140,33,minibatch_k64,text_pca256_lexical_w005
95141,0,minibatch_k64,text_pca256_lexical_w005
95142,0,minibatch_k64,text_pca256_lexical_w005
95143,61,minibatch_k64,text_pca256_lexical_w005
95144,53,minibatch_k64,text_pca256_lexical_w005
95145,10,minibatch_k64,text_pca256_lexical_w005
95146,42,minibatch_k64,text_pca256_lexical_w005
95147,0,minibatch_k64,text_pca256_lexical_w005
95148,62,minibatch_k64,text_pca256_lexical_w005
95149,50,minibatch_k64,text_pca256_lexical_w005
95150,0,minibatch_k64,text_pca256_lexical_w005
95151,0,minibatch_k64,text_pca256_lexical_w005
95152,8,minibatch_k64,text_pca256_lexical_w005
95153,10,minibatch_k64,text_pca256_lexical_w005
95154,29,minibatch_k64,text_pca256_lexical_w005
95155,62,minibatch_k64,text_pca256_lexical_w005
95156,0,minibatch_k64,text_pca256_lexical_w005
95157,5,minibatch_k64,text_pca256_lexical_w005
95158,62,minibatch_k64,text_pca256_lexical_w005
95159,0,minibatch_k64,text_pca256_lexical_w005
95160,45,minibatch_k64,text_pca256_lexical_w005
95161,5,minibatch_k64,text_pca256_lexical_w005
95162,50,minibatch_k64,text_pca256_lexical_w005
95163,62,minibatch_k64,text_pca256_lexical_w005
95164,8,minibatch_k64,text_pca256_lexical_w005
95165,2,minibatch_k64,text_pca256_lexical_w005
95166,10,minibatch_k64,text_pca256_lexical_w005
95167,46,minibatch_k64,text_pca256_lexical_w005
95168,39,minibatch_k64,text_pca256_lexical_w005
95169,5,minibatch_k64,text_pca256_lexical_w005
95170,21,minibatch_k64,text_pca256_lexical_w005
95171,5,minibatch_k64,text_pca256_lexical_w005
95172,0,minibatch_k64,text_pca256_lexical_w005
95173,62,minibatch_k64,text_pca256_lexical_w005
95174,2,minibatch_k64,text_pca256_lexical_w005
95175,4,minibatch_k64,text_pca256_lexical_w005
95176,23,minibatch_k64,text_pca256_lexical_w005
95177,33,minibatch_k64,text_pca256_lexical_w005
95178,0,minibatch_k64,text_pca256_lexical_w005
95179,5,minibatch_k64,text_pca256_lexical_w005
95180,5,minibatch_k64,text_pca256_lexical_w005
95181,50,minibatch_k64,text_pca256_lexical_w005
95182,50,minibatch_k64,text_pca256_lexical_w005
95183,0,minibatch_k64,text_pca256_lexical_w005
95184,39,minibatch_k64,text_pca256_lexical_w005
95185,0,minibatch_k64,text_pca256_lexical_w005
95186,42,minibatch_k64,text_pca256_lexical_w005
95187,15,minibatch_k64,text_pca256_lexical_w005
95188,23,minibatch_k64,text_pca256_lexical_w005
95189,42,minibatch_k64,text_pca256_lexical_w005
95190,2,minibatch_k64,text_pca256_lexical_w005
95191,15,minibatch_k64,text_pca256_lexical_w005
95192,2,minibatch_k64,text_pca256_lexical_w005
95193,5,minibatch_k64,text_pca256_lexical_w005
95194,5,minibatch_k64,text_pca256_lexical_w005
95195,5,minibatch_k64,text_pca256_lexical_w005
95196,42,minibatch_k64,text_pca256_lexical_w005
95197,5,minibatch_k64,text_pca256_lexical_w005
95198,42,minibatch_k64,text_pca256_lexical_w005
95199,5,minibatch_k64,text_pca256_lexical_w005
95200,52,minibatch_k64,text_pca256_lexical_w005
95201,5,minibatch_k64,text_pca256_lexical_w005
95202,14,minibatch_k64,text_pca256_lexical_w005
95203,23,minibatch_k64,text_pca256_lexical_w005
95204,0,minibatch_k64,text_pca256_lexical_w005
95205,52,minibatch_k64,text_pca256_lexical_w005
95206,38,minibatch_k64,text_pca256_lexical_w005
95207,5,minibatch_k64,text_pca256_lexical_w005
95208,45,minibatch_k64,text_pca256_lexical_w005
95209,45,minibatch_k64,text_pca256_lexical_w005
95210,45,minibatch_k64,text_pca256_lexical_w005
95211,45,minibatch_k64,text_pca256_lexical_w005
95212,58,minibatch_k64,text_pca256_lexical_w005
95213,55,minibatch_k64,text_pca256_lexical_w005
95214,22,minibatch_k64,text_pca256_lexical_w005
95215,23,minibatch_k64,text_pca256_lexical_w005
95216,59,minibatch_k64,text_pca256_lexical_w005
95217,23,minibatch_k64,text_pca256_lexical_w005
95218,5,minibatch_k64,text_pca256_lexical_w005
95219,8,minibatch_k64,text_pca256_lexical_w005
95220,0,minibatch_k64,text_pca256_lexical_w005
95221,0,minibatch_k64,text_pca256_lexical_w005
95222,42,minibatch_k64,text_pca256_lexical_w005
95223,0,minibatch_k64,text_pca256_lexical_w005
95224,25,minibatch_k64,text_pca256_lexical_w005
95225,50,minibatch_k64,text_pca256_lexical_w005
95226,14,minibatch_k64,text_pca256_lexical_w005
95227,14,minibatch_k64,text_pca256_lexical_w005
95228,62,minibatch_k64,text_pca256_lexical_w005
95229,0,minibatch_k64,text_pca256_lexical_w005
95230,5,minibatch_k64,text_pca256_lexical_w005
95231,52,minibatch_k64,text_pca256_lexical_w005
95232,39,minibatch_k64,text_pca256_lexical_w005
95233,45,minibatch_k64,text_pca256_lexical_w005
95234,5,minibatch_k64,text_pca256_lexical_w005
95235,14,minibatch_k64,text_pca256_lexical_w005
95236,52,minibatch_k64,text_pca256_lexical_w005
95237,38,minibatch_k64,text_pca256_lexical_w005
95238,58,minibatch_k64,text_pca256_lexical_w005
95239,45,minibatch_k64,text_pca256_lexical_w005
95240,45,minibatch_k64,text_pca256_lexical_w005
95241,45,minibatch_k64,text_pca256_lexical_w005
95242,2,minibatch_k64,text_pca256_lexical_w005
95243,23,minibatch_k64,text_pca256_lexical_w005
95244,5,minibatch_k64,text_pca256_lexical_w005
95245,4,minibatch_k64,text_pca256_lexical_w005
95246,4,minibatch_k64,text_pca256_lexical_w005
95247,5,minibatch_k64,text_pca256_lexical_w005
95248,0,minibatch_k64,text_pca256_lexical_w005
95249,10,minibatch_k64,text_pca256_lexical_w005
95250,25,minibatch_k64,text_pca256_lexical_w005
95251,0,minibatch_k64,text_pca256_lexical_w005
95252,23,minibatch_k64,text_pca256_lexical_w005
95253,0,minibatch_k64,text_pca256_lexical_w005
95254,0,minibatch_k64,text_pca256_lexical_w005
95255,62,minibatch_k64,text_pca256_lexical_w005
95256,14,minibatch_k64,text_pca256_lexical_w005
95257,14,minibatch_k64,text_pca256_lexical_w005
95258,62,minibatch_k64,text_pca256_lexical_w005
95259,2,minibatch_k64,text_pca256_lexical_w005
95260,0,minibatch_k64,text_pca256_lexical_w005
95261,14,minibatch_k64,text_pca256_lexical_w005
95262,5,minibatch_k64,text_pca256_lexical_w005
95263,58,minibatch_k64,text_pca256_lexical_w005
95264,38,minibatch_k64,text_pca256_lexical_w005
95265,45,minibatch_k64,text_pca256_lexical_w005
95266,0,minibatch_k64,text_pca256_lexical_w005
95267,55,minibatch_k64,text_pca256_lexical_w005
95268,22,minibatch_k64,text_pca256_lexical_w005
95269,23,minibatch_k64,text_pca256_lexical_w005
95270,8,minibatch_k64,text_pca256_lexical_w005
95271,4,minibatch_k64,text_pca256_lexical_w005
95272,8,minibatch_k64,text_pca256_lexical_w005
95273,4,minibatch_k64,text_pca256_lexical_w005
95274,10,minibatch_k64,text_pca256_lexical_w005
95275,2,minibatch_k64,text_pca256_lexical_w005
95276,8,minibatch_k64,text_pca256_lexical_w005
95277,15,minibatch_k64,text_pca256_lexical_w005
95278,15,minibatch_k64,text_pca256_lexical_w005
95279,25,minibatch_k64,text_pca256_lexical_w005
95280,62,minibatch_k64,text_pca256_lexical_w005
95281,23,minibatch_k64,text_pca256_lexical_w005
95282,14,minibatch_k64,text_pca256_lexical_w005
95283,15,minibatch_k64,text_pca256_lexical_w005
95284,0,minibatch_k64,text_pca256_lexical_w005
95285,0,minibatch_k64,text_pca256_lexical_w005
95286,0,minibatch_k64,text_pca256_lexical_w005
95287,23,minibatch_k64,text_pca256_lexical_w005
95288,15,minibatch_k64,text_pca256_lexical_w005
95289,62,minibatch_k64,text_pca256_lexical_w005
95290,50,minibatch_k64,text_pca256_lexical_w005
95291,50,minibatch_k64,text_pca256_lexical_w005
95292,23,minibatch_k64,text_pca256_lexical_w005
95293,0,minibatch_k64,text_pca256_lexical_w005
95294,8,minibatch_k64,text_pca256_lexical_w005
95295,15,minibatch_k64,text_pca256_lexical_w005
95296,56,minibatch_k64,text_pca256_lexical_w005
95297,62,minibatch_k64,text_pca256_lexical_w005
95298,4,minibatch_k64,text_pca256_lexical_w005
95299,45,minibatch_k64,text_pca256_lexical_w005
95300,14,minibatch_k64,text_pca256_lexical_w005
95301,8,minibatch_k64,text_pca256_lexical_w005
95302,0,minibatch_k64,text_pca256_lexical_w005
95303,38,minibatch_k64,text_pca256_lexical_w005
95304,45,minibatch_k64,text_pca256_lexical_w005
95305,45,minibatch_k64,text_pca256_lexical_w005
95306,58,minibatch_k64,text_pca256_lexical_w005
95307,45,minibatch_k64,text_pca256_lexical_w005
95308,55,minibatch_k64,text_pca256_lexical_w005
95309,23,minibatch_k64,text_pca256_lexical_w005
95310,22,minibatch_k64,text_pca256_lexical_w005
95311,0,minibatch_k64,text_pca256_lexical_w005
95312,8,minibatch_k64,text_pca256_lexical_w005
95313,4,minibatch_k64,text_pca256_lexical_w005
95314,10,minibatch_k64,text_pca256_lexical_w005
95315,23,minibatch_k64,text_pca256_lexical_w005
95316,0,minibatch_k64,text_pca256_lexical_w005
95317,8,minibatch_k64,text_pca256_lexical_w005
95318,23,minibatch_k64,text_pca256_lexical_w005
95319,59,minibatch_k64,text_pca256_lexical_w005
95320,0,minibatch_k64,text_pca256_lexical_w005
95321,45,minibatch_k64,text_pca256_lexical_w005
95322,25,minibatch_k64,text_pca256_lexical_w005
95323,62,minibatch_k64,text_pca256_lexical_w005
95324,0,minibatch_k64,text_pca256_lexical_w005
95325,42,minibatch_k64,text_pca256_lexical_w005
95326,0,minibatch_k64,text_pca256_lexical_w005
95327,62,minibatch_k64,text_pca256_lexical_w005
95328,53,minibatch_k64,text_pca256_lexical_w005
95329,14,minibatch_k64,text_pca256_lexical_w005
95330,14,minibatch_k64,text_pca256_lexical_w005
95331,62,minibatch_k64,text_pca256_lexical_w005
95332,15,minibatch_k64,text_pca256_lexical_w005
95333,14,minibatch_k64,text_pca256_lexical_w005
95334,10,minibatch_k64,text_pca256_lexical_w005
95335,5,minibatch_k64,text_pca256_lexical_w005
95336,45,minibatch_k64,text_pca256_lexical_w005
95337,0,minibatch_k64,text_pca256_lexical_w005
95338,38,minibatch_k64,text_pca256_lexical_w005
95339,45,minibatch_k64,text_pca256_lexical_w005
95340,58,minibatch_k64,text_pca256_lexical_w005
95341,62,minibatch_k64,text_pca256_lexical_w005
95342,55,minibatch_k64,text_pca256_lexical_w005
95343,22,minibatch_k64,text_pca256_lexical_w005
95344,4,minibatch_k64,text_pca256_lexical_w005
95345,23,minibatch_k64,text_pca256_lexical_w005
95346,10,minibatch_k64,text_pca256_lexical_w005
95347,4,minibatch_k64,text_pca256_lexical_w005
95348,59,minibatch_k64,text_pca256_lexical_w005
95349,10,minibatch_k64,text_pca256_lexical_w005
95350,25,minibatch_k64,text_pca256_lexical_w005
95351,10,minibatch_k64,text_pca256_lexical_w005
95352,56,minibatch_k64,text_pca256_lexical_w005
95353,0,minibatch_k64,text_pca256_lexical_w005
95354,62,minibatch_k64,text_pca256_lexical_w005
95355,14,minibatch_k64,text_pca256_lexical_w005
95356,33,minibatch_k64,text_pca256_lexical_w005
95357,14,minibatch_k64,text_pca256_lexical_w005
95358,25,minibatch_k64,text_pca256_lexical_w005
95359,38,minibatch_k64,text_pca256_lexical_w005
95360,45,minibatch_k64,text_pca256_lexical_w005
95361,58,minibatch_k64,text_pca256_lexical_w005
95362,8,minibatch_k64,text_pca256_lexical_w005
95363,51,minibatch_k64,text_pca256_lexical_w005
95364,55,minibatch_k64,text_pca256_lexical_w005
95365,22,minibatch_k64,text_pca256_lexical_w005
95366,45,minibatch_k64,text_pca256_lexical_w005
95367,45,minibatch_k64,text_pca256_lexical_w005
95368,0,minibatch_k64,text_pca256_lexical_w005
95369,45,minibatch_k64,text_pca256_lexical_w005
95370,0,minibatch_k64,text_pca256_lexical_w005
95371,21,minibatch_k64,text_pca256_lexical_w005
95372,45,minibatch_k64,text_pca256_lexical_w005
95373,62,minibatch_k64,text_pca256_lexical_w005
95374,10,minibatch_k64,text_pca256_lexical_w005
95375,0,minibatch_k64,text_pca256_lexical_w005
95376,56,minibatch_k64,text_pca256_lexical_w005
95377,62,minibatch_k64,text_pca256_lexical_w005
95378,62,minibatch_k64,text_pca256_lexical_w005
95379,8,minibatch_k64,text_pca256_lexical_w005
95380,2,minibatch_k64,text_pca256_lexical_w005
95381,14,minibatch_k64,text_pca256_lexical_w005
95382,2,minibatch_k64,text_pca256_lexical_w005
95383,62,minibatch_k64,text_pca256_lexical_w005
95384,58,minibatch_k64,text_pca256_lexical_w005
95385,45,minibatch_k64,text_pca256_lexical_w005
95386,58,minibatch_k64,text_pca256_lexical_w005
95387,51,minibatch_k64,text_pca256_lexical_w005
95388,55,minibatch_k64,text_pca256_lexical_w005
95389,22,minibatch_k64,text_pca256_lexical_w005
95390,4,minibatch_k64,text_pca256_lexical_w005
95391,8,minibatch_k64,text_pca256_lexical_w005
95392,5,minibatch_k64,text_pca256_lexical_w005
95393,59,minibatch_k64,text_pca256_lexical_w005
95394,62,minibatch_k64,text_pca256_lexical_w005
95395,8,minibatch_k64,text_pca256_lexical_w005
95396,25,minibatch_k64,text_pca256_lexical_w005
95397,8,minibatch_k64,text_pca256_lexical_w005
95398,10,minibatch_k64,text_pca256_lexical_w005
95399,33,minibatch_k64,text_pca256_lexical_w005
95400,62,minibatch_k64,text_pca256_lexical_w005
95401,62,minibatch_k64,text_pca256_lexical_w005
95402,8,minibatch_k64,text_pca256_lexical_w005
95403,2,minibatch_k64,text_pca256_lexical_w005
95404,0,minibatch_k64,text_pca256_lexical_w005
95405,14,minibatch_k64,text_pca256_lexical_w005
95406,62,minibatch_k64,text_pca256_lexical_w005
95407,14,minibatch_k64,text_pca256_lexical_w005
95408,39,minibatch_k64,text_pca256_lexical_w005
95409,39,minibatch_k64,text_pca256_lexical_w005
95410,8,minibatch_k64,text_pca256_lexical_w005
95411,23,minibatch_k64,text_pca256_lexical_w005
95412,15,minibatch_k64,text_pca256_lexical_w005
95413,38,minibatch_k64,text_pca256_lexical_w005
95414,58,minibatch_k64,text_pca256_lexical_w005
95415,45,minibatch_k64,text_pca256_lexical_w005
95416,59,minibatch_k64,text_pca256_lexical_w005
95417,22,minibatch_k64,text_pca256_lexical_w005
95418,42,minibatch_k64,text_pca256_lexical_w005
95419,4,minibatch_k64,text_pca256_lexical_w005
95420,62,minibatch_k64,text_pca256_lexical_w005
95421,47,minibatch_k64,text_pca256_lexical_w005
95422,8,minibatch_k64,text_pca256_lexical_w005
95423,5,minibatch_k64,text_pca256_lexical_w005
95424,62,minibatch_k64,text_pca256_lexical_w005
95425,53,minibatch_k64,text_pca256_lexical_w005
95426,25,minibatch_k64,text_pca256_lexical_w005
95427,62,minibatch_k64,text_pca256_lexical_w005
95428,45,minibatch_k64,text_pca256_lexical_w005
95429,62,minibatch_k64,text_pca256_lexical_w005
95430,0,minibatch_k64,text_pca256_lexical_w005
95431,14,minibatch_k64,text_pca256_lexical_w005
95432,5,minibatch_k64,text_pca256_lexical_w005
95433,62,minibatch_k64,text_pca256_lexical_w005
95434,48,minibatch_k64,text_pca256_lexical_w005
95435,45,minibatch_k64,text_pca256_lexical_w005
95436,4,minibatch_k64,text_pca256_lexical_w005
95437,8,minibatch_k64,text_pca256_lexical_w005
95438,42,minibatch_k64,text_pca256_lexical_w005
95439,0,minibatch_k64,text_pca256_lexical_w005
95440,62,minibatch_k64,text_pca256_lexical_w005
95441,10,minibatch_k64,text_pca256_lexical_w005
95442,0,minibatch_k64,text_pca256_lexical_w005
95443,62,minibatch_k64,text_pca256_lexical_w005
95444,0,minibatch_k64,text_pca256_lexical_w005
95445,0,minibatch_k64,text_pca256_lexical_w005
95446,62,minibatch_k64,text_pca256_lexical_w005
95447,0,minibatch_k64,text_pca256_lexical_w005
95448,59,minibatch_k64,text_pca256_lexical_w005
95449,5,minibatch_k64,text_pca256_lexical_w005
95450,59,minibatch_k64,text_pca256_lexical_w005
95451,53,minibatch_k64,text_pca256_lexical_w005
95452,0,minibatch_k64,text_pca256_lexical_w005
95453,45,minibatch_k64,text_pca256_lexical_w005
95454,10,minibatch_k64,text_pca256_lexical_w005
95455,4,minibatch_k64,text_pca256_lexical_w005
95456,10,minibatch_k64,text_pca256_lexical_w005
95457,0,minibatch_k64,text_pca256_lexical_w005
95458,4,minibatch_k64,text_pca256_lexical_w005
95459,5,minibatch_k64,text_pca256_lexical_w005
95460,10,minibatch_k64,text_pca256_lexical_w005
95461,8,minibatch_k64,text_pca256_lexical_w005
95462,62,minibatch_k64,text_pca256_lexical_w005
95463,62,minibatch_k64,text_pca256_lexical_w005
95464,8,minibatch_k64,text_pca256_lexical_w005
95465,0,minibatch_k64,text_pca256_lexical_w005
95466,0,minibatch_k64,text_pca256_lexical_w005
95467,5,minibatch_k64,text_pca256_lexical_w005
95468,0,minibatch_k64,text_pca256_lexical_w005
95469,8,minibatch_k64,text_pca256_lexical_w005
95470,0,minibatch_k64,text_pca256_lexical_w005
95471,8,minibatch_k64,text_pca256_lexical_w005
95472,20,minibatch_k64,text_pca256_lexical_w005
95473,14,minibatch_k64,text_pca256_lexical_w005
95474,8,minibatch_k64,text_pca256_lexical_w005
95475,0,minibatch_k64,text_pca256_lexical_w005
95476,14,minibatch_k64,text_pca256_lexical_w005
95477,58,minibatch_k64,text_pca256_lexical_w005
95478,10,minibatch_k64,text_pca256_lexical_w005
95479,58,minibatch_k64,text_pca256_lexical_w005
95480,45,minibatch_k64,text_pca256_lexical_w005
95481,15,minibatch_k64,text_pca256_lexical_w005
95482,55,minibatch_k64,text_pca256_lexical_w005
95483,22,minibatch_k64,text_pca256_lexical_w005
95484,0,minibatch_k64,text_pca256_lexical_w005
95485,8,minibatch_k64,text_pca256_lexical_w005
95486,5,minibatch_k64,text_pca256_lexical_w005
95487,10,minibatch_k64,text_pca256_lexical_w005
95488,5,minibatch_k64,text_pca256_lexical_w005
95489,25,minibatch_k64,text_pca256_lexical_w005
95490,0,minibatch_k64,text_pca256_lexical_w005
95491,23,minibatch_k64,text_pca256_lexical_w005
95492,10,minibatch_k64,text_pca256_lexical_w005
95493,0,minibatch_k64,text_pca256_lexical_w005
95494,39,minibatch_k64,text_pca256_lexical_w005
95495,45,minibatch_k64,text_pca256_lexical_w005
95496,14,minibatch_k64,text_pca256_lexical_w005
95497,10,minibatch_k64,text_pca256_lexical_w005
95498,62,minibatch_k64,text_pca256_lexical_w005
95499,14,minibatch_k64,text_pca256_lexical_w005
95500,33,minibatch_k64,text_pca256_lexical_w005
95501,58,minibatch_k64,text_pca256_lexical_w005
95502,58,minibatch_k64,text_pca256_lexical_w005
95503,55,minibatch_k64,text_pca256_lexical_w005
95504,25,minibatch_k64,text_pca256_lexical_w005
95505,62,minibatch_k64,text_pca256_lexical_w005
95506,14,minibatch_k64,text_pca256_lexical_w005
95507,14,minibatch_k64,text_pca256_lexical_w005
95508,5,minibatch_k64,text_pca256_lexical_w005
95509,20,minibatch_k64,text_pca256_lexical_w005
95510,62,minibatch_k64,text_pca256_lexical_w005
95511,38,minibatch_k64,text_pca256_lexical_w005
95512,58,minibatch_k64,text_pca256_lexical_w005
95513,2,minibatch_k64,text_pca256_lexical_w005
95514,22,minibatch_k64,text_pca256_lexical_w005
95515,25,minibatch_k64,text_pca256_lexical_w005
95516,15,minibatch_k64,text_pca256_lexical_w005
95517,23,minibatch_k64,text_pca256_lexical_w005
95518,10,minibatch_k64,text_pca256_lexical_w005
95519,62,minibatch_k64,text_pca256_lexical_w005
95520,14,minibatch_k64,text_pca256_lexical_w005
95521,14,minibatch_k64,text_pca256_lexical_w005
95522,14,minibatch_k64,text_pca256_lexical_w005
95523,8,minibatch_k64,text_pca256_lexical_w005
95524,8,minibatch_k64,text_pca256_lexical_w005
95525,8,minibatch_k64,text_pca256_lexical_w005
95526,38,minibatch_k64,text_pca256_lexical_w005
95527,8,minibatch_k64,text_pca256_lexical_w005
95528,25,minibatch_k64,text_pca256_lexical_w005
95529,59,minibatch_k64,text_pca256_lexical_w005
95530,15,minibatch_k64,text_pca256_lexical_w005
95531,56,minibatch_k64,text_pca256_lexical_w005
95532,20,minibatch_k64,text_pca256_lexical_w005
95533,8,minibatch_k64,text_pca256_lexical_w005
95534,39,minibatch_k64,text_pca256_lexical_w005
95535,62,minibatch_k64,text_pca256_lexical_w005
95536,62,minibatch_k64,text_pca256_lexical_w005
95537,0,minibatch_k64,text_pca256_lexical_w005
95538,20,minibatch_k64,text_pca256_lexical_w005
95539,14,minibatch_k64,text_pca256_lexical_w005
95540,14,minibatch_k64,text_pca256_lexical_w005
95541,8,minibatch_k64,text_pca256_lexical_w005
95542,20,minibatch_k64,text_pca256_lexical_w005
95543,38,minibatch_k64,text_pca256_lexical_w005
95544,55,minibatch_k64,text_pca256_lexical_w005
95545,22,minibatch_k64,text_pca256_lexical_w005
95546,62,minibatch_k64,text_pca256_lexical_w005
95547,20,minibatch_k64,text_pca256_lexical_w005
95548,62,minibatch_k64,text_pca256_lexical_w005
95549,0,minibatch_k64,text_pca256_lexical_w005
95550,20,minibatch_k64,text_pca256_lexical_w005
95551,14,minibatch_k64,text_pca256_lexical_w005
95552,14,minibatch_k64,text_pca256_lexical_w005
95553,14,minibatch_k64,text_pca256_lexical_w005
95554,14,minibatch_k64,text_pca256_lexical_w005
95555,15,minibatch_k64,text_pca256_lexical_w005
95556,10,minibatch_k64,text_pca256_lexical_w005
95557,62,minibatch_k64,text_pca256_lexical_w005
95558,8,minibatch_k64,text_pca256_lexical_w005
95559,14,minibatch_k64,text_pca256_lexical_w005
95560,14,minibatch_k64,text_pca256_lexical_w005
95561,14,minibatch_k64,text_pca256_lexical_w005
95562,33,minibatch_k64,text_pca256_lexical_w005
95563,62,minibatch_k64,text_pca256_lexical_w005
95564,20,minibatch_k64,text_pca256_lexical_w005
95565,38,minibatch_k64,text_pca256_lexical_w005
95566,45,minibatch_k64,text_pca256_lexical_w005
95567,51,minibatch_k64,text_pca256_lexical_w005
95568,22,minibatch_k64,text_pca256_lexical_w005
95569,4,minibatch_k64,text_pca256_lexical_w005
95570,39,minibatch_k64,text_pca256_lexical_w005
95571,10,minibatch_k64,text_pca256_lexical_w005
95572,59,minibatch_k64,text_pca256_lexical_w005
95573,14,minibatch_k64,text_pca256_lexical_w005
95574,21,minibatch_k64,text_pca256_lexical_w005
95575,14,minibatch_k64,text_pca256_lexical_w005
95576,10,minibatch_k64,text_pca256_lexical_w005
95577,38,minibatch_k64,text_pca256_lexical_w005
95578,45,minibatch_k64,text_pca256_lexical_w005
95579,51,minibatch_k64,text_pca256_lexical_w005
95580,55,minibatch_k64,text_pca256_lexical_w005
95581,22,minibatch_k64,text_pca256_lexical_w005
95582,45,minibatch_k64,text_pca256_lexical_w005
95583,15,minibatch_k64,text_pca256_lexical_w005
95584,45,minibatch_k64,text_pca256_lexical_w005
95585,8,minibatch_k64,text_pca256_lexical_w005
95586,2,minibatch_k64,text_pca256_lexical_w005
95587,8,minibatch_k64,text_pca256_lexical_w005
95588,45,minibatch_k64,text_pca256_lexical_w005
95589,39,minibatch_k64,text_pca256_lexical_w005
95590,62,minibatch_k64,text_pca256_lexical_w005
95591,42,minibatch_k64,text_pca256_lexical_w005
95592,39,minibatch_k64,text_pca256_lexical_w005
95593,39,minibatch_k64,text_pca256_lexical_w005
95594,8,minibatch_k64,text_pca256_lexical_w005
95595,39,minibatch_k64,text_pca256_lexical_w005
95596,23,minibatch_k64,text_pca256_lexical_w005
95597,59,minibatch_k64,text_pca256_lexical_w005
95598,59,minibatch_k64,text_pca256_lexical_w005
95599,8,minibatch_k64,text_pca256_lexical_w005
95600,5,minibatch_k64,text_pca256_lexical_w005
95601,10,minibatch_k64,text_pca256_lexical_w005
95602,45,minibatch_k64,text_pca256_lexical_w005
95603,20,minibatch_k64,text_pca256_lexical_w005
95604,14,minibatch_k64,text_pca256_lexical_w005
95605,39,minibatch_k64,text_pca256_lexical_w005
95606,45,minibatch_k64,text_pca256_lexical_w005
95607,59,minibatch_k64,text_pca256_lexical_w005
95608,45,minibatch_k64,text_pca256_lexical_w005
95609,38,minibatch_k64,text_pca256_lexical_w005
95610,45,minibatch_k64,text_pca256_lexical_w005
95611,51,minibatch_k64,text_pca256_lexical_w005
95612,55,minibatch_k64,text_pca256_lexical_w005
95613,22,minibatch_k64,text_pca256_lexical_w005
95614,15,minibatch_k64,text_pca256_lexical_w005
95615,45,minibatch_k64,text_pca256_lexical_w005
95616,33,minibatch_k64,text_pca256_lexical_w005
95617,4,minibatch_k64,text_pca256_lexical_w005
95618,10,minibatch_k64,text_pca256_lexical_w005
95619,45,minibatch_k64,text_pca256_lexical_w005
95620,23,minibatch_k64,text_pca256_lexical_w005
95621,45,minibatch_k64,text_pca256_lexical_w005
95622,4,minibatch_k64,text_pca256_lexical_w005
95623,45,minibatch_k64,text_pca256_lexical_w005
95624,45,minibatch_k64,text_pca256_lexical_w005
95625,45,minibatch_k64,text_pca256_lexical_w005
95626,0,minibatch_k64,text_pca256_lexical_w005
95627,45,minibatch_k64,text_pca256_lexical_w005
95628,21,minibatch_k64,text_pca256_lexical_w005
95629,0,minibatch_k64,text_pca256_lexical_w005
95630,62,minibatch_k64,text_pca256_lexical_w005
95631,8,minibatch_k64,text_pca256_lexical_w005
95632,59,minibatch_k64,text_pca256_lexical_w005
95633,8,minibatch_k64,text_pca256_lexical_w005
95634,59,minibatch_k64,text_pca256_lexical_w005
95635,33,minibatch_k64,text_pca256_lexical_w005
95636,45,minibatch_k64,text_pca256_lexical_w005
95637,8,minibatch_k64,text_pca256_lexical_w005
95638,39,minibatch_k64,text_pca256_lexical_w005
95639,45,minibatch_k64,text_pca256_lexical_w005
95640,45,minibatch_k64,text_pca256_lexical_w005
95641,45,minibatch_k64,text_pca256_lexical_w005
95642,45,minibatch_k64,text_pca256_lexical_w005
95643,2,minibatch_k64,text_pca256_lexical_w005
95644,10,minibatch_k64,text_pca256_lexical_w005
95645,62,minibatch_k64,text_pca256_lexical_w005
95646,59,minibatch_k64,text_pca256_lexical_w005
95647,59,minibatch_k64,text_pca256_lexical_w005
95648,59,minibatch_k64,text_pca256_lexical_w005
95649,59,minibatch_k64,text_pca256_lexical_w005
95650,59,minibatch_k64,text_pca256_lexical_w005
95651,59,minibatch_k64,text_pca256_lexical_w005
95652,59,minibatch_k64,text_pca256_lexical_w005
95653,45,minibatch_k64,text_pca256_lexical_w005
95654,0,minibatch_k64,text_pca256_lexical_w005
95655,59,minibatch_k64,text_pca256_lexical_w005
95656,45,minibatch_k64,text_pca256_lexical_w005
95657,45,minibatch_k64,text_pca256_lexical_w005
95658,45,minibatch_k64,text_pca256_lexical_w005
95659,45,minibatch_k64,text_pca256_lexical_w005
95660,45,minibatch_k64,text_pca256_lexical_w005
95661,45,minibatch_k64,text_pca256_lexical_w005
95662,45,minibatch_k64,text_pca256_lexical_w005
95663,59,minibatch_k64,text_pca256_lexical_w005
95664,8,minibatch_k64,text_pca256_lexical_w005
95665,45,minibatch_k64,text_pca256_lexical_w005
95666,39,minibatch_k64,text_pca256_lexical_w005
95667,0,minibatch_k64,text_pca256_lexical_w005
95668,59,minibatch_k64,text_pca256_lexical_w005
95669,33,minibatch_k64,text_pca256_lexical_w005
95670,50,minibatch_k64,text_pca256_lexical_w005
95671,53,minibatch_k64,text_pca256_lexical_w005
95672,59,minibatch_k64,text_pca256_lexical_w005
95673,59,minibatch_k64,text_pca256_lexical_w005
95674,59,minibatch_k64,text_pca256_lexical_w005
95675,59,minibatch_k64,text_pca256_lexical_w005
95676,59,minibatch_k64,text_pca256_lexical_w005
95677,2,minibatch_k64,text_pca256_lexical_w005
95678,45,minibatch_k64,text_pca256_lexical_w005
95679,45,minibatch_k64,text_pca256_lexical_w005
95680,59,minibatch_k64,text_pca256_lexical_w005
95681,59,minibatch_k64,text_pca256_lexical_w005
95682,62,minibatch_k64,text_pca256_lexical_w005
95683,59,minibatch_k64,text_pca256_lexical_w005
95684,10,minibatch_k64,text_pca256_lexical_w005
95685,10,minibatch_k64,text_pca256_lexical_w005
95686,18,minibatch_k64,text_pca256_lexical_w005
95687,62,minibatch_k64,text_pca256_lexical_w005
95688,45,minibatch_k64,text_pca256_lexical_w005
95689,45,minibatch_k64,text_pca256_lexical_w005
95690,51,minibatch_k64,text_pca256_lexical_w005
95691,8,minibatch_k64,text_pca256_lexical_w005
95692,39,minibatch_k64,text_pca256_lexical_w005
95693,50,minibatch_k64,text_pca256_lexical_w005
95694,8,minibatch_k64,text_pca256_lexical_w005
95695,45,minibatch_k64,text_pca256_lexical_w005
95696,45,minibatch_k64,text_pca256_lexical_w005
95697,45,minibatch_k64,text_pca256_lexical_w005
95698,59,minibatch_k64,text_pca256_lexical_w005
95699,10,minibatch_k64,text_pca256_lexical_w005
95700,59,minibatch_k64,text_pca256_lexical_w005
95701,45,minibatch_k64,text_pca256_lexical_w005
95702,45,minibatch_k64,text_pca256_lexical_w005
95703,45,minibatch_k64,text_pca256_lexical_w005
95704,33,minibatch_k64,text_pca256_lexical_w005
95705,39,minibatch_k64,text_pca256_lexical_w005
95706,59,minibatch_k64,text_pca256_lexical_w005
95707,0,minibatch_k64,text_pca256_lexical_w005
95708,45,minibatch_k64,text_pca256_lexical_w005
95709,59,minibatch_k64,text_pca256_lexical_w005
95710,59,minibatch_k64,text_pca256_lexical_w005
95711,2,minibatch_k64,text_pca256_lexical_w005
95712,15,minibatch_k64,text_pca256_lexical_w005
95713,59,minibatch_k64,text_pca256_lexical_w005
95714,59,minibatch_k64,text_pca256_lexical_w005
95715,53,minibatch_k64,text_pca256_lexical_w005
95716,59,minibatch_k64,text_pca256_lexical_w005
95717,10,minibatch_k64,text_pca256_lexical_w005
95718,59,minibatch_k64,text_pca256_lexical_w005
95719,8,minibatch_k64,text_pca256_lexical_w005
95720,33,minibatch_k64,text_pca256_lexical_w005
95721,59,minibatch_k64,text_pca256_lexical_w005
95722,8,minibatch_k64,text_pca256_lexical_w005
95723,59,minibatch_k64,text_pca256_lexical_w005
95724,59,minibatch_k64,text_pca256_lexical_w005
95725,39,minibatch_k64,text_pca256_lexical_w005
95726,59,minibatch_k64,text_pca256_lexical_w005
95727,59,minibatch_k64,text_pca256_lexical_w005
95728,45,minibatch_k64,text_pca256_lexical_w005
95729,59,minibatch_k64,text_pca256_lexical_w005
95730,45,minibatch_k64,text_pca256_lexical_w005
95731,45,minibatch_k64,text_pca256_lexical_w005
95732,45,minibatch_k64,text_pca256_lexical_w005
95733,48,minibatch_k64,text_pca256_lexical_w005
95734,39,minibatch_k64,text_pca256_lexical_w005
95735,10,minibatch_k64,text_pca256_lexical_w005
95736,8,minibatch_k64,text_pca256_lexical_w005
95737,45,minibatch_k64,text_pca256_lexical_w005
95738,59,minibatch_k64,text_pca256_lexical_w005
95739,59,minibatch_k64,text_pca256_lexical_w005
95740,33,minibatch_k64,text_pca256_lexical_w005
95741,45,minibatch_k64,text_pca256_lexical_w005
95742,15,minibatch_k64,text_pca256_lexical_w005
95743,10,minibatch_k64,text_pca256_lexical_w005
95744,0,minibatch_k64,text_pca256_lexical_w005
95745,10,minibatch_k64,text_pca256_lexical_w005
95746,45,minibatch_k64,text_pca256_lexical_w005
95747,2,minibatch_k64,text_pca256_lexical_w005
95748,42,minibatch_k64,text_pca256_lexical_w005
95749,10,minibatch_k64,text_pca256_lexical_w005
95750,0,minibatch_k64,text_pca256_lexical_w005
95751,59,minibatch_k64,text_pca256_lexical_w005
95752,59,minibatch_k64,text_pca256_lexical_w005
95753,33,minibatch_k64,text_pca256_lexical_w005
95754,2,minibatch_k64,text_pca256_lexical_w005
95755,8,minibatch_k64,text_pca256_lexical_w005
95756,59,minibatch_k64,text_pca256_lexical_w005
95757,59,minibatch_k64,text_pca256_lexical_w005
95758,2,minibatch_k64,text_pca256_lexical_w005
95759,10,minibatch_k64,text_pca256_lexical_w005
95760,53,minibatch_k64,text_pca256_lexical_w005
95761,2,minibatch_k64,text_pca256_lexical_w005
95762,15,minibatch_k64,text_pca256_lexical_w005
95763,10,minibatch_k64,text_pca256_lexical_w005
95764,59,minibatch_k64,text_pca256_lexical_w005
95765,10,minibatch_k64,text_pca256_lexical_w005
95766,10,minibatch_k64,text_pca256_lexical_w005
95767,0,minibatch_k64,text_pca256_lexical_w005
95768,62,minibatch_k64,text_pca256_lexical_w005
95769,62,minibatch_k64,text_pca256_lexical_w005
95770,2,minibatch_k64,text_pca256_lexical_w005
95771,33,minibatch_k64,text_pca256_lexical_w005
95772,10,minibatch_k64,text_pca256_lexical_w005
95773,59,minibatch_k64,text_pca256_lexical_w005
95774,21,minibatch_k64,text_pca256_lexical_w005
95775,33,minibatch_k64,text_pca256_lexical_w005
95776,59,minibatch_k64,text_pca256_lexical_w005
95777,59,minibatch_k64,text_pca256_lexical_w005
95778,42,minibatch_k64,text_pca256_lexical_w005
95779,59,minibatch_k64,text_pca256_lexical_w005
95780,2,minibatch_k64,text_pca256_lexical_w005
95781,59,minibatch_k64,text_pca256_lexical_w005
95782,10,minibatch_k64,text_pca256_lexical_w005
95783,8,minibatch_k64,text_pca256_lexical_w005
95784,2,minibatch_k64,text_pca256_lexical_w005
95785,2,minibatch_k64,text_pca256_lexical_w005
95786,62,minibatch_k64,text_pca256_lexical_w005
95787,48,minibatch_k64,text_pca256_lexical_w005
95788,21,minibatch_k64,text_pca256_lexical_w005
95789,15,minibatch_k64,text_pca256_lexical_w005
95790,62,minibatch_k64,text_pca256_lexical_w005
95791,59,minibatch_k64,text_pca256_lexical_w005
95792,59,minibatch_k64,text_pca256_lexical_w005
95793,33,minibatch_k64,text_pca256_lexical_w005
95794,59,minibatch_k64,text_pca256_lexical_w005
95795,59,minibatch_k64,text_pca256_lexical_w005
95796,10,minibatch_k64,text_pca256_lexical_w005
95797,10,minibatch_k64,text_pca256_lexical_w005
95798,33,minibatch_k64,text_pca256_lexical_w005
95799,39,minibatch_k64,text_pca256_lexical_w005
95800,10,minibatch_k64,text_pca256_lexical_w005
95801,2,minibatch_k64,text_pca256_lexical_w005
95802,59,minibatch_k64,text_pca256_lexical_w005
95803,10,minibatch_k64,text_pca256_lexical_w005
95804,10,minibatch_k64,text_pca256_lexical_w005
95805,10,minibatch_k64,text_pca256_lexical_w005
95806,59,minibatch_k64,text_pca256_lexical_w005
95807,59,minibatch_k64,text_pca256_lexical_w005
95808,8,minibatch_k64,text_pca256_lexical_w005
95809,6,minibatch_k64,text_pca256_lexical_w005
95810,48,minibatch_k64,text_pca256_lexical_w005
95811,59,minibatch_k64,text_pca256_lexical_w005
95812,10,minibatch_k64,text_pca256_lexical_w005
95813,21,minibatch_k64,text_pca256_lexical_w005
95814,0,minibatch_k64,text_pca256_lexical_w005
95815,10,minibatch_k64,text_pca256_lexical_w005
95816,10,minibatch_k64,text_pca256_lexical_w005
95817,10,minibatch_k64,text_pca256_lexical_w005
95818,45,minibatch_k64,text_pca256_lexical_w005
95819,45,minibatch_k64,text_pca256_lexical_w005
95820,62,minibatch_k64,text_pca256_lexical_w005
95821,59,minibatch_k64,text_pca256_lexical_w005
95822,59,minibatch_k64,text_pca256_lexical_w005
95823,7,minibatch_k64,text_pca256_lexical_w005
95824,62,minibatch_k64,text_pca256_lexical_w005
95825,62,minibatch_k64,text_pca256_lexical_w005
95826,10,minibatch_k64,text_pca256_lexical_w005
95827,59,minibatch_k64,text_pca256_lexical_w005
95828,62,minibatch_k64,text_pca256_lexical_w005
95829,10,minibatch_k64,text_pca256_lexical_w005
95830,6,minibatch_k64,text_pca256_lexical_w005
95831,59,minibatch_k64,text_pca256_lexical_w005
95832,10,minibatch_k64,text_pca256_lexical_w005
95833,59,minibatch_k64,text_pca256_lexical_w005
95834,10,minibatch_k64,text_pca256_lexical_w005
95835,10,minibatch_k64,text_pca256_lexical_w005
95836,15,minibatch_k64,text_pca256_lexical_w005
95837,15,minibatch_k64,text_pca256_lexical_w005
95838,45,minibatch_k64,text_pca256_lexical_w005
95839,8,minibatch_k64,text_pca256_lexical_w005
95840,42,minibatch_k64,text_pca256_lexical_w005
95841,42,minibatch_k64,text_pca256_lexical_w005
95842,39,minibatch_k64,text_pca256_lexical_w005
95843,10,minibatch_k64,text_pca256_lexical_w005
95844,15,minibatch_k64,text_pca256_lexical_w005
95845,59,minibatch_k64,text_pca256_lexical_w005
95846,10,minibatch_k64,text_pca256_lexical_w005
95847,39,minibatch_k64,text_pca256_lexical_w005
95848,39,minibatch_k64,text_pca256_lexical_w005
95849,10,minibatch_k64,text_pca256_lexical_w005
95850,59,minibatch_k64,text_pca256_lexical_w005
95851,59,minibatch_k64,text_pca256_lexical_w005
95852,39,minibatch_k64,text_pca256_lexical_w005
95853,59,minibatch_k64,text_pca256_lexical_w005
95854,5,minibatch_k64,text_pca256_lexical_w005
95855,10,minibatch_k64,text_pca256_lexical_w005
95856,10,minibatch_k64,text_pca256_lexical_w005
95857,15,minibatch_k64,text_pca256_lexical_w005
95858,23,minibatch_k64,text_pca256_lexical_w005
95859,59,minibatch_k64,text_pca256_lexical_w005
95860,59,minibatch_k64,text_pca256_lexical_w005
95861,42,minibatch_k64,text_pca256_lexical_w005
95862,23,minibatch_k64,text_pca256_lexical_w005
95863,59,minibatch_k64,text_pca256_lexical_w005
95864,59,minibatch_k64,text_pca256_lexical_w005
95865,42,minibatch_k64,text_pca256_lexical_w005
95866,59,minibatch_k64,text_pca256_lexical_w005
95867,59,minibatch_k64,text_pca256_lexical_w005
95868,23,minibatch_k64,text_pca256_lexical_w005
95869,39,minibatch_k64,text_pca256_lexical_w005
95870,59,minibatch_k64,text_pca256_lexical_w005
95871,33,minibatch_k64,text_pca256_lexical_w005
95872,59,minibatch_k64,text_pca256_lexical_w005
95873,45,minibatch_k64,text_pca256_lexical_w005
95874,59,minibatch_k64,text_pca256_lexical_w005
95875,48,minibatch_k64,text_pca256_lexical_w005
95876,53,minibatch_k64,text_pca256_lexical_w005
95877,59,minibatch_k64,text_pca256_lexical_w005
95878,59,minibatch_k64,text_pca256_lexical_w005
95879,59,minibatch_k64,text_pca256_lexical_w005
95880,59,minibatch_k64,text_pca256_lexical_w005
95881,59,minibatch_k64,text_pca256_lexical_w005
95882,59,minibatch_k64,text_pca256_lexical_w005
95883,59,minibatch_k64,text_pca256_lexical_w005
95884,33,minibatch_k64,text_pca256_lexical_w005
95885,62,minibatch_k64,text_pca256_lexical_w005
95886,39,minibatch_k64,text_pca256_lexical_w005
95887,62,minibatch_k64,text_pca256_lexical_w005
95888,42,minibatch_k64,text_pca256_lexical_w005
95889,10,minibatch_k64,text_pca256_lexical_w005
95890,8,minibatch_k64,text_pca256_lexical_w005
95891,62,minibatch_k64,text_pca256_lexical_w005
95892,10,minibatch_k64,text_pca256_lexical_w005
95893,59,minibatch_k64,text_pca256_lexical_w005
95894,10,minibatch_k64,text_pca256_lexical_w005
95895,0,minibatch_k64,text_pca256_lexical_w005
95896,0,minibatch_k64,text_pca256_lexical_w005
95897,46,minibatch_k64,text_pca256_lexical_w005
95898,42,minibatch_k64,text_pca256_lexical_w005
95899,46,minibatch_k64,text_pca256_lexical_w005
95900,46,minibatch_k64,text_pca256_lexical_w005
95901,62,minibatch_k64,text_pca256_lexical_w005
95902,46,minibatch_k64,text_pca256_lexical_w005
95903,5,minibatch_k64,text_pca256_lexical_w005
95904,42,minibatch_k64,text_pca256_lexical_w005
95905,0,minibatch_k64,text_pca256_lexical_w005
95906,5,minibatch_k64,text_pca256_lexical_w005
95907,42,minibatch_k64,text_pca256_lexical_w005
95908,21,minibatch_k64,text_pca256_lexical_w005
95909,21,minibatch_k64,text_pca256_lexical_w005
95910,0,minibatch_k64,text_pca256_lexical_w005
95911,33,minibatch_k64,text_pca256_lexical_w005
95912,33,minibatch_k64,text_pca256_lexical_w005
95913,33,minibatch_k64,text_pca256_lexical_w005
95914,0,minibatch_k64,text_pca256_lexical_w005
95915,33,minibatch_k64,text_pca256_lexical_w005
95916,33,minibatch_k64,text_pca256_lexical_w005
95917,8,minibatch_k64,text_pca256_lexical_w005
95918,42,minibatch_k64,text_pca256_lexical_w005
95919,33,minibatch_k64,text_pca256_lexical_w005
95920,33,minibatch_k64,text_pca256_lexical_w005
95921,62,minibatch_k64,text_pca256_lexical_w005
95922,2,minibatch_k64,text_pca256_lexical_w005
95923,42,minibatch_k64,text_pca256_lexical_w005
95924,5,minibatch_k64,text_pca256_lexical_w005
95925,46,minibatch_k64,text_pca256_lexical_w005
95926,46,minibatch_k64,text_pca256_lexical_w005
95927,5,minibatch_k64,text_pca256_lexical_w005
95928,42,minibatch_k64,text_pca256_lexical_w005
95929,46,minibatch_k64,text_pca256_lexical_w005
95930,10,minibatch_k64,text_pca256_lexical_w005
95931,10,minibatch_k64,text_pca256_lexical_w005
95932,33,minibatch_k64,text_pca256_lexical_w005
95933,0,minibatch_k64,text_pca256_lexical_w005
95934,15,minibatch_k64,text_pca256_lexical_w005
95935,56,minibatch_k64,text_pca256_lexical_w005
95936,33,minibatch_k64,text_pca256_lexical_w005
95937,46,minibatch_k64,text_pca256_lexical_w005
95938,46,minibatch_k64,text_pca256_lexical_w005
95939,42,minibatch_k64,text_pca256_lexical_w005
95940,5,minibatch_k64,text_pca256_lexical_w005
95941,21,minibatch_k64,text_pca256_lexical_w005
95942,21,minibatch_k64,text_pca256_lexical_w005
95943,33,minibatch_k64,text_pca256_lexical_w005
95944,53,minibatch_k64,text_pca256_lexical_w005
95945,56,minibatch_k64,text_pca256_lexical_w005
95946,62,minibatch_k64,text_pca256_lexical_w005
95947,62,minibatch_k64,text_pca256_lexical_w005
95948,62,minibatch_k64,text_pca256_lexical_w005
95949,50,minibatch_k64,text_pca256_lexical_w005
95950,5,minibatch_k64,text_pca256_lexical_w005
95951,45,minibatch_k64,text_pca256_lexical_w005
95952,21,minibatch_k64,text_pca256_lexical_w005
95953,4,minibatch_k64,text_pca256_lexical_w005
95954,5,minibatch_k64,text_pca256_lexical_w005
95955,0,minibatch_k64,text_pca256_lexical_w005
95956,62,minibatch_k64,text_pca256_lexical_w005
95957,62,minibatch_k64,text_pca256_lexical_w005
95958,8,minibatch_k64,text_pca256_lexical_w005
95959,62,minibatch_k64,text_pca256_lexical_w005
95960,21,minibatch_k64,text_pca256_lexical_w005
95961,8,minibatch_k64,text_pca256_lexical_w005
95962,62,minibatch_k64,text_pca256_lexical_w005
95963,21,minibatch_k64,text_pca256_lexical_w005
95964,0,minibatch_k64,text_pca256_lexical_w005
95965,47,minibatch_k64,text_pca256_lexical_w005
95966,8,minibatch_k64,text_pca256_lexical_w005
95967,47,minibatch_k64,text_pca256_lexical_w005
95968,0,minibatch_k64,text_pca256_lexical_w005
95969,21,minibatch_k64,text_pca256_lexical_w005
95970,5,minibatch_k64,text_pca256_lexical_w005
95971,23,minibatch_k64,text_pca256_lexical_w005
95972,10,minibatch_k64,text_pca256_lexical_w005
95973,15,minibatch_k64,text_pca256_lexical_w005
95974,0,minibatch_k64,text_pca256_lexical_w005
95975,5,minibatch_k64,text_pca256_lexical_w005
95976,45,minibatch_k64,text_pca256_lexical_w005
95977,42,minibatch_k64,text_pca256_lexical_w005
95978,5,minibatch_k64,text_pca256_lexical_w005
95979,8,minibatch_k64,text_pca256_lexical_w005
95980,47,minibatch_k64,text_pca256_lexical_w005
95981,8,minibatch_k64,text_pca256_lexical_w005
95982,62,minibatch_k64,text_pca256_lexical_w005
95983,39,minibatch_k64,text_pca256_lexical_w005
95984,15,minibatch_k64,text_pca256_lexical_w005
95985,0,minibatch_k64,text_pca256_lexical_w005
95986,62,minibatch_k64,text_pca256_lexical_w005
95987,50,minibatch_k64,text_pca256_lexical_w005
95988,50,minibatch_k64,text_pca256_lexical_w005
95989,59,minibatch_k64,text_pca256_lexical_w005
95990,5,minibatch_k64,text_pca256_lexical_w005
95991,5,minibatch_k64,text_pca256_lexical_w005
95992,52,minibatch_k64,text_pca256_lexical_w005
95993,5,minibatch_k64,text_pca256_lexical_w005
95994,53,minibatch_k64,text_pca256_lexical_w005
95995,0,minibatch_k64,text_pca256_lexical_w005
95996,8,minibatch_k64,text_pca256_lexical_w005
95997,39,minibatch_k64,text_pca256_lexical_w005
95998,15,minibatch_k64,text_pca256_lexical_w005
95999,10,minibatch_k64,text_pca256_lexical_w005
96000,8,minibatch_k64,text_pca256_lexical_w005
96001,0,minibatch_k64,text_pca256_lexical_w005
96002,58,minibatch_k64,text_pca256_lexical_w005
96003,38,minibatch_k64,text_pca256_lexical_w005
96004,0,minibatch_k64,text_pca256_lexical_w005
96005,8,minibatch_k64,text_pca256_lexical_w005
96006,45,minibatch_k64,text_pca256_lexical_w005
96007,23,minibatch_k64,text_pca256_lexical_w005
96008,15,minibatch_k64,text_pca256_lexical_w005
96009,13,minibatch_k64,text_pca256_lexical_w005
96010,23,minibatch_k64,text_pca256_lexical_w005
96011,52,minibatch_k64,text_pca256_lexical_w005
96012,21,minibatch_k64,text_pca256_lexical_w005
96013,8,minibatch_k64,text_pca256_lexical_w005
96014,4,minibatch_k64,text_pca256_lexical_w005
96015,0,minibatch_k64,text_pca256_lexical_w005
96016,8,minibatch_k64,text_pca256_lexical_w005
96017,5,minibatch_k64,text_pca256_lexical_w005
96018,0,minibatch_k64,text_pca256_lexical_w005
96019,53,minibatch_k64,text_pca256_lexical_w005
96020,21,minibatch_k64,text_pca256_lexical_w005
96021,21,minibatch_k64,text_pca256_lexical_w005
96022,8,minibatch_k64,text_pca256_lexical_w005
96023,8,minibatch_k64,text_pca256_lexical_w005
96024,52,minibatch_k64,text_pca256_lexical_w005
96025,8,minibatch_k64,text_pca256_lexical_w005
96026,25,minibatch_k64,text_pca256_lexical_w005
96027,5,minibatch_k64,text_pca256_lexical_w005
96028,0,minibatch_k64,text_pca256_lexical_w005
96029,39,minibatch_k64,text_pca256_lexical_w005
96030,8,minibatch_k64,text_pca256_lexical_w005
96031,15,minibatch_k64,text_pca256_lexical_w005
96032,8,minibatch_k64,text_pca256_lexical_w005
96033,8,minibatch_k64,text_pca256_lexical_w005
96034,0,minibatch_k64,text_pca256_lexical_w005
96035,42,minibatch_k64,text_pca256_lexical_w005
96036,62,minibatch_k64,text_pca256_lexical_w005
96037,21,minibatch_k64,text_pca256_lexical_w005
96038,0,minibatch_k64,text_pca256_lexical_w005
96039,14,minibatch_k64,text_pca256_lexical_w005
96040,10,minibatch_k64,text_pca256_lexical_w005
96041,8,minibatch_k64,text_pca256_lexical_w005
96042,8,minibatch_k64,text_pca256_lexical_w005
96043,0,minibatch_k64,text_pca256_lexical_w005
96044,61,minibatch_k64,text_pca256_lexical_w005
96045,21,minibatch_k64,text_pca256_lexical_w005
96046,0,minibatch_k64,text_pca256_lexical_w005
96047,5,minibatch_k64,text_pca256_lexical_w005
96048,0,minibatch_k64,text_pca256_lexical_w005
96049,47,minibatch_k64,text_pca256_lexical_w005
96050,52,minibatch_k64,text_pca256_lexical_w005
96051,39,minibatch_k64,text_pca256_lexical_w005
96052,0,minibatch_k64,text_pca256_lexical_w005
96053,38,minibatch_k64,text_pca256_lexical_w005
96054,58,minibatch_k64,text_pca256_lexical_w005
96055,45,minibatch_k64,text_pca256_lexical_w005
96056,55,minibatch_k64,text_pca256_lexical_w005
96057,52,minibatch_k64,text_pca256_lexical_w005
96058,4,minibatch_k64,text_pca256_lexical_w005
96059,8,minibatch_k64,text_pca256_lexical_w005
96060,61,minibatch_k64,text_pca256_lexical_w005
96061,61,minibatch_k64,text_pca256_lexical_w005
96062,61,minibatch_k64,text_pca256_lexical_w005
96063,0,minibatch_k64,text_pca256_lexical_w005
96064,21,minibatch_k64,text_pca256_lexical_w005
96065,61,minibatch_k64,text_pca256_lexical_w005
96066,5,minibatch_k64,text_pca256_lexical_w005
96067,50,minibatch_k64,text_pca256_lexical_w005
96068,61,minibatch_k64,text_pca256_lexical_w005
96069,39,minibatch_k64,text_pca256_lexical_w005
96070,23,minibatch_k64,text_pca256_lexical_w005
96071,45,minibatch_k64,text_pca256_lexical_w005
96072,21,minibatch_k64,text_pca256_lexical_w005
96073,33,minibatch_k64,text_pca256_lexical_w005
96074,25,minibatch_k64,text_pca256_lexical_w005
96075,61,minibatch_k64,text_pca256_lexical_w005
96076,39,minibatch_k64,text_pca256_lexical_w005
96077,50,minibatch_k64,text_pca256_lexical_w005
96078,5,minibatch_k64,text_pca256_lexical_w005
96079,61,minibatch_k64,text_pca256_lexical_w005
96080,39,minibatch_k64,text_pca256_lexical_w005
96081,61,minibatch_k64,text_pca256_lexical_w005
96082,23,minibatch_k64,text_pca256_lexical_w005
96083,39,minibatch_k64,text_pca256_lexical_w005
96084,0,minibatch_k64,text_pca256_lexical_w005
96085,61,minibatch_k64,text_pca256_lexical_w005
96086,61,minibatch_k64,text_pca256_lexical_w005
96087,61,minibatch_k64,text_pca256_lexical_w005
96088,0,minibatch_k64,text_pca256_lexical_w005
96089,39,minibatch_k64,text_pca256_lexical_w005
96090,62,minibatch_k64,text_pca256_lexical_w005
96091,10,minibatch_k64,text_pca256_lexical_w005
96092,10,minibatch_k64,text_pca256_lexical_w005
96093,0,minibatch_k64,text_pca256_lexical_w005
96094,61,minibatch_k64,text_pca256_lexical_w005
96095,61,minibatch_k64,text_pca256_lexical_w005
96096,2,minibatch_k64,text_pca256_lexical_w005
96097,39,minibatch_k64,text_pca256_lexical_w005
96098,61,minibatch_k64,text_pca256_lexical_w005
96099,0,minibatch_k64,text_pca256_lexical_w005
96100,61,minibatch_k64,text_pca256_lexical_w005
96101,61,minibatch_k64,text_pca256_lexical_w005
96102,0,minibatch_k64,text_pca256_lexical_w005
96103,61,minibatch_k64,text_pca256_lexical_w005
96104,33,minibatch_k64,text_pca256_lexical_w005
96105,39,minibatch_k64,text_pca256_lexical_w005
96106,42,minibatch_k64,text_pca256_lexical_w005
96107,50,minibatch_k64,text_pca256_lexical_w005
96108,61,minibatch_k64,text_pca256_lexical_w005
96109,61,minibatch_k64,text_pca256_lexical_w005
96110,61,minibatch_k64,text_pca256_lexical_w005
96111,23,minibatch_k64,text_pca256_lexical_w005
96112,8,minibatch_k64,text_pca256_lexical_w005
96113,39,minibatch_k64,text_pca256_lexical_w005
96114,8,minibatch_k64,text_pca256_lexical_w005
96115,0,minibatch_k64,text_pca256_lexical_w005
96116,61,minibatch_k64,text_pca256_lexical_w005
96117,33,minibatch_k64,text_pca256_lexical_w005
96118,0,minibatch_k64,text_pca256_lexical_w005
96119,61,minibatch_k64,text_pca256_lexical_w005
96120,0,minibatch_k64,text_pca256_lexical_w005
96121,50,minibatch_k64,text_pca256_lexical_w005
96122,61,minibatch_k64,text_pca256_lexical_w005
96123,61,minibatch_k64,text_pca256_lexical_w005
96124,61,minibatch_k64,text_pca256_lexical_w005
96125,61,minibatch_k64,text_pca256_lexical_w005
96126,39,minibatch_k64,text_pca256_lexical_w005
96127,0,minibatch_k64,text_pca256_lexical_w005
96128,15,minibatch_k64,text_pca256_lexical_w005
96129,8,minibatch_k64,text_pca256_lexical_w005
96130,50,minibatch_k64,text_pca256_lexical_w005
96131,21,minibatch_k64,text_pca256_lexical_w005
96132,39,minibatch_k64,text_pca256_lexical_w005
96133,61,minibatch_k64,text_pca256_lexical_w005
96134,23,minibatch_k64,text_pca256_lexical_w005
96135,33,minibatch_k64,text_pca256_lexical_w005
96136,61,minibatch_k64,text_pca256_lexical_w005
96137,62,minibatch_k64,text_pca256_lexical_w005
96138,50,minibatch_k64,text_pca256_lexical_w005
96139,15,minibatch_k64,text_pca256_lexical_w005
96140,62,minibatch_k64,text_pca256_lexical_w005
96141,62,minibatch_k64,text_pca256_lexical_w005
96142,5,minibatch_k64,text_pca256_lexical_w005
96143,8,minibatch_k64,text_pca256_lexical_w005
96144,5,minibatch_k64,text_pca256_lexical_w005
96145,39,minibatch_k64,text_pca256_lexical_w005
96146,5,minibatch_k64,text_pca256_lexical_w005
96147,5,minibatch_k64,text_pca256_lexical_w005
96148,50,minibatch_k64,text_pca256_lexical_w005
96149,8,minibatch_k64,text_pca256_lexical_w005
96150,8,minibatch_k64,text_pca256_lexical_w005
96151,8,minibatch_k64,text_pca256_lexical_w005
96152,5,minibatch_k64,text_pca256_lexical_w005
96153,5,minibatch_k64,text_pca256_lexical_w005
96154,0,minibatch_k64,text_pca256_lexical_w005
96155,33,minibatch_k64,text_pca256_lexical_w005
96156,5,minibatch_k64,text_pca256_lexical_w005
96157,38,minibatch_k64,text_pca256_lexical_w005
96158,58,minibatch_k64,text_pca256_lexical_w005
96159,23,minibatch_k64,text_pca256_lexical_w005
96160,55,minibatch_k64,text_pca256_lexical_w005
96161,0,minibatch_k64,text_pca256_lexical_w005
96162,5,minibatch_k64,text_pca256_lexical_w005
96163,39,minibatch_k64,text_pca256_lexical_w005
96164,10,minibatch_k64,text_pca256_lexical_w005
96165,23,minibatch_k64,text_pca256_lexical_w005
96166,0,minibatch_k64,text_pca256_lexical_w005
96167,39,minibatch_k64,text_pca256_lexical_w005
96168,21,minibatch_k64,text_pca256_lexical_w005
96169,10,minibatch_k64,text_pca256_lexical_w005
96170,39,minibatch_k64,text_pca256_lexical_w005
96171,39,minibatch_k64,text_pca256_lexical_w005
96172,39,minibatch_k64,text_pca256_lexical_w005
96173,0,minibatch_k64,text_pca256_lexical_w005
96174,25,minibatch_k64,text_pca256_lexical_w005
96175,0,minibatch_k64,text_pca256_lexical_w005
96176,8,minibatch_k64,text_pca256_lexical_w005
96177,0,minibatch_k64,text_pca256_lexical_w005
96178,0,minibatch_k64,text_pca256_lexical_w005
96179,8,minibatch_k64,text_pca256_lexical_w005
96180,10,minibatch_k64,text_pca256_lexical_w005
96181,39,minibatch_k64,text_pca256_lexical_w005
96182,8,minibatch_k64,text_pca256_lexical_w005
96183,39,minibatch_k64,text_pca256_lexical_w005
96184,62,minibatch_k64,text_pca256_lexical_w005
96185,39,minibatch_k64,text_pca256_lexical_w005
96186,21,minibatch_k64,text_pca256_lexical_w005
96187,59,minibatch_k64,text_pca256_lexical_w005
96188,8,minibatch_k64,text_pca256_lexical_w005
96189,39,minibatch_k64,text_pca256_lexical_w005
96190,21,minibatch_k64,text_pca256_lexical_w005
96191,50,minibatch_k64,text_pca256_lexical_w005
96192,39,minibatch_k64,text_pca256_lexical_w005
96193,0,minibatch_k64,text_pca256_lexical_w005
96194,15,minibatch_k64,text_pca256_lexical_w005
96195,39,minibatch_k64,text_pca256_lexical_w005
96196,62,minibatch_k64,text_pca256_lexical_w005
96197,62,minibatch_k64,text_pca256_lexical_w005
96198,39,minibatch_k64,text_pca256_lexical_w005
96199,0,minibatch_k64,text_pca256_lexical_w005
96200,39,minibatch_k64,text_pca256_lexical_w005
96201,39,minibatch_k64,text_pca256_lexical_w005
96202,39,minibatch_k64,text_pca256_lexical_w005
96203,62,minibatch_k64,text_pca256_lexical_w005
96204,8,minibatch_k64,text_pca256_lexical_w005
96205,38,minibatch_k64,text_pca256_lexical_w005
96206,50,minibatch_k64,text_pca256_lexical_w005
96207,58,minibatch_k64,text_pca256_lexical_w005
96208,55,minibatch_k64,text_pca256_lexical_w005
96209,8,minibatch_k64,text_pca256_lexical_w005
96210,23,minibatch_k64,text_pca256_lexical_w005
96211,13,minibatch_k64,text_pca256_lexical_w005
96212,33,minibatch_k64,text_pca256_lexical_w005
96213,0,minibatch_k64,text_pca256_lexical_w005
96214,0,minibatch_k64,text_pca256_lexical_w005
96215,42,minibatch_k64,text_pca256_lexical_w005
96216,25,minibatch_k64,text_pca256_lexical_w005
96217,39,minibatch_k64,text_pca256_lexical_w005
96218,59,minibatch_k64,text_pca256_lexical_w005
96219,45,minibatch_k64,text_pca256_lexical_w005
96220,39,minibatch_k64,text_pca256_lexical_w005
96221,0,minibatch_k64,text_pca256_lexical_w005
96222,56,minibatch_k64,text_pca256_lexical_w005
96223,39,minibatch_k64,text_pca256_lexical_w005
96224,8,minibatch_k64,text_pca256_lexical_w005
96225,8,minibatch_k64,text_pca256_lexical_w005
96226,62,minibatch_k64,text_pca256_lexical_w005
96227,8,minibatch_k64,text_pca256_lexical_w005
96228,8,minibatch_k64,text_pca256_lexical_w005
96229,33,minibatch_k64,text_pca256_lexical_w005
96230,39,minibatch_k64,text_pca256_lexical_w005
96231,39,minibatch_k64,text_pca256_lexical_w005
96232,10,minibatch_k64,text_pca256_lexical_w005
96233,0,minibatch_k64,text_pca256_lexical_w005
96234,15,minibatch_k64,text_pca256_lexical_w005
96235,4,minibatch_k64,text_pca256_lexical_w005
96236,0,minibatch_k64,text_pca256_lexical_w005
96237,0,minibatch_k64,text_pca256_lexical_w005
96238,10,minibatch_k64,text_pca256_lexical_w005
96239,39,minibatch_k64,text_pca256_lexical_w005
96240,0,minibatch_k64,text_pca256_lexical_w005
96241,21,minibatch_k64,text_pca256_lexical_w005
96242,5,minibatch_k64,text_pca256_lexical_w005
96243,21,minibatch_k64,text_pca256_lexical_w005
96244,33,minibatch_k64,text_pca256_lexical_w005
96245,39,minibatch_k64,text_pca256_lexical_w005
96246,8,minibatch_k64,text_pca256_lexical_w005
96247,58,minibatch_k64,text_pca256_lexical_w005
96248,58,minibatch_k64,text_pca256_lexical_w005
96249,23,minibatch_k64,text_pca256_lexical_w005
96250,55,minibatch_k64,text_pca256_lexical_w005
96251,10,minibatch_k64,text_pca256_lexical_w005
96252,13,minibatch_k64,text_pca256_lexical_w005
96253,4,minibatch_k64,text_pca256_lexical_w005
96254,15,minibatch_k64,text_pca256_lexical_w005
96255,62,minibatch_k64,text_pca256_lexical_w005
96256,33,minibatch_k64,text_pca256_lexical_w005
96257,8,minibatch_k64,text_pca256_lexical_w005
96258,33,minibatch_k64,text_pca256_lexical_w005
96259,4,minibatch_k64,text_pca256_lexical_w005
96260,62,minibatch_k64,text_pca256_lexical_w005
96261,0,minibatch_k64,text_pca256_lexical_w005
96262,33,minibatch_k64,text_pca256_lexical_w005
96263,33,minibatch_k64,text_pca256_lexical_w005
96264,33,minibatch_k64,text_pca256_lexical_w005
96265,8,minibatch_k64,text_pca256_lexical_w005
96266,45,minibatch_k64,text_pca256_lexical_w005
96267,8,minibatch_k64,text_pca256_lexical_w005
96268,25,minibatch_k64,text_pca256_lexical_w005
96269,0,minibatch_k64,text_pca256_lexical_w005
96270,0,minibatch_k64,text_pca256_lexical_w005
96271,5,minibatch_k64,text_pca256_lexical_w005
96272,8,minibatch_k64,text_pca256_lexical_w005
96273,21,minibatch_k64,text_pca256_lexical_w005
96274,62,minibatch_k64,text_pca256_lexical_w005
96275,8,minibatch_k64,text_pca256_lexical_w005
96276,62,minibatch_k64,text_pca256_lexical_w005
96277,62,minibatch_k64,text_pca256_lexical_w005
96278,62,minibatch_k64,text_pca256_lexical_w005
96279,0,minibatch_k64,text_pca256_lexical_w005
96280,23,minibatch_k64,text_pca256_lexical_w005
96281,39,minibatch_k64,text_pca256_lexical_w005
96282,62,minibatch_k64,text_pca256_lexical_w005
96283,62,minibatch_k64,text_pca256_lexical_w005
96284,21,minibatch_k64,text_pca256_lexical_w005
96285,45,minibatch_k64,text_pca256_lexical_w005
96286,15,minibatch_k64,text_pca256_lexical_w005
96287,5,minibatch_k64,text_pca256_lexical_w005
96288,45,minibatch_k64,text_pca256_lexical_w005
96289,58,minibatch_k64,text_pca256_lexical_w005
96290,58,minibatch_k64,text_pca256_lexical_w005
96291,45,minibatch_k64,text_pca256_lexical_w005
96292,45,minibatch_k64,text_pca256_lexical_w005
96293,45,minibatch_k64,text_pca256_lexical_w005
96294,55,minibatch_k64,text_pca256_lexical_w005
96295,22,minibatch_k64,text_pca256_lexical_w005
96296,21,minibatch_k64,text_pca256_lexical_w005
96297,0,minibatch_k64,text_pca256_lexical_w005
96298,62,minibatch_k64,text_pca256_lexical_w005
96299,62,minibatch_k64,text_pca256_lexical_w005
96300,59,minibatch_k64,text_pca256_lexical_w005
96301,33,minibatch_k64,text_pca256_lexical_w005
96302,25,minibatch_k64,text_pca256_lexical_w005
96303,10,minibatch_k64,text_pca256_lexical_w005
96304,0,minibatch_k64,text_pca256_lexical_w005
96305,15,minibatch_k64,text_pca256_lexical_w005
96306,45,minibatch_k64,text_pca256_lexical_w005
96307,0,minibatch_k64,text_pca256_lexical_w005
96308,23,minibatch_k64,text_pca256_lexical_w005
96309,62,minibatch_k64,text_pca256_lexical_w005
96310,0,minibatch_k64,text_pca256_lexical_w005
96311,62,minibatch_k64,text_pca256_lexical_w005
96312,8,minibatch_k64,text_pca256_lexical_w005
96313,21,minibatch_k64,text_pca256_lexical_w005
96314,42,minibatch_k64,text_pca256_lexical_w005
96315,0,minibatch_k64,text_pca256_lexical_w005
96316,33,minibatch_k64,text_pca256_lexical_w005
96317,15,minibatch_k64,text_pca256_lexical_w005
96318,0,minibatch_k64,text_pca256_lexical_w005
96319,62,minibatch_k64,text_pca256_lexical_w005
96320,62,minibatch_k64,text_pca256_lexical_w005
96321,45,minibatch_k64,text_pca256_lexical_w005
96322,45,minibatch_k64,text_pca256_lexical_w005
96323,0,minibatch_k64,text_pca256_lexical_w005
96324,0,minibatch_k64,text_pca256_lexical_w005
96325,50,minibatch_k64,text_pca256_lexical_w005
96326,62,minibatch_k64,text_pca256_lexical_w005
96327,0,minibatch_k64,text_pca256_lexical_w005
96328,0,minibatch_k64,text_pca256_lexical_w005
96329,45,minibatch_k64,text_pca256_lexical_w005
96330,8,minibatch_k64,text_pca256_lexical_w005
96331,58,minibatch_k64,text_pca256_lexical_w005
96332,45,minibatch_k64,text_pca256_lexical_w005
96333,21,minibatch_k64,text_pca256_lexical_w005
96334,45,minibatch_k64,text_pca256_lexical_w005
96335,55,minibatch_k64,text_pca256_lexical_w005
96336,22,minibatch_k64,text_pca256_lexical_w005
96337,45,minibatch_k64,text_pca256_lexical_w005
96338,23,minibatch_k64,text_pca256_lexical_w005
96339,0,minibatch_k64,text_pca256_lexical_w005
96340,59,minibatch_k64,text_pca256_lexical_w005
96341,21,minibatch_k64,text_pca256_lexical_w005
96342,0,minibatch_k64,text_pca256_lexical_w005
96343,8,minibatch_k64,text_pca256_lexical_w005
96344,21,minibatch_k64,text_pca256_lexical_w005
96345,8,minibatch_k64,text_pca256_lexical_w005
96346,25,minibatch_k64,text_pca256_lexical_w005
96347,8,minibatch_k64,text_pca256_lexical_w005
96348,39,minibatch_k64,text_pca256_lexical_w005
96349,2,minibatch_k64,text_pca256_lexical_w005
96350,5,minibatch_k64,text_pca256_lexical_w005
96351,5,minibatch_k64,text_pca256_lexical_w005
96352,8,minibatch_k64,text_pca256_lexical_w005
96353,39,minibatch_k64,text_pca256_lexical_w005
96354,8,minibatch_k64,text_pca256_lexical_w005
96355,15,minibatch_k64,text_pca256_lexical_w005
96356,0,minibatch_k64,text_pca256_lexical_w005
96357,39,minibatch_k64,text_pca256_lexical_w005
96358,8,minibatch_k64,text_pca256_lexical_w005
96359,62,minibatch_k64,text_pca256_lexical_w005
96360,42,minibatch_k64,text_pca256_lexical_w005
96361,45,minibatch_k64,text_pca256_lexical_w005
96362,0,minibatch_k64,text_pca256_lexical_w005
96363,45,minibatch_k64,text_pca256_lexical_w005
96364,45,minibatch_k64,text_pca256_lexical_w005
96365,45,minibatch_k64,text_pca256_lexical_w005
96366,21,minibatch_k64,text_pca256_lexical_w005
96367,0,minibatch_k64,text_pca256_lexical_w005
96368,62,minibatch_k64,text_pca256_lexical_w005
96369,23,minibatch_k64,text_pca256_lexical_w005
96370,8,minibatch_k64,text_pca256_lexical_w005
96371,8,minibatch_k64,text_pca256_lexical_w005
96372,38,minibatch_k64,text_pca256_lexical_w005
96373,58,minibatch_k64,text_pca256_lexical_w005
96374,45,minibatch_k64,text_pca256_lexical_w005
96375,55,minibatch_k64,text_pca256_lexical_w005
96376,13,minibatch_k64,text_pca256_lexical_w005
96377,21,minibatch_k64,text_pca256_lexical_w005
96378,8,minibatch_k64,text_pca256_lexical_w005
96379,8,minibatch_k64,text_pca256_lexical_w005
96380,8,minibatch_k64,text_pca256_lexical_w005
96381,8,minibatch_k64,text_pca256_lexical_w005
96382,25,minibatch_k64,text_pca256_lexical_w005
96383,8,minibatch_k64,text_pca256_lexical_w005
96384,8,minibatch_k64,text_pca256_lexical_w005
96385,8,minibatch_k64,text_pca256_lexical_w005
96386,8,minibatch_k64,text_pca256_lexical_w005
96387,62,minibatch_k64,text_pca256_lexical_w005
96388,23,minibatch_k64,text_pca256_lexical_w005
96389,8,minibatch_k64,text_pca256_lexical_w005
96390,39,minibatch_k64,text_pca256_lexical_w005
96391,62,minibatch_k64,text_pca256_lexical_w005
96392,8,minibatch_k64,text_pca256_lexical_w005
96393,45,minibatch_k64,text_pca256_lexical_w005
96394,45,minibatch_k64,text_pca256_lexical_w005
96395,0,minibatch_k64,text_pca256_lexical_w005
96396,0,minibatch_k64,text_pca256_lexical_w005
96397,45,minibatch_k64,text_pca256_lexical_w005
96398,62,minibatch_k64,text_pca256_lexical_w005
96399,45,minibatch_k64,text_pca256_lexical_w005
96400,4,minibatch_k64,text_pca256_lexical_w005
96401,4,minibatch_k64,text_pca256_lexical_w005
96402,45,minibatch_k64,text_pca256_lexical_w005
96403,45,minibatch_k64,text_pca256_lexical_w005
96404,5,minibatch_k64,text_pca256_lexical_w005
96405,45,minibatch_k64,text_pca256_lexical_w005
96406,0,minibatch_k64,text_pca256_lexical_w005
96407,0,minibatch_k64,text_pca256_lexical_w005
96408,15,minibatch_k64,text_pca256_lexical_w005
96409,39,minibatch_k64,text_pca256_lexical_w005
96410,8,minibatch_k64,text_pca256_lexical_w005
96411,23,minibatch_k64,text_pca256_lexical_w005
96412,0,minibatch_k64,text_pca256_lexical_w005
96413,39,minibatch_k64,text_pca256_lexical_w005
96414,0,minibatch_k64,text_pca256_lexical_w005
96415,45,minibatch_k64,text_pca256_lexical_w005
96416,45,minibatch_k64,text_pca256_lexical_w005
96417,53,minibatch_k64,text_pca256_lexical_w005
96418,45,minibatch_k64,text_pca256_lexical_w005
96419,0,minibatch_k64,text_pca256_lexical_w005
96420,45,minibatch_k64,text_pca256_lexical_w005
96421,15,minibatch_k64,text_pca256_lexical_w005
96422,0,minibatch_k64,text_pca256_lexical_w005
96423,39,minibatch_k64,text_pca256_lexical_w005
96424,0,minibatch_k64,text_pca256_lexical_w005
96425,8,minibatch_k64,text_pca256_lexical_w005
96426,0,minibatch_k64,text_pca256_lexical_w005
96427,62,minibatch_k64,text_pca256_lexical_w005
96428,39,minibatch_k64,text_pca256_lexical_w005
96429,0,minibatch_k64,text_pca256_lexical_w005
96430,39,minibatch_k64,text_pca256_lexical_w005
96431,8,minibatch_k64,text_pca256_lexical_w005
96432,20,minibatch_k64,text_pca256_lexical_w005
96433,62,minibatch_k64,text_pca256_lexical_w005
96434,15,minibatch_k64,text_pca256_lexical_w005
96435,58,minibatch_k64,text_pca256_lexical_w005
96436,58,minibatch_k64,text_pca256_lexical_w005
96437,55,minibatch_k64,text_pca256_lexical_w005
96438,63,minibatch_k64,text_pca256_lexical_w005
96439,8,minibatch_k64,text_pca256_lexical_w005
96440,59,minibatch_k64,text_pca256_lexical_w005
96441,39,minibatch_k64,text_pca256_lexical_w005
96442,56,minibatch_k64,text_pca256_lexical_w005
96443,39,minibatch_k64,text_pca256_lexical_w005
96444,8,minibatch_k64,text_pca256_lexical_w005
96445,8,minibatch_k64,text_pca256_lexical_w005
96446,25,minibatch_k64,text_pca256_lexical_w005
96447,50,minibatch_k64,text_pca256_lexical_w005
96448,5,minibatch_k64,text_pca256_lexical_w005
96449,39,minibatch_k64,text_pca256_lexical_w005
96450,8,minibatch_k64,text_pca256_lexical_w005
96451,39,minibatch_k64,text_pca256_lexical_w005
96452,8,minibatch_k64,text_pca256_lexical_w005
96453,62,minibatch_k64,text_pca256_lexical_w005
96454,62,minibatch_k64,text_pca256_lexical_w005
96455,62,minibatch_k64,text_pca256_lexical_w005
96456,33,minibatch_k64,text_pca256_lexical_w005
96457,58,minibatch_k64,text_pca256_lexical_w005
96458,58,minibatch_k64,text_pca256_lexical_w005
96459,55,minibatch_k64,text_pca256_lexical_w005
96460,22,minibatch_k64,text_pca256_lexical_w005
96461,25,minibatch_k64,text_pca256_lexical_w005
96462,62,minibatch_k64,text_pca256_lexical_w005
96463,39,minibatch_k64,text_pca256_lexical_w005
96464,56,minibatch_k64,text_pca256_lexical_w005
96465,33,minibatch_k64,text_pca256_lexical_w005
96466,62,minibatch_k64,text_pca256_lexical_w005
96467,39,minibatch_k64,text_pca256_lexical_w005
96468,62,minibatch_k64,text_pca256_lexical_w005
96469,8,minibatch_k64,text_pca256_lexical_w005
96470,62,minibatch_k64,text_pca256_lexical_w005
96471,8,minibatch_k64,text_pca256_lexical_w005
96472,58,minibatch_k64,text_pca256_lexical_w005
96473,0,minibatch_k64,text_pca256_lexical_w005
96474,55,minibatch_k64,text_pca256_lexical_w005
96475,13,minibatch_k64,text_pca256_lexical_w005
96476,50,minibatch_k64,text_pca256_lexical_w005
96477,25,minibatch_k64,text_pca256_lexical_w005
96478,50,minibatch_k64,text_pca256_lexical_w005
96479,10,minibatch_k64,text_pca256_lexical_w005
96480,33,minibatch_k64,text_pca256_lexical_w005
96481,0,minibatch_k64,text_pca256_lexical_w005
96482,0,minibatch_k64,text_pca256_lexical_w005
96483,21,minibatch_k64,text_pca256_lexical_w005
96484,15,minibatch_k64,text_pca256_lexical_w005
96485,0,minibatch_k64,text_pca256_lexical_w005
96486,2,minibatch_k64,text_pca256_lexical_w005
96487,36,minibatch_k64,text_pca256_lexical_w005
96488,33,minibatch_k64,text_pca256_lexical_w005
96489,62,minibatch_k64,text_pca256_lexical_w005
96490,8,minibatch_k64,text_pca256_lexical_w005
96491,25,minibatch_k64,text_pca256_lexical_w005
96492,50,minibatch_k64,text_pca256_lexical_w005
96493,20,minibatch_k64,text_pca256_lexical_w005
96494,0,minibatch_k64,text_pca256_lexical_w005
96495,8,minibatch_k64,text_pca256_lexical_w005
96496,0,minibatch_k64,text_pca256_lexical_w005
96497,8,minibatch_k64,text_pca256_lexical_w005
96498,21,minibatch_k64,text_pca256_lexical_w005
96499,38,minibatch_k64,text_pca256_lexical_w005
96500,36,minibatch_k64,text_pca256_lexical_w005
96501,50,minibatch_k64,text_pca256_lexical_w005
96502,55,minibatch_k64,text_pca256_lexical_w005
96503,22,minibatch_k64,text_pca256_lexical_w005
96504,25,minibatch_k64,text_pca256_lexical_w005
96505,62,minibatch_k64,text_pca256_lexical_w005
96506,8,minibatch_k64,text_pca256_lexical_w005
96507,0,minibatch_k64,text_pca256_lexical_w005
96508,2,minibatch_k64,text_pca256_lexical_w005
96509,8,minibatch_k64,text_pca256_lexical_w005
96510,8,minibatch_k64,text_pca256_lexical_w005
96511,50,minibatch_k64,text_pca256_lexical_w005
96512,0,minibatch_k64,text_pca256_lexical_w005
96513,8,minibatch_k64,text_pca256_lexical_w005
96514,33,minibatch_k64,text_pca256_lexical_w005
96515,38,minibatch_k64,text_pca256_lexical_w005
96516,15,minibatch_k64,text_pca256_lexical_w005
96517,36,minibatch_k64,text_pca256_lexical_w005
96518,50,minibatch_k64,text_pca256_lexical_w005
96519,55,minibatch_k64,text_pca256_lexical_w005
96520,22,minibatch_k64,text_pca256_lexical_w005
96521,15,minibatch_k64,text_pca256_lexical_w005
96522,10,minibatch_k64,text_pca256_lexical_w005
96523,25,minibatch_k64,text_pca256_lexical_w005
96524,50,minibatch_k64,text_pca256_lexical_w005
96525,0,minibatch_k64,text_pca256_lexical_w005
96526,45,minibatch_k64,text_pca256_lexical_w005
96527,4,minibatch_k64,text_pca256_lexical_w005
96528,33,minibatch_k64,text_pca256_lexical_w005
96529,8,minibatch_k64,text_pca256_lexical_w005
96530,42,minibatch_k64,text_pca256_lexical_w005
96531,0,minibatch_k64,text_pca256_lexical_w005
96532,8,minibatch_k64,text_pca256_lexical_w005
96533,42,minibatch_k64,text_pca256_lexical_w005
96534,33,minibatch_k64,text_pca256_lexical_w005
96535,8,minibatch_k64,text_pca256_lexical_w005
96536,23,minibatch_k64,text_pca256_lexical_w005
96537,21,minibatch_k64,text_pca256_lexical_w005
96538,15,minibatch_k64,text_pca256_lexical_w005
96539,0,minibatch_k64,text_pca256_lexical_w005
96540,23,minibatch_k64,text_pca256_lexical_w005
96541,23,minibatch_k64,text_pca256_lexical_w005
96542,62,minibatch_k64,text_pca256_lexical_w005
96543,23,minibatch_k64,text_pca256_lexical_w005
96544,21,minibatch_k64,text_pca256_lexical_w005
96545,33,minibatch_k64,text_pca256_lexical_w005
96546,15,minibatch_k64,text_pca256_lexical_w005
96547,0,minibatch_k64,text_pca256_lexical_w005
96548,53,minibatch_k64,text_pca256_lexical_w005
96549,15,minibatch_k64,text_pca256_lexical_w005
96550,45,minibatch_k64,text_pca256_lexical_w005
96551,45,minibatch_k64,text_pca256_lexical_w005
96552,0,minibatch_k64,text_pca256_lexical_w005
96553,2,minibatch_k64,text_pca256_lexical_w005
96554,62,minibatch_k64,text_pca256_lexical_w005
96555,4,minibatch_k64,text_pca256_lexical_w005
96556,62,minibatch_k64,text_pca256_lexical_w005
96557,0,minibatch_k64,text_pca256_lexical_w005
96558,2,minibatch_k64,text_pca256_lexical_w005
96559,0,minibatch_k64,text_pca256_lexical_w005
96560,59,minibatch_k64,text_pca256_lexical_w005
96561,0,minibatch_k64,text_pca256_lexical_w005
96562,33,minibatch_k64,text_pca256_lexical_w005
96563,0,minibatch_k64,text_pca256_lexical_w005
96564,62,minibatch_k64,text_pca256_lexical_w005
96565,50,minibatch_k64,text_pca256_lexical_w005
96566,2,minibatch_k64,text_pca256_lexical_w005
96567,0,minibatch_k64,text_pca256_lexical_w005
96568,0,minibatch_k64,text_pca256_lexical_w005
96569,18,minibatch_k64,text_pca256_lexical_w005
96570,0,minibatch_k64,text_pca256_lexical_w005
96571,45,minibatch_k64,text_pca256_lexical_w005
96572,45,minibatch_k64,text_pca256_lexical_w005
96573,45,minibatch_k64,text_pca256_lexical_w005
96574,45,minibatch_k64,text_pca256_lexical_w005
96575,45,minibatch_k64,text_pca256_lexical_w005
96576,45,minibatch_k64,text_pca256_lexical_w005
96577,45,minibatch_k64,text_pca256_lexical_w005
96578,45,minibatch_k64,text_pca256_lexical_w005
96579,45,minibatch_k64,text_pca256_lexical_w005
96580,45,minibatch_k64,text_pca256_lexical_w005
96581,45,minibatch_k64,text_pca256_lexical_w005
96582,45,minibatch_k64,text_pca256_lexical_w005
96583,62,minibatch_k64,text_pca256_lexical_w005
96584,45,minibatch_k64,text_pca256_lexical_w005
96585,45,minibatch_k64,text_pca256_lexical_w005
96586,38,minibatch_k64,text_pca256_lexical_w005
96587,45,minibatch_k64,text_pca256_lexical_w005
96588,45,minibatch_k64,text_pca256_lexical_w005
96589,55,minibatch_k64,text_pca256_lexical_w005
96590,63,minibatch_k64,text_pca256_lexical_w005
96591,45,minibatch_k64,text_pca256_lexical_w005
96592,45,minibatch_k64,text_pca256_lexical_w005
96593,45,minibatch_k64,text_pca256_lexical_w005
96594,2,minibatch_k64,text_pca256_lexical_w005
96595,45,minibatch_k64,text_pca256_lexical_w005
96596,62,minibatch_k64,text_pca256_lexical_w005
96597,59,minibatch_k64,text_pca256_lexical_w005
96598,59,minibatch_k64,text_pca256_lexical_w005
96599,0,minibatch_k64,text_pca256_lexical_w005
96600,45,minibatch_k64,text_pca256_lexical_w005
96601,0,minibatch_k64,text_pca256_lexical_w005
96602,25,minibatch_k64,text_pca256_lexical_w005
96603,15,minibatch_k64,text_pca256_lexical_w005
96604,10,minibatch_k64,text_pca256_lexical_w005
96605,8,minibatch_k64,text_pca256_lexical_w005
96606,0,minibatch_k64,text_pca256_lexical_w005
96607,0,minibatch_k64,text_pca256_lexical_w005
96608,2,minibatch_k64,text_pca256_lexical_w005
96609,10,minibatch_k64,text_pca256_lexical_w005
96610,62,minibatch_k64,text_pca256_lexical_w005
96611,15,minibatch_k64,text_pca256_lexical_w005
96612,15,minibatch_k64,text_pca256_lexical_w005
96613,8,minibatch_k64,text_pca256_lexical_w005
96614,50,minibatch_k64,text_pca256_lexical_w005
96615,0,minibatch_k64,text_pca256_lexical_w005
96616,8,minibatch_k64,text_pca256_lexical_w005
96617,15,minibatch_k64,text_pca256_lexical_w005
96618,45,minibatch_k64,text_pca256_lexical_w005
96619,62,minibatch_k64,text_pca256_lexical_w005
96620,62,minibatch_k64,text_pca256_lexical_w005
96621,45,minibatch_k64,text_pca256_lexical_w005
96622,45,minibatch_k64,text_pca256_lexical_w005
96623,21,minibatch_k64,text_pca256_lexical_w005
96624,45,minibatch_k64,text_pca256_lexical_w005
96625,45,minibatch_k64,text_pca256_lexical_w005
96626,45,minibatch_k64,text_pca256_lexical_w005
96627,62,minibatch_k64,text_pca256_lexical_w005
96628,50,minibatch_k64,text_pca256_lexical_w005
96629,0,minibatch_k64,text_pca256_lexical_w005
96630,45,minibatch_k64,text_pca256_lexical_w005
96631,62,minibatch_k64,text_pca256_lexical_w005
96632,45,minibatch_k64,text_pca256_lexical_w005
96633,45,minibatch_k64,text_pca256_lexical_w005
96634,45,minibatch_k64,text_pca256_lexical_w005
96635,23,minibatch_k64,text_pca256_lexical_w005
96636,15,minibatch_k64,text_pca256_lexical_w005
96637,45,minibatch_k64,text_pca256_lexical_w005
96638,59,minibatch_k64,text_pca256_lexical_w005
96639,10,minibatch_k64,text_pca256_lexical_w005
96640,50,minibatch_k64,text_pca256_lexical_w005
96641,45,minibatch_k64,text_pca256_lexical_w005
96642,8,minibatch_k64,text_pca256_lexical_w005
96643,62,minibatch_k64,text_pca256_lexical_w005
96644,8,minibatch_k64,text_pca256_lexical_w005
96645,0,minibatch_k64,text_pca256_lexical_w005
96646,45,minibatch_k64,text_pca256_lexical_w005
96647,59,minibatch_k64,text_pca256_lexical_w005
96648,45,minibatch_k64,text_pca256_lexical_w005
96649,10,minibatch_k64,text_pca256_lexical_w005
96650,0,minibatch_k64,text_pca256_lexical_w005
96651,59,minibatch_k64,text_pca256_lexical_w005
96652,45,minibatch_k64,text_pca256_lexical_w005
96653,45,minibatch_k64,text_pca256_lexical_w005
96654,62,minibatch_k64,text_pca256_lexical_w005
96655,45,minibatch_k64,text_pca256_lexical_w005
96656,45,minibatch_k64,text_pca256_lexical_w005
96657,45,minibatch_k64,text_pca256_lexical_w005
96658,45,minibatch_k64,text_pca256_lexical_w005
96659,45,minibatch_k64,text_pca256_lexical_w005
96660,45,minibatch_k64,text_pca256_lexical_w005
96661,45,minibatch_k64,text_pca256_lexical_w005
96662,45,minibatch_k64,text_pca256_lexical_w005
96663,45,minibatch_k64,text_pca256_lexical_w005
96664,10,minibatch_k64,text_pca256_lexical_w005
96665,45,minibatch_k64,text_pca256_lexical_w005
96666,45,minibatch_k64,text_pca256_lexical_w005
96667,8,minibatch_k64,text_pca256_lexical_w005
96668,45,minibatch_k64,text_pca256_lexical_w005
96669,45,minibatch_k64,text_pca256_lexical_w005
96670,15,minibatch_k64,text_pca256_lexical_w005
96671,45,minibatch_k64,text_pca256_lexical_w005
96672,45,minibatch_k64,text_pca256_lexical_w005
96673,15,minibatch_k64,text_pca256_lexical_w005
96674,45,minibatch_k64,text_pca256_lexical_w005
96675,45,minibatch_k64,text_pca256_lexical_w005
96676,38,minibatch_k64,text_pca256_lexical_w005
96677,45,minibatch_k64,text_pca256_lexical_w005
96678,45,minibatch_k64,text_pca256_lexical_w005
96679,45,minibatch_k64,text_pca256_lexical_w005
96680,36,minibatch_k64,text_pca256_lexical_w005
96681,50,minibatch_k64,text_pca256_lexical_w005
96682,55,minibatch_k64,text_pca256_lexical_w005
96683,22,minibatch_k64,text_pca256_lexical_w005
96684,45,minibatch_k64,text_pca256_lexical_w005
96685,45,minibatch_k64,text_pca256_lexical_w005
96686,45,minibatch_k64,text_pca256_lexical_w005
96687,45,minibatch_k64,text_pca256_lexical_w005
96688,45,minibatch_k64,text_pca256_lexical_w005
96689,45,minibatch_k64,text_pca256_lexical_w005
96690,45,minibatch_k64,text_pca256_lexical_w005
96691,45,minibatch_k64,text_pca256_lexical_w005
96692,45,minibatch_k64,text_pca256_lexical_w005
96693,45,minibatch_k64,text_pca256_lexical_w005
96694,45,minibatch_k64,text_pca256_lexical_w005
96695,45,minibatch_k64,text_pca256_lexical_w005
96696,45,minibatch_k64,text_pca256_lexical_w005
96697,45,minibatch_k64,text_pca256_lexical_w005
96698,59,minibatch_k64,text_pca256_lexical_w005
96699,8,minibatch_k64,text_pca256_lexical_w005
96700,62,minibatch_k64,text_pca256_lexical_w005
96701,0,minibatch_k64,text_pca256_lexical_w005
96702,62,minibatch_k64,text_pca256_lexical_w005
96703,59,minibatch_k64,text_pca256_lexical_w005
96704,59,minibatch_k64,text_pca256_lexical_w005
96705,45,minibatch_k64,text_pca256_lexical_w005
96706,0,minibatch_k64,text_pca256_lexical_w005
96707,10,minibatch_k64,text_pca256_lexical_w005
96708,62,minibatch_k64,text_pca256_lexical_w005
96709,25,minibatch_k64,text_pca256_lexical_w005
96710,10,minibatch_k64,text_pca256_lexical_w005
96711,45,minibatch_k64,text_pca256_lexical_w005
96712,2,minibatch_k64,text_pca256_lexical_w005
96713,2,minibatch_k64,text_pca256_lexical_w005
96714,45,minibatch_k64,text_pca256_lexical_w005
96715,59,minibatch_k64,text_pca256_lexical_w005
96716,59,minibatch_k64,text_pca256_lexical_w005
96717,45,minibatch_k64,text_pca256_lexical_w005
96718,23,minibatch_k64,text_pca256_lexical_w005
96719,59,minibatch_k64,text_pca256_lexical_w005
96720,59,minibatch_k64,text_pca256_lexical_w005
96721,42,minibatch_k64,text_pca256_lexical_w005
96722,62,minibatch_k64,text_pca256_lexical_w005
96723,59,minibatch_k64,text_pca256_lexical_w005
96724,23,minibatch_k64,text_pca256_lexical_w005
96725,62,minibatch_k64,text_pca256_lexical_w005
96726,59,minibatch_k64,text_pca256_lexical_w005
96727,59,minibatch_k64,text_pca256_lexical_w005
96728,59,minibatch_k64,text_pca256_lexical_w005
96729,2,minibatch_k64,text_pca256_lexical_w005
96730,8,minibatch_k64,text_pca256_lexical_w005
96731,33,minibatch_k64,text_pca256_lexical_w005
96732,45,minibatch_k64,text_pca256_lexical_w005
96733,2,minibatch_k64,text_pca256_lexical_w005
96734,62,minibatch_k64,text_pca256_lexical_w005
96735,10,minibatch_k64,text_pca256_lexical_w005
96736,2,minibatch_k64,text_pca256_lexical_w005
96737,53,minibatch_k64,text_pca256_lexical_w005
96738,45,minibatch_k64,text_pca256_lexical_w005
96739,10,minibatch_k64,text_pca256_lexical_w005
96740,2,minibatch_k64,text_pca256_lexical_w005
96741,45,minibatch_k64,text_pca256_lexical_w005
96742,59,minibatch_k64,text_pca256_lexical_w005
96743,10,minibatch_k64,text_pca256_lexical_w005
96744,0,minibatch_k64,text_pca256_lexical_w005
96745,45,minibatch_k64,text_pca256_lexical_w005
96746,10,minibatch_k64,text_pca256_lexical_w005
96747,45,minibatch_k64,text_pca256_lexical_w005
96748,0,minibatch_k64,text_pca256_lexical_w005
96749,2,minibatch_k64,text_pca256_lexical_w005
96750,45,minibatch_k64,text_pca256_lexical_w005
96751,8,minibatch_k64,text_pca256_lexical_w005
96752,45,minibatch_k64,text_pca256_lexical_w005
96753,45,minibatch_k64,text_pca256_lexical_w005
96754,45,minibatch_k64,text_pca256_lexical_w005
96755,45,minibatch_k64,text_pca256_lexical_w005
96756,59,minibatch_k64,text_pca256_lexical_w005
96757,45,minibatch_k64,text_pca256_lexical_w005
96758,45,minibatch_k64,text_pca256_lexical_w005
96759,45,minibatch_k64,text_pca256_lexical_w005
96760,39,minibatch_k64,text_pca256_lexical_w005
96761,45,minibatch_k64,text_pca256_lexical_w005
96762,45,minibatch_k64,text_pca256_lexical_w005
96763,62,minibatch_k64,text_pca256_lexical_w005
96764,45,minibatch_k64,text_pca256_lexical_w005
96765,45,minibatch_k64,text_pca256_lexical_w005
96766,62,minibatch_k64,text_pca256_lexical_w005
96767,45,minibatch_k64,text_pca256_lexical_w005
96768,23,minibatch_k64,text_pca256_lexical_w005
96769,45,minibatch_k64,text_pca256_lexical_w005
96770,45,minibatch_k64,text_pca256_lexical_w005
96771,45,minibatch_k64,text_pca256_lexical_w005
96772,45,minibatch_k64,text_pca256_lexical_w005
96773,45,minibatch_k64,text_pca256_lexical_w005
96774,45,minibatch_k64,text_pca256_lexical_w005
96775,59,minibatch_k64,text_pca256_lexical_w005
96776,45,minibatch_k64,text_pca256_lexical_w005
96777,45,minibatch_k64,text_pca256_lexical_w005
96778,45,minibatch_k64,text_pca256_lexical_w005
96779,0,minibatch_k64,text_pca256_lexical_w005
96780,39,minibatch_k64,text_pca256_lexical_w005
96781,45,minibatch_k64,text_pca256_lexical_w005
96782,45,minibatch_k64,text_pca256_lexical_w005
96783,23,minibatch_k64,text_pca256_lexical_w005
96784,0,minibatch_k64,text_pca256_lexical_w005
96785,8,minibatch_k64,text_pca256_lexical_w005
96786,12,minibatch_k64,text_pca256_lexical_w005
96787,38,minibatch_k64,text_pca256_lexical_w005
96788,15,minibatch_k64,text_pca256_lexical_w005
96789,36,minibatch_k64,text_pca256_lexical_w005
96790,55,minibatch_k64,text_pca256_lexical_w005
96791,50,minibatch_k64,text_pca256_lexical_w005
96792,25,minibatch_k64,text_pca256_lexical_w005
96793,13,minibatch_k64,text_pca256_lexical_w005
96794,8,minibatch_k64,text_pca256_lexical_w005
96795,33,minibatch_k64,text_pca256_lexical_w005
96796,10,minibatch_k64,text_pca256_lexical_w005
96797,0,minibatch_k64,text_pca256_lexical_w005
96798,59,minibatch_k64,text_pca256_lexical_w005
96799,2,minibatch_k64,text_pca256_lexical_w005
96800,45,minibatch_k64,text_pca256_lexical_w005
96801,10,minibatch_k64,text_pca256_lexical_w005
96802,45,minibatch_k64,text_pca256_lexical_w005
96803,59,minibatch_k64,text_pca256_lexical_w005
96804,45,minibatch_k64,text_pca256_lexical_w005
96805,10,minibatch_k64,text_pca256_lexical_w005
96806,62,minibatch_k64,text_pca256_lexical_w005
96807,45,minibatch_k64,text_pca256_lexical_w005
96808,59,minibatch_k64,text_pca256_lexical_w005
96809,45,minibatch_k64,text_pca256_lexical_w005
96810,62,minibatch_k64,text_pca256_lexical_w005
96811,45,minibatch_k64,text_pca256_lexical_w005
96812,59,minibatch_k64,text_pca256_lexical_w005
96813,2,minibatch_k64,text_pca256_lexical_w005
96814,59,minibatch_k64,text_pca256_lexical_w005
96815,45,minibatch_k64,text_pca256_lexical_w005
96816,10,minibatch_k64,text_pca256_lexical_w005
96817,59,minibatch_k64,text_pca256_lexical_w005
96818,45,minibatch_k64,text_pca256_lexical_w005
96819,59,minibatch_k64,text_pca256_lexical_w005
96820,8,minibatch_k64,text_pca256_lexical_w005
96821,59,minibatch_k64,text_pca256_lexical_w005
96822,45,minibatch_k64,text_pca256_lexical_w005
96823,45,minibatch_k64,text_pca256_lexical_w005
96824,45,minibatch_k64,text_pca256_lexical_w005
96825,45,minibatch_k64,text_pca256_lexical_w005
96826,45,minibatch_k64,text_pca256_lexical_w005
96827,18,minibatch_k64,text_pca256_lexical_w005
96828,8,minibatch_k64,text_pca256_lexical_w005
96829,45,minibatch_k64,text_pca256_lexical_w005
96830,45,minibatch_k64,text_pca256_lexical_w005
96831,45,minibatch_k64,text_pca256_lexical_w005
96832,45,minibatch_k64,text_pca256_lexical_w005
96833,0,minibatch_k64,text_pca256_lexical_w005
96834,45,minibatch_k64,text_pca256_lexical_w005
96835,45,minibatch_k64,text_pca256_lexical_w005
96836,45,minibatch_k64,text_pca256_lexical_w005
96837,59,minibatch_k64,text_pca256_lexical_w005
96838,45,minibatch_k64,text_pca256_lexical_w005
96839,45,minibatch_k64,text_pca256_lexical_w005
96840,45,minibatch_k64,text_pca256_lexical_w005
96841,45,minibatch_k64,text_pca256_lexical_w005
96842,45,minibatch_k64,text_pca256_lexical_w005
96843,45,minibatch_k64,text_pca256_lexical_w005
96844,45,minibatch_k64,text_pca256_lexical_w005
96845,45,minibatch_k64,text_pca256_lexical_w005
96846,45,minibatch_k64,text_pca256_lexical_w005
96847,45,minibatch_k64,text_pca256_lexical_w005
96848,45,minibatch_k64,text_pca256_lexical_w005
96849,8,minibatch_k64,text_pca256_lexical_w005
96850,45,minibatch_k64,text_pca256_lexical_w005
96851,45,minibatch_k64,text_pca256_lexical_w005
96852,0,minibatch_k64,text_pca256_lexical_w005
96853,45,minibatch_k64,text_pca256_lexical_w005
96854,10,minibatch_k64,text_pca256_lexical_w005
96855,45,minibatch_k64,text_pca256_lexical_w005
96856,0,minibatch_k64,text_pca256_lexical_w005
96857,45,minibatch_k64,text_pca256_lexical_w005
96858,45,minibatch_k64,text_pca256_lexical_w005
96859,45,minibatch_k64,text_pca256_lexical_w005
96860,18,minibatch_k64,text_pca256_lexical_w005
96861,45,minibatch_k64,text_pca256_lexical_w005
96862,4,minibatch_k64,text_pca256_lexical_w005
96863,45,minibatch_k64,text_pca256_lexical_w005
96864,45,minibatch_k64,text_pca256_lexical_w005
96865,62,minibatch_k64,text_pca256_lexical_w005
96866,42,minibatch_k64,text_pca256_lexical_w005
96867,62,minibatch_k64,text_pca256_lexical_w005
96868,59,minibatch_k64,text_pca256_lexical_w005
96869,8,minibatch_k64,text_pca256_lexical_w005
96870,62,minibatch_k64,text_pca256_lexical_w005
96871,21,minibatch_k64,text_pca256_lexical_w005
96872,59,minibatch_k64,text_pca256_lexical_w005
96873,0,minibatch_k64,text_pca256_lexical_w005
96874,59,minibatch_k64,text_pca256_lexical_w005
96875,45,minibatch_k64,text_pca256_lexical_w005
96876,15,minibatch_k64,text_pca256_lexical_w005
96877,59,minibatch_k64,text_pca256_lexical_w005
96878,45,minibatch_k64,text_pca256_lexical_w005
96879,2,minibatch_k64,text_pca256_lexical_w005
96880,8,minibatch_k64,text_pca256_lexical_w005
96881,45,minibatch_k64,text_pca256_lexical_w005
96882,45,minibatch_k64,text_pca256_lexical_w005
96883,45,minibatch_k64,text_pca256_lexical_w005
96884,62,minibatch_k64,text_pca256_lexical_w005
96885,18,minibatch_k64,text_pca256_lexical_w005
96886,45,minibatch_k64,text_pca256_lexical_w005
96887,45,minibatch_k64,text_pca256_lexical_w005
96888,10,minibatch_k64,text_pca256_lexical_w005
96889,18,minibatch_k64,text_pca256_lexical_w005
96890,45,minibatch_k64,text_pca256_lexical_w005
96891,53,minibatch_k64,text_pca256_lexical_w005
96892,45,minibatch_k64,text_pca256_lexical_w005
96893,45,minibatch_k64,text_pca256_lexical_w005
96894,59,minibatch_k64,text_pca256_lexical_w005
96895,59,minibatch_k64,text_pca256_lexical_w005
96896,18,minibatch_k64,text_pca256_lexical_w005
96897,59,minibatch_k64,text_pca256_lexical_w005
96898,18,minibatch_k64,text_pca256_lexical_w005
96899,45,minibatch_k64,text_pca256_lexical_w005
96900,10,minibatch_k64,text_pca256_lexical_w005
96901,59,minibatch_k64,text_pca256_lexical_w005
96902,45,minibatch_k64,text_pca256_lexical_w005
96903,59,minibatch_k64,text_pca256_lexical_w005
96904,33,minibatch_k64,text_pca256_lexical_w005
96905,8,minibatch_k64,text_pca256_lexical_w005
96906,59,minibatch_k64,text_pca256_lexical_w005
96907,8,minibatch_k64,text_pca256_lexical_w005
96908,45,minibatch_k64,text_pca256_lexical_w005
96909,45,minibatch_k64,text_pca256_lexical_w005
96910,59,minibatch_k64,text_pca256_lexical_w005
96911,53,minibatch_k64,text_pca256_lexical_w005
96912,59,minibatch_k64,text_pca256_lexical_w005
96913,23,minibatch_k64,text_pca256_lexical_w005
96914,45,minibatch_k64,text_pca256_lexical_w005
96915,53,minibatch_k64,text_pca256_lexical_w005
96916,45,minibatch_k64,text_pca256_lexical_w005
96917,50,minibatch_k64,text_pca256_lexical_w005
96918,45,minibatch_k64,text_pca256_lexical_w005
96919,2,minibatch_k64,text_pca256_lexical_w005
96920,45,minibatch_k64,text_pca256_lexical_w005
96921,59,minibatch_k64,text_pca256_lexical_w005
96922,10,minibatch_k64,text_pca256_lexical_w005
96923,18,minibatch_k64,text_pca256_lexical_w005
96924,62,minibatch_k64,text_pca256_lexical_w005
96925,8,minibatch_k64,text_pca256_lexical_w005
96926,45,minibatch_k64,text_pca256_lexical_w005
96927,8,minibatch_k64,text_pca256_lexical_w005
96928,59,minibatch_k64,text_pca256_lexical_w005
96929,59,minibatch_k64,text_pca256_lexical_w005
96930,18,minibatch_k64,text_pca256_lexical_w005
96931,59,minibatch_k64,text_pca256_lexical_w005
96932,42,minibatch_k64,text_pca256_lexical_w005
96933,45,minibatch_k64,text_pca256_lexical_w005
96934,45,minibatch_k64,text_pca256_lexical_w005
96935,53,minibatch_k64,text_pca256_lexical_w005
96936,45,minibatch_k64,text_pca256_lexical_w005
96937,59,minibatch_k64,text_pca256_lexical_w005
96938,10,minibatch_k64,text_pca256_lexical_w005
96939,10,minibatch_k64,text_pca256_lexical_w005
96940,23,minibatch_k64,text_pca256_lexical_w005
96941,45,minibatch_k64,text_pca256_lexical_w005
96942,45,minibatch_k64,text_pca256_lexical_w005
96943,45,minibatch_k64,text_pca256_lexical_w005
96944,62,minibatch_k64,text_pca256_lexical_w005
96945,45,minibatch_k64,text_pca256_lexical_w005
96946,45,minibatch_k64,text_pca256_lexical_w005
96947,59,minibatch_k64,text_pca256_lexical_w005
96948,59,minibatch_k64,text_pca256_lexical_w005
96949,59,minibatch_k64,text_pca256_lexical_w005
96950,59,minibatch_k64,text_pca256_lexical_w005
96951,18,minibatch_k64,text_pca256_lexical_w005
96952,62,minibatch_k64,text_pca256_lexical_w005
96953,59,minibatch_k64,text_pca256_lexical_w005
96954,15,minibatch_k64,text_pca256_lexical_w005
96955,59,minibatch_k64,text_pca256_lexical_w005
96956,53,minibatch_k64,text_pca256_lexical_w005
96957,59,minibatch_k64,text_pca256_lexical_w005
96958,59,minibatch_k64,text_pca256_lexical_w005
96959,59,minibatch_k64,text_pca256_lexical_w005
96960,59,minibatch_k64,text_pca256_lexical_w005
96961,59,minibatch_k64,text_pca256_lexical_w005
96962,8,minibatch_k64,text_pca256_lexical_w005
96963,59,minibatch_k64,text_pca256_lexical_w005
96964,18,minibatch_k64,text_pca256_lexical_w005
96965,45,minibatch_k64,text_pca256_lexical_w005
96966,2,minibatch_k64,text_pca256_lexical_w005
96967,2,minibatch_k64,text_pca256_lexical_w005
96968,18,minibatch_k64,text_pca256_lexical_w005
96969,45,minibatch_k64,text_pca256_lexical_w005
96970,59,minibatch_k64,text_pca256_lexical_w005
96971,45,minibatch_k64,text_pca256_lexical_w005
96972,45,minibatch_k64,text_pca256_lexical_w005
96973,45,minibatch_k64,text_pca256_lexical_w005
96974,45,minibatch_k64,text_pca256_lexical_w005
96975,45,minibatch_k64,text_pca256_lexical_w005
96976,45,minibatch_k64,text_pca256_lexical_w005
96977,45,minibatch_k64,text_pca256_lexical_w005
96978,62,minibatch_k64,text_pca256_lexical_w005
96979,18,minibatch_k64,text_pca256_lexical_w005
96980,2,minibatch_k64,text_pca256_lexical_w005
96981,59,minibatch_k64,text_pca256_lexical_w005
96982,59,minibatch_k64,text_pca256_lexical_w005
96983,45,minibatch_k64,text_pca256_lexical_w005
96984,56,minibatch_k64,text_pca256_lexical_w005
96985,59,minibatch_k64,text_pca256_lexical_w005
96986,59,minibatch_k64,text_pca256_lexical_w005
96987,59,minibatch_k64,text_pca256_lexical_w005
96988,59,minibatch_k64,text_pca256_lexical_w005
96989,45,minibatch_k64,text_pca256_lexical_w005
96990,59,minibatch_k64,text_pca256_lexical_w005
96991,59,minibatch_k64,text_pca256_lexical_w005
96992,59,minibatch_k64,text_pca256_lexical_w005
96993,2,minibatch_k64,text_pca256_lexical_w005
96994,59,minibatch_k64,text_pca256_lexical_w005
96995,8,minibatch_k64,text_pca256_lexical_w005
96996,53,minibatch_k64,text_pca256_lexical_w005
96997,8,minibatch_k64,text_pca256_lexical_w005
96998,59,minibatch_k64,text_pca256_lexical_w005
96999,59,minibatch_k64,text_pca256_lexical_w005
97000,59,minibatch_k64,text_pca256_lexical_w005
97001,59,minibatch_k64,text_pca256_lexical_w005
97002,59,minibatch_k64,text_pca256_lexical_w005
97003,45,minibatch_k64,text_pca256_lexical_w005
97004,45,minibatch_k64,text_pca256_lexical_w005
97005,45,minibatch_k64,text_pca256_lexical_w005
97006,45,minibatch_k64,text_pca256_lexical_w005
97007,45,minibatch_k64,text_pca256_lexical_w005
97008,59,minibatch_k64,text_pca256_lexical_w005
97009,45,minibatch_k64,text_pca256_lexical_w005
97010,45,minibatch_k64,text_pca256_lexical_w005
97011,8,minibatch_k64,text_pca256_lexical_w005
97012,59,minibatch_k64,text_pca256_lexical_w005
97013,42,minibatch_k64,text_pca256_lexical_w005
97014,39,minibatch_k64,text_pca256_lexical_w005
97015,45,minibatch_k64,text_pca256_lexical_w005
97016,45,minibatch_k64,text_pca256_lexical_w005
97017,45,minibatch_k64,text_pca256_lexical_w005
97018,45,minibatch_k64,text_pca256_lexical_w005
97019,45,minibatch_k64,text_pca256_lexical_w005
97020,45,minibatch_k64,text_pca256_lexical_w005
97021,59,minibatch_k64,text_pca256_lexical_w005
97022,59,minibatch_k64,text_pca256_lexical_w005
97023,45,minibatch_k64,text_pca256_lexical_w005
97024,0,minibatch_k64,text_pca256_lexical_w005
97025,39,minibatch_k64,text_pca256_lexical_w005
97026,8,minibatch_k64,text_pca256_lexical_w005
97027,0,minibatch_k64,text_pca256_lexical_w005
97028,56,minibatch_k64,text_pca256_lexical_w005
97029,62,minibatch_k64,text_pca256_lexical_w005
97030,33,minibatch_k64,text_pca256_lexical_w005
97031,62,minibatch_k64,text_pca256_lexical_w005
97032,62,minibatch_k64,text_pca256_lexical_w005
97033,62,minibatch_k64,text_pca256_lexical_w005
97034,59,minibatch_k64,text_pca256_lexical_w005
97035,42,minibatch_k64,text_pca256_lexical_w005
97036,0,minibatch_k64,text_pca256_lexical_w005
97037,8,minibatch_k64,text_pca256_lexical_w005
97038,8,minibatch_k64,text_pca256_lexical_w005
97039,56,minibatch_k64,text_pca256_lexical_w005
97040,50,minibatch_k64,text_pca256_lexical_w005
97041,62,minibatch_k64,text_pca256_lexical_w005
97042,50,minibatch_k64,text_pca256_lexical_w005
97043,62,minibatch_k64,text_pca256_lexical_w005
97044,62,minibatch_k64,text_pca256_lexical_w005
97045,62,minibatch_k64,text_pca256_lexical_w005
97046,50,minibatch_k64,text_pca256_lexical_w005
97047,50,minibatch_k64,text_pca256_lexical_w005
97048,10,minibatch_k64,text_pca256_lexical_w005
97049,42,minibatch_k64,text_pca256_lexical_w005
97050,42,minibatch_k64,text_pca256_lexical_w005
97051,50,minibatch_k64,text_pca256_lexical_w005
97052,50,minibatch_k64,text_pca256_lexical_w005
97053,50,minibatch_k64,text_pca256_lexical_w005
97054,8,minibatch_k64,text_pca256_lexical_w005
97055,10,minibatch_k64,text_pca256_lexical_w005
97056,10,minibatch_k64,text_pca256_lexical_w005
97057,21,minibatch_k64,text_pca256_lexical_w005
97058,62,minibatch_k64,text_pca256_lexical_w005
97059,42,minibatch_k64,text_pca256_lexical_w005
97060,62,minibatch_k64,text_pca256_lexical_w005
97061,62,minibatch_k64,text_pca256_lexical_w005
97062,56,minibatch_k64,text_pca256_lexical_w005
97063,56,minibatch_k64,text_pca256_lexical_w005
97064,62,minibatch_k64,text_pca256_lexical_w005
97065,6,minibatch_k64,text_pca256_lexical_w005
97066,33,minibatch_k64,text_pca256_lexical_w005
97067,8,minibatch_k64,text_pca256_lexical_w005
97068,62,minibatch_k64,text_pca256_lexical_w005
97069,62,minibatch_k64,text_pca256_lexical_w005
97070,62,minibatch_k64,text_pca256_lexical_w005
97071,62,minibatch_k64,text_pca256_lexical_w005
97072,39,minibatch_k64,text_pca256_lexical_w005
97073,62,minibatch_k64,text_pca256_lexical_w005
97074,62,minibatch_k64,text_pca256_lexical_w005
97075,62,minibatch_k64,text_pca256_lexical_w005
97076,62,minibatch_k64,text_pca256_lexical_w005
97077,56,minibatch_k64,text_pca256_lexical_w005
97078,56,minibatch_k64,text_pca256_lexical_w005
97079,8,minibatch_k64,text_pca256_lexical_w005
97080,10,minibatch_k64,text_pca256_lexical_w005
97081,10,minibatch_k64,text_pca256_lexical_w005
97082,62,minibatch_k64,text_pca256_lexical_w005
97083,59,minibatch_k64,text_pca256_lexical_w005
97084,59,minibatch_k64,text_pca256_lexical_w005
97085,59,minibatch_k64,text_pca256_lexical_w005
97086,59,minibatch_k64,text_pca256_lexical_w005
97087,15,minibatch_k64,text_pca256_lexical_w005
97088,42,minibatch_k64,text_pca256_lexical_w005
97089,0,minibatch_k64,text_pca256_lexical_w005
97090,50,minibatch_k64,text_pca256_lexical_w005
97091,50,minibatch_k64,text_pca256_lexical_w005
97092,59,minibatch_k64,text_pca256_lexical_w005
97093,53,minibatch_k64,text_pca256_lexical_w005
97094,33,minibatch_k64,text_pca256_lexical_w005
97095,8,minibatch_k64,text_pca256_lexical_w005
97096,45,minibatch_k64,text_pca256_lexical_w005
97097,62,minibatch_k64,text_pca256_lexical_w005
97098,61,minibatch_k64,text_pca256_lexical_w005
97099,0,minibatch_k64,text_pca256_lexical_w005
97100,15,minibatch_k64,text_pca256_lexical_w005
97101,8,minibatch_k64,text_pca256_lexical_w005
97102,61,minibatch_k64,text_pca256_lexical_w005
97103,2,minibatch_k64,text_pca256_lexical_w005
97104,61,minibatch_k64,text_pca256_lexical_w005
97105,45,minibatch_k64,text_pca256_lexical_w005
97106,23,minibatch_k64,text_pca256_lexical_w005
97107,61,minibatch_k64,text_pca256_lexical_w005
97108,62,minibatch_k64,text_pca256_lexical_w005
97109,61,minibatch_k64,text_pca256_lexical_w005
97110,10,minibatch_k64,text_pca256_lexical_w005
97111,61,minibatch_k64,text_pca256_lexical_w005
97112,10,minibatch_k64,text_pca256_lexical_w005
97113,61,minibatch_k64,text_pca256_lexical_w005
97114,10,minibatch_k64,text_pca256_lexical_w005
97115,61,minibatch_k64,text_pca256_lexical_w005
97116,61,minibatch_k64,text_pca256_lexical_w005
97117,61,minibatch_k64,text_pca256_lexical_w005
97118,61,minibatch_k64,text_pca256_lexical_w005
97119,61,minibatch_k64,text_pca256_lexical_w005
97120,61,minibatch_k64,text_pca256_lexical_w005
97121,61,minibatch_k64,text_pca256_lexical_w005
97122,61,minibatch_k64,text_pca256_lexical_w005
97123,61,minibatch_k64,text_pca256_lexical_w005
97124,61,minibatch_k64,text_pca256_lexical_w005
97125,61,minibatch_k64,text_pca256_lexical_w005
97126,15,minibatch_k64,text_pca256_lexical_w005
97127,8,minibatch_k64,text_pca256_lexical_w005
97128,23,minibatch_k64,text_pca256_lexical_w005
97129,39,minibatch_k64,text_pca256_lexical_w005
97130,38,minibatch_k64,text_pca256_lexical_w005
97131,58,minibatch_k64,text_pca256_lexical_w005
97132,23,minibatch_k64,text_pca256_lexical_w005
97133,55,minibatch_k64,text_pca256_lexical_w005
97134,35,minibatch_k64,text_pca256_lexical_w005
97135,23,minibatch_k64,text_pca256_lexical_w005
97136,23,minibatch_k64,text_pca256_lexical_w005
97137,23,minibatch_k64,text_pca256_lexical_w005
97138,8,minibatch_k64,text_pca256_lexical_w005
97139,15,minibatch_k64,text_pca256_lexical_w005
97140,8,minibatch_k64,text_pca256_lexical_w005
97141,33,minibatch_k64,text_pca256_lexical_w005
97142,33,minibatch_k64,text_pca256_lexical_w005
97143,10,minibatch_k64,text_pca256_lexical_w005
97144,2,minibatch_k64,text_pca256_lexical_w005
97145,8,minibatch_k64,text_pca256_lexical_w005
97146,29,minibatch_k64,text_pca256_lexical_w005
97147,38,minibatch_k64,text_pca256_lexical_w005
97148,2,minibatch_k64,text_pca256_lexical_w005
97149,33,minibatch_k64,text_pca256_lexical_w005
97150,45,minibatch_k64,text_pca256_lexical_w005
97151,0,minibatch_k64,text_pca256_lexical_w005
97152,23,minibatch_k64,text_pca256_lexical_w005
97153,15,minibatch_k64,text_pca256_lexical_w005
97154,8,minibatch_k64,text_pca256_lexical_w005
97155,15,minibatch_k64,text_pca256_lexical_w005
97156,38,minibatch_k64,text_pca256_lexical_w005
97157,23,minibatch_k64,text_pca256_lexical_w005
97158,38,minibatch_k64,text_pca256_lexical_w005
97159,0,minibatch_k64,text_pca256_lexical_w005
97160,15,minibatch_k64,text_pca256_lexical_w005
97161,0,minibatch_k64,text_pca256_lexical_w005
97162,62,minibatch_k64,text_pca256_lexical_w005
97163,62,minibatch_k64,text_pca256_lexical_w005
97164,62,minibatch_k64,text_pca256_lexical_w005
97165,15,minibatch_k64,text_pca256_lexical_w005
97166,62,minibatch_k64,text_pca256_lexical_w005
97167,10,minibatch_k64,text_pca256_lexical_w005
97168,15,minibatch_k64,text_pca256_lexical_w005
97169,38,minibatch_k64,text_pca256_lexical_w005
97170,45,minibatch_k64,text_pca256_lexical_w005
97171,55,minibatch_k64,text_pca256_lexical_w005
97172,37,minibatch_k64,text_pca256_lexical_w005
97173,40,minibatch_k64,text_pca256_lexical_w005
97174,0,minibatch_k64,text_pca256_lexical_w005
97175,0,minibatch_k64,text_pca256_lexical_w005
97176,2,minibatch_k64,text_pca256_lexical_w005
97177,21,minibatch_k64,text_pca256_lexical_w005
97178,38,minibatch_k64,text_pca256_lexical_w005
97179,40,minibatch_k64,text_pca256_lexical_w005
97180,45,minibatch_k64,text_pca256_lexical_w005
97181,55,minibatch_k64,text_pca256_lexical_w005
97182,60,minibatch_k64,text_pca256_lexical_w005
97183,0,minibatch_k64,text_pca256_lexical_w005
97184,0,minibatch_k64,text_pca256_lexical_w005
97185,38,minibatch_k64,text_pca256_lexical_w005
97186,55,minibatch_k64,text_pca256_lexical_w005
97187,8,minibatch_k64,text_pca256_lexical_w005
97188,38,minibatch_k64,text_pca256_lexical_w005
97189,55,minibatch_k64,text_pca256_lexical_w005
97190,0,minibatch_k64,text_pca256_lexical_w005
97191,0,minibatch_k64,text_pca256_lexical_w005
97192,8,minibatch_k64,text_pca256_lexical_w005
97193,62,minibatch_k64,text_pca256_lexical_w005
97194,23,minibatch_k64,text_pca256_lexical_w005
97195,2,minibatch_k64,text_pca256_lexical_w005
97196,23,minibatch_k64,text_pca256_lexical_w005
97197,23,minibatch_k64,text_pca256_lexical_w005
97198,18,minibatch_k64,text_pca256_lexical_w005
97199,59,minibatch_k64,text_pca256_lexical_w005
97200,0,minibatch_k64,text_pca256_lexical_w005
97201,23,minibatch_k64,text_pca256_lexical_w005
97202,2,minibatch_k64,text_pca256_lexical_w005
97203,38,minibatch_k64,text_pca256_lexical_w005
97204,55,minibatch_k64,text_pca256_lexical_w005
97205,0,minibatch_k64,text_pca256_lexical_w005
97206,62,minibatch_k64,text_pca256_lexical_w005
97207,62,minibatch_k64,text_pca256_lexical_w005
97208,8,minibatch_k64,text_pca256_lexical_w005
97209,38,minibatch_k64,text_pca256_lexical_w005
97210,55,minibatch_k64,text_pca256_lexical_w005
97211,20,minibatch_k64,text_pca256_lexical_w005
97212,39,minibatch_k64,text_pca256_lexical_w005
97213,38,minibatch_k64,text_pca256_lexical_w005
97214,55,minibatch_k64,text_pca256_lexical_w005
97215,38,minibatch_k64,text_pca256_lexical_w005
97216,38,minibatch_k64,text_pca256_lexical_w005
97217,15,minibatch_k64,text_pca256_lexical_w005
97218,62,minibatch_k64,text_pca256_lexical_w005
97219,18,minibatch_k64,text_pca256_lexical_w005
97220,38,minibatch_k64,text_pca256_lexical_w005
97221,36,minibatch_k64,text_pca256_lexical_w005
97222,23,minibatch_k64,text_pca256_lexical_w005
97223,18,minibatch_k64,text_pca256_lexical_w005
97224,55,minibatch_k64,text_pca256_lexical_w005
97225,36,minibatch_k64,text_pca256_lexical_w005
97226,62,minibatch_k64,text_pca256_lexical_w005
97227,62,minibatch_k64,text_pca256_lexical_w005
97228,38,minibatch_k64,text_pca256_lexical_w005
97229,36,minibatch_k64,text_pca256_lexical_w005
97230,55,minibatch_k64,text_pca256_lexical_w005
97231,45,minibatch_k64,text_pca256_lexical_w005
97232,0,minibatch_k64,text_pca256_lexical_w005
97233,0,minibatch_k64,text_pca256_lexical_w005
97234,0,minibatch_k64,text_pca256_lexical_w005
97235,18,minibatch_k64,text_pca256_lexical_w005
97236,59,minibatch_k64,text_pca256_lexical_w005
97237,59,minibatch_k64,text_pca256_lexical_w005
97238,45,minibatch_k64,text_pca256_lexical_w005
97239,27,minibatch_k64,text_pca256_lexical_w005
97240,45,minibatch_k64,text_pca256_lexical_w005
97241,45,minibatch_k64,text_pca256_lexical_w005
97242,8,minibatch_k64,text_pca256_lexical_w005
97243,45,minibatch_k64,text_pca256_lexical_w005
97244,33,minibatch_k64,text_pca256_lexical_w005
97245,8,minibatch_k64,text_pca256_lexical_w005
97246,8,minibatch_k64,text_pca256_lexical_w005
97247,2,minibatch_k64,text_pca256_lexical_w005
97248,2,minibatch_k64,text_pca256_lexical_w005
97249,34,minibatch_k64,text_pca256_lexical_w005
97250,34,minibatch_k64,text_pca256_lexical_w005
97251,41,minibatch_k64,text_pca256_lexical_w005
97252,33,minibatch_k64,text_pca256_lexical_w005
97253,21,minibatch_k64,text_pca256_lexical_w005
97254,8,minibatch_k64,text_pca256_lexical_w005
97255,0,minibatch_k64,text_pca256_lexical_w005
97256,0,minibatch_k64,text_pca256_lexical_w005
97257,21,minibatch_k64,text_pca256_lexical_w005
97258,21,minibatch_k64,text_pca256_lexical_w005
97259,21,minibatch_k64,text_pca256_lexical_w005
97260,21,minibatch_k64,text_pca256_lexical_w005
97261,50,minibatch_k64,text_pca256_lexical_w005
97262,21,minibatch_k64,text_pca256_lexical_w005
97263,10,minibatch_k64,text_pca256_lexical_w005
97264,0,minibatch_k64,text_pca256_lexical_w005
97265,45,minibatch_k64,text_pca256_lexical_w005
97266,45,minibatch_k64,text_pca256_lexical_w005
97267,45,minibatch_k64,text_pca256_lexical_w005
97268,29,minibatch_k64,text_pca256_lexical_w005
97269,45,minibatch_k64,text_pca256_lexical_w005
97270,45,minibatch_k64,text_pca256_lexical_w005
97271,4,minibatch_k64,text_pca256_lexical_w005
97272,29,minibatch_k64,text_pca256_lexical_w005
97273,0,minibatch_k64,text_pca256_lexical_w005
97274,23,minibatch_k64,text_pca256_lexical_w005
97275,45,minibatch_k64,text_pca256_lexical_w005
97276,23,minibatch_k64,text_pca256_lexical_w005
97277,29,minibatch_k64,text_pca256_lexical_w005
97278,10,minibatch_k64,text_pca256_lexical_w005
97279,15,minibatch_k64,text_pca256_lexical_w005
97280,0,minibatch_k64,text_pca256_lexical_w005
97281,21,minibatch_k64,text_pca256_lexical_w005
97282,21,minibatch_k64,text_pca256_lexical_w005
97283,21,minibatch_k64,text_pca256_lexical_w005
97284,2,minibatch_k64,text_pca256_lexical_w005
97285,0,minibatch_k64,text_pca256_lexical_w005
97286,14,minibatch_k64,text_pca256_lexical_w005
97287,56,minibatch_k64,text_pca256_lexical_w005
97288,38,minibatch_k64,text_pca256_lexical_w005
97289,23,minibatch_k64,text_pca256_lexical_w005
97290,15,minibatch_k64,text_pca256_lexical_w005
97291,50,minibatch_k64,text_pca256_lexical_w005
97292,15,minibatch_k64,text_pca256_lexical_w005
97293,14,minibatch_k64,text_pca256_lexical_w005
97294,38,minibatch_k64,text_pca256_lexical_w005
97295,45,minibatch_k64,text_pca256_lexical_w005
97296,15,minibatch_k64,text_pca256_lexical_w005
97297,23,minibatch_k64,text_pca256_lexical_w005
97298,15,minibatch_k64,text_pca256_lexical_w005
97299,15,minibatch_k64,text_pca256_lexical_w005
97300,14,minibatch_k64,text_pca256_lexical_w005
97301,15,minibatch_k64,text_pca256_lexical_w005
97302,62,minibatch_k64,text_pca256_lexical_w005
97303,38,minibatch_k64,text_pca256_lexical_w005
97304,23,minibatch_k64,text_pca256_lexical_w005
97305,15,minibatch_k64,text_pca256_lexical_w005
97306,23,minibatch_k64,text_pca256_lexical_w005
97307,0,minibatch_k64,text_pca256_lexical_w005
97308,38,minibatch_k64,text_pca256_lexical_w005
97309,59,minibatch_k64,text_pca256_lexical_w005
97310,23,minibatch_k64,text_pca256_lexical_w005
97311,14,minibatch_k64,text_pca256_lexical_w005
97312,8,minibatch_k64,text_pca256_lexical_w005
97313,21,minibatch_k64,text_pca256_lexical_w005
97314,38,minibatch_k64,text_pca256_lexical_w005
97315,55,minibatch_k64,text_pca256_lexical_w005
97316,23,minibatch_k64,text_pca256_lexical_w005
97317,62,minibatch_k64,text_pca256_lexical_w005
97318,14,minibatch_k64,text_pca256_lexical_w005
97319,38,minibatch_k64,text_pca256_lexical_w005
97320,23,minibatch_k64,text_pca256_lexical_w005
97321,23,minibatch_k64,text_pca256_lexical_w005
97322,23,minibatch_k64,text_pca256_lexical_w005
97323,62,minibatch_k64,text_pca256_lexical_w005
97324,38,minibatch_k64,text_pca256_lexical_w005
97325,55,minibatch_k64,text_pca256_lexical_w005
97326,47,minibatch_k64,text_pca256_lexical_w005
97327,47,minibatch_k64,text_pca256_lexical_w005
97328,62,minibatch_k64,text_pca256_lexical_w005
97329,38,minibatch_k64,text_pca256_lexical_w005
97330,23,minibatch_k64,text_pca256_lexical_w005
97331,14,minibatch_k64,text_pca256_lexical_w005
97332,23,minibatch_k64,text_pca256_lexical_w005
97333,14,minibatch_k64,text_pca256_lexical_w005
97334,38,minibatch_k64,text_pca256_lexical_w005
97335,23,minibatch_k64,text_pca256_lexical_w005
97336,25,minibatch_k64,text_pca256_lexical_w005
97337,5,minibatch_k64,text_pca256_lexical_w005
97338,25,minibatch_k64,text_pca256_lexical_w005
97339,15,minibatch_k64,text_pca256_lexical_w005
97340,38,minibatch_k64,text_pca256_lexical_w005
97341,23,minibatch_k64,text_pca256_lexical_w005
97342,25,minibatch_k64,text_pca256_lexical_w005
97343,38,minibatch_k64,text_pca256_lexical_w005
97344,59,minibatch_k64,text_pca256_lexical_w005
97345,23,minibatch_k64,text_pca256_lexical_w005
97346,0,minibatch_k64,text_pca256_lexical_w005
97347,25,minibatch_k64,text_pca256_lexical_w005
97348,21,minibatch_k64,text_pca256_lexical_w005
97349,15,minibatch_k64,text_pca256_lexical_w005
97350,25,minibatch_k64,text_pca256_lexical_w005
97351,38,minibatch_k64,text_pca256_lexical_w005
97352,23,minibatch_k64,text_pca256_lexical_w005
97353,42,minibatch_k64,text_pca256_lexical_w005
97354,38,minibatch_k64,text_pca256_lexical_w005
97355,23,minibatch_k64,text_pca256_lexical_w005
97356,25,minibatch_k64,text_pca256_lexical_w005
97357,23,minibatch_k64,text_pca256_lexical_w005
97358,62,minibatch_k64,text_pca256_lexical_w005
97359,25,minibatch_k64,text_pca256_lexical_w005
97360,23,minibatch_k64,text_pca256_lexical_w005
97361,38,minibatch_k64,text_pca256_lexical_w005
97362,15,minibatch_k64,text_pca256_lexical_w005
97363,62,minibatch_k64,text_pca256_lexical_w005
97364,50,minibatch_k64,text_pca256_lexical_w005
97365,50,minibatch_k64,text_pca256_lexical_w005
97366,39,minibatch_k64,text_pca256_lexical_w005
97367,39,minibatch_k64,text_pca256_lexical_w005
97368,8,minibatch_k64,text_pca256_lexical_w005
97369,10,minibatch_k64,text_pca256_lexical_w005
97370,8,minibatch_k64,text_pca256_lexical_w005
97371,8,minibatch_k64,text_pca256_lexical_w005
97372,0,minibatch_k64,text_pca256_lexical_w005
97373,0,minibatch_k64,text_pca256_lexical_w005
97374,42,minibatch_k64,text_pca256_lexical_w005
97375,15,minibatch_k64,text_pca256_lexical_w005
97376,0,minibatch_k64,text_pca256_lexical_w005
97377,33,minibatch_k64,text_pca256_lexical_w005
97378,0,minibatch_k64,text_pca256_lexical_w005
97379,0,minibatch_k64,text_pca256_lexical_w005
97380,42,minibatch_k64,text_pca256_lexical_w005
97381,8,minibatch_k64,text_pca256_lexical_w005
97382,21,minibatch_k64,text_pca256_lexical_w005
97383,21,minibatch_k64,text_pca256_lexical_w005
97384,21,minibatch_k64,text_pca256_lexical_w005
97385,21,minibatch_k64,text_pca256_lexical_w005
97386,21,minibatch_k64,text_pca256_lexical_w005
97387,21,minibatch_k64,text_pca256_lexical_w005
97388,21,minibatch_k64,text_pca256_lexical_w005
97389,0,minibatch_k64,text_pca256_lexical_w005
97390,21,minibatch_k64,text_pca256_lexical_w005
97391,21,minibatch_k64,text_pca256_lexical_w005
97392,21,minibatch_k64,text_pca256_lexical_w005
97393,10,minibatch_k64,text_pca256_lexical_w005
97394,10,minibatch_k64,text_pca256_lexical_w005
97395,10,minibatch_k64,text_pca256_lexical_w005
97396,10,minibatch_k64,text_pca256_lexical_w005
97397,21,minibatch_k64,text_pca256_lexical_w005
97398,21,minibatch_k64,text_pca256_lexical_w005
97399,21,minibatch_k64,text_pca256_lexical_w005
97400,10,minibatch_k64,text_pca256_lexical_w005
97401,8,minibatch_k64,text_pca256_lexical_w005
97402,46,minibatch_k64,text_pca256_lexical_w005
97403,0,minibatch_k64,text_pca256_lexical_w005
97404,0,minibatch_k64,text_pca256_lexical_w005
97405,62,minibatch_k64,text_pca256_lexical_w005
97406,5,minibatch_k64,text_pca256_lexical_w005
97407,0,minibatch_k64,text_pca256_lexical_w005
97408,47,minibatch_k64,text_pca256_lexical_w005
97409,62,minibatch_k64,text_pca256_lexical_w005
97410,62,minibatch_k64,text_pca256_lexical_w005
97411,62,minibatch_k64,text_pca256_lexical_w005
97412,29,minibatch_k64,text_pca256_lexical_w005
97413,47,minibatch_k64,text_pca256_lexical_w005
97414,33,minibatch_k64,text_pca256_lexical_w005
97415,10,minibatch_k64,text_pca256_lexical_w005
97416,8,minibatch_k64,text_pca256_lexical_w005
97417,42,minibatch_k64,text_pca256_lexical_w005
97418,10,minibatch_k64,text_pca256_lexical_w005
97419,15,minibatch_k64,text_pca256_lexical_w005
97420,42,minibatch_k64,text_pca256_lexical_w005
97421,62,minibatch_k64,text_pca256_lexical_w005
97422,62,minibatch_k64,text_pca256_lexical_w005
97423,42,minibatch_k64,text_pca256_lexical_w005
97424,33,minibatch_k64,text_pca256_lexical_w005
97425,62,minibatch_k64,text_pca256_lexical_w005
97426,62,minibatch_k64,text_pca256_lexical_w005
97427,4,minibatch_k64,text_pca256_lexical_w005
97428,15,minibatch_k64,text_pca256_lexical_w005
97429,5,minibatch_k64,text_pca256_lexical_w005
97430,4,minibatch_k64,text_pca256_lexical_w005
97431,33,minibatch_k64,text_pca256_lexical_w005
97432,29,minibatch_k64,text_pca256_lexical_w005
97433,15,minibatch_k64,text_pca256_lexical_w005
97434,29,minibatch_k64,text_pca256_lexical_w005
97435,62,minibatch_k64,text_pca256_lexical_w005
97436,15,minibatch_k64,text_pca256_lexical_w005
97437,62,minibatch_k64,text_pca256_lexical_w005
97438,42,minibatch_k64,text_pca256_lexical_w005
97439,29,minibatch_k64,text_pca256_lexical_w005
97440,45,minibatch_k64,text_pca256_lexical_w005
97441,62,minibatch_k64,text_pca256_lexical_w005
97442,0,minibatch_k64,text_pca256_lexical_w005
97443,29,minibatch_k64,text_pca256_lexical_w005
97444,0,minibatch_k64,text_pca256_lexical_w005
97445,29,minibatch_k64,text_pca256_lexical_w005
97446,8,minibatch_k64,text_pca256_lexical_w005
97447,29,minibatch_k64,text_pca256_lexical_w005
97448,62,minibatch_k64,text_pca256_lexical_w005
97449,0,minibatch_k64,text_pca256_lexical_w005
97450,29,minibatch_k64,text_pca256_lexical_w005
97451,0,minibatch_k64,text_pca256_lexical_w005
97452,42,minibatch_k64,text_pca256_lexical_w005
97453,62,minibatch_k64,text_pca256_lexical_w005
97454,8,minibatch_k64,text_pca256_lexical_w005
97455,29,minibatch_k64,text_pca256_lexical_w005
97456,59,minibatch_k64,text_pca256_lexical_w005
97457,8,minibatch_k64,text_pca256_lexical_w005
97458,62,minibatch_k64,text_pca256_lexical_w005
97459,23,minibatch_k64,text_pca256_lexical_w005
97460,62,minibatch_k64,text_pca256_lexical_w005
97461,45,minibatch_k64,text_pca256_lexical_w005
97462,62,minibatch_k64,text_pca256_lexical_w005
97463,45,minibatch_k64,text_pca256_lexical_w005
97464,62,minibatch_k64,text_pca256_lexical_w005
97465,15,minibatch_k64,text_pca256_lexical_w005
97466,58,minibatch_k64,text_pca256_lexical_w005
97467,38,minibatch_k64,text_pca256_lexical_w005
97468,45,minibatch_k64,text_pca256_lexical_w005
97469,25,minibatch_k64,text_pca256_lexical_w005
97470,59,minibatch_k64,text_pca256_lexical_w005
97471,54,minibatch_k64,text_pca256_lexical_w005
97472,62,minibatch_k64,text_pca256_lexical_w005
97473,0,minibatch_k64,text_pca256_lexical_w005
97474,62,minibatch_k64,text_pca256_lexical_w005
97475,10,minibatch_k64,text_pca256_lexical_w005
97476,0,minibatch_k64,text_pca256_lexical_w005
97477,0,minibatch_k64,text_pca256_lexical_w005
97478,0,minibatch_k64,text_pca256_lexical_w005
97479,10,minibatch_k64,text_pca256_lexical_w005
97480,62,minibatch_k64,text_pca256_lexical_w005
97481,15,minibatch_k64,text_pca256_lexical_w005
97482,29,minibatch_k64,text_pca256_lexical_w005
97483,0,minibatch_k64,text_pca256_lexical_w005
97484,62,minibatch_k64,text_pca256_lexical_w005
97485,15,minibatch_k64,text_pca256_lexical_w005
97486,0,minibatch_k64,text_pca256_lexical_w005
97487,29,minibatch_k64,text_pca256_lexical_w005
97488,62,minibatch_k64,text_pca256_lexical_w005
97489,29,minibatch_k64,text_pca256_lexical_w005
97490,62,minibatch_k64,text_pca256_lexical_w005
97491,8,minibatch_k64,text_pca256_lexical_w005
97492,0,minibatch_k64,text_pca256_lexical_w005
97493,21,minibatch_k64,text_pca256_lexical_w005
97494,10,minibatch_k64,text_pca256_lexical_w005
97495,29,minibatch_k64,text_pca256_lexical_w005
97496,0,minibatch_k64,text_pca256_lexical_w005
97497,15,minibatch_k64,text_pca256_lexical_w005
97498,62,minibatch_k64,text_pca256_lexical_w005
97499,4,minibatch_k64,text_pca256_lexical_w005
97500,8,minibatch_k64,text_pca256_lexical_w005
97501,38,minibatch_k64,text_pca256_lexical_w005
97502,58,minibatch_k64,text_pca256_lexical_w005
97503,62,minibatch_k64,text_pca256_lexical_w005
97504,45,minibatch_k64,text_pca256_lexical_w005
97505,25,minibatch_k64,text_pca256_lexical_w005
97506,59,minibatch_k64,text_pca256_lexical_w005
97507,46,minibatch_k64,text_pca256_lexical_w005
97508,54,minibatch_k64,text_pca256_lexical_w005
97509,0,minibatch_k64,text_pca256_lexical_w005
97510,45,minibatch_k64,text_pca256_lexical_w005
97511,45,minibatch_k64,text_pca256_lexical_w005
97512,4,minibatch_k64,text_pca256_lexical_w005
97513,0,minibatch_k64,text_pca256_lexical_w005
97514,47,minibatch_k64,text_pca256_lexical_w005
97515,62,minibatch_k64,text_pca256_lexical_w005
97516,0,minibatch_k64,text_pca256_lexical_w005
97517,62,minibatch_k64,text_pca256_lexical_w005
97518,0,minibatch_k64,text_pca256_lexical_w005
97519,0,minibatch_k64,text_pca256_lexical_w005
97520,23,minibatch_k64,text_pca256_lexical_w005
97521,62,minibatch_k64,text_pca256_lexical_w005
97522,10,minibatch_k64,text_pca256_lexical_w005
97523,29,minibatch_k64,text_pca256_lexical_w005
97524,62,minibatch_k64,text_pca256_lexical_w005
97525,62,minibatch_k64,text_pca256_lexical_w005
97526,62,minibatch_k64,text_pca256_lexical_w005
97527,0,minibatch_k64,text_pca256_lexical_w005
97528,29,minibatch_k64,text_pca256_lexical_w005
97529,29,minibatch_k64,text_pca256_lexical_w005
97530,62,minibatch_k64,text_pca256_lexical_w005
97531,4,minibatch_k64,text_pca256_lexical_w005
97532,23,minibatch_k64,text_pca256_lexical_w005
97533,62,minibatch_k64,text_pca256_lexical_w005
97534,62,minibatch_k64,text_pca256_lexical_w005
97535,8,minibatch_k64,text_pca256_lexical_w005
97536,29,minibatch_k64,text_pca256_lexical_w005
97537,15,minibatch_k64,text_pca256_lexical_w005
97538,10,minibatch_k64,text_pca256_lexical_w005
97539,29,minibatch_k64,text_pca256_lexical_w005
97540,4,minibatch_k64,text_pca256_lexical_w005
97541,42,minibatch_k64,text_pca256_lexical_w005
97542,62,minibatch_k64,text_pca256_lexical_w005
97543,62,minibatch_k64,text_pca256_lexical_w005
97544,62,minibatch_k64,text_pca256_lexical_w005
97545,15,minibatch_k64,text_pca256_lexical_w005
97546,38,minibatch_k64,text_pca256_lexical_w005
97547,8,minibatch_k64,text_pca256_lexical_w005
97548,0,minibatch_k64,text_pca256_lexical_w005
97549,23,minibatch_k64,text_pca256_lexical_w005
97550,25,minibatch_k64,text_pca256_lexical_w005
97551,59,minibatch_k64,text_pca256_lexical_w005
97552,54,minibatch_k64,text_pca256_lexical_w005
97553,0,minibatch_k64,text_pca256_lexical_w005
97554,0,minibatch_k64,text_pca256_lexical_w005
97555,4,minibatch_k64,text_pca256_lexical_w005
97556,0,minibatch_k64,text_pca256_lexical_w005
97557,0,minibatch_k64,text_pca256_lexical_w005
97558,56,minibatch_k64,text_pca256_lexical_w005
97559,62,minibatch_k64,text_pca256_lexical_w005
97560,0,minibatch_k64,text_pca256_lexical_w005
97561,8,minibatch_k64,text_pca256_lexical_w005
97562,62,minibatch_k64,text_pca256_lexical_w005
97563,8,minibatch_k64,text_pca256_lexical_w005
97564,8,minibatch_k64,text_pca256_lexical_w005
97565,3,minibatch_k64,text_pca256_lexical_w005
97566,10,minibatch_k64,text_pca256_lexical_w005
97567,33,minibatch_k64,text_pca256_lexical_w005
97568,0,minibatch_k64,text_pca256_lexical_w005
97569,0,minibatch_k64,text_pca256_lexical_w005
97570,38,minibatch_k64,text_pca256_lexical_w005
97571,47,minibatch_k64,text_pca256_lexical_w005
97572,58,minibatch_k64,text_pca256_lexical_w005
97573,62,minibatch_k64,text_pca256_lexical_w005
97574,59,minibatch_k64,text_pca256_lexical_w005
97575,35,minibatch_k64,text_pca256_lexical_w005
97576,53,minibatch_k64,text_pca256_lexical_w005
97577,62,minibatch_k64,text_pca256_lexical_w005
97578,42,minibatch_k64,text_pca256_lexical_w005
97579,33,minibatch_k64,text_pca256_lexical_w005
97580,47,minibatch_k64,text_pca256_lexical_w005
97581,0,minibatch_k64,text_pca256_lexical_w005
97582,8,minibatch_k64,text_pca256_lexical_w005
97583,62,minibatch_k64,text_pca256_lexical_w005
97584,38,minibatch_k64,text_pca256_lexical_w005
97585,58,minibatch_k64,text_pca256_lexical_w005
97586,45,minibatch_k64,text_pca256_lexical_w005
97587,55,minibatch_k64,text_pca256_lexical_w005
97588,54,minibatch_k64,text_pca256_lexical_w005
97589,25,minibatch_k64,text_pca256_lexical_w005
97590,47,minibatch_k64,text_pca256_lexical_w005
97591,62,minibatch_k64,text_pca256_lexical_w005
97592,8,minibatch_k64,text_pca256_lexical_w005
97593,8,minibatch_k64,text_pca256_lexical_w005
97594,0,minibatch_k64,text_pca256_lexical_w005
97595,62,minibatch_k64,text_pca256_lexical_w005
97596,42,minibatch_k64,text_pca256_lexical_w005
97597,0,minibatch_k64,text_pca256_lexical_w005
97598,62,minibatch_k64,text_pca256_lexical_w005
97599,58,minibatch_k64,text_pca256_lexical_w005
97600,62,minibatch_k64,text_pca256_lexical_w005
97601,55,minibatch_k64,text_pca256_lexical_w005
97602,54,minibatch_k64,text_pca256_lexical_w005
97603,25,minibatch_k64,text_pca256_lexical_w005
97604,62,minibatch_k64,text_pca256_lexical_w005
97605,0,minibatch_k64,text_pca256_lexical_w005
97606,62,minibatch_k64,text_pca256_lexical_w005
97607,42,minibatch_k64,text_pca256_lexical_w005
97608,33,minibatch_k64,text_pca256_lexical_w005
97609,62,minibatch_k64,text_pca256_lexical_w005
97610,21,minibatch_k64,text_pca256_lexical_w005
97611,0,minibatch_k64,text_pca256_lexical_w005
97612,38,minibatch_k64,text_pca256_lexical_w005
97613,58,minibatch_k64,text_pca256_lexical_w005
97614,55,minibatch_k64,text_pca256_lexical_w005
97615,54,minibatch_k64,text_pca256_lexical_w005
97616,25,minibatch_k64,text_pca256_lexical_w005
97617,0,minibatch_k64,text_pca256_lexical_w005
97618,47,minibatch_k64,text_pca256_lexical_w005
97619,56,minibatch_k64,text_pca256_lexical_w005
97620,62,minibatch_k64,text_pca256_lexical_w005
97621,39,minibatch_k64,text_pca256_lexical_w005
97622,56,minibatch_k64,text_pca256_lexical_w005
97623,0,minibatch_k64,text_pca256_lexical_w005
97624,10,minibatch_k64,text_pca256_lexical_w005
97625,2,minibatch_k64,text_pca256_lexical_w005
97626,40,minibatch_k64,text_pca256_lexical_w005
97627,29,minibatch_k64,text_pca256_lexical_w005
97628,40,minibatch_k64,text_pca256_lexical_w005
97629,10,minibatch_k64,text_pca256_lexical_w005
97630,10,minibatch_k64,text_pca256_lexical_w005
97631,33,minibatch_k64,text_pca256_lexical_w005
97632,38,minibatch_k64,text_pca256_lexical_w005
97633,58,minibatch_k64,text_pca256_lexical_w005
97634,55,minibatch_k64,text_pca256_lexical_w005
97635,54,minibatch_k64,text_pca256_lexical_w005
97636,59,minibatch_k64,text_pca256_lexical_w005
97637,29,minibatch_k64,text_pca256_lexical_w005
97638,25,minibatch_k64,text_pca256_lexical_w005
97639,8,minibatch_k64,text_pca256_lexical_w005
97640,47,minibatch_k64,text_pca256_lexical_w005
97641,29,minibatch_k64,text_pca256_lexical_w005
97642,29,minibatch_k64,text_pca256_lexical_w005
97643,29,minibatch_k64,text_pca256_lexical_w005
97644,33,minibatch_k64,text_pca256_lexical_w005
97645,29,minibatch_k64,text_pca256_lexical_w005
97646,33,minibatch_k64,text_pca256_lexical_w005
97647,62,minibatch_k64,text_pca256_lexical_w005
97648,4,minibatch_k64,text_pca256_lexical_w005
97649,62,minibatch_k64,text_pca256_lexical_w005
97650,8,minibatch_k64,text_pca256_lexical_w005
97651,45,minibatch_k64,text_pca256_lexical_w005
97652,0,minibatch_k64,text_pca256_lexical_w005
97653,62,minibatch_k64,text_pca256_lexical_w005
97654,62,minibatch_k64,text_pca256_lexical_w005
97655,10,minibatch_k64,text_pca256_lexical_w005
97656,0,minibatch_k64,text_pca256_lexical_w005
97657,62,minibatch_k64,text_pca256_lexical_w005
97658,39,minibatch_k64,text_pca256_lexical_w005
97659,45,minibatch_k64,text_pca256_lexical_w005
97660,62,minibatch_k64,text_pca256_lexical_w005
97661,47,minibatch_k64,text_pca256_lexical_w005
97662,62,minibatch_k64,text_pca256_lexical_w005
97663,0,minibatch_k64,text_pca256_lexical_w005
97664,62,minibatch_k64,text_pca256_lexical_w005
97665,0,minibatch_k64,text_pca256_lexical_w005
97666,0,minibatch_k64,text_pca256_lexical_w005
97667,0,minibatch_k64,text_pca256_lexical_w005
97668,0,minibatch_k64,text_pca256_lexical_w005
97669,62,minibatch_k64,text_pca256_lexical_w005
97670,0,minibatch_k64,text_pca256_lexical_w005
97671,5,minibatch_k64,text_pca256_lexical_w005
97672,0,minibatch_k64,text_pca256_lexical_w005
97673,10,minibatch_k64,text_pca256_lexical_w005
97674,62,minibatch_k64,text_pca256_lexical_w005
97675,45,minibatch_k64,text_pca256_lexical_w005
97676,62,minibatch_k64,text_pca256_lexical_w005
97677,59,minibatch_k64,text_pca256_lexical_w005
97678,62,minibatch_k64,text_pca256_lexical_w005
97679,8,minibatch_k64,text_pca256_lexical_w005
97680,5,minibatch_k64,text_pca256_lexical_w005
97681,62,minibatch_k64,text_pca256_lexical_w005
97682,62,minibatch_k64,text_pca256_lexical_w005
97683,15,minibatch_k64,text_pca256_lexical_w005
97684,59,minibatch_k64,text_pca256_lexical_w005
97685,62,minibatch_k64,text_pca256_lexical_w005
97686,62,minibatch_k64,text_pca256_lexical_w005
97687,21,minibatch_k64,text_pca256_lexical_w005
97688,62,minibatch_k64,text_pca256_lexical_w005
97689,15,minibatch_k64,text_pca256_lexical_w005
97690,8,minibatch_k64,text_pca256_lexical_w005
97691,33,minibatch_k64,text_pca256_lexical_w005
97692,10,minibatch_k64,text_pca256_lexical_w005
97693,45,minibatch_k64,text_pca256_lexical_w005
97694,38,minibatch_k64,text_pca256_lexical_w005
97695,58,minibatch_k64,text_pca256_lexical_w005
97696,55,minibatch_k64,text_pca256_lexical_w005
97697,35,minibatch_k64,text_pca256_lexical_w005
97698,5,minibatch_k64,text_pca256_lexical_w005
97699,33,minibatch_k64,text_pca256_lexical_w005
97700,25,minibatch_k64,text_pca256_lexical_w005
97701,47,minibatch_k64,text_pca256_lexical_w005
97702,21,minibatch_k64,text_pca256_lexical_w005
97703,0,minibatch_k64,text_pca256_lexical_w005
97704,8,minibatch_k64,text_pca256_lexical_w005
97705,38,minibatch_k64,text_pca256_lexical_w005
97706,58,minibatch_k64,text_pca256_lexical_w005
97707,59,minibatch_k64,text_pca256_lexical_w005
97708,35,minibatch_k64,text_pca256_lexical_w005
97709,25,minibatch_k64,text_pca256_lexical_w005
97710,0,minibatch_k64,text_pca256_lexical_w005
97711,15,minibatch_k64,text_pca256_lexical_w005
97712,56,minibatch_k64,text_pca256_lexical_w005
97713,21,minibatch_k64,text_pca256_lexical_w005
97714,42,minibatch_k64,text_pca256_lexical_w005
97715,8,minibatch_k64,text_pca256_lexical_w005
97716,58,minibatch_k64,text_pca256_lexical_w005
97717,55,minibatch_k64,text_pca256_lexical_w005
97718,15,minibatch_k64,text_pca256_lexical_w005
97719,35,minibatch_k64,text_pca256_lexical_w005
97720,25,minibatch_k64,text_pca256_lexical_w005
97721,21,minibatch_k64,text_pca256_lexical_w005
97722,45,minibatch_k64,text_pca256_lexical_w005
97723,8,minibatch_k64,text_pca256_lexical_w005
97724,39,minibatch_k64,text_pca256_lexical_w005
97725,53,minibatch_k64,text_pca256_lexical_w005
97726,56,minibatch_k64,text_pca256_lexical_w005
97727,38,minibatch_k64,text_pca256_lexical_w005
97728,10,minibatch_k64,text_pca256_lexical_w005
97729,15,minibatch_k64,text_pca256_lexical_w005
97730,38,minibatch_k64,text_pca256_lexical_w005
97731,55,minibatch_k64,text_pca256_lexical_w005
97732,8,minibatch_k64,text_pca256_lexical_w005
97733,59,minibatch_k64,text_pca256_lexical_w005
97734,25,minibatch_k64,text_pca256_lexical_w005
97735,25,minibatch_k64,text_pca256_lexical_w005
97736,53,minibatch_k64,text_pca256_lexical_w005
97737,10,minibatch_k64,text_pca256_lexical_w005
97738,33,minibatch_k64,text_pca256_lexical_w005
97739,15,minibatch_k64,text_pca256_lexical_w005
97740,15,minibatch_k64,text_pca256_lexical_w005
97741,25,minibatch_k64,text_pca256_lexical_w005
97742,47,minibatch_k64,text_pca256_lexical_w005
97743,47,minibatch_k64,text_pca256_lexical_w005
97744,15,minibatch_k64,text_pca256_lexical_w005
97745,20,minibatch_k64,text_pca256_lexical_w005
97746,0,minibatch_k64,text_pca256_lexical_w005
97747,20,minibatch_k64,text_pca256_lexical_w005
97748,47,minibatch_k64,text_pca256_lexical_w005
97749,47,minibatch_k64,text_pca256_lexical_w005
97750,59,minibatch_k64,text_pca256_lexical_w005
97751,25,minibatch_k64,text_pca256_lexical_w005
97752,59,minibatch_k64,text_pca256_lexical_w005
97753,15,minibatch_k64,text_pca256_lexical_w005
97754,47,minibatch_k64,text_pca256_lexical_w005
97755,15,minibatch_k64,text_pca256_lexical_w005
97756,38,minibatch_k64,text_pca256_lexical_w005
97757,25,minibatch_k64,text_pca256_lexical_w005
97758,8,minibatch_k64,text_pca256_lexical_w005
97759,8,minibatch_k64,text_pca256_lexical_w005
97760,8,minibatch_k64,text_pca256_lexical_w005
97761,39,minibatch_k64,text_pca256_lexical_w005
97762,38,minibatch_k64,text_pca256_lexical_w005
97763,55,minibatch_k64,text_pca256_lexical_w005
97764,25,minibatch_k64,text_pca256_lexical_w005
97765,45,minibatch_k64,text_pca256_lexical_w005
97766,45,minibatch_k64,text_pca256_lexical_w005
97767,30,minibatch_k64,text_pca256_lexical_w005
97768,17,minibatch_k64,text_pca256_lexical_w005
97769,30,minibatch_k64,text_pca256_lexical_w005
97770,17,minibatch_k64,text_pca256_lexical_w005
97771,30,minibatch_k64,text_pca256_lexical_w005
97772,30,minibatch_k64,text_pca256_lexical_w005
97773,18,minibatch_k64,text_pca256_lexical_w005
97774,17,minibatch_k64,text_pca256_lexical_w005
97775,30,minibatch_k64,text_pca256_lexical_w005
97776,30,minibatch_k64,text_pca256_lexical_w005
97777,30,minibatch_k64,text_pca256_lexical_w005
97778,62,minibatch_k64,text_pca256_lexical_w005
97779,62,minibatch_k64,text_pca256_lexical_w005
97780,59,minibatch_k64,text_pca256_lexical_w005
97781,59,minibatch_k64,text_pca256_lexical_w005
97782,62,minibatch_k64,text_pca256_lexical_w005
97783,0,minibatch_k64,text_pca256_lexical_w005
97784,8,minibatch_k64,text_pca256_lexical_w005
97785,56,minibatch_k64,text_pca256_lexical_w005
97786,56,minibatch_k64,text_pca256_lexical_w005
97787,59,minibatch_k64,text_pca256_lexical_w005
97788,8,minibatch_k64,text_pca256_lexical_w005
97789,45,minibatch_k64,text_pca256_lexical_w005
97790,59,minibatch_k64,text_pca256_lexical_w005
97791,18,minibatch_k64,text_pca256_lexical_w005
97792,61,minibatch_k64,text_pca256_lexical_w005
97793,59,minibatch_k64,text_pca256_lexical_w005
97794,62,minibatch_k64,text_pca256_lexical_w005
97795,59,minibatch_k64,text_pca256_lexical_w005
97796,33,minibatch_k64,text_pca256_lexical_w005
97797,62,minibatch_k64,text_pca256_lexical_w005
97798,8,minibatch_k64,text_pca256_lexical_w005
97799,45,minibatch_k64,text_pca256_lexical_w005
97800,62,minibatch_k64,text_pca256_lexical_w005
97801,59,minibatch_k64,text_pca256_lexical_w005
97802,2,minibatch_k64,text_pca256_lexical_w005
97803,2,minibatch_k64,text_pca256_lexical_w005
97804,45,minibatch_k64,text_pca256_lexical_w005
97805,56,minibatch_k64,text_pca256_lexical_w005
97806,8,minibatch_k64,text_pca256_lexical_w005
97807,59,minibatch_k64,text_pca256_lexical_w005
97808,59,minibatch_k64,text_pca256_lexical_w005
97809,59,minibatch_k64,text_pca256_lexical_w005
97810,15,minibatch_k64,text_pca256_lexical_w005
97811,62,minibatch_k64,text_pca256_lexical_w005
97812,59,minibatch_k64,text_pca256_lexical_w005
97813,59,minibatch_k64,text_pca256_lexical_w005
97814,59,minibatch_k64,text_pca256_lexical_w005
97815,2,minibatch_k64,text_pca256_lexical_w005
97816,8,minibatch_k64,text_pca256_lexical_w005
97817,45,minibatch_k64,text_pca256_lexical_w005
97818,0,minibatch_k64,text_pca256_lexical_w005
97819,0,minibatch_k64,text_pca256_lexical_w005
97820,15,minibatch_k64,text_pca256_lexical_w005
97821,45,minibatch_k64,text_pca256_lexical_w005
97822,15,minibatch_k64,text_pca256_lexical_w005
97823,59,minibatch_k64,text_pca256_lexical_w005
97824,45,minibatch_k64,text_pca256_lexical_w005
97825,53,minibatch_k64,text_pca256_lexical_w005
97826,8,minibatch_k64,text_pca256_lexical_w005
97827,45,minibatch_k64,text_pca256_lexical_w005
97828,45,minibatch_k64,text_pca256_lexical_w005
97829,59,minibatch_k64,text_pca256_lexical_w005
97830,59,minibatch_k64,text_pca256_lexical_w005
97831,59,minibatch_k64,text_pca256_lexical_w005
97832,34,minibatch_k64,text_pca256_lexical_w005
97833,59,minibatch_k64,text_pca256_lexical_w005
97834,39,minibatch_k64,text_pca256_lexical_w005
97835,59,minibatch_k64,text_pca256_lexical_w005
97836,59,minibatch_k64,text_pca256_lexical_w005
97837,59,minibatch_k64,text_pca256_lexical_w005
97838,59,minibatch_k64,text_pca256_lexical_w005
97839,59,minibatch_k64,text_pca256_lexical_w005
97840,59,minibatch_k64,text_pca256_lexical_w005
97841,59,minibatch_k64,text_pca256_lexical_w005
97842,59,minibatch_k64,text_pca256_lexical_w005
97843,45,minibatch_k64,text_pca256_lexical_w005
97844,59,minibatch_k64,text_pca256_lexical_w005
97845,39,minibatch_k64,text_pca256_lexical_w005
97846,8,minibatch_k64,text_pca256_lexical_w005
97847,8,minibatch_k64,text_pca256_lexical_w005
97848,33,minibatch_k64,text_pca256_lexical_w005
97849,25,minibatch_k64,text_pca256_lexical_w005
97850,42,minibatch_k64,text_pca256_lexical_w005
97851,42,minibatch_k64,text_pca256_lexical_w005
97852,8,minibatch_k64,text_pca256_lexical_w005
97853,8,minibatch_k64,text_pca256_lexical_w005
97854,8,minibatch_k64,text_pca256_lexical_w005
97855,25,minibatch_k64,text_pca256_lexical_w005
97856,15,minibatch_k64,text_pca256_lexical_w005
97857,8,minibatch_k64,text_pca256_lexical_w005
97858,21,minibatch_k64,text_pca256_lexical_w005
97859,61,minibatch_k64,text_pca256_lexical_w005
97860,0,minibatch_k64,text_pca256_lexical_w005
97861,21,minibatch_k64,text_pca256_lexical_w005
97862,61,minibatch_k64,text_pca256_lexical_w005
97863,0,minibatch_k64,text_pca256_lexical_w005
97864,61,minibatch_k64,text_pca256_lexical_w005
97865,61,minibatch_k64,text_pca256_lexical_w005
97866,61,minibatch_k64,text_pca256_lexical_w005
97867,61,minibatch_k64,text_pca256_lexical_w005
97868,61,minibatch_k64,text_pca256_lexical_w005
97869,61,minibatch_k64,text_pca256_lexical_w005
97870,21,minibatch_k64,text_pca256_lexical_w005
97871,61,minibatch_k64,text_pca256_lexical_w005
97872,61,minibatch_k64,text_pca256_lexical_w005
97873,61,minibatch_k64,text_pca256_lexical_w005
97874,61,minibatch_k64,text_pca256_lexical_w005
97875,21,minibatch_k64,text_pca256_lexical_w005
97876,61,minibatch_k64,text_pca256_lexical_w005
97877,61,minibatch_k64,text_pca256_lexical_w005
97878,61,minibatch_k64,text_pca256_lexical_w005
97879,61,minibatch_k64,text_pca256_lexical_w005
97880,0,minibatch_k64,text_pca256_lexical_w005
97881,21,minibatch_k64,text_pca256_lexical_w005
97882,21,minibatch_k64,text_pca256_lexical_w005
97883,21,minibatch_k64,text_pca256_lexical_w005
97884,21,minibatch_k64,text_pca256_lexical_w005
97885,0,minibatch_k64,text_pca256_lexical_w005
97886,62,minibatch_k64,text_pca256_lexical_w005
97887,5,minibatch_k64,text_pca256_lexical_w005
97888,8,minibatch_k64,text_pca256_lexical_w005
97889,8,minibatch_k64,text_pca256_lexical_w005
97890,14,minibatch_k64,text_pca256_lexical_w005
97891,33,minibatch_k64,text_pca256_lexical_w005
97892,21,minibatch_k64,text_pca256_lexical_w005
97893,23,minibatch_k64,text_pca256_lexical_w005
97894,23,minibatch_k64,text_pca256_lexical_w005
97895,33,minibatch_k64,text_pca256_lexical_w005
97896,0,minibatch_k64,text_pca256_lexical_w005
97897,5,minibatch_k64,text_pca256_lexical_w005
97898,5,minibatch_k64,text_pca256_lexical_w005
97899,5,minibatch_k64,text_pca256_lexical_w005
97900,5,minibatch_k64,text_pca256_lexical_w005
97901,5,minibatch_k64,text_pca256_lexical_w005
97902,5,minibatch_k64,text_pca256_lexical_w005
97903,0,minibatch_k64,text_pca256_lexical_w005
97904,15,minibatch_k64,text_pca256_lexical_w005
97905,5,minibatch_k64,text_pca256_lexical_w005
97906,5,minibatch_k64,text_pca256_lexical_w005
97907,5,minibatch_k64,text_pca256_lexical_w005
97908,46,minibatch_k64,text_pca256_lexical_w005
97909,5,minibatch_k64,text_pca256_lexical_w005
97910,62,minibatch_k64,text_pca256_lexical_w005
97911,5,minibatch_k64,text_pca256_lexical_w005
97912,0,minibatch_k64,text_pca256_lexical_w005
97913,5,minibatch_k64,text_pca256_lexical_w005
97914,5,minibatch_k64,text_pca256_lexical_w005
97915,5,minibatch_k64,text_pca256_lexical_w005
97916,8,minibatch_k64,text_pca256_lexical_w005
97917,8,minibatch_k64,text_pca256_lexical_w005
97918,15,minibatch_k64,text_pca256_lexical_w005
97919,33,minibatch_k64,text_pca256_lexical_w005
97920,5,minibatch_k64,text_pca256_lexical_w005
97921,33,minibatch_k64,text_pca256_lexical_w005
97922,21,minibatch_k64,text_pca256_lexical_w005
97923,5,minibatch_k64,text_pca256_lexical_w005
97924,14,minibatch_k64,text_pca256_lexical_w005
97925,2,minibatch_k64,text_pca256_lexical_w005
97926,14,minibatch_k64,text_pca256_lexical_w005
97927,5,minibatch_k64,text_pca256_lexical_w005
97928,5,minibatch_k64,text_pca256_lexical_w005
97929,4,minibatch_k64,text_pca256_lexical_w005
97930,5,minibatch_k64,text_pca256_lexical_w005
97931,5,minibatch_k64,text_pca256_lexical_w005
97932,5,minibatch_k64,text_pca256_lexical_w005
97933,5,minibatch_k64,text_pca256_lexical_w005
97934,33,minibatch_k64,text_pca256_lexical_w005
97935,42,minibatch_k64,text_pca256_lexical_w005
97936,5,minibatch_k64,text_pca256_lexical_w005
97937,0,minibatch_k64,text_pca256_lexical_w005
97938,5,minibatch_k64,text_pca256_lexical_w005
97939,23,minibatch_k64,text_pca256_lexical_w005
97940,62,minibatch_k64,text_pca256_lexical_w005
97941,42,minibatch_k64,text_pca256_lexical_w005
97942,42,minibatch_k64,text_pca256_lexical_w005
97943,5,minibatch_k64,text_pca256_lexical_w005
97944,5,minibatch_k64,text_pca256_lexical_w005
97945,0,minibatch_k64,text_pca256_lexical_w005
97946,5,minibatch_k64,text_pca256_lexical_w005
97947,33,minibatch_k64,text_pca256_lexical_w005
97948,0,minibatch_k64,text_pca256_lexical_w005
97949,45,minibatch_k64,text_pca256_lexical_w005
97950,23,minibatch_k64,text_pca256_lexical_w005
97951,45,minibatch_k64,text_pca256_lexical_w005
97952,8,minibatch_k64,text_pca256_lexical_w005
97953,8,minibatch_k64,text_pca256_lexical_w005
97954,42,minibatch_k64,text_pca256_lexical_w005
97955,15,minibatch_k64,text_pca256_lexical_w005
97956,8,minibatch_k64,text_pca256_lexical_w005
97957,5,minibatch_k64,text_pca256_lexical_w005
97958,5,minibatch_k64,text_pca256_lexical_w005
97959,62,minibatch_k64,text_pca256_lexical_w005
97960,23,minibatch_k64,text_pca256_lexical_w005
97961,10,minibatch_k64,text_pca256_lexical_w005
97962,15,minibatch_k64,text_pca256_lexical_w005
97963,33,minibatch_k64,text_pca256_lexical_w005
97964,62,minibatch_k64,text_pca256_lexical_w005
97965,8,minibatch_k64,text_pca256_lexical_w005
97966,5,minibatch_k64,text_pca256_lexical_w005
97967,0,minibatch_k64,text_pca256_lexical_w005
97968,33,minibatch_k64,text_pca256_lexical_w005
97969,21,minibatch_k64,text_pca256_lexical_w005
97970,0,minibatch_k64,text_pca256_lexical_w005
97971,62,minibatch_k64,text_pca256_lexical_w005
97972,45,minibatch_k64,text_pca256_lexical_w005
97973,55,minibatch_k64,text_pca256_lexical_w005
97974,8,minibatch_k64,text_pca256_lexical_w005
97975,10,minibatch_k64,text_pca256_lexical_w005
97976,5,minibatch_k64,text_pca256_lexical_w005
97977,5,minibatch_k64,text_pca256_lexical_w005
97978,42,minibatch_k64,text_pca256_lexical_w005
97979,23,minibatch_k64,text_pca256_lexical_w005
97980,5,minibatch_k64,text_pca256_lexical_w005
97981,0,minibatch_k64,text_pca256_lexical_w005
97982,8,minibatch_k64,text_pca256_lexical_w005
97983,62,minibatch_k64,text_pca256_lexical_w005
97984,0,minibatch_k64,text_pca256_lexical_w005
97985,62,minibatch_k64,text_pca256_lexical_w005
97986,5,minibatch_k64,text_pca256_lexical_w005
97987,23,minibatch_k64,text_pca256_lexical_w005
97988,62,minibatch_k64,text_pca256_lexical_w005
97989,62,minibatch_k64,text_pca256_lexical_w005
97990,62,minibatch_k64,text_pca256_lexical_w005
97991,62,minibatch_k64,text_pca256_lexical_w005
97992,21,minibatch_k64,text_pca256_lexical_w005
97993,15,minibatch_k64,text_pca256_lexical_w005
97994,15,minibatch_k64,text_pca256_lexical_w005
97995,50,minibatch_k64,text_pca256_lexical_w005
97996,33,minibatch_k64,text_pca256_lexical_w005
97997,23,minibatch_k64,text_pca256_lexical_w005
97998,8,minibatch_k64,text_pca256_lexical_w005
97999,23,minibatch_k64,text_pca256_lexical_w005
98000,8,minibatch_k64,text_pca256_lexical_w005
98001,33,minibatch_k64,text_pca256_lexical_w005
98002,33,minibatch_k64,text_pca256_lexical_w005
98003,5,minibatch_k64,text_pca256_lexical_w005
98004,5,minibatch_k64,text_pca256_lexical_w005
98005,5,minibatch_k64,text_pca256_lexical_w005
98006,0,minibatch_k64,text_pca256_lexical_w005
98007,8,minibatch_k64,text_pca256_lexical_w005
98008,5,minibatch_k64,text_pca256_lexical_w005
98009,62,minibatch_k64,text_pca256_lexical_w005
98010,0,minibatch_k64,text_pca256_lexical_w005
98011,0,minibatch_k64,text_pca256_lexical_w005
98012,62,minibatch_k64,text_pca256_lexical_w005
98013,8,minibatch_k64,text_pca256_lexical_w005
98014,62,minibatch_k64,text_pca256_lexical_w005
98015,8,minibatch_k64,text_pca256_lexical_w005
98016,8,minibatch_k64,text_pca256_lexical_w005
98017,15,minibatch_k64,text_pca256_lexical_w005
98018,39,minibatch_k64,text_pca256_lexical_w005
98019,8,minibatch_k64,text_pca256_lexical_w005
98020,15,minibatch_k64,text_pca256_lexical_w005
98021,15,minibatch_k64,text_pca256_lexical_w005
98022,8,minibatch_k64,text_pca256_lexical_w005
98023,10,minibatch_k64,text_pca256_lexical_w005
98024,21,minibatch_k64,text_pca256_lexical_w005
98025,15,minibatch_k64,text_pca256_lexical_w005
98026,21,minibatch_k64,text_pca256_lexical_w005
98027,62,minibatch_k64,text_pca256_lexical_w005
98028,62,minibatch_k64,text_pca256_lexical_w005
98029,33,minibatch_k64,text_pca256_lexical_w005
98030,0,minibatch_k64,text_pca256_lexical_w005
98031,59,minibatch_k64,text_pca256_lexical_w005
98032,50,minibatch_k64,text_pca256_lexical_w005
98033,39,minibatch_k64,text_pca256_lexical_w005
98034,10,minibatch_k64,text_pca256_lexical_w005
98035,2,minibatch_k64,text_pca256_lexical_w005
98036,2,minibatch_k64,text_pca256_lexical_w005
98037,2,minibatch_k64,text_pca256_lexical_w005
98038,2,minibatch_k64,text_pca256_lexical_w005
98039,8,minibatch_k64,text_pca256_lexical_w005
98040,2,minibatch_k64,text_pca256_lexical_w005
98041,50,minibatch_k64,text_pca256_lexical_w005
98042,62,minibatch_k64,text_pca256_lexical_w005
98043,0,minibatch_k64,text_pca256_lexical_w005
98044,62,minibatch_k64,text_pca256_lexical_w005
98045,8,minibatch_k64,text_pca256_lexical_w005
98046,0,minibatch_k64,text_pca256_lexical_w005
98047,8,minibatch_k64,text_pca256_lexical_w005
98048,8,minibatch_k64,text_pca256_lexical_w005
98049,2,minibatch_k64,text_pca256_lexical_w005
98050,33,minibatch_k64,text_pca256_lexical_w005
98051,61,minibatch_k64,text_pca256_lexical_w005
98052,5,minibatch_k64,text_pca256_lexical_w005
98053,10,minibatch_k64,text_pca256_lexical_w005
98054,15,minibatch_k64,text_pca256_lexical_w005
98055,10,minibatch_k64,text_pca256_lexical_w005
98056,0,minibatch_k64,text_pca256_lexical_w005
98057,23,minibatch_k64,text_pca256_lexical_w005
98058,33,minibatch_k64,text_pca256_lexical_w005
98059,33,minibatch_k64,text_pca256_lexical_w005
98060,0,minibatch_k64,text_pca256_lexical_w005
98061,62,minibatch_k64,text_pca256_lexical_w005
98062,15,minibatch_k64,text_pca256_lexical_w005
98063,33,minibatch_k64,text_pca256_lexical_w005
98064,10,minibatch_k64,text_pca256_lexical_w005
98065,56,minibatch_k64,text_pca256_lexical_w005
98066,33,minibatch_k64,text_pca256_lexical_w005
98067,62,minibatch_k64,text_pca256_lexical_w005
98068,59,minibatch_k64,text_pca256_lexical_w005
98069,8,minibatch_k64,text_pca256_lexical_w005
98070,0,minibatch_k64,text_pca256_lexical_w005
98071,0,minibatch_k64,text_pca256_lexical_w005
98072,50,minibatch_k64,text_pca256_lexical_w005
98073,62,minibatch_k64,text_pca256_lexical_w005
98074,0,minibatch_k64,text_pca256_lexical_w005
98075,33,minibatch_k64,text_pca256_lexical_w005
98076,0,minibatch_k64,text_pca256_lexical_w005
98077,21,minibatch_k64,text_pca256_lexical_w005
98078,0,minibatch_k64,text_pca256_lexical_w005
98079,15,minibatch_k64,text_pca256_lexical_w005
98080,29,minibatch_k64,text_pca256_lexical_w005
98081,62,minibatch_k64,text_pca256_lexical_w005
98082,8,minibatch_k64,text_pca256_lexical_w005
98083,2,minibatch_k64,text_pca256_lexical_w005
98084,0,minibatch_k64,text_pca256_lexical_w005
98085,50,minibatch_k64,text_pca256_lexical_w005
98086,39,minibatch_k64,text_pca256_lexical_w005
98087,5,minibatch_k64,text_pca256_lexical_w005
98088,8,minibatch_k64,text_pca256_lexical_w005
98089,62,minibatch_k64,text_pca256_lexical_w005
98090,33,minibatch_k64,text_pca256_lexical_w005
98091,42,minibatch_k64,text_pca256_lexical_w005
98092,10,minibatch_k64,text_pca256_lexical_w005
98093,0,minibatch_k64,text_pca256_lexical_w005
98094,39,minibatch_k64,text_pca256_lexical_w005
98095,2,minibatch_k64,text_pca256_lexical_w005
98096,62,minibatch_k64,text_pca256_lexical_w005
98097,62,minibatch_k64,text_pca256_lexical_w005
98098,59,minibatch_k64,text_pca256_lexical_w005
98099,15,minibatch_k64,text_pca256_lexical_w005
98100,33,minibatch_k64,text_pca256_lexical_w005
98101,0,minibatch_k64,text_pca256_lexical_w005
98102,0,minibatch_k64,text_pca256_lexical_w005
98103,25,minibatch_k64,text_pca256_lexical_w005
98104,59,minibatch_k64,text_pca256_lexical_w005
98105,42,minibatch_k64,text_pca256_lexical_w005
98106,0,minibatch_k64,text_pca256_lexical_w005
98107,8,minibatch_k64,text_pca256_lexical_w005
98108,2,minibatch_k64,text_pca256_lexical_w005
98109,29,minibatch_k64,text_pca256_lexical_w005
98110,15,minibatch_k64,text_pca256_lexical_w005
98111,15,minibatch_k64,text_pca256_lexical_w005
98112,15,minibatch_k64,text_pca256_lexical_w005
98113,33,minibatch_k64,text_pca256_lexical_w005
98114,8,minibatch_k64,text_pca256_lexical_w005
98115,45,minibatch_k64,text_pca256_lexical_w005
98116,0,minibatch_k64,text_pca256_lexical_w005
98117,50,minibatch_k64,text_pca256_lexical_w005
98118,8,minibatch_k64,text_pca256_lexical_w005
98119,33,minibatch_k64,text_pca256_lexical_w005
98120,8,minibatch_k64,text_pca256_lexical_w005
98121,8,minibatch_k64,text_pca256_lexical_w005
98122,23,minibatch_k64,text_pca256_lexical_w005
98123,0,minibatch_k64,text_pca256_lexical_w005
98124,8,minibatch_k64,text_pca256_lexical_w005
98125,8,minibatch_k64,text_pca256_lexical_w005
98126,56,minibatch_k64,text_pca256_lexical_w005
98127,8,minibatch_k64,text_pca256_lexical_w005
98128,0,minibatch_k64,text_pca256_lexical_w005
98129,0,minibatch_k64,text_pca256_lexical_w005
98130,0,minibatch_k64,text_pca256_lexical_w005
98131,18,minibatch_k64,text_pca256_lexical_w005
98132,8,minibatch_k64,text_pca256_lexical_w005
98133,23,minibatch_k64,text_pca256_lexical_w005
98134,50,minibatch_k64,text_pca256_lexical_w005
98135,50,minibatch_k64,text_pca256_lexical_w005
98136,50,minibatch_k64,text_pca256_lexical_w005
98137,8,minibatch_k64,text_pca256_lexical_w005
98138,23,minibatch_k64,text_pca256_lexical_w005
98139,0,minibatch_k64,text_pca256_lexical_w005
98140,33,minibatch_k64,text_pca256_lexical_w005
98141,53,minibatch_k64,text_pca256_lexical_w005
98142,33,minibatch_k64,text_pca256_lexical_w005
98143,45,minibatch_k64,text_pca256_lexical_w005
98144,33,minibatch_k64,text_pca256_lexical_w005
98145,62,minibatch_k64,text_pca256_lexical_w005
98146,0,minibatch_k64,text_pca256_lexical_w005
98147,45,minibatch_k64,text_pca256_lexical_w005
98148,62,minibatch_k64,text_pca256_lexical_w005
98149,33,minibatch_k64,text_pca256_lexical_w005
98150,45,minibatch_k64,text_pca256_lexical_w005
98151,45,minibatch_k64,text_pca256_lexical_w005
98152,0,minibatch_k64,text_pca256_lexical_w005
98153,23,minibatch_k64,text_pca256_lexical_w005
98154,8,minibatch_k64,text_pca256_lexical_w005
98155,8,minibatch_k64,text_pca256_lexical_w005
98156,45,minibatch_k64,text_pca256_lexical_w005
98157,8,minibatch_k64,text_pca256_lexical_w005
98158,62,minibatch_k64,text_pca256_lexical_w005
98159,0,minibatch_k64,text_pca256_lexical_w005
98160,8,minibatch_k64,text_pca256_lexical_w005
98161,0,minibatch_k64,text_pca256_lexical_w005
98162,33,minibatch_k64,text_pca256_lexical_w005
98163,15,minibatch_k64,text_pca256_lexical_w005
98164,33,minibatch_k64,text_pca256_lexical_w005
98165,0,minibatch_k64,text_pca256_lexical_w005
98166,62,minibatch_k64,text_pca256_lexical_w005
98167,15,minibatch_k64,text_pca256_lexical_w005
98168,15,minibatch_k64,text_pca256_lexical_w005
98169,21,minibatch_k64,text_pca256_lexical_w005
98170,62,minibatch_k64,text_pca256_lexical_w005
98171,5,minibatch_k64,text_pca256_lexical_w005
98172,45,minibatch_k64,text_pca256_lexical_w005
98173,0,minibatch_k64,text_pca256_lexical_w005
98174,45,minibatch_k64,text_pca256_lexical_w005
98175,45,minibatch_k64,text_pca256_lexical_w005
98176,21,minibatch_k64,text_pca256_lexical_w005
98177,21,minibatch_k64,text_pca256_lexical_w005
98178,45,minibatch_k64,text_pca256_lexical_w005
98179,15,minibatch_k64,text_pca256_lexical_w005
98180,45,minibatch_k64,text_pca256_lexical_w005
98181,33,minibatch_k64,text_pca256_lexical_w005
98182,45,minibatch_k64,text_pca256_lexical_w005
98183,15,minibatch_k64,text_pca256_lexical_w005
98184,15,minibatch_k64,text_pca256_lexical_w005
98185,45,minibatch_k64,text_pca256_lexical_w005
98186,62,minibatch_k64,text_pca256_lexical_w005
98187,33,minibatch_k64,text_pca256_lexical_w005
98188,0,minibatch_k64,text_pca256_lexical_w005
98189,62,minibatch_k64,text_pca256_lexical_w005
98190,0,minibatch_k64,text_pca256_lexical_w005
98191,42,minibatch_k64,text_pca256_lexical_w005
98192,0,minibatch_k64,text_pca256_lexical_w005
98193,33,minibatch_k64,text_pca256_lexical_w005
98194,39,minibatch_k64,text_pca256_lexical_w005
98195,62,minibatch_k64,text_pca256_lexical_w005
98196,10,minibatch_k64,text_pca256_lexical_w005
98197,33,minibatch_k64,text_pca256_lexical_w005
98198,53,minibatch_k64,text_pca256_lexical_w005
98199,33,minibatch_k64,text_pca256_lexical_w005
98200,4,minibatch_k64,text_pca256_lexical_w005
98201,33,minibatch_k64,text_pca256_lexical_w005
98202,62,minibatch_k64,text_pca256_lexical_w005
98203,8,minibatch_k64,text_pca256_lexical_w005
98204,0,minibatch_k64,text_pca256_lexical_w005
98205,0,minibatch_k64,text_pca256_lexical_w005
98206,8,minibatch_k64,text_pca256_lexical_w005
98207,62,minibatch_k64,text_pca256_lexical_w005
98208,23,minibatch_k64,text_pca256_lexical_w005
98209,45,minibatch_k64,text_pca256_lexical_w005
98210,50,minibatch_k64,text_pca256_lexical_w005
98211,2,minibatch_k64,text_pca256_lexical_w005
98212,33,minibatch_k64,text_pca256_lexical_w005
98213,33,minibatch_k64,text_pca256_lexical_w005
98214,45,minibatch_k64,text_pca256_lexical_w005
98215,0,minibatch_k64,text_pca256_lexical_w005
98216,62,minibatch_k64,text_pca256_lexical_w005
98217,45,minibatch_k64,text_pca256_lexical_w005
98218,0,minibatch_k64,text_pca256_lexical_w005
98219,55,minibatch_k64,text_pca256_lexical_w005
98220,33,minibatch_k64,text_pca256_lexical_w005
98221,4,minibatch_k64,text_pca256_lexical_w005
98222,62,minibatch_k64,text_pca256_lexical_w005
98223,23,minibatch_k64,text_pca256_lexical_w005
98224,50,minibatch_k64,text_pca256_lexical_w005
98225,50,minibatch_k64,text_pca256_lexical_w005
98226,33,minibatch_k64,text_pca256_lexical_w005
98227,21,minibatch_k64,text_pca256_lexical_w005
98228,0,minibatch_k64,text_pca256_lexical_w005
98229,0,minibatch_k64,text_pca256_lexical_w005
98230,0,minibatch_k64,text_pca256_lexical_w005
98231,0,minibatch_k64,text_pca256_lexical_w005
98232,62,minibatch_k64,text_pca256_lexical_w005
98233,15,minibatch_k64,text_pca256_lexical_w005
98234,0,minibatch_k64,text_pca256_lexical_w005
98235,0,minibatch_k64,text_pca256_lexical_w005
98236,15,minibatch_k64,text_pca256_lexical_w005
98237,62,minibatch_k64,text_pca256_lexical_w005
98238,62,minibatch_k64,text_pca256_lexical_w005
98239,59,minibatch_k64,text_pca256_lexical_w005
98240,0,minibatch_k64,text_pca256_lexical_w005
98241,0,minibatch_k64,text_pca256_lexical_w005
98242,5,minibatch_k64,text_pca256_lexical_w005
98243,8,minibatch_k64,text_pca256_lexical_w005
98244,15,minibatch_k64,text_pca256_lexical_w005
98245,62,minibatch_k64,text_pca256_lexical_w005
98246,8,minibatch_k64,text_pca256_lexical_w005
98247,62,minibatch_k64,text_pca256_lexical_w005
98248,10,minibatch_k64,text_pca256_lexical_w005
98249,62,minibatch_k64,text_pca256_lexical_w005
98250,2,minibatch_k64,text_pca256_lexical_w005
98251,0,minibatch_k64,text_pca256_lexical_w005
98252,33,minibatch_k64,text_pca256_lexical_w005
98253,15,minibatch_k64,text_pca256_lexical_w005
98254,21,minibatch_k64,text_pca256_lexical_w005
98255,50,minibatch_k64,text_pca256_lexical_w005
98256,50,minibatch_k64,text_pca256_lexical_w005
98257,0,minibatch_k64,text_pca256_lexical_w005
98258,59,minibatch_k64,text_pca256_lexical_w005
98259,59,minibatch_k64,text_pca256_lexical_w005
98260,5,minibatch_k64,text_pca256_lexical_w005
98261,0,minibatch_k64,text_pca256_lexical_w005
98262,8,minibatch_k64,text_pca256_lexical_w005
98263,21,minibatch_k64,text_pca256_lexical_w005
98264,62,minibatch_k64,text_pca256_lexical_w005
98265,8,minibatch_k64,text_pca256_lexical_w005
98266,33,minibatch_k64,text_pca256_lexical_w005
98267,33,minibatch_k64,text_pca256_lexical_w005
98268,62,minibatch_k64,text_pca256_lexical_w005
98269,0,minibatch_k64,text_pca256_lexical_w005
98270,4,minibatch_k64,text_pca256_lexical_w005
98271,59,minibatch_k64,text_pca256_lexical_w005
98272,62,minibatch_k64,text_pca256_lexical_w005
98273,0,minibatch_k64,text_pca256_lexical_w005
98274,61,minibatch_k64,text_pca256_lexical_w005
98275,0,minibatch_k64,text_pca256_lexical_w005
98276,0,minibatch_k64,text_pca256_lexical_w005
98277,0,minibatch_k64,text_pca256_lexical_w005
98278,8,minibatch_k64,text_pca256_lexical_w005
98279,0,minibatch_k64,text_pca256_lexical_w005
98280,0,minibatch_k64,text_pca256_lexical_w005
98281,8,minibatch_k64,text_pca256_lexical_w005
98282,42,minibatch_k64,text_pca256_lexical_w005
98283,48,minibatch_k64,text_pca256_lexical_w005
98284,59,minibatch_k64,text_pca256_lexical_w005
98285,8,minibatch_k64,text_pca256_lexical_w005
98286,0,minibatch_k64,text_pca256_lexical_w005
98287,15,minibatch_k64,text_pca256_lexical_w005
98288,15,minibatch_k64,text_pca256_lexical_w005
98289,62,minibatch_k64,text_pca256_lexical_w005
98290,62,minibatch_k64,text_pca256_lexical_w005
98291,0,minibatch_k64,text_pca256_lexical_w005
98292,33,minibatch_k64,text_pca256_lexical_w005
98293,61,minibatch_k64,text_pca256_lexical_w005
98294,0,minibatch_k64,text_pca256_lexical_w005
98295,0,minibatch_k64,text_pca256_lexical_w005
98296,33,minibatch_k64,text_pca256_lexical_w005
98297,0,minibatch_k64,text_pca256_lexical_w005
98298,15,minibatch_k64,text_pca256_lexical_w005
98299,33,minibatch_k64,text_pca256_lexical_w005
98300,0,minibatch_k64,text_pca256_lexical_w005
98301,33,minibatch_k64,text_pca256_lexical_w005
98302,45,minibatch_k64,text_pca256_lexical_w005
98303,0,minibatch_k64,text_pca256_lexical_w005
98304,8,minibatch_k64,text_pca256_lexical_w005
98305,8,minibatch_k64,text_pca256_lexical_w005
98306,10,minibatch_k64,text_pca256_lexical_w005
98307,8,minibatch_k64,text_pca256_lexical_w005
98308,15,minibatch_k64,text_pca256_lexical_w005
98309,62,minibatch_k64,text_pca256_lexical_w005
98310,0,minibatch_k64,text_pca256_lexical_w005
98311,33,minibatch_k64,text_pca256_lexical_w005
98312,15,minibatch_k64,text_pca256_lexical_w005
98313,15,minibatch_k64,text_pca256_lexical_w005
98314,42,minibatch_k64,text_pca256_lexical_w005
98315,56,minibatch_k64,text_pca256_lexical_w005
98316,21,minibatch_k64,text_pca256_lexical_w005
98317,23,minibatch_k64,text_pca256_lexical_w005
98318,0,minibatch_k64,text_pca256_lexical_w005
98319,21,minibatch_k64,text_pca256_lexical_w005
98320,0,minibatch_k64,text_pca256_lexical_w005
98321,8,minibatch_k64,text_pca256_lexical_w005
98322,0,minibatch_k64,text_pca256_lexical_w005
98323,62,minibatch_k64,text_pca256_lexical_w005
98324,8,minibatch_k64,text_pca256_lexical_w005
98325,8,minibatch_k64,text_pca256_lexical_w005
98326,8,minibatch_k64,text_pca256_lexical_w005
98327,50,minibatch_k64,text_pca256_lexical_w005
98328,8,minibatch_k64,text_pca256_lexical_w005
98329,8,minibatch_k64,text_pca256_lexical_w005
98330,8,minibatch_k64,text_pca256_lexical_w005
98331,33,minibatch_k64,text_pca256_lexical_w005
98332,0,minibatch_k64,text_pca256_lexical_w005
98333,50,minibatch_k64,text_pca256_lexical_w005
98334,33,minibatch_k64,text_pca256_lexical_w005
98335,10,minibatch_k64,text_pca256_lexical_w005
98336,33,minibatch_k64,text_pca256_lexical_w005
98337,4,minibatch_k64,text_pca256_lexical_w005
98338,56,minibatch_k64,text_pca256_lexical_w005
98339,59,minibatch_k64,text_pca256_lexical_w005
98340,0,minibatch_k64,text_pca256_lexical_w005
98341,0,minibatch_k64,text_pca256_lexical_w005
98342,15,minibatch_k64,text_pca256_lexical_w005
98343,59,minibatch_k64,text_pca256_lexical_w005
98344,33,minibatch_k64,text_pca256_lexical_w005
98345,8,minibatch_k64,text_pca256_lexical_w005
98346,45,minibatch_k64,text_pca256_lexical_w005
98347,0,minibatch_k64,text_pca256_lexical_w005
98348,8,minibatch_k64,text_pca256_lexical_w005
98349,0,minibatch_k64,text_pca256_lexical_w005
98350,47,minibatch_k64,text_pca256_lexical_w005
98351,0,minibatch_k64,text_pca256_lexical_w005
98352,10,minibatch_k64,text_pca256_lexical_w005
98353,2,minibatch_k64,text_pca256_lexical_w005
98354,8,minibatch_k64,text_pca256_lexical_w005
98355,33,minibatch_k64,text_pca256_lexical_w005
98356,2,minibatch_k64,text_pca256_lexical_w005
98357,23,minibatch_k64,text_pca256_lexical_w005
98358,23,minibatch_k64,text_pca256_lexical_w005
98359,8,minibatch_k64,text_pca256_lexical_w005
98360,45,minibatch_k64,text_pca256_lexical_w005
98361,21,minibatch_k64,text_pca256_lexical_w005
98362,45,minibatch_k64,text_pca256_lexical_w005
98363,8,minibatch_k64,text_pca256_lexical_w005
98364,23,minibatch_k64,text_pca256_lexical_w005
98365,0,minibatch_k64,text_pca256_lexical_w005
98366,25,minibatch_k64,text_pca256_lexical_w005
98367,33,minibatch_k64,text_pca256_lexical_w005
98368,33,minibatch_k64,text_pca256_lexical_w005
98369,33,minibatch_k64,text_pca256_lexical_w005
98370,38,minibatch_k64,text_pca256_lexical_w005
98371,58,minibatch_k64,text_pca256_lexical_w005
98372,33,minibatch_k64,text_pca256_lexical_w005
98373,33,minibatch_k64,text_pca256_lexical_w005
98374,42,minibatch_k64,text_pca256_lexical_w005
98375,0,minibatch_k64,text_pca256_lexical_w005
98376,55,minibatch_k64,text_pca256_lexical_w005
98377,2,minibatch_k64,text_pca256_lexical_w005
98378,50,minibatch_k64,text_pca256_lexical_w005
98379,50,minibatch_k64,text_pca256_lexical_w005
98380,50,minibatch_k64,text_pca256_lexical_w005
98381,23,minibatch_k64,text_pca256_lexical_w005
98382,54,minibatch_k64,text_pca256_lexical_w005
98383,62,minibatch_k64,text_pca256_lexical_w005
98384,0,minibatch_k64,text_pca256_lexical_w005
98385,59,minibatch_k64,text_pca256_lexical_w005
98386,4,minibatch_k64,text_pca256_lexical_w005
98387,2,minibatch_k64,text_pca256_lexical_w005
98388,4,minibatch_k64,text_pca256_lexical_w005
98389,59,minibatch_k64,text_pca256_lexical_w005
98390,61,minibatch_k64,text_pca256_lexical_w005
98391,8,minibatch_k64,text_pca256_lexical_w005
98392,0,minibatch_k64,text_pca256_lexical_w005
98393,2,minibatch_k64,text_pca256_lexical_w005
98394,8,minibatch_k64,text_pca256_lexical_w005
98395,61,minibatch_k64,text_pca256_lexical_w005
98396,23,minibatch_k64,text_pca256_lexical_w005
98397,0,minibatch_k64,text_pca256_lexical_w005
98398,0,minibatch_k64,text_pca256_lexical_w005
98399,10,minibatch_k64,text_pca256_lexical_w005
98400,47,minibatch_k64,text_pca256_lexical_w005
98401,10,minibatch_k64,text_pca256_lexical_w005
98402,0,minibatch_k64,text_pca256_lexical_w005
98403,53,minibatch_k64,text_pca256_lexical_w005
98404,50,minibatch_k64,text_pca256_lexical_w005
98405,33,minibatch_k64,text_pca256_lexical_w005
98406,33,minibatch_k64,text_pca256_lexical_w005
98407,0,minibatch_k64,text_pca256_lexical_w005
98408,50,minibatch_k64,text_pca256_lexical_w005
98409,50,minibatch_k64,text_pca256_lexical_w005
98410,0,minibatch_k64,text_pca256_lexical_w005
98411,0,minibatch_k64,text_pca256_lexical_w005
98412,50,minibatch_k64,text_pca256_lexical_w005
98413,15,minibatch_k64,text_pca256_lexical_w005
98414,0,minibatch_k64,text_pca256_lexical_w005
98415,33,minibatch_k64,text_pca256_lexical_w005
98416,50,minibatch_k64,text_pca256_lexical_w005
98417,50,minibatch_k64,text_pca256_lexical_w005
98418,50,minibatch_k64,text_pca256_lexical_w005
98419,62,minibatch_k64,text_pca256_lexical_w005
98420,2,minibatch_k64,text_pca256_lexical_w005
98421,50,minibatch_k64,text_pca256_lexical_w005
98422,0,minibatch_k64,text_pca256_lexical_w005
98423,23,minibatch_k64,text_pca256_lexical_w005
98424,0,minibatch_k64,text_pca256_lexical_w005
98425,45,minibatch_k64,text_pca256_lexical_w005
98426,42,minibatch_k64,text_pca256_lexical_w005
98427,50,minibatch_k64,text_pca256_lexical_w005
98428,0,minibatch_k64,text_pca256_lexical_w005
98429,25,minibatch_k64,text_pca256_lexical_w005
98430,21,minibatch_k64,text_pca256_lexical_w005
98431,33,minibatch_k64,text_pca256_lexical_w005
98432,62,minibatch_k64,text_pca256_lexical_w005
98433,62,minibatch_k64,text_pca256_lexical_w005
98434,62,minibatch_k64,text_pca256_lexical_w005
98435,10,minibatch_k64,text_pca256_lexical_w005
98436,8,minibatch_k64,text_pca256_lexical_w005
98437,10,minibatch_k64,text_pca256_lexical_w005
98438,18,minibatch_k64,text_pca256_lexical_w005
98439,23,minibatch_k64,text_pca256_lexical_w005
98440,33,minibatch_k64,text_pca256_lexical_w005
98441,53,minibatch_k64,text_pca256_lexical_w005
98442,45,minibatch_k64,text_pca256_lexical_w005
98443,15,minibatch_k64,text_pca256_lexical_w005
98444,0,minibatch_k64,text_pca256_lexical_w005
98445,8,minibatch_k64,text_pca256_lexical_w005
98446,8,minibatch_k64,text_pca256_lexical_w005
98447,0,minibatch_k64,text_pca256_lexical_w005
98448,5,minibatch_k64,text_pca256_lexical_w005
98449,10,minibatch_k64,text_pca256_lexical_w005
98450,50,minibatch_k64,text_pca256_lexical_w005
98451,23,minibatch_k64,text_pca256_lexical_w005
98452,50,minibatch_k64,text_pca256_lexical_w005
98453,42,minibatch_k64,text_pca256_lexical_w005
98454,23,minibatch_k64,text_pca256_lexical_w005
98455,58,minibatch_k64,text_pca256_lexical_w005
98456,58,minibatch_k64,text_pca256_lexical_w005
98457,56,minibatch_k64,text_pca256_lexical_w005
98458,23,minibatch_k64,text_pca256_lexical_w005
98459,45,minibatch_k64,text_pca256_lexical_w005
98460,45,minibatch_k64,text_pca256_lexical_w005
98461,62,minibatch_k64,text_pca256_lexical_w005
98462,8,minibatch_k64,text_pca256_lexical_w005
98463,45,minibatch_k64,text_pca256_lexical_w005
98464,23,minibatch_k64,text_pca256_lexical_w005
98465,55,minibatch_k64,text_pca256_lexical_w005
98466,54,minibatch_k64,text_pca256_lexical_w005
98467,23,minibatch_k64,text_pca256_lexical_w005
98468,45,minibatch_k64,text_pca256_lexical_w005
98469,45,minibatch_k64,text_pca256_lexical_w005
98470,23,minibatch_k64,text_pca256_lexical_w005
98471,62,minibatch_k64,text_pca256_lexical_w005
98472,45,minibatch_k64,text_pca256_lexical_w005
98473,45,minibatch_k64,text_pca256_lexical_w005
98474,8,minibatch_k64,text_pca256_lexical_w005
98475,0,minibatch_k64,text_pca256_lexical_w005
98476,0,minibatch_k64,text_pca256_lexical_w005
98477,23,minibatch_k64,text_pca256_lexical_w005
98478,0,minibatch_k64,text_pca256_lexical_w005
98479,4,minibatch_k64,text_pca256_lexical_w005
98480,4,minibatch_k64,text_pca256_lexical_w005
98481,15,minibatch_k64,text_pca256_lexical_w005
98482,5,minibatch_k64,text_pca256_lexical_w005
98483,0,minibatch_k64,text_pca256_lexical_w005
98484,50,minibatch_k64,text_pca256_lexical_w005
98485,8,minibatch_k64,text_pca256_lexical_w005
98486,0,minibatch_k64,text_pca256_lexical_w005
98487,62,minibatch_k64,text_pca256_lexical_w005
98488,0,minibatch_k64,text_pca256_lexical_w005
98489,10,minibatch_k64,text_pca256_lexical_w005
98490,62,minibatch_k64,text_pca256_lexical_w005
98491,8,minibatch_k64,text_pca256_lexical_w005
98492,50,minibatch_k64,text_pca256_lexical_w005
98493,62,minibatch_k64,text_pca256_lexical_w005
98494,21,minibatch_k64,text_pca256_lexical_w005
98495,33,minibatch_k64,text_pca256_lexical_w005
98496,15,minibatch_k64,text_pca256_lexical_w005
98497,33,minibatch_k64,text_pca256_lexical_w005
98498,8,minibatch_k64,text_pca256_lexical_w005
98499,8,minibatch_k64,text_pca256_lexical_w005
98500,10,minibatch_k64,text_pca256_lexical_w005
98501,8,minibatch_k64,text_pca256_lexical_w005
98502,8,minibatch_k64,text_pca256_lexical_w005
98503,8,minibatch_k64,text_pca256_lexical_w005
98504,0,minibatch_k64,text_pca256_lexical_w005
98505,10,minibatch_k64,text_pca256_lexical_w005
98506,8,minibatch_k64,text_pca256_lexical_w005
98507,8,minibatch_k64,text_pca256_lexical_w005
98508,0,minibatch_k64,text_pca256_lexical_w005
98509,10,minibatch_k64,text_pca256_lexical_w005
98510,0,minibatch_k64,text_pca256_lexical_w005
98511,62,minibatch_k64,text_pca256_lexical_w005
98512,62,minibatch_k64,text_pca256_lexical_w005
98513,50,minibatch_k64,text_pca256_lexical_w005
98514,8,minibatch_k64,text_pca256_lexical_w005
98515,33,minibatch_k64,text_pca256_lexical_w005
98516,8,minibatch_k64,text_pca256_lexical_w005
98517,0,minibatch_k64,text_pca256_lexical_w005
98518,50,minibatch_k64,text_pca256_lexical_w005
98519,0,minibatch_k64,text_pca256_lexical_w005
98520,2,minibatch_k64,text_pca256_lexical_w005
98521,15,minibatch_k64,text_pca256_lexical_w005
98522,0,minibatch_k64,text_pca256_lexical_w005
98523,0,minibatch_k64,text_pca256_lexical_w005
98524,21,minibatch_k64,text_pca256_lexical_w005
98525,0,minibatch_k64,text_pca256_lexical_w005
98526,8,minibatch_k64,text_pca256_lexical_w005
98527,0,minibatch_k64,text_pca256_lexical_w005
98528,15,minibatch_k64,text_pca256_lexical_w005
98529,8,minibatch_k64,text_pca256_lexical_w005
98530,33,minibatch_k64,text_pca256_lexical_w005
98531,0,minibatch_k64,text_pca256_lexical_w005
98532,8,minibatch_k64,text_pca256_lexical_w005
98533,8,minibatch_k64,text_pca256_lexical_w005
98534,50,minibatch_k64,text_pca256_lexical_w005
98535,62,minibatch_k64,text_pca256_lexical_w005
98536,33,minibatch_k64,text_pca256_lexical_w005
98537,45,minibatch_k64,text_pca256_lexical_w005
98538,8,minibatch_k64,text_pca256_lexical_w005
98539,0,minibatch_k64,text_pca256_lexical_w005
98540,5,minibatch_k64,text_pca256_lexical_w005
98541,0,minibatch_k64,text_pca256_lexical_w005
98542,50,minibatch_k64,text_pca256_lexical_w005
98543,46,minibatch_k64,text_pca256_lexical_w005
98544,25,minibatch_k64,text_pca256_lexical_w005
98545,15,minibatch_k64,text_pca256_lexical_w005
98546,23,minibatch_k64,text_pca256_lexical_w005
98547,59,minibatch_k64,text_pca256_lexical_w005
98548,50,minibatch_k64,text_pca256_lexical_w005
98549,45,minibatch_k64,text_pca256_lexical_w005
98550,50,minibatch_k64,text_pca256_lexical_w005
98551,58,minibatch_k64,text_pca256_lexical_w005
98552,45,minibatch_k64,text_pca256_lexical_w005
98553,58,minibatch_k64,text_pca256_lexical_w005
98554,2,minibatch_k64,text_pca256_lexical_w005
98555,45,minibatch_k64,text_pca256_lexical_w005
98556,55,minibatch_k64,text_pca256_lexical_w005
98557,54,minibatch_k64,text_pca256_lexical_w005
98558,10,minibatch_k64,text_pca256_lexical_w005
98559,62,minibatch_k64,text_pca256_lexical_w005
98560,15,minibatch_k64,text_pca256_lexical_w005
98561,8,minibatch_k64,text_pca256_lexical_w005
98562,4,minibatch_k64,text_pca256_lexical_w005
98563,62,minibatch_k64,text_pca256_lexical_w005
98564,62,minibatch_k64,text_pca256_lexical_w005
98565,4,minibatch_k64,text_pca256_lexical_w005
98566,15,minibatch_k64,text_pca256_lexical_w005
98567,50,minibatch_k64,text_pca256_lexical_w005
98568,10,minibatch_k64,text_pca256_lexical_w005
98569,4,minibatch_k64,text_pca256_lexical_w005
98570,45,minibatch_k64,text_pca256_lexical_w005
98571,15,minibatch_k64,text_pca256_lexical_w005
98572,10,minibatch_k64,text_pca256_lexical_w005
98573,59,minibatch_k64,text_pca256_lexical_w005
98574,15,minibatch_k64,text_pca256_lexical_w005
98575,0,minibatch_k64,text_pca256_lexical_w005
98576,10,minibatch_k64,text_pca256_lexical_w005
98577,0,minibatch_k64,text_pca256_lexical_w005
98578,23,minibatch_k64,text_pca256_lexical_w005
98579,15,minibatch_k64,text_pca256_lexical_w005
98580,8,minibatch_k64,text_pca256_lexical_w005
98581,62,minibatch_k64,text_pca256_lexical_w005
98582,8,minibatch_k64,text_pca256_lexical_w005
98583,50,minibatch_k64,text_pca256_lexical_w005
98584,62,minibatch_k64,text_pca256_lexical_w005
98585,5,minibatch_k64,text_pca256_lexical_w005
98586,48,minibatch_k64,text_pca256_lexical_w005
98587,0,minibatch_k64,text_pca256_lexical_w005
98588,8,minibatch_k64,text_pca256_lexical_w005
98589,8,minibatch_k64,text_pca256_lexical_w005
98590,62,minibatch_k64,text_pca256_lexical_w005
98591,0,minibatch_k64,text_pca256_lexical_w005
98592,50,minibatch_k64,text_pca256_lexical_w005
98593,2,minibatch_k64,text_pca256_lexical_w005
98594,62,minibatch_k64,text_pca256_lexical_w005
98595,8,minibatch_k64,text_pca256_lexical_w005
98596,0,minibatch_k64,text_pca256_lexical_w005
98597,23,minibatch_k64,text_pca256_lexical_w005
98598,8,minibatch_k64,text_pca256_lexical_w005
98599,2,minibatch_k64,text_pca256_lexical_w005
98600,15,minibatch_k64,text_pca256_lexical_w005
98601,15,minibatch_k64,text_pca256_lexical_w005
98602,15,minibatch_k64,text_pca256_lexical_w005
98603,39,minibatch_k64,text_pca256_lexical_w005
98604,62,minibatch_k64,text_pca256_lexical_w005
98605,50,minibatch_k64,text_pca256_lexical_w005
98606,10,minibatch_k64,text_pca256_lexical_w005
98607,0,minibatch_k64,text_pca256_lexical_w005
98608,0,minibatch_k64,text_pca256_lexical_w005
98609,2,minibatch_k64,text_pca256_lexical_w005
98610,15,minibatch_k64,text_pca256_lexical_w005
98611,47,minibatch_k64,text_pca256_lexical_w005
98612,62,minibatch_k64,text_pca256_lexical_w005
98613,8,minibatch_k64,text_pca256_lexical_w005
98614,62,minibatch_k64,text_pca256_lexical_w005
98615,0,minibatch_k64,text_pca256_lexical_w005
98616,2,minibatch_k64,text_pca256_lexical_w005
98617,2,minibatch_k64,text_pca256_lexical_w005
98618,8,minibatch_k64,text_pca256_lexical_w005
98619,2,minibatch_k64,text_pca256_lexical_w005
98620,33,minibatch_k64,text_pca256_lexical_w005
98621,0,minibatch_k64,text_pca256_lexical_w005
98622,2,minibatch_k64,text_pca256_lexical_w005
98623,45,minibatch_k64,text_pca256_lexical_w005
98624,8,minibatch_k64,text_pca256_lexical_w005
98625,0,minibatch_k64,text_pca256_lexical_w005
98626,62,minibatch_k64,text_pca256_lexical_w005
98627,0,minibatch_k64,text_pca256_lexical_w005
98628,29,minibatch_k64,text_pca256_lexical_w005
98629,2,minibatch_k64,text_pca256_lexical_w005
98630,59,minibatch_k64,text_pca256_lexical_w005
98631,0,minibatch_k64,text_pca256_lexical_w005
98632,39,minibatch_k64,text_pca256_lexical_w005
98633,2,minibatch_k64,text_pca256_lexical_w005
98634,33,minibatch_k64,text_pca256_lexical_w005
98635,59,minibatch_k64,text_pca256_lexical_w005
98636,10,minibatch_k64,text_pca256_lexical_w005
98637,8,minibatch_k64,text_pca256_lexical_w005
98638,62,minibatch_k64,text_pca256_lexical_w005
98639,50,minibatch_k64,text_pca256_lexical_w005
98640,10,minibatch_k64,text_pca256_lexical_w005
98641,62,minibatch_k64,text_pca256_lexical_w005
98642,15,minibatch_k64,text_pca256_lexical_w005
98643,62,minibatch_k64,text_pca256_lexical_w005
98644,0,minibatch_k64,text_pca256_lexical_w005
98645,50,minibatch_k64,text_pca256_lexical_w005
98646,62,minibatch_k64,text_pca256_lexical_w005
98647,23,minibatch_k64,text_pca256_lexical_w005
98648,33,minibatch_k64,text_pca256_lexical_w005
98649,47,minibatch_k64,text_pca256_lexical_w005
98650,23,minibatch_k64,text_pca256_lexical_w005
98651,8,minibatch_k64,text_pca256_lexical_w005
98652,8,minibatch_k64,text_pca256_lexical_w005
98653,0,minibatch_k64,text_pca256_lexical_w005
98654,18,minibatch_k64,text_pca256_lexical_w005
98655,15,minibatch_k64,text_pca256_lexical_w005
98656,0,minibatch_k64,text_pca256_lexical_w005
98657,39,minibatch_k64,text_pca256_lexical_w005
98658,15,minibatch_k64,text_pca256_lexical_w005
98659,62,minibatch_k64,text_pca256_lexical_w005
98660,47,minibatch_k64,text_pca256_lexical_w005
98661,0,minibatch_k64,text_pca256_lexical_w005
98662,0,minibatch_k64,text_pca256_lexical_w005
98663,29,minibatch_k64,text_pca256_lexical_w005
98664,8,minibatch_k64,text_pca256_lexical_w005
98665,8,minibatch_k64,text_pca256_lexical_w005
98666,42,minibatch_k64,text_pca256_lexical_w005
98667,33,minibatch_k64,text_pca256_lexical_w005
98668,42,minibatch_k64,text_pca256_lexical_w005
98669,0,minibatch_k64,text_pca256_lexical_w005
98670,33,minibatch_k64,text_pca256_lexical_w005
98671,10,minibatch_k64,text_pca256_lexical_w005
98672,25,minibatch_k64,text_pca256_lexical_w005
98673,33,minibatch_k64,text_pca256_lexical_w005
98674,8,minibatch_k64,text_pca256_lexical_w005
98675,10,minibatch_k64,text_pca256_lexical_w005
98676,59,minibatch_k64,text_pca256_lexical_w005
98677,10,minibatch_k64,text_pca256_lexical_w005
98678,5,minibatch_k64,text_pca256_lexical_w005
98679,21,minibatch_k64,text_pca256_lexical_w005
98680,58,minibatch_k64,text_pca256_lexical_w005
98681,45,minibatch_k64,text_pca256_lexical_w005
98682,58,minibatch_k64,text_pca256_lexical_w005
98683,45,minibatch_k64,text_pca256_lexical_w005
98684,50,minibatch_k64,text_pca256_lexical_w005
98685,45,minibatch_k64,text_pca256_lexical_w005
98686,55,minibatch_k64,text_pca256_lexical_w005
98687,54,minibatch_k64,text_pca256_lexical_w005
98688,15,minibatch_k64,text_pca256_lexical_w005
98689,62,minibatch_k64,text_pca256_lexical_w005
98690,62,minibatch_k64,text_pca256_lexical_w005
98691,5,minibatch_k64,text_pca256_lexical_w005
98692,8,minibatch_k64,text_pca256_lexical_w005
98693,4,minibatch_k64,text_pca256_lexical_w005
98694,0,minibatch_k64,text_pca256_lexical_w005
98695,4,minibatch_k64,text_pca256_lexical_w005
98696,4,minibatch_k64,text_pca256_lexical_w005
98697,33,minibatch_k64,text_pca256_lexical_w005
98698,23,minibatch_k64,text_pca256_lexical_w005
98699,5,minibatch_k64,text_pca256_lexical_w005
98700,15,minibatch_k64,text_pca256_lexical_w005
98701,62,minibatch_k64,text_pca256_lexical_w005
98702,0,minibatch_k64,text_pca256_lexical_w005
98703,0,minibatch_k64,text_pca256_lexical_w005
98704,2,minibatch_k64,text_pca256_lexical_w005
98705,33,minibatch_k64,text_pca256_lexical_w005
98706,2,minibatch_k64,text_pca256_lexical_w005
98707,21,minibatch_k64,text_pca256_lexical_w005
98708,0,minibatch_k64,text_pca256_lexical_w005
98709,15,minibatch_k64,text_pca256_lexical_w005
98710,21,minibatch_k64,text_pca256_lexical_w005
98711,2,minibatch_k64,text_pca256_lexical_w005
98712,8,minibatch_k64,text_pca256_lexical_w005
98713,8,minibatch_k64,text_pca256_lexical_w005
98714,2,minibatch_k64,text_pca256_lexical_w005
98715,5,minibatch_k64,text_pca256_lexical_w005
98716,10,minibatch_k64,text_pca256_lexical_w005
98717,8,minibatch_k64,text_pca256_lexical_w005
98718,8,minibatch_k64,text_pca256_lexical_w005
98719,45,minibatch_k64,text_pca256_lexical_w005
98720,0,minibatch_k64,text_pca256_lexical_w005
98721,14,minibatch_k64,text_pca256_lexical_w005
98722,45,minibatch_k64,text_pca256_lexical_w005
98723,8,minibatch_k64,text_pca256_lexical_w005
98724,21,minibatch_k64,text_pca256_lexical_w005
98725,0,minibatch_k64,text_pca256_lexical_w005
98726,0,minibatch_k64,text_pca256_lexical_w005
98727,21,minibatch_k64,text_pca256_lexical_w005
98728,59,minibatch_k64,text_pca256_lexical_w005
98729,45,minibatch_k64,text_pca256_lexical_w005
98730,8,minibatch_k64,text_pca256_lexical_w005
98731,21,minibatch_k64,text_pca256_lexical_w005
98732,33,minibatch_k64,text_pca256_lexical_w005
98733,0,minibatch_k64,text_pca256_lexical_w005
98734,33,minibatch_k64,text_pca256_lexical_w005
98735,5,minibatch_k64,text_pca256_lexical_w005
98736,45,minibatch_k64,text_pca256_lexical_w005
98737,58,minibatch_k64,text_pca256_lexical_w005
98738,8,minibatch_k64,text_pca256_lexical_w005
98739,58,minibatch_k64,text_pca256_lexical_w005
98740,0,minibatch_k64,text_pca256_lexical_w005
98741,0,minibatch_k64,text_pca256_lexical_w005
98742,10,minibatch_k64,text_pca256_lexical_w005
98743,8,minibatch_k64,text_pca256_lexical_w005
98744,45,minibatch_k64,text_pca256_lexical_w005
98745,55,minibatch_k64,text_pca256_lexical_w005
98746,5,minibatch_k64,text_pca256_lexical_w005
98747,50,minibatch_k64,text_pca256_lexical_w005
98748,54,minibatch_k64,text_pca256_lexical_w005
98749,0,minibatch_k64,text_pca256_lexical_w005
98750,0,minibatch_k64,text_pca256_lexical_w005
98751,0,minibatch_k64,text_pca256_lexical_w005
98752,10,minibatch_k64,text_pca256_lexical_w005
98753,62,minibatch_k64,text_pca256_lexical_w005
98754,15,minibatch_k64,text_pca256_lexical_w005
98755,15,minibatch_k64,text_pca256_lexical_w005
98756,0,minibatch_k64,text_pca256_lexical_w005
98757,0,minibatch_k64,text_pca256_lexical_w005
98758,45,minibatch_k64,text_pca256_lexical_w005
98759,15,minibatch_k64,text_pca256_lexical_w005
98760,8,minibatch_k64,text_pca256_lexical_w005
98761,5,minibatch_k64,text_pca256_lexical_w005
98762,33,minibatch_k64,text_pca256_lexical_w005
98763,8,minibatch_k64,text_pca256_lexical_w005
98764,0,minibatch_k64,text_pca256_lexical_w005
98765,15,minibatch_k64,text_pca256_lexical_w005
98766,8,minibatch_k64,text_pca256_lexical_w005
98767,0,minibatch_k64,text_pca256_lexical_w005
98768,15,minibatch_k64,text_pca256_lexical_w005
98769,0,minibatch_k64,text_pca256_lexical_w005
98770,62,minibatch_k64,text_pca256_lexical_w005
98771,8,minibatch_k64,text_pca256_lexical_w005
98772,0,minibatch_k64,text_pca256_lexical_w005
98773,5,minibatch_k64,text_pca256_lexical_w005
98774,0,minibatch_k64,text_pca256_lexical_w005
98775,59,minibatch_k64,text_pca256_lexical_w005
98776,0,minibatch_k64,text_pca256_lexical_w005
98777,50,minibatch_k64,text_pca256_lexical_w005
98778,0,minibatch_k64,text_pca256_lexical_w005
98779,53,minibatch_k64,text_pca256_lexical_w005
98780,0,minibatch_k64,text_pca256_lexical_w005
98781,0,minibatch_k64,text_pca256_lexical_w005
98782,0,minibatch_k64,text_pca256_lexical_w005
98783,10,minibatch_k64,text_pca256_lexical_w005
98784,0,minibatch_k64,text_pca256_lexical_w005
98785,0,minibatch_k64,text_pca256_lexical_w005
98786,0,minibatch_k64,text_pca256_lexical_w005
98787,8,minibatch_k64,text_pca256_lexical_w005
98788,0,minibatch_k64,text_pca256_lexical_w005
98789,0,minibatch_k64,text_pca256_lexical_w005
98790,0,minibatch_k64,text_pca256_lexical_w005
98791,8,minibatch_k64,text_pca256_lexical_w005
98792,8,minibatch_k64,text_pca256_lexical_w005
98793,50,minibatch_k64,text_pca256_lexical_w005
98794,15,minibatch_k64,text_pca256_lexical_w005
98795,0,minibatch_k64,text_pca256_lexical_w005
98796,50,minibatch_k64,text_pca256_lexical_w005
98797,15,minibatch_k64,text_pca256_lexical_w005
98798,62,minibatch_k64,text_pca256_lexical_w005
98799,10,minibatch_k64,text_pca256_lexical_w005
98800,10,minibatch_k64,text_pca256_lexical_w005
98801,23,minibatch_k64,text_pca256_lexical_w005
98802,21,minibatch_k64,text_pca256_lexical_w005
98803,50,minibatch_k64,text_pca256_lexical_w005
98804,4,minibatch_k64,text_pca256_lexical_w005
98805,10,minibatch_k64,text_pca256_lexical_w005
98806,33,minibatch_k64,text_pca256_lexical_w005
98807,8,minibatch_k64,text_pca256_lexical_w005
98808,62,minibatch_k64,text_pca256_lexical_w005
98809,10,minibatch_k64,text_pca256_lexical_w005
98810,14,minibatch_k64,text_pca256_lexical_w005
98811,21,minibatch_k64,text_pca256_lexical_w005
98812,50,minibatch_k64,text_pca256_lexical_w005
98813,0,minibatch_k64,text_pca256_lexical_w005
98814,0,minibatch_k64,text_pca256_lexical_w005
98815,5,minibatch_k64,text_pca256_lexical_w005
98816,5,minibatch_k64,text_pca256_lexical_w005
98817,45,minibatch_k64,text_pca256_lexical_w005
98818,45,minibatch_k64,text_pca256_lexical_w005
98819,45,minibatch_k64,text_pca256_lexical_w005
98820,4,minibatch_k64,text_pca256_lexical_w005
98821,10,minibatch_k64,text_pca256_lexical_w005
98822,4,minibatch_k64,text_pca256_lexical_w005
98823,5,minibatch_k64,text_pca256_lexical_w005
98824,5,minibatch_k64,text_pca256_lexical_w005
98825,0,minibatch_k64,text_pca256_lexical_w005
98826,5,minibatch_k64,text_pca256_lexical_w005
98827,33,minibatch_k64,text_pca256_lexical_w005
98828,18,minibatch_k64,text_pca256_lexical_w005
98829,0,minibatch_k64,text_pca256_lexical_w005
98830,2,minibatch_k64,text_pca256_lexical_w005
98831,0,minibatch_k64,text_pca256_lexical_w005
98832,5,minibatch_k64,text_pca256_lexical_w005
98833,62,minibatch_k64,text_pca256_lexical_w005
98834,5,minibatch_k64,text_pca256_lexical_w005
98835,50,minibatch_k64,text_pca256_lexical_w005
98836,62,minibatch_k64,text_pca256_lexical_w005
98837,5,minibatch_k64,text_pca256_lexical_w005
98838,5,minibatch_k64,text_pca256_lexical_w005
98839,33,minibatch_k64,text_pca256_lexical_w005
98840,62,minibatch_k64,text_pca256_lexical_w005
98841,0,minibatch_k64,text_pca256_lexical_w005
98842,5,minibatch_k64,text_pca256_lexical_w005
98843,5,minibatch_k64,text_pca256_lexical_w005
98844,45,minibatch_k64,text_pca256_lexical_w005
98845,5,minibatch_k64,text_pca256_lexical_w005
98846,0,minibatch_k64,text_pca256_lexical_w005
98847,45,minibatch_k64,text_pca256_lexical_w005
98848,45,minibatch_k64,text_pca256_lexical_w005
98849,45,minibatch_k64,text_pca256_lexical_w005
98850,45,minibatch_k64,text_pca256_lexical_w005
98851,5,minibatch_k64,text_pca256_lexical_w005
98852,59,minibatch_k64,text_pca256_lexical_w005
98853,8,minibatch_k64,text_pca256_lexical_w005
98854,4,minibatch_k64,text_pca256_lexical_w005
98855,10,minibatch_k64,text_pca256_lexical_w005
98856,45,minibatch_k64,text_pca256_lexical_w005
98857,10,minibatch_k64,text_pca256_lexical_w005
98858,8,minibatch_k64,text_pca256_lexical_w005
98859,56,minibatch_k64,text_pca256_lexical_w005
98860,42,minibatch_k64,text_pca256_lexical_w005
98861,61,minibatch_k64,text_pca256_lexical_w005
98862,61,minibatch_k64,text_pca256_lexical_w005
98863,23,minibatch_k64,text_pca256_lexical_w005
98864,8,minibatch_k64,text_pca256_lexical_w005
98865,61,minibatch_k64,text_pca256_lexical_w005
98866,61,minibatch_k64,text_pca256_lexical_w005
98867,39,minibatch_k64,text_pca256_lexical_w005
98868,0,minibatch_k64,text_pca256_lexical_w005
98869,8,minibatch_k64,text_pca256_lexical_w005
98870,61,minibatch_k64,text_pca256_lexical_w005
98871,61,minibatch_k64,text_pca256_lexical_w005
98872,61,minibatch_k64,text_pca256_lexical_w005
98873,61,minibatch_k64,text_pca256_lexical_w005
98874,5,minibatch_k64,text_pca256_lexical_w005
98875,5,minibatch_k64,text_pca256_lexical_w005
98876,61,minibatch_k64,text_pca256_lexical_w005
98877,61,minibatch_k64,text_pca256_lexical_w005
98878,5,minibatch_k64,text_pca256_lexical_w005
98879,61,minibatch_k64,text_pca256_lexical_w005
98880,61,minibatch_k64,text_pca256_lexical_w005
98881,8,minibatch_k64,text_pca256_lexical_w005
98882,62,minibatch_k64,text_pca256_lexical_w005
98883,46,minibatch_k64,text_pca256_lexical_w005
98884,11,minibatch_k64,text_pca256_lexical_w005
98885,57,minibatch_k64,text_pca256_lexical_w005
98886,11,minibatch_k64,text_pca256_lexical_w005
98887,57,minibatch_k64,text_pca256_lexical_w005
98888,11,minibatch_k64,text_pca256_lexical_w005
98889,57,minibatch_k64,text_pca256_lexical_w005
98890,11,minibatch_k64,text_pca256_lexical_w005
98891,50,minibatch_k64,text_pca256_lexical_w005
98892,56,minibatch_k64,text_pca256_lexical_w005
98893,33,minibatch_k64,text_pca256_lexical_w005
98894,0,minibatch_k64,text_pca256_lexical_w005
98895,10,minibatch_k64,text_pca256_lexical_w005
98896,8,minibatch_k64,text_pca256_lexical_w005
98897,57,minibatch_k64,text_pca256_lexical_w005
98898,8,minibatch_k64,text_pca256_lexical_w005
98899,0,minibatch_k64,text_pca256_lexical_w005
98900,15,minibatch_k64,text_pca256_lexical_w005
98901,50,minibatch_k64,text_pca256_lexical_w005
98902,0,minibatch_k64,text_pca256_lexical_w005
98903,0,minibatch_k64,text_pca256_lexical_w005
98904,42,minibatch_k64,text_pca256_lexical_w005
98905,10,minibatch_k64,text_pca256_lexical_w005
98906,8,minibatch_k64,text_pca256_lexical_w005
98907,0,minibatch_k64,text_pca256_lexical_w005
98908,42,minibatch_k64,text_pca256_lexical_w005
98909,0,minibatch_k64,text_pca256_lexical_w005
98910,0,minibatch_k64,text_pca256_lexical_w005
98911,0,minibatch_k64,text_pca256_lexical_w005
98912,45,minibatch_k64,text_pca256_lexical_w005
98913,0,minibatch_k64,text_pca256_lexical_w005
98914,23,minibatch_k64,text_pca256_lexical_w005
98915,4,minibatch_k64,text_pca256_lexical_w005
98916,45,minibatch_k64,text_pca256_lexical_w005
98917,0,minibatch_k64,text_pca256_lexical_w005
98918,62,minibatch_k64,text_pca256_lexical_w005
98919,15,minibatch_k64,text_pca256_lexical_w005
98920,62,minibatch_k64,text_pca256_lexical_w005
98921,62,minibatch_k64,text_pca256_lexical_w005
98922,0,minibatch_k64,text_pca256_lexical_w005
98923,45,minibatch_k64,text_pca256_lexical_w005
98924,58,minibatch_k64,text_pca256_lexical_w005
98925,38,minibatch_k64,text_pca256_lexical_w005
98926,45,minibatch_k64,text_pca256_lexical_w005
98927,55,minibatch_k64,text_pca256_lexical_w005
98928,23,minibatch_k64,text_pca256_lexical_w005
98929,23,minibatch_k64,text_pca256_lexical_w005
98930,23,minibatch_k64,text_pca256_lexical_w005
98931,0,minibatch_k64,text_pca256_lexical_w005
98932,45,minibatch_k64,text_pca256_lexical_w005
98933,62,minibatch_k64,text_pca256_lexical_w005
98934,15,minibatch_k64,text_pca256_lexical_w005
98935,38,minibatch_k64,text_pca256_lexical_w005
98936,58,minibatch_k64,text_pca256_lexical_w005
98937,0,minibatch_k64,text_pca256_lexical_w005
98938,15,minibatch_k64,text_pca256_lexical_w005
98939,54,minibatch_k64,text_pca256_lexical_w005
98940,5,minibatch_k64,text_pca256_lexical_w005
98941,8,minibatch_k64,text_pca256_lexical_w005
98942,21,minibatch_k64,text_pca256_lexical_w005
98943,8,minibatch_k64,text_pca256_lexical_w005
98944,8,minibatch_k64,text_pca256_lexical_w005
98945,8,minibatch_k64,text_pca256_lexical_w005
98946,8,minibatch_k64,text_pca256_lexical_w005
98947,8,minibatch_k64,text_pca256_lexical_w005
98948,8,minibatch_k64,text_pca256_lexical_w005
98949,8,minibatch_k64,text_pca256_lexical_w005
98950,33,minibatch_k64,text_pca256_lexical_w005
98951,5,minibatch_k64,text_pca256_lexical_w005
98952,5,minibatch_k64,text_pca256_lexical_w005
98953,5,minibatch_k64,text_pca256_lexical_w005
98954,5,minibatch_k64,text_pca256_lexical_w005
98955,5,minibatch_k64,text_pca256_lexical_w005
98956,5,minibatch_k64,text_pca256_lexical_w005
98957,42,minibatch_k64,text_pca256_lexical_w005
98958,5,minibatch_k64,text_pca256_lexical_w005
98959,5,minibatch_k64,text_pca256_lexical_w005
98960,5,minibatch_k64,text_pca256_lexical_w005
98961,23,minibatch_k64,text_pca256_lexical_w005
98962,5,minibatch_k64,text_pca256_lexical_w005
98963,4,minibatch_k64,text_pca256_lexical_w005
98964,23,minibatch_k64,text_pca256_lexical_w005
98965,33,minibatch_k64,text_pca256_lexical_w005
98966,5,minibatch_k64,text_pca256_lexical_w005
98967,62,minibatch_k64,text_pca256_lexical_w005
98968,62,minibatch_k64,text_pca256_lexical_w005
98969,5,minibatch_k64,text_pca256_lexical_w005
98970,46,minibatch_k64,text_pca256_lexical_w005
98971,5,minibatch_k64,text_pca256_lexical_w005
98972,62,minibatch_k64,text_pca256_lexical_w005
98973,8,minibatch_k64,text_pca256_lexical_w005
98974,45,minibatch_k64,text_pca256_lexical_w005
98975,45,minibatch_k64,text_pca256_lexical_w005
98976,5,minibatch_k64,text_pca256_lexical_w005
98977,4,minibatch_k64,text_pca256_lexical_w005
98978,5,minibatch_k64,text_pca256_lexical_w005
98979,0,minibatch_k64,text_pca256_lexical_w005
98980,62,minibatch_k64,text_pca256_lexical_w005
98981,10,minibatch_k64,text_pca256_lexical_w005
98982,8,minibatch_k64,text_pca256_lexical_w005
98983,52,minibatch_k64,text_pca256_lexical_w005
98984,39,minibatch_k64,text_pca256_lexical_w005
98985,39,minibatch_k64,text_pca256_lexical_w005
98986,62,minibatch_k64,text_pca256_lexical_w005
98987,46,minibatch_k64,text_pca256_lexical_w005
98988,5,minibatch_k64,text_pca256_lexical_w005
98989,5,minibatch_k64,text_pca256_lexical_w005
98990,15,minibatch_k64,text_pca256_lexical_w005
98991,5,minibatch_k64,text_pca256_lexical_w005
98992,5,minibatch_k64,text_pca256_lexical_w005
98993,62,minibatch_k64,text_pca256_lexical_w005
98994,39,minibatch_k64,text_pca256_lexical_w005
98995,0,minibatch_k64,text_pca256_lexical_w005
98996,8,minibatch_k64,text_pca256_lexical_w005
98997,25,minibatch_k64,text_pca256_lexical_w005
98998,0,minibatch_k64,text_pca256_lexical_w005
98999,62,minibatch_k64,text_pca256_lexical_w005
99000,38,minibatch_k64,text_pca256_lexical_w005
99001,23,minibatch_k64,text_pca256_lexical_w005
99002,45,minibatch_k64,text_pca256_lexical_w005
99003,45,minibatch_k64,text_pca256_lexical_w005
99004,55,minibatch_k64,text_pca256_lexical_w005
99005,22,minibatch_k64,text_pca256_lexical_w005
99006,23,minibatch_k64,text_pca256_lexical_w005
99007,5,minibatch_k64,text_pca256_lexical_w005
99008,5,minibatch_k64,text_pca256_lexical_w005
99009,4,minibatch_k64,text_pca256_lexical_w005
99010,23,minibatch_k64,text_pca256_lexical_w005
99011,0,minibatch_k64,text_pca256_lexical_w005
99012,52,minibatch_k64,text_pca256_lexical_w005
99013,8,minibatch_k64,text_pca256_lexical_w005
99014,52,minibatch_k64,text_pca256_lexical_w005
99015,8,minibatch_k64,text_pca256_lexical_w005
99016,23,minibatch_k64,text_pca256_lexical_w005
99017,47,minibatch_k64,text_pca256_lexical_w005
99018,8,minibatch_k64,text_pca256_lexical_w005
99019,8,minibatch_k64,text_pca256_lexical_w005
99020,59,minibatch_k64,text_pca256_lexical_w005
99021,52,minibatch_k64,text_pca256_lexical_w005
99022,59,minibatch_k64,text_pca256_lexical_w005
99023,38,minibatch_k64,text_pca256_lexical_w005
99024,15,minibatch_k64,text_pca256_lexical_w005
99025,23,minibatch_k64,text_pca256_lexical_w005
99026,25,minibatch_k64,text_pca256_lexical_w005
99027,55,minibatch_k64,text_pca256_lexical_w005
99028,23,minibatch_k64,text_pca256_lexical_w005
99029,0,minibatch_k64,text_pca256_lexical_w005
99030,0,minibatch_k64,text_pca256_lexical_w005
99031,0,minibatch_k64,text_pca256_lexical_w005
99032,0,minibatch_k64,text_pca256_lexical_w005
99033,52,minibatch_k64,text_pca256_lexical_w005
99034,0,minibatch_k64,text_pca256_lexical_w005
99035,62,minibatch_k64,text_pca256_lexical_w005
99036,52,minibatch_k64,text_pca256_lexical_w005
99037,0,minibatch_k64,text_pca256_lexical_w005
99038,23,minibatch_k64,text_pca256_lexical_w005
99039,62,minibatch_k64,text_pca256_lexical_w005
99040,23,minibatch_k64,text_pca256_lexical_w005
99041,33,minibatch_k64,text_pca256_lexical_w005
99042,5,minibatch_k64,text_pca256_lexical_w005
99043,62,minibatch_k64,text_pca256_lexical_w005
99044,5,minibatch_k64,text_pca256_lexical_w005
99045,62,minibatch_k64,text_pca256_lexical_w005
99046,5,minibatch_k64,text_pca256_lexical_w005
99047,5,minibatch_k64,text_pca256_lexical_w005
99048,25,minibatch_k64,text_pca256_lexical_w005
99049,23,minibatch_k64,text_pca256_lexical_w005
99050,38,minibatch_k64,text_pca256_lexical_w005
99051,45,minibatch_k64,text_pca256_lexical_w005
99052,45,minibatch_k64,text_pca256_lexical_w005
99053,55,minibatch_k64,text_pca256_lexical_w005
99054,22,minibatch_k64,text_pca256_lexical_w005
99055,23,minibatch_k64,text_pca256_lexical_w005
99056,5,minibatch_k64,text_pca256_lexical_w005
99057,15,minibatch_k64,text_pca256_lexical_w005
99058,21,minibatch_k64,text_pca256_lexical_w005
99059,62,minibatch_k64,text_pca256_lexical_w005
99060,15,minibatch_k64,text_pca256_lexical_w005
99061,62,minibatch_k64,text_pca256_lexical_w005
99062,42,minibatch_k64,text_pca256_lexical_w005
99063,23,minibatch_k64,text_pca256_lexical_w005
99064,15,minibatch_k64,text_pca256_lexical_w005
99065,15,minibatch_k64,text_pca256_lexical_w005
99066,62,minibatch_k64,text_pca256_lexical_w005
99067,8,minibatch_k64,text_pca256_lexical_w005
99068,8,minibatch_k64,text_pca256_lexical_w005
99069,62,minibatch_k64,text_pca256_lexical_w005
99070,0,minibatch_k64,text_pca256_lexical_w005
99071,0,minibatch_k64,text_pca256_lexical_w005
99072,0,minibatch_k64,text_pca256_lexical_w005
99073,0,minibatch_k64,text_pca256_lexical_w005
99074,25,minibatch_k64,text_pca256_lexical_w005
99075,21,minibatch_k64,text_pca256_lexical_w005
99076,62,minibatch_k64,text_pca256_lexical_w005
99077,62,minibatch_k64,text_pca256_lexical_w005
99078,23,minibatch_k64,text_pca256_lexical_w005
99079,38,minibatch_k64,text_pca256_lexical_w005
99080,23,minibatch_k64,text_pca256_lexical_w005
99081,45,minibatch_k64,text_pca256_lexical_w005
99082,55,minibatch_k64,text_pca256_lexical_w005
99083,0,minibatch_k64,text_pca256_lexical_w005
99084,33,minibatch_k64,text_pca256_lexical_w005
99085,8,minibatch_k64,text_pca256_lexical_w005
99086,42,minibatch_k64,text_pca256_lexical_w005
99087,0,minibatch_k64,text_pca256_lexical_w005
99088,0,minibatch_k64,text_pca256_lexical_w005
99089,23,minibatch_k64,text_pca256_lexical_w005
99090,15,minibatch_k64,text_pca256_lexical_w005
99091,62,minibatch_k64,text_pca256_lexical_w005
99092,62,minibatch_k64,text_pca256_lexical_w005
99093,25,minibatch_k64,text_pca256_lexical_w005
99094,42,minibatch_k64,text_pca256_lexical_w005
99095,5,minibatch_k64,text_pca256_lexical_w005
99096,23,minibatch_k64,text_pca256_lexical_w005
99097,58,minibatch_k64,text_pca256_lexical_w005
99098,45,minibatch_k64,text_pca256_lexical_w005
99099,45,minibatch_k64,text_pca256_lexical_w005
99100,23,minibatch_k64,text_pca256_lexical_w005
99101,55,minibatch_k64,text_pca256_lexical_w005
99102,5,minibatch_k64,text_pca256_lexical_w005
99103,22,minibatch_k64,text_pca256_lexical_w005
99104,4,minibatch_k64,text_pca256_lexical_w005
99105,4,minibatch_k64,text_pca256_lexical_w005
99106,62,minibatch_k64,text_pca256_lexical_w005
99107,42,minibatch_k64,text_pca256_lexical_w005
99108,21,minibatch_k64,text_pca256_lexical_w005
99109,10,minibatch_k64,text_pca256_lexical_w005
99110,8,minibatch_k64,text_pca256_lexical_w005
99111,8,minibatch_k64,text_pca256_lexical_w005
99112,8,minibatch_k64,text_pca256_lexical_w005
99113,8,minibatch_k64,text_pca256_lexical_w005
99114,10,minibatch_k64,text_pca256_lexical_w005
99115,8,minibatch_k64,text_pca256_lexical_w005
99116,23,minibatch_k64,text_pca256_lexical_w005
99117,62,minibatch_k64,text_pca256_lexical_w005
99118,8,minibatch_k64,text_pca256_lexical_w005
99119,23,minibatch_k64,text_pca256_lexical_w005
99120,25,minibatch_k64,text_pca256_lexical_w005
99121,0,minibatch_k64,text_pca256_lexical_w005
99122,0,minibatch_k64,text_pca256_lexical_w005
99123,0,minibatch_k64,text_pca256_lexical_w005
99124,38,minibatch_k64,text_pca256_lexical_w005
99125,45,minibatch_k64,text_pca256_lexical_w005
99126,0,minibatch_k64,text_pca256_lexical_w005
99127,55,minibatch_k64,text_pca256_lexical_w005
99128,22,minibatch_k64,text_pca256_lexical_w005
99129,62,minibatch_k64,text_pca256_lexical_w005
99130,4,minibatch_k64,text_pca256_lexical_w005
99131,23,minibatch_k64,text_pca256_lexical_w005
99132,0,minibatch_k64,text_pca256_lexical_w005
99133,62,minibatch_k64,text_pca256_lexical_w005
99134,0,minibatch_k64,text_pca256_lexical_w005
99135,21,minibatch_k64,text_pca256_lexical_w005
99136,8,minibatch_k64,text_pca256_lexical_w005
99137,15,minibatch_k64,text_pca256_lexical_w005
99138,39,minibatch_k64,text_pca256_lexical_w005
99139,62,minibatch_k64,text_pca256_lexical_w005
99140,58,minibatch_k64,text_pca256_lexical_w005
99141,45,minibatch_k64,text_pca256_lexical_w005
99142,25,minibatch_k64,text_pca256_lexical_w005
99143,55,minibatch_k64,text_pca256_lexical_w005
99144,22,minibatch_k64,text_pca256_lexical_w005
99145,0,minibatch_k64,text_pca256_lexical_w005
99146,4,minibatch_k64,text_pca256_lexical_w005
99147,33,minibatch_k64,text_pca256_lexical_w005
99148,62,minibatch_k64,text_pca256_lexical_w005
99149,0,minibatch_k64,text_pca256_lexical_w005
99150,15,minibatch_k64,text_pca256_lexical_w005
99151,33,minibatch_k64,text_pca256_lexical_w005
99152,8,minibatch_k64,text_pca256_lexical_w005
99153,0,minibatch_k64,text_pca256_lexical_w005
99154,0,minibatch_k64,text_pca256_lexical_w005
99155,8,minibatch_k64,text_pca256_lexical_w005
99156,62,minibatch_k64,text_pca256_lexical_w005
99157,8,minibatch_k64,text_pca256_lexical_w005
99158,21,minibatch_k64,text_pca256_lexical_w005
99159,25,minibatch_k64,text_pca256_lexical_w005
99160,62,minibatch_k64,text_pca256_lexical_w005
99161,42,minibatch_k64,text_pca256_lexical_w005
99162,38,minibatch_k64,text_pca256_lexical_w005
99163,45,minibatch_k64,text_pca256_lexical_w005
99164,21,minibatch_k64,text_pca256_lexical_w005
99165,23,minibatch_k64,text_pca256_lexical_w005
99166,45,minibatch_k64,text_pca256_lexical_w005
99167,55,minibatch_k64,text_pca256_lexical_w005
99168,22,minibatch_k64,text_pca256_lexical_w005
99169,15,minibatch_k64,text_pca256_lexical_w005
99170,39,minibatch_k64,text_pca256_lexical_w005
99171,5,minibatch_k64,text_pca256_lexical_w005
99172,62,minibatch_k64,text_pca256_lexical_w005
99173,23,minibatch_k64,text_pca256_lexical_w005
99174,56,minibatch_k64,text_pca256_lexical_w005
99175,0,minibatch_k64,text_pca256_lexical_w005
99176,10,minibatch_k64,text_pca256_lexical_w005
99177,8,minibatch_k64,text_pca256_lexical_w005
99178,23,minibatch_k64,text_pca256_lexical_w005
99179,62,minibatch_k64,text_pca256_lexical_w005
99180,5,minibatch_k64,text_pca256_lexical_w005
99181,46,minibatch_k64,text_pca256_lexical_w005
99182,45,minibatch_k64,text_pca256_lexical_w005
99183,45,minibatch_k64,text_pca256_lexical_w005
99184,45,minibatch_k64,text_pca256_lexical_w005
99185,23,minibatch_k64,text_pca256_lexical_w005
99186,15,minibatch_k64,text_pca256_lexical_w005
99187,42,minibatch_k64,text_pca256_lexical_w005
99188,10,minibatch_k64,text_pca256_lexical_w005
99189,39,minibatch_k64,text_pca256_lexical_w005
99190,59,minibatch_k64,text_pca256_lexical_w005
99191,0,minibatch_k64,text_pca256_lexical_w005
99192,39,minibatch_k64,text_pca256_lexical_w005
99193,45,minibatch_k64,text_pca256_lexical_w005
99194,62,minibatch_k64,text_pca256_lexical_w005
99195,62,minibatch_k64,text_pca256_lexical_w005
99196,0,minibatch_k64,text_pca256_lexical_w005
99197,0,minibatch_k64,text_pca256_lexical_w005
99198,0,minibatch_k64,text_pca256_lexical_w005
99199,0,minibatch_k64,text_pca256_lexical_w005
99200,50,minibatch_k64,text_pca256_lexical_w005
99201,8,minibatch_k64,text_pca256_lexical_w005
99202,0,minibatch_k64,text_pca256_lexical_w005
99203,45,minibatch_k64,text_pca256_lexical_w005
99204,0,minibatch_k64,text_pca256_lexical_w005
99205,62,minibatch_k64,text_pca256_lexical_w005
99206,5,minibatch_k64,text_pca256_lexical_w005
99207,45,minibatch_k64,text_pca256_lexical_w005
99208,4,minibatch_k64,text_pca256_lexical_w005
99209,8,minibatch_k64,text_pca256_lexical_w005
99210,0,minibatch_k64,text_pca256_lexical_w005
99211,62,minibatch_k64,text_pca256_lexical_w005
99212,8,minibatch_k64,text_pca256_lexical_w005
99213,62,minibatch_k64,text_pca256_lexical_w005
99214,8,minibatch_k64,text_pca256_lexical_w005
99215,62,minibatch_k64,text_pca256_lexical_w005
99216,39,minibatch_k64,text_pca256_lexical_w005
99217,25,minibatch_k64,text_pca256_lexical_w005
99218,38,minibatch_k64,text_pca256_lexical_w005
99219,23,minibatch_k64,text_pca256_lexical_w005
99220,55,minibatch_k64,text_pca256_lexical_w005
99221,22,minibatch_k64,text_pca256_lexical_w005
99222,21,minibatch_k64,text_pca256_lexical_w005
99223,0,minibatch_k64,text_pca256_lexical_w005
99224,15,minibatch_k64,text_pca256_lexical_w005
99225,33,minibatch_k64,text_pca256_lexical_w005
99226,10,minibatch_k64,text_pca256_lexical_w005
99227,39,minibatch_k64,text_pca256_lexical_w005
99228,39,minibatch_k64,text_pca256_lexical_w005
99229,8,minibatch_k64,text_pca256_lexical_w005
99230,33,minibatch_k64,text_pca256_lexical_w005
99231,62,minibatch_k64,text_pca256_lexical_w005
99232,62,minibatch_k64,text_pca256_lexical_w005
99233,0,minibatch_k64,text_pca256_lexical_w005
99234,15,minibatch_k64,text_pca256_lexical_w005
99235,38,minibatch_k64,text_pca256_lexical_w005
99236,23,minibatch_k64,text_pca256_lexical_w005
99237,25,minibatch_k64,text_pca256_lexical_w005
99238,55,minibatch_k64,text_pca256_lexical_w005
99239,22,minibatch_k64,text_pca256_lexical_w005
99240,42,minibatch_k64,text_pca256_lexical_w005
99241,10,minibatch_k64,text_pca256_lexical_w005
99242,8,minibatch_k64,text_pca256_lexical_w005
99243,8,minibatch_k64,text_pca256_lexical_w005
99244,8,minibatch_k64,text_pca256_lexical_w005
99245,39,minibatch_k64,text_pca256_lexical_w005
99246,0,minibatch_k64,text_pca256_lexical_w005
99247,0,minibatch_k64,text_pca256_lexical_w005
99248,8,minibatch_k64,text_pca256_lexical_w005
99249,23,minibatch_k64,text_pca256_lexical_w005
99250,25,minibatch_k64,text_pca256_lexical_w005
99251,0,minibatch_k64,text_pca256_lexical_w005
99252,38,minibatch_k64,text_pca256_lexical_w005
99253,23,minibatch_k64,text_pca256_lexical_w005
99254,55,minibatch_k64,text_pca256_lexical_w005
99255,22,minibatch_k64,text_pca256_lexical_w005
99256,8,minibatch_k64,text_pca256_lexical_w005
99257,10,minibatch_k64,text_pca256_lexical_w005
99258,23,minibatch_k64,text_pca256_lexical_w005
99259,8,minibatch_k64,text_pca256_lexical_w005
99260,23,minibatch_k64,text_pca256_lexical_w005
99261,38,minibatch_k64,text_pca256_lexical_w005
99262,55,minibatch_k64,text_pca256_lexical_w005
99263,22,minibatch_k64,text_pca256_lexical_w005
99264,8,minibatch_k64,text_pca256_lexical_w005
99265,23,minibatch_k64,text_pca256_lexical_w005
99266,33,minibatch_k64,text_pca256_lexical_w005
99267,25,minibatch_k64,text_pca256_lexical_w005
99268,38,minibatch_k64,text_pca256_lexical_w005
99269,50,minibatch_k64,text_pca256_lexical_w005
99270,55,minibatch_k64,text_pca256_lexical_w005
99271,0,minibatch_k64,text_pca256_lexical_w005
99272,38,minibatch_k64,text_pca256_lexical_w005
99273,45,minibatch_k64,text_pca256_lexical_w005
99274,36,minibatch_k64,text_pca256_lexical_w005
99275,0,minibatch_k64,text_pca256_lexical_w005
99276,23,minibatch_k64,text_pca256_lexical_w005
99277,22,minibatch_k64,text_pca256_lexical_w005
99278,8,minibatch_k64,text_pca256_lexical_w005
99279,8,minibatch_k64,text_pca256_lexical_w005
99280,39,minibatch_k64,text_pca256_lexical_w005
99281,0,minibatch_k64,text_pca256_lexical_w005
99282,39,minibatch_k64,text_pca256_lexical_w005
99283,0,minibatch_k64,text_pca256_lexical_w005
99284,39,minibatch_k64,text_pca256_lexical_w005
99285,39,minibatch_k64,text_pca256_lexical_w005
99286,23,minibatch_k64,text_pca256_lexical_w005
99287,8,minibatch_k64,text_pca256_lexical_w005
99288,25,minibatch_k64,text_pca256_lexical_w005
99289,48,minibatch_k64,text_pca256_lexical_w005
99290,38,minibatch_k64,text_pca256_lexical_w005
99291,45,minibatch_k64,text_pca256_lexical_w005
99292,0,minibatch_k64,text_pca256_lexical_w005
99293,45,minibatch_k64,text_pca256_lexical_w005
99294,23,minibatch_k64,text_pca256_lexical_w005
99295,0,minibatch_k64,text_pca256_lexical_w005
99296,22,minibatch_k64,text_pca256_lexical_w005
99297,45,minibatch_k64,text_pca256_lexical_w005
99298,59,minibatch_k64,text_pca256_lexical_w005
99299,0,minibatch_k64,text_pca256_lexical_w005
99300,33,minibatch_k64,text_pca256_lexical_w005
99301,62,minibatch_k64,text_pca256_lexical_w005
99302,8,minibatch_k64,text_pca256_lexical_w005
99303,15,minibatch_k64,text_pca256_lexical_w005
99304,5,minibatch_k64,text_pca256_lexical_w005
99305,25,minibatch_k64,text_pca256_lexical_w005
99306,38,minibatch_k64,text_pca256_lexical_w005
99307,36,minibatch_k64,text_pca256_lexical_w005
99308,45,minibatch_k64,text_pca256_lexical_w005
99309,45,minibatch_k64,text_pca256_lexical_w005
99310,55,minibatch_k64,text_pca256_lexical_w005
99311,22,minibatch_k64,text_pca256_lexical_w005
99312,45,minibatch_k64,text_pca256_lexical_w005
99313,33,minibatch_k64,text_pca256_lexical_w005
99314,33,minibatch_k64,text_pca256_lexical_w005
99315,39,minibatch_k64,text_pca256_lexical_w005
99316,39,minibatch_k64,text_pca256_lexical_w005
99317,39,minibatch_k64,text_pca256_lexical_w005
99318,39,minibatch_k64,text_pca256_lexical_w005
99319,39,minibatch_k64,text_pca256_lexical_w005
99320,39,minibatch_k64,text_pca256_lexical_w005
99321,39,minibatch_k64,text_pca256_lexical_w005
99322,23,minibatch_k64,text_pca256_lexical_w005
99323,39,minibatch_k64,text_pca256_lexical_w005
99324,39,minibatch_k64,text_pca256_lexical_w005
99325,39,minibatch_k64,text_pca256_lexical_w005
99326,45,minibatch_k64,text_pca256_lexical_w005
99327,25,minibatch_k64,text_pca256_lexical_w005
99328,48,minibatch_k64,text_pca256_lexical_w005
99329,38,minibatch_k64,text_pca256_lexical_w005
99330,36,minibatch_k64,text_pca256_lexical_w005
99331,45,minibatch_k64,text_pca256_lexical_w005
99332,45,minibatch_k64,text_pca256_lexical_w005
99333,55,minibatch_k64,text_pca256_lexical_w005
99334,22,minibatch_k64,text_pca256_lexical_w005
99335,59,minibatch_k64,text_pca256_lexical_w005
99336,23,minibatch_k64,text_pca256_lexical_w005
99337,45,minibatch_k64,text_pca256_lexical_w005
99338,45,minibatch_k64,text_pca256_lexical_w005
99339,15,minibatch_k64,text_pca256_lexical_w005
99340,45,minibatch_k64,text_pca256_lexical_w005
99341,45,minibatch_k64,text_pca256_lexical_w005
99342,0,minibatch_k64,text_pca256_lexical_w005
99343,0,minibatch_k64,text_pca256_lexical_w005
99344,27,minibatch_k64,text_pca256_lexical_w005
99345,0,minibatch_k64,text_pca256_lexical_w005
99346,45,minibatch_k64,text_pca256_lexical_w005
99347,0,minibatch_k64,text_pca256_lexical_w005
99348,45,minibatch_k64,text_pca256_lexical_w005
99349,8,minibatch_k64,text_pca256_lexical_w005
99350,45,minibatch_k64,text_pca256_lexical_w005
99351,33,minibatch_k64,text_pca256_lexical_w005
99352,23,minibatch_k64,text_pca256_lexical_w005
99353,45,minibatch_k64,text_pca256_lexical_w005
99354,23,minibatch_k64,text_pca256_lexical_w005
99355,45,minibatch_k64,text_pca256_lexical_w005
99356,45,minibatch_k64,text_pca256_lexical_w005
99357,8,minibatch_k64,text_pca256_lexical_w005
99358,34,minibatch_k64,text_pca256_lexical_w005
99359,59,minibatch_k64,text_pca256_lexical_w005
99360,59,minibatch_k64,text_pca256_lexical_w005
99361,23,minibatch_k64,text_pca256_lexical_w005
99362,15,minibatch_k64,text_pca256_lexical_w005
99363,45,minibatch_k64,text_pca256_lexical_w005
99364,59,minibatch_k64,text_pca256_lexical_w005
99365,8,minibatch_k64,text_pca256_lexical_w005
99366,62,minibatch_k64,text_pca256_lexical_w005
99367,45,minibatch_k64,text_pca256_lexical_w005
99368,59,minibatch_k64,text_pca256_lexical_w005
99369,39,minibatch_k64,text_pca256_lexical_w005
99370,45,minibatch_k64,text_pca256_lexical_w005
99371,15,minibatch_k64,text_pca256_lexical_w005
99372,0,minibatch_k64,text_pca256_lexical_w005
99373,59,minibatch_k64,text_pca256_lexical_w005
99374,45,minibatch_k64,text_pca256_lexical_w005
99375,39,minibatch_k64,text_pca256_lexical_w005
99376,59,minibatch_k64,text_pca256_lexical_w005
99377,10,minibatch_k64,text_pca256_lexical_w005
99378,62,minibatch_k64,text_pca256_lexical_w005
99379,62,minibatch_k64,text_pca256_lexical_w005
99380,10,minibatch_k64,text_pca256_lexical_w005
99381,62,minibatch_k64,text_pca256_lexical_w005
99382,6,minibatch_k64,text_pca256_lexical_w005
99383,62,minibatch_k64,text_pca256_lexical_w005
99384,23,minibatch_k64,text_pca256_lexical_w005
99385,59,minibatch_k64,text_pca256_lexical_w005
99386,10,minibatch_k64,text_pca256_lexical_w005
99387,23,minibatch_k64,text_pca256_lexical_w005
99388,10,minibatch_k64,text_pca256_lexical_w005
99389,10,minibatch_k64,text_pca256_lexical_w005
99390,53,minibatch_k64,text_pca256_lexical_w005
99391,10,minibatch_k64,text_pca256_lexical_w005
99392,62,minibatch_k64,text_pca256_lexical_w005
99393,0,minibatch_k64,text_pca256_lexical_w005
99394,15,minibatch_k64,text_pca256_lexical_w005
99395,59,minibatch_k64,text_pca256_lexical_w005
99396,23,minibatch_k64,text_pca256_lexical_w005
99397,59,minibatch_k64,text_pca256_lexical_w005
99398,33,minibatch_k64,text_pca256_lexical_w005
99399,10,minibatch_k64,text_pca256_lexical_w005
99400,6,minibatch_k64,text_pca256_lexical_w005
99401,33,minibatch_k64,text_pca256_lexical_w005
99402,62,minibatch_k64,text_pca256_lexical_w005
99403,62,minibatch_k64,text_pca256_lexical_w005
99404,23,minibatch_k64,text_pca256_lexical_w005
99405,8,minibatch_k64,text_pca256_lexical_w005
99406,23,minibatch_k64,text_pca256_lexical_w005
99407,23,minibatch_k64,text_pca256_lexical_w005
99408,23,minibatch_k64,text_pca256_lexical_w005
99409,23,minibatch_k64,text_pca256_lexical_w005
99410,23,minibatch_k64,text_pca256_lexical_w005
99411,23,minibatch_k64,text_pca256_lexical_w005
99412,62,minibatch_k64,text_pca256_lexical_w005
99413,33,minibatch_k64,text_pca256_lexical_w005
99414,6,minibatch_k64,text_pca256_lexical_w005
99415,62,minibatch_k64,text_pca256_lexical_w005
99416,59,minibatch_k64,text_pca256_lexical_w005
99417,10,minibatch_k64,text_pca256_lexical_w005
99418,59,minibatch_k64,text_pca256_lexical_w005
99419,10,minibatch_k64,text_pca256_lexical_w005
99420,8,minibatch_k64,text_pca256_lexical_w005
99421,59,minibatch_k64,text_pca256_lexical_w005
99422,8,minibatch_k64,text_pca256_lexical_w005
99423,45,minibatch_k64,text_pca256_lexical_w005
99424,59,minibatch_k64,text_pca256_lexical_w005
99425,59,minibatch_k64,text_pca256_lexical_w005
99426,23,minibatch_k64,text_pca256_lexical_w005
99427,59,minibatch_k64,text_pca256_lexical_w005
99428,8,minibatch_k64,text_pca256_lexical_w005
99429,8,minibatch_k64,text_pca256_lexical_w005
99430,59,minibatch_k64,text_pca256_lexical_w005
99431,59,minibatch_k64,text_pca256_lexical_w005
99432,0,minibatch_k64,text_pca256_lexical_w005
99433,8,minibatch_k64,text_pca256_lexical_w005
99434,8,minibatch_k64,text_pca256_lexical_w005
99435,15,minibatch_k64,text_pca256_lexical_w005
99436,8,minibatch_k64,text_pca256_lexical_w005
99437,33,minibatch_k64,text_pca256_lexical_w005
99438,50,minibatch_k64,text_pca256_lexical_w005
99439,33,minibatch_k64,text_pca256_lexical_w005
99440,62,minibatch_k64,text_pca256_lexical_w005
99441,38,minibatch_k64,text_pca256_lexical_w005
99442,23,minibatch_k64,text_pca256_lexical_w005
99443,2,minibatch_k64,text_pca256_lexical_w005
99444,18,minibatch_k64,text_pca256_lexical_w005
99445,23,minibatch_k64,text_pca256_lexical_w005
99446,23,minibatch_k64,text_pca256_lexical_w005
99447,18,minibatch_k64,text_pca256_lexical_w005
99448,59,minibatch_k64,text_pca256_lexical_w005
99449,18,minibatch_k64,text_pca256_lexical_w005
99450,45,minibatch_k64,text_pca256_lexical_w005
99451,45,minibatch_k64,text_pca256_lexical_w005
99452,6,minibatch_k64,text_pca256_lexical_w005
99453,6,minibatch_k64,text_pca256_lexical_w005
99454,41,minibatch_k64,text_pca256_lexical_w005
99455,41,minibatch_k64,text_pca256_lexical_w005
99456,6,minibatch_k64,text_pca256_lexical_w005
99457,59,minibatch_k64,text_pca256_lexical_w005
99458,6,minibatch_k64,text_pca256_lexical_w005
99459,45,minibatch_k64,text_pca256_lexical_w005
99460,10,minibatch_k64,text_pca256_lexical_w005
99461,10,minibatch_k64,text_pca256_lexical_w005
99462,62,minibatch_k64,text_pca256_lexical_w005
99463,59,minibatch_k64,text_pca256_lexical_w005
99464,6,minibatch_k64,text_pca256_lexical_w005
99465,6,minibatch_k64,text_pca256_lexical_w005
99466,2,minibatch_k64,text_pca256_lexical_w005
99467,34,minibatch_k64,text_pca256_lexical_w005
99468,34,minibatch_k64,text_pca256_lexical_w005
99469,34,minibatch_k64,text_pca256_lexical_w005
99470,23,minibatch_k64,text_pca256_lexical_w005
99471,34,minibatch_k64,text_pca256_lexical_w005
99472,62,minibatch_k64,text_pca256_lexical_w005
99473,0,minibatch_k64,text_pca256_lexical_w005
99474,33,minibatch_k64,text_pca256_lexical_w005
99475,62,minibatch_k64,text_pca256_lexical_w005
99476,62,minibatch_k64,text_pca256_lexical_w005
99477,10,minibatch_k64,text_pca256_lexical_w005
99478,23,minibatch_k64,text_pca256_lexical_w005
99479,23,minibatch_k64,text_pca256_lexical_w005
99480,8,minibatch_k64,text_pca256_lexical_w005
99481,62,minibatch_k64,text_pca256_lexical_w005
99482,8,minibatch_k64,text_pca256_lexical_w005
99483,62,minibatch_k64,text_pca256_lexical_w005
99484,33,minibatch_k64,text_pca256_lexical_w005
99485,62,minibatch_k64,text_pca256_lexical_w005
99486,8,minibatch_k64,text_pca256_lexical_w005
99487,0,minibatch_k64,text_pca256_lexical_w005
99488,10,minibatch_k64,text_pca256_lexical_w005
99489,15,minibatch_k64,text_pca256_lexical_w005
99490,4,minibatch_k64,text_pca256_lexical_w005
99491,42,minibatch_k64,text_pca256_lexical_w005
99492,8,minibatch_k64,text_pca256_lexical_w005
99493,8,minibatch_k64,text_pca256_lexical_w005
99494,33,minibatch_k64,text_pca256_lexical_w005
99495,45,minibatch_k64,text_pca256_lexical_w005
99496,59,minibatch_k64,text_pca256_lexical_w005
99497,0,minibatch_k64,text_pca256_lexical_w005
99498,45,minibatch_k64,text_pca256_lexical_w005
99499,42,minibatch_k64,text_pca256_lexical_w005
99500,8,minibatch_k64,text_pca256_lexical_w005
99501,59,minibatch_k64,text_pca256_lexical_w005
99502,10,minibatch_k64,text_pca256_lexical_w005
99503,18,minibatch_k64,text_pca256_lexical_w005
99504,45,minibatch_k64,text_pca256_lexical_w005
99505,10,minibatch_k64,text_pca256_lexical_w005
99506,45,minibatch_k64,text_pca256_lexical_w005
99507,0,minibatch_k64,text_pca256_lexical_w005
99508,0,minibatch_k64,text_pca256_lexical_w005
99509,18,minibatch_k64,text_pca256_lexical_w005
99510,59,minibatch_k64,text_pca256_lexical_w005
99511,18,minibatch_k64,text_pca256_lexical_w005
99512,27,minibatch_k64,text_pca256_lexical_w005
99513,33,minibatch_k64,text_pca256_lexical_w005
99514,59,minibatch_k64,text_pca256_lexical_w005
99515,59,minibatch_k64,text_pca256_lexical_w005
99516,45,minibatch_k64,text_pca256_lexical_w005
99517,2,minibatch_k64,text_pca256_lexical_w005
99518,59,minibatch_k64,text_pca256_lexical_w005
99519,59,minibatch_k64,text_pca256_lexical_w005
99520,10,minibatch_k64,text_pca256_lexical_w005
99521,27,minibatch_k64,text_pca256_lexical_w005
99522,18,minibatch_k64,text_pca256_lexical_w005
99523,59,minibatch_k64,text_pca256_lexical_w005
99524,45,minibatch_k64,text_pca256_lexical_w005
99525,45,minibatch_k64,text_pca256_lexical_w005
99526,62,minibatch_k64,text_pca256_lexical_w005
99527,59,minibatch_k64,text_pca256_lexical_w005
99528,2,minibatch_k64,text_pca256_lexical_w005
99529,0,minibatch_k64,text_pca256_lexical_w005
99530,45,minibatch_k64,text_pca256_lexical_w005
99531,45,minibatch_k64,text_pca256_lexical_w005
99532,45,minibatch_k64,text_pca256_lexical_w005
99533,45,minibatch_k64,text_pca256_lexical_w005
99534,62,minibatch_k64,text_pca256_lexical_w005
99535,0,minibatch_k64,text_pca256_lexical_w005
99536,18,minibatch_k64,text_pca256_lexical_w005
99537,10,minibatch_k64,text_pca256_lexical_w005
99538,8,minibatch_k64,text_pca256_lexical_w005
99539,17,minibatch_k64,text_pca256_lexical_w005
99540,33,minibatch_k64,text_pca256_lexical_w005
99541,8,minibatch_k64,text_pca256_lexical_w005
99542,45,minibatch_k64,text_pca256_lexical_w005
99543,18,minibatch_k64,text_pca256_lexical_w005
99544,17,minibatch_k64,text_pca256_lexical_w005
99545,59,minibatch_k64,text_pca256_lexical_w005
99546,62,minibatch_k64,text_pca256_lexical_w005
99547,41,minibatch_k64,text_pca256_lexical_w005
99548,59,minibatch_k64,text_pca256_lexical_w005
99549,39,minibatch_k64,text_pca256_lexical_w005
99550,59,minibatch_k64,text_pca256_lexical_w005
99551,59,minibatch_k64,text_pca256_lexical_w005
99552,59,minibatch_k64,text_pca256_lexical_w005
99553,0,minibatch_k64,text_pca256_lexical_w005
99554,45,minibatch_k64,text_pca256_lexical_w005
99555,59,minibatch_k64,text_pca256_lexical_w005
99556,59,minibatch_k64,text_pca256_lexical_w005
99557,59,minibatch_k64,text_pca256_lexical_w005
99558,59,minibatch_k64,text_pca256_lexical_w005
99559,45,minibatch_k64,text_pca256_lexical_w005
99560,59,minibatch_k64,text_pca256_lexical_w005
99561,45,minibatch_k64,text_pca256_lexical_w005
99562,59,minibatch_k64,text_pca256_lexical_w005
99563,59,minibatch_k64,text_pca256_lexical_w005
99564,42,minibatch_k64,text_pca256_lexical_w005
99565,0,minibatch_k64,text_pca256_lexical_w005
99566,45,minibatch_k64,text_pca256_lexical_w005
99567,59,minibatch_k64,text_pca256_lexical_w005
99568,59,minibatch_k64,text_pca256_lexical_w005
99569,59,minibatch_k64,text_pca256_lexical_w005
99570,45,minibatch_k64,text_pca256_lexical_w005
99571,42,minibatch_k64,text_pca256_lexical_w005
99572,45,minibatch_k64,text_pca256_lexical_w005
99573,39,minibatch_k64,text_pca256_lexical_w005
99574,59,minibatch_k64,text_pca256_lexical_w005
99575,33,minibatch_k64,text_pca256_lexical_w005
99576,41,minibatch_k64,text_pca256_lexical_w005
99577,59,minibatch_k64,text_pca256_lexical_w005
99578,41,minibatch_k64,text_pca256_lexical_w005
99579,6,minibatch_k64,text_pca256_lexical_w005
99580,39,minibatch_k64,text_pca256_lexical_w005
99581,59,minibatch_k64,text_pca256_lexical_w005
99582,34,minibatch_k64,text_pca256_lexical_w005
99583,21,minibatch_k64,text_pca256_lexical_w005
99584,6,minibatch_k64,text_pca256_lexical_w005
99585,33,minibatch_k64,text_pca256_lexical_w005
99586,8,minibatch_k64,text_pca256_lexical_w005
99587,41,minibatch_k64,text_pca256_lexical_w005
99588,15,minibatch_k64,text_pca256_lexical_w005
99589,41,minibatch_k64,text_pca256_lexical_w005
99590,41,minibatch_k64,text_pca256_lexical_w005
99591,41,minibatch_k64,text_pca256_lexical_w005
99592,21,minibatch_k64,text_pca256_lexical_w005
99593,6,minibatch_k64,text_pca256_lexical_w005
99594,10,minibatch_k64,text_pca256_lexical_w005
99595,10,minibatch_k64,text_pca256_lexical_w005
99596,6,minibatch_k64,text_pca256_lexical_w005
99597,10,minibatch_k64,text_pca256_lexical_w005
99598,8,minibatch_k64,text_pca256_lexical_w005
99599,42,minibatch_k64,text_pca256_lexical_w005
99600,62,minibatch_k64,text_pca256_lexical_w005
99601,0,minibatch_k64,text_pca256_lexical_w005
99602,8,minibatch_k64,text_pca256_lexical_w005
99603,62,minibatch_k64,text_pca256_lexical_w005
99604,10,minibatch_k64,text_pca256_lexical_w005
99605,8,minibatch_k64,text_pca256_lexical_w005
99606,8,minibatch_k64,text_pca256_lexical_w005
99607,45,minibatch_k64,text_pca256_lexical_w005
99608,15,minibatch_k64,text_pca256_lexical_w005
99609,10,minibatch_k64,text_pca256_lexical_w005
99610,15,minibatch_k64,text_pca256_lexical_w005
99611,39,minibatch_k64,text_pca256_lexical_w005
99612,0,minibatch_k64,text_pca256_lexical_w005
99613,59,minibatch_k64,text_pca256_lexical_w005
99614,45,minibatch_k64,text_pca256_lexical_w005
99615,45,minibatch_k64,text_pca256_lexical_w005
99616,8,minibatch_k64,text_pca256_lexical_w005
99617,7,minibatch_k64,text_pca256_lexical_w005
99618,45,minibatch_k64,text_pca256_lexical_w005
99619,59,minibatch_k64,text_pca256_lexical_w005
99620,8,minibatch_k64,text_pca256_lexical_w005
99621,8,minibatch_k64,text_pca256_lexical_w005
99622,42,minibatch_k64,text_pca256_lexical_w005
99623,10,minibatch_k64,text_pca256_lexical_w005
99624,8,minibatch_k64,text_pca256_lexical_w005
99625,62,minibatch_k64,text_pca256_lexical_w005
99626,8,minibatch_k64,text_pca256_lexical_w005
99627,62,minibatch_k64,text_pca256_lexical_w005
99628,8,minibatch_k64,text_pca256_lexical_w005
99629,8,minibatch_k64,text_pca256_lexical_w005
99630,8,minibatch_k64,text_pca256_lexical_w005
99631,5,minibatch_k64,text_pca256_lexical_w005
99632,5,minibatch_k64,text_pca256_lexical_w005
99633,5,minibatch_k64,text_pca256_lexical_w005
99634,5,minibatch_k64,text_pca256_lexical_w005
99635,5,minibatch_k64,text_pca256_lexical_w005
99636,62,minibatch_k64,text_pca256_lexical_w005
99637,5,minibatch_k64,text_pca256_lexical_w005
99638,42,minibatch_k64,text_pca256_lexical_w005
99639,5,minibatch_k64,text_pca256_lexical_w005
99640,6,minibatch_k64,text_pca256_lexical_w005
99641,5,minibatch_k64,text_pca256_lexical_w005
99642,0,minibatch_k64,text_pca256_lexical_w005
99643,62,minibatch_k64,text_pca256_lexical_w005
99644,62,minibatch_k64,text_pca256_lexical_w005
99645,5,minibatch_k64,text_pca256_lexical_w005
99646,8,minibatch_k64,text_pca256_lexical_w005
99647,0,minibatch_k64,text_pca256_lexical_w005
99648,0,minibatch_k64,text_pca256_lexical_w005
99649,42,minibatch_k64,text_pca256_lexical_w005
99650,5,minibatch_k64,text_pca256_lexical_w005
99651,0,minibatch_k64,text_pca256_lexical_w005
99652,23,minibatch_k64,text_pca256_lexical_w005
99653,8,minibatch_k64,text_pca256_lexical_w005
99654,0,minibatch_k64,text_pca256_lexical_w005
99655,62,minibatch_k64,text_pca256_lexical_w005
99656,15,minibatch_k64,text_pca256_lexical_w005
99657,62,minibatch_k64,text_pca256_lexical_w005
99658,62,minibatch_k64,text_pca256_lexical_w005
99659,0,minibatch_k64,text_pca256_lexical_w005
99660,10,minibatch_k64,text_pca256_lexical_w005
99661,42,minibatch_k64,text_pca256_lexical_w005
99662,62,minibatch_k64,text_pca256_lexical_w005
99663,62,minibatch_k64,text_pca256_lexical_w005
99664,8,minibatch_k64,text_pca256_lexical_w005
99665,62,minibatch_k64,text_pca256_lexical_w005
99666,62,minibatch_k64,text_pca256_lexical_w005
99667,8,minibatch_k64,text_pca256_lexical_w005
99668,5,minibatch_k64,text_pca256_lexical_w005
99669,5,minibatch_k64,text_pca256_lexical_w005
99670,5,minibatch_k64,text_pca256_lexical_w005
99671,5,minibatch_k64,text_pca256_lexical_w005
99672,5,minibatch_k64,text_pca256_lexical_w005
99673,5,minibatch_k64,text_pca256_lexical_w005
99674,59,minibatch_k64,text_pca256_lexical_w005
99675,5,minibatch_k64,text_pca256_lexical_w005
99676,5,minibatch_k64,text_pca256_lexical_w005
99677,8,minibatch_k64,text_pca256_lexical_w005
99678,0,minibatch_k64,text_pca256_lexical_w005
99679,62,minibatch_k64,text_pca256_lexical_w005
99680,62,minibatch_k64,text_pca256_lexical_w005
99681,5,minibatch_k64,text_pca256_lexical_w005
99682,46,minibatch_k64,text_pca256_lexical_w005
99683,46,minibatch_k64,text_pca256_lexical_w005
99684,5,minibatch_k64,text_pca256_lexical_w005
99685,5,minibatch_k64,text_pca256_lexical_w005
99686,62,minibatch_k64,text_pca256_lexical_w005
99687,23,minibatch_k64,text_pca256_lexical_w005
99688,0,minibatch_k64,text_pca256_lexical_w005
99689,0,minibatch_k64,text_pca256_lexical_w005
99690,62,minibatch_k64,text_pca256_lexical_w005
99691,62,minibatch_k64,text_pca256_lexical_w005
99692,33,minibatch_k64,text_pca256_lexical_w005
99693,33,minibatch_k64,text_pca256_lexical_w005
99694,42,minibatch_k64,text_pca256_lexical_w005
99695,15,minibatch_k64,text_pca256_lexical_w005
99696,15,minibatch_k64,text_pca256_lexical_w005
99697,2,minibatch_k64,text_pca256_lexical_w005
99698,33,minibatch_k64,text_pca256_lexical_w005
99699,50,minibatch_k64,text_pca256_lexical_w005
99700,0,minibatch_k64,text_pca256_lexical_w005
99701,62,minibatch_k64,text_pca256_lexical_w005
99702,62,minibatch_k64,text_pca256_lexical_w005
99703,15,minibatch_k64,text_pca256_lexical_w005
99704,8,minibatch_k64,text_pca256_lexical_w005
99705,62,minibatch_k64,text_pca256_lexical_w005
99706,5,minibatch_k64,text_pca256_lexical_w005
99707,8,minibatch_k64,text_pca256_lexical_w005
99708,0,minibatch_k64,text_pca256_lexical_w005
99709,0,minibatch_k64,text_pca256_lexical_w005
99710,8,minibatch_k64,text_pca256_lexical_w005
99711,39,minibatch_k64,text_pca256_lexical_w005
99712,5,minibatch_k64,text_pca256_lexical_w005
99713,42,minibatch_k64,text_pca256_lexical_w005
99714,0,minibatch_k64,text_pca256_lexical_w005
99715,33,minibatch_k64,text_pca256_lexical_w005
99716,0,minibatch_k64,text_pca256_lexical_w005
99717,21,minibatch_k64,text_pca256_lexical_w005
99718,45,minibatch_k64,text_pca256_lexical_w005
99719,21,minibatch_k64,text_pca256_lexical_w005
99720,62,minibatch_k64,text_pca256_lexical_w005
99721,56,minibatch_k64,text_pca256_lexical_w005
99722,0,minibatch_k64,text_pca256_lexical_w005
99723,58,minibatch_k64,text_pca256_lexical_w005
99724,25,minibatch_k64,text_pca256_lexical_w005
99725,45,minibatch_k64,text_pca256_lexical_w005
99726,55,minibatch_k64,text_pca256_lexical_w005
99727,23,minibatch_k64,text_pca256_lexical_w005
99728,62,minibatch_k64,text_pca256_lexical_w005
99729,59,minibatch_k64,text_pca256_lexical_w005
99730,5,minibatch_k64,text_pca256_lexical_w005
99731,8,minibatch_k64,text_pca256_lexical_w005
99732,62,minibatch_k64,text_pca256_lexical_w005
99733,62,minibatch_k64,text_pca256_lexical_w005
99734,33,minibatch_k64,text_pca256_lexical_w005
99735,0,minibatch_k64,text_pca256_lexical_w005
99736,2,minibatch_k64,text_pca256_lexical_w005
99737,5,minibatch_k64,text_pca256_lexical_w005
99738,39,minibatch_k64,text_pca256_lexical_w005
99739,42,minibatch_k64,text_pca256_lexical_w005
99740,29,minibatch_k64,text_pca256_lexical_w005
99741,0,minibatch_k64,text_pca256_lexical_w005
99742,62,minibatch_k64,text_pca256_lexical_w005
99743,62,minibatch_k64,text_pca256_lexical_w005
99744,62,minibatch_k64,text_pca256_lexical_w005
99745,33,minibatch_k64,text_pca256_lexical_w005
99746,45,minibatch_k64,text_pca256_lexical_w005
99747,15,minibatch_k64,text_pca256_lexical_w005
99748,62,minibatch_k64,text_pca256_lexical_w005
99749,0,minibatch_k64,text_pca256_lexical_w005
99750,0,minibatch_k64,text_pca256_lexical_w005
99751,0,minibatch_k64,text_pca256_lexical_w005
99752,62,minibatch_k64,text_pca256_lexical_w005
99753,0,minibatch_k64,text_pca256_lexical_w005
99754,0,minibatch_k64,text_pca256_lexical_w005
99755,62,minibatch_k64,text_pca256_lexical_w005
99756,0,minibatch_k64,text_pca256_lexical_w005
99757,18,minibatch_k64,text_pca256_lexical_w005
99758,23,minibatch_k64,text_pca256_lexical_w005
99759,14,minibatch_k64,text_pca256_lexical_w005
99760,0,minibatch_k64,text_pca256_lexical_w005
99761,23,minibatch_k64,text_pca256_lexical_w005
99762,33,minibatch_k64,text_pca256_lexical_w005
99763,0,minibatch_k64,text_pca256_lexical_w005
99764,0,minibatch_k64,text_pca256_lexical_w005
99765,5,minibatch_k64,text_pca256_lexical_w005
99766,59,minibatch_k64,text_pca256_lexical_w005
99767,5,minibatch_k64,text_pca256_lexical_w005
99768,8,minibatch_k64,text_pca256_lexical_w005
99769,56,minibatch_k64,text_pca256_lexical_w005
99770,15,minibatch_k64,text_pca256_lexical_w005
99771,8,minibatch_k64,text_pca256_lexical_w005
99772,8,minibatch_k64,text_pca256_lexical_w005
99773,0,minibatch_k64,text_pca256_lexical_w005
99774,0,minibatch_k64,text_pca256_lexical_w005
99775,23,minibatch_k64,text_pca256_lexical_w005
99776,33,minibatch_k64,text_pca256_lexical_w005
99777,15,minibatch_k64,text_pca256_lexical_w005
99778,8,minibatch_k64,text_pca256_lexical_w005
99779,38,minibatch_k64,text_pca256_lexical_w005
99780,25,minibatch_k64,text_pca256_lexical_w005
99781,45,minibatch_k64,text_pca256_lexical_w005
99782,55,minibatch_k64,text_pca256_lexical_w005
99783,46,minibatch_k64,text_pca256_lexical_w005
99784,33,minibatch_k64,text_pca256_lexical_w005
99785,42,minibatch_k64,text_pca256_lexical_w005
99786,10,minibatch_k64,text_pca256_lexical_w005
99787,42,minibatch_k64,text_pca256_lexical_w005
99788,33,minibatch_k64,text_pca256_lexical_w005
99789,15,minibatch_k64,text_pca256_lexical_w005
99790,8,minibatch_k64,text_pca256_lexical_w005
99791,33,minibatch_k64,text_pca256_lexical_w005
99792,10,minibatch_k64,text_pca256_lexical_w005
99793,0,minibatch_k64,text_pca256_lexical_w005
99794,46,minibatch_k64,text_pca256_lexical_w005
99795,10,minibatch_k64,text_pca256_lexical_w005
99796,10,minibatch_k64,text_pca256_lexical_w005
99797,10,minibatch_k64,text_pca256_lexical_w005
99798,8,minibatch_k64,text_pca256_lexical_w005
99799,61,minibatch_k64,text_pca256_lexical_w005
99800,0,minibatch_k64,text_pca256_lexical_w005
99801,23,minibatch_k64,text_pca256_lexical_w005
99802,33,minibatch_k64,text_pca256_lexical_w005
99803,33,minibatch_k64,text_pca256_lexical_w005
99804,42,minibatch_k64,text_pca256_lexical_w005
99805,14,minibatch_k64,text_pca256_lexical_w005
99806,0,minibatch_k64,text_pca256_lexical_w005
99807,42,minibatch_k64,text_pca256_lexical_w005
99808,0,minibatch_k64,text_pca256_lexical_w005
99809,23,minibatch_k64,text_pca256_lexical_w005
99810,8,minibatch_k64,text_pca256_lexical_w005
99811,62,minibatch_k64,text_pca256_lexical_w005
99812,0,minibatch_k64,text_pca256_lexical_w005
99813,53,minibatch_k64,text_pca256_lexical_w005
99814,56,minibatch_k64,text_pca256_lexical_w005
99815,3,minibatch_k64,text_pca256_lexical_w005
99816,5,minibatch_k64,text_pca256_lexical_w005
99817,0,minibatch_k64,text_pca256_lexical_w005
99818,38,minibatch_k64,text_pca256_lexical_w005
99819,45,minibatch_k64,text_pca256_lexical_w005
99820,55,minibatch_k64,text_pca256_lexical_w005
99821,59,minibatch_k64,text_pca256_lexical_w005
99822,15,minibatch_k64,text_pca256_lexical_w005
99823,15,minibatch_k64,text_pca256_lexical_w005
99824,0,minibatch_k64,text_pca256_lexical_w005
99825,0,minibatch_k64,text_pca256_lexical_w005
99826,62,minibatch_k64,text_pca256_lexical_w005
99827,62,minibatch_k64,text_pca256_lexical_w005
99828,8,minibatch_k64,text_pca256_lexical_w005
99829,0,minibatch_k64,text_pca256_lexical_w005
99830,0,minibatch_k64,text_pca256_lexical_w005
99831,33,minibatch_k64,text_pca256_lexical_w005
99832,18,minibatch_k64,text_pca256_lexical_w005
99833,15,minibatch_k64,text_pca256_lexical_w005
99834,15,minibatch_k64,text_pca256_lexical_w005
99835,8,minibatch_k64,text_pca256_lexical_w005
99836,62,minibatch_k64,text_pca256_lexical_w005
99837,10,minibatch_k64,text_pca256_lexical_w005
99838,33,minibatch_k64,text_pca256_lexical_w005
99839,33,minibatch_k64,text_pca256_lexical_w005
99840,59,minibatch_k64,text_pca256_lexical_w005
99841,42,minibatch_k64,text_pca256_lexical_w005
99842,8,minibatch_k64,text_pca256_lexical_w005
99843,62,minibatch_k64,text_pca256_lexical_w005
99844,62,minibatch_k64,text_pca256_lexical_w005
99845,21,minibatch_k64,text_pca256_lexical_w005
99846,0,minibatch_k64,text_pca256_lexical_w005
99847,0,minibatch_k64,text_pca256_lexical_w005
99848,14,minibatch_k64,text_pca256_lexical_w005
99849,0,minibatch_k64,text_pca256_lexical_w005
99850,8,minibatch_k64,text_pca256_lexical_w005
99851,62,minibatch_k64,text_pca256_lexical_w005
99852,0,minibatch_k64,text_pca256_lexical_w005
99853,0,minibatch_k64,text_pca256_lexical_w005
99854,50,minibatch_k64,text_pca256_lexical_w005
99855,50,minibatch_k64,text_pca256_lexical_w005
99856,42,minibatch_k64,text_pca256_lexical_w005
99857,21,minibatch_k64,text_pca256_lexical_w005
99858,62,minibatch_k64,text_pca256_lexical_w005
99859,3,minibatch_k64,text_pca256_lexical_w005
99860,8,minibatch_k64,text_pca256_lexical_w005
99861,21,minibatch_k64,text_pca256_lexical_w005
99862,5,minibatch_k64,text_pca256_lexical_w005
99863,33,minibatch_k64,text_pca256_lexical_w005
99864,0,minibatch_k64,text_pca256_lexical_w005
99865,8,minibatch_k64,text_pca256_lexical_w005
99866,59,minibatch_k64,text_pca256_lexical_w005
99867,59,minibatch_k64,text_pca256_lexical_w005
99868,50,minibatch_k64,text_pca256_lexical_w005
99869,50,minibatch_k64,text_pca256_lexical_w005
99870,21,minibatch_k64,text_pca256_lexical_w005
99871,0,minibatch_k64,text_pca256_lexical_w005
99872,0,minibatch_k64,text_pca256_lexical_w005
99873,2,minibatch_k64,text_pca256_lexical_w005
99874,62,minibatch_k64,text_pca256_lexical_w005
99875,23,minibatch_k64,text_pca256_lexical_w005
99876,47,minibatch_k64,text_pca256_lexical_w005
99877,38,minibatch_k64,text_pca256_lexical_w005
99878,15,minibatch_k64,text_pca256_lexical_w005
99879,23,minibatch_k64,text_pca256_lexical_w005
99880,10,minibatch_k64,text_pca256_lexical_w005
99881,0,minibatch_k64,text_pca256_lexical_w005
99882,55,minibatch_k64,text_pca256_lexical_w005
99883,62,minibatch_k64,text_pca256_lexical_w005
99884,2,minibatch_k64,text_pca256_lexical_w005
99885,21,minibatch_k64,text_pca256_lexical_w005
99886,62,minibatch_k64,text_pca256_lexical_w005
99887,0,minibatch_k64,text_pca256_lexical_w005
99888,59,minibatch_k64,text_pca256_lexical_w005
99889,50,minibatch_k64,text_pca256_lexical_w005
99890,50,minibatch_k64,text_pca256_lexical_w005
99891,0,minibatch_k64,text_pca256_lexical_w005
99892,4,minibatch_k64,text_pca256_lexical_w005
99893,0,minibatch_k64,text_pca256_lexical_w005
99894,8,minibatch_k64,text_pca256_lexical_w005
99895,59,minibatch_k64,text_pca256_lexical_w005
99896,62,minibatch_k64,text_pca256_lexical_w005
99897,0,minibatch_k64,text_pca256_lexical_w005
99898,4,minibatch_k64,text_pca256_lexical_w005
99899,0,minibatch_k64,text_pca256_lexical_w005
99900,62,minibatch_k64,text_pca256_lexical_w005
99901,0,minibatch_k64,text_pca256_lexical_w005
99902,15,minibatch_k64,text_pca256_lexical_w005
99903,15,minibatch_k64,text_pca256_lexical_w005
99904,23,minibatch_k64,text_pca256_lexical_w005
99905,8,minibatch_k64,text_pca256_lexical_w005
99906,8,minibatch_k64,text_pca256_lexical_w005
99907,8,minibatch_k64,text_pca256_lexical_w005
99908,10,minibatch_k64,text_pca256_lexical_w005
99909,0,minibatch_k64,text_pca256_lexical_w005
99910,10,minibatch_k64,text_pca256_lexical_w005
99911,21,minibatch_k64,text_pca256_lexical_w005
99912,0,minibatch_k64,text_pca256_lexical_w005
99913,10,minibatch_k64,text_pca256_lexical_w005
99914,8,minibatch_k64,text_pca256_lexical_w005
99915,5,minibatch_k64,text_pca256_lexical_w005
99916,62,minibatch_k64,text_pca256_lexical_w005
99917,62,minibatch_k64,text_pca256_lexical_w005
99918,0,minibatch_k64,text_pca256_lexical_w005
99919,47,minibatch_k64,text_pca256_lexical_w005
99920,10,minibatch_k64,text_pca256_lexical_w005
99921,0,minibatch_k64,text_pca256_lexical_w005
99922,62,minibatch_k64,text_pca256_lexical_w005
99923,0,minibatch_k64,text_pca256_lexical_w005
99924,15,minibatch_k64,text_pca256_lexical_w005
99925,8,minibatch_k64,text_pca256_lexical_w005
99926,10,minibatch_k64,text_pca256_lexical_w005
99927,33,minibatch_k64,text_pca256_lexical_w005
99928,10,minibatch_k64,text_pca256_lexical_w005
99929,62,minibatch_k64,text_pca256_lexical_w005
99930,15,minibatch_k64,text_pca256_lexical_w005
99931,15,minibatch_k64,text_pca256_lexical_w005
99932,15,minibatch_k64,text_pca256_lexical_w005
99933,42,minibatch_k64,text_pca256_lexical_w005
99934,62,minibatch_k64,text_pca256_lexical_w005
99935,62,minibatch_k64,text_pca256_lexical_w005
99936,62,minibatch_k64,text_pca256_lexical_w005
99937,33,minibatch_k64,text_pca256_lexical_w005
99938,62,minibatch_k64,text_pca256_lexical_w005
99939,0,minibatch_k64,text_pca256_lexical_w005
99940,14,minibatch_k64,text_pca256_lexical_w005
99941,0,minibatch_k64,text_pca256_lexical_w005
99942,50,minibatch_k64,text_pca256_lexical_w005
99943,15,minibatch_k64,text_pca256_lexical_w005
99944,50,minibatch_k64,text_pca256_lexical_w005
99945,8,minibatch_k64,text_pca256_lexical_w005
99946,0,minibatch_k64,text_pca256_lexical_w005
99947,42,minibatch_k64,text_pca256_lexical_w005
99948,15,minibatch_k64,text_pca256_lexical_w005
99949,59,minibatch_k64,text_pca256_lexical_w005
99950,8,minibatch_k64,text_pca256_lexical_w005
99951,42,minibatch_k64,text_pca256_lexical_w005
99952,33,minibatch_k64,text_pca256_lexical_w005
99953,0,minibatch_k64,text_pca256_lexical_w005
99954,58,minibatch_k64,text_pca256_lexical_w005
99955,25,minibatch_k64,text_pca256_lexical_w005
99956,0,minibatch_k64,text_pca256_lexical_w005
99957,62,minibatch_k64,text_pca256_lexical_w005
99958,55,minibatch_k64,text_pca256_lexical_w005
99959,8,minibatch_k64,text_pca256_lexical_w005
99960,22,minibatch_k64,text_pca256_lexical_w005
99961,8,minibatch_k64,text_pca256_lexical_w005
99962,4,minibatch_k64,text_pca256_lexical_w005
99963,0,minibatch_k64,text_pca256_lexical_w005
99964,4,minibatch_k64,text_pca256_lexical_w005
99965,0,minibatch_k64,text_pca256_lexical_w005
99966,10,minibatch_k64,text_pca256_lexical_w005
99967,4,minibatch_k64,text_pca256_lexical_w005
99968,45,minibatch_k64,text_pca256_lexical_w005
99969,15,minibatch_k64,text_pca256_lexical_w005
99970,42,minibatch_k64,text_pca256_lexical_w005
99971,62,minibatch_k64,text_pca256_lexical_w005
99972,0,minibatch_k64,text_pca256_lexical_w005
99973,45,minibatch_k64,text_pca256_lexical_w005
99974,62,minibatch_k64,text_pca256_lexical_w005
99975,8,minibatch_k64,text_pca256_lexical_w005
99976,42,minibatch_k64,text_pca256_lexical_w005
99977,56,minibatch_k64,text_pca256_lexical_w005
99978,23,minibatch_k64,text_pca256_lexical_w005
99979,5,minibatch_k64,text_pca256_lexical_w005
99980,8,minibatch_k64,text_pca256_lexical_w005
99981,33,minibatch_k64,text_pca256_lexical_w005
99982,8,minibatch_k64,text_pca256_lexical_w005
99983,33,minibatch_k64,text_pca256_lexical_w005
99984,62,minibatch_k64,text_pca256_lexical_w005
99985,42,minibatch_k64,text_pca256_lexical_w005
99986,62,minibatch_k64,text_pca256_lexical_w005
99987,0,minibatch_k64,text_pca256_lexical_w005
99988,0,minibatch_k64,text_pca256_lexical_w005
99989,62,minibatch_k64,text_pca256_lexical_w005
99990,8,minibatch_k64,text_pca256_lexical_w005
99991,10,minibatch_k64,text_pca256_lexical_w005
99992,42,minibatch_k64,text_pca256_lexical_w005
99993,14,minibatch_k64,text_pca256_lexical_w005
99994,8,minibatch_k64,text_pca256_lexical_w005
99995,10,minibatch_k64,text_pca256_lexical_w005
99996,33,minibatch_k64,text_pca256_lexical_w005
99997,45,minibatch_k64,text_pca256_lexical_w005
99998,10,minibatch_k64,text_pca256_lexical_w005
99999,15,minibatch_k64,text_pca256_lexical_w005
